62,1000,30.000000,0.000000,1,0,170000771,467,4,467,4,1,16,0
62,1000,30.000000,0.000000,1,0,170000774,467,4,467,4,1,16,0
62,1000,30.000000,0.000000,1,0,170000781,467,4,467,4,1,16,0
62,1000,30.000000,0.000000,1,0,170000788,467,4,467,4,1,16,0
62,1000,30.000000,0.000000,1,0,170000794,467,4,467,4,1,16,0
62,1000,30.000000,0.000000,1,0,170000800,467,4,467,4,1,16,0
62,1000,30.000000,0.000000,1,0,170000806,467,4,467,4,1,16,0
62,1000,30.000000,0.000000,1,0,170000813,467,4,467,4,1,16,0
62,1000,30.000000,0.000000,1,0,170000820,467,4,467,4,1,16,0
62,1000,30.000000,0.000000,1,0,170000827,467,4,467,4,1,16,0
62,1000,30.000000,0.000000,1,0,170000834,467,4,467,4,1,16,0
62,1000,30.000000,0.000000,1,0,170000841,467,4,467,4,1,16,0
62,1000,30.000000,0.000000,1,0,170000848,467,6,467,6,1,16,0
62,1000,30.000000,0.000000,1,0,170000855,467,9,467,9,1,16,0
62,1000,30.000000,0.000000,1,0,170000862,468,12,468,12,1,16,0
62,1000,30.000000,0.000000,1,0,170000869,470,16,470,16,1,16,0
62,1000,30.000000,0.000000,1,0,170000876,473,21,473,21,1,16,0
62,1000,30.000000,0.000000,1,0,170000882,478,26,478,26,1,16,0
62,1000,30.000000,0.000000,1,0,170000889,485,34,485,34,1,16,0
62,1000,30.000000,0.000000,1,0,170000897,496,43,496,43,1,16,0
62,1000,30.000000,0.000000,1,0,170000903,515,56,515,56,1,16,0
62,1000,30.000000,0.000000,1,0,170000911,536,69,536,69,1,16,0
62,1000,30.000000,0.000000,1,0,170000918,567,85,567,85,1,16,0
62,1000,30.000000,0.000000,1,0,170000924,602,99,602,99,1,16,0
62,1000,30.000000,0.000000,1,0,170000931,635,108,635,108,1,16,0
62,1000,30.000000,0.000000,1,0,170000938,674,117,674,117,1,16,0
62,1000,30.000000,0.000000,1,0,170000946,728,129,728,129,1,16,0
62,1000,30.000000,0.000000,1,0,170000952,785,138,785,138,1,16,0
62,1000,30.000000,0.000000,1,0,170000959,827,144,827,144,1,16,0
62,1000,30.000000,0.000000,1,0,170000965,882,149,882,149,1,16,0
62,1000,30.000000,0.000000,1,0,170000973,934,153,934,153,1,16,0
62,1000,30.000000,0.000000,1,0,170000979,992,155,992,155,1,16,0
62,1000,30.000000,0.000000,1,0,170000986,1040,157,1040,157,1,16,0
62,1000,30.000000,0.000000,1,0,170000994,1085,158,1085,158,1,16,0
62,1000,30.000000,0.000000,1,0,170001000,1133,159,1133,159,1,16,0
62,1000,30.000000,0.000000,1,0,170001008,1175,159,1175,159,1,16,0
62,1000,30.000000,0.000000,1,0,170001014,1216,159,1216,159,1,16,0
62,1000,30.000000,0.000000,1,0,170001022,1256,157,1256,157,1,16,0
62,1000,30.000000,0.000000,1,0,170001028,1295,154,1295,154,1,16,0
62,1000,30.000000,0.000000,1,0,170001036,1324,150,1324,150,1,16,0
62,1000,30.000000,0.000000,1,0,170001042,1353,146,1353,146,1,16,0
62,1000,30.000000,0.000000,1,0,170001049,1376,143,1376,143,1,16,0
62,1000,30.000000,0.000000,1,0,170001057,1395,140,1395,140,1,16,0
62,1000,30.000000,0.000000,1,0,170001063,1408,136,1408,136,1,16,0
62,1000,30.000000,0.000000,1,0,170001070,1419,132,1419,132,1,16,0
62,1000,30.000000,0.000000,1,0,170001077,1427,130,1427,130,1,16,0
62,1000,30.000000,0.000000,1,0,170001084,1436,126,1436,126,1,16,0
62,1000,30.000000,0.000000,1,0,170001090,1441,124,1441,124,1,16,0
62,1000,30.000000,0.000000,1,0,170001098,1446,122,1446,122,1,16,0
62,1000,30.000000,0.000000,1,0,170001105,1450,120,1450,120,1,16,0
62,1000,30.000000,0.000000,1,0,170001111,1453,117,1453,117,1,16,0
62,1000,30.000000,0.000000,1,0,170001118,1456,115,1456,115,1,16,0
62,1000,30.000000,0.000000,1,0,170001125,1458,112,1458,112,1,16,0
62,1000,30.000000,0.000000,1,0,170001133,1460,109,1460,109,1,16,0
62,1000,30.000000,0.000000,1,0,170001139,1460,106,1460,106,1,16,0
62,1000,30.000000,0.000000,1,0,170001147,1460,103,1460,103,1,16,0
62,1000,30.000000,0.000000,1,0,170001153,1460,100,1460,100,1,16,0
62,1000,30.000000,0.000000,1,0,170001160,1460,98,1460,98,1,16,0
62,1000,30.000000,0.000000,1,0,170001167,1460,96,1460,96,1,16,0
62,1000,30.000000,0.000000,1,0,170001174,1460,94,1460,94,1,16,0
62,1000,30.000000,0.000000,1,0,170001181,1460,92,1460,92,1,16,0
62,1000,30.000000,0.000000,1,0,170001188,1460,91,1460,91,1,16,0
62,1000,30.000000,0.000000,1,0,170001195,1461,89,1461,89,1,16,0
62,1000,30.000000,0.000000,1,0,170001202,1461,87,1461,87,1,16,0
62,1000,30.000000,0.000000,1,0,170001209,1462,85,1462,85,1,16,0
62,1000,30.000000,0.000000,1,0,170001216,1462,82,1462,82,1,16,0
62,1000,30.000000,0.000000,1,0,170001223,1463,80,1463,80,1,16,0
62,1000,30.000000,0.000000,1,0,170001230,1463,78,1463,78,1,16,0
62,1000,30.000000,0.000000,1,0,170001237,1463,76,1463,76,1,16,0
62,1000,30.000000,0.000000,1,0,170001243,1463,74,1463,74,1,16,0
62,1000,30.000000,0.000000,1,0,170001250,1463,72,1463,72,1,16,0
62,1000,30.000000,0.000000,1,0,170001258,1462,69,1462,69,1,16,0
62,1000,30.000000,0.000000,1,0,170001264,1462,66,1462,66,1,16,0
62,1000,30.000000,0.000000,1,0,170001271,1462,63,1462,63,1,16,0
62,1000,30.000000,0.000000,1,0,170001278,1462,60,1462,60,1,16,0
62,1000,30.000000,0.000000,1,0,170001285,1462,57,1462,57,1,16,0
62,1000,30.000000,0.000000,1,0,170001293,1462,54,1462,54,1,16,0
62,1000,30.000000,0.000000,1,0,170001299,1462,52,1462,52,1,16,0
62,1000,30.000000,0.000000,1,0,170001306,1462,49,1462,49,1,16,0
62,1000,30.000000,0.000000,1,0,170001313,1462,46,1462,46,1,16,0
62,1000,30.000000,0.000000,1,0,170001320,1462,40,1462,40,1,16,0
62,1000,30.000000,0.000000,1,0,170001327,1462,37,1462,37,1,16,0
62,1000,30.000000,0.000000,1,0,170001334,1462,35,1462,35,1,16,0
62,1000,30.000000,0.000000,1,0,170001341,1462,34,1462,34,1,16,0
62,1000,30.000000,0.000000,1,0,170001347,1462,32,1462,32,1,16,0
62,1000,30.000000,0.000000,1,0,170001354,1462,30,1462,30,1,16,0
62,1000,30.000000,0.000000,1,0,170001362,1462,28,1462,28,1,16,0
62,1000,30.000000,0.000000,1,0,170001368,1462,26,1462,26,1,16,0
62,1000,30.000000,0.000000,1,0,170001375,1462,24,1462,24,1,16,0
62,1000,30.000000,0.000000,1,0,170001383,1462,23,1462,23,1,16,0
62,1000,30.000000,0.000000,1,0,170001398,1462,22,1462,22,1,16,0
62,1000,30.000000,0.000000,1,0,170001407,1461,20,1461,20,1,16,0
62,1000,30.000000,0.000000,1,0,170001415,1461,19,1461,19,1,16,0
62,1000,30.000000,0.000000,1,0,170001421,1460,19,1460,19,1,16,0
62,1000,30.000000,0.000000,1,0,170001427,1460,18,1460,18,1,16,0
62,1000,30.000000,0.000000,1,0,170001433,1460,18,1460,18,1,16,0
62,1000,30.000000,0.000000,1,0,170001439,1460,18,1460,18,1,16,0
62,1000,30.000000,0.000000,1,0,170001445,1460,18,1460,18,1,16,0
62,1000,30.000000,0.000000,1,0,170001452,1460,18,1460,18,1,16,0
62,1000,30.000000,0.000000,1,0,170001459,1460,18,1460,18,1,16,0
62,1000,30.000000,0.000000,1,0,170001466,1460,18,1460,18,1,16,0
62,1000,30.000000,0.000000,1,0,170001473,1460,18,1460,18,1,16,0
62,1000,30.000000,0.000000,1,0,170001514,1460,18,1460,18,0,16,0
