62,1000,30.000000,60.000000,0,0,170131148,468,0,468,0,0,24,2
62,1000,30.000000,60.000000,0,0,170131150,468,0,468,0,0,24,2
62,1000,30.000000,60.000000,0,0,170131157,468,0,468,0,0,24,2
62,1000,30.000000,60.000000,0,0,170131164,468,0,468,0,0,24,2
62,1000,30.000000,60.000000,0,0,170131171,468,0,468,0,0,24,2
62,1000,30.000000,60.000000,0,0,170131186,468,0,468,0,0,24,2
62,1000,30.000000,60.000000,0,0,170131195,468,0,468,0,0,24,2
62,1000,30.000000,60.000000,0,0,170131203,468,0,468,0,0,24,2
62,1000,30.000000,60.000000,0,0,170131209,468,0,468,0,0,24,2
62,1000,30.000000,60.000000,0,0,170131215,468,0,468,0,0,24,2
62,1000,30.000000,60.000000,0,0,170131221,468,0,468,0,0,24,2
62,1000,30.000000,60.000000,0,0,170131227,468,0,468,0,0,24,2
62,1000,30.000000,60.000000,0,0,170131233,468,0,468,0,0,24,2
62,1000,30.000000,60.000000,0,0,170131240,468,0,468,0,0,24,2
62,1000,30.000000,60.000000,0,0,170131247,468,0,468,0,0,24,2
62,1000,30.000000,60.000000,0,0,170131254,468,0,468,0,0,24,2
62,1000,30.000000,60.000000,0,0,170131261,468,0,468,0,0,24,2
62,1000,30.000000,60.000000,0,0,170131268,469,0,469,0,0,24,2
62,1000,30.000000,60.000000,0,0,170131276,471,0,471,0,0,24,2
62,1000,30.000000,60.000000,0,0,170131285,473,0,473,0,0,24,2
62,1000,30.000000,60.000000,0,0,170131293,478,0,478,-1,0,24,2
62,1000,30.000000,60.000000,0,0,170131300,486,0,486,-1,0,24,2
62,1000,30.000000,60.000000,0,0,170131306,497,0,497,-2,0,24,2
62,1000,30.000000,60.000000,0,0,170131312,509,0,509,-3,0,24,2
62,1000,30.000000,60.000000,0,0,170131318,525,0,525,-4,0,24,2
62,1000,30.000000,60.000000,0,0,170131324,542,0,542,-5,0,24,2
62,1000,30.000000,60.000000,0,0,170131331,564,0,564,-6,0,24,2
62,1000,30.000000,60.000000,0,0,170131338,593,0,593,-7,0,24,2
62,1000,30.000000,60.000000,0,0,170131344,634,0,634,-8,0,24,2
62,1000,30.000000,60.000000,0,0,170131351,677,0,677,-10,0,24,2
62,1000,30.000000,60.000000,0,0,170131358,740,0,740,-14,0,24,2
62,1000,30.000000,60.000000,0,0,170131365,794,0,794,-17,0,24,2
62,1000,30.000000,60.000000,0,0,170131372,858,0,858,-21,0,24,2
62,1000,30.000000,60.000000,0,0,170131379,921,0,921,-26,0,24,2
62,1000,30.000000,60.000000,0,0,170131386,990,0,990,-31,0,24,2
62,1000,30.000000,60.000000,0,0,170131393,1045,0,1045,-37,0,24,2
62,1000,30.000000,60.000000,0,0,170131400,1099,0,1099,-42,0,24,2
62,1000,30.000000,60.000000,0,0,170131407,1151,0,1151,-48,0,24,2
62,1000,30.000000,60.000000,0,0,170131414,1204,0,1204,-54,0,24,2
62,1000,30.000000,60.000000,0,0,170131421,1258,0,1258,-60,0,24,2
62,1000,30.000000,60.000000,0,0,170131437,1304,0,1304,-66,0,24,2
62,1000,30.000000,60.000000,0,0,170131447,1374,0,1374,-78,0,24,2
62,1000,30.000000,60.000000,0,0,170131455,1404,0,1404,-83,0,24,2
62,1000,30.000000,60.000000,0,0,170131463,1417,0,1417,-86,0,24,2
62,1000,30.000000,60.000000,0,0,170131469,1428,0,1428,-88,0,24,2
62,1000,30.000000,60.000000,0,0,170131476,1432,0,1432,-89,0,24,2
62,1000,30.000000,60.000000,0,0,170131483,1435,0,1435,-89,0,24,2
62,1000,30.000000,60.000000,0,0,170131490,1437,0,1437,-89,0,24,2
62,1000,30.000000,60.000000,0,0,170131497,1440,0,1440,-89,0,24,2
62,1000,30.000000,60.000000,0,0,170131504,1440,0,1440,-89,0,24,2
62,1000,30.000000,60.000000,0,0,170131511,1440,0,1440,-89,0,24,2
62,1000,30.000000,60.000000,0,0,170131518,1440,0,1440,-89,0,24,2
62,1000,30.000000,60.000000,0,0,170131525,1440,0,1440,-89,0,24,2
62,1000,30.000000,60.000000,0,0,170131532,1440,0,1440,-89,0,24,2
62,1000,30.000000,60.000000,0,0,170131539,1440,0,1440,-89,0,24,2
62,1000,30.000000,60.000000,0,0,170131545,1440,0,1440,-89,0,24,2
62,1000,30.000000,60.000000,0,0,170131561,1440,0,1440,-89,0,24,2
62,1000,30.000000,60.000000,0,0,170131570,1440,0,1440,-89,0,24,2
62,1000,30.000000,60.000000,0,0,170131578,1440,0,1440,-89,0,24,2
62,1000,30.000000,60.000000,0,0,170131584,1440,0,1440,-89,0,24,2
62,1000,30.000000,60.000000,0,0,170131590,1441,0,1441,-89,0,24,2
62,1000,30.000000,60.000000,0,0,170131596,1441,0,1441,-89,0,24,2
62,1000,30.000000,60.000000,0,0,170131602,1441,0,1441,-89,0,24,2
62,1000,30.000000,60.000000,0,0,170131608,1441,0,1441,-89,0,24,2
62,1000,30.000000,60.000000,0,0,170131615,1441,0,1441,-89,0,24,2
62,1000,30.000000,60.000000,0,0,170131622,1442,0,1442,-89,0,24,2
62,1000,30.000000,60.000000,0,0,170131629,1444,0,1444,-89,0,24,2
62,1000,30.000000,60.000000,0,0,170131636,1446,0,1446,-89,0,24,2
62,1000,30.000000,60.000000,0,0,170131647,1449,0,1449,-89,0,24,2
62,1000,30.000000,60.000000,0,0,170131653,1455,1,1455,-88,0,24,2
62,1000,30.000000,60.000000,0,0,170131659,1458,1,1458,-88,0,24,2
62,1000,30.000000,60.000000,0,0,170131665,1462,1,1462,-88,0,24,2
62,1000,30.000000,60.000000,0,0,170131672,1469,1,1469,-88,0,24,2
62,1000,30.000000,60.000000,0,0,170131677,1472,1,1472,-88,0,24,2
62,1000,30.000000,60.000000,0,0,170131685,1474,1,1474,-88,0,24,2
62,1000,30.000000,60.000000,0,0,170131691,1476,1,1476,-88,0,24,2
62,1000,30.000000,60.000000,0,0,170131698,1477,1,1477,-88,0,24,2
62,1000,30.000000,60.000000,0,0,170131705,1477,1,1477,-88,0,24,2
62,1000,30.000000,60.000000,0,0,170131721,1478,1,1478,-88,0,24,2
62,1000,30.000000,60.000000,0,0,170131730,1478,1,1478,-88,0,24,2
62,1000,30.000000,60.000000,0,0,170131738,1478,1,1478,-88,0,24,2
62,1000,30.000000,60.000000,0,0,170131744,1478,1,1478,-88,0,24,2
62,1000,30.000000,60.000000,0,0,170131750,1478,1,1478,-88,0,24,2
62,1000,30.000000,60.000000,0,0,170131756,1478,1,1478,-88,0,24,2
62,1000,30.000000,60.000000,0,0,170131762,1478,1,1478,-88,0,24,2
62,1000,30.000000,60.000000,0,0,170131768,1478,1,1478,-88,0,24,2
62,1000,30.000000,60.000000,0,0,170131775,1478,1,1478,-88,0,24,2
62,1000,30.000000,60.000000,0,0,170131781,1478,1,1478,-88,0,24,2
62,1000,30.000000,60.000000,0,0,170131789,1478,1,1478,-88,0,24,2
62,1000,30.000000,60.000000,0,0,170131796,1478,1,1478,-88,0,24,2
62,1000,30.000000,60.000000,0,0,170131811,1478,1,1478,-88,0,24,2
62,1000,30.000000,60.000000,0,0,170131820,1478,1,1478,-88,0,24,2
62,1000,30.000000,60.000000,0,0,170131828,1478,1,1478,-88,0,24,2
62,1000,30.000000,60.000000,0,0,170131834,1478,1,1478,-88,0,24,2
62,1000,30.000000,60.000000,0,0,170131840,1478,1,1478,-88,0,24,2
62,1000,30.000000,60.000000,0,0,170131846,1478,1,1478,-88,0,24,2
62,1000,30.000000,60.000000,0,0,170131852,1478,1,1478,-88,0,24,2
62,1000,30.000000,60.000000,0,0,170131858,1478,1,1478,-88,0,24,2
62,1000,30.000000,60.000000,0,0,170131865,1478,1,1478,-88,0,24,2
62,1000,30.000000,60.000000,0,0,170131872,1478,1,1478,-88,0,24,2
62,1000,30.000000,60.000000,0,0,170131879,1477,1,1477,-88,0,24,2
62,1000,30.000000,60.000000,0,0,170131886,1476,1,1476,-88,0,24,2
62,1000,30.000000,60.000000,0,0,170131893,1473,0,1473,-89,0,24,2
62,1000,30.000000,60.000000,0,0,170131900,1470,0,1470,-89,0,24,2
62,1000,30.000000,60.000000,0,0,170131907,1467,0,1467,-90,0,24,2
62,1000,30.000000,60.000000,0,0,170131914,1464,0,1464,-90,0,24,2
62,1000,30.000000,60.000000,0,0,170131921,1463,0,1463,-90,0,24,2
62,1000,30.000000,60.000000,0,0,170131937,1461,0,1461,-90,0,24,2
62,1000,30.000000,60.000000,0,0,170131945,1460,0,1460,-90,0,24,2
62,1000,30.000000,60.000000,0,0,170131953,1460,0,1460,-90,0,24,2
62,1000,30.000000,60.000000,0,0,170131959,1460,0,1460,-90,0,24,2
62,1000,30.000000,60.000000,0,0,170131965,1460,0,1460,-90,0,24,2
62,1000,30.000000,60.000000,0,0,170131971,1460,0,1460,-90,0,24,2
62,1000,30.000000,60.000000,0,0,170131977,1460,0,1460,-90,0,24,2
62,1000,30.000000,60.000000,0,0,170131983,1460,0,1460,-90,0,24,2
62,1000,30.000000,60.000000,0,0,170131990,1460,0,1460,-90,0,24,2
62,1000,30.000000,60.000000,0,0,170131997,1460,0,1460,-90,0,24,2
62,1000,30.000000,60.000000,0,0,170132004,1460,0,1460,-90,0,24,2
62,1000,30.000000,60.000000,0,0,170132011,1460,0,1460,-90,0,24,2
62,1000,30.000000,60.000000,0,0,170132018,1460,0,1460,-90,0,24,2
62,1000,30.000000,60.000000,0,0,170132049,1460,0,1460,-90,0,24,2
