62,1000,30.000000,60.000000,0,0,170207208,465,0,465,0,0,36,2
62,1000,30.000000,60.000000,0,0,170207210,465,0,465,0,0,36,2
62,1000,30.000000,60.000000,0,0,170207216,465,0,465,0,0,36,2
62,1000,30.000000,60.000000,0,0,170207222,465,0,465,0,0,36,2
62,1000,30.000000,60.000000,0,0,170207228,465,0,465,0,0,36,2
62,1000,30.000000,60.000000,0,0,170207234,465,0,465,0,0,36,2
62,1000,30.000000,60.000000,0,0,170207240,465,0,465,0,0,36,2
62,1000,30.000000,60.000000,0,0,170207246,465,0,465,0,0,36,2
62,1000,30.000000,60.000000,0,0,170207252,465,0,465,0,0,36,2
62,1000,30.000000,60.000000,0,0,170207259,465,0,465,0,0,36,2
62,1000,30.000000,60.000000,0,0,170207266,465,0,465,0,0,36,2
62,1000,30.000000,60.000000,0,0,170207273,465,0,465,0,0,36,2
62,1000,30.000000,60.000000,0,0,170207280,465,0,465,0,0,36,2
62,1000,30.000000,60.000000,0,0,170207287,465,0,465,0,0,36,2
62,1000,30.000000,60.000000,0,0,170207294,465,0,465,0,0,36,2
62,1000,30.000000,60.000000,0,0,170207301,465,0,465,0,0,36,2
62,1000,30.000000,60.000000,0,0,170207311,465,0,465,0,0,36,2
62,1000,30.000000,60.000000,0,0,170207318,467,0,467,-1,0,36,2
62,1000,30.000000,60.000000,0,0,170207325,470,0,470,-2,0,36,2
62,1000,30.000000,60.000000,0,0,170207331,476,0,476,-3,0,36,2
62,1000,30.000000,60.000000,0,0,170207337,482,0,482,-4,0,36,2
62,1000,30.000000,60.000000,0,0,170207343,488,0,488,-5,0,36,2
62,1000,30.000000,60.000000,0,0,170207349,498,0,498,-8,0,36,2
62,1000,30.000000,60.000000,0,0,170207356,510,0,510,-11,0,36,2
62,1000,30.000000,60.000000,0,0,170207363,537,0,537,-15,0,36,2
62,1000,30.000000,60.000000,0,0,170207370,567,0,567,-20,0,36,2
62,1000,30.000000,60.000000,0,0,170207377,612,0,612,-26,0,36,2
62,1000,30.000000,60.000000,0,0,170207384,657,0,657,-31,0,36,2
62,1000,30.000000,60.000000,0,0,170207392,710,0,710,-36,0,36,2
62,1000,30.000000,60.000000,0,0,170207399,763,0,763,-41,0,36,2
62,1000,30.000000,60.000000,0,0,170207405,827,0,827,-47,0,36,2
62,1000,30.000000,60.000000,0,0,170207412,893,0,893,-54,0,36,2
62,1000,30.000000,60.000000,0,0,170207419,953,0,953,-61,0,36,2
62,1000,30.000000,60.000000,0,0,170207427,1012,0,1012,-68,0,36,2
62,1000,30.000000,60.000000,0,0,170207433,1066,0,1066,-74,0,36,2
62,1000,30.000000,60.000000,0,0,170207441,1127,0,1127,-82,0,36,2
62,1000,30.000000,60.000000,0,0,170207448,1179,0,1179,-90,0,36,2
62,1000,30.000000,60.000000,0,0,170207455,1236,0,1236,-99,0,36,2
62,1000,30.000000,60.000000,0,0,170207461,1274,0,1274,-105,0,36,2
62,1000,30.000000,60.000000,0,0,170207471,1315,0,1315,-112,0,36,2
62,1000,30.000000,60.000000,0,0,170207477,1379,0,1379,-124,0,36,2
62,1000,30.000000,60.000000,0,0,170207483,1402,0,1402,-129,0,36,2
62,1000,30.000000,60.000000,0,0,170207489,1419,0,1419,-133,0,36,2
62,1000,30.000000,60.000000,0,0,170207495,1433,0,1433,-135,0,36,2
62,1000,30.000000,60.000000,0,0,170207502,1448,0,1448,-138,0,36,2
62,1000,30.000000,60.000000,0,0,170207509,1458,0,1458,-139,0,36,2
62,1000,30.000000,60.000000,0,0,170207516,1464,0,1464,-140,0,36,2
62,1000,30.000000,60.000000,0,0,170207523,1467,0,1467,-140,0,36,2
62,1000,30.000000,60.000000,0,0,170207530,1468,0,1468,-140,0,36,2
62,1000,30.000000,60.000000,0,0,170207537,1469,0,1469,-140,0,36,2
62,1000,30.000000,60.000000,0,0,170207544,1469,0,1469,-140,0,36,2
62,1000,30.000000,60.000000,0,0,170207551,1469,0,1469,-140,0,36,2
62,1000,30.000000,60.000000,0,0,170207558,1469,0,1469,-140,0,36,2
62,1000,30.000000,60.000000,0,0,170207565,1469,0,1469,-140,0,36,2
62,1000,30.000000,60.000000,0,0,170207571,1469,0,1469,-140,0,36,2
62,1000,30.000000,60.000000,0,0,170207578,1469,0,1469,-140,0,36,2
62,1000,30.000000,60.000000,0,0,170207586,1469,0,1469,-140,0,36,2
62,1000,30.000000,60.000000,0,0,170207601,1469,0,1469,-140,0,36,2
62,1000,30.000000,60.000000,0,0,170207610,1468,0,1468,-140,0,36,2
62,1000,30.000000,60.000000,0,0,170207618,1467,0,1467,-140,0,36,2
62,1000,30.000000,60.000000,0,0,170207624,1466,0,1466,-140,0,36,2
62,1000,30.000000,60.000000,0,0,170207631,1465,0,1465,-140,0,36,2
62,1000,30.000000,60.000000,0,0,170207637,1465,0,1465,-140,0,36,2
62,1000,30.000000,60.000000,0,0,170207643,1465,0,1465,-140,0,36,2
62,1000,30.000000,60.000000,0,0,170207648,1465,0,1465,-140,0,36,2
62,1000,30.000000,60.000000,0,0,170207655,1465,0,1465,-140,0,36,2
62,1000,30.000000,60.000000,0,0,170207662,1465,0,1465,-140,0,36,2
62,1000,30.000000,60.000000,0,0,170207669,1465,0,1465,-140,0,36,2
62,1000,30.000000,60.000000,0,0,170207676,1465,0,1465,-140,0,36,2
62,1000,30.000000,60.000000,0,0,170207683,1465,0,1465,-140,0,36,2
62,1000,30.000000,60.000000,0,0,170207690,1465,0,1465,-140,0,36,2
62,1000,30.000000,60.000000,0,0,170207697,1465,0,1465,-140,0,36,2
62,1000,30.000000,60.000000,0,0,170207703,1465,0,1465,-140,0,36,2
62,1000,30.000000,60.000000,0,0,170207710,1465,0,1465,-140,0,36,2
62,1000,30.000000,60.000000,0,0,170207726,1465,0,1465,-140,0,36,2
62,1000,30.000000,60.000000,0,0,170207735,1465,0,1465,-140,0,36,2
62,1000,30.000000,60.000000,0,0,170207743,1465,0,1465,-140,0,36,2
62,1000,30.000000,60.000000,0,0,170207749,1465,0,1465,-140,0,36,2
62,1000,30.000000,60.000000,0,0,170207756,1465,0,1465,-140,0,36,2
62,1000,30.000000,60.000000,0,0,170207762,1465,0,1465,-140,0,36,2
62,1000,30.000000,60.000000,0,0,170207768,1465,0,1465,-140,0,36,2
62,1000,30.000000,60.000000,0,0,170207774,1465,0,1465,-140,0,36,2
62,1000,30.000000,60.000000,0,0,170207780,1465,0,1465,-140,0,36,2
62,1000,30.000000,60.000000,0,0,170207787,1465,0,1465,-140,0,36,2
62,1000,30.000000,60.000000,0,0,170207794,1465,0,1465,-140,0,36,2
62,1000,30.000000,60.000000,0,0,170207801,1465,0,1465,-140,0,36,2
62,1000,30.000000,60.000000,0,0,170207808,1465,0,1465,-140,0,36,2
62,1000,30.000000,60.000000,0,0,170207815,1465,0,1465,-140,0,36,2
62,1000,30.000000,60.000000,0,0,170207822,1465,0,1465,-140,0,36,2
62,1000,30.000000,60.000000,0,0,170207828,1465,0,1465,-140,0,36,2
62,1000,30.000000,60.000000,0,0,170207860,1465,0,1465,-140,0,36,2
