62,1000,30.000000,60.000000,2,0,170396130,458,0,458,0,0,46,2
62,1000,30.000000,60.000000,2,0,170396132,458,0,458,0,0,46,2
62,1000,30.000000,60.000000,2,0,170396139,458,0,458,0,0,46,2
62,1000,30.000000,60.000000,2,0,170396145,458,0,458,0,0,46,2
62,1000,30.000000,60.000000,2,0,170396152,458,0,458,0,0,46,2
62,1000,30.000000,60.000000,2,0,170396159,458,0,458,0,0,46,2
62,1000,30.000000,60.000000,2,0,170396166,458,0,458,0,0,46,2
62,1000,30.000000,60.000000,2,0,170396173,458,0,458,0,0,46,2
62,1000,30.000000,60.000000,2,0,170396180,458,0,458,0,0,46,2
62,1000,30.000000,60.000000,2,0,170396187,458,0,458,0,0,46,2
62,1000,30.000000,60.000000,2,0,170396194,458,0,458,0,0,46,2
62,1000,30.000000,60.000000,2,0,170396201,458,0,458,0,0,46,2
62,1000,30.000000,60.000000,2,0,170396208,458,0,458,0,0,46,2
62,1000,30.000000,60.000000,2,0,170396215,460,1,460,1,0,46,2
62,1000,30.000000,60.000000,2,0,170396222,466,3,466,3,0,46,2
62,1000,30.000000,60.000000,2,0,170396229,475,7,475,7,0,46,2
62,1000,30.000000,60.000000,2,0,170396236,489,13,489,13,0,46,2
62,1000,30.000000,60.000000,2,0,170396243,506,21,506,21,0,46,2
62,1000,30.000000,60.000000,2,0,170396250,532,31,532,31,0,46,2
62,1000,30.000000,60.000000,2,0,170396257,564,44,564,44,0,46,2
62,1000,30.000000,60.000000,2,0,170396264,604,57,604,57,0,46,2
62,1000,30.000000,60.000000,2,0,170396271,647,69,647,69,0,46,2
62,1000,30.000000,60.000000,2,0,170396278,697,81,697,81,0,46,2
62,1000,30.000000,60.000000,2,0,170396285,750,89,750,89,0,46,2
62,1000,30.000000,60.000000,2,0,170396292,792,93,792,93,0,46,2
62,1000,30.000000,60.000000,2,0,170396299,826,95,826,95,0,46,2
62,1000,30.000000,60.000000,2,0,170396306,894,96,894,96,0,46,2
62,1000,30.000000,60.000000,2,0,170396313,946,96,946,96,0,46,2
62,1000,30.000000,60.000000,2,0,170396320,992,93,992,93,0,46,2
62,1000,30.000000,60.000000,2,0,170396327,1038,90,1038,90,0,46,2
62,1000,30.000000,60.000000,2,0,170396335,1073,87,1073,87,0,46,2
62,1000,30.000000,60.000000,2,0,170396341,1114,82,1114,82,0,46,2
62,1000,30.000000,60.000000,2,0,170396348,1154,75,1154,75,0,46,2
62,1000,30.000000,60.000000,2,0,170396354,1183,68,1183,68,0,46,2
62,1000,30.000000,60.000000,2,0,170396361,1212,62,1212,62,0,46,2
62,1000,30.000000,60.000000,2,0,170396368,1239,55,1239,55,0,46,2
62,1000,30.000000,60.000000,2,0,170396375,1255,51,1255,51,0,46,2
62,1000,30.000000,60.000000,2,0,170396382,1268,48,1268,48,0,46,2
62,1000,30.000000,60.000000,2,0,170396389,1284,44,1284,44,0,46,2
62,1000,30.000000,60.000000,2,0,170396396,1294,41,1294,41,0,46,2
62,1000,30.000000,60.000000,2,0,170396403,1301,38,1301,38,0,46,2
62,1000,30.000000,60.000000,2,0,170396410,1308,35,1308,35,0,46,2
62,1000,30.000000,60.000000,2,0,170396417,1311,33,1311,33,0,46,2
62,1000,30.000000,60.000000,2,0,170396424,1315,31,1315,31,0,46,2
62,1000,30.000000,60.000000,2,0,170396431,1318,31.600000,1318,28,0,46,2
62,1000,30.000000,60.000000,2,0,170396438,1321,31.600000,1321,25,0,46,2
62,1000,30.000000,60.000000,2,0,170396445,1324,31.600000,1324,22,0,46,2
62,1000,30.000000,60.000000,2,0,170396452,1326,31.600000,1326,20,0,46,2
62,1000,30.000000,60.000000,2,0,170396459,1330,31.600000,1330,17,0,46,2
62,1000,30.000000,60.000000,2,0,170396466,1334,31.600000,1334,14,0,46,2
62,1000,30.000000,60.000000,2,0,170396473,1342,31.600000,1342,10,0,46,2
62,1000,30.000000,60.000000,2,0,170396480,1348,31.600000,1348,7,0,46,2
62,1000,30.000000,60.000000,2,0,170396486,1354,31.600000,1354,4,0,46,2
62,1000,30.000000,60.000000,2,0,170396493,1359,31.600000,1359,2,0,46,2
62,1000,30.000000,60.000000,2,0,170396500,1365,31.600000,1365,0,0,46,2
62,1000,30.000000,60.000000,2,0,170396507,1370,31.600000,1370,-1,0,46,2
62,1000,30.000000,60.000000,2,0,170396514,1376,31.600000,1376,-3,0,46,2
62,1000,30.000000,60.000000,2,0,170396521,1382,31.600000,1382,-3,0,46,2
62,1000,30.000000,60.000000,2,0,170396527,1389,29.600000,1389,-5,0,46,2
62,1000,30.000000,60.000000,2,0,170396536,1396,28.600000,1396,-6,0,46,2
62,1000,30.000000,60.000000,2,0,170396544,1401,28.600000,1401,-6,0,46,2
62,1000,30.000000,60.000000,2,0,170396552,1408,27.600000,1408,-7,0,46,2
62,1000,30.000000,60.000000,2,0,170396559,1417,26.600000,1417,-8,0,46,2
62,1000,30.000000,60.000000,2,0,170396565,1435,24.600000,1435,-10,0,46,2
62,1000,30.000000,60.000000,2,0,170396571,1440,23.600000,1440,-11,0,46,2
62,1000,30.000000,60.000000,2,0,170396578,1444,23.600000,1444,-11,0,46,2
62,1000,30.000000,60.000000,2,0,170396584,1447,23.600000,1447,-11,0,46,2
62,1000,30.000000,60.000000,2,0,170396591,1450,22.600000,1450,-12,0,46,2
62,1000,30.000000,60.000000,2,0,170396598,1452,22.600000,1452,-12,0,46,2
62,1000,30.000000,60.000000,2,0,170396605,1453,22.600000,1453,-12,0,46,2
62,1000,30.000000,60.000000,2,0,170396612,1453,21.600000,1453,-13,0,46,2
62,1000,30.000000,60.000000,2,0,170396619,1453,20.600000,1453,-14,0,46,2
62,1000,30.000000,60.000000,2,0,170396643,1453,19.600000,1453,-15,0,46,2
62,1000,30.000000,60.000000,2,0,170396650,1453,18.600000,1453,-16,0,46,2
62,1000,30.000000,60.000000,2,0,170396656,1453,18.600000,1453,-16,0,46,2
62,1000,30.000000,60.000000,2,0,170396662,1453,18.600000,1453,-16,0,46,2
62,1000,30.000000,60.000000,2,0,170396670,1453,18.600000,1453,-16,0,46,2
62,1000,30.000000,60.000000,2,0,170396677,1453,18.600000,1453,-16,0,46,2
62,1000,30.000000,60.000000,2,0,170396684,1453,18.600000,1453,-16,0,46,2
62,1000,30.000000,60.000000,2,0,170396690,1453,18.600000,1453,-16,0,46,2
62,1000,30.000000,60.000000,2,0,170396696,1453,18.600000,1453,-16,0,46,2
62,1000,30.000000,60.000000,2,0,170396702,1453,18.600000,1453,-16,0,46,2
62,1000,30.000000,60.000000,2,0,170396709,1453,18.600000,1453,-16,0,46,2
62,1000,30.000000,60.000000,2,0,170396716,1453,18.600000,1453,-16,0,46,2
62,1000,30.000000,60.000000,2,0,170396722,1453,18.600000,1453,-16,0,46,2
62,1000,30.000000,60.000000,2,0,170396729,1453,18.600000,1453,-16,0,46,2
62,1000,30.000000,60.000000,2,0,170396736,1453,18.600000,1453,-16,0,46,2
62,1000,30.000000,60.000000,2,0,170396744,1453,18.600000,1453,-16,0,46,2
62,1000,30.000000,60.000000,2,0,170396750,1453,18.600000,1453,-16,0,46,2
62,1000,30.000000,60.000000,2,0,170396757,1453,18.600000,1453,-16,0,46,2
62,1000,30.000000,60.000000,2,0,170396764,1453,18.600000,1453,-16,0,46,2
62,1000,30.000000,60.000000,2,0,170396771,1453,18.600000,1453,-16,0,46,2
62,1000,30.000000,60.000000,2,0,170396778,1453,18.600000,1453,-16,0,46,2
62,1000,30.000000,60.000000,2,0,170396809,1453,18.600000,1453,-16,0,46,2
