103,500,30.000000,60.000000,0,3,-2138184507,713,2,713,2,0,135,2
103,500,30.000000,60.000000,0,3,-2138184505,713,2,713,2,0,135,2
103,500,30.000000,60.000000,0,3,-2138184499,713,2,713,2,0,135,2
103,500,30.000000,60.000000,0,3,-2138184491,713,2,713,2,0,135,2
103,500,30.000000,60.000000,0,3,-2138184485,713,2,713,2,0,135,2
103,500,30.000000,60.000000,0,3,-2138184478,713,2,713,2,0,135,2
103,500,30.000000,60.000000,0,3,-2138184471,713,2,713,2,0,135,2
103,500,30.000000,60.000000,0,3,-2138184464,713,2,713,2,0,135,2
103,500,30.000000,60.000000,0,3,-2138184457,713,2,713,2,0,135,2
103,500,30.000000,60.000000,0,3,-2138184450,713,2,713,2,0,135,2
103,500,30.000000,60.000000,0,3,-2138184443,713,2,713,2,0,135,2
103,500,30.000000,60.000000,0,3,-2138184436,714,2,714,2,0,135,2
103,500,30.000000,60.000000,0,3,-2138184429,717,2,717,2,0,135,2
103,500,30.000000,60.000000,0,3,-2138184422,725,2,725,2,0,135,2
103,500,30.000000,60.000000,0,3,-2138184414,740,2,740,2,0,135,2
103,500,30.000000,60.000000,0,3,-2138184408,756,2,756,2,0,135,2
103,500,30.000000,60.000000,0,3,-2138184401,779,2,779,2,0,135,2
103,500,30.000000,60.000000,0,3,-2138184393,806,2,806,2,0,135,2
103,500,30.000000,60.000000,0,3,-2138184386,859,2,859,2,0,135,2
103,500,30.000000,60.000000,0,3,-2138184380,901,1,901,1,0,135,2
103,500,30.000000,60.000000,0,3,-2138184373,941,0,941,0,0,135,2
103,500,30.000000,60.000000,0,3,-2138184366,992,0,992,-4,0,135,2
103,500,30.000000,60.000000,0,3,-2138184359,1036,0,1036,-7,0,135,2
103,500,30.000000,60.000000,0,3,-2138184353,1088,0,1088,-11,0,135,2
103,500,30.000000,60.000000,0,3,-2138184345,1134,0,1134,-14,0,135,2
103,500,30.000000,60.000000,0,3,-2138184338,1185,0,1185,-18,0,135,2
103,500,30.000000,60.000000,0,3,-2138184332,1222,0,1222,-20,0,135,2
103,500,30.000000,60.000000,0,3,-2138184325,1245,0,1245,-22,0,135,2
103,500,30.000000,60.000000,0,3,-2138184318,1267,0,1267,-24,0,135,2
103,500,30.000000,60.000000,0,3,-2138184311,1282,0,1282,-25,0,135,2
103,500,30.000000,60.000000,0,3,-2138184304,1286,0,1286,-26,0,135,2
103,500,30.000000,60.000000,0,3,-2138184297,1287,0,1287,-26,0,135,2
103,500,30.000000,60.000000,0,3,-2138184291,1288,0,1288,-26,0,135,2
103,500,30.000000,60.000000,0,3,-2138184284,1286,0,1286,-26,0,135,2
103,500,30.000000,60.000000,0,3,-2138184277,1282,0,1282,-26,0,135,2
103,500,30.000000,60.000000,0,3,-2138184269,1276,0,1276,-26,0,135,2
103,500,30.000000,60.000000,0,3,-2138184262,1269,0,1269,-27,0,135,2
103,500,30.000000,60.000000,0,3,-2138184255,1263,0,1263,-27,0,135,2
103,500,30.000000,60.000000,0,3,-2138184240,1258,0,1258,-27,0,135,2
103,500,30.000000,60.000000,0,3,-2138184231,1252,0,1252,-28,0,135,2
103,500,30.000000,60.000000,0,3,-2138184223,1251,0,1251,-28,0,135,2
103,500,30.000000,60.000000,0,3,-2138184216,1251,0,1251,-28,0,135,2
103,500,30.000000,60.000000,0,3,-2138184210,1251,0,1251,-28,0,135,2
103,500,30.000000,60.000000,0,3,-2138184204,1251,0,1251,-28,0,135,2
103,500,30.000000,60.000000,0,3,-2138184198,1250,0,1250,-29,0,135,2
103,500,30.000000,60.000000,0,3,-2138184191,1250,0,1250,-29,0,135,2
103,500,30.000000,60.000000,0,3,-2138184184,1249,0,1249,-29,0,135,2
103,500,30.000000,60.000000,0,3,-2138184177,1248,0,1248,-30,0,135,2
103,500,30.000000,60.000000,0,3,-2138184171,1246,0,1246,-31,0,135,2
103,500,30.000000,60.000000,0,3,-2138184164,1243,0,1243,-32,0,135,2
103,500,30.000000,60.000000,0,3,-2138184157,1239,0,1239,-33,0,135,2
103,500,30.000000,60.000000,0,3,-2138184151,1234,0,1234,-35,0,135,2
103,500,30.000000,60.000000,0,3,-2138184144,1229,0,1229,-35,0,135,2
103,500,30.000000,60.000000,0,3,-2138184137,1224,0,1224,-36,0,135,2
103,500,30.000000,60.000000,0,3,-2138184130,1218,0,1218,-37,0,135,2
103,500,30.000000,60.000000,0,3,-2138184124,1214,0,1214,-37,0,135,2
103,500,30.000000,60.000000,0,3,-2138184117,1212,0,1212,-38,0,135,2
103,500,30.000000,60.000000,0,3,-2138184110,1209,0,1209,-39,0,135,2
103,500,30.000000,60.000000,0,3,-2138184103,1209,0,1209,-40,0,135,2
103,500,30.000000,60.000000,0,3,-2138184096,1209,0,1209,-41,0,135,2
103,500,30.000000,60.000000,0,3,-2138184080,1209,0,1209,-41,0,135,2
103,500,30.000000,60.000000,0,3,-2138184071,1209,0,1209,-41,0,135,2
103,500,30.000000,60.000000,0,3,-2138184063,1209,0,1209,-41,0,135,2
103,500,30.000000,60.000000,0,3,-2138184057,1209,0,1209,-42,0,135,2
103,500,30.000000,60.000000,0,3,-2138184051,1209,0,1209,-42,0,135,2
103,500,30.000000,60.000000,0,3,-2138184044,1209,0,1209,-42,0,135,2
103,500,30.000000,60.000000,0,3,-2138184038,1209,0,1209,-42,0,135,2
103,500,30.000000,60.000000,0,3,-2138184032,1209,0,1209,-42,0,135,2
103,500,30.000000,60.000000,0,3,-2138184026,1209,0,1209,-42,0,135,2
103,500,30.000000,60.000000,0,3,-2138184020,1209,0,1209,-42,0,135,2
103,500,30.000000,60.000000,0,3,-2138184013,1209,0,1209,-42,0,135,2
103,500,30.000000,60.000000,0,3,-2138184006,1209,0,1209,-42,0,135,2
103,500,30.000000,60.000000,0,3,-2138183999,1209,0,1209,-42,0,135,2
103,500,30.000000,60.000000,0,3,-2138183981,1209,0,1209,-42,0,135,2
