103,500,30.000000,60.000000,0,3,-2138147355,710,0,710,0,0,139,3
103,500,30.000000,60.000000,0,3,-2138147353,710,0,710,0,0,139,3
103,500,30.000000,60.000000,0,3,-2138147347,710,0,710,0,0,139,3
103,500,30.000000,60.000000,0,3,-2138147340,710,0,710,0,0,139,3
103,500,30.000000,60.000000,0,3,-2138147333,710,0,710,0,0,139,3
103,500,30.000000,60.000000,0,3,-2138147326,710,0,710,0,0,139,3
103,500,30.000000,60.000000,0,3,-2138147310,710,0,710,0,0,139,3
103,500,30.000000,60.000000,0,3,-2138147301,710,0,710,0,0,139,3
103,500,30.000000,60.000000,0,3,-2138147293,710,0,710,0,0,139,3
103,500,30.000000,60.000000,0,3,-2138147287,710,0,710,0,0,139,3
103,500,30.000000,60.000000,0,3,-2138147280,710,0,710,0,0,139,3
103,500,30.000000,60.000000,0,3,-2138147275,710,0,710,0,0,139,3
103,500,30.000000,60.000000,0,3,-2138147268,710,0,710,0,0,139,3
103,500,30.000000,60.000000,0,3,-2138147261,712,0,712,-1,0,139,3
103,500,30.000000,60.000000,0,3,-2138147255,717,0,717,-1,0,139,3
103,500,30.000000,60.000000,0,3,-2138147248,724,0,724,-1,0,139,3
103,500,30.000000,60.000000,0,3,-2138147242,737,0,737,-1,0,139,3
103,500,30.000000,60.000000,0,3,-2138147235,753,0,753,-1,0,139,3
103,500,30.000000,60.000000,0,3,-2138147229,769,0,769,-1,0,139,3
103,500,30.000000,60.000000,0,3,-2138147221,798,0,798,-1,0,139,3
103,500,30.000000,60.000000,0,3,-2138147214,837,0,837,-1,0,139,3
103,500,30.000000,60.000000,0,3,-2138147207,872,0,872,-2,0,139,3
103,500,30.000000,60.000000,0,3,-2138147199,914,0,914,-3,0,139,3
103,500,30.000000,60.000000,0,3,-2138147191,955,0,955,-6,0,139,3
103,500,30.000000,60.000000,0,3,-2138147184,1008,0,1008,-9,0,139,3
103,500,30.000000,60.000000,0,3,-2138147178,1058,0,1058,-13,0,139,3
103,500,30.000000,60.000000,0,3,-2138147169,1101,0,1101,-17,0,139,3
103,500,30.000000,60.000000,0,3,-2138147163,1142,0,1142,-20,0,139,3
103,500,30.000000,60.000000,0,3,-2138147156,1164,0,1164,-22,0,139,3
103,500,30.000000,60.000000,0,3,-2138147149,1182,0,1182,-24,0,139,3
103,500,30.000000,60.000000,0,3,-2138147143,1195,0,1195,-26,0,139,3
103,500,30.000000,60.000000,0,3,-2138147137,1202,0,1202,-26,0,139,3
103,500,30.000000,60.000000,0,3,-2138147131,1205,0,1205,-27,0,139,3
103,500,30.000000,60.000000,0,3,-2138147124,1206,0,1206,-27,0,139,3
103,500,30.000000,60.000000,0,3,-2138147117,1207,0,1207,-27,0,139,3
103,500,30.000000,60.000000,0,3,-2138147111,1208,0,1208,-27,0,139,3
103,500,30.000000,60.000000,0,3,-2138147104,1208,0,1208,-27,0,139,3
103,500,30.000000,60.000000,0,3,-2138147097,1208,0,1208,-27,0,139,3
103,500,30.000000,60.000000,0,3,-2138147089,1208,0,1208,-27,0,139,3
103,500,30.000000,60.000000,0,3,-2138147083,1207,0,1207,-27,0,139,3
103,500,30.000000,60.000000,0,3,-2138147076,1206,0,1206,-27,0,139,3
103,500,30.000000,60.000000,0,3,-2138147069,1205,0,1205,-27,0,139,3
103,500,30.000000,60.000000,0,3,-2138147062,1204,0,1204,-27,0,139,3
103,500,30.000000,60.000000,0,3,-2138147054,1203,0,1203,-27,0,139,3
103,500,30.000000,60.000000,0,3,-2138147047,1201,0,1201,-27,0,139,3
103,500,30.000000,60.000000,0,3,-2138147038,1200,0,1200,-27,0,139,3
103,500,30.000000,60.000000,0,3,-2138147031,1199,0,1199,-27,0,139,3
103,500,30.000000,60.000000,0,3,-2138147025,1199,0,1199,-27,0,139,3
103,500,30.000000,60.000000,0,3,-2138147019,1199,0,1199,-27,0,139,3
103,500,30.000000,60.000000,0,3,-2138147012,1199,0,1199,-27,0,139,3
103,500,30.000000,60.000000,0,3,-2138147006,1199,0,1199,-27,0,139,3
103,500,30.000000,60.000000,0,3,-2138147000,1199,0,1199,-27,0,139,3
103,500,30.000000,60.000000,0,3,-2138146992,1199,0,1199,-27,0,139,3
103,500,30.000000,60.000000,0,3,-2138146985,1199,0,1199,-27,0,139,3
103,500,30.000000,60.000000,0,3,-2138146979,1199,0,1199,-27,0,139,3
103,500,30.000000,60.000000,0,3,-2138146971,1200,0,1200,-27,0,139,3
103,500,30.000000,60.000000,0,3,-2138146965,1201,0,1201,-27,0,139,3
103,500,30.000000,60.000000,0,3,-2138146957,1203,0,1203,-28,0,139,3
103,500,30.000000,60.000000,0,3,-2138146950,1205,0,1205,-29,0,139,3
103,500,30.000000,60.000000,0,3,-2138146943,1205,0,1205,-30,0,139,3
103,500,30.000000,60.000000,0,3,-2138146937,1205,0,1205,-30,0,139,3
103,500,30.000000,60.000000,0,3,-2138146930,1205,0,1205,-30,0,139,3
103,500,30.000000,60.000000,0,3,-2138146924,1205,0,1205,-30,0,139,3
103,500,30.000000,60.000000,0,3,-2138146917,1205,0,1205,-30,0,139,3
103,500,30.000000,60.000000,0,3,-2138146909,1205,0,1205,-30,0,139,3
103,500,30.000000,60.000000,0,3,-2138146903,1205,0,1205,-30,0,139,3
103,500,30.000000,60.000000,0,3,-2138146896,1205,0,1205,-30,0,139,3
103,500,30.000000,60.000000,0,3,-2138146889,1205,0,1205,-30,0,139,3
103,500,30.000000,60.000000,0,3,-2138146881,1206,0,1206,-30,0,139,3
103,500,30.000000,60.000000,0,3,-2138146875,1207,0,1207,-30,0,139,3
103,500,30.000000,60.000000,0,3,-2138146868,1207,0,1207,-30,0,139,3
103,500,30.000000,60.000000,0,3,-2138146861,1207,0,1207,-30,0,139,3
103,500,30.000000,60.000000,0,3,-2138146843,1207,0,1207,-30,0,139,3
