103,500,30.000000,60.000000,0,1,-2139023154,705,0,705,0,0,46,0
103,500,30.000000,60.000000,0,1,-2139023152,705,0,705,0,0,46,0
103,500,30.000000,60.000000,0,1,-2139023146,705,0,705,0,0,46,0
103,500,30.000000,60.000000,0,1,-2139023139,705,0,705,0,0,46,0
103,500,30.000000,60.000000,0,1,-2139023132,705,0,705,0,0,46,0
103,500,30.000000,60.000000,0,1,-2139023125,705,0,705,0,0,46,0
103,500,30.000000,60.000000,0,1,-2139023118,705,0,705,0,0,46,0
103,500,30.000000,60.000000,0,1,-2139023110,705,0,705,0,0,46,0
103,500,30.000000,60.000000,0,1,-2139023104,705,0,705,0,0,46,0
103,500,30.000000,60.000000,0,1,-2139023096,705,0,705,0,0,46,0
103,500,30.000000,60.000000,0,1,-2139023089,708,0,708,0,0,46,0
103,500,30.000000,60.000000,0,1,-2139023083,713,0,713,-1,0,46,0
103,500,30.000000,60.000000,0,1,-2139023076,721,0,721,-2,0,46,0
103,500,30.000000,60.000000,0,1,-2139023069,732,0,732,-4,0,46,0
103,500,30.000000,60.000000,0,1,-2139023063,750,0,750,-7,0,46,0
103,500,30.000000,60.000000,0,1,-2139023056,770,0,770,-8,0,46,0
103,500,30.000000,60.000000,0,1,-2139023047,797,0,797,-10,0,46,0
103,500,30.000000,60.000000,0,1,-2139023042,835,0,835,-13,0,46,0
103,500,30.000000,60.000000,0,1,-2139023034,864,0,864,-15,0,46,0
103,500,30.000000,60.000000,0,1,-2139023027,887,0,887,-16,0,46,0
103,500,30.000000,60.000000,0,1,-2139023019,919,0,919,-18,0,46,0
103,500,30.000000,60.000000,0,1,-2139023013,962,0,962,-21,0,46,0
103,500,30.000000,60.000000,0,1,-2139023006,992,0,992,-23,0,46,0
103,500,30.000000,60.000000,0,1,-2139022999,1030,0,1030,-26,0,46,0
103,500,30.000000,60.000000,0,1,-2139022993,1051,0,1051,-28,0,46,0
103,500,30.000000,60.000000,0,1,-2139022986,1070,0,1070,-29,0,46,0
103,500,30.000000,60.000000,0,1,-2139022978,1087,0,1087,-30,0,46,0
103,500,30.000000,60.000000,0,1,-2139022972,1097,0,1097,-30,0,46,0
103,500,30.000000,60.000000,0,1,-2139022965,1102,0,1102,-30,0,46,0
103,500,30.000000,60.000000,0,1,-2139022959,1106,0,1106,-30,0,46,0
103,500,30.000000,60.000000,0,1,-2139022951,1109,0,1109,-30,0,46,0
103,500,30.000000,60.000000,0,1,-2139022944,1111,0,1111,-30,0,46,0
103,500,30.000000,60.000000,0,1,-2139022937,1113,0,1113,-30,0,46,0
103,500,30.000000,60.000000,0,1,-2139022930,1115,0,1115,-30,0,46,0
103,500,30.000000,60.000000,0,1,-2139022923,1116,0,1116,-30,0,46,0
103,500,30.000000,60.000000,0,1,-2139022916,1117,0,1117,-31,0,46,0
103,500,30.000000,60.000000,0,1,-2139022909,1118,0,1118,-31,0,46,0
103,500,30.000000,60.000000,0,1,-2139022902,1119,0,1119,-31,0,46,0
103,500,30.000000,60.000000,0,1,-2139022896,1121,0,1121,-32,0,46,0
103,500,30.000000,60.000000,0,1,-2139022889,1124,0,1124,-33,0,46,0
103,500,30.000000,60.000000,0,1,-2139022882,1128,0,1128,-33,0,46,0
103,500,30.000000,60.000000,0,1,-2139022875,1132,0,1132,-33,0,46,0
103,500,30.000000,60.000000,0,1,-2139022868,1135,0,1135,-34,0,46,0
103,500,30.000000,60.000000,0,1,-2139022861,1136,0,1136,-34,0,46,0
103,500,30.000000,60.000000,0,1,-2139022855,1137,0,1137,-34,0,46,0
103,500,30.000000,60.000000,0,1,-2139022848,1137,0,1137,-35,0,46,0
103,500,30.000000,60.000000,0,1,-2139022841,1137,0,1137,-36,0,46,0
103,500,30.000000,60.000000,0,1,-2139022834,1137,0,1137,-36,0,46,0
103,500,30.000000,60.000000,0,1,-2139022827,1137,0,1137,-36,0,46,0
103,500,30.000000,60.000000,0,1,-2139022819,1137,0,1137,-36,0,46,0
103,500,30.000000,60.000000,0,1,-2139022812,1138,0,1138,-36,0,46,0
103,500,30.000000,60.000000,0,1,-2139022805,1140,0,1140,-36,0,46,0
103,500,30.000000,60.000000,0,1,-2139022798,1145,0,1145,-36,0,46,0
103,500,30.000000,60.000000,0,1,-2139022791,1154,0,1154,-36,0,46,0
103,500,30.000000,60.000000,0,1,-2139022784,1164,0,1164,-36,0,46,0
103,500,30.000000,60.000000,0,1,-2139022777,1174,0,1174,-36,0,46,0
103,500,30.000000,60.000000,0,1,-2139022771,1187,0,1187,-36,0,46,0
103,500,30.000000,60.000000,0,1,-2139022764,1198,0,1198,-36,0,46,0
103,500,30.000000,60.000000,0,1,-2139022757,1209,0,1209,-37,0,46,0
103,500,30.000000,60.000000,0,1,-2139022750,1217,0,1217,-37,0,46,0
103,500,30.000000,60.000000,0,1,-2139022743,1221,0,1221,-37,0,46,0
103,500,30.000000,60.000000,0,1,-2139022736,1226,0,1226,-37,0,46,0
103,500,30.000000,60.000000,0,1,-2139022729,1227,0,1227,-37,0,46,0
103,500,30.000000,60.000000,0,1,-2139022721,1227,0,1227,-37,0,46,0
103,500,30.000000,60.000000,0,1,-2139022714,1227,0,1227,-37,0,46,0
103,500,30.000000,60.000000,0,1,-2139022708,1226,0,1226,-37,0,46,0
103,500,30.000000,60.000000,0,1,-2139022702,1224,0,1224,-37,0,46,0
103,500,30.000000,60.000000,0,1,-2139022695,1223,0,1223,-37,0,46,0
103,500,30.000000,60.000000,0,1,-2139022688,1222,0,1222,-37,0,46,0
103,500,30.000000,60.000000,0,1,-2139022681,1222,0,1222,-37,0,46,0
103,500,30.000000,60.000000,0,1,-2139022665,1221,0,1221,-37,0,46,0
103,500,30.000000,60.000000,0,1,-2139022655,1221,0,1221,-37,0,46,0
103,500,30.000000,60.000000,0,1,-2139022648,1221,0,1221,-37,0,46,0
103,500,30.000000,60.000000,0,1,-2139022642,1220,0,1220,-37,0,46,0
103,500,30.000000,60.000000,0,1,-2139022636,1220,0,1220,-37,0,46,0
103,500,30.000000,60.000000,0,1,-2139022630,1220,0,1220,-37,0,46,0
103,500,30.000000,60.000000,0,1,-2139022624,1220,0,1220,-37,0,46,0
103,500,30.000000,60.000000,0,1,-2139022617,1220,0,1220,-37,0,46,0
103,500,30.000000,60.000000,0,1,-2139022611,1220,0,1220,-37,0,46,0
103,500,30.000000,60.000000,0,1,-2139022604,1220,0,1220,-37,0,46,0
103,500,30.000000,60.000000,0,1,-2139022596,1220,0,1220,-37,0,46,0
103,500,30.000000,60.000000,0,1,-2139022591,1220,0,1220,-37,0,46,0
103,500,30.000000,60.000000,0,1,-2139022583,1220,0,1220,-37,0,46,0
103,500,30.000000,60.000000,0,1,-2139022577,1220,0,1220,-37,0,46,0
103,500,30.000000,60.000000,0,1,-2139022569,1219,0,1219,-37,0,46,0
103,500,30.000000,60.000000,0,1,-2139022562,1218,0,1218,-38,0,46,0
103,500,30.000000,60.000000,0,1,-2139022555,1217,0,1217,-39,0,46,0
103,500,30.000000,60.000000,0,1,-2139022540,1217,0,1217,-39,0,46,0
103,500,30.000000,60.000000,0,1,-2139022531,1217,0,1217,-39,0,46,0
103,500,30.000000,60.000000,0,1,-2139022523,1217,0,1217,-39,0,46,0
103,500,30.000000,60.000000,0,1,-2139022517,1217,0,1217,-39,0,46,0
103,500,30.000000,60.000000,0,1,-2139022510,1217,0,1217,-39,0,46,0
103,500,30.000000,60.000000,0,1,-2139022504,1217,0,1217,-39,0,46,0
103,500,30.000000,60.000000,0,1,-2139022498,1217,0,1217,-39,0,46,0
103,500,30.000000,60.000000,0,1,-2139022492,1217,0,1217,-39,0,46,0
103,500,30.000000,60.000000,0,1,-2139022474,1217,0,1217,-39,0,46,0
