103,500,30.000000,60.000000,0,3,-2138222235,708,0,708,0,0,134,3
103,500,30.000000,60.000000,0,3,-2138222233,708,0,708,0,0,134,3
103,500,30.000000,60.000000,0,3,-2138222227,708,0,708,0,0,134,3
103,500,30.000000,60.000000,0,3,-2138222220,708,0,708,0,0,134,3
103,500,30.000000,60.000000,0,3,-2138222213,708,0,708,0,0,134,3
103,500,30.000000,60.000000,0,3,-2138222206,708,0,708,0,0,134,3
103,500,30.000000,60.000000,0,3,-2138222199,708,0,708,0,0,134,3
103,500,30.000000,60.000000,0,3,-2138222193,708,0,708,0,0,134,3
103,500,30.000000,60.000000,0,3,-2138222186,708,0,708,0,0,134,3
103,500,30.000000,60.000000,0,3,-2138222179,708,0,708,0,0,134,3
103,500,30.000000,60.000000,0,3,-2138222171,708,0,708,0,0,134,3
103,500,30.000000,60.000000,0,3,-2138222165,709,0,709,0,0,134,3
103,500,30.000000,60.000000,0,3,-2138222158,714,0,714,0,0,134,3
103,500,30.000000,60.000000,0,3,-2138222151,723,0,723,0,0,134,3
103,500,30.000000,60.000000,0,3,-2138222144,738,0,738,0,0,134,3
103,500,30.000000,60.000000,0,3,-2138222136,763,1,763,1,0,134,3
103,500,30.000000,60.000000,0,3,-2138222129,808,1,808,1,0,134,3
103,500,30.000000,60.000000,0,3,-2138222122,846,1,846,1,0,134,3
103,500,30.000000,60.000000,0,3,-2138222115,891,1,891,1,0,134,3
103,500,30.000000,60.000000,0,3,-2138222108,942,1,942,1,0,134,3
103,500,30.000000,60.000000,0,3,-2138222102,995,1,995,1,0,134,3
103,500,30.000000,60.000000,0,3,-2138222095,1048,1,1048,1,0,134,3
103,500,30.000000,60.000000,0,3,-2138222088,1092,0,1092,0,0,134,3
103,500,30.000000,60.000000,0,3,-2138222082,1132,0,1132,-1,0,134,3
103,500,30.000000,60.000000,0,3,-2138222074,1174,0,1174,-2,0,134,3
103,500,30.000000,60.000000,0,3,-2138222067,1214,0,1214,-3,0,134,3
103,500,30.000000,60.000000,0,3,-2138222060,1249,0,1249,-4,0,134,3
103,500,30.000000,60.000000,0,3,-2138222054,1280,0,1280,-5,0,134,3
103,500,30.000000,60.000000,0,3,-2138222047,1301,0,1301,-6,0,134,3
103,500,30.000000,60.000000,0,3,-2138222040,1318,0,1318,-7,0,134,3
103,500,30.000000,60.000000,0,3,-2138222033,1330,0,1330,-8,0,134,3
103,500,30.000000,60.000000,0,3,-2138222026,1337,0,1337,-8,0,134,3
103,500,30.000000,60.000000,0,3,-2138222018,1341,0,1341,-9,0,134,3
103,500,30.000000,60.000000,0,3,-2138222011,1342,0,1342,-10,0,134,3
103,500,30.000000,60.000000,0,3,-2138222004,1343,0,1343,-11,0,134,3
103,500,30.000000,60.000000,0,3,-2138221997,1343,0,1343,-11,0,134,3
103,500,30.000000,60.000000,0,3,-2138221991,1341,0,1341,-11,0,134,3
103,500,30.000000,60.000000,0,3,-2138221984,1338,0,1338,-11,0,134,3
103,500,30.000000,60.000000,0,3,-2138221977,1335,0,1335,-12,0,134,3
103,500,30.000000,60.000000,0,3,-2138221970,1332,0,1332,-12,0,134,3
103,500,30.000000,60.000000,0,3,-2138221964,1330,0,1330,-12,0,134,3
103,500,30.000000,60.000000,0,3,-2138221956,1329,0,1329,-12,0,134,3
103,500,30.000000,60.000000,0,3,-2138221950,1328,0,1328,-13,0,134,3
103,500,30.000000,60.000000,0,3,-2138221943,1328,0,1328,-13,0,134,3
103,500,30.000000,60.000000,0,3,-2138221936,1328,0,1328,-13,0,134,3
103,500,30.000000,60.000000,0,3,-2138221928,1328,0,1328,-13,0,134,3
103,500,30.000000,60.000000,0,3,-2138221922,1328,0,1328,-13,0,134,3
103,500,30.000000,60.000000,0,3,-2138221915,1328,0,1328,-14,0,134,3
103,500,30.000000,60.000000,0,3,-2138221908,1326,0,1326,-14,0,134,3
103,500,30.000000,60.000000,0,3,-2138221900,1323,0,1323,-15,0,134,3
103,500,30.000000,60.000000,0,3,-2138221885,1318,0,1318,-15,0,134,3
103,500,30.000000,60.000000,0,3,-2138221877,1303,0,1303,-17,0,134,3
103,500,30.000000,60.000000,0,3,-2138221868,1291,0,1291,-17,0,134,3
103,500,30.000000,60.000000,0,3,-2138221860,1280,0,1280,-18,0,134,3
103,500,30.000000,60.000000,0,3,-2138221853,1271,0,1271,-18,0,134,3
103,500,30.000000,60.000000,0,3,-2138221847,1267,0,1267,-19,0,134,3
103,500,30.000000,60.000000,0,3,-2138221840,1264,0,1264,-19,0,134,3
103,500,30.000000,60.000000,0,3,-2138221834,1260,0,1260,-19,0,134,3
103,500,30.000000,60.000000,0,3,-2138221828,1257,0,1257,-19,0,134,3
103,500,30.000000,60.000000,0,3,-2138221821,1254,0,1254,-20,0,134,3
103,500,30.000000,60.000000,0,3,-2138221815,1252,0,1252,-20,0,134,3
103,500,30.000000,60.000000,0,3,-2138221809,1250,0,1250,-20,0,134,3
103,500,30.000000,60.000000,0,3,-2138221803,1249,0,1249,-20,0,134,3
103,500,30.000000,60.000000,0,3,-2138221796,1248,0,1248,-20,0,134,3
103,500,30.000000,60.000000,0,3,-2138221790,1247,0,1247,-20,0,134,3
103,500,30.000000,60.000000,0,3,-2138221783,1244,0,1244,-20,0,134,3
103,500,30.000000,60.000000,0,3,-2138221776,1241,0,1241,-20,0,134,3
103,500,30.000000,60.000000,0,3,-2138221768,1239,0,1239,-20,0,134,3
103,500,30.000000,60.000000,0,3,-2138221762,1237,0,1237,-20,0,134,3
103,500,30.000000,60.000000,0,3,-2138221755,1235,0,1235,-20,0,134,3
103,500,30.000000,60.000000,0,3,-2138221747,1232,0,1232,-20,0,134,3
103,500,30.000000,60.000000,0,3,-2138221741,1230,0,1230,-20,0,134,3
103,500,30.000000,60.000000,0,3,-2138221734,1227,0,1227,-20,0,134,3
103,500,30.000000,60.000000,0,3,-2138221727,1226,0,1226,-20,0,134,3
103,500,30.000000,60.000000,0,3,-2138221719,1226,0,1226,-20,0,134,3
103,500,30.000000,60.000000,0,3,-2138221713,1226,0,1226,-20,0,134,3
103,500,30.000000,60.000000,0,3,-2138221705,1226,0,1226,-20,0,134,3
103,500,30.000000,60.000000,0,3,-2138221699,1226,0,1226,-20,0,134,3
103,500,30.000000,60.000000,0,3,-2138221693,1226,0,1226,-20,0,134,3
103,500,30.000000,60.000000,0,3,-2138221686,1226,0,1226,-20,0,134,3
103,500,30.000000,60.000000,0,3,-2138221678,1225,0,1225,-20,0,134,3
103,500,30.000000,60.000000,0,3,-2138221671,1224,0,1224,-20,0,134,3
103,500,30.000000,60.000000,0,3,-2138221664,1223,0,1223,-20,0,134,3
103,500,30.000000,60.000000,0,3,-2138221658,1222,0,1222,-20,0,134,3
103,500,30.000000,60.000000,0,3,-2138221651,1221,0,1221,-20,0,134,3
103,500,30.000000,60.000000,0,3,-2138221644,1220,0,1220,-20,0,134,3
103,500,30.000000,60.000000,0,3,-2138221637,1220,0,1220,-20,0,134,3
103,500,30.000000,60.000000,0,3,-2138221630,1220,0,1220,-20,0,134,3
103,500,30.000000,60.000000,0,3,-2138221623,1219,0,1219,-20,0,134,3
103,500,30.000000,60.000000,0,3,-2138221615,1218,0,1218,-20,0,134,3
103,500,30.000000,60.000000,0,3,-2138221608,1218,0,1218,-20,0,134,3
103,500,30.000000,60.000000,0,3,-2138221601,1217,0,1217,-20,0,134,3
103,500,30.000000,60.000000,0,3,-2138221595,1216,0,1216,-20,0,134,3
103,500,30.000000,60.000000,0,3,-2138221588,1215,0,1215,-20,0,134,3
103,500,30.000000,60.000000,0,3,-2138221580,1213,0,1213,-20,0,134,3
103,500,30.000000,60.000000,0,3,-2138221574,1212,0,1212,-20,0,134,3
103,500,30.000000,60.000000,0,3,-2138221568,1211,0,1211,-20,0,134,3
103,500,30.000000,60.000000,0,3,-2138221560,1210,0,1210,-20,0,134,3
103,500,30.000000,60.000000,0,3,-2138221543,1209,0,1209,-20,0,134,3
