103,1000,30.000000,60.000000,0,0,-2139451470,458,2,458,2,0,0,3
103,1000,30.000000,60.000000,0,0,-2139451468,458,2,458,2,0,0,3
103,1000,30.000000,60.000000,0,0,-2139451462,458,2,458,2,0,0,3
103,1000,30.000000,60.000000,0,0,-2139451455,458,2,458,2,0,0,3
103,1000,30.000000,60.000000,0,0,-2139451449,458,2,458,2,0,0,3
103,1000,30.000000,60.000000,0,0,-2139451442,458,2,458,2,0,0,3
103,1000,30.000000,60.000000,0,0,-2139451435,458,1,458,1,0,0,3
103,1000,30.000000,60.000000,0,0,-2139451428,458,0,458,0,0,0,3
103,1000,30.000000,60.000000,0,0,-2139451421,458,0,458,0,0,0,3
103,1000,30.000000,60.000000,0,0,-2139451405,458,0,458,0,0,0,3
103,1000,30.000000,60.000000,0,0,-2139451396,458,0,458,0,0,0,3
103,1000,30.000000,60.000000,0,0,-2139451388,458,0,458,0,0,0,3
103,1000,30.000000,60.000000,0,0,-2139451382,458,0,458,0,0,0,3
103,1000,30.000000,60.000000,0,0,-2139451375,458,0,458,0,0,0,3
103,1000,30.000000,60.000000,0,0,-2139451368,459,0,459,0,0,0,3
103,1000,30.000000,60.000000,0,0,-2139451362,462,0,462,-1,0,0,3
103,1000,30.000000,60.000000,0,0,-2139451355,467,0,467,-1,0,0,3
103,1000,30.000000,60.000000,0,0,-2139451349,473,0,473,-2,0,0,3
103,1000,30.000000,60.000000,0,0,-2139451342,483,0,483,-4,0,0,3
103,1000,30.000000,60.000000,0,0,-2139451336,494,0,494,-6,0,0,3
103,1000,30.000000,60.000000,0,0,-2139451329,515,0,515,-9,0,0,3
103,1000,30.000000,60.000000,0,0,-2139451323,539,0,539,-12,0,0,3
103,1000,30.000000,60.000000,0,0,-2139451316,573,0,573,-16,0,0,3
103,1000,30.000000,60.000000,0,0,-2139451309,608,0,608,-20,0,0,3
103,1000,30.000000,60.000000,0,0,-2139451302,648,0,648,-24,0,0,3
103,1000,30.000000,60.000000,0,0,-2139451295,701,0,701,-30,0,0,3
103,1000,30.000000,60.000000,0,0,-2139451288,754,0,754,-35,0,0,3
103,1000,30.000000,60.000000,0,0,-2139451281,818,0,818,-41,0,0,3
103,1000,30.000000,60.000000,0,0,-2139451275,875,0,875,-45,0,0,3
103,1000,30.000000,60.000000,0,0,-2139451268,931,0,931,-51,0,0,3
103,1000,30.000000,60.000000,0,0,-2139451260,1000,0,1000,-57,0,0,3
103,1000,30.000000,60.000000,0,0,-2139451254,1059,0,1059,-62,0,0,3
103,1000,30.000000,60.000000,0,0,-2139451246,1128,0,1128,-67,0,0,3
103,1000,30.000000,60.000000,0,0,-2139451240,1185,0,1185,-72,0,0,3
103,1000,30.000000,60.000000,0,0,-2139451233,1237,0,1237,-75,0,0,3
103,1000,30.000000,60.000000,0,0,-2139451226,1277,0,1277,-78,0,0,3
103,1000,30.000000,60.000000,0,0,-2139451220,1321,0,1321,-80,0,0,3
103,1000,30.000000,60.000000,0,0,-2139451213,1350,0,1350,-82,0,0,3
103,1000,30.000000,60.000000,0,0,-2139451206,1370,0,1370,-83,0,0,3
103,1000,30.000000,60.000000,0,0,-2139451198,1384,0,1384,-83,0,0,3
103,1000,30.000000,60.000000,0,0,-2139451191,1392,0,1392,-83,0,0,3
103,1000,30.000000,60.000000,0,0,-2139451184,1395,0,1395,-83,0,0,3
103,1000,30.000000,60.000000,0,0,-2139451178,1396,0,1396,-83,0,0,3
103,1000,30.000000,60.000000,0,0,-2139451171,1398,0,1398,-83,0,0,3
103,1000,30.000000,60.000000,0,0,-2139451163,1398,0,1398,-83,0,0,3
103,1000,30.000000,60.000000,0,0,-2139451156,1398,0,1398,-83,0,0,3
103,1000,30.000000,60.000000,0,0,-2139451150,1398,0,1398,-83,0,0,3
103,1000,30.000000,60.000000,0,0,-2139451143,1398,0,1398,-83,0,0,3
103,1000,30.000000,60.000000,0,0,-2139451136,1398,0,1398,-83,0,0,3
103,1000,30.000000,60.000000,0,0,-2139451129,1398,0,1398,-83,0,0,3
103,1000,30.000000,60.000000,0,0,-2139451122,1398,0,1398,-83,0,0,3
103,1000,30.000000,60.000000,0,0,-2139451115,1398,0,1398,-83,0,0,3
103,1000,30.000000,60.000000,0,0,-2139451108,1398,0,1398,-83,0,0,3
103,1000,30.000000,60.000000,0,0,-2139451100,1398,0,1398,-83,0,0,3
103,1000,30.000000,60.000000,0,0,-2139451094,1398,0,1398,-83,0,0,3
103,1000,30.000000,60.000000,0,0,-2139451087,1398,0,1398,-83,0,0,3
103,1000,30.000000,60.000000,0,0,-2139451081,1398,0,1398,-83,0,0,3
103,1000,30.000000,60.000000,0,0,-2139451065,1398,0,1398,-83,0,0,3
103,1000,30.000000,60.000000,0,0,-2139451058,1398,0,1398,-83,0,0,3
103,1000,30.000000,60.000000,0,0,-2139451049,1398,0,1398,-83,0,0,3
103,1000,30.000000,60.000000,0,0,-2139451040,1398,0,1398,-83,0,0,3
103,1000,30.000000,60.000000,0,0,-2139451034,1398,0,1398,-83,0,0,3
103,1000,30.000000,60.000000,0,0,-2139451028,1398,0,1398,-83,0,0,3
103,1000,30.000000,60.000000,0,0,-2139451021,1398,0,1398,-83,0,0,3
103,1000,30.000000,60.000000,0,0,-2139451015,1398,0,1398,-83,0,0,3
103,1000,30.000000,60.000000,0,0,-2139451009,1398,0,1398,-83,0,0,3
103,1000,30.000000,60.000000,0,0,-2139451002,1398,0,1398,-83,0,0,3
103,1000,30.000000,60.000000,0,0,-2139450995,1398,0,1398,-83,0,0,3
103,1000,30.000000,60.000000,0,0,-2139450988,1399,0,1399,-83,0,0,3
103,1000,30.000000,60.000000,0,0,-2139450982,1400,0,1400,-83,0,0,3
103,1000,30.000000,60.000000,0,0,-2139450975,1402,0,1402,-83,0,0,3
103,1000,30.000000,60.000000,0,0,-2139450969,1404,0,1404,-83,0,0,3
103,1000,30.000000,60.000000,0,0,-2139450962,1409,0,1409,-83,0,0,3
103,1000,30.000000,60.000000,0,0,-2139450955,1414,0,1414,-83,0,0,3
103,1000,30.000000,60.000000,0,0,-2139450948,1418,0,1418,-83,0,0,3
103,1000,30.000000,60.000000,0,0,-2139450941,1422,0,1422,-84,0,0,3
103,1000,30.000000,60.000000,0,0,-2139450934,1426,0,1426,-84,0,0,3
103,1000,30.000000,60.000000,0,0,-2139450927,1430,0,1430,-84,0,0,3
103,1000,30.000000,60.000000,0,0,-2139450920,1434,0,1434,-84,0,0,3
103,1000,30.000000,60.000000,0,0,-2139450913,1437,0,1437,-85,0,0,3
103,1000,30.000000,60.000000,0,0,-2139450906,1440,0,1440,-85,0,0,3
103,1000,30.000000,60.000000,0,0,-2139450900,1444,0,1444,-86,0,0,3
103,1000,30.000000,60.000000,0,0,-2139450893,1447,0,1447,-86,0,0,3
103,1000,30.000000,60.000000,0,0,-2139450886,1449,0,1449,-87,0,0,3
103,1000,30.000000,60.000000,0,0,-2139450879,1450,0,1450,-87,0,0,3
103,1000,30.000000,60.000000,0,0,-2139450872,1451,0,1451,-87,0,0,3
103,1000,30.000000,60.000000,0,0,-2139450864,1452,0,1452,-87,0,0,3
103,1000,30.000000,60.000000,0,0,-2139450858,1452,0,1452,-87,0,0,3
103,1000,30.000000,60.000000,0,0,-2139450850,1452,0,1452,-87,0,0,3
103,1000,30.000000,60.000000,0,0,-2139450844,1452,0,1452,-87,0,0,3
103,1000,30.000000,60.000000,0,0,-2139450837,1452,0,1452,-87,0,0,3
103,1000,30.000000,60.000000,0,0,-2139450831,1452,0,1452,-87,0,0,3
103,1000,30.000000,60.000000,0,0,-2139450815,1452,0,1452,-87,0,0,3
103,1000,30.000000,60.000000,0,0,-2139450806,1452,0,1452,-87,0,0,3
103,1000,30.000000,60.000000,0,0,-2139450798,1452,0,1452,-87,0,0,3
103,1000,30.000000,60.000000,0,0,-2139450792,1452,0,1452,-87,0,0,3
103,1000,30.000000,60.000000,0,0,-2139450785,1452,0,1452,-87,0,0,3
103,1000,30.000000,60.000000,0,0,-2139450779,1452,0,1452,-87,0,0,3
103,1000,30.000000,60.000000,0,0,-2139450772,1452,0,1452,-87,0,0,3
103,1000,30.000000,60.000000,0,0,-2139450761,1452,0,1452,-87,0,0,3
103,1000,30.000000,60.000000,0,0,-2139450753,1452,0,1452,-87,0,0,3
103,1000,30.000000,60.000000,0,0,-2139450745,1452,0,1452,-87,0,0,3
103,1000,30.000000,60.000000,0,0,-2139450739,1452,0,1452,-87,0,0,3
103,1000,30.000000,60.000000,0,0,-2139450732,1452,0,1452,-87,0,0,3
103,1000,30.000000,60.000000,0,0,-2139450726,1452,0,1452,-87,0,0,3
103,1000,30.000000,60.000000,0,0,-2139450719,1452,0,1452,-87,0,0,3
103,1000,30.000000,60.000000,0,0,-2139450712,1452,0,1452,-87,0,0,3
103,1000,30.000000,60.000000,0,0,-2139450694,1452,0,1452,-87,0,0,3
