103,500,30.000000,60.000000,0,1,-2138983065,708,0,708,0,0,50,4
103,500,30.000000,60.000000,0,1,-2138983063,708,0,708,0,0,50,4
103,500,30.000000,60.000000,0,1,-2138983057,707,0,707,0,0,50,4
103,500,30.000000,60.000000,0,1,-2138983050,706,0,706,0,0,50,4
103,500,30.000000,60.000000,0,1,-2138983043,706,0,706,0,0,50,4
103,500,30.000000,60.000000,0,1,-2138983036,706,0,706,0,0,50,4
103,500,30.000000,60.000000,0,1,-2138983020,706,0,706,0,0,50,4
103,500,30.000000,60.000000,0,1,-2138983010,706,0,706,0,0,50,4
103,500,30.000000,60.000000,0,1,-2138983003,706,0,706,0,0,50,4
103,500,30.000000,60.000000,0,1,-2138982996,706,0,706,-1,0,50,4
103,500,30.000000,60.000000,0,1,-2138982990,708,0,708,-2,0,50,4
103,500,30.000000,60.000000,0,1,-2138982982,712,0,712,-2,0,50,4
103,500,30.000000,60.000000,0,1,-2138982976,722,0,722,-2,0,50,4
103,500,30.000000,60.000000,0,1,-2138982971,735,0,735,-4,0,50,4
103,500,30.000000,60.000000,0,1,-2138982964,744,0,744,-5,0,50,4
103,500,30.000000,60.000000,0,1,-2138982958,759,0,759,-7,0,50,4
103,500,30.000000,60.000000,0,1,-2138982951,776,0,776,-8,0,50,4
103,500,30.000000,60.000000,0,1,-2138982944,809,0,809,-11,0,50,4
103,500,30.000000,60.000000,0,1,-2138982937,852,0,852,-15,0,50,4
103,500,30.000000,60.000000,0,1,-2138982930,893,0,893,-19,0,50,4
103,500,30.000000,60.000000,0,1,-2138982923,948,0,948,-24,0,50,4
103,500,30.000000,60.000000,0,1,-2138982917,991,0,991,-27,0,50,4
103,500,30.000000,60.000000,0,1,-2138982910,1045,0,1045,-31,0,50,4
103,500,30.000000,60.000000,0,1,-2138982904,1081,0,1081,-34,0,50,4
103,500,30.000000,60.000000,0,1,-2138982897,1122,0,1122,-36,0,50,4
103,500,30.000000,60.000000,0,1,-2138982890,1153,0,1153,-38,0,50,4
103,500,30.000000,60.000000,0,1,-2138982883,1193,0,1193,-40,0,50,4
103,500,30.000000,60.000000,0,1,-2138982876,1215,0,1215,-41,0,50,4
103,500,30.000000,60.000000,0,1,-2138982869,1232,0,1232,-42,0,50,4
103,500,30.000000,60.000000,0,1,-2138982862,1241,0,1241,-42,0,50,4
103,500,30.000000,60.000000,0,1,-2138982854,1245,0,1245,-42,0,50,4
103,500,30.000000,60.000000,0,1,-2138982849,1246,0,1246,-42,0,50,4
103,500,30.000000,60.000000,0,1,-2138982842,1247,0,1247,-42,0,50,4
103,500,30.000000,60.000000,0,1,-2138982835,1247,0,1247,-42,0,50,4
103,500,30.000000,60.000000,0,1,-2138982828,1246,0,1246,-42,0,50,4
103,500,30.000000,60.000000,0,1,-2138982821,1245,0,1245,-42,0,50,4
103,500,30.000000,60.000000,0,1,-2138982813,1243,0,1243,-42,0,50,4
103,500,30.000000,60.000000,0,1,-2138982806,1242,0,1242,-43,0,50,4
103,500,30.000000,60.000000,0,1,-2138982799,1241,0,1241,-44,0,50,4
103,500,30.000000,60.000000,0,1,-2138982793,1239,0,1239,-45,0,50,4
103,500,30.000000,60.000000,0,1,-2138982785,1238,0,1238,-45,0,50,4
103,500,30.000000,60.000000,0,1,-2138982778,1237,0,1237,-46,0,50,4
103,500,30.000000,60.000000,0,1,-2138982772,1236,0,1236,-46,0,50,4
103,500,30.000000,60.000000,0,1,-2138982765,1235,0,1235,-46,0,50,4
103,500,30.000000,60.000000,0,1,-2138982758,1233,0,1233,-46,0,50,4
103,500,30.000000,60.000000,0,1,-2138982750,1231,0,1231,-46,0,50,4
103,500,30.000000,60.000000,0,1,-2138982743,1230,0,1230,-46,0,50,4
103,500,30.000000,60.000000,0,1,-2138982737,1230,0,1230,-46,0,50,4
103,500,30.000000,60.000000,0,1,-2138982729,1230,0,1230,-47,0,50,4
103,500,30.000000,60.000000,0,1,-2138982722,1229,0,1229,-48,0,50,4
103,500,30.000000,60.000000,0,1,-2138982716,1228,0,1228,-48,0,50,4
103,500,30.000000,60.000000,0,1,-2138982709,1227,0,1227,-49,0,50,4
103,500,30.000000,60.000000,0,1,-2138982701,1224,0,1224,-49,0,50,4
103,500,30.000000,60.000000,0,1,-2138982694,1220,0,1220,-50,0,50,4
103,500,30.000000,60.000000,0,1,-2138982688,1216,0,1216,-50,0,50,4
103,500,30.000000,60.000000,0,1,-2138982681,1212,0,1212,-51,0,50,4
103,500,30.000000,60.000000,0,1,-2138982675,1207,0,1207,-52,0,50,4
103,500,30.000000,60.000000,0,1,-2138982668,1203,0,1203,-52,0,50,4
103,500,30.000000,60.000000,0,1,-2138982661,1201,0,1201,-52,0,50,4
103,500,30.000000,60.000000,0,1,-2138982654,1199,0,1199,-53,0,50,4
103,500,30.000000,60.000000,0,1,-2138982647,1197,0,1197,-54,0,50,4
103,500,30.000000,60.000000,0,1,-2138982640,1197,0,1197,-54,0,50,4
103,500,30.000000,60.000000,0,1,-2138982632,1197,0,1197,-54,0,50,4
103,500,30.000000,60.000000,0,1,-2138982625,1197,0,1197,-54,0,50,4
103,500,30.000000,60.000000,0,1,-2138982619,1197,0,1197,-55,0,50,4
103,500,30.000000,60.000000,0,1,-2138982611,1198,0,1198,-55,0,50,4
103,500,30.000000,60.000000,0,1,-2138982605,1199,0,1199,-55,0,50,4
103,500,30.000000,60.000000,0,1,-2138982599,1200,0,1200,-55,0,50,4
103,500,30.000000,60.000000,0,1,-2138982591,1202,0,1202,-56,0,50,4
103,500,30.000000,60.000000,0,1,-2138982585,1202,0,1202,-56,0,50,4
103,500,30.000000,60.000000,0,1,-2138982578,1202,0,1202,-56,0,50,4
103,500,30.000000,60.000000,0,1,-2138982570,1202,0,1202,-56,0,50,4
103,500,30.000000,60.000000,0,1,-2138982564,1202,0,1202,-56,0,50,4
103,500,30.000000,60.000000,0,1,-2138982546,1202,0,1202,-56,0,50,4
