103,500,30.000000,0.000000,1,2,-2138306958,722,13,722,13,0,128,2
103,500,30.000000,0.000000,1,2,-2138306956,722,13,722,13,0,128,2
103,500,30.000000,0.000000,1,2,-2138306950,722,13,722,13,0,128,2
103,500,30.000000,0.000000,1,2,-2138306944,722,13,722,13,0,128,2
103,500,30.000000,0.000000,1,2,-2138306938,722,13,722,13,0,128,2
103,500,30.000000,0.000000,1,2,-2138306931,722,13,722,13,0,128,2
103,500,30.000000,0.000000,1,2,-2138306925,722,13,722,13,0,128,2
103,500,30.000000,0.000000,1,2,-2138306919,722,13,722,13,0,128,2
103,500,30.000000,0.000000,1,2,-2138306912,722,13,722,13,0,128,2
103,500,30.000000,0.000000,1,2,-2138306905,722,13,722,13,0,128,2
103,500,30.000000,0.000000,1,2,-2138306899,722,13,722,13,0,128,2
103,500,30.000000,0.000000,1,2,-2138306890,721,14,721,14,0,128,2
103,500,30.000000,0.000000,1,2,-2138306883,721,16,721,16,0,128,2
103,500,30.000000,0.000000,1,2,-2138306876,721,19,721,19,0,128,2
103,500,30.000000,0.000000,1,2,-2138306870,721,22,721,22,0,128,2
103,500,30.000000,0.000000,1,2,-2138306864,722,24,722,24,0,128,2
103,500,30.000000,0.000000,1,2,-2138306856,725,28,725,28,0,128,2
103,500,30.000000,0.000000,1,2,-2138306850,731,31,731,31,0,128,2
103,500,30.000000,0.000000,1,2,-2138306843,738,35,738,35,0,128,2
103,500,30.000000,0.000000,1,2,-2138306836,747,38,747,38,0,128,2
103,500,30.000000,0.000000,1,2,-2138306829,768,43,768,43,0,128,2
103,500,30.000000,0.000000,1,2,-2138306823,791,48,791,48,0,128,2
103,500,30.000000,0.000000,1,2,-2138306816,814,50,814,50,0,128,2
103,500,30.000000,0.000000,1,2,-2138306808,843,54,843,54,0,128,2
103,500,30.000000,0.000000,1,2,-2138306798,873,57,873,57,0,128,2
103,500,30.000000,0.000000,1,2,-2138306789,920,60,920,60,0,128,2
103,500,30.000000,0.000000,1,2,-2138306781,950,61,950,61,0,128,2
103,500,30.000000,0.000000,1,2,-2138306774,984,61,984,61,0,128,2
103,500,30.000000,0.000000,1,2,-2138306767,1004,61,1004,61,0,128,2
103,500,30.000000,0.000000,1,2,-2138306759,1027,60,1027,60,0,128,2
103,500,30.000000,0.000000,1,2,-2138306752,1045,57,1045,57,0,128,2
103,500,30.000000,0.000000,1,2,-2138306745,1065,53,1065,53,0,128,2
103,500,30.000000,0.000000,1,2,-2138306738,1076,50,1076,50,0,128,2
103,500,30.000000,0.000000,1,2,-2138306732,1086,47,1086,47,0,128,2
103,500,30.000000,0.000000,1,2,-2138306725,1094,43,1094,43,0,128,2
103,500,30.000000,0.000000,1,2,-2138306718,1100,40,1100,40,0,128,2
103,500,30.000000,0.000000,1,2,-2138306712,1104,36,1104,36,0,128,2
103,500,30.000000,0.000000,1,2,-2138306705,1108,33,1108,33,0,128,2
103,500,30.000000,0.000000,1,2,-2138306697,1110,30,1110,30,0,128,2
103,500,30.000000,0.000000,1,2,-2138306690,1111,29,1111,29,0,128,2
103,500,30.000000,0.000000,1,2,-2138306684,1111,28,1111,28,0,128,2
103,500,30.000000,0.000000,1,2,-2138306676,1111,27,1111,27,0,128,2
103,500,30.000000,0.000000,1,2,-2138306669,1112,26,1112,26,0,128,2
103,500,30.000000,0.000000,1,2,-2138306662,1113,25,1113,25,0,128,2
103,500,30.000000,0.000000,1,2,-2138306655,1114,24,1114,24,0,128,2
103,500,30.000000,0.000000,1,2,-2138306648,1116,23,1116,23,0,128,2
103,500,30.000000,0.000000,1,2,-2138306641,1118,22,1118,22,0,128,2
103,500,30.000000,0.000000,1,2,-2138306634,1121,21,1121,21,0,128,2
103,500,30.000000,0.000000,1,2,-2138306628,1124,21,1124,21,0,128,2
103,500,30.000000,0.000000,1,2,-2138306621,1127,20,1127,20,0,128,2
103,500,30.000000,0.000000,1,2,-2138306613,1129,20,1129,20,0,128,2
103,500,30.000000,0.000000,1,2,-2138306607,1133,20,1133,20,0,128,2
103,500,30.000000,0.000000,1,2,-2138306600,1136,19,1136,19,0,128,2
103,500,30.000000,0.000000,1,2,-2138306594,1139,18,1139,18,0,128,2
103,500,30.000000,0.000000,1,2,-2138306586,1143,17,1143,17,0,128,2
103,500,30.000000,0.000000,1,2,-2138306580,1147,16,1147,16,0,128,2
103,500,30.000000,0.000000,1,2,-2138306572,1151,15,1151,15,0,128,2
103,500,30.000000,0.000000,1,2,-2138306565,1156,14,1156,14,0,128,2
103,500,30.000000,0.000000,1,2,-2138306558,1162,14,1162,14,0,128,2
103,500,30.000000,0.000000,1,2,-2138306551,1166,14,1166,14,0,128,2
103,500,30.000000,0.000000,1,2,-2138306545,1173,13,1173,13,0,128,2
103,500,30.000000,0.000000,1,2,-2138306538,1179,13,1179,13,0,128,2
103,500,30.000000,0.000000,1,2,-2138306530,1185,13,1185,13,0,128,2
103,500,30.000000,0.000000,1,2,-2138306523,1192,13,1192,13,0,128,2
103,500,30.000000,0.000000,1,2,-2138306516,1198,13,1198,13,0,128,2
103,500,30.000000,0.000000,1,2,-2138306509,1205,13,1205,13,0,128,2
103,500,30.000000,0.000000,1,2,-2138306502,1211,13,1211,13,0,128,2
103,500,30.000000,0.000000,1,2,-2138306496,1215,13,1215,13,0,128,2
103,500,30.000000,0.000000,1,2,-2138306489,1216,13,1216,13,0,128,2
103,500,30.000000,0.000000,1,2,-2138306481,1217,13,1217,13,0,128,2
103,500,30.000000,0.000000,1,2,-2138306475,1217,13,1217,13,0,128,2
103,500,30.000000,0.000000,1,2,-2138306468,1217,13,1217,13,0,128,2
103,500,30.000000,0.000000,1,2,-2138306460,1217,13,1217,13,0,128,2
103,500,30.000000,0.000000,1,2,-2138306455,1215,13,1215,13,0,128,2
103,500,30.000000,0.000000,1,2,-2138306447,1214,13,1214,13,0,128,2
103,500,30.000000,0.000000,1,2,-2138306440,1213,13,1213,13,0,128,2
103,500,30.000000,0.000000,1,2,-2138306434,1212,13,1212,13,0,128,2
103,500,30.000000,0.000000,1,2,-2138306427,1211,13,1211,13,0,128,2
103,500,30.000000,0.000000,1,2,-2138306420,1210,13,1210,13,0,128,2
103,500,30.000000,0.000000,1,2,-2138306412,1210,13,1210,13,0,128,2
103,500,30.000000,0.000000,1,2,-2138306405,1210,13,1210,13,0,128,2
103,500,30.000000,0.000000,1,2,-2138306399,1210,13,1210,13,0,128,2
103,500,30.000000,0.000000,1,2,-2138306392,1210,13,1210,13,0,128,2
103,500,30.000000,0.000000,1,2,-2138306385,1210,13,1210,13,0,128,2
103,500,30.000000,0.000000,1,2,-2138306378,1210,13,1210,13,0,128,2
103,500,30.000000,0.000000,1,2,-2138306370,1210,13,1210,13,0,128,2
103,500,30.000000,0.000000,1,2,-2138306364,1210,13,1210,13,0,128,2
103,500,30.000000,0.000000,1,2,-2138306356,1210,13,1210,13,0,128,2
103,500,30.000000,0.000000,1,2,-2138306350,1210,13,1210,13,0,128,2
103,500,30.000000,0.000000,1,2,-2138306343,1210,13,1210,13,0,128,2
103,500,30.000000,0.000000,1,2,-2138306336,1210,13,1210,13,0,128,2
103,500,30.000000,0.000000,1,2,-2138306329,1209,13,1209,13,0,128,2
103,500,30.000000,0.000000,1,2,-2138306311,1208,13,1208,13,0,128,2
