103,500,30.000000,0.000000,0,1,-2138974997,713,0,713,0,0,51,4
103,500,30.000000,0.000000,0,1,-2138974995,713,0,713,0,0,51,4
103,500,30.000000,0.000000,0,1,-2138974989,713,0,713,0,0,51,4
103,500,30.000000,0.000000,0,1,-2138974983,713,0,713,0,0,51,4
103,500,30.000000,0.000000,0,1,-2138974976,713,0,713,0,0,51,4
103,500,30.000000,0.000000,0,1,-2138974970,713,0,713,0,0,51,4
103,500,30.000000,0.000000,0,1,-2138974964,713,0,713,0,0,51,4
103,500,30.000000,0.000000,0,1,-2138974958,713,0,713,0,0,51,4
103,500,30.000000,0.000000,0,1,-2138974952,713,0,713,0,0,51,4
103,500,30.000000,0.000000,0,1,-2138974946,713,0,713,0,0,51,4
103,500,30.000000,0.000000,0,1,-2138974939,713,0,713,0,0,51,4
103,500,30.000000,0.000000,0,1,-2138974931,716,0,716,0,0,51,4
103,500,30.000000,0.000000,0,1,-2138974924,721,0,721,-1,0,51,4
103,500,30.000000,0.000000,0,1,-2138974917,730,0,730,-2,0,51,4
103,500,30.000000,0.000000,0,1,-2138974910,742,0,742,-3,0,51,4
103,500,30.000000,0.000000,0,1,-2138974903,755,0,755,-3,0,51,4
103,500,30.000000,0.000000,0,1,-2138974896,784,0,784,-5,0,51,4
103,500,30.000000,0.000000,0,1,-2138974889,822,0,822,-7,0,51,4
103,500,30.000000,0.000000,0,1,-2138974883,863,0,863,-9,0,51,4
103,500,30.000000,0.000000,0,1,-2138974876,899,0,899,-10,0,51,4
103,500,30.000000,0.000000,0,1,-2138974869,953,0,953,-12,0,51,4
103,500,30.000000,0.000000,0,1,-2138974862,1005,0,1005,-14,0,51,4
103,500,30.000000,0.000000,0,1,-2138974855,1057,0,1057,-15,0,51,4
103,500,30.000000,0.000000,0,1,-2138974848,1108,0,1108,-18,0,51,4
103,500,30.000000,0.000000,0,1,-2138974841,1149,0,1149,-21,0,51,4
103,500,30.000000,0.000000,0,1,-2138974835,1189,0,1189,-24,0,51,4
103,500,30.000000,0.000000,0,1,-2138974827,1215,0,1215,-24,0,51,4
103,500,30.000000,0.000000,0,1,-2138974820,1235,0,1235,-24,0,51,4
103,500,30.000000,0.000000,0,1,-2138974813,1251,0,1251,-24,0,51,4
103,500,30.000000,0.000000,0,1,-2138974806,1261,0,1261,-24,0,51,4
103,500,30.000000,0.000000,0,1,-2138974800,1266,0,1266,-24,0,51,4
103,500,30.000000,0.000000,0,1,-2138974793,1266,0,1266,-24,0,51,4
103,500,30.000000,0.000000,0,1,-2138974785,1266,0,1266,-24,0,51,4
103,500,30.000000,0.000000,0,1,-2138974779,1266,0,1266,-24,0,51,4
103,500,30.000000,0.000000,0,1,-2138974772,1264,0,1264,-24,0,51,4
103,500,30.000000,0.000000,0,1,-2138974765,1261,0,1261,-24,0,51,4
103,500,30.000000,0.000000,0,1,-2138974758,1257,0,1257,-24,0,51,4
103,500,30.000000,0.000000,0,1,-2138974751,1254,0,1254,-24,0,51,4
103,500,30.000000,0.000000,0,1,-2138974744,1250,0,1250,-24,0,51,4
103,500,30.000000,0.000000,0,1,-2138974737,1247,0,1247,-24,0,51,4
103,500,30.000000,0.000000,0,1,-2138974730,1246,0,1246,-24,0,51,4
103,500,30.000000,0.000000,0,1,-2138974724,1245,0,1245,-25,0,51,4
103,500,30.000000,0.000000,0,1,-2138974716,1245,0,1245,-25,0,51,4
103,500,30.000000,0.000000,0,1,-2138974710,1245,0,1245,-25,0,51,4
103,500,30.000000,0.000000,0,1,-2138974703,1245,0,1245,-25,0,51,4
103,500,30.000000,0.000000,0,1,-2138974695,1245,0,1245,-25,0,51,4
103,500,30.000000,0.000000,0,1,-2138974689,1245,0,1245,-25,0,51,4
103,500,30.000000,0.000000,0,1,-2138974681,1244,0,1244,-25,0,51,4
103,500,30.000000,0.000000,0,1,-2138974674,1241,0,1241,-25,0,51,4
103,500,30.000000,0.000000,0,1,-2138974667,1238,0,1238,-26,0,51,4
103,500,30.000000,0.000000,0,1,-2138974661,1235,0,1235,-27,0,51,4
103,500,30.000000,0.000000,0,1,-2138974654,1232,0,1232,-27,0,51,4
103,500,30.000000,0.000000,0,1,-2138974647,1230,0,1230,-27,0,51,4
103,500,30.000000,0.000000,0,1,-2138974640,1228,0,1228,-27,0,51,4
103,500,30.000000,0.000000,0,1,-2138974633,1227,0,1227,-27,0,51,4
103,500,30.000000,0.000000,0,1,-2138974626,1226,0,1226,-27,0,51,4
103,500,30.000000,0.000000,0,1,-2138974620,1224,0,1224,-27,0,51,4
103,500,30.000000,0.000000,0,1,-2138974613,1224,0,1224,-28,0,51,4
103,500,30.000000,0.000000,0,1,-2138974606,1224,0,1224,-29,0,51,4
103,500,30.000000,0.000000,0,1,-2138974599,1224,0,1224,-30,0,51,4
103,500,30.000000,0.000000,0,1,-2138974591,1224,0,1224,-30,0,51,4
103,500,30.000000,0.000000,0,1,-2138974585,1224,0,1224,-30,0,51,4
103,500,30.000000,0.000000,0,1,-2138974578,1224,0,1224,-30,0,51,4
103,500,30.000000,0.000000,0,1,-2138974570,1223,0,1223,-30,0,51,4
103,500,30.000000,0.000000,0,1,-2138974563,1222,0,1222,-31,0,51,4
103,500,30.000000,0.000000,0,1,-2138974556,1221,0,1221,-31,0,51,4
103,500,30.000000,0.000000,0,1,-2138974550,1220,0,1220,-31,0,51,4
103,500,30.000000,0.000000,0,1,-2138974543,1219,0,1219,-32,0,51,4
103,500,30.000000,0.000000,0,1,-2138974536,1218,0,1218,-32,0,51,4
103,500,30.000000,0.000000,0,1,-2138974529,1217,0,1217,-32,0,51,4
103,500,30.000000,0.000000,0,1,-2138974521,1217,0,1217,-33,0,51,4
103,500,30.000000,0.000000,0,1,-2138974515,1217,0,1217,-34,0,51,4
103,500,30.000000,0.000000,0,1,-2138974507,1217,0,1217,-34,0,51,4
103,500,30.000000,0.000000,0,1,-2138974490,1217,0,1217,-34,0,51,4
