4,350,82.800000,42.984000,1,1,28093961,785,22,785,22,0,0,21
4,350,82.800000,42.984000,1,1,28093962,785,22,785,22,0,0,21
4,350,82.800000,42.984000,1,1,28093971,785,22,785,22,0,0,21
4,350,82.800000,42.984000,1,1,28093981,785,22,785,22,0,0,21
4,350,82.800000,42.984000,1,1,28093991,785,22,785,22,0,0,21
4,350,82.800000,42.984000,1,1,28094001,785,22,785,22,0,0,21
4,350,82.800000,42.984000,1,1,28094012,785,22,785,22,0,0,21
4,350,82.800000,42.984000,1,1,28094024,785,22,785,22,0,0,21
4,350,82.800000,42.984000,1,1,28094035,787,22,787,22,0,0,21
4,350,82.800000,42.984000,1,1,28094048,795,22,795,22,0,0,21
4,350,82.800000,42.984000,1,1,28094060,822,20,822,20,0,0,21
4,350,82.800000,42.984000,1,1,28094070,859,17,859,17,0,0,21
4,350,82.800000,42.984000,1,1,28094081,909,13,909,13,0,0,21
4,350,82.800000,42.984000,1,1,28094092,965,8,965,8,0,0,21
4,350,82.800000,42.984000,1,1,28094104,1025,2,1025,2,0,0,21
4,350,82.800000,42.984000,1,1,28094115,1083,0,1083,-4,0,0,21
4,350,82.800000,42.984000,1,1,28094126,1130,0,1130,-9,0,0,21
4,350,82.800000,42.984000,1,1,28094137,1169,0,1169,-13,0,0,21
4,350,82.800000,42.984000,1,1,28094148,1195,0,1195,-16,0,0,21
4,350,82.800000,42.984000,1,1,28094159,1206,0,1206,-18,0,0,21
4,350,82.800000,42.984000,1,1,28094168,1209,0,1209,-20,0,0,21
4,350,82.800000,42.984000,1,1,28094178,1210,0,1210,-22,0,0,21
4,350,82.800000,42.984000,1,1,28094188,1210,0,1210,-23,0,0,21
4,350,82.800000,42.984000,1,1,28094198,1209,0,1209,-24,0,0,21
4,350,82.800000,42.984000,1,1,28094208,1208,0,1208,-24,0,0,21
4,350,82.800000,42.984000,1,1,28094218,1206,0,1206,-24,0,0,21
4,350,82.800000,42.984000,1,1,28094228,1204,0,1204,-24,0,0,21
4,350,82.800000,42.984000,1,1,28094237,1203,0,1203,-24,0,0,21
4,350,82.800000,42.984000,1,1,28094247,1201,0,1201,-24,0,0,21
4,350,82.800000,42.984000,1,1,28094257,1198,0,1198,-24,0,0,21
4,350,82.800000,42.984000,1,1,28094268,1193,1,1193,-23,0,0,21
4,350,82.800000,42.984000,1,1,28094280,1187,1,1187,-23,0,0,21
4,350,82.800000,42.984000,1,1,28094292,1182,1,1182,-23,0,0,21
4,350,82.800000,42.984000,1,1,28094303,1181,1,1181,-23,0,0,21
4,350,82.800000,42.984000,1,1,28094313,1181,1,1181,-23,0,0,21
4,350,82.800000,42.984000,1,1,28094323,1181,1,1181,-23,0,0,21
4,350,82.800000,42.984000,1,1,28094334,1181,1,1181,-23,0,0,21
4,350,82.800000,42.984000,1,1,28094345,1180,1,1180,-23,0,0,21
4,350,82.800000,42.984000,1,1,28094356,1176,0,1176,-24,0,0,21
4,350,82.800000,42.984000,1,1,28094366,1169,0,1169,-25,0,0,21
4,350,82.800000,42.984000,1,1,28094376,1163,0,1163,-26,0,0,21
4,350,82.800000,42.984000,1,1,28094387,1158,0,1158,-26,0,0,21
4,350,82.800000,42.984000,1,1,28094397,1155,0,1155,-26,0,0,21
4,350,82.800000,42.984000,1,1,28094406,1155,0,1155,-26,0,0,21
4,350,82.800000,42.984000,1,1,28094417,1155,0,1155,-26,0,0,21
4,350,82.800000,42.984000,1,1,28094427,1155,0,1155,-26,0,0,21
4,350,82.800000,42.984000,1,1,28094436,1155,0,1155,-26,0,0,21
4,350,82.800000,42.984000,1,1,28094447,1155,0,1155,-26,0,0,21
4,350,82.800000,42.984000,1,1,28094457,1155,0,1155,-26,0,0,21
4,350,82.800000,42.984000,1,1,28094468,1153,0,1153,-26,0,0,21
4,350,82.800000,42.984000,1,1,28094477,1151,0,1151,-26,0,0,21
4,350,82.800000,42.984000,1,1,28094488,1150,0,1150,-26,0,0,21
4,350,82.800000,42.984000,1,1,28094498,1150,0,1150,-26,0,0,21
4,350,82.800000,42.984000,1,1,28094508,1150,0,1150,-26,0,0,21
4,350,82.800000,42.984000,1,1,28094517,1150,0,1150,-26,0,0,21
