4,700,50.400000,10000.000000,0,0,28135641,610,0,610,0,0,0,51
4,700,50.400000,10000.000000,0,0,28135642,610,0,610,0,0,0,51
4,700,50.400000,10000.000000,0,0,28135652,628,0,628,-2,0,0,51
4,700,50.400000,10000.000000,0,0,28135662,634,0,634,-2,0,0,51
4,700,50.400000,10000.000000,0,0,28135672,634,0,634,-3,0,0,51
4,700,50.400000,10000.000000,0,0,28135682,634,0,634,-4,0,0,51
4,700,50.400000,10000.000000,0,0,28135692,632,0,632,-4,0,0,51
4,700,50.400000,10000.000000,0,0,28135702,629,0,629,-4,0,0,51
4,700,50.400000,10000.000000,0,0,28135714,628,0,628,-4,0,0,51
4,700,50.400000,10000.000000,0,0,28135724,627,0,627,-4,0,0,51
4,700,50.400000,10000.000000,0,0,28135734,624,0,624,-4,0,0,51
4,700,50.400000,10000.000000,0,0,28135745,621,0,621,-4,0,0,51
4,700,50.400000,10000.000000,0,0,28135755,620,0,620,-4,0,0,51
4,700,50.400000,10000.000000,0,0,28135766,619,0,619,-4,0,0,51
4,700,50.400000,10000.000000,0,0,28135778,619,0,619,-4,0,0,51
4,700,50.400000,10000.000000,0,0,28135789,622,0,622,-4,0,0,51
4,700,50.400000,10000.000000,0,0,28135801,627,0,627,-4,0,0,51
4,700,50.400000,10000.000000,0,0,28135812,630,0,630,-5,0,0,51
4,700,50.400000,10000.000000,0,0,28135821,630,0,630,-5,0,0,51
4,700,50.400000,10000.000000,0,0,28135831,630,0,630,-5,0,0,51
4,700,50.400000,10000.000000,0,0,28135841,628,0,628,-6,0,0,51
4,700,50.400000,10000.000000,0,0,28135851,627,0,627,-6,0,0,51
4,700,50.400000,10000.000000,0,0,28135862,626,0,626,-6,0,0,51
4,700,50.400000,10000.000000,0,0,28135872,626,0,626,-6,0,0,51
4,700,50.400000,10000.000000,0,0,28135882,626,0,626,-6,0,0,51
4,700,50.400000,10000.000000,0,0,28135893,627,0,627,-6,0,0,51
4,700,50.400000,10000.000000,0,0,28135902,630,0,630,-6,0,0,51
4,700,50.400000,10000.000000,0,0,28135913,633,0,633,-6,0,0,51
4,700,50.400000,10000.000000,0,0,28135923,634,0,634,-6,0,0,51
4,700,50.400000,10000.000000,0,0,28135933,636,0,636,-6,0,0,51
4,700,50.400000,10000.000000,0,0,28135943,636,0,636,-6,0,0,51
4,700,50.400000,10000.000000,0,0,28135953,636,0,636,-6,0,0,51
4,700,50.400000,10000.000000,0,0,28135963,636,0,636,-6,0,0,51
4,700,50.400000,10000.000000,0,0,28135973,637,0,637,-6,0,0,51
4,700,50.400000,10000.000000,0,0,28135985,638,0,638,-6,0,0,51
4,700,50.400000,10000.000000,0,0,28135995,641,0,641,-6,0,0,51
4,700,50.400000,10000.000000,0,0,28136006,643,0,643,-6,0,0,51
4,700,50.400000,10000.000000,0,0,28136017,645,0,645,-6,0,0,51
4,700,50.400000,10000.000000,0,0,28136029,645,0,645,-6,0,0,51
4,700,50.400000,10000.000000,0,0,28136039,645,0,645,-6,0,0,51
4,700,50.400000,10000.000000,0,0,28136051,645,0,645,-6,0,0,51
4,700,50.400000,10000.000000,0,0,28136061,645,0,645,-6,0,0,51
4,700,50.400000,10000.000000,0,0,28136071,645,0,645,-6,0,0,51
4,700,50.400000,10000.000000,0,0,28136081,645,0,645,-6,0,0,51
4,700,50.400000,10000.000000,0,0,28136091,645,0,645,-6,0,0,51
4,700,50.400000,10000.000000,0,0,28136101,645,0,645,-6,0,0,51
4,700,50.400000,10000.000000,0,0,28136111,647,0,647,-6,0,0,51
4,700,50.400000,10000.000000,0,0,28136124,653,0,653,-6,0,0,51
4,700,50.400000,10000.000000,0,0,28136136,661,0,661,-6,0,0,51
4,700,50.400000,10000.000000,0,0,28136146,674,0,674,-7,0,0,51
4,700,50.400000,10000.000000,0,0,28136157,691,0,691,-7,0,0,51
4,700,50.400000,10000.000000,0,0,28136168,716,0,716,-8,0,0,51
4,700,50.400000,10000.000000,0,0,28136179,748,0,748,-9,0,0,51
4,700,50.400000,10000.000000,0,0,28136189,785,0,785,-10,0,0,51
4,700,50.400000,10000.000000,0,0,28136201,827,0,827,-11,0,0,51
4,700,50.400000,10000.000000,0,0,28136212,864,0,864,-12,0,0,51
4,700,50.400000,10000.000000,0,0,28136223,906,0,906,-13,0,0,51
4,700,50.400000,10000.000000,0,0,28136234,949,0,949,-14,0,0,51
4,700,50.400000,10000.000000,0,0,28136246,997,0,997,-16,0,0,51
4,700,50.400000,10000.000000,0,0,28136256,1044,0,1044,-18,0,0,51
4,700,50.400000,10000.000000,0,0,28136268,1088,0,1088,-20,0,0,51
4,700,50.400000,10000.000000,0,0,28136279,1133,0,1133,-23,0,0,51
4,700,50.400000,10000.000000,0,0,28136291,1170,0,1170,-26,0,0,51
4,700,50.400000,10000.000000,0,0,28136302,1204,0,1204,-28,0,0,51
4,700,50.400000,10000.000000,0,0,28136313,1234,0,1234,-29,0,0,51
4,700,50.400000,10000.000000,0,0,28136324,1251,0,1251,-29,0,0,51
4,700,50.400000,10000.000000,0,0,28136335,1262,0,1262,-29,0,0,51
4,700,50.400000,10000.000000,0,0,28136347,1267,0,1267,-29,0,0,51
4,700,50.400000,10000.000000,0,0,28136357,1268,0,1268,-29,0,0,51
4,700,50.400000,10000.000000,0,0,28136367,1269,0,1269,-29,0,0,51
4,700,50.400000,10000.000000,0,0,28136377,1269,0,1269,-29,0,0,51
4,700,50.400000,10000.000000,0,0,28136387,1269,0,1269,-29,0,0,51
4,700,50.400000,10000.000000,0,0,28136397,1269,0,1269,-29,0,0,51
4,700,50.400000,10000.000000,0,0,28136406,1269,0,1269,-29,0,0,51
4,700,50.400000,10000.000000,0,0,28136416,1269,0,1269,-29,0,0,51
4,700,50.400000,10000.000000,0,0,28136425,1269,0,1269,-29,0,0,51
4,700,50.400000,10000.000000,0,0,28136435,1269,0,1269,-29,0,0,51
4,700,50.400000,10000.000000,0,0,28136445,1269,0,1269,-29,0,0,51
4,700,50.400000,10000.000000,0,0,28136454,1269,0,1269,-29,0,0,51
4,700,50.400000,10000.000000,0,0,28136464,1268,0,1268,-29,0,0,51
4,700,50.400000,10000.000000,0,0,28136473,1268,0,1268,-29,0,0,51
4,700,50.400000,10000.000000,0,0,28136485,1268,0,1268,-29,0,0,51
4,700,50.400000,10000.000000,0,0,28136496,1270,0,1270,-29,0,0,51
4,700,50.400000,10000.000000,0,0,28136507,1275,0,1275,-29,0,0,51
4,700,50.400000,10000.000000,0,0,28136518,1282,0,1282,-30,0,0,51
4,700,50.400000,10000.000000,0,0,28136528,1290,0,1290,-30,0,0,51
4,700,50.400000,10000.000000,0,0,28136540,1295,0,1295,-30,0,0,51
4,700,50.400000,10000.000000,0,0,28136550,1299,0,1299,-30,0,0,51
4,700,50.400000,10000.000000,0,0,28136560,1302,0,1302,-30,0,0,51
4,700,50.400000,10000.000000,0,0,28136570,1304,0,1304,-30,0,0,51
4,700,50.400000,10000.000000,0,0,28136580,1306,0,1306,-30,0,0,51
4,700,50.400000,10000.000000,0,0,28136590,1306,0,1306,-30,0,0,51
4,700,50.400000,10000.000000,0,0,28136600,1307,0,1307,-30,0,0,51
4,700,50.400000,10000.000000,0,0,28136610,1307,0,1307,-30,0,0,51
4,700,50.400000,10000.000000,0,0,28136620,1307,0,1307,-30,0,0,51
4,700,50.400000,10000.000000,0,0,28136630,1308,0,1308,-30,0,0,51
4,700,50.400000,10000.000000,0,0,28136640,1308,0,1308,-30,0,0,51
4,700,50.400000,10000.000000,0,0,28136650,1309,0,1309,-30,0,0,51
