4,700,82.800000,0.000000,0,1,28210498,610,22,610,22,0,0,113
4,700,82.800000,0.000000,0,1,28210498,610,22,610,22,0,0,113
4,700,82.800000,0.000000,0,1,28210509,610,22,610,22,0,0,113
4,700,82.800000,0.000000,0,1,28210519,610,22,610,22,0,0,113
4,700,82.800000,0.000000,0,1,28210529,610,22,610,22,0,0,113
4,700,82.800000,0.000000,0,1,28210539,610,22,610,22,0,0,113
4,700,82.800000,0.000000,0,1,28210550,610,22,610,22,0,0,113
4,700,82.800000,0.000000,0,1,28210561,611,22,611,22,0,0,113
4,700,82.800000,0.000000,0,1,28210573,617,21,617,21,0,0,113
4,700,82.800000,0.000000,0,1,28210584,634,19,634,19,0,0,113
4,700,82.800000,0.000000,0,1,28210597,666,15,666,15,0,0,113
4,700,82.800000,0.000000,0,1,28210609,713,11,713,11,0,0,113
4,700,82.800000,0.000000,0,1,28210622,775,6,775,6,0,0,113
4,700,82.800000,0.000000,0,1,28210633,862,0,862,-1,0,0,113
4,700,82.800000,0.000000,0,1,28210645,924,0,924,-7,0,0,113
4,700,82.800000,0.000000,0,1,28210656,994,0,994,-13,0,0,113
4,700,82.800000,0.000000,0,1,28210667,1069,0,1069,-20,0,0,113
4,700,82.800000,0.000000,0,1,28210680,1131,0,1131,-25,0,0,113
4,700,82.800000,0.000000,0,1,28210691,1184,0,1184,-30,0,0,113
4,700,82.800000,0.000000,0,1,28210701,1218,0,1218,-34,0,0,113
4,700,82.800000,0.000000,0,1,28210713,1239,0,1239,-36,0,0,113
4,700,82.800000,0.000000,0,1,28210723,1249,0,1249,-37,0,0,113
4,700,82.800000,0.000000,0,1,28210733,1250,0,1250,-37,0,0,113
4,700,82.800000,0.000000,0,1,28210743,1250,0,1250,-37,0,0,113
4,700,82.800000,0.000000,0,1,28210754,1250,0,1250,-37,0,0,113
4,700,82.800000,0.000000,0,1,28210764,1250,0,1250,-37,0,0,113
4,700,82.800000,0.000000,0,1,28210773,1250,0,1250,-37,0,0,113
4,700,82.800000,0.000000,0,1,28210783,1250,0,1250,-37,0,0,113
4,700,82.800000,0.000000,0,1,28210792,1250,0,1250,-37,0,0,113
4,700,82.800000,0.000000,0,1,28210802,1251,0,1251,-37,0,0,113
4,700,82.800000,0.000000,0,1,28210812,1251,0,1251,-37,0,0,113
4,700,82.800000,0.000000,0,1,28210821,1251,0,1251,-37,0,0,113
4,700,82.800000,0.000000,0,1,28210831,1251,0,1251,-37,0,0,113
4,700,82.800000,0.000000,0,1,28210841,1251,0,1251,-37,0,0,113
4,700,82.800000,0.000000,0,1,28210851,1250,0,1250,-37,0,0,113
4,700,82.800000,0.000000,0,1,28210861,1250,0,1250,-37,0,0,113
4,700,82.800000,0.000000,0,1,28210871,1250,0,1250,-37,0,0,113
4,700,82.800000,0.000000,0,1,28210880,1250,0,1250,-37,0,0,113
4,700,82.800000,0.000000,0,1,28210890,1250,0,1250,-37,0,0,113
4,700,82.800000,0.000000,0,1,28210901,1253,0,1253,-37,0,0,113
4,700,82.800000,0.000000,0,1,28210915,1259,0,1259,-37,0,0,113
4,700,82.800000,0.000000,0,1,28210925,1271,0,1271,-37,0,0,113
4,700,82.800000,0.000000,0,1,28210934,1275,0,1275,-37,0,0,113
4,700,82.800000,0.000000,0,1,28210944,1276,0,1276,-37,0,0,113
4,700,82.800000,0.000000,0,1,28210955,1277,0,1277,-37,0,0,113
4,700,82.800000,0.000000,0,1,28210966,1277,0,1277,-37,0,0,113
4,700,82.800000,0.000000,0,1,28210976,1277,0,1277,-37,0,0,113
4,700,82.800000,0.000000,0,1,28210986,1277,0,1277,-37,0,0,113
4,700,82.800000,0.000000,0,1,28210997,1279,0,1279,-37,0,0,113
4,700,82.800000,0.000000,0,1,28211008,1284,0,1284,-37,0,0,113
4,700,82.800000,0.000000,0,1,28211020,1293,0,1293,-38,0,0,113
4,700,82.800000,0.000000,0,1,28211031,1301,0,1301,-38,0,0,113
4,700,82.800000,0.000000,0,1,28211044,1304,0,1304,-38,0,0,113
4,700,82.800000,0.000000,0,1,28211054,1307,0,1307,-38,0,0,113
4,700,82.800000,0.000000,0,1,28211064,1307,0,1307,-38,0,0,113
4,700,82.800000,0.000000,0,1,28211074,1307,0,1307,-38,0,0,113
4,700,82.800000,0.000000,0,1,28211084,1307,0,1307,-38,0,0,113
4,700,82.800000,0.000000,0,1,28211094,1307,0,1307,-38,0,0,113
4,700,82.800000,0.000000,0,1,28211104,1307,0,1307,-38,0,0,113
4,700,82.800000,0.000000,0,1,28211114,1307,0,1307,-38,0,0,113
4,700,82.800000,0.000000,0,1,28211123,1307,0,1307,-38,0,0,113
4,700,82.800000,0.000000,0,1,28211133,1307,0,1307,-38,0,0,113
4,700,82.800000,0.000000,0,1,28211143,1307,0,1307,-38,0,0,113
4,700,82.800000,0.000000,0,1,28211153,1307,0,1307,-38,0,0,113
4,700,82.800000,0.000000,0,1,28211163,1307,0,1307,-38,0,0,113
4,700,82.800000,0.000000,0,1,28211172,1307,0,1307,-38,0,0,113
4,700,82.800000,0.000000,0,1,28211182,1307,0,1307,-38,0,0,113
4,700,82.800000,0.000000,0,1,28211191,1307,0,1307,-38,0,0,113
4,700,82.800000,0.000000,0,1,28211201,1307,0,1307,-38,0,0,113
