4,700,50.400000,42.984000,1,0,28308399,610,0,610,0,0,1,70
4,700,50.400000,42.984000,1,0,28308400,610,0,610,0,0,1,70
4,700,50.400000,42.984000,1,0,28308411,610,0,610,0,0,1,70
4,700,50.400000,42.984000,1,0,28308421,610,0,610,0,0,1,70
4,700,50.400000,42.984000,1,0,28308432,610,0,610,0,0,1,70
4,700,50.400000,42.984000,1,0,28308442,610,0,610,0,0,1,70
4,700,50.400000,42.984000,1,0,28308453,610,0,610,0,0,1,70
4,700,50.400000,42.984000,1,0,28308465,610,0,610,0,0,1,70
4,700,50.400000,42.984000,1,0,28308475,611,0,611,0,0,1,70
4,700,50.400000,42.984000,1,0,28308487,616,0,616,0,0,1,70
4,700,50.400000,42.984000,1,0,28308498,626,0,626,-2,0,1,70
4,700,50.400000,42.984000,1,0,28308509,648,0,648,-5,0,1,70
4,700,50.400000,42.984000,1,0,28308521,680,0,680,-8,0,1,70
4,700,50.400000,42.984000,1,0,28308531,730,0,730,-12,0,1,70
4,700,50.400000,42.984000,1,0,28308543,794,0,794,-14,0,1,70
4,700,50.400000,42.984000,1,0,28308554,861,0,861,-16,0,1,70
4,700,50.400000,42.984000,1,0,28308565,942,0,942,-17,0,1,70
4,700,50.400000,42.984000,1,0,28308576,1023,0,1023,-18,0,1,70
4,700,50.400000,42.984000,1,0,28308586,1100,0,1100,-19,0,1,70
4,700,50.400000,42.984000,1,0,28308597,1170,0,1170,-20,0,1,70
4,700,50.400000,42.984000,1,0,28308608,1232,0,1232,-20,0,1,70
4,700,50.400000,42.984000,1,0,28308619,1275,0,1275,-20,0,1,70
4,700,50.400000,42.984000,1,0,28308630,1306,0,1306,-21,0,1,70
4,700,50.400000,42.984000,1,0,28308641,1323,0,1323,-22,0,1,70
4,700,50.400000,42.984000,1,0,28308652,1326,0,1326,-23,0,1,70
4,700,50.400000,42.984000,1,0,28308662,1329,0,1329,-24,0,1,70
4,700,50.400000,42.984000,1,0,28308673,1327,0,1327,-24,0,1,70
4,700,50.400000,42.984000,1,0,28308685,1325,0,1325,-24,0,1,70
4,700,50.400000,42.984000,1,0,28308696,1323,0,1323,-24,0,1,70
4,700,50.400000,42.984000,1,0,28308706,1322,0,1322,-24,0,1,70
4,700,50.400000,42.984000,1,0,28308717,1322,0,1322,-24,0,1,70
4,700,50.400000,42.984000,1,0,28308727,1321,0,1321,-24,0,1,70
4,700,50.400000,42.984000,1,0,28308737,1319,0,1319,-24,0,1,70
4,700,50.400000,42.984000,1,0,28308748,1317,0,1317,-24,0,1,70
4,700,50.400000,42.984000,1,0,28308759,1316,0,1316,-24,0,1,70
4,700,50.400000,42.984000,1,0,28308769,1316,0,1316,-24,0,1,70
4,700,50.400000,42.984000,1,0,28308781,1316,0,1316,-24,0,1,70
4,700,50.400000,42.984000,1,0,28308791,1316,0,1316,-24,0,1,70
4,700,50.400000,42.984000,1,0,28308802,1316,0,1316,-24,0,1,70
4,700,50.400000,42.984000,1,0,28308812,1316,0,1316,-24,0,1,70
4,700,50.400000,42.984000,1,0,28308822,1316,0,1316,-24,0,1,70
4,700,50.400000,42.984000,1,0,28308833,1316,0,1316,-24,0,1,70
4,700,50.400000,42.984000,1,0,28308844,1317,0,1317,-24,0,1,70
4,700,50.400000,42.984000,1,0,28308854,1317,0,1317,-24,0,1,70
4,700,50.400000,42.984000,1,0,28308865,1317,0,1317,-24,0,1,70
4,700,50.400000,42.984000,1,0,28308876,1317,0,1317,-24,0,1,70
4,700,50.400000,42.984000,1,0,28308886,1317,0,1317,-24,0,1,70
4,700,50.400000,42.984000,1,0,28308897,1317,0,1317,-24,0,1,70
4,700,50.400000,42.984000,1,0,28308907,1317,0,1317,-24,0,1,70
