4,350,21.600000,10000.000000,0,0,28430041,785,0,785,0,0,2,34
4,350,21.600000,10000.000000,0,0,28430041,785,0,785,0,0,2,34
4,350,21.600000,10000.000000,0,0,28430051,785,0,785,0,0,2,34
4,350,21.600000,10000.000000,0,0,28430061,785,0,785,0,0,2,34
4,350,21.600000,10000.000000,0,0,28430073,785,0,785,0,0,2,34
4,350,21.600000,10000.000000,0,0,28430086,786,0,786,0,0,2,34
4,350,21.600000,10000.000000,0,0,28430098,795,0,795,0,0,2,34
4,350,21.600000,10000.000000,0,0,28430108,814,0,814,-1,0,2,34
4,350,21.600000,10000.000000,0,0,28430119,841,0,841,-2,0,2,34
4,350,21.600000,10000.000000,0,0,28430131,873,0,873,-3,0,2,34
4,350,21.600000,10000.000000,0,0,28430142,919,0,919,-5,0,2,34
4,350,21.600000,10000.000000,0,0,28430154,964,0,964,-7,0,2,34
4,350,21.600000,10000.000000,0,0,28430165,1016,0,1016,-10,0,2,34
4,350,21.600000,10000.000000,0,0,28430176,1058,0,1058,-13,0,2,34
4,350,21.600000,10000.000000,0,0,28430189,1094,0,1094,-15,0,2,34
4,350,21.600000,10000.000000,0,0,28430200,1119,0,1119,-18,0,2,34
4,350,21.600000,10000.000000,0,0,28430211,1129,0,1129,-19,0,2,34
4,350,21.600000,10000.000000,0,0,28430221,1140,0,1140,-20,0,2,34
4,350,21.600000,10000.000000,0,0,28430232,1140,0,1140,-21,0,2,34
4,350,21.600000,10000.000000,0,0,28430241,1137,0,1137,-21,0,2,34
4,350,21.600000,10000.000000,0,0,28430252,1135,0,1135,-21,0,2,34
4,350,21.600000,10000.000000,0,0,28430263,1134,0,1134,-21,0,2,34
4,350,21.600000,10000.000000,0,0,28430274,1133,0,1133,-21,0,2,34
4,350,21.600000,10000.000000,0,0,28430285,1133,0,1133,-21,0,2,34
4,350,21.600000,10000.000000,0,0,28430296,1133,0,1133,-21,0,2,34
4,350,21.600000,10000.000000,0,0,28430308,1133,0,1133,-21,0,2,34
4,350,21.600000,10000.000000,0,0,28430318,1133,0,1133,-21,0,2,34
4,350,21.600000,10000.000000,0,0,28430329,1132,0,1132,-21,0,2,34
4,350,21.600000,10000.000000,0,0,28430340,1131,0,1131,-21,0,2,34
4,350,21.600000,10000.000000,0,0,28430350,1131,0,1131,-21,0,2,34
4,350,21.600000,10000.000000,0,0,28430360,1131,0,1131,-21,0,2,34
4,350,21.600000,10000.000000,0,0,28430370,1131,0,1131,-21,0,2,34
4,350,21.600000,10000.000000,0,0,28430380,1131,0,1131,-21,0,2,34
4,350,21.600000,10000.000000,0,0,28430390,1131,0,1131,-21,0,2,34
4,350,21.600000,10000.000000,0,0,28430400,1131,0,1131,-21,0,2,34
4,350,21.600000,10000.000000,0,0,28430412,1131,0,1131,-21,0,2,34
4,350,21.600000,10000.000000,0,0,28430422,1131,0,1131,-21,0,2,34
4,350,21.600000,10000.000000,0,0,28430433,1131,0,1131,-21,0,2,34
4,350,21.600000,10000.000000,0,0,28430444,1130,0,1130,-21,0,2,34
4,350,21.600000,10000.000000,0,0,28430455,1128,0,1128,-21,0,2,34
4,350,21.600000,10000.000000,0,0,28430466,1128,0,1128,-21,0,2,34
4,350,21.600000,10000.000000,0,0,28430477,1128,0,1128,-21,0,2,34
