4,700,82.800000,10000.000000,1,0,28388968,610,0,610,0,0,2,1
4,700,82.800000,10000.000000,1,0,28388969,610,0,610,0,0,2,1
4,700,82.800000,10000.000000,1,0,28388980,610,0,610,0,0,2,1
4,700,82.800000,10000.000000,1,0,28388992,610,0,610,0,0,2,1
4,700,82.800000,10000.000000,1,0,28389002,612,0,612,0,0,2,1
4,700,82.800000,10000.000000,1,0,28389013,614,0,614,0,0,2,1
4,700,82.800000,10000.000000,1,0,28389026,618,0,618,0,0,2,1
4,700,82.800000,10000.000000,1,0,28389037,628,0,628,-1,0,2,1
4,700,82.800000,10000.000000,1,0,28389049,646,0,646,-3,0,2,1
4,700,82.800000,10000.000000,1,0,28389060,678,0,678,-7,0,2,1
4,700,82.800000,10000.000000,1,0,28389071,720,0,720,-11,0,2,1
4,700,82.800000,10000.000000,1,0,28389082,777,0,777,-17,0,2,1
4,700,82.800000,10000.000000,1,0,28389093,843,0,843,-25,0,2,1
4,700,82.800000,10000.000000,1,0,28389104,915,0,915,-34,0,2,1
4,700,82.800000,10000.000000,1,0,28389116,1000,0,1000,-47,0,2,1
4,700,82.800000,10000.000000,1,0,28389127,1091,0,1091,-62,0,2,1
4,700,82.800000,10000.000000,1,0,28389137,1175,0,1175,-74,0,2,1
4,700,82.800000,10000.000000,1,0,28389148,1239,0,1239,-80,0,2,1
4,700,82.800000,10000.000000,1,0,28389159,1295,0,1295,-84,0,2,1
4,700,82.800000,10000.000000,1,0,28389170,1334,0,1334,-87,0,2,1
4,700,82.800000,10000.000000,1,0,28389181,1355,0,1355,-89,0,2,1
4,700,82.800000,10000.000000,1,0,28389192,1362,0,1362,-91,0,2,1
4,700,82.800000,10000.000000,1,0,28389202,1362,0,1362,-91,0,2,1
4,700,82.800000,10000.000000,1,0,28389213,1361,0,1361,-91,0,2,1
4,700,82.800000,10000.000000,1,0,28389224,1360,0,1360,-91,0,2,1
4,700,82.800000,10000.000000,1,0,28389236,1359,0,1359,-91,0,2,1
4,700,82.800000,10000.000000,1,0,28389248,1357,0,1357,-91,0,2,1
4,700,82.800000,10000.000000,1,0,28389259,1356,0,1356,-91,0,2,1
4,700,82.800000,10000.000000,1,0,28389269,1354,0,1354,-91,0,2,1
4,700,82.800000,10000.000000,1,0,28389279,1353,0,1353,-91,0,2,1
4,700,82.800000,10000.000000,1,0,28389290,1351,0,1351,-91,0,2,1
4,700,82.800000,10000.000000,1,0,28389300,1347,0,1347,-91,0,2,1
4,700,82.800000,10000.000000,1,0,28389311,1345,0,1345,-91,0,2,1
4,700,82.800000,10000.000000,1,0,28389322,1345,0,1345,-91,0,2,1
4,700,82.800000,10000.000000,1,0,28389333,1345,0,1345,-91,0,2,1
4,700,82.800000,10000.000000,1,0,28389344,1345,0,1345,-91,0,2,1
4,700,82.800000,10000.000000,1,0,28389354,1345,0,1345,-91,0,2,1
4,700,82.800000,10000.000000,1,0,28389364,1345,0,1345,-91,0,2,1
4,700,82.800000,10000.000000,1,0,28389375,1345,0,1345,-91,0,2,1
4,700,82.800000,10000.000000,1,0,28389385,1343,0,1343,-91,0,2,1
4,700,82.800000,10000.000000,1,0,28389396,1338,0,1338,-91,0,2,1
4,700,82.800000,10000.000000,1,0,28389407,1331,1,1331,-90,0,2,1
4,700,82.800000,10000.000000,1,0,28389418,1322,1,1322,-90,0,2,1
4,700,82.800000,10000.000000,1,0,28389429,1316,2,1316,-89,0,2,1
4,700,82.800000,10000.000000,1,0,28389439,1312,2,1312,-89,0,2,1
4,700,82.800000,10000.000000,1,0,28389450,1311,2,1311,-89,0,2,1
4,700,82.800000,10000.000000,1,0,28389460,1310,2,1310,-89,0,2,1
4,700,82.800000,10000.000000,1,0,28389471,1310,2,1310,-89,0,2,1
4,700,82.800000,10000.000000,1,0,28389481,1310,2,1310,-89,0,2,1
