4,700,21.600000,0.000000,1,1,28427287,610,22,610,22,0,2,32
4,700,21.600000,0.000000,1,1,28427288,610,22,610,22,0,2,32
4,700,21.600000,0.000000,1,1,28427300,611,22,611,22,0,2,32
4,700,21.600000,0.000000,1,1,28427311,614,22,614,22,0,2,32
4,700,21.600000,0.000000,1,1,28427323,620,21,620,21,0,2,32
4,700,21.600000,0.000000,1,1,28427334,635,21,635,21,0,2,32
4,700,21.600000,0.000000,1,1,28427345,660,21,660,21,0,2,32
4,700,21.600000,0.000000,1,1,28427356,697,21,697,21,0,2,32
4,700,21.600000,0.000000,1,1,28427367,750,20,750,20,0,2,32
4,700,21.600000,0.000000,1,1,28427380,814,20,814,20,0,2,32
4,700,21.600000,0.000000,1,1,28427391,901,17,901,17,0,2,32
4,700,21.600000,0.000000,1,1,28427403,985,14,985,14,0,2,32
4,700,21.600000,0.000000,1,1,28427413,1067,10,1067,10,0,2,32
4,700,21.600000,0.000000,1,1,28427424,1141,6,1141,6,0,2,32
4,700,21.600000,0.000000,1,1,28427436,1209,2,1209,2,0,2,32
4,700,21.600000,0.000000,1,1,28427447,1263,0,1263,-1,0,2,32
4,700,21.600000,0.000000,1,1,28427458,1297,0,1297,-3,0,2,32
4,700,21.600000,0.000000,1,1,28427468,1317,0,1317,-4,0,2,32
4,700,21.600000,0.000000,1,1,28427479,1322,0,1322,-4,0,2,32
4,700,21.600000,0.000000,1,1,28427490,1322,0,1322,-4,0,2,32
4,700,21.600000,0.000000,1,1,28427501,1321,0,1321,-5,0,2,32
4,700,21.600000,0.000000,1,1,28427512,1319,0,1319,-5,0,2,32
4,700,21.600000,0.000000,1,1,28427522,1318,0,1318,-5,0,2,32
4,700,21.600000,0.000000,1,1,28427533,1317,0,1317,-5,0,2,32
4,700,21.600000,0.000000,1,1,28427543,1317,0,1317,-5,0,2,32
4,700,21.600000,0.000000,1,1,28427554,1317,0,1317,-5,0,2,32
4,700,21.600000,0.000000,1,1,28427564,1317,0,1317,-5,0,2,32
4,700,21.600000,0.000000,1,1,28427575,1317,0,1317,-5,0,2,32
4,700,21.600000,0.000000,1,1,28427585,1316,0,1316,-5,0,2,32
4,700,21.600000,0.000000,1,1,28427595,1315,0,1315,-5,0,2,32
4,700,21.600000,0.000000,1,1,28427605,1314,0,1314,-5,0,2,32
4,700,21.600000,0.000000,1,1,28427617,1313,0,1313,-5,0,2,32
4,700,21.600000,0.000000,1,1,28427628,1313,0,1313,-5,0,2,32
4,700,21.600000,0.000000,1,1,28427639,1313,0,1313,-5,0,2,32
4,700,21.600000,0.000000,1,1,28427650,1314,0,1314,-5,0,2,32
4,700,21.600000,0.000000,1,1,28427660,1315,0,1315,-5,0,2,32
4,700,21.600000,0.000000,1,1,28427673,1315,0,1315,-5,0,2,32
4,700,21.600000,0.000000,1,1,28427684,1315,0,1315,-5,0,2,32
4,700,21.600000,0.000000,1,1,28427695,1314,1,1314,-4,0,2,32
4,700,21.600000,0.000000,1,1,28427706,1312,1,1312,-4,0,2,32
4,700,21.600000,0.000000,1,1,28427717,1310,2,1310,-3,0,2,32
4,700,21.600000,0.000000,1,1,28427727,1309,2,1309,-3,0,2,32
4,700,21.600000,0.000000,1,1,28427739,1309,2,1309,-3,0,2,32
4,700,21.600000,0.000000,1,1,28427748,1309,2,1309,-3,0,2,32
4,700,21.600000,0.000000,1,1,28427759,1309,2,1309,-3,0,2,32
4,700,21.600000,0.000000,1,1,28427770,1309,3,1309,-2,0,2,32
4,700,21.600000,0.000000,1,1,28427780,1309,4,1309,-1,0,2,32
4,700,21.600000,0.000000,1,1,28427790,1309,4,1309,-1,0,2,32
4,700,21.600000,0.000000,1,1,28427801,1309,5,1309,0,0,2,32
4,700,21.600000,0.000000,1,1,28427813,1308,6,1308,1,0,2,32
4,700,21.600000,0.000000,1,1,28427824,1308,6,1308,1,0,2,32
4,700,21.600000,0.000000,1,1,28427836,1308,6,1308,1,0,2,32
4,700,21.600000,0.000000,1,1,28427847,1308,6,1308,1,0,2,32
4,700,21.600000,0.000000,1,1,28427860,1308,6,1308,1,0,2,32
