4,700,82.800000,22.608000,0,1,28569510,610,22,610,22,0,3,24
4,700,82.800000,22.608000,0,1,28569511,610,22,610,22,0,3,24
4,700,82.800000,22.608000,0,1,28569522,610,22,610,22,0,3,24
4,700,82.800000,22.608000,0,1,28569533,610,22,610,22,0,3,24
4,700,82.800000,22.608000,0,1,28569544,610,22,610,22,0,3,24
4,700,82.800000,22.608000,0,1,28569555,611,22,611,22,0,3,24
4,700,82.800000,22.608000,0,1,28569566,616,22,616,22,0,3,24
4,700,82.800000,22.608000,0,1,28569578,628,22,628,22,0,3,24
4,700,82.800000,22.608000,0,1,28569589,654,21,654,21,0,3,24
4,700,82.800000,22.608000,0,1,28569600,694,21,694,21,0,3,24
4,700,82.800000,22.608000,0,1,28569613,744,22,744,22,0,3,24
4,700,82.800000,22.608000,0,1,28569624,815,24,815,24,0,3,24
4,700,82.800000,22.608000,0,1,28569635,882,25,882,25,0,3,24
4,700,82.800000,22.608000,0,1,28569646,952,26,952,26,0,3,24
4,700,82.800000,22.608000,0,1,28569658,1026,26,1026,26,0,3,24
4,700,82.800000,22.608000,0,1,28569669,1104,24,1104,24,0,3,24
4,700,82.800000,22.608000,0,1,28569682,1170,21,1170,21,0,3,24
4,700,82.800000,22.608000,0,1,28569694,1245,17,1245,17,0,3,24
4,700,82.800000,22.608000,0,1,28569706,1290,13,1290,13,0,3,24
4,700,82.800000,22.608000,0,1,28569717,1326,10,1326,10,0,3,24
4,700,82.800000,22.608000,0,1,28569727,1342,7,1342,7,0,3,24
4,700,82.800000,22.608000,0,1,28569737,1345,6,1345,6,0,3,24
4,700,82.800000,22.608000,0,1,28569748,1344,6,1344,6,0,3,24
4,700,82.800000,22.608000,0,1,28569759,1342,5,1342,5,0,3,24
4,700,82.800000,22.608000,0,1,28569769,1341,5,1341,5,0,3,24
4,700,82.800000,22.608000,0,1,28569779,1340,5,1340,5,0,3,24
4,700,82.800000,22.608000,0,1,28569790,1339,5,1339,5,0,3,24
4,700,82.800000,22.608000,0,1,28569800,1339,5,1339,5,0,3,24
4,700,82.800000,22.608000,0,1,28569811,1340,5,1340,5,0,3,24
4,700,82.800000,22.608000,0,1,28569822,1341,5,1341,5,0,3,24
4,700,82.800000,22.608000,0,1,28569833,1341,5,1341,5,0,3,24
4,700,82.800000,22.608000,0,1,28569844,1341,5,1341,5,0,3,24
4,700,82.800000,22.608000,0,1,28569855,1340,5,1340,5,0,3,24
4,700,82.800000,22.608000,0,1,28569866,1337,5,1337,5,0,3,24
4,700,82.800000,22.608000,0,1,28569876,1334,4,1334,4,0,3,24
4,700,82.800000,22.608000,0,1,28569886,1333,4,1333,4,0,3,24
4,700,82.800000,22.608000,0,1,28569896,1333,4,1333,4,0,3,24
4,700,82.800000,22.608000,0,1,28569907,1333,4,1333,4,0,3,24
4,700,82.800000,22.608000,0,1,28569917,1333,4,1333,4,0,3,24
4,700,82.800000,22.608000,0,1,28569928,1333,4,1333,4,0,3,24
4,700,82.800000,22.608000,0,1,28569939,1333,4,1333,4,0,3,24
4,700,82.800000,22.608000,0,1,28569949,1333,4,1333,4,0,3,24
4,700,82.800000,22.608000,0,1,28569960,1333,4,1333,4,0,3,24
4,700,82.800000,22.608000,0,1,28569970,1333,4,1333,4,0,3,24
4,700,82.800000,22.608000,0,1,28569980,1333,4,1333,4,0,3,24
4,700,82.800000,22.608000,0,1,28569992,1333,4,1333,4,0,3,24
