4,700,50.400000,12.276000,0,1,28691584,610,22,610,22,0,3,117
4,700,50.400000,12.276000,0,1,28691585,610,22,610,22,0,3,117
4,700,50.400000,12.276000,0,1,28691595,610,22,610,22,0,3,117
4,700,50.400000,12.276000,0,1,28691606,610,22,610,22,0,3,117
4,700,50.400000,12.276000,0,1,28691617,611,22,611,22,0,3,117
4,700,50.400000,12.276000,0,1,28691628,615,22,615,22,0,3,117
4,700,50.400000,12.276000,0,1,28691638,621,22,621,22,0,3,117
4,700,50.400000,12.276000,0,1,28691650,634,21,634,21,0,3,117
4,700,50.400000,12.276000,0,1,28691660,656,19,656,19,0,3,117
4,700,50.400000,12.276000,0,1,28691672,688,19,688,19,0,3,117
4,700,50.400000,12.276000,0,1,28691683,733,19,733,19,0,3,117
4,700,50.400000,12.276000,0,1,28691694,787,18,787,18,0,3,117
4,700,50.400000,12.276000,0,1,28691705,840,16,840,16,0,3,117
4,700,50.400000,12.276000,0,1,28691716,906,13,906,13,0,3,117
4,700,50.400000,12.276000,0,1,28691728,973,9,973,9,0,3,117
4,700,50.400000,12.276000,0,1,28691739,1041,6,1041,6,0,3,117
4,700,50.400000,12.276000,0,1,28691751,1099,4,1099,4,0,3,117
4,700,50.400000,12.276000,0,1,28691762,1149,2,1149,2,0,3,117
4,700,50.400000,12.276000,0,1,28691772,1193,0,1193,-1,0,3,117
4,700,50.400000,12.276000,0,1,28691783,1221,0,1221,-3,0,3,117
4,700,50.400000,12.276000,0,1,28691795,1239,0,1239,-5,0,3,117
4,700,50.400000,12.276000,0,1,28691806,1251,0,1251,-6,0,3,117
4,700,50.400000,12.276000,0,1,28691816,1255,0,1255,-7,0,3,117
4,700,50.400000,12.276000,0,1,28691827,1256,0,1256,-7,0,3,117
4,700,50.400000,12.276000,0,1,28691838,1257,0,1257,-7,0,3,117
4,700,50.400000,12.276000,0,1,28691848,1257,0,1257,-7,0,3,117
4,700,50.400000,12.276000,0,1,28691859,1257,0,1257,-7,0,3,117
4,700,50.400000,12.276000,0,1,28691869,1257,0,1257,-7,0,3,117
4,700,50.400000,12.276000,0,1,28691879,1258,0,1258,-7,0,3,117
4,700,50.400000,12.276000,0,1,28691890,1258,0,1258,-7,0,3,117
4,700,50.400000,12.276000,0,1,28691901,1258,0,1258,-7,0,3,117
4,700,50.400000,12.276000,0,1,28691911,1258,0,1258,-7,0,3,117
4,700,50.400000,12.276000,0,1,28691922,1258,0,1258,-7,0,3,117
4,700,50.400000,12.276000,0,1,28691932,1258,0,1258,-7,0,3,117
4,700,50.400000,12.276000,0,1,28691942,1258,0,1258,-7,0,3,117
4,700,50.400000,12.276000,0,1,28691953,1259,0,1259,-7,0,3,117
4,700,50.400000,12.276000,0,1,28691964,1261,0,1261,-7,0,3,117
4,700,50.400000,12.276000,0,1,28691975,1265,0,1265,-7,0,3,117
4,700,50.400000,12.276000,0,1,28691988,1270,0,1270,-7,0,3,117
4,700,50.400000,12.276000,0,1,28691998,1276,0,1276,-7,0,3,117
4,700,50.400000,12.276000,0,1,28692009,1280,0,1280,-7,0,3,117
4,700,50.400000,12.276000,0,1,28692019,1284,0,1284,-7,0,3,117
4,700,50.400000,12.276000,0,1,28692030,1290,0,1290,-7,0,3,117
4,700,50.400000,12.276000,0,1,28692041,1300,0,1300,-7,0,3,117
4,700,50.400000,12.276000,0,1,28692053,1313,1,1313,-6,0,3,117
4,700,50.400000,12.276000,0,1,28692064,1326,2,1326,-5,0,3,117
4,700,50.400000,12.276000,0,1,28692075,1337,3,1337,-4,0,3,117
4,700,50.400000,12.276000,0,1,28692086,1343,4,1343,-3,0,3,117
4,700,50.400000,12.276000,0,1,28692097,1343,4,1343,-3,0,3,117
4,700,50.400000,12.276000,0,1,28692107,1343,4,1343,-3,0,3,117
4,700,50.400000,12.276000,0,1,28692118,1342,5,1342,-2,0,3,117
4,700,50.400000,12.276000,0,1,28692128,1340,6,1340,-1,0,3,117
4,700,50.400000,12.276000,0,1,28692139,1339,6,1339,-1,0,3,117
4,700,50.400000,12.276000,0,1,28692150,1338,6,1338,-1,0,3,117
4,700,50.400000,12.276000,0,1,28692160,1338,6,1338,-1,0,3,117
4,700,50.400000,12.276000,0,1,28692171,1338,6,1338,-1,0,3,117
4,700,50.400000,12.276000,0,1,28692182,1338,6,1338,-1,0,3,117
4,700,50.400000,12.276000,0,1,28692192,1338,6,1338,-1,0,3,117
4,700,50.400000,12.276000,0,1,28692203,1338,6,1338,-1,0,3,117
4,700,50.400000,12.276000,0,1,28692214,1338,6,1338,-1,0,3,117
4,700,50.400000,12.276000,0,1,28692224,1337,6,1337,-1,0,3,117
4,700,50.400000,12.276000,0,1,28692234,1335,6,1335,-1,0,3,117
4,700,50.400000,12.276000,0,1,28692245,1331,6,1331,-1,0,3,117
4,700,50.400000,12.276000,0,1,28692256,1327,7,1327,0,0,3,117
4,700,50.400000,12.276000,0,1,28692267,1323,7,1323,0,0,3,117
4,700,50.400000,12.276000,0,1,28692278,1319,8,1319,1,0,3,117
4,700,50.400000,12.276000,0,1,28692289,1318,8,1318,1,0,3,117
4,700,50.400000,12.276000,0,1,28692299,1317,8,1317,1,0,3,117
4,700,50.400000,12.276000,0,1,28692310,1317,8,1317,1,0,3,117
4,700,50.400000,12.276000,0,1,28692321,1317,8,1317,1,0,3,117
4,700,50.400000,12.276000,0,1,28692333,1317,8,1317,1,0,3,117
4,700,50.400000,12.276000,0,1,28692344,1317,8,1317,1,0,3,117
4,700,50.400000,12.276000,0,1,28692355,1317,8,1317,1,0,3,117
4,700,50.400000,12.276000,0,1,28692367,1317,8,1317,1,0,3,117
