4,350,21.600000,0.000000,1,1,28751999,785,22,785,22,0,4,46
4,350,21.600000,0.000000,1,1,28752000,785,22,785,22,0,4,46
4,350,21.600000,0.000000,1,1,28752011,785,22,785,22,0,4,46
4,350,21.600000,0.000000,1,1,28752021,786,22,786,22,0,4,46
4,350,21.600000,0.000000,1,1,28752032,789,22,789,22,0,4,46
4,350,21.600000,0.000000,1,1,28752042,794,22,794,22,0,4,46
4,350,21.600000,0.000000,1,1,28752053,805,22,805,22,0,4,46
4,350,21.600000,0.000000,1,1,28752063,826,21,826,21,0,4,46
4,350,21.600000,0.000000,1,1,28752075,860,20,860,20,0,4,46
4,350,21.600000,0.000000,1,1,28752086,910,20,910,20,0,4,46
4,350,21.600000,0.000000,1,1,28752098,962,20,962,20,0,4,46
4,350,21.600000,0.000000,1,1,28752109,1012,20,1012,20,0,4,46
4,350,21.600000,0.000000,1,1,28752120,1056,19,1056,19,0,4,46
4,350,21.600000,0.000000,1,1,28752132,1094,19,1094,19,0,4,46
4,350,21.600000,0.000000,1,1,28752143,1120,18,1120,18,0,4,46
4,350,21.600000,0.000000,1,1,28752153,1140,17,1140,17,0,4,46
4,350,21.600000,0.000000,1,1,28752165,1144,16,1144,16,0,4,46
4,350,21.600000,0.000000,1,1,28752175,1143,16,1143,16,0,4,46
4,350,21.600000,0.000000,1,1,28752185,1140,15,1140,15,0,4,46
4,350,21.600000,0.000000,1,1,28752196,1137,15,1137,15,0,4,46
4,350,21.600000,0.000000,1,1,28752206,1135,14,1135,14,0,4,46
4,350,21.600000,0.000000,1,1,28752216,1134,14,1134,14,0,4,46
4,350,21.600000,0.000000,1,1,28752227,1133,14,1133,14,0,4,46
4,350,21.600000,0.000000,1,1,28752237,1133,14,1133,14,0,4,46
4,350,21.600000,0.000000,1,1,28752248,1133,14,1133,14,0,4,46
4,350,21.600000,0.000000,1,1,28752259,1133,14,1133,14,0,4,46
4,350,21.600000,0.000000,1,1,28752272,1133,14,1133,14,0,4,46
4,350,21.600000,0.000000,1,1,28752283,1133,14,1133,14,0,4,46
4,350,21.600000,0.000000,1,1,28752294,1133,14,1133,14,0,4,46
4,350,21.600000,0.000000,1,1,28752304,1133,14,1133,14,0,4,46
4,350,21.600000,0.000000,1,1,28752316,1133,14,1133,14,0,4,46
4,350,21.600000,0.000000,1,1,28752325,1133,14,1133,14,0,4,46
4,350,21.600000,0.000000,1,1,28752336,1134,14,1134,14,0,4,46
4,350,21.600000,0.000000,1,1,28752347,1135,14,1135,14,0,4,46
4,350,21.600000,0.000000,1,1,28752358,1136,14,1136,14,0,4,46
4,350,21.600000,0.000000,1,1,28752370,1136,14,1136,14,0,4,46
4,350,21.600000,0.000000,1,1,28752380,1136,14,1136,14,0,4,46
4,350,21.600000,0.000000,1,1,28752391,1136,14,1136,14,0,4,46
4,350,21.600000,0.000000,1,1,28752401,1136,14,1136,14,0,4,46
4,350,21.600000,0.000000,1,1,28752413,1136,14,1136,14,0,4,46
4,350,21.600000,0.000000,1,1,28752422,1136,14,1136,14,0,4,46
