4,700,50.400000,42.984000,1,1,29144728,610,22,610,22,0,6,110
4,700,50.400000,42.984000,1,1,29144729,610,22,610,22,0,6,110
4,700,50.400000,42.984000,1,1,29144740,610,22,610,22,0,6,110
4,700,50.400000,42.984000,1,1,29144750,610,22,610,22,0,6,110
4,700,50.400000,42.984000,1,1,29144760,612,22,612,22,0,6,110
4,700,50.400000,42.984000,1,1,29144771,616,22,616,22,0,6,110
4,700,50.400000,42.984000,1,1,29144782,622,21,622,21,0,6,110
4,700,50.400000,42.984000,1,1,29144795,629,21,629,21,0,6,110
4,700,50.400000,42.984000,1,1,29144807,638,20,638,20,0,6,110
4,700,50.400000,42.984000,1,1,29144818,647,20,647,20,0,6,110
4,700,50.400000,42.984000,1,1,29144828,659,20,659,20,0,6,110
4,700,50.400000,42.984000,1,1,29144840,677,19,677,19,0,6,110
4,700,50.400000,42.984000,1,1,29144850,702,18,702,18,0,6,110
4,700,50.400000,42.984000,1,1,29144860,739,16,739,16,0,6,110
4,700,50.400000,42.984000,1,1,29144871,789,13,789,13,0,6,110
4,700,50.400000,42.984000,1,1,29144882,851,10,851,10,0,6,110
4,700,50.400000,42.984000,1,1,29144895,915,9,915,9,0,6,110
4,700,50.400000,42.984000,1,1,29144906,996,7,996,7,0,6,110
4,700,50.400000,42.984000,1,1,29144916,1064,6,1064,6,0,6,110
4,700,50.400000,42.984000,1,1,29144929,1130,4,1130,4,0,6,110
4,700,50.400000,42.984000,1,1,29144941,1181,2,1181,2,0,6,110
4,700,50.400000,42.984000,1,1,29144951,1220,0,1220,0,0,6,110
4,700,50.400000,42.984000,1,1,29144962,1246,0,1246,-1,0,6,110
4,700,50.400000,42.984000,1,1,29144973,1262,0,1262,-2,0,6,110
4,700,50.400000,42.984000,1,1,29144983,1268,0,1268,-3,0,6,110
4,700,50.400000,42.984000,1,1,29144994,1268,0,1268,-3,0,6,110
4,700,50.400000,42.984000,1,1,29145005,1268,0,1268,-3,0,6,110
4,700,50.400000,42.984000,1,1,29145015,1268,0,1268,-3,0,6,110
4,700,50.400000,42.984000,1,1,29145026,1266,0,1266,-3,0,6,110
4,700,50.400000,42.984000,1,1,29145036,1264,0,1264,-3,0,6,110
4,700,50.400000,42.984000,1,1,29145046,1264,0,1264,-3,0,6,110
4,700,50.400000,42.984000,1,1,29145057,1264,0,1264,-3,0,6,110
4,700,50.400000,42.984000,1,1,29145067,1264,0,1264,-3,0,6,110
4,700,50.400000,42.984000,1,1,29145078,1264,0,1264,-3,0,6,110
4,700,50.400000,42.984000,1,1,29145089,1263,0,1263,-3,0,6,110
4,700,50.400000,42.984000,1,1,29145101,1263,0,1263,-3,0,6,110
4,700,50.400000,42.984000,1,1,29145112,1263,0,1263,-3,0,6,110
4,700,50.400000,42.984000,1,1,29145123,1263,0,1263,-3,0,6,110
4,700,50.400000,42.984000,1,1,29145133,1263,0,1263,-3,0,6,110
4,700,50.400000,42.984000,1,1,29145143,1263,0,1263,-3,0,6,110
4,700,50.400000,42.984000,1,1,29145154,1264,0,1264,-3,0,6,110
4,700,50.400000,42.984000,1,1,29145165,1265,0,1265,-3,0,6,110
4,700,50.400000,42.984000,1,1,29145176,1267,0,1267,-3,0,6,110
4,700,50.400000,42.984000,1,1,29145186,1269,0,1269,-3,0,6,110
4,700,50.400000,42.984000,1,1,29145197,1272,0,1272,-3,0,6,110
4,700,50.400000,42.984000,1,1,29145208,1278,0,1278,-3,0,6,110
4,700,50.400000,42.984000,1,1,29145219,1287,0,1287,-3,0,6,110
4,700,50.400000,42.984000,1,1,29145229,1303,0,1303,-3,0,6,110
4,700,50.400000,42.984000,1,1,29145240,1318,0,1318,-3,0,6,110
4,700,50.400000,42.984000,1,1,29145251,1331,0,1331,-3,0,6,110
4,700,50.400000,42.984000,1,1,29145262,1335,0,1335,-3,0,6,110
4,700,50.400000,42.984000,1,1,29145273,1339,0,1339,-3,0,6,110
4,700,50.400000,42.984000,1,1,29145283,1337,0,1337,-3,0,6,110
4,700,50.400000,42.984000,1,1,29145293,1333,0,1333,-3,0,6,110
