4,700,82.800000,10000.000000,0,0,29048205,610,0,610,0,0,6,36
4,700,82.800000,10000.000000,0,0,29048206,610,0,610,0,0,6,36
4,700,82.800000,10000.000000,0,0,29048217,611,0,611,0,0,6,36
4,700,82.800000,10000.000000,0,0,29048227,612,0,612,0,0,6,36
4,700,82.800000,10000.000000,0,0,29048237,613,0,613,0,0,6,36
4,700,82.800000,10000.000000,0,0,29048247,614,0,614,0,0,6,36
4,700,82.800000,10000.000000,0,0,29048258,618,0,618,0,0,6,36
4,700,82.800000,10000.000000,0,0,29048270,627,0,627,-2,0,6,36
4,700,82.800000,10000.000000,0,0,29048281,651,0,651,-4,0,6,36
4,700,82.800000,10000.000000,0,0,29048292,693,0,693,-8,0,6,36
4,700,82.800000,10000.000000,0,0,29048303,751,0,751,-12,0,6,36
4,700,82.800000,10000.000000,0,0,29048314,822,0,822,-16,0,6,36
4,700,82.800000,10000.000000,0,0,29048325,904,0,904,-18,0,6,36
4,700,82.800000,10000.000000,0,0,29048336,995,0,995,-20,0,6,36
4,700,82.800000,10000.000000,0,0,29048347,1086,0,1086,-22,0,6,36
4,700,82.800000,10000.000000,0,0,29048358,1169,0,1169,-23,0,6,36
4,700,82.800000,10000.000000,0,0,29048370,1240,0,1240,-24,0,6,36
4,700,82.800000,10000.000000,0,0,29048381,1294,0,1294,-25,0,6,36
4,700,82.800000,10000.000000,0,0,29048392,1321,0,1321,-26,0,6,36
4,700,82.800000,10000.000000,0,0,29048403,1330,0,1330,-26,0,6,36
4,700,82.800000,10000.000000,0,0,29048413,1329,0,1329,-26,0,6,36
4,700,82.800000,10000.000000,0,0,29048423,1325,0,1325,-26,0,6,36
4,700,82.800000,10000.000000,0,0,29048433,1321,0,1321,-26,0,6,36
4,700,82.800000,10000.000000,0,0,29048444,1318,0,1318,-26,0,6,36
4,700,82.800000,10000.000000,0,0,29048454,1317,0,1317,-26,0,6,36
4,700,82.800000,10000.000000,0,0,29048464,1316,0,1316,-26,0,6,36
4,700,82.800000,10000.000000,0,0,29048475,1316,0,1316,-26,0,6,36
4,700,82.800000,10000.000000,0,0,29048486,1317,0,1317,-26,0,6,36
4,700,82.800000,10000.000000,0,0,29048496,1318,0,1318,-26,0,6,36
4,700,82.800000,10000.000000,0,0,29048507,1318,0,1318,-26,0,6,36
4,700,82.800000,10000.000000,0,0,29048517,1318,0,1318,-26,0,6,36
4,700,82.800000,10000.000000,0,0,29048528,1317,0,1317,-26,0,6,36
4,700,82.800000,10000.000000,0,0,29048539,1316,0,1316,-26,0,6,36
4,700,82.800000,10000.000000,0,0,29048550,1315,0,1315,-26,0,6,36
4,700,82.800000,10000.000000,0,0,29048562,1315,0,1315,-26,0,6,36
4,700,82.800000,10000.000000,0,0,29048573,1315,0,1315,-26,0,6,36
4,700,82.800000,10000.000000,0,0,29048583,1315,0,1315,-26,0,6,36
4,700,82.800000,10000.000000,0,0,29048594,1316,0,1316,-26,0,6,36
4,700,82.800000,10000.000000,0,0,29048605,1316,0,1316,-26,0,6,36
4,700,82.800000,10000.000000,0,0,29048616,1316,0,1316,-26,0,6,36
4,700,82.800000,10000.000000,0,0,29048626,1316,0,1316,-26,0,6,36
