4,700,82.800000,42.984000,1,1,29053935,610,22,610,22,0,6,40
4,700,82.800000,42.984000,1,1,29053936,610,22,610,22,0,6,40
4,700,82.800000,42.984000,1,1,29053946,610,22,610,22,0,6,40
4,700,82.800000,42.984000,1,1,29053956,611,22,611,22,0,6,40
4,700,82.800000,42.984000,1,1,29053967,615,22,615,22,0,6,40
4,700,82.800000,42.984000,1,1,29053980,621,22,621,22,0,6,40
4,700,82.800000,42.984000,1,1,29053991,640,20,640,20,0,6,40
4,700,82.800000,42.984000,1,1,29054002,666,19,666,19,0,6,40
4,700,82.800000,42.984000,1,1,29054012,707,18,707,18,0,6,40
4,700,82.800000,42.984000,1,1,29054026,758,18,758,18,0,6,40
4,700,82.800000,42.984000,1,1,29054037,826,17,826,17,0,6,40
4,700,82.800000,42.984000,1,1,29054048,894,17,894,17,0,6,40
4,700,82.800000,42.984000,1,1,29054058,969,16,969,16,0,6,40
4,700,82.800000,42.984000,1,1,29054068,1041,14,1041,14,0,6,40
4,700,82.800000,42.984000,1,1,29054079,1105,11,1105,11,0,6,40
4,700,82.800000,42.984000,1,1,29054090,1164,9,1164,9,0,6,40
4,700,82.800000,42.984000,1,1,29054100,1214,7,1214,7,0,6,40
4,700,82.800000,42.984000,1,1,29054111,1247,6,1247,6,0,6,40
4,700,82.800000,42.984000,1,1,29054122,1274,4,1274,4,0,6,40
4,700,82.800000,42.984000,1,1,29054133,1288,3,1288,3,0,6,40
4,700,82.800000,42.984000,1,1,29054143,1293,3,1293,3,0,6,40
4,700,82.800000,42.984000,1,1,29054153,1293,3,1293,3,0,6,40
4,700,82.800000,42.984000,1,1,29054163,1292,3,1292,3,0,6,40
4,700,82.800000,42.984000,1,1,29054174,1291,3,1291,3,0,6,40
4,700,82.800000,42.984000,1,1,29054184,1291,3,1291,3,0,6,40
4,700,82.800000,42.984000,1,1,29054195,1291,3,1291,3,0,6,40
4,700,82.800000,42.984000,1,1,29054205,1291,3,1291,3,0,6,40
4,700,82.800000,42.984000,1,1,29054216,1291,3,1291,3,0,6,40
4,700,82.800000,42.984000,1,1,29054226,1292,3,1292,3,0,6,40
4,700,82.800000,42.984000,1,1,29054237,1292,3,1292,3,0,6,40
4,700,82.800000,42.984000,1,1,29054247,1290,3,1290,3,0,6,40
4,700,82.800000,42.984000,1,1,29054257,1287,3,1287,3,0,6,40
4,700,82.800000,42.984000,1,1,29054268,1285,3,1285,3,0,6,40
4,700,82.800000,42.984000,1,1,29054280,1284,3,1284,3,0,6,40
4,700,82.800000,42.984000,1,1,29054292,1284,3,1284,3,0,6,40
4,700,82.800000,42.984000,1,1,29054302,1286,3,1286,3,0,6,40
4,700,82.800000,42.984000,1,1,29054312,1288,2,1288,2,0,6,40
4,700,82.800000,42.984000,1,1,29054323,1290,2,1290,2,0,6,40
4,700,82.800000,42.984000,1,1,29054334,1292,2,1292,2,0,6,40
4,700,82.800000,42.984000,1,1,29054344,1294,2,1294,2,0,6,40
4,700,82.800000,42.984000,1,1,29054354,1294,2,1294,2,0,6,40
