4,700,82.800000,42.984000,0,1,29234016,610,22,610,22,0,7,63
4,700,82.800000,42.984000,0,1,29234018,610,22,610,22,0,7,63
4,700,82.800000,42.984000,0,1,29234029,610,22,610,22,0,7,63
4,700,82.800000,42.984000,0,1,29234038,612,22,612,22,0,7,63
4,700,82.800000,42.984000,0,1,29234049,616,22,616,22,0,7,63
4,700,82.800000,42.984000,0,1,29234062,623,22,623,22,0,7,63
4,700,82.800000,42.984000,0,1,29234073,637,21,637,21,0,7,63
4,700,82.800000,42.984000,0,1,29234084,665,21,665,21,0,7,63
4,700,82.800000,42.984000,0,1,29234094,703,21,703,21,0,7,63
4,700,82.800000,42.984000,0,1,29234107,753,22,753,22,0,7,63
4,700,82.800000,42.984000,0,1,29234119,820,26,820,26,0,7,63
4,700,82.800000,42.984000,0,1,29234130,890,29,890,29,0,7,63
4,700,82.800000,42.984000,0,1,29234141,952,30,952,30,0,7,63
4,700,82.800000,42.984000,0,1,29234154,1014,30,1014,30,0,7,63
4,700,82.800000,42.984000,0,1,29234165,1080,27,1080,27,0,7,63
4,700,82.800000,42.984000,0,1,29234176,1133,23,1133,23,0,7,63
4,700,82.800000,42.984000,0,1,29234187,1175,20,1175,20,0,7,63
4,700,82.800000,42.984000,0,1,29234198,1197,17,1197,17,0,7,63
4,700,82.800000,42.984000,0,1,29234209,1207,15,1207,15,0,7,63
4,700,82.800000,42.984000,0,1,29234219,1209,14,1209,14,0,7,63
4,700,82.800000,42.984000,0,1,29234229,1209,14,1209,14,0,7,63
4,700,82.800000,42.984000,0,1,29234240,1209,14,1209,14,0,7,63
4,700,82.800000,42.984000,0,1,29234250,1210,14,1210,14,0,7,63
4,700,82.800000,42.984000,0,1,29234260,1211,14,1211,14,0,7,63
4,700,82.800000,42.984000,0,1,29234271,1214,14,1214,14,0,7,63
4,700,82.800000,42.984000,0,1,29234281,1220,13,1220,13,0,7,63
4,700,82.800000,42.984000,0,1,29234291,1228,13,1228,13,0,7,63
4,700,82.800000,42.984000,0,1,29234302,1237,13,1237,13,0,7,63
4,700,82.800000,42.984000,0,1,29234312,1243,12,1243,12,0,7,63
4,700,82.800000,42.984000,0,1,29234322,1244,12,1244,12,0,7,63
4,700,82.800000,42.984000,0,1,29234333,1244,12,1244,12,0,7,63
4,700,82.800000,42.984000,0,1,29234343,1241,12,1241,12,0,7,63
4,700,82.800000,42.984000,0,1,29234353,1237,12,1237,12,0,7,63
4,700,82.800000,42.984000,0,1,29234364,1235,12,1235,12,0,7,63
4,700,82.800000,42.984000,0,1,29234374,1233,12,1233,12,0,7,63
4,700,82.800000,42.984000,0,1,29234385,1233,12,1233,12,0,7,63
4,700,82.800000,42.984000,0,1,29234396,1236,12,1236,12,0,7,63
4,700,82.800000,42.984000,0,1,29234406,1240,12,1240,12,0,7,63
4,700,82.800000,42.984000,0,1,29234417,1245,11,1245,11,0,7,63
4,700,82.800000,42.984000,0,1,29234427,1254,11,1254,11,0,7,63
4,700,82.800000,42.984000,0,1,29234438,1265,10,1265,10,0,7,63
4,700,82.800000,42.984000,0,1,29234448,1275,9,1275,9,0,7,63
4,700,82.800000,42.984000,0,1,29234459,1283,9,1283,9,0,7,63
4,700,82.800000,42.984000,0,1,29234469,1285,9,1285,9,0,7,63
4,700,82.800000,42.984000,0,1,29234480,1286,9,1286,9,0,7,63
4,700,82.800000,42.984000,0,1,29234490,1287,9,1287,9,0,7,63
4,700,82.800000,42.984000,0,1,29234501,1287,9,1287,9,0,7,63
4,700,82.800000,42.984000,0,1,29234513,1287,9,1287,9,0,7,63
4,700,82.800000,42.984000,0,1,29234523,1287,9,1287,9,0,7,63
4,700,82.800000,42.984000,0,1,29234534,1287,9,1287,9,0,7,63
4,700,82.800000,42.984000,0,1,29234545,1287,9,1287,9,0,7,63
4,700,82.800000,42.984000,0,1,29234555,1287,9,1287,9,0,7,63
4,700,82.800000,42.984000,0,1,29234564,1287,9,1287,9,0,7,63
