4,350,21.600000,10000.000000,0,1,29350113,785,22,785,22,0,8,26
4,350,21.600000,10000.000000,0,1,29350114,785,22,785,22,0,8,26
4,350,21.600000,10000.000000,0,1,29350124,785,22,785,22,0,8,26
4,350,21.600000,10000.000000,0,1,29350134,786,22,786,22,0,8,26
4,350,21.600000,10000.000000,0,1,29350145,789,22,789,22,0,8,26
4,350,21.600000,10000.000000,0,1,29350155,795,22,795,22,0,8,26
4,350,21.600000,10000.000000,0,1,29350167,808,21,808,21,0,8,26
4,350,21.600000,10000.000000,0,1,29350177,829,19,829,19,0,8,26
4,350,21.600000,10000.000000,0,1,29350191,860,18,860,18,0,8,26
4,350,21.600000,10000.000000,0,1,29350202,914,16,914,16,0,8,26
4,350,21.600000,10000.000000,0,1,29350213,967,12,967,12,0,8,26
4,350,21.600000,10000.000000,0,1,29350224,1026,8,1026,8,0,8,26
4,350,21.600000,10000.000000,0,1,29350236,1076,4,1076,4,0,8,26
4,350,21.600000,10000.000000,0,1,29350246,1117,1,1117,1,0,8,26
4,350,21.600000,10000.000000,0,1,29350257,1145,0,1145,-1,0,8,26
4,350,21.600000,10000.000000,0,1,29350267,1156,0,1156,-2,0,8,26
4,350,21.600000,10000.000000,0,1,29350278,1156,0,1156,-2,0,8,26
4,350,21.600000,10000.000000,0,1,29350289,1154,0,1154,-2,0,8,26
4,350,21.600000,10000.000000,0,1,29350299,1152,0,1152,-2,0,8,26
4,350,21.600000,10000.000000,0,1,29350310,1151,0,1151,-2,0,8,26
4,350,21.600000,10000.000000,0,1,29350320,1150,0,1150,-2,0,8,26
4,350,21.600000,10000.000000,0,1,29350331,1150,0,1150,-2,0,8,26
4,350,21.600000,10000.000000,0,1,29350342,1150,0,1150,-2,0,8,26
4,350,21.600000,10000.000000,0,1,29350352,1150,0,1150,-2,0,8,26
4,350,21.600000,10000.000000,0,1,29350362,1150,0,1150,-2,0,8,26
4,350,21.600000,10000.000000,0,1,29350373,1150,0,1150,-2,0,8,26
4,350,21.600000,10000.000000,0,1,29350383,1148,0,1148,-2,0,8,26
4,350,21.600000,10000.000000,0,1,29350393,1145,0,1145,-2,0,8,26
4,350,21.600000,10000.000000,0,1,29350403,1143,0,1143,-2,0,8,26
4,350,21.600000,10000.000000,0,1,29350415,1141,0,1141,-2,0,8,26
4,350,21.600000,10000.000000,0,1,29350425,1140,0,1140,-2,0,8,26
4,350,21.600000,10000.000000,0,1,29350435,1139,0,1139,-2,0,8,26
4,350,21.600000,10000.000000,0,1,29350445,1139,0,1139,-2,0,8,26
4,350,21.600000,10000.000000,0,1,29350456,1139,0,1139,-2,0,8,26
4,350,21.600000,10000.000000,0,1,29350467,1139,0,1139,-2,0,8,26
4,350,21.600000,10000.000000,0,1,29350477,1139,0,1139,-2,0,8,26
4,350,21.600000,10000.000000,0,1,29350488,1139,0,1139,-2,0,8,26
4,350,21.600000,10000.000000,0,1,29350498,1138,0,1138,-2,0,8,26
4,350,21.600000,10000.000000,0,1,29350509,1137,0,1137,-2,0,8,26
4,350,21.600000,10000.000000,0,1,29350519,1136,0,1136,-2,0,8,26
4,350,21.600000,10000.000000,0,1,29350530,1135,0,1135,-2,0,8,26
4,350,21.600000,10000.000000,0,1,29350540,1134,0,1134,-2,0,8,26
4,350,21.600000,10000.000000,0,1,29350550,1134,0,1134,-2,0,8,26
4,350,21.600000,10000.000000,0,1,29350561,1134,0,1134,-2,0,8,26
4,350,21.600000,10000.000000,0,1,29350570,1134,0,1134,-2,0,8,26
4,350,21.600000,10000.000000,0,1,29350581,1134,0,1134,-2,0,8,26
4,350,21.600000,10000.000000,0,1,29350591,1134,0,1134,-2,0,8,26
