4,350,21.600000,0.000000,0,1,29576182,785,22,785,22,0,9,81
4,350,21.600000,0.000000,0,1,29576183,785,22,785,22,0,9,81
4,350,21.600000,0.000000,0,1,29576194,785,22,785,22,0,9,81
4,350,21.600000,0.000000,0,1,29576205,787,22,787,22,0,9,81
4,350,21.600000,0.000000,0,1,29576217,791,22,791,22,0,9,81
4,350,21.600000,0.000000,0,1,29576229,799,21,799,21,0,9,81
4,350,21.600000,0.000000,0,1,29576239,813,20,813,20,0,9,81
4,350,21.600000,0.000000,0,1,29576252,838,19,838,19,0,9,81
4,350,21.600000,0.000000,0,1,29576262,876,18,876,18,0,9,81
4,350,21.600000,0.000000,0,1,29576274,923,16,923,16,0,9,81
4,350,21.600000,0.000000,0,1,29576287,982,14,982,14,0,9,81
4,350,21.600000,0.000000,0,1,29576299,1049,12,1049,12,0,9,81
4,350,21.600000,0.000000,0,1,29576310,1117,10,1117,10,0,9,81
4,350,21.600000,0.000000,0,1,29576322,1164,9,1164,9,0,9,81
4,350,21.600000,0.000000,0,1,29576333,1195,9,1195,9,0,9,81
4,350,21.600000,0.000000,0,1,29576343,1206,8,1206,8,0,9,81
4,350,21.600000,0.000000,0,1,29576354,1218,7,1218,7,0,9,81
4,350,21.600000,0.000000,0,1,29576366,1214,7,1214,7,0,9,81
4,350,21.600000,0.000000,0,1,29576376,1208,7,1208,7,0,9,81
4,350,21.600000,0.000000,0,1,29576387,1201,7,1201,7,0,9,81
4,350,21.600000,0.000000,0,1,29576398,1197,7,1197,7,0,9,81
4,350,21.600000,0.000000,0,1,29576408,1195,7,1195,7,0,9,81
4,350,21.600000,0.000000,0,1,29576419,1195,7,1195,7,0,9,81
4,350,21.600000,0.000000,0,1,29576429,1195,7,1195,7,0,9,81
4,350,21.600000,0.000000,0,1,29576440,1195,7,1195,7,0,9,81
4,350,21.600000,0.000000,0,1,29576451,1195,7,1195,7,0,9,81
4,350,21.600000,0.000000,0,1,29576462,1194,7,1194,7,0,9,81
4,350,21.600000,0.000000,0,1,29576475,1191,7,1191,7,0,9,81
4,350,21.600000,0.000000,0,1,29576486,1184,8,1184,8,0,9,81
4,350,21.600000,0.000000,0,1,29576498,1175,8,1175,8,0,9,81
4,350,21.600000,0.000000,0,1,29576509,1169,9,1169,9,0,9,81
4,350,21.600000,0.000000,0,1,29576519,1166,9,1166,9,0,9,81
4,350,21.600000,0.000000,0,1,29576529,1165,9,1165,9,0,9,81
4,350,21.600000,0.000000,0,1,29576540,1164,9,1164,9,0,9,81
4,350,21.600000,0.000000,0,1,29576551,1162,9,1162,9,0,9,81
4,350,21.600000,0.000000,0,1,29576562,1158,9,1158,9,0,9,81
4,350,21.600000,0.000000,0,1,29576573,1154,9,1154,9,0,9,81
4,350,21.600000,0.000000,0,1,29576584,1150,9,1150,9,0,9,81
4,350,21.600000,0.000000,0,1,29576594,1147,9,1147,9,0,9,81
4,350,21.600000,0.000000,0,1,29576605,1143,9,1143,9,0,9,81
4,350,21.600000,0.000000,0,1,29576616,1138,9,1138,9,0,9,81
4,350,21.600000,0.000000,0,1,29576626,1133,9,1133,9,0,9,81
4,350,21.600000,0.000000,0,1,29576637,1131,9,1131,9,0,9,81
4,350,21.600000,0.000000,0,1,29576648,1130,9,1130,9,0,9,81
4,350,21.600000,0.000000,0,1,29576659,1129,9,1129,9,0,9,81
4,350,21.600000,0.000000,0,1,29576669,1129,9,1129,9,0,9,81
4,350,21.600000,0.000000,0,1,29576679,1129,9,1129,9,0,9,81
4,350,21.600000,0.000000,0,1,29576690,1129,9,1129,9,0,9,81
4,350,21.600000,0.000000,0,1,29576701,1129,9,1129,9,0,9,81
4,350,21.600000,0.000000,0,1,29576711,1128,9,1128,9,0,9,81
4,350,21.600000,0.000000,0,1,29576722,1127,9,1127,9,0,9,81
4,350,21.600000,0.000000,0,1,29576732,1127,9,1127,9,0,9,81
4,350,21.600000,0.000000,0,1,29576743,1127,9,1127,9,0,9,81
4,350,21.600000,0.000000,0,1,29576753,1127,9,1127,9,0,9,81
4,350,21.600000,0.000000,0,1,29576764,1127,9,1127,9,0,9,81
4,350,21.600000,0.000000,0,1,29576775,1127,9,1127,9,0,9,81
4,350,21.600000,0.000000,0,1,29576784,1128,9,1128,9,0,9,81
