111,360,21.600000,43.200000,1,2,1293354162,771,12,771,12,0,28,5
111,360,21.600000,43.200000,1,2,1293354164,771,12,771,12,0,28,5
111,360,21.600000,43.200000,1,2,1293354170,772,11,772,11,0,28,5
111,360,21.600000,43.200000,1,2,1293354176,773,11,773,11,0,28,5
111,360,21.600000,43.200000,1,2,1293354182,774,11,774,11,0,28,5
111,360,21.600000,43.200000,1,2,1293354187,774,11,774,11,0,28,5
111,360,21.600000,43.200000,1,2,1293354193,774,11,774,11,0,28,5
111,360,21.600000,43.200000,1,2,1293354198,774,11,774,11,0,28,5
111,360,21.600000,43.200000,1,2,1293354204,774,11,774,11,0,28,5
111,360,21.600000,43.200000,1,2,1293354210,774,11,774,11,0,28,5
111,360,21.600000,43.200000,1,2,1293354216,774,11,774,11,0,28,5
111,360,21.600000,43.200000,1,2,1293354225,774,11,774,11,0,28,5
111,360,21.600000,43.200000,1,2,1293354230,774,11,774,11,0,28,5
111,360,21.600000,43.200000,1,2,1293354236,774,11,774,11,0,28,5
111,360,21.600000,43.200000,1,2,1293354242,774,11,774,11,0,28,5
111,360,21.600000,43.200000,1,2,1293354248,774,11,774,11,0,28,5
111,360,21.600000,43.200000,1,2,1293354254,775,11,775,11,0,28,5
111,360,21.600000,43.200000,1,2,1293354260,777,12,777,12,0,28,5
111,360,21.600000,43.200000,1,2,1293354266,779,14,779,14,0,28,5
111,360,21.600000,43.200000,1,2,1293354271,783,15,783,15,0,28,5
111,360,21.600000,43.200000,1,2,1293354277,788,17,788,17,0,28,5
111,360,21.600000,43.200000,1,2,1293354283,798,20,798,20,0,28,5
111,360,21.600000,43.200000,1,2,1293354289,811,22,811,22,0,28,5
111,360,21.600000,43.200000,1,2,1293354295,824,24,824,24,0,28,5
111,360,21.600000,43.200000,1,2,1293354301,841,26,841,26,0,28,5
111,360,21.600000,43.200000,1,2,1293354308,859,27,859,27,0,28,5
111,360,21.600000,43.200000,1,2,1293354313,885,30,885,30,0,28,5
111,360,21.600000,43.200000,1,2,1293354319,906,31,906,31,0,28,5
111,360,21.600000,43.200000,1,2,1293354325,936,33,936,33,0,28,5
111,360,21.600000,43.200000,1,2,1293354330,961,35,961,35,0,28,5
111,360,21.600000,43.200000,1,2,1293354336,982,36,982,36,0,28,5
111,360,21.600000,43.200000,1,2,1293354342,1007,37,1007,37,0,28,5
111,360,21.600000,43.200000,1,2,1293354348,1032,38,1032,38,0,28,5
111,360,21.600000,43.200000,1,2,1293354353,1048,38,1048,38,0,28,5
111,360,21.600000,43.200000,1,2,1293354359,1063,38,1063,38,0,28,5
111,360,21.600000,43.200000,1,2,1293354365,1069,38,1069,38,0,28,5
111,360,21.600000,43.200000,1,2,1293354370,1076,38,1076,38,0,28,5
111,360,21.600000,43.200000,1,2,1293354376,1081,37,1081,37,0,28,5
111,360,21.600000,43.200000,1,2,1293354382,1083,36,1083,36,0,28,5
111,360,21.600000,43.200000,1,2,1293354387,1084,35,1084,35,0,28,5
111,360,21.600000,43.200000,1,2,1293354393,1085,33,1085,33,0,28,5
111,360,21.600000,43.200000,1,2,1293354398,1085,32,1085,32,0,28,5
111,360,21.600000,43.200000,1,2,1293354404,1085,30,1085,30,0,28,5
111,360,21.600000,43.200000,1,2,1293354410,1085,28,1085,28,0,28,5
111,360,21.600000,43.200000,1,2,1293354415,1085,26,1085,26,0,28,5
111,360,21.600000,43.200000,1,2,1293354421,1085,24,1085,24,0,28,5
111,360,21.600000,43.200000,1,2,1293354426,1085,22,1085,22,0,28,5
111,360,21.600000,43.200000,1,2,1293354432,1084,20,1084,20,0,28,5
111,360,21.600000,43.200000,1,2,1293354438,1084,18,1084,18,0,28,5
111,360,21.600000,43.200000,1,2,1293354444,1084,17,1084,17,0,28,5
111,360,21.600000,43.200000,1,2,1293354450,1084,16,1084,16,0,28,5
111,360,21.600000,43.200000,1,2,1293354455,1084,16,1084,16,0,28,5
111,360,21.600000,43.200000,1,2,1293354460,1084,16,1084,16,0,28,5
111,360,21.600000,43.200000,1,2,1293354466,1084,16,1084,16,0,28,5
111,360,21.600000,43.200000,1,2,1293354471,1084,16,1084,16,0,28,5
111,360,21.600000,43.200000,1,2,1293354477,1084,16,1084,16,0,28,5
111,360,21.600000,43.200000,1,2,1293354482,1084,16,1084,16,0,28,5
111,360,21.600000,43.200000,1,2,1293354488,1084,16,1084,16,0,28,5
111,360,21.600000,43.200000,1,2,1293354493,1084,16,1084,16,0,28,5
111,360,21.600000,43.200000,1,2,1293354499,1084,16,1084,16,0,28,5
111,360,21.600000,43.200000,1,2,1293354505,1084,16,1084,16,0,28,5
111,360,21.600000,43.200000,1,2,1293354510,1084,16,1084,16,0,28,5
111,360,21.600000,43.200000,1,2,1293354516,1085,15,1085,15,0,28,5
111,360,21.600000,43.200000,1,2,1293354522,1086,15,1086,15,0,28,5
111,360,21.600000,43.200000,1,2,1293354527,1087,14,1087,14,0,28,5
111,360,21.600000,43.200000,1,2,1293354533,1090,14,1090,14,0,28,5
111,360,21.600000,43.200000,1,2,1293354539,1092,14,1092,14,0,28,5
111,360,21.600000,43.200000,1,2,1293354545,1095,13,1095,13,0,28,5
111,360,21.600000,43.200000,1,2,1293354551,1097,12,1097,12,0,28,5
111,360,21.600000,43.200000,1,2,1293354557,1100,11,1100,11,0,28,5
111,360,21.600000,43.200000,1,2,1293354562,1102,11,1102,11,0,28,5
111,360,21.600000,43.200000,1,2,1293354568,1104,11,1104,11,0,28,5
111,360,21.600000,43.200000,1,2,1293354574,1106,10,1106,10,0,28,5
111,360,21.600000,43.200000,1,2,1293354580,1108,10,1108,10,0,28,5
111,360,21.600000,43.200000,1,2,1293354585,1109,9,1109,9,0,28,5
111,360,21.600000,43.200000,1,2,1293354591,1111,8,1111,8,0,28,5
111,360,21.600000,43.200000,1,2,1293354596,1113,8,1113,8,0,28,5
111,360,21.600000,43.200000,1,2,1293354602,1115,7,1115,7,0,28,5
111,360,21.600000,43.200000,1,2,1293354608,1116,7,1116,7,0,28,5
111,360,21.600000,43.200000,1,2,1293354614,1116,6,1116,6,0,28,5
111,360,21.600000,43.200000,1,2,1293354620,1117,5,1117,5,0,28,5
111,360,21.600000,43.200000,1,2,1293354625,1118,5,1118,5,0,28,5
111,360,21.600000,43.200000,1,2,1293354631,1119,5,1119,5,0,28,5
111,360,21.600000,43.200000,1,2,1293354636,1120,5,1120,5,0,28,5
111,360,21.600000,43.200000,1,2,1293354642,1121,5,1121,5,0,28,5
111,360,21.600000,43.200000,1,2,1293354647,1122,5,1122,5,0,28,5
111,360,21.600000,43.200000,1,2,1293354653,1123,5,1123,5,0,28,5
111,360,21.600000,43.200000,1,2,1293354658,1124,5,1124,5,0,28,5
111,360,21.600000,43.200000,1,2,1293354664,1125,5,1125,5,0,28,5
111,360,21.600000,43.200000,1,2,1293354670,1126,5,1126,5,0,28,5
111,360,21.600000,43.200000,1,2,1293354675,1128,5,1128,5,0,28,5
111,360,21.600000,43.200000,1,2,1293354681,1129,5,1129,5,0,28,5
111,360,21.600000,43.200000,1,2,1293354686,1130,5,1130,5,0,28,5
111,360,21.600000,43.200000,1,2,1293354692,1131,5,1131,5,0,28,5
111,360,21.600000,43.200000,1,2,1293354698,1132,5,1132,5,0,28,5
111,360,21.600000,43.200000,1,2,1293354704,1133,4,1133,4,0,28,5
111,360,21.600000,43.200000,1,2,1293354709,1134,3,1134,3,0,28,5
111,360,21.600000,43.200000,1,2,1293354715,1135,2,1135,2,0,28,5
111,360,21.600000,43.200000,1,2,1293354721,1135,2,1135,2,0,28,5
111,360,21.600000,43.200000,1,2,1293354726,1135,2,1135,2,0,28,5
111,360,21.600000,43.200000,1,2,1293354732,1135,2,1135,2,0,28,5
111,360,21.600000,43.200000,1,2,1293354738,1135,2,1135,2,0,28,5
111,360,21.600000,43.200000,1,2,1293354743,1135,2,1135,2,0,28,5
111,360,21.600000,43.200000,1,2,1293354748,1135,2,1135,2,0,28,5
111,360,21.600000,43.200000,1,2,1293354754,1135,2,1135,2,0,28,5
111,360,21.600000,43.200000,1,2,1293354760,1135,2,1135,2,0,28,5
111,360,21.600000,43.200000,1,2,1293354766,1136,2,1136,2,0,28,5
111,360,21.600000,43.200000,1,2,1293354771,1136,2,1136,2,0,28,5
111,360,21.600000,43.200000,1,2,1293354776,1137,2,1137,2,0,28,5
111,360,21.600000,43.200000,1,2,1293354782,1138,2,1138,2,0,28,5
111,360,21.600000,43.200000,1,2,1293354788,1139,2,1139,2,0,28,5
111,360,21.600000,43.200000,1,2,1293354793,1140,2,1140,2,0,28,5
111,360,21.600000,43.200000,1,2,1293354799,1141,2,1141,2,0,28,5
111,360,21.600000,43.200000,1,2,1293354805,1142,2,1142,2,0,28,5
111,360,21.600000,43.200000,1,2,1293354810,1143,2,1143,2,0,28,5
111,360,21.600000,43.200000,1,2,1293354821,1144,2,1144,2,0,28,5
