111,720,21.600000,0.000000,1,0,1293810059,597,16,597,16,0,75,2
111,720,21.600000,0.000000,1,0,1293810061,597,16,597,16,0,75,2
111,720,21.600000,0.000000,1,0,1293810066,597,16,597,16,0,75,2
111,720,21.600000,0.000000,1,0,1293810072,597,16,597,16,0,75,2
111,720,21.600000,0.000000,1,0,1293810078,597,16,597,16,0,75,2
111,720,21.600000,0.000000,1,0,1293810083,598,16,598,16,0,75,2
111,720,21.600000,0.000000,1,0,1293810089,599,16,599,16,0,75,2
111,720,21.600000,0.000000,1,0,1293810095,599,16,599,16,0,75,2
111,720,21.600000,0.000000,1,0,1293810101,599,16,599,16,0,75,2
111,720,21.600000,0.000000,1,0,1293810106,600,16,600,16,0,75,2
111,720,21.600000,0.000000,1,0,1293810112,600,16,600,16,0,75,2
111,720,21.600000,0.000000,1,0,1293810118,601,16,601,16,0,75,2
111,720,21.600000,0.000000,1,0,1293810123,603,17,603,17,0,75,2
111,720,21.600000,0.000000,1,0,1293810132,607,18,607,18,0,75,2
111,720,21.600000,0.000000,1,0,1293810138,620,22,620,22,0,75,2
111,720,21.600000,0.000000,1,0,1293810143,630,24,630,24,0,75,2
111,720,21.600000,0.000000,1,0,1293810149,648,26,648,26,0,75,2
111,720,21.600000,0.000000,1,0,1293810155,670,29,670,29,0,75,2
111,720,21.600000,0.000000,1,0,1293810161,694,32,694,32,0,75,2
111,720,21.600000,0.000000,1,0,1293810167,722,36,722,36,0,75,2
111,720,21.600000,0.000000,1,0,1293810172,756,40,756,40,0,75,2
111,720,21.600000,0.000000,1,0,1293810178,790,44,790,44,0,75,2
111,720,21.600000,0.000000,1,0,1293810184,830,48,830,48,0,75,2
111,720,21.600000,0.000000,1,0,1293810190,871,52,871,52,0,75,2
111,720,21.600000,0.000000,1,0,1293810195,912,55,912,55,0,75,2
111,720,21.600000,0.000000,1,0,1293810201,956,58,956,58,0,75,2
111,720,21.600000,0.000000,1,0,1293810207,1000,60,1000,60,0,75,2
111,720,21.600000,0.000000,1,0,1293810213,1044,61,1044,61,0,75,2
111,720,21.600000,0.000000,1,0,1293810219,1107,62,1107,62,0,75,2
111,720,21.600000,0.000000,1,0,1293810225,1153,63,1153,63,0,75,2
111,720,21.600000,0.000000,1,0,1293810231,1267,64,1267,64,0,75,2
111,720,21.600000,0.000000,1,0,1293810237,1318,63,1318,63,0,75,2
111,720,21.600000,0.000000,1,0,1293810242,1358,61,1358,61,0,75,2
111,720,21.600000,0.000000,1,0,1293810248,1385,59,1385,59,0,75,2
111,720,21.600000,0.000000,1,0,1293810254,1414,57,1414,57,0,75,2
111,720,21.600000,0.000000,1,0,1293810260,1438,55,1438,55,0,75,2
111,720,21.600000,0.000000,1,0,1293810266,1463,53,1463,53,0,75,2
111,720,21.600000,0.000000,1,0,1293810271,1478,51,1478,51,0,75,2
111,720,21.600000,0.000000,1,0,1293810277,1486,49,1486,49,0,75,2
111,720,21.600000,0.000000,1,0,1293810283,1488,48,1488,48,0,75,2
111,720,21.600000,0.000000,1,0,1293810288,1491,47,1491,47,0,75,2
111,720,21.600000,0.000000,1,0,1293810294,1491,46,1491,46,0,75,2
111,720,21.600000,0.000000,1,0,1293810299,1489,46,1489,46,0,75,2
111,720,21.600000,0.000000,1,0,1293810305,1486,45,1486,45,0,75,2
111,720,21.600000,0.000000,1,0,1293810312,1482,44,1482,44,0,75,2
111,720,21.600000,0.000000,1,0,1293810317,1478,43,1478,43,0,75,2
111,720,21.600000,0.000000,1,0,1293810323,1473,43,1473,43,0,75,2
111,720,21.600000,0.000000,1,0,1293810329,1468,43,1468,43,0,75,2
111,720,21.600000,0.000000,1,0,1293810334,1464,43,1464,43,0,75,2
111,720,21.600000,0.000000,1,0,1293810340,1460,43,1460,43,0,75,2
111,720,21.600000,0.000000,1,0,1293810345,1458,43,1458,43,0,75,2
111,720,21.600000,0.000000,1,0,1293810351,1456,43,1456,43,0,75,2
111,720,21.600000,0.000000,1,0,1293810357,1454,43,1454,43,0,75,2
111,720,21.600000,0.000000,1,0,1293810362,1454,43,1454,43,0,75,2
111,720,21.600000,0.000000,1,0,1293810367,1454,43,1454,43,0,75,2
111,720,21.600000,0.000000,1,0,1293810373,1454,42,1454,42,0,75,2
111,720,21.600000,0.000000,1,0,1293810378,1454,42,1454,42,0,75,2
111,720,21.600000,0.000000,1,0,1293810384,1455,42,1455,42,0,75,2
111,720,21.600000,0.000000,1,0,1293810390,1456,41,1456,41,0,75,2
111,720,21.600000,0.000000,1,0,1293810396,1456,41,1456,41,0,75,2
111,720,21.600000,0.000000,1,0,1293810401,1456,40,1456,40,0,75,2
111,720,21.600000,0.000000,1,0,1293810407,1456,39,1456,39,0,75,2
111,720,21.600000,0.000000,1,0,1293810413,1456,38,1456,38,0,75,2
111,720,21.600000,0.000000,1,0,1293810418,1456,36,1456,36,0,75,2
111,720,21.600000,0.000000,1,0,1293810424,1456,35,1456,35,0,75,2
111,720,21.600000,0.000000,1,0,1293810431,1456,34,1456,34,0,75,2
111,720,21.600000,0.000000,1,0,1293810436,1454,32,1454,32,0,75,2
111,720,21.600000,0.000000,1,0,1293810442,1452,30,1452,30,0,75,2
111,720,21.600000,0.000000,1,0,1293810448,1449,29,1449,29,0,75,2
111,720,21.600000,0.000000,1,0,1293810454,1445,28,1445,28,0,75,2
111,720,21.600000,0.000000,1,0,1293810459,1441,27,1441,27,0,75,2
111,720,21.600000,0.000000,1,0,1293810465,1436,25,1436,25,0,75,2
111,720,21.600000,0.000000,1,0,1293810471,1431,23,1431,23,0,75,2
111,720,21.600000,0.000000,1,0,1293810476,1423,21,1423,21,0,75,2
111,720,21.600000,0.000000,1,0,1293810482,1414,18,1414,18,0,75,2
111,720,21.600000,0.000000,1,0,1293810487,1404,17,1404,17,0,75,2
111,720,21.600000,0.000000,1,0,1293810493,1390,15,1390,15,0,75,2
111,720,21.600000,0.000000,1,0,1293810499,1379,13,1379,13,0,75,2
111,720,21.600000,0.000000,1,0,1293810505,1365,12,1365,12,0,75,2
111,720,21.600000,0.000000,1,0,1293810511,1349,10,1349,10,0,75,2
111,720,21.600000,0.000000,1,0,1293810517,1336,8,1336,8,0,75,2
111,720,21.600000,0.000000,1,0,1293810522,1326,7,1326,7,0,75,2
111,720,21.600000,0.000000,1,0,1293810528,1319,6,1319,6,0,75,2
111,720,21.600000,0.000000,1,0,1293810534,1314,6,1314,6,0,75,2
111,720,21.600000,0.000000,1,0,1293810539,1312,6,1312,6,0,75,2
111,720,21.600000,0.000000,1,0,1293810544,1311,6,1311,6,0,75,2
111,720,21.600000,0.000000,1,0,1293810550,1310,6,1310,6,0,75,2
111,720,21.600000,0.000000,1,0,1293810556,1309,6,1309,6,0,75,2
111,720,21.600000,0.000000,1,0,1293810561,1309,6,1309,6,0,75,2
111,720,21.600000,0.000000,1,0,1293810567,1309,6,1309,6,0,75,2
111,720,21.600000,0.000000,1,0,1293810573,1310,6,1310,6,0,75,2
111,720,21.600000,0.000000,1,0,1293810578,1311,6,1311,6,0,75,2
111,720,21.600000,0.000000,1,0,1293810584,1313,6,1313,6,0,75,2
111,720,21.600000,0.000000,1,0,1293810590,1314,6,1314,6,0,75,2
111,720,21.600000,0.000000,1,0,1293810596,1314,6,1314,6,0,75,2
111,720,21.600000,0.000000,1,0,1293810601,1314,7,1314,7,0,75,2
111,720,21.600000,0.000000,1,0,1293810607,1314,8,1314,8,0,75,2
111,720,21.600000,0.000000,1,0,1293810614,1314,8,1314,8,0,75,2
111,720,21.600000,0.000000,1,0,1293810620,1314,8,1314,8,0,75,2
111,720,21.600000,0.000000,1,0,1293810626,1314,8,1314,8,0,75,2
111,720,21.600000,0.000000,1,0,1293810632,1314,8,1314,8,0,75,2
111,720,21.600000,0.000000,1,0,1293810637,1314,8,1314,8,0,75,2
111,720,21.600000,0.000000,1,0,1293810643,1313,8,1313,8,0,75,2
111,720,21.600000,0.000000,1,0,1293810649,1312,8,1312,8,0,75,2
111,720,21.600000,0.000000,1,0,1293810654,1311,8,1311,8,0,75,2
111,720,21.600000,0.000000,1,0,1293810660,1311,9,1311,9,0,75,2
111,720,21.600000,0.000000,1,0,1293810666,1311,9,1311,9,0,75,2
111,720,21.600000,0.000000,1,0,1293810671,1310,9,1310,9,0,75,2
111,720,21.600000,0.000000,1,0,1293810677,1309,9,1309,9,0,75,2
111,720,21.600000,0.000000,1,0,1293810682,1309,10,1309,10,0,75,2
111,720,21.600000,0.000000,1,0,1293810688,1309,11,1309,11,0,75,2
111,720,21.600000,0.000000,1,0,1293810695,1309,12,1309,12,0,75,2
111,720,21.600000,0.000000,1,0,1293810700,1309,12,1309,12,0,75,2
111,720,21.600000,0.000000,1,0,1293810706,1309,12,1309,12,0,75,2
111,720,21.600000,0.000000,1,0,1293810714,1309,12,1309,12,0,75,2
111,720,21.600000,0.000000,1,0,1293810720,1309,12,1309,12,0,75,2
111,720,21.600000,0.000000,1,0,1293810725,1309,12,1309,12,0,75,2
111,720,21.600000,0.000000,1,0,1293810732,1309,12,1309,12,0,75,2
111,720,21.600000,0.000000,1,0,1293810737,1309,12,1309,12,0,75,2
111,720,21.600000,0.000000,1,0,1293810742,1309,12,1309,12,0,75,2
111,720,21.600000,0.000000,1,0,1293810748,1309,12,1309,12,0,75,2
111,720,21.600000,0.000000,1,0,1293810754,1309,12,1309,12,0,75,2
111,720,21.600000,0.000000,1,0,1293810759,1309,12,1309,12,0,75,2
111,720,21.600000,0.000000,1,0,1293810765,1309,12,1309,12,0,75,2
111,720,21.600000,0.000000,1,0,1293810771,1309,12,1309,12,0,75,2
111,720,21.600000,0.000000,1,0,1293810777,1309,12,1309,12,0,75,2
111,720,21.600000,0.000000,1,0,1293810782,1309,12,1309,12,0,75,2
111,720,21.600000,0.000000,1,0,1293810788,1309,12,1309,12,0,75,2
111,720,21.600000,0.000000,1,0,1293810793,1309,12,1309,12,0,75,2
111,720,21.600000,0.000000,1,0,1293810799,1309,12,1309,12,0,75,2
111,720,21.600000,0.000000,1,0,1293810805,1310,12,1310,12,0,75,2
111,720,21.600000,0.000000,1,0,1293810810,1311,12,1311,12,0,75,2
111,720,21.600000,0.000000,1,0,1293810816,1312,12,1312,12,0,75,2
111,720,21.600000,0.000000,1,0,1293810821,1313,12,1313,12,0,75,2
111,720,21.600000,0.000000,1,0,1293810827,1314,12,1314,12,0,75,2
111,720,21.600000,0.000000,1,0,1293810833,1315,12,1315,12,0,75,2
111,720,21.600000,0.000000,1,0,1293810838,1316,12,1316,12,0,75,2
111,720,21.600000,0.000000,1,0,1293810844,1317,12,1317,12,0,75,2
111,720,21.600000,0.000000,1,0,1293810850,1318,12,1318,12,0,75,2
111,720,21.600000,0.000000,1,0,1293810855,1319,12,1319,12,0,75,2
111,720,21.600000,0.000000,1,0,1293810861,1320,12,1320,12,0,75,2
111,720,21.600000,0.000000,1,0,1293810866,1320,12,1320,12,0,75,2
111,720,21.600000,0.000000,1,0,1293810878,1320,12,1320,12,0,75,2
