111,360,21.600000,10000.000000,0,2,1293121511,785,0,785,0,0,10,3
111,360,21.600000,10000.000000,0,2,1293121513,785,0,785,0,0,10,3
111,360,21.600000,10000.000000,0,2,1293121518,785,0,785,0,0,10,3
111,360,21.600000,10000.000000,0,2,1293121524,785,0,785,0,0,10,3
111,360,21.600000,10000.000000,0,2,1293121529,785,0,785,0,0,10,3
111,360,21.600000,10000.000000,0,2,1293121535,785,0,785,0,0,10,3
111,360,21.600000,10000.000000,0,2,1293121541,785,0,785,0,0,10,3
111,360,21.600000,10000.000000,0,2,1293121546,785,0,785,0,0,10,3
111,360,21.600000,10000.000000,0,2,1293121551,785,0,785,0,0,10,3
111,360,21.600000,10000.000000,0,2,1293121557,785,0,785,0,0,10,3
111,360,21.600000,10000.000000,0,2,1293121563,785,0,785,0,0,10,3
111,360,21.600000,10000.000000,0,2,1293121568,785,0,785,0,0,10,3
111,360,21.600000,10000.000000,0,2,1293121574,785,0,785,0,0,10,3
111,360,21.600000,10000.000000,0,2,1293121580,785,0,785,0,0,10,3
111,360,21.600000,10000.000000,0,2,1293121585,785,0,785,0,0,10,3
111,360,21.600000,10000.000000,0,2,1293121591,785,0,785,0,0,10,3
111,360,21.600000,10000.000000,0,2,1293121597,786,0,786,0,0,10,3
111,360,21.600000,10000.000000,0,2,1293121603,791,1,791,1,0,10,3
111,360,21.600000,10000.000000,0,2,1293121610,798,1,798,1,0,10,3
111,360,21.600000,10000.000000,0,2,1293121615,808,1,808,1,0,10,3
111,360,21.600000,10000.000000,0,2,1293121620,820,0,820,0,0,10,3
111,360,21.600000,10000.000000,0,2,1293121626,834,0,834,-1,0,10,3
111,360,21.600000,10000.000000,0,2,1293121632,847,0,847,-2,0,10,3
111,360,21.600000,10000.000000,0,2,1293121638,863,0,863,-5,0,10,3
111,360,21.600000,10000.000000,0,2,1293121644,880,0,880,-8,0,10,3
111,360,21.600000,10000.000000,0,2,1293121649,897,0,897,-11,0,10,3
111,360,21.600000,10000.000000,0,2,1293121655,914,0,914,-13,0,10,3
111,360,21.600000,10000.000000,0,2,1293121661,935,0,935,-16,0,10,3
111,360,21.600000,10000.000000,0,2,1293121667,956,0,956,-19,0,10,3
111,360,21.600000,10000.000000,0,2,1293121673,976,0,976,-22,0,10,3
111,360,21.600000,10000.000000,0,2,1293121678,1002,0,1002,-26,0,10,3
111,360,21.600000,10000.000000,0,2,1293121684,1021,0,1021,-29,0,10,3
111,360,21.600000,10000.000000,0,2,1293121690,1044,0,1044,-32,0,10,3
111,360,21.600000,10000.000000,0,2,1293121696,1058,0,1058,-34,0,10,3
111,360,21.600000,10000.000000,0,2,1293121702,1075,0,1075,-36,0,10,3
111,360,21.600000,10000.000000,0,2,1293121708,1088,0,1088,-38,0,10,3
111,360,21.600000,10000.000000,0,2,1293121714,1096,0,1096,-39,0,10,3
111,360,21.600000,10000.000000,0,2,1293121720,1102,0,1102,-40,0,10,3
111,360,21.600000,10000.000000,0,2,1293121726,1106,0,1106,-41,0,10,3
111,360,21.600000,10000.000000,0,2,1293121732,1107,0,1107,-41,0,10,3
111,360,21.600000,10000.000000,0,2,1293121737,1108,0,1108,-41,0,10,3
111,360,21.600000,10000.000000,0,2,1293121743,1108,0,1108,-41,0,10,3
111,360,21.600000,10000.000000,0,2,1293121748,1107,0,1107,-42,0,10,3
111,360,21.600000,10000.000000,0,2,1293121754,1105,0,1105,-43,0,10,3
111,360,21.600000,10000.000000,0,2,1293121760,1104,0,1104,-44,0,10,3
111,360,21.600000,10000.000000,0,2,1293121766,1103,0,1103,-44,0,10,3
111,360,21.600000,10000.000000,0,2,1293121772,1102,0,1102,-45,0,10,3
111,360,21.600000,10000.000000,0,2,1293121777,1102,0,1102,-45,0,10,3
111,360,21.600000,10000.000000,0,2,1293121783,1101,0,1101,-45,0,10,3
111,360,21.600000,10000.000000,0,2,1293121788,1100,0,1100,-45,0,10,3
111,360,21.600000,10000.000000,0,2,1293121794,1100,0,1100,-45,0,10,3
111,360,21.600000,10000.000000,0,2,1293121799,1100,0,1100,-45,0,10,3
111,360,21.600000,10000.000000,0,2,1293121804,1100,0,1100,-45,0,10,3
111,360,21.600000,10000.000000,0,2,1293121810,1100,0,1100,-45,0,10,3
111,360,21.600000,10000.000000,0,2,1293121815,1100,0,1100,-45,0,10,3
111,360,21.600000,10000.000000,0,2,1293121821,1100,0,1100,-45,0,10,3
111,360,21.600000,10000.000000,0,2,1293121827,1100,0,1100,-45,0,10,3
111,360,21.600000,10000.000000,0,2,1293121832,1100,0,1100,-45,0,10,3
111,360,21.600000,10000.000000,0,2,1293121838,1100,0,1100,-45,0,10,3
111,360,21.600000,10000.000000,0,2,1293121843,1100,0,1100,-45,0,10,3
111,360,21.600000,10000.000000,0,2,1293121849,1100,0,1100,-45,0,10,3
111,360,21.600000,10000.000000,0,2,1293121854,1100,0,1100,-45,0,10,3
111,360,21.600000,10000.000000,0,2,1293121860,1100,0,1100,-45,0,10,3
111,360,21.600000,10000.000000,0,2,1293121865,1100,0,1100,-45,0,10,3
111,360,21.600000,10000.000000,0,2,1293121871,1100,0,1100,-45,0,10,3
111,360,21.600000,10000.000000,0,2,1293121876,1100,0,1100,-45,0,10,3
111,360,21.600000,10000.000000,0,2,1293121882,1100,0,1100,-45,0,10,3
111,360,21.600000,10000.000000,0,2,1293121888,1100,0,1100,-45,0,10,3
111,360,21.600000,10000.000000,0,2,1293121893,1101,0,1101,-45,0,10,3
111,360,21.600000,10000.000000,0,2,1293121899,1103,0,1103,-45,0,10,3
111,360,21.600000,10000.000000,0,2,1293121905,1106,0,1106,-45,0,10,3
111,360,21.600000,10000.000000,0,2,1293121911,1109,0,1109,-45,0,10,3
111,360,21.600000,10000.000000,0,2,1293121916,1113,0,1113,-45,0,10,3
111,360,21.600000,10000.000000,0,2,1293121922,1117,0,1117,-45,0,10,3
111,360,21.600000,10000.000000,0,2,1293121928,1120,0,1120,-45,0,10,3
111,360,21.600000,10000.000000,0,2,1293121934,1123,0,1123,-46,0,10,3
111,360,21.600000,10000.000000,0,2,1293121940,1126,0,1126,-47,0,10,3
111,360,21.600000,10000.000000,0,2,1293121945,1128,0,1128,-47,0,10,3
111,360,21.600000,10000.000000,0,2,1293121951,1130,0,1130,-48,0,10,3
111,360,21.600000,10000.000000,0,2,1293121956,1132,0,1132,-48,0,10,3
111,360,21.600000,10000.000000,0,2,1293121962,1134,0,1134,-48,0,10,3
111,360,21.600000,10000.000000,0,2,1293121968,1135,0,1135,-49,0,10,3
111,360,21.600000,10000.000000,0,2,1293121974,1135,0,1135,-50,0,10,3
111,360,21.600000,10000.000000,0,2,1293121980,1136,0,1136,-51,0,10,3
111,360,21.600000,10000.000000,0,2,1293121985,1137,0,1137,-52,0,10,3
111,360,21.600000,10000.000000,0,2,1293121990,1138,0,1138,-53,0,10,3
111,360,21.600000,10000.000000,0,2,1293121996,1138,0,1138,-53,0,10,3
111,360,21.600000,10000.000000,0,2,1293122001,1138,0,1138,-53,0,10,3
111,360,21.600000,10000.000000,0,2,1293122007,1138,0,1138,-53,0,10,3
111,360,21.600000,10000.000000,0,2,1293122012,1138,0,1138,-53,0,10,3
111,360,21.600000,10000.000000,0,2,1293122018,1138,0,1138,-53,0,10,3
111,360,21.600000,10000.000000,0,2,1293122024,1138,0,1138,-53,0,10,3
111,360,21.600000,10000.000000,0,2,1293122029,1138,0,1138,-53,0,10,3
111,360,21.600000,10000.000000,0,2,1293122035,1138,0,1138,-53,0,10,3
111,360,21.600000,10000.000000,0,2,1293122040,1138,0,1138,-54,0,10,3
111,360,21.600000,10000.000000,0,2,1293122045,1138,0,1138,-55,0,10,3
111,360,21.600000,10000.000000,0,2,1293122051,1138,0,1138,-56,0,10,3
111,360,21.600000,10000.000000,0,2,1293122057,1138,0,1138,-57,0,10,3
111,360,21.600000,10000.000000,0,2,1293122062,1138,0,1138,-57,0,10,3
111,360,21.600000,10000.000000,0,2,1293122068,1138,0,1138,-57,0,10,3
111,360,21.600000,10000.000000,0,2,1293122073,1138,0,1138,-57,0,10,3
111,360,21.600000,10000.000000,0,2,1293122079,1138,0,1138,-58,0,10,3
111,360,21.600000,10000.000000,0,2,1293122084,1138,0,1138,-59,0,10,3
111,360,21.600000,10000.000000,0,2,1293122090,1138,0,1138,-60,0,10,3
111,360,21.600000,10000.000000,0,2,1293122096,1138,0,1138,-60,0,10,3
111,360,21.600000,10000.000000,0,2,1293122101,1138,0,1138,-60,0,10,3
111,360,21.600000,10000.000000,0,2,1293122107,1138,0,1138,-60,0,10,3
111,360,21.600000,10000.000000,0,2,1293122116,1138,0,1138,-60,0,10,3
