111,360,21.600000,43.200000,1,2,1293430839,776,15,776,15,0,37,4
111,360,21.600000,43.200000,1,2,1293430841,776,15,776,15,0,37,4
111,360,21.600000,43.200000,1,2,1293430846,776,15,776,15,0,37,4
111,360,21.600000,43.200000,1,2,1293430852,776,15,776,15,0,37,4
111,360,21.600000,43.200000,1,2,1293430858,776,15,776,15,0,37,4
111,360,21.600000,43.200000,1,2,1293430863,776,15,776,15,0,37,4
111,360,21.600000,43.200000,1,2,1293430869,777,15,777,15,0,37,4
111,360,21.600000,43.200000,1,2,1293430875,779,15,779,15,0,37,4
111,360,21.600000,43.200000,1,2,1293430881,782,16,782,16,0,37,4
111,360,21.600000,43.200000,1,2,1293430887,788,17,788,17,0,37,4
111,360,21.600000,43.200000,1,2,1293430893,793,18,793,18,0,37,4
111,360,21.600000,43.200000,1,2,1293430898,798,19,798,19,0,37,4
111,360,21.600000,43.200000,1,2,1293430904,807,22,807,22,0,37,4
111,360,21.600000,43.200000,1,2,1293430910,816,24,816,24,0,37,4
111,360,21.600000,43.200000,1,2,1293430917,825,28,825,28,0,37,4
111,360,21.600000,43.200000,1,2,1293430922,835,32,835,32,0,37,4
111,360,21.600000,43.200000,1,2,1293430928,842,35,842,35,0,37,4
111,360,21.600000,43.200000,1,2,1293430934,850,38,850,38,0,37,4
111,360,21.600000,43.200000,1,2,1293430939,858,42,858,42,0,37,4
111,360,21.600000,43.200000,1,2,1293430945,866,44,866,44,0,37,4
111,360,21.600000,43.200000,1,2,1293430951,873,46,873,46,0,37,4
111,360,21.600000,43.200000,1,2,1293430957,880,47,880,47,0,37,4
111,360,21.600000,43.200000,1,2,1293430962,888,47,888,47,0,37,4
111,360,21.600000,43.200000,1,2,1293430968,895,47,895,47,0,37,4
111,360,21.600000,43.200000,1,2,1293430974,902,46,902,46,0,37,4
111,360,21.600000,43.200000,1,2,1293430979,909,44,909,44,0,37,4
111,360,21.600000,43.200000,1,2,1293430985,916,42,916,42,0,37,4
111,360,21.600000,43.200000,1,2,1293430991,924,40,924,40,0,37,4
111,360,21.600000,43.200000,1,2,1293430997,938,36,938,36,0,37,4
111,360,21.600000,43.200000,1,2,1293431002,952,33,952,33,0,37,4
111,360,21.600000,43.200000,1,2,1293431008,969,30,969,30,0,37,4
111,360,21.600000,43.200000,1,2,1293431014,987,26,987,26,0,37,4
111,360,21.600000,43.200000,1,2,1293431020,1002,24,1002,24,0,37,4
111,360,21.600000,43.200000,1,2,1293431025,1019,22,1019,22,0,37,4
111,360,21.600000,43.200000,1,2,1293431031,1033,21,1033,21,0,37,4
111,360,21.600000,43.200000,1,2,1293431037,1049,19,1049,19,0,37,4
111,360,21.600000,43.200000,1,2,1293431042,1059,18,1059,18,0,37,4
111,360,21.600000,43.200000,1,2,1293431048,1069,17,1069,17,0,37,4
111,360,21.600000,43.200000,1,2,1293431053,1075,17,1075,17,0,37,4
111,360,21.600000,43.200000,1,2,1293431059,1078,17,1078,17,0,37,4
111,360,21.600000,43.200000,1,2,1293431065,1079,17,1079,17,0,37,4
111,360,21.600000,43.200000,1,2,1293431070,1080,17,1080,17,0,37,4
111,360,21.600000,43.200000,1,2,1293431076,1081,17,1081,17,0,37,4
111,360,21.600000,43.200000,1,2,1293431082,1082,17,1082,17,0,37,4
111,360,21.600000,43.200000,1,2,1293431087,1082,17,1082,17,0,37,4
111,360,21.600000,43.200000,1,2,1293431093,1082,17,1082,17,0,37,4
111,360,21.600000,43.200000,1,2,1293431101,1082,17,1082,17,0,37,4
111,360,21.600000,43.200000,1,2,1293431106,1082,17,1082,17,0,37,4
111,360,21.600000,43.200000,1,2,1293431112,1083,17,1083,17,0,37,4
111,360,21.600000,43.200000,1,2,1293431118,1084,17,1084,17,0,37,4
111,360,21.600000,43.200000,1,2,1293431123,1085,17,1085,17,0,37,4
111,360,21.600000,43.200000,1,2,1293431129,1087,17,1087,17,0,37,4
111,360,21.600000,43.200000,1,2,1293431134,1088,17,1088,17,0,37,4
111,360,21.600000,43.200000,1,2,1293431140,1089,17,1089,17,0,37,4
111,360,21.600000,43.200000,1,2,1293431145,1090,17,1090,17,0,37,4
111,360,21.600000,43.200000,1,2,1293431151,1091,17,1091,17,0,37,4
111,360,21.600000,43.200000,1,2,1293431157,1091,17,1091,17,0,37,4
111,360,21.600000,43.200000,1,2,1293431162,1091,17,1091,17,0,37,4
111,360,21.600000,43.200000,1,2,1293431168,1091,17,1091,17,0,37,4
111,360,21.600000,43.200000,1,2,1293431173,1091,17,1091,17,0,37,4
111,360,21.600000,43.200000,1,2,1293431179,1091,17,1091,17,0,37,4
111,360,21.600000,43.200000,1,2,1293431185,1091,17,1091,17,0,37,4
111,360,21.600000,43.200000,1,2,1293431191,1091,17,1091,17,0,37,4
111,360,21.600000,43.200000,1,2,1293431196,1091,17,1091,17,0,37,4
111,360,21.600000,43.200000,1,2,1293431202,1092,18,1092,18,0,37,4
111,360,21.600000,43.200000,1,2,1293431208,1093,19,1093,19,0,37,4
111,360,21.600000,43.200000,1,2,1293431214,1094,19,1094,19,0,37,4
111,360,21.600000,43.200000,1,2,1293431219,1095,19,1095,19,0,37,4
111,360,21.600000,43.200000,1,2,1293431225,1096,19,1096,19,0,37,4
111,360,21.600000,43.200000,1,2,1293431230,1098,19,1098,19,0,37,4
111,360,21.600000,43.200000,1,2,1293431235,1100,19,1100,19,0,37,4
111,360,21.600000,43.200000,1,2,1293431241,1102,19,1102,19,0,37,4
111,360,21.600000,43.200000,1,2,1293431247,1104,19,1104,19,0,37,4
111,360,21.600000,43.200000,1,2,1293431253,1107,19,1107,19,0,37,4
111,360,21.600000,43.200000,1,2,1293431258,1111,18,1111,18,0,37,4
111,360,21.600000,43.200000,1,2,1293431264,1116,17,1116,17,0,37,4
111,360,21.600000,43.200000,1,2,1293431270,1120,16,1120,16,0,37,4
111,360,21.600000,43.200000,1,2,1293431276,1124,15,1124,15,0,37,4
111,360,21.600000,43.200000,1,2,1293431282,1127,15,1127,15,0,37,4
111,360,21.600000,43.200000,1,2,1293431287,1131,15,1131,15,0,37,4
111,360,21.600000,43.200000,1,2,1293431292,1133,14,1133,14,0,37,4
111,360,21.600000,43.200000,1,2,1293431298,1135,14,1135,14,0,37,4
111,360,21.600000,43.200000,1,2,1293431304,1136,14,1136,14,0,37,4
111,360,21.600000,43.200000,1,2,1293431310,1137,13,1137,13,0,37,4
111,360,21.600000,43.200000,1,2,1293431317,1138,12,1138,12,0,37,4
111,360,21.600000,43.200000,1,2,1293431323,1138,12,1138,12,0,37,4
111,360,21.600000,43.200000,1,2,1293431329,1138,12,1138,12,0,37,4
111,360,21.600000,43.200000,1,2,1293431334,1138,12,1138,12,0,37,4
111,360,21.600000,43.200000,1,2,1293431340,1138,12,1138,12,0,37,4
111,360,21.600000,43.200000,1,2,1293431346,1138,12,1138,12,0,37,4
111,360,21.600000,43.200000,1,2,1293431352,1138,12,1138,12,0,37,4
111,360,21.600000,43.200000,1,2,1293431357,1138,12,1138,12,0,37,4
111,360,21.600000,43.200000,1,2,1293431362,1138,12,1138,12,0,37,4
111,360,21.600000,43.200000,1,2,1293431368,1138,12,1138,12,0,37,4
111,360,21.600000,43.200000,1,2,1293431374,1138,12,1138,12,0,37,4
111,360,21.600000,43.200000,1,2,1293431379,1138,12,1138,12,0,37,4
111,360,21.600000,43.200000,1,2,1293431385,1138,12,1138,12,0,37,4
111,360,21.600000,43.200000,1,2,1293431391,1138,12,1138,12,0,37,4
111,360,21.600000,43.200000,1,2,1293431396,1138,12,1138,12,0,37,4
111,360,21.600000,43.200000,1,2,1293431402,1138,12,1138,12,0,37,4
111,360,21.600000,43.200000,1,2,1293431407,1138,12,1138,12,0,37,4
111,360,21.600000,43.200000,1,2,1293431413,1138,12,1138,12,0,37,4
111,360,21.600000,43.200000,1,2,1293431418,1138,12,1138,12,0,37,4
111,360,21.600000,43.200000,1,2,1293431423,1138,12,1138,12,0,37,4
111,360,21.600000,43.200000,1,2,1293431433,1138,12,1138,12,0,37,4
