111,360,21.600000,0.000000,0,2,1293184502,783,0,783,0,0,17,0
111,360,21.600000,0.000000,0,2,1293184504,783,0,783,0,0,17,0
111,360,21.600000,0.000000,0,2,1293184509,783,0,783,0,0,17,0
111,360,21.600000,0.000000,0,2,1293184515,783,0,783,0,0,17,0
111,360,21.600000,0.000000,0,2,1293184521,783,0,783,-1,0,17,0
111,360,21.600000,0.000000,0,2,1293184526,783,0,783,-1,0,17,0
111,360,21.600000,0.000000,0,2,1293184532,783,0,783,-1,0,17,0
111,360,21.600000,0.000000,0,2,1293184538,783,0,783,-1,0,17,0
111,360,21.600000,0.000000,0,2,1293184543,783,0,783,-1,0,17,0
111,360,21.600000,0.000000,0,2,1293184549,783,0,783,-1,0,17,0
111,360,21.600000,0.000000,0,2,1293184554,783,0,783,-1,0,17,0
111,360,21.600000,0.000000,0,2,1293184560,788,0,788,-1,0,17,0
111,360,21.600000,0.000000,0,2,1293184566,799,0,799,-1,0,17,0
111,360,21.600000,0.000000,0,2,1293184572,813,0,813,-1,0,17,0
111,360,21.600000,0.000000,0,2,1293184578,834,0,834,-2,0,17,0
111,360,21.600000,0.000000,0,2,1293184584,859,0,859,-3,0,17,0
111,360,21.600000,0.000000,0,2,1293184590,878,0,878,-4,0,17,0
111,360,21.600000,0.000000,0,2,1293184596,919,0,919,-5,0,17,0
111,360,21.600000,0.000000,0,2,1293184602,960,0,960,-6,0,17,0
111,360,21.600000,0.000000,0,2,1293184607,998,0,998,-8,0,17,0
111,360,21.600000,0.000000,0,2,1293184613,1040,0,1040,-10,0,17,0
111,360,21.600000,0.000000,0,2,1293184618,1077,0,1077,-12,0,17,0
111,360,21.600000,0.000000,0,2,1293184624,1115,0,1115,-14,0,17,0
111,360,21.600000,0.000000,0,2,1293184630,1155,0,1155,-18,0,17,0
111,360,21.600000,0.000000,0,2,1293184635,1189,0,1189,-21,0,17,0
111,360,21.600000,0.000000,0,2,1293184641,1214,0,1214,-24,0,17,0
111,360,21.600000,0.000000,0,2,1293184648,1242,0,1242,-28,0,17,0
111,360,21.600000,0.000000,0,2,1293184653,1259,0,1259,-31,0,17,0
111,360,21.600000,0.000000,0,2,1293184659,1269,0,1269,-34,0,17,0
111,360,21.600000,0.000000,0,2,1293184665,1272,0,1272,-35,0,17,0
111,360,21.600000,0.000000,0,2,1293184670,1272,0,1272,-36,0,17,0
111,360,21.600000,0.000000,0,2,1293184676,1268,0,1268,-39,0,17,0
111,360,21.600000,0.000000,0,2,1293184681,1261,0,1261,-42,0,17,0
111,360,21.600000,0.000000,0,2,1293184687,1256,0,1256,-44,0,17,0
111,360,21.600000,0.000000,0,2,1293184693,1248,0,1248,-46,0,17,0
111,360,21.600000,0.000000,0,2,1293184699,1240,0,1240,-48,0,17,0
111,360,21.600000,0.000000,0,2,1293184705,1232,0,1232,-51,0,17,0
111,360,21.600000,0.000000,0,2,1293184711,1223,0,1223,-54,0,17,0
111,360,21.600000,0.000000,0,2,1293184718,1212,0,1212,-57,0,17,0
111,360,21.600000,0.000000,0,2,1293184723,1204,0,1204,-58,0,17,0
111,360,21.600000,0.000000,0,2,1293184729,1201,0,1201,-59,0,17,0
111,360,21.600000,0.000000,0,2,1293184735,1199,0,1199,-60,0,17,0
111,360,21.600000,0.000000,0,2,1293184740,1198,0,1198,-60,0,17,0
111,360,21.600000,0.000000,0,2,1293184746,1197,0,1197,-60,0,17,0
111,360,21.600000,0.000000,0,2,1293184751,1196,0,1196,-60,0,17,0
111,360,21.600000,0.000000,0,2,1293184757,1196,0,1196,-60,0,17,0
111,360,21.600000,0.000000,0,2,1293184762,1196,0,1196,-60,0,17,0
111,360,21.600000,0.000000,0,2,1293184768,1196,0,1196,-60,0,17,0
111,360,21.600000,0.000000,0,2,1293184774,1196,0,1196,-60,0,17,0
111,360,21.600000,0.000000,0,2,1293184779,1196,0,1196,-60,0,17,0
111,360,21.600000,0.000000,0,2,1293184785,1196,0,1196,-60,0,17,0
111,360,21.600000,0.000000,0,2,1293184790,1196,0,1196,-60,0,17,0
111,360,21.600000,0.000000,0,2,1293184796,1196,0,1196,-60,0,17,0
111,360,21.600000,0.000000,0,2,1293184802,1195,0,1195,-60,0,17,0
111,360,21.600000,0.000000,0,2,1293184808,1193,0,1193,-61,0,17,0
111,360,21.600000,0.000000,0,2,1293184814,1192,0,1192,-62,0,17,0
111,360,21.600000,0.000000,0,2,1293184820,1190,0,1190,-63,0,17,0
111,360,21.600000,0.000000,0,2,1293184826,1189,0,1189,-63,0,17,0
111,360,21.600000,0.000000,0,2,1293184832,1187,0,1187,-64,0,17,0
111,360,21.600000,0.000000,0,2,1293184838,1185,0,1185,-65,0,17,0
111,360,21.600000,0.000000,0,2,1293184843,1184,0,1184,-66,0,17,0
111,360,21.600000,0.000000,0,2,1293184849,1182,0,1182,-67,0,17,0
111,360,21.600000,0.000000,0,2,1293184856,1180,0,1180,-68,0,17,0
111,360,21.600000,0.000000,0,2,1293184861,1177,0,1177,-68,0,17,0
111,360,21.600000,0.000000,0,2,1293184867,1175,0,1175,-69,0,17,0
111,360,21.600000,0.000000,0,2,1293184872,1173,0,1173,-70,0,17,0
111,360,21.600000,0.000000,0,2,1293184878,1172,0,1172,-70,0,17,0
111,360,21.600000,0.000000,0,2,1293184884,1171,0,1171,-70,0,17,0
111,360,21.600000,0.000000,0,2,1293184889,1170,0,1170,-70,0,17,0
111,360,21.600000,0.000000,0,2,1293184895,1169,0,1169,-70,0,17,0
111,360,21.600000,0.000000,0,2,1293184900,1168,0,1168,-70,0,17,0
111,360,21.600000,0.000000,0,2,1293184906,1167,0,1167,-70,0,17,0
111,360,21.600000,0.000000,0,2,1293184912,1166,0,1166,-70,0,17,0
111,360,21.600000,0.000000,0,2,1293184917,1165,0,1165,-70,0,17,0
111,360,21.600000,0.000000,0,2,1293184923,1164,0,1164,-70,0,17,0
111,360,21.600000,0.000000,0,2,1293184928,1163,0,1163,-70,0,17,0
111,360,21.600000,0.000000,0,2,1293184934,1162,0,1162,-70,0,17,0
111,360,21.600000,0.000000,0,2,1293184939,1162,0,1162,-71,0,17,0
111,360,21.600000,0.000000,0,2,1293184945,1161,0,1161,-72,0,17,0
111,360,21.600000,0.000000,0,2,1293184952,1160,0,1160,-72,0,17,0
111,360,21.600000,0.000000,0,2,1293184957,1158,0,1158,-73,0,17,0
111,360,21.600000,0.000000,0,2,1293184963,1157,0,1157,-74,0,17,0
111,360,21.600000,0.000000,0,2,1293184968,1156,0,1156,-74,0,17,0
111,360,21.600000,0.000000,0,2,1293184974,1155,0,1155,-74,0,17,0
111,360,21.600000,0.000000,0,2,1293184979,1154,0,1154,-75,0,17,0
111,360,21.600000,0.000000,0,2,1293184985,1153,0,1153,-75,0,17,0
111,360,21.600000,0.000000,0,2,1293184991,1153,0,1153,-76,0,17,0
111,360,21.600000,0.000000,0,2,1293184997,1153,0,1153,-77,0,17,0
111,360,21.600000,0.000000,0,2,1293185003,1153,0,1153,-78,0,17,0
111,360,21.600000,0.000000,0,2,1293185009,1153,0,1153,-78,0,17,0
111,360,21.600000,0.000000,0,2,1293185015,1153,0,1153,-78,0,17,0
111,360,21.600000,0.000000,0,2,1293185020,1152,0,1152,-78,0,17,0
111,360,21.600000,0.000000,0,2,1293185026,1152,0,1152,-78,0,17,0
111,360,21.600000,0.000000,0,2,1293185032,1152,0,1152,-78,0,17,0
111,360,21.600000,0.000000,0,2,1293185038,1152,0,1152,-78,0,17,0
111,360,21.600000,0.000000,0,2,1293185043,1152,0,1152,-78,0,17,0
111,360,21.600000,0.000000,0,2,1293185048,1152,0,1152,-78,0,17,0
111,360,21.600000,0.000000,0,2,1293185053,1152,0,1152,-78,0,17,0
111,360,21.600000,0.000000,0,2,1293185059,1152,0,1152,-78,0,17,0
111,360,21.600000,0.000000,0,2,1293185065,1152,0,1152,-78,0,17,0
111,360,21.600000,0.000000,0,2,1293185070,1152,0,1152,-78,0,17,0
111,360,21.600000,0.000000,0,2,1293185076,1152,0,1152,-78,0,17,0
111,360,21.600000,0.000000,0,2,1293185082,1152,0,1152,-78,0,17,0
111,360,21.600000,0.000000,0,2,1293185087,1152,0,1152,-79,0,17,0
111,360,21.600000,0.000000,0,2,1293185093,1152,0,1152,-79,0,17,0
111,360,21.600000,0.000000,0,2,1293185099,1152,0,1152,-79,0,17,0
111,360,21.600000,0.000000,0,2,1293185105,1152,0,1152,-79,0,17,0
111,360,21.600000,0.000000,0,2,1293185110,1151,0,1151,-79,0,17,0
111,360,21.600000,0.000000,0,2,1293185115,1151,0,1151,-80,0,17,0
111,360,21.600000,0.000000,0,2,1293185122,1151,0,1151,-81,0,17,0
111,360,21.600000,0.000000,0,2,1293185127,1151,0,1151,-81,0,17,0
111,360,21.600000,0.000000,0,2,1293185133,1151,0,1151,-81,0,17,0
111,360,21.600000,0.000000,0,2,1293185138,1151,0,1151,-81,0,17,0
111,360,21.600000,0.000000,0,2,1293185144,1151,0,1151,-81,0,17,0
111,360,21.600000,0.000000,0,2,1293185150,1151,0,1151,-82,0,17,0
111,360,21.600000,0.000000,0,2,1293185155,1150,0,1150,-82,0,17,0
111,360,21.600000,0.000000,0,2,1293185161,1149,0,1149,-82,0,17,0
111,360,21.600000,0.000000,0,2,1293185167,1149,0,1149,-83,0,17,0
111,360,21.600000,0.000000,0,2,1293185172,1148,0,1148,-83,0,17,0
111,360,21.600000,0.000000,0,2,1293185178,1147,0,1147,-83,0,17,0
111,360,21.600000,0.000000,0,2,1293185184,1146,0,1146,-83,0,17,0
111,360,21.600000,0.000000,0,2,1293185190,1146,0,1146,-84,0,17,0
111,360,21.600000,0.000000,0,2,1293185195,1146,0,1146,-85,0,17,0
111,360,21.600000,0.000000,0,2,1293185201,1146,0,1146,-86,0,17,0
111,360,21.600000,0.000000,0,2,1293185206,1146,0,1146,-87,0,17,0
111,360,21.600000,0.000000,0,2,1293185217,1146,0,1146,-87,0,17,0
