111,360,21.600000,43.200000,0,0,1293643100,779,1,779,1,0,58,4
111,360,21.600000,43.200000,0,0,1293643102,779,1,779,1,0,58,4
111,360,21.600000,43.200000,0,0,1293643108,779,1,779,1,0,58,4
111,360,21.600000,43.200000,0,0,1293643113,779,1,779,1,0,58,4
111,360,21.600000,43.200000,0,0,1293643119,779,1,779,1,0,58,4
111,360,21.600000,43.200000,0,0,1293643124,779,1,779,1,0,58,4
111,360,21.600000,43.200000,0,0,1293643130,779,1,779,1,0,58,4
111,360,21.600000,43.200000,0,0,1293643135,779,1,779,1,0,58,4
111,360,21.600000,43.200000,0,0,1293643141,779,1,779,1,0,58,4
111,360,21.600000,43.200000,0,0,1293643146,779,1,779,1,0,58,4
111,360,21.600000,43.200000,0,0,1293643152,779,1,779,1,0,58,4
111,360,21.600000,43.200000,0,0,1293643158,779,1,779,1,0,58,4
111,360,21.600000,43.200000,0,0,1293643163,779,1,779,1,0,58,4
111,360,21.600000,43.200000,0,0,1293643169,781,1,781,1,0,58,4
111,360,21.600000,43.200000,0,0,1293643176,786,0,786,0,0,58,4
111,360,21.600000,43.200000,0,0,1293643181,796,0,796,-1,0,58,4
111,360,21.600000,43.200000,0,0,1293643188,806,0,806,-1,0,58,4
111,360,21.600000,43.200000,0,0,1293643193,821,0,821,-1,0,58,4
111,360,21.600000,43.200000,0,0,1293643199,844,0,844,-2,0,58,4
111,360,21.600000,43.200000,0,0,1293643205,869,0,869,-3,0,58,4
111,360,21.600000,43.200000,0,0,1293643211,896,0,896,-4,0,58,4
111,360,21.600000,43.200000,0,0,1293643216,924,0,924,-4,0,58,4
111,360,21.600000,43.200000,0,0,1293643222,957,0,957,-4,0,58,4
111,360,21.600000,43.200000,0,0,1293643228,1001,0,1001,-5,0,58,4
111,360,21.600000,43.200000,0,0,1293643234,1028,0,1028,-6,0,58,4
111,360,21.600000,43.200000,0,0,1293643240,1051,0,1051,-7,0,58,4
111,360,21.600000,43.200000,0,0,1293643245,1076,0,1076,-7,0,58,4
111,360,21.600000,43.200000,0,0,1293643251,1093,0,1093,-7,0,58,4
111,360,21.600000,43.200000,0,0,1293643256,1110,0,1110,-8,0,58,4
111,360,21.600000,43.200000,0,0,1293643262,1124,0,1124,-10,0,58,4
111,360,21.600000,43.200000,0,0,1293643268,1133,0,1133,-11,0,58,4
111,360,21.600000,43.200000,0,0,1293643274,1139,0,1139,-12,0,58,4
111,360,21.600000,43.200000,0,0,1293643279,1141,0,1141,-13,0,58,4
111,360,21.600000,43.200000,0,0,1293643285,1143,0,1143,-14,0,58,4
111,360,21.600000,43.200000,0,0,1293643291,1143,0,1143,-15,0,58,4
111,360,21.600000,43.200000,0,0,1293643297,1143,0,1143,-17,0,58,4
111,360,21.600000,43.200000,0,0,1293643302,1141,0,1141,-20,0,58,4
111,360,21.600000,43.200000,0,0,1293643308,1138,0,1138,-22,0,58,4
111,360,21.600000,43.200000,0,0,1293643314,1133,0,1133,-25,0,58,4
111,360,21.600000,43.200000,0,0,1293643319,1128,0,1128,-27,0,58,4
111,360,21.600000,43.200000,0,0,1293643325,1125,0,1125,-28,0,58,4
111,360,21.600000,43.200000,0,0,1293643331,1123,0,1123,-29,0,58,4
111,360,21.600000,43.200000,0,0,1293643337,1121,0,1121,-30,0,58,4
111,360,21.600000,43.200000,0,0,1293643343,1120,0,1120,-30,0,58,4
111,360,21.600000,43.200000,0,0,1293643348,1120,0,1120,-30,0,58,4
111,360,21.600000,43.200000,0,0,1293643354,1120,0,1120,-30,0,58,4
111,360,21.600000,43.200000,0,0,1293643359,1120,0,1120,-31,0,58,4
111,360,21.600000,43.200000,0,0,1293643364,1120,0,1120,-31,0,58,4
111,360,21.600000,43.200000,0,0,1293643370,1120,0,1120,-31,0,58,4
111,360,21.600000,43.200000,0,0,1293643376,1120,0,1120,-31,0,58,4
111,360,21.600000,43.200000,0,0,1293643381,1120,0,1120,-31,0,58,4
111,360,21.600000,43.200000,0,0,1293643387,1120,0,1120,-31,0,58,4
111,360,21.600000,43.200000,0,0,1293643392,1120,0,1120,-31,0,58,4
111,360,21.600000,43.200000,0,0,1293643398,1120,0,1120,-31,0,58,4
111,360,21.600000,43.200000,0,0,1293643403,1120,0,1120,-31,0,58,4
111,360,21.600000,43.200000,0,0,1293643409,1120,0,1120,-31,0,58,4
111,360,21.600000,43.200000,0,0,1293643414,1120,0,1120,-31,0,58,4
111,360,21.600000,43.200000,0,0,1293643420,1120,0,1120,-31,0,58,4
111,360,21.600000,43.200000,0,0,1293643425,1120,0,1120,-31,0,58,4
111,360,21.600000,43.200000,0,0,1293643430,1120,0,1120,-31,0,58,4
111,360,21.600000,43.200000,0,0,1293643436,1120,0,1120,-31,0,58,4
111,360,21.600000,43.200000,0,0,1293643442,1120,0,1120,-31,0,58,4
111,360,21.600000,43.200000,0,0,1293643447,1120,0,1120,-31,0,58,4
111,360,21.600000,43.200000,0,0,1293643453,1120,0,1120,-31,0,58,4
111,360,21.600000,43.200000,0,0,1293643459,1121,0,1121,-31,0,58,4
111,360,21.600000,43.200000,0,0,1293643465,1124,0,1124,-31,0,58,4
111,360,21.600000,43.200000,0,0,1293643471,1128,0,1128,-31,0,58,4
111,360,21.600000,43.200000,0,0,1293643476,1132,0,1132,-32,0,58,4
111,360,21.600000,43.200000,0,0,1293643482,1135,0,1135,-33,0,58,4
111,360,21.600000,43.200000,0,0,1293643488,1138,0,1138,-34,0,58,4
111,360,21.600000,43.200000,0,0,1293643493,1140,0,1140,-34,0,58,4
111,360,21.600000,43.200000,0,0,1293643498,1140,0,1140,-34,0,58,4
111,360,21.600000,43.200000,0,0,1293643504,1140,0,1140,-34,0,58,4
111,360,21.600000,43.200000,0,0,1293643510,1140,0,1140,-34,0,58,4
111,360,21.600000,43.200000,0,0,1293643515,1140,0,1140,-34,0,58,4
111,360,21.600000,43.200000,0,0,1293643521,1140,0,1140,-34,0,58,4
111,360,21.600000,43.200000,0,0,1293643526,1140,0,1140,-34,0,58,4
111,360,21.600000,43.200000,0,0,1293643531,1140,0,1140,-34,0,58,4
111,360,21.600000,43.200000,0,0,1293643537,1140,0,1140,-34,0,58,4
111,360,21.600000,43.200000,0,0,1293643542,1140,0,1140,-34,0,58,4
111,360,21.600000,43.200000,0,0,1293643548,1140,0,1140,-34,0,58,4
111,360,21.600000,43.200000,0,0,1293643553,1141,0,1141,-34,0,58,4
111,360,21.600000,43.200000,0,0,1293643558,1142,0,1142,-34,0,58,4
111,360,21.600000,43.200000,0,0,1293643564,1142,0,1142,-34,0,58,4
111,360,21.600000,43.200000,0,0,1293643570,1142,0,1142,-34,0,58,4
111,360,21.600000,43.200000,0,0,1293643575,1142,0,1142,-34,0,58,4
111,360,21.600000,43.200000,0,0,1293643581,1142,0,1142,-34,0,58,4
111,360,21.600000,43.200000,0,0,1293643586,1142,0,1142,-34,0,58,4
111,360,21.600000,43.200000,0,0,1293643592,1142,0,1142,-34,0,58,4
111,360,21.600000,43.200000,0,0,1293643598,1142,0,1142,-34,0,58,4
111,360,21.600000,43.200000,0,0,1293643603,1142,0,1142,-34,0,58,4
111,360,21.600000,43.200000,0,0,1293643608,1142,0,1142,-34,0,58,4
111,360,21.600000,43.200000,0,0,1293643614,1142,0,1142,-34,0,58,4
111,360,21.600000,43.200000,0,0,1293643619,1142,0,1142,-34,0,58,4
111,360,21.600000,43.200000,0,0,1293643624,1142,0,1142,-34,0,58,4
111,360,21.600000,43.200000,0,0,1293643630,1142,0,1142,-34,0,58,4
111,360,21.600000,43.200000,0,0,1293643635,1142,0,1142,-34,0,58,4
111,360,21.600000,43.200000,0,0,1293643646,1142,0,1142,-34,0,58,4
