111,720,21.600000,43.200000,1,0,1293915736,590,7,590,7,0,87,0
111,720,21.600000,43.200000,1,0,1293915738,590,7,590,7,0,87,0
111,720,21.600000,43.200000,1,0,1293915743,590,7,590,7,0,87,0
111,720,21.600000,43.200000,1,0,1293915749,590,7,590,7,0,87,0
111,720,21.600000,43.200000,1,0,1293915754,590,7,590,7,0,87,0
111,720,21.600000,43.200000,1,0,1293915760,591,7,591,7,0,87,0
111,720,21.600000,43.200000,1,0,1293915765,592,7,592,7,0,87,0
111,720,21.600000,43.200000,1,0,1293915771,593,7,593,7,0,87,0
111,720,21.600000,43.200000,1,0,1293915777,594,7,594,7,0,87,0
111,720,21.600000,43.200000,1,0,1293915783,596,8,596,8,0,87,0
111,720,21.600000,43.200000,1,0,1293915789,597,8,597,8,0,87,0
111,720,21.600000,43.200000,1,0,1293915795,598,9,598,9,0,87,0
111,720,21.600000,43.200000,1,0,1293915800,600,10,600,10,0,87,0
111,720,21.600000,43.200000,1,0,1293915806,600,11,600,11,0,87,0
111,720,21.600000,43.200000,1,0,1293915812,600,11,600,11,0,87,0
111,720,21.600000,43.200000,1,0,1293915817,600,11,600,11,0,87,0
111,720,21.600000,43.200000,1,0,1293915823,600,11,600,11,0,87,0
111,720,21.600000,43.200000,1,0,1293915828,600,11,600,11,0,87,0
111,720,21.600000,43.200000,1,0,1293915834,600,11,600,11,0,87,0
111,720,21.600000,43.200000,1,0,1293915839,600,11,600,11,0,87,0
111,720,21.600000,43.200000,1,0,1293915845,600,11,600,11,0,87,0
111,720,21.600000,43.200000,1,0,1293915850,600,11,600,11,0,87,0
111,720,21.600000,43.200000,1,0,1293915856,600,11,600,11,0,87,0
111,720,21.600000,43.200000,1,0,1293915861,600,11,600,11,0,87,0
111,720,21.600000,43.200000,1,0,1293915867,600,11,600,11,0,87,0
111,720,21.600000,43.200000,1,0,1293915873,600,11,600,11,0,87,0
111,720,21.600000,43.200000,1,0,1293915878,600,11,600,11,0,87,0
111,720,21.600000,43.200000,1,0,1293915884,600,11,600,11,0,87,0
111,720,21.600000,43.200000,1,0,1293915889,600,11,600,11,0,87,0
111,720,21.600000,43.200000,1,0,1293915895,600,11,600,11,0,87,0
111,720,21.600000,43.200000,1,0,1293915900,600,11,600,11,0,87,0
111,720,21.600000,43.200000,1,0,1293915905,600,11,600,11,0,87,0
111,720,21.600000,43.200000,1,0,1293915911,600,11,600,11,0,87,0
111,720,21.600000,43.200000,1,0,1293915917,600,11,600,11,0,87,0
111,720,21.600000,43.200000,1,0,1293915922,600,11,600,11,0,87,0
111,720,21.600000,43.200000,1,0,1293915928,600,11,600,11,0,87,0
111,720,21.600000,43.200000,1,0,1293915933,600,11,600,11,0,87,0
111,720,21.600000,43.200000,1,0,1293915939,600,11,600,11,0,87,0
111,720,21.600000,43.200000,1,0,1293915944,600,11,600,11,0,87,0
111,720,21.600000,43.200000,1,0,1293915950,600,11,600,11,0,87,0
111,720,21.600000,43.200000,1,0,1293915956,600,11,600,11,0,87,0
111,720,21.600000,43.200000,1,0,1293915961,600,11,600,11,0,87,0
111,720,21.600000,43.200000,1,0,1293915966,600,11,600,11,0,87,0
111,720,21.600000,43.200000,1,0,1293915972,600,11,600,11,0,87,0
111,720,21.600000,43.200000,1,0,1293915977,600,11,600,11,0,87,0
111,720,21.600000,43.200000,1,0,1293915983,600,11,600,11,0,87,0
111,720,21.600000,43.200000,1,0,1293915989,600,11,600,11,0,87,0
111,720,21.600000,43.200000,1,0,1293915994,600,11,600,11,0,87,0
111,720,21.600000,43.200000,1,0,1293916000,600,11,600,11,0,87,0
111,720,21.600000,43.200000,1,0,1293916005,600,11,600,11,0,87,0
111,720,21.600000,43.200000,1,0,1293916011,600,11,600,11,0,87,0
111,720,21.600000,43.200000,1,0,1293916017,600,11,600,11,0,87,0
111,720,21.600000,43.200000,1,0,1293916023,600,11,600,11,0,87,0
111,720,21.600000,43.200000,1,0,1293916028,600,11,600,11,0,87,0
111,720,21.600000,43.200000,1,0,1293916033,600,11,600,11,0,87,0
111,720,21.600000,43.200000,1,0,1293916039,600,11,600,11,0,87,0
111,720,21.600000,43.200000,1,0,1293916045,600,11,600,11,0,87,0
111,720,21.600000,43.200000,1,0,1293916051,601,11,601,11,0,87,0
111,720,21.600000,43.200000,1,0,1293916057,604,11,604,11,0,87,0
111,720,21.600000,43.200000,1,0,1293916063,608,12,608,12,0,87,0
111,720,21.600000,43.200000,1,0,1293916069,614,13,614,13,0,87,0
111,720,21.600000,43.200000,1,0,1293916074,622,14,622,14,0,87,0
111,720,21.600000,43.200000,1,0,1293916080,634,15,634,15,0,87,0
111,720,21.600000,43.200000,1,0,1293916085,654,16,654,16,0,87,0
111,720,21.600000,43.200000,1,0,1293916091,671,17,671,17,0,87,0
111,720,21.600000,43.200000,1,0,1293916097,698,19,698,19,0,87,0
111,720,21.600000,43.200000,1,0,1293916102,727,22,727,22,0,87,0
111,720,21.600000,43.200000,1,0,1293916108,754,25,754,25,0,87,0
111,720,21.600000,43.200000,1,0,1293916114,788,29,788,29,0,87,0
111,720,21.600000,43.200000,1,0,1293916119,812,31,812,31,0,87,0
111,720,21.600000,43.200000,1,0,1293916125,855,36,855,36,0,87,0
111,720,21.600000,43.200000,1,0,1293916131,895,39,895,39,0,87,0
111,720,21.600000,43.200000,1,0,1293916136,935,42,935,42,0,87,0
111,720,21.600000,43.200000,1,0,1293916142,986,45,986,45,0,87,0
111,720,21.600000,43.200000,1,0,1293916147,1026,46,1026,46,0,87,0
111,720,21.600000,43.200000,1,0,1293916153,1066,47,1066,47,0,87,0
111,720,21.600000,43.200000,1,0,1293916158,1106,48,1106,48,0,87,0
111,720,21.600000,43.200000,1,0,1293916164,1147,48,1147,48,0,87,0
111,720,21.600000,43.200000,1,0,1293916170,1191,48,1191,48,0,87,0
111,720,21.600000,43.200000,1,0,1293916176,1217,48,1217,48,0,87,0
111,720,21.600000,43.200000,1,0,1293916181,1245,47,1245,47,0,87,0
111,720,21.600000,43.200000,1,0,1293916187,1271,45,1271,45,0,87,0
111,720,21.600000,43.200000,1,0,1293916193,1291,43,1291,43,0,87,0
111,720,21.600000,43.200000,1,0,1293916199,1310,40,1310,40,0,87,0
111,720,21.600000,43.200000,1,0,1293916204,1319,37,1319,37,0,87,0
111,720,21.600000,43.200000,1,0,1293916209,1322,36,1322,36,0,87,0
111,720,21.600000,43.200000,1,0,1293916215,1322,35,1322,35,0,87,0
111,720,21.600000,43.200000,1,0,1293916221,1318,33,1318,33,0,87,0
111,720,21.600000,43.200000,1,0,1293916227,1309,30,1309,30,0,87,0
111,720,21.600000,43.200000,1,0,1293916232,1300,27,1300,27,0,87,0
111,720,21.600000,43.200000,1,0,1293916238,1290,25,1290,25,0,87,0
111,720,21.600000,43.200000,1,0,1293916244,1279,23,1279,23,0,87,0
111,720,21.600000,43.200000,1,0,1293916250,1270,22,1270,22,0,87,0
111,720,21.600000,43.200000,1,0,1293916256,1263,22,1263,22,0,87,0
111,720,21.600000,43.200000,1,0,1293916261,1261,22,1261,22,0,87,0
111,720,21.600000,43.200000,1,0,1293916267,1260,22,1260,22,0,87,0
111,720,21.600000,43.200000,1,0,1293916272,1259,22,1259,22,0,87,0
111,720,21.600000,43.200000,1,0,1293916278,1259,22,1259,22,0,87,0
111,720,21.600000,43.200000,1,0,1293916284,1259,22,1259,22,0,87,0
111,720,21.600000,43.200000,1,0,1293916290,1259,21,1259,21,0,87,0
111,720,21.600000,43.200000,1,0,1293916295,1260,21,1260,21,0,87,0
111,720,21.600000,43.200000,1,0,1293916301,1261,21,1261,21,0,87,0
111,720,21.600000,43.200000,1,0,1293916306,1262,20,1262,20,0,87,0
111,720,21.600000,43.200000,1,0,1293916312,1262,20,1262,20,0,87,0
111,720,21.600000,43.200000,1,0,1293916318,1262,20,1262,20,0,87,0
111,720,21.600000,43.200000,1,0,1293916323,1263,20,1263,20,0,87,0
111,720,21.600000,43.200000,1,0,1293916329,1263,20,1263,20,0,87,0
111,720,21.600000,43.200000,1,0,1293916334,1263,20,1263,20,0,87,0
111,720,21.600000,43.200000,1,0,1293916340,1263,20,1263,20,0,87,0
111,720,21.600000,43.200000,1,0,1293916345,1263,20,1263,20,0,87,0
111,720,21.600000,43.200000,1,0,1293916351,1263,20,1263,20,0,87,0
111,720,21.600000,43.200000,1,0,1293916356,1263,20,1263,20,0,87,0
111,720,21.600000,43.200000,1,0,1293916362,1263,20,1263,20,0,87,0
111,720,21.600000,43.200000,1,0,1293916368,1263,20,1263,20,0,87,0
111,720,21.600000,43.200000,1,0,1293916373,1264,20,1264,20,0,87,0
111,720,21.600000,43.200000,1,0,1293916379,1265,20,1265,20,0,87,0
111,720,21.600000,43.200000,1,0,1293916384,1266,20,1266,20,0,87,0
111,720,21.600000,43.200000,1,0,1293916390,1267,20,1267,20,0,87,0
111,720,21.600000,43.200000,1,0,1293916395,1268,21,1268,21,0,87,0
111,720,21.600000,43.200000,1,0,1293916401,1269,22,1269,22,0,87,0
111,720,21.600000,43.200000,1,0,1293916406,1270,23,1270,23,0,87,0
111,720,21.600000,43.200000,1,0,1293916412,1270,24,1270,24,0,87,0
111,720,21.600000,43.200000,1,0,1293916418,1270,25,1270,25,0,87,0
111,720,21.600000,43.200000,1,0,1293916424,1270,27,1270,27,0,87,0
111,720,21.600000,43.200000,1,0,1293916430,1268,29,1268,29,0,87,0
111,720,21.600000,43.200000,1,0,1293916435,1264,32,1264,32,0,87,0
111,720,21.600000,43.200000,1,0,1293916441,1259,35,1259,35,0,87,0
111,720,21.600000,43.200000,1,0,1293916447,1251,40,1251,40,0,87,0
111,720,21.600000,43.200000,1,0,1293916453,1242,44,1242,44,0,87,0
111,720,21.600000,43.200000,1,0,1293916458,1226,50,1226,50,0,87,0
111,720,21.600000,43.200000,1,0,1293916464,1209,55,1209,55,0,87,0
111,720,21.600000,43.200000,1,0,1293916470,1187,61,1187,61,0,87,0
111,720,21.600000,43.200000,1,0,1293916475,1162,67,1162,67,0,87,0
111,720,21.600000,43.200000,1,0,1293916481,1137,71,1137,71,0,87,0
111,720,21.600000,43.200000,1,0,1293916487,1109,76,1109,76,0,87,0
111,720,21.600000,43.200000,1,0,1293916493,1084,80,1084,80,0,87,0
111,720,21.600000,43.200000,1,0,1293916499,1061,84,1061,84,0,87,0
111,720,21.600000,43.200000,1,0,1293916504,1037,89,1037,89,0,87,0
111,720,21.600000,43.200000,1,0,1293916510,1016,94,1016,94,0,87,0
111,720,21.600000,43.200000,1,0,1293916516,999,98,999,98,0,87,0
111,720,21.600000,43.200000,1,0,1293916522,987,101,987,101,0,87,0
111,720,21.600000,43.200000,1,0,1293916528,962,107,962,107,0,87,0
111,720,21.600000,43.200000,1,0,1293916535,956,109,956,109,0,87,0
111,720,21.600000,43.200000,1,0,1293916541,953,110,953,110,0,87,0
111,720,21.600000,43.200000,1,0,1293916547,950,111,950,111,0,87,0
111,720,21.600000,43.200000,1,0,1293916553,950,112,950,112,0,87,0
111,720,21.600000,43.200000,1,0,1293916559,950,113,950,113,0,87,0
111,720,21.600000,43.200000,1,0,1293916565,951,113,951,113,0,87,0
111,720,21.600000,43.200000,1,0,1293916575,952,113,952,113,1,87,0
