111,360,21.600000,0.000000,0,3,1294014618,779,0,779,0,0,95,3
111,360,21.600000,0.000000,0,3,1294014619,779,0,779,0,0,95,3
111,360,21.600000,0.000000,0,3,1294014625,779,0,779,0,0,95,3
111,360,21.600000,0.000000,0,3,1294014630,779,0,779,-1,0,95,3
111,360,21.600000,0.000000,0,3,1294014636,779,0,779,-2,0,95,3
111,360,21.600000,0.000000,0,3,1294014642,779,0,779,-2,0,95,3
111,360,21.600000,0.000000,0,3,1294014647,779,0,779,-2,0,95,3
111,360,21.600000,0.000000,0,3,1294014653,779,0,779,-2,0,95,3
111,360,21.600000,0.000000,0,3,1294014659,779,0,779,-2,0,95,3
111,360,21.600000,0.000000,0,3,1294014664,780,0,780,-3,0,95,3
111,360,21.600000,0.000000,0,3,1294014670,784,0,784,-4,0,95,3
111,360,21.600000,0.000000,0,3,1294014676,790,0,790,-5,0,95,3
111,360,21.600000,0.000000,0,3,1294014681,800,0,800,-6,0,95,3
111,360,21.600000,0.000000,0,3,1294014687,812,0,812,-7,0,95,3
111,360,21.600000,0.000000,0,3,1294014693,830,0,830,-9,0,95,3
111,360,21.600000,0.000000,0,3,1294014699,852,0,852,-10,0,95,3
111,360,21.600000,0.000000,0,3,1294014705,876,0,876,-10,0,95,3
111,360,21.600000,0.000000,0,3,1294014711,905,0,905,-11,0,95,3
111,360,21.600000,0.000000,0,3,1294014718,930,0,930,-12,0,95,3
111,360,21.600000,0.000000,0,3,1294014724,964,0,964,-13,0,95,3
111,360,21.600000,0.000000,0,3,1294014730,987,0,987,-14,0,95,3
111,360,21.600000,0.000000,0,3,1294014736,1004,0,1004,-14,0,95,3
111,360,21.600000,0.000000,0,3,1294014741,1029,0,1029,-15,0,95,3
111,360,21.600000,0.000000,0,3,1294014747,1055,0,1055,-17,0,95,3
111,360,21.600000,0.000000,0,3,1294014753,1080,0,1080,-20,0,95,3
111,360,21.600000,0.000000,0,3,1294014759,1104,0,1104,-23,0,95,3
111,360,21.600000,0.000000,0,3,1294014765,1120,0,1120,-25,0,95,3
111,360,21.600000,0.000000,0,3,1294014771,1130,0,1130,-26,0,95,3
111,360,21.600000,0.000000,0,3,1294014777,1140,0,1140,-29,0,95,3
111,360,21.600000,0.000000,0,3,1294014783,1146,0,1146,-31,0,95,3
111,360,21.600000,0.000000,0,3,1294014788,1148,0,1148,-33,0,95,3
111,360,21.600000,0.000000,0,3,1294014794,1149,0,1149,-35,0,95,3
111,360,21.600000,0.000000,0,3,1294014800,1149,0,1149,-37,0,95,3
111,360,21.600000,0.000000,0,3,1294014805,1149,0,1149,-39,0,95,3
111,360,21.600000,0.000000,0,3,1294014811,1150,0,1150,-41,0,95,3
111,360,21.600000,0.000000,0,3,1294014818,1150,0,1150,-43,0,95,3
111,360,21.600000,0.000000,0,3,1294014824,1149,0,1149,-45,0,95,3
111,360,21.600000,0.000000,0,3,1294014830,1148,0,1148,-46,0,95,3
111,360,21.600000,0.000000,0,3,1294014835,1147,0,1147,-47,0,95,3
111,360,21.600000,0.000000,0,3,1294014841,1146,0,1146,-48,0,95,3
111,360,21.600000,0.000000,0,3,1294014847,1145,0,1145,-49,0,95,3
111,360,21.600000,0.000000,0,3,1294014852,1145,0,1145,-50,0,95,3
111,360,21.600000,0.000000,0,3,1294014858,1145,0,1145,-50,0,95,3
111,360,21.600000,0.000000,0,3,1294014864,1144,0,1144,-50,0,95,3
111,360,21.600000,0.000000,0,3,1294014869,1143,0,1143,-50,0,95,3
111,360,21.600000,0.000000,0,3,1294014874,1143,0,1143,-50,0,95,3
111,360,21.600000,0.000000,0,3,1294014880,1143,0,1143,-50,0,95,3
111,360,21.600000,0.000000,0,3,1294014885,1143,0,1143,-50,0,95,3
111,360,21.600000,0.000000,0,3,1294014891,1143,0,1143,-50,0,95,3
111,360,21.600000,0.000000,0,3,1294014897,1143,0,1143,-50,0,95,3
111,360,21.600000,0.000000,0,3,1294014903,1143,0,1143,-50,0,95,3
111,360,21.600000,0.000000,0,3,1294014908,1143,0,1143,-50,0,95,3
111,360,21.600000,0.000000,0,3,1294014914,1143,0,1143,-50,0,95,3
111,360,21.600000,0.000000,0,3,1294014919,1142,0,1142,-50,0,95,3
111,360,21.600000,0.000000,0,3,1294014925,1141,0,1141,-50,0,95,3
111,360,21.600000,0.000000,0,3,1294014930,1140,0,1140,-50,0,95,3
111,360,21.600000,0.000000,0,3,1294014936,1139,0,1139,-50,0,95,3
111,360,21.600000,0.000000,0,3,1294014941,1139,0,1139,-50,0,95,3
111,360,21.600000,0.000000,0,3,1294014947,1139,0,1139,-50,0,95,3
111,360,21.600000,0.000000,0,3,1294014953,1139,0,1139,-50,0,95,3
111,360,21.600000,0.000000,0,3,1294014958,1139,0,1139,-50,0,95,3
111,360,21.600000,0.000000,0,3,1294014964,1139,0,1139,-50,0,95,3
111,360,21.600000,0.000000,0,3,1294014970,1139,0,1139,-50,0,95,3
111,360,21.600000,0.000000,0,3,1294014975,1139,0,1139,-50,0,95,3
111,360,21.600000,0.000000,0,3,1294014981,1139,0,1139,-50,0,95,3
111,360,21.600000,0.000000,0,3,1294014986,1139,0,1139,-50,0,95,3
111,360,21.600000,0.000000,0,3,1294014992,1139,0,1139,-50,0,95,3
111,360,21.600000,0.000000,0,3,1294014997,1139,0,1139,-50,0,95,3
111,360,21.600000,0.000000,0,3,1294015003,1139,0,1139,-50,0,95,3
111,360,21.600000,0.000000,0,3,1294015009,1139,0,1139,-50,0,95,3
111,360,21.600000,0.000000,0,3,1294015015,1138,0,1138,-51,0,95,3
111,360,21.600000,0.000000,0,3,1294015020,1137,0,1137,-52,0,95,3
111,360,21.600000,0.000000,0,3,1294015026,1137,0,1137,-52,0,95,3
111,360,21.600000,0.000000,0,3,1294015032,1137,0,1137,-53,0,95,3
111,360,21.600000,0.000000,0,3,1294015037,1137,0,1137,-54,0,95,3
111,360,21.600000,0.000000,0,3,1294015043,1137,0,1137,-54,0,95,3
111,360,21.600000,0.000000,0,3,1294015048,1137,0,1137,-54,0,95,3
111,360,21.600000,0.000000,0,3,1294015053,1137,0,1137,-54,0,95,3
111,360,21.600000,0.000000,0,3,1294015059,1137,0,1137,-54,0,95,3
111,360,21.600000,0.000000,0,3,1294015065,1137,0,1137,-54,0,95,3
111,360,21.600000,0.000000,0,3,1294015070,1137,0,1137,-54,0,95,3
111,360,21.600000,0.000000,0,3,1294015076,1137,0,1137,-54,0,95,3
111,360,21.600000,0.000000,0,3,1294015086,1137,0,1137,-54,0,95,3
