1,560,33.600000,19.096000,0,1,477457,680,33,680,33,0,0,30
1,560,33.600000,19.096000,0,1,477457,680,33,680,33,0,0,30
1,560,33.600000,19.096000,0,1,477470,680,33,680,33,0,0,30
1,560,33.600000,19.096000,0,1,477483,680,33,680,33,0,0,30
1,560,33.600000,19.096000,0,1,477497,680,33,680,33,0,0,30
1,560,33.600000,19.096000,0,1,477510,680,33,680,33,0,0,30
1,560,33.600000,19.096000,0,1,477523,680,33,680,33,0,0,30
1,560,33.600000,19.096000,0,1,477536,680,33,680,33,0,0,30
1,560,33.600000,19.096000,0,1,477549,684,33,684,33,0,0,30
1,560,33.600000,19.096000,0,1,477564,703,33,703,33,0,0,30
1,560,33.600000,19.096000,0,1,477578,734,33,734,33,0,0,30
1,560,33.600000,19.096000,0,1,477593,776,33,776,33,0,0,30
1,560,33.600000,19.096000,0,1,477606,832,29,832,29,0,0,30
1,560,33.600000,19.096000,0,1,477621,890,27,890,27,0,0,30
1,560,33.600000,19.096000,0,1,477635,942,25,942,25,0,0,30
1,560,33.600000,19.096000,0,1,477649,988,25,988,25,0,0,30
1,560,33.600000,19.096000,0,1,477662,1029,25,1029,25,0,0,30
1,560,33.600000,19.096000,0,1,477676,1061,25,1061,25,0,0,30
1,560,33.600000,19.096000,0,1,477690,1093,27,1093,27,0,0,30
1,560,33.600000,19.096000,0,1,477704,1117,29,1117,29,0,0,30
1,560,33.600000,19.096000,0,1,477718,1132,29,1132,29,0,0,30
1,560,33.600000,19.096000,0,1,477731,1142,29,1142,29,0,0,30
1,560,33.600000,19.096000,0,1,477744,1148,30,1148,30,0,0,30
1,560,33.600000,19.096000,0,1,477758,1152,30,1152,30,0,0,30
1,560,33.600000,19.096000,0,1,477773,1156,31,1156,31,0,0,30
1,560,33.600000,19.096000,0,1,477786,1158,31,1158,31,0,0,30
1,560,33.600000,19.096000,0,1,477801,1160,31,1160,31,0,0,30
1,560,33.600000,19.096000,0,1,477814,1164,31,1164,31,0,0,30
1,560,33.600000,19.096000,0,1,477828,1169,31,1169,31,0,0,30
1,560,33.600000,19.096000,0,1,477843,1177,32,1177,32,0,0,30
1,560,33.600000,19.096000,0,1,477856,1187,32,1187,32,0,0,30
1,560,33.600000,19.096000,0,1,477870,1195,32,1195,32,0,0,30
1,560,33.600000,19.096000,0,1,477885,1201,31,1201,31,0,0,30
1,560,33.600000,19.096000,0,1,477898,1207,30,1207,30,0,0,30
1,560,33.600000,19.096000,0,1,477911,1212,30,1212,30,0,0,30
1,560,33.600000,19.096000,0,1,477926,1217,29,1217,29,0,0,30
1,560,33.600000,19.096000,0,1,477939,1221,28,1221,28,0,0,30
1,560,33.600000,19.096000,0,1,477952,1225,27,1225,27,0,0,30
1,560,33.600000,19.096000,0,1,477966,1230,25,1230,25,0,0,30
1,560,33.600000,19.096000,0,1,477981,1237,23,1237,23,0,0,30
1,560,33.600000,19.096000,0,1,477994,1242,22,1242,22,0,0,30
1,560,33.600000,19.096000,0,1,478007,1246,20,1246,20,0,0,30
1,560,33.600000,19.096000,0,1,478020,1249,19,1249,19,0,0,30
1,560,33.600000,19.096000,0,1,478034,1251,18,1251,18,0,0,30
1,560,33.600000,19.096000,0,1,478048,1252,16,1252,16,0,0,30
1,560,33.600000,19.096000,0,1,478060,1252,15,1252,15,0,0,30
1,560,33.600000,19.096000,0,1,478073,1253,15,1253,15,0,0,30
1,560,33.600000,19.096000,0,1,478086,1253,15,1253,15,0,0,30
1,560,33.600000,19.096000,0,1,478100,1253,15,1253,15,0,0,30
1,560,33.600000,19.096000,0,1,478112,1253,15,1253,15,0,0,30
1,560,33.600000,19.096000,0,1,478126,1253,15,1253,15,0,0,30
