1,560,128.800000,35.168000,1,1,473135,680,33,680,33,0,0,27
1,560,128.800000,35.168000,1,1,473136,680,33,680,33,0,0,27
1,560,128.800000,35.168000,1,1,473150,680,33,680,33,0,0,27
1,560,128.800000,35.168000,1,1,473163,680,33,680,33,0,0,27
1,560,128.800000,35.168000,1,1,473176,680,33,680,33,0,0,27
1,560,128.800000,35.168000,1,1,473189,680,33,680,33,0,0,27
1,560,128.800000,35.168000,1,1,473202,681,33,681,33,0,0,27
1,560,128.800000,35.168000,1,1,473216,690,33,690,33,0,0,27
1,560,128.800000,35.168000,1,1,473231,716,33,716,33,0,0,27
1,560,128.800000,35.168000,1,1,473244,764,32,764,32,0,0,27
1,560,128.800000,35.168000,1,1,473257,827,30,827,30,0,0,27
1,560,128.800000,35.168000,1,1,473271,895,29,895,29,0,0,27
1,560,128.800000,35.168000,1,1,473285,956,27,956,27,0,0,27
1,560,128.800000,35.168000,1,1,473299,1015,26,1015,26,0,0,27
1,560,128.800000,35.168000,1,1,473314,1068,25,1068,25,0,0,27
1,560,128.800000,35.168000,1,1,473328,1111,25,1111,25,0,0,27
1,560,128.800000,35.168000,1,1,473342,1141,24,1141,24,0,0,27
1,560,128.800000,35.168000,1,1,473356,1158,23,1158,23,0,0,27
1,560,128.800000,35.168000,1,1,473370,1171,22,1171,22,0,0,27
1,560,128.800000,35.168000,1,1,473385,1181,21,1181,21,0,0,27
1,560,128.800000,35.168000,1,1,473398,1188,20,1188,20,0,0,27
1,560,128.800000,35.168000,1,1,473410,1193,18,1193,18,0,0,27
1,560,128.800000,35.168000,1,1,473424,1196,17,1196,17,0,0,27
1,560,128.800000,35.168000,1,1,473437,1200,16,1200,16,0,0,27
1,560,128.800000,35.168000,1,1,473450,1200,16,1200,16,0,0,27
1,560,128.800000,35.168000,1,1,473463,1200,16,1200,16,0,0,27
1,560,128.800000,35.168000,1,1,473477,1202,15,1202,15,0,0,27
1,560,128.800000,35.168000,1,1,473490,1204,13,1204,13,0,0,27
1,560,128.800000,35.168000,1,1,473504,1208,11,1208,11,0,0,27
1,560,128.800000,35.168000,1,1,473517,1214,8,1214,8,0,0,27
1,560,128.800000,35.168000,1,1,473531,1220,5,1220,5,0,0,27
1,560,128.800000,35.168000,1,1,473544,1226,3,1226,3,0,0,27
1,560,128.800000,35.168000,1,1,473557,1228,2,1228,2,0,0,27
1,560,128.800000,35.168000,1,1,473570,1228,2,1228,2,0,0,27
1,560,128.800000,35.168000,1,1,473582,1228,2,1228,2,0,0,27
1,560,128.800000,35.168000,1,1,473595,1228,2,1228,2,0,0,27
