1,560,33.600000,0.000000,1,1,719868,680,33,680,33,0,1,43
1,560,33.600000,0.000000,1,1,719868,680,33,680,33,0,1,43
1,560,33.600000,0.000000,1,1,719882,680,33,680,33,0,1,43
1,560,33.600000,0.000000,1,1,719895,680,33,680,33,0,1,43
1,560,33.600000,0.000000,1,1,719908,680,33,680,33,0,1,43
1,560,33.600000,0.000000,1,1,719922,680,33,680,33,0,1,43
1,560,33.600000,0.000000,1,1,719935,680,33,680,33,0,1,43
1,560,33.600000,0.000000,1,1,719949,680,33,680,33,0,1,43
1,560,33.600000,0.000000,1,1,719962,681,33,681,33,0,1,43
1,560,33.600000,0.000000,1,1,719977,689,33,689,33,0,1,43
1,560,33.600000,0.000000,1,1,719991,704,32,704,32,0,1,43
1,560,33.600000,0.000000,1,1,720006,724,30,724,30,0,1,43
1,560,33.600000,0.000000,1,1,720019,753,27,753,27,0,1,43
1,560,33.600000,0.000000,1,1,720033,788,23,788,23,0,1,43
1,560,33.600000,0.000000,1,1,720048,832,21,832,21,0,1,43
1,560,33.600000,0.000000,1,1,720061,873,20,873,20,0,1,43
1,560,33.600000,0.000000,1,1,720075,915,19,915,19,0,1,43
1,560,33.600000,0.000000,1,1,720088,962,19,962,19,0,1,43
1,560,33.600000,0.000000,1,1,720101,1009,19,1009,19,0,1,43
1,560,33.600000,0.000000,1,1,720115,1047,19,1047,19,0,1,43
1,560,33.600000,0.000000,1,1,720128,1073,20,1073,20,0,1,43
1,560,33.600000,0.000000,1,1,720141,1093,22,1093,22,0,1,43
1,560,33.600000,0.000000,1,1,720155,1109,22,1109,22,0,1,43
1,560,33.600000,0.000000,1,1,720168,1120,22,1120,22,0,1,43
1,560,33.600000,0.000000,1,1,720182,1129,22,1129,22,0,1,43
1,560,33.600000,0.000000,1,1,720197,1138,22,1138,22,0,1,43
1,560,33.600000,0.000000,1,1,720210,1147,22,1147,22,0,1,43
1,560,33.600000,0.000000,1,1,720223,1153,22,1153,22,0,1,43
1,560,33.600000,0.000000,1,1,720236,1159,22,1159,22,0,1,43
1,560,33.600000,0.000000,1,1,720249,1165,22,1165,22,0,1,43
1,560,33.600000,0.000000,1,1,720262,1171,21,1171,21,0,1,43
1,560,33.600000,0.000000,1,1,720276,1177,20,1177,20,0,1,43
1,560,33.600000,0.000000,1,1,720290,1183,19,1183,19,0,1,43
1,560,33.600000,0.000000,1,1,720303,1188,19,1188,19,0,1,43
1,560,33.600000,0.000000,1,1,720316,1190,19,1190,19,0,1,43
1,560,33.600000,0.000000,1,1,720329,1191,19,1191,19,0,1,43
1,560,33.600000,0.000000,1,1,720343,1192,18,1192,18,0,1,43
1,560,33.600000,0.000000,1,1,720356,1195,18,1195,18,0,1,43
1,560,33.600000,0.000000,1,1,720370,1199,16,1199,16,0,1,43
1,560,33.600000,0.000000,1,1,720384,1204,15,1204,15,0,1,43
1,560,33.600000,0.000000,1,1,720397,1209,13,1209,13,0,1,43
1,560,33.600000,0.000000,1,1,720411,1214,12,1214,12,0,1,43
1,560,33.600000,0.000000,1,1,720425,1218,11,1218,11,0,1,43
1,560,33.600000,0.000000,1,1,720438,1220,10,1220,10,0,1,43
1,560,33.600000,0.000000,1,1,720451,1220,10,1220,10,0,1,43
1,560,33.600000,0.000000,1,1,720465,1220,10,1220,10,0,1,43
1,560,33.600000,0.000000,1,1,720478,1220,10,1220,10,0,1,43
1,560,33.600000,0.000000,1,1,720492,1221,10,1221,10,0,1,43
1,560,33.600000,0.000000,1,1,720506,1221,10,1221,10,0,1,43
1,560,33.600000,0.000000,1,1,720519,1221,9,1221,9,0,1,43
1,560,33.600000,0.000000,1,1,720532,1223,8,1223,8,0,1,43
1,560,33.600000,0.000000,1,1,720545,1224,8,1224,8,0,1,43
1,560,33.600000,0.000000,1,1,720559,1225,8,1225,8,0,1,43
1,560,33.600000,0.000000,1,1,720572,1226,8,1226,8,0,1,43
1,560,33.600000,0.000000,1,1,720585,1226,7,1226,7,0,1,43
1,560,33.600000,0.000000,1,1,720598,1227,7,1227,7,0,1,43
1,560,33.600000,0.000000,1,1,720611,1227,7,1227,7,0,1,43
1,560,33.600000,0.000000,1,1,720624,1228,7,1228,7,0,1,43
1,560,33.600000,0.000000,1,1,720637,1229,6,1229,6,0,1,43
1,560,33.600000,0.000000,1,1,720649,1230,6,1230,6,0,1,43
1,560,33.600000,0.000000,1,1,720662,1230,6,1230,6,0,1,43
1,560,33.600000,0.000000,1,1,720675,1230,6,1230,6,0,1,43
