1,560,78.400000,0.000000,0,1,699991,680,33,680,33,0,1,33
1,560,78.400000,0.000000,0,1,699992,680,33,680,33,0,1,33
1,560,78.400000,0.000000,0,1,700005,680,33,680,33,0,1,33
1,560,78.400000,0.000000,0,1,700018,680,33,680,33,0,1,33
1,560,78.400000,0.000000,0,1,700031,680,33,680,33,0,1,33
1,560,78.400000,0.000000,0,1,700044,680,33,680,33,0,1,33
1,560,78.400000,0.000000,0,1,700056,680,33,680,33,0,1,33
1,560,78.400000,0.000000,0,1,700069,680,33,680,33,0,1,33
1,560,78.400000,0.000000,0,1,700083,680,33,680,33,0,1,33
1,560,78.400000,0.000000,0,1,700097,686,33,686,33,0,1,33
1,560,78.400000,0.000000,0,1,700111,698,30,698,30,0,1,33
1,560,78.400000,0.000000,0,1,700124,715,28,715,28,0,1,33
1,560,78.400000,0.000000,0,1,700138,739,24,739,24,0,1,33
1,560,78.400000,0.000000,0,1,700151,771,20,771,20,0,1,33
1,560,78.400000,0.000000,0,1,700165,819,14,819,14,0,1,33
1,560,78.400000,0.000000,0,1,700178,880,7,880,7,0,1,33
1,560,78.400000,0.000000,0,1,700192,940,1,940,1,0,1,33
1,560,78.400000,0.000000,0,1,700205,1014,0,1014,-4,0,1,33
1,560,78.400000,0.000000,0,1,700219,1088,0,1088,-8,0,1,33
1,560,78.400000,0.000000,0,1,700232,1171,0,1171,-9,0,1,33
1,560,78.400000,0.000000,0,1,700247,1232,0,1232,-9,0,1,33
1,560,78.400000,0.000000,0,1,700260,1282,2,1282,-7,0,1,33
1,560,78.400000,0.000000,0,1,700274,1314,5,1314,-4,0,1,33
1,560,78.400000,0.000000,0,1,700289,1339,9,1339,0,0,1,33
1,560,78.400000,0.000000,0,1,700302,1352,11,1352,2,0,1,33
1,560,78.400000,0.000000,0,1,700316,1358,12,1358,3,0,1,33
1,560,78.400000,0.000000,0,1,700329,1361,12,1361,3,0,1,33
1,560,78.400000,0.000000,0,1,700343,1363,12,1363,3,0,1,33
1,560,78.400000,0.000000,0,1,700356,1364,12,1364,3,0,1,33
1,560,78.400000,0.000000,0,1,700369,1364,12,1364,3,0,1,33
1,560,78.400000,0.000000,0,1,700382,1364,12,1364,3,0,1,33
1,560,78.400000,0.000000,0,1,700396,1364,12,1364,3,0,1,33
1,560,78.400000,0.000000,0,1,700409,1364,12,1364,3,0,1,33
1,560,78.400000,0.000000,0,1,700422,1364,12,1364,3,0,1,33
1,560,78.400000,0.000000,0,1,700435,1364,12,1364,3,0,1,33
1,560,78.400000,0.000000,0,1,700448,1364,12,1364,3,0,1,33
1,560,78.400000,0.000000,0,1,700460,1364,12,1364,3,0,1,33
1,560,78.400000,0.000000,0,1,700473,1364,12,1364,3,0,1,33
1,560,78.400000,0.000000,0,1,700486,1364,12,1364,3,0,1,33
1,560,78.400000,0.000000,0,1,700499,1364,12,1364,3,0,1,33
1,560,78.400000,0.000000,0,1,700513,1358,14,1358,5,0,1,33
1,560,78.400000,0.000000,0,1,700526,1348,16,1348,7,0,1,33
1,560,78.400000,0.000000,0,1,700540,1337,18,1337,9,0,1,33
1,560,78.400000,0.000000,0,1,700553,1321,19,1321,10,0,1,33
1,560,78.400000,0.000000,0,1,700567,1306,20,1306,11,0,1,33
1,560,78.400000,0.000000,0,1,700581,1294,20,1294,11,0,1,33
1,560,78.400000,0.000000,0,1,700595,1285,20,1285,11,0,1,33
1,560,78.400000,0.000000,0,1,700608,1280,20,1280,11,0,1,33
1,560,78.400000,0.000000,0,1,700620,1277,20,1277,11,0,1,33
1,560,78.400000,0.000000,0,1,700634,1276,20,1276,11,0,1,33
1,560,78.400000,0.000000,0,1,700647,1276,20,1276,11,0,1,33
1,560,78.400000,0.000000,0,1,700660,1276,20,1276,11,0,1,33
1,560,78.400000,0.000000,0,1,700672,1276,20,1276,11,0,1,33
1,560,78.400000,0.000000,0,1,700685,1276,20,1276,11,0,1,33
1,560,78.400000,0.000000,0,1,700698,1276,20,1276,11,0,1,33
1,560,78.400000,0.000000,0,1,700711,1276,20,1276,11,0,1,33
1,560,78.400000,0.000000,0,1,700723,1276,20,1276,11,0,1,33
