1,560,78.400000,0.000000,1,0,1191523,680,0,680,0,0,2,100
1,560,78.400000,0.000000,1,0,1191524,680,0,680,0,0,2,100
1,560,78.400000,0.000000,1,0,1191538,680,0,680,0,0,2,100
1,560,78.400000,0.000000,1,0,1191550,680,0,680,0,0,2,100
1,560,78.400000,0.000000,1,0,1191563,680,0,680,0,0,2,100
1,560,78.400000,0.000000,1,0,1191576,680,0,680,0,0,2,100
1,560,78.400000,0.000000,1,0,1191590,680,0,680,0,0,2,100
1,560,78.400000,0.000000,1,0,1191603,680,0,680,0,0,2,100
1,560,78.400000,0.000000,1,0,1191617,680,0,680,0,0,2,100
1,560,78.400000,0.000000,1,0,1191630,680,0,680,0,0,2,100
1,560,78.400000,0.000000,1,0,1191642,680,0,680,0,0,2,100
1,560,78.400000,0.000000,1,0,1191655,680,0,680,0,0,2,100
1,560,78.400000,0.000000,1,0,1191669,686,0,686,0,0,2,100
1,560,78.400000,0.000000,1,0,1191682,702,0,702,-2,0,2,100
1,560,78.400000,0.000000,1,0,1191696,735,0,735,-5,0,2,100
1,560,78.400000,0.000000,1,0,1191709,788,0,788,-8,0,2,100
1,560,78.400000,0.000000,1,0,1191722,846,0,846,-9,0,2,100
1,560,78.400000,0.000000,1,0,1191735,917,0,917,-10,0,2,100
1,560,78.400000,0.000000,1,0,1191748,980,0,980,-11,0,2,100
1,560,78.400000,0.000000,1,0,1191763,1036,0,1036,-11,0,2,100
1,560,78.400000,0.000000,1,0,1191776,1098,0,1098,-11,0,2,100
1,560,78.400000,0.000000,1,0,1191790,1152,0,1152,-12,0,2,100
1,560,78.400000,0.000000,1,0,1191804,1191,0,1191,-12,0,2,100
1,560,78.400000,0.000000,1,0,1191818,1216,0,1216,-12,0,2,100
1,560,78.400000,0.000000,1,0,1191831,1232,0,1232,-12,0,2,100
1,560,78.400000,0.000000,1,0,1191844,1242,0,1242,-12,0,2,100
1,560,78.400000,0.000000,1,0,1191857,1248,0,1248,-12,0,2,100
1,560,78.400000,0.000000,1,0,1191870,1252,0,1252,-13,0,2,100
1,560,78.400000,0.000000,1,0,1191883,1254,0,1254,-13,0,2,100
1,560,78.400000,0.000000,1,0,1191896,1255,0,1255,-13,0,2,100
1,560,78.400000,0.000000,1,0,1191909,1256,0,1256,-13,0,2,100
1,560,78.400000,0.000000,1,0,1191924,1256,0,1256,-14,0,2,100
1,560,78.400000,0.000000,1,0,1191938,1257,0,1257,-14,0,2,100
1,560,78.400000,0.000000,1,0,1191951,1259,0,1259,-14,0,2,100
1,560,78.400000,0.000000,1,0,1191964,1261,0,1261,-15,0,2,100
1,560,78.400000,0.000000,1,0,1191977,1263,0,1263,-16,0,2,100
1,560,78.400000,0.000000,1,0,1191990,1263,0,1263,-16,0,2,100
1,560,78.400000,0.000000,1,0,1192002,1263,0,1263,-16,0,2,100
1,560,78.400000,0.000000,1,0,1192015,1263,0,1263,-16,0,2,100
1,560,78.400000,0.000000,1,0,1192028,1263,0,1263,-16,0,2,100
1,560,78.400000,0.000000,1,0,1192041,1263,0,1263,-16,0,2,100
1,560,78.400000,0.000000,1,0,1192054,1263,0,1263,-16,0,2,100
1,560,78.400000,0.000000,1,0,1192067,1263,0,1263,-16,0,2,100
1,560,78.400000,0.000000,1,0,1192079,1263,0,1263,-16,0,2,100
1,560,78.400000,0.000000,1,0,1192092,1263,0,1263,-16,0,2,100
1,560,78.400000,0.000000,1,0,1192105,1263,0,1263,-16,0,2,100
1,560,78.400000,0.000000,1,0,1192118,1263,0,1263,-16,0,2,100
1,560,78.400000,0.000000,1,0,1192131,1263,0,1263,-16,0,2,100
1,560,78.400000,0.000000,1,0,1192143,1263,0,1263,-16,0,2,100
