1,1120,33.600000,10000.000000,0,1,1636972,400,33,400,33,0,3,114
1,1120,33.600000,10000.000000,0,1,1636972,400,33,400,33,0,3,114
1,1120,33.600000,10000.000000,0,1,1636985,400,33,400,33,0,3,114
1,1120,33.600000,10000.000000,0,1,1636999,401,33,401,33,0,3,114
1,1120,33.600000,10000.000000,0,1,1637012,401,33,401,33,0,3,114
1,1120,33.600000,10000.000000,0,1,1637025,402,33,402,33,0,3,114
1,1120,33.600000,10000.000000,0,1,1637038,403,33,403,33,0,3,114
1,1120,33.600000,10000.000000,0,1,1637051,406,33,406,33,0,3,114
1,1120,33.600000,10000.000000,0,1,1637064,415,33,415,33,0,3,114
1,1120,33.600000,10000.000000,0,1,1637079,429,31,429,31,0,3,114
1,1120,33.600000,10000.000000,0,1,1637092,460,31,460,31,0,3,114
1,1120,33.600000,10000.000000,0,1,1637107,499,31,499,31,0,3,114
1,1120,33.600000,10000.000000,0,1,1637122,561,31,561,31,0,3,114
1,1120,33.600000,10000.000000,0,1,1637136,633,31,633,31,0,3,114
1,1120,33.600000,10000.000000,0,1,1637149,713,35,713,35,0,3,114
1,1120,33.600000,10000.000000,0,1,1637162,809,40,809,40,0,3,114
1,1120,33.600000,10000.000000,0,1,1637176,889,42,889,42,0,3,114
1,1120,33.600000,10000.000000,0,1,1637190,966,45,966,45,0,3,114
1,1120,33.600000,10000.000000,0,1,1637204,1029,47,1029,47,0,3,114
1,1120,33.600000,10000.000000,0,1,1637217,1086,48,1086,48,0,3,114
1,1120,33.600000,10000.000000,0,1,1637230,1133,48,1133,48,0,3,114
1,1120,33.600000,10000.000000,0,1,1637244,1176,48,1176,48,0,3,114
1,1120,33.600000,10000.000000,0,1,1637258,1218,48,1218,48,0,3,114
1,1120,33.600000,10000.000000,0,1,1637271,1254,48,1254,48,0,3,114
1,1120,33.600000,10000.000000,0,1,1637284,1286,48,1286,48,0,3,114
1,1120,33.600000,10000.000000,0,1,1637296,1314,46,1314,46,0,3,114
1,1120,33.600000,10000.000000,0,1,1637310,1345,45,1345,45,0,3,114
1,1120,33.600000,10000.000000,0,1,1637324,1374,43,1374,43,0,3,114
1,1120,33.600000,10000.000000,0,1,1637337,1403,41,1403,41,0,3,114
1,1120,33.600000,10000.000000,0,1,1637350,1427,38,1427,38,0,3,114
1,1120,33.600000,10000.000000,0,1,1637363,1447,35,1447,35,0,3,114
1,1120,33.600000,10000.000000,0,1,1637377,1463,31,1463,31,0,3,114
1,1120,33.600000,10000.000000,0,1,1637392,1473,28,1473,28,0,3,114
1,1120,33.600000,10000.000000,0,1,1637404,1478,26,1478,26,0,3,114
1,1120,33.600000,10000.000000,0,1,1637418,1481,24,1481,24,0,3,114
1,1120,33.600000,10000.000000,0,1,1637431,1484,23,1484,23,0,3,114
1,1120,33.600000,10000.000000,0,1,1637445,1487,20,1487,20,0,3,114
1,1120,33.600000,10000.000000,0,1,1637459,1491,19,1491,19,0,3,114
1,1120,33.600000,10000.000000,0,1,1637472,1498,17,1498,17,0,3,114
1,1120,33.600000,10000.000000,0,1,1637486,1504,16,1504,16,0,3,114
1,1120,33.600000,10000.000000,0,1,1637499,1510,14,1510,14,0,3,114
1,1120,33.600000,10000.000000,0,1,1637513,1514,13,1514,13,0,3,114
1,1120,33.600000,10000.000000,0,1,1637528,1516,12,1516,12,0,3,114
1,1120,33.600000,10000.000000,0,1,1637541,1517,12,1517,12,0,3,114
1,1120,33.600000,10000.000000,0,1,1637555,1517,12,1517,12,0,3,114
1,1120,33.600000,10000.000000,0,1,1637567,1517,12,1517,12,0,3,114
1,1120,33.600000,10000.000000,0,1,1637581,1517,12,1517,12,0,3,114
1,1120,33.600000,10000.000000,0,1,1637595,1517,12,1517,12,0,3,114
1,1120,33.600000,10000.000000,0,1,1637608,1517,12,1517,12,0,3,114
1,1120,33.600000,10000.000000,0,1,1637621,1517,12,1517,12,0,3,114
1,1120,33.600000,10000.000000,0,1,1637634,1517,12,1517,12,0,3,114
1,1120,33.600000,10000.000000,0,1,1637646,1517,12,1517,12,0,3,114
1,1120,33.600000,10000.000000,0,1,1637659,1517,12,1517,12,0,3,114
1,1120,33.600000,10000.000000,0,1,1637672,1517,12,1517,12,0,3,114
1,1120,33.600000,10000.000000,0,1,1637685,1517,12,1517,12,0,3,114
1,1120,33.600000,10000.000000,0,1,1637698,1517,12,1517,12,0,3,114
1,1120,33.600000,10000.000000,0,1,1637712,1517,12,1517,12,0,3,114
1,1120,33.600000,10000.000000,0,1,1637725,1517,12,1517,12,0,3,114
1,1120,33.600000,10000.000000,0,1,1637738,1517,12,1517,12,0,3,114
1,1120,33.600000,10000.000000,0,1,1637750,1517,12,1517,12,0,3,114
1,1120,33.600000,10000.000000,0,1,1637763,1517,12,1517,12,0,3,114
1,1120,33.600000,10000.000000,0,1,1637776,1517,12,1517,12,0,3,114
1,1120,33.600000,10000.000000,0,1,1637789,1517,12,1517,12,0,3,114
1,1120,33.600000,10000.000000,0,1,1637802,1517,12,1517,12,0,3,114
1,1120,33.600000,10000.000000,0,1,1637815,1517,12,1517,12,0,3,114
1,1120,33.600000,10000.000000,0,1,1637828,1517,12,1517,12,0,3,114
1,1120,33.600000,10000.000000,0,1,1637841,1517,12,1517,12,0,3,114
1,1120,33.600000,10000.000000,0,1,1637854,1517,12,1517,12,0,3,114
1,1120,33.600000,10000.000000,0,1,1637867,1517,12,1517,12,0,3,114
1,1120,33.600000,10000.000000,0,1,1637880,1517,12,1517,12,0,3,114
1,1120,33.600000,10000.000000,0,1,1637892,1517,12,1517,12,0,3,114
