1,560,78.400000,10000.000000,1,1,1977258,680,33,680,33,0,4,73
1,560,78.400000,10000.000000,1,1,1977259,680,33,680,33,0,4,73
1,560,78.400000,10000.000000,1,1,1977271,680,33,680,33,0,4,73
1,560,78.400000,10000.000000,1,1,1977284,681,33,681,33,0,4,73
1,560,78.400000,10000.000000,1,1,1977297,681,33,681,33,0,4,73
1,560,78.400000,10000.000000,1,1,1977310,681,33,681,33,0,4,73
1,560,78.400000,10000.000000,1,1,1977324,681,33,681,33,0,4,73
1,560,78.400000,10000.000000,1,1,1977336,681,33,681,33,0,4,73
1,560,78.400000,10000.000000,1,1,1977349,681,33,681,33,0,4,73
1,560,78.400000,10000.000000,1,1,1977362,682,33,682,33,0,4,73
1,560,78.400000,10000.000000,1,1,1977375,682,33,682,33,0,4,73
1,560,78.400000,10000.000000,1,1,1977389,682,33,682,33,0,4,73
1,560,78.400000,10000.000000,1,1,1977404,686,33,686,33,0,4,73
1,560,78.400000,10000.000000,1,1,1977419,700,30,700,30,0,4,73
1,560,78.400000,10000.000000,1,1,1977433,724,27,724,27,0,4,73
1,560,78.400000,10000.000000,1,1,1977447,761,22,761,22,0,4,73
1,560,78.400000,10000.000000,1,1,1977460,801,19,801,19,0,4,73
1,560,78.400000,10000.000000,1,1,1977474,848,16,848,16,0,4,73
1,560,78.400000,10000.000000,1,1,1977488,890,14,890,14,0,4,73
1,560,78.400000,10000.000000,1,1,1977501,922,13,922,13,0,4,73
1,560,78.400000,10000.000000,1,1,1977514,950,12,950,12,0,4,73
1,560,78.400000,10000.000000,1,1,1977527,974,11,974,11,0,4,73
1,560,78.400000,10000.000000,1,1,1977541,996,11,996,11,0,4,73
1,560,78.400000,10000.000000,1,1,1977554,1016,10,1016,10,0,4,73
1,560,78.400000,10000.000000,1,1,1977568,1032,10,1032,10,0,4,73
1,560,78.400000,10000.000000,1,1,1977582,1049,9,1049,9,0,4,73
1,560,78.400000,10000.000000,1,1,1977596,1062,9,1062,9,0,4,73
1,560,78.400000,10000.000000,1,1,1977611,1072,9,1072,9,0,4,73
1,560,78.400000,10000.000000,1,1,1977625,1080,9,1080,9,0,4,73
1,560,78.400000,10000.000000,1,1,1977638,1085,9,1085,9,0,4,73
1,560,78.400000,10000.000000,1,1,1977651,1089,9,1089,9,0,4,73
1,560,78.400000,10000.000000,1,1,1977665,1092,9,1092,9,0,4,73
1,560,78.400000,10000.000000,1,1,1977678,1094,9,1094,9,0,4,73
1,560,78.400000,10000.000000,1,1,1977692,1098,9,1098,9,0,4,73
1,560,78.400000,10000.000000,1,1,1977705,1105,7,1105,7,0,4,73
1,560,78.400000,10000.000000,1,1,1977720,1113,5,1113,5,0,4,73
1,560,78.400000,10000.000000,1,1,1977733,1124,3,1124,3,0,4,73
1,560,78.400000,10000.000000,1,1,1977746,1136,2,1136,2,0,4,73
1,560,78.400000,10000.000000,1,1,1977759,1148,1,1148,1,0,4,73
1,560,78.400000,10000.000000,1,1,1977773,1161,0,1161,-1,0,4,73
1,560,78.400000,10000.000000,1,1,1977787,1174,0,1174,-2,0,4,73
1,560,78.400000,10000.000000,1,1,1977800,1188,0,1188,-4,0,4,73
1,560,78.400000,10000.000000,1,1,1977813,1200,0,1200,-6,0,4,73
1,560,78.400000,10000.000000,1,1,1977827,1210,0,1210,-8,0,4,73
1,560,78.400000,10000.000000,1,1,1977840,1217,0,1217,-9,0,4,73
1,560,78.400000,10000.000000,1,1,1977853,1223,0,1223,-11,0,4,73
1,560,78.400000,10000.000000,1,1,1977866,1229,0,1229,-12,0,4,73
1,560,78.400000,10000.000000,1,1,1977880,1234,0,1234,-13,0,4,73
1,560,78.400000,10000.000000,1,1,1977895,1239,0,1239,-14,0,4,73
1,560,78.400000,10000.000000,1,1,1977908,1243,0,1243,-14,0,4,73
1,560,78.400000,10000.000000,1,1,1977921,1245,0,1245,-14,0,4,73
1,560,78.400000,10000.000000,1,1,1977935,1245,0,1245,-14,0,4,73
1,560,78.400000,10000.000000,1,1,1977949,1245,0,1245,-14,0,4,73
1,560,78.400000,10000.000000,1,1,1977962,1245,0,1245,-14,0,4,73
1,560,78.400000,10000.000000,1,1,1977975,1245,0,1245,-14,0,4,73
1,560,78.400000,10000.000000,1,1,1977988,1245,0,1245,-14,0,4,73
1,560,78.400000,10000.000000,1,1,1978001,1245,0,1245,-14,0,4,73
1,560,78.400000,10000.000000,1,1,1978016,1245,0,1245,-14,0,4,73
1,560,78.400000,10000.000000,1,1,1978027,1245,0,1245,-14,0,4,73
