1,560,128.800000,19.096000,0,0,1777923,680,0,680,0,0,4,5
1,560,128.800000,19.096000,0,0,1777924,680,0,680,0,0,4,5
1,560,128.800000,19.096000,0,0,1777937,680,0,680,0,0,4,5
1,560,128.800000,19.096000,0,0,1777949,680,0,680,0,0,4,5
1,560,128.800000,19.096000,0,0,1777962,680,0,680,0,0,4,5
1,560,128.800000,19.096000,0,0,1777975,680,0,680,0,0,4,5
1,560,128.800000,19.096000,0,0,1777988,680,0,680,0,0,4,5
1,560,128.800000,19.096000,0,0,1778001,680,0,680,0,0,4,5
1,560,128.800000,19.096000,0,0,1778014,683,0,683,0,0,4,5
1,560,128.800000,19.096000,0,0,1778028,687,0,687,-1,0,4,5
1,560,128.800000,19.096000,0,0,1778041,691,0,691,-2,0,4,5
1,560,128.800000,19.096000,0,0,1778054,694,0,694,-2,0,4,5
1,560,128.800000,19.096000,0,0,1778067,698,0,698,-3,0,4,5
1,560,128.800000,19.096000,0,0,1778080,708,0,708,-5,0,4,5
1,560,128.800000,19.096000,0,0,1778095,725,0,725,-7,0,4,5
1,560,128.800000,19.096000,0,0,1778108,753,0,753,-10,0,4,5
1,560,128.800000,19.096000,0,0,1778121,788,0,788,-14,0,4,5
1,560,128.800000,19.096000,0,0,1778134,834,0,834,-17,0,4,5
1,560,128.800000,19.096000,0,0,1778148,878,0,878,-20,0,4,5
1,560,128.800000,19.096000,0,0,1778161,932,0,932,-24,0,4,5
1,560,128.800000,19.096000,0,0,1778174,979,0,979,-27,0,4,5
1,560,128.800000,19.096000,0,0,1778189,1023,0,1023,-28,0,4,5
1,560,128.800000,19.096000,0,0,1778204,1071,0,1071,-30,0,4,5
1,560,128.800000,19.096000,0,0,1778217,1105,0,1105,-31,0,4,5
1,560,128.800000,19.096000,0,0,1778231,1136,0,1136,-31,0,4,5
1,560,128.800000,19.096000,0,0,1778245,1161,0,1161,-32,0,4,5
1,560,128.800000,19.096000,0,0,1778259,1179,0,1179,-32,0,4,5
1,560,128.800000,19.096000,0,0,1778273,1193,0,1193,-32,0,4,5
1,560,128.800000,19.096000,0,0,1778287,1204,0,1204,-32,0,4,5
1,560,128.800000,19.096000,0,0,1778301,1214,0,1214,-32,0,4,5
1,560,128.800000,19.096000,0,0,1778314,1222,0,1222,-32,0,4,5
1,560,128.800000,19.096000,0,0,1778328,1228,1,1228,-31,0,4,5
1,560,128.800000,19.096000,0,0,1778342,1234,1,1234,-31,0,4,5
1,560,128.800000,19.096000,0,0,1778355,1238,1,1238,-31,0,4,5
1,560,128.800000,19.096000,0,0,1778369,1241,1,1241,-31,0,4,5
1,560,128.800000,19.096000,0,0,1778382,1242,1,1242,-31,0,4,5
1,560,128.800000,19.096000,0,0,1778395,1242,2,1242,-30,0,4,5
1,560,128.800000,19.096000,0,0,1778408,1242,2,1242,-30,0,4,5
1,560,128.800000,19.096000,0,0,1778421,1242,2,1242,-30,0,4,5
1,560,128.800000,19.096000,0,0,1778433,1243,2,1243,-30,0,4,5
1,560,128.800000,19.096000,0,0,1778446,1244,2,1244,-30,0,4,5
1,560,128.800000,19.096000,0,0,1778459,1245,2,1245,-30,0,4,5
1,560,128.800000,19.096000,0,0,1778472,1246,2,1246,-30,0,4,5
1,560,128.800000,19.096000,0,0,1778485,1249,2,1249,-30,0,4,5
1,560,128.800000,19.096000,0,0,1778499,1252,2,1252,-30,0,4,5
1,560,128.800000,19.096000,0,0,1778512,1255,2,1255,-30,0,4,5
1,560,128.800000,19.096000,0,0,1778525,1258,2,1258,-30,0,4,5
1,560,128.800000,19.096000,0,0,1778538,1260,2,1260,-30,0,4,5
1,560,128.800000,19.096000,0,0,1778551,1261,2,1261,-30,0,4,5
1,560,128.800000,19.096000,0,0,1778564,1262,2,1262,-30,0,4,5
1,560,128.800000,19.096000,0,0,1778576,1263,2,1263,-30,0,4,5
