1,1120,33.600000,0.000000,1,1,2843364,400,33,400,33,0,6,96
1,1120,33.600000,0.000000,1,1,2843365,400,33,400,33,0,6,96
1,1120,33.600000,0.000000,1,1,2843378,400,33,400,33,0,6,96
1,1120,33.600000,0.000000,1,1,2843391,400,33,400,33,0,6,96
1,1120,33.600000,0.000000,1,1,2843405,400,33,400,33,0,6,96
1,1120,33.600000,0.000000,1,1,2843418,400,33,400,33,0,6,96
1,1120,33.600000,0.000000,1,1,2843432,400,33,400,33,0,6,96
1,1120,33.600000,0.000000,1,1,2843445,400,33,400,33,0,6,96
1,1120,33.600000,0.000000,1,1,2843459,401,33,401,33,0,6,96
1,1120,33.600000,0.000000,1,1,2843472,408,33,408,33,0,6,96
1,1120,33.600000,0.000000,1,1,2843486,422,33,422,33,0,6,96
1,1120,33.600000,0.000000,1,1,2843500,451,33,451,33,0,6,96
1,1120,33.600000,0.000000,1,1,2843513,502,34,502,34,0,6,96
1,1120,33.600000,0.000000,1,1,2843527,578,38,578,38,0,6,96
1,1120,33.600000,0.000000,1,1,2843541,683,41,683,41,0,6,96
1,1120,33.600000,0.000000,1,1,2843555,808,45,808,45,0,6,96
1,1120,33.600000,0.000000,1,1,2843568,944,50,944,50,0,6,96
1,1120,33.600000,0.000000,1,1,2843582,1068,58,1068,58,0,6,96
1,1120,33.600000,0.000000,1,1,2843596,1184,65,1184,65,0,6,96
1,1120,33.600000,0.000000,1,1,2843611,1277,70,1277,70,0,6,96
1,1120,33.600000,0.000000,1,1,2843624,1350,72,1350,72,0,6,96
1,1120,33.600000,0.000000,1,1,2843639,1400,73,1400,73,0,6,96
1,1120,33.600000,0.000000,1,1,2843652,1429,73,1429,73,0,6,96
1,1120,33.600000,0.000000,1,1,2843665,1449,73,1449,73,0,6,96
1,1120,33.600000,0.000000,1,1,2843678,1462,73,1462,73,0,6,96
1,1120,33.600000,0.000000,1,1,2843691,1469,71,1469,71,0,6,96
1,1120,33.600000,0.000000,1,1,2843704,1474,70,1474,70,0,6,96
1,1120,33.600000,0.000000,1,1,2843717,1478,69,1478,69,0,6,96
1,1120,33.600000,0.000000,1,1,2843730,1481,68,1481,68,0,6,96
1,1120,33.600000,0.000000,1,1,2843743,1483,67,1483,67,0,6,96
1,1120,33.600000,0.000000,1,1,2843756,1485,66,1485,66,0,6,96
1,1120,33.600000,0.000000,1,1,2843769,1486,64,1486,64,0,6,96
1,1120,33.600000,0.000000,1,1,2843782,1486,63,1486,63,0,6,96
1,1120,33.600000,0.000000,1,1,2843795,1486,62,1486,62,0,6,96
1,1120,33.600000,0.000000,1,1,2843809,1486,61,1486,61,0,6,96
1,1120,33.600000,0.000000,1,1,2843822,1488,59,1488,59,0,6,96
1,1120,33.600000,0.000000,1,1,2843835,1490,57,1490,57,0,6,96
1,1120,33.600000,0.000000,1,1,2843849,1493,54,1493,54,0,6,96
1,1120,33.600000,0.000000,1,1,2843862,1496,51,1496,51,0,6,96
1,1120,33.600000,0.000000,1,1,2843876,1498,50,1498,50,0,6,96
1,1120,33.600000,0.000000,1,1,2843889,1499,48,1499,48,0,6,96
1,1120,33.600000,0.000000,1,1,2843902,1500,47,1500,47,0,6,96
1,1120,33.600000,0.000000,1,1,2843916,1500,45,1500,45,0,6,96
1,1120,33.600000,0.000000,1,1,2843930,1501,42,1501,42,0,6,96
1,1120,33.600000,0.000000,1,1,2843943,1503,38,1503,38,0,6,96
1,1120,33.600000,0.000000,1,1,2843957,1505,33,1505,33,0,6,96
1,1120,33.600000,0.000000,1,1,2843970,1508,29,1508,29,0,6,96
1,1120,33.600000,0.000000,1,1,2843984,1511,26,1511,26,0,6,96
1,1120,33.600000,0.000000,1,1,2843998,1513,23,1513,23,0,6,96
1,1120,33.600000,0.000000,1,1,2844011,1515,21,1515,21,0,6,96
1,1120,33.600000,0.000000,1,1,2844024,1516,20,1516,20,0,6,96
1,1120,33.600000,0.000000,1,1,2844037,1516,20,1516,20,0,6,96
1,1120,33.600000,0.000000,1,1,2844050,1516,20,1516,20,0,6,96
1,1120,33.600000,0.000000,1,1,2844064,1516,19,1516,19,0,6,96
1,1120,33.600000,0.000000,1,1,2844077,1516,19,1516,19,0,6,96
1,1120,33.600000,0.000000,1,1,2844089,1516,19,1516,19,0,6,96
1,1120,33.600000,0.000000,1,1,2844103,1516,19,1516,19,0,6,96
1,1120,33.600000,0.000000,1,1,2844116,1516,19,1516,19,0,6,96
1,1120,33.600000,0.000000,1,1,2844129,1516,19,1516,19,0,6,96
1,1120,33.600000,0.000000,1,1,2844141,1516,19,1516,19,0,6,96
