1,1120,33.600000,10000.000000,1,1,2638173,400,33,400,33,0,6,0
1,1120,33.600000,10000.000000,1,1,2638173,400,33,400,33,0,6,0
1,1120,33.600000,10000.000000,1,1,2638186,400,33,400,33,0,6,0
1,1120,33.600000,10000.000000,1,1,2638199,400,33,400,33,0,6,0
1,1120,33.600000,10000.000000,1,1,2638211,400,33,400,33,0,6,0
1,1120,33.600000,10000.000000,1,1,2638224,400,33,400,33,0,6,0
1,1120,33.600000,10000.000000,1,1,2638237,400,33,400,33,0,6,0
1,1120,33.600000,10000.000000,1,1,2638249,400,33,400,33,0,6,0
1,1120,33.600000,10000.000000,1,1,2638263,400,33,400,33,0,6,0
1,1120,33.600000,10000.000000,1,1,2638276,400,33,400,33,0,6,0
1,1120,33.600000,10000.000000,1,1,2638290,402,33,402,33,0,6,0
1,1120,33.600000,10000.000000,1,1,2638303,403,33,403,33,0,6,0
1,1120,33.600000,10000.000000,1,1,2638316,403,33,403,33,0,6,0
1,1120,33.600000,10000.000000,1,1,2638331,404,34,404,34,0,6,0
1,1120,33.600000,10000.000000,1,1,2638344,410,34,410,34,0,6,0
1,1120,33.600000,10000.000000,1,1,2638357,423,34,423,34,0,6,0
1,1120,33.600000,10000.000000,1,1,2638370,448,36,448,36,0,6,0
1,1120,33.600000,10000.000000,1,1,2638383,490,38,490,38,0,6,0
1,1120,33.600000,10000.000000,1,1,2638397,556,39,556,39,0,6,0
1,1120,33.600000,10000.000000,1,1,2638411,636,41,636,41,0,6,0
1,1120,33.600000,10000.000000,1,1,2638425,743,41,743,41,0,6,0
1,1120,33.600000,10000.000000,1,1,2638438,848,43,848,43,0,6,0
1,1120,33.600000,10000.000000,1,1,2638452,950,45,950,45,0,6,0
1,1120,33.600000,10000.000000,1,1,2638465,1046,47,1046,47,0,6,0
1,1120,33.600000,10000.000000,1,1,2638478,1121,48,1121,48,0,6,0
1,1120,33.600000,10000.000000,1,1,2638491,1192,49,1192,49,0,6,0
1,1120,33.600000,10000.000000,1,1,2638504,1247,49,1247,49,0,6,0
1,1120,33.600000,10000.000000,1,1,2638518,1294,50,1294,50,0,6,0
1,1120,33.600000,10000.000000,1,1,2638531,1327,50,1327,50,0,6,0
1,1120,33.600000,10000.000000,1,1,2638545,1347,51,1347,51,0,6,0
1,1120,33.600000,10000.000000,1,1,2638558,1361,51,1361,51,0,6,0
1,1120,33.600000,10000.000000,1,1,2638572,1370,51,1370,51,0,6,0
1,1120,33.600000,10000.000000,1,1,2638585,1375,51,1375,51,0,6,0
1,1120,33.600000,10000.000000,1,1,2638598,1375,51,1375,51,0,6,0
1,1120,33.600000,10000.000000,1,1,2638610,1375,51,1375,51,0,6,0
1,1120,33.600000,10000.000000,1,1,2638623,1375,50,1375,50,0,6,0
1,1120,33.600000,10000.000000,1,1,2638636,1375,48,1375,48,0,6,0
1,1120,33.600000,10000.000000,1,1,2638649,1375,46,1375,46,0,6,0
1,1120,33.600000,10000.000000,1,1,2638663,1375,45,1375,45,0,6,0
1,1120,33.600000,10000.000000,1,1,2638676,1375,42,1375,42,0,6,0
1,1120,33.600000,10000.000000,1,1,2638689,1377,40,1377,40,0,6,0
1,1120,33.600000,10000.000000,1,1,2638702,1380,36,1380,36,0,6,0
1,1120,33.600000,10000.000000,1,1,2638716,1386,32,1386,32,0,6,0
1,1120,33.600000,10000.000000,1,1,2638729,1398,27,1398,27,0,6,0
1,1120,33.600000,10000.000000,1,1,2638742,1412,22,1412,22,0,6,0
1,1120,33.600000,10000.000000,1,1,2638756,1427,17,1427,17,0,6,0
1,1120,33.600000,10000.000000,1,1,2638769,1447,13,1447,13,0,6,0
1,1120,33.600000,10000.000000,1,1,2638782,1466,10,1466,10,0,6,0
1,1120,33.600000,10000.000000,1,1,2638795,1479,8,1479,8,0,6,0
1,1120,33.600000,10000.000000,1,1,2638810,1489,7,1489,7,0,6,0
1,1120,33.600000,10000.000000,1,1,2638823,1494,6,1494,6,0,6,0
1,1120,33.600000,10000.000000,1,1,2638836,1495,6,1495,6,0,6,0
1,1120,33.600000,10000.000000,1,1,2638849,1495,6,1495,6,0,6,0
1,1120,33.600000,10000.000000,1,1,2638862,1495,6,1495,6,0,6,0
1,1120,33.600000,10000.000000,1,1,2638875,1495,6,1495,6,0,6,0
1,1120,33.600000,10000.000000,1,1,2638887,1495,6,1495,6,0,6,0
1,1120,33.600000,10000.000000,1,1,2638900,1495,6,1495,6,0,6,0
1,1120,33.600000,10000.000000,1,1,2638913,1495,6,1495,6,0,6,0
1,1120,33.600000,10000.000000,1,1,2638926,1495,6,1495,6,0,6,0
1,1120,33.600000,10000.000000,1,1,2638938,1495,6,1495,6,0,6,0
1,1120,33.600000,10000.000000,1,1,2638951,1495,6,1495,6,0,6,0
1,1120,33.600000,10000.000000,1,1,2638964,1495,6,1495,6,0,6,0
1,1120,33.600000,10000.000000,1,1,2638976,1495,6,1495,6,0,6,0
1,1120,33.600000,10000.000000,1,1,2638989,1495,6,1495,6,0,6,0
1,1120,33.600000,10000.000000,1,1,2639002,1495,6,1495,6,0,6,0
1,1120,33.600000,10000.000000,1,1,2639014,1495,6,1495,6,0,6,0
1,1120,33.600000,10000.000000,1,1,2639027,1495,6,1495,6,0,6,0
1,1120,33.600000,10000.000000,1,1,2639040,1495,6,1495,6,0,6,0
1,1120,33.600000,10000.000000,1,1,2639052,1495,6,1495,6,0,6,0
1,1120,33.600000,10000.000000,1,1,2639065,1495,6,1495,6,0,6,0
1,1120,33.600000,10000.000000,1,1,2639078,1495,6,1495,6,0,6,0
1,1120,33.600000,10000.000000,1,1,2639090,1496,6,1496,6,0,6,0
1,1120,33.600000,10000.000000,1,1,2639103,1496,6,1496,6,0,6,0
1,1120,33.600000,10000.000000,1,1,2639116,1497,6,1497,6,0,6,0
1,1120,33.600000,10000.000000,1,1,2639130,1497,6,1497,6,0,6,0
1,1120,33.600000,10000.000000,1,1,2639143,1498,6,1498,6,0,6,0
1,1120,33.600000,10000.000000,1,1,2639156,1499,6,1499,6,0,6,0
1,1120,33.600000,10000.000000,1,1,2639169,1499,6,1499,6,0,6,0
1,1120,33.600000,10000.000000,1,1,2639181,1500,6,1500,6,0,6,0
1,1120,33.600000,10000.000000,1,1,2639194,1501,7,1501,7,0,6,0
1,1120,33.600000,10000.000000,1,1,2639207,1503,7,1503,7,0,6,0
1,1120,33.600000,10000.000000,1,1,2639220,1504,8,1504,8,0,6,0
1,1120,33.600000,10000.000000,1,1,2639233,1506,8,1506,8,0,6,0
1,1120,33.600000,10000.000000,1,1,2639246,1508,8,1508,8,0,6,0
1,1120,33.600000,10000.000000,1,1,2639259,1510,9,1510,9,0,6,0
1,1120,33.600000,10000.000000,1,1,2639272,1511,9,1511,9,0,6,0
1,1120,33.600000,10000.000000,1,1,2639285,1513,9,1513,9,0,6,0
1,1120,33.600000,10000.000000,1,1,2639298,1514,9,1514,9,0,6,0
1,1120,33.600000,10000.000000,1,1,2639311,1515,9,1515,9,0,6,0
1,1120,33.600000,10000.000000,1,1,2639325,1516,9,1516,9,0,6,0
1,1120,33.600000,10000.000000,1,1,2639338,1516,9,1516,9,0,6,0
1,1120,33.600000,10000.000000,1,1,2639351,1516,9,1516,9,0,6,0
1,1120,33.600000,10000.000000,1,1,2639364,1517,9,1517,9,0,6,0
1,1120,33.600000,10000.000000,1,1,2639377,1517,9,1517,9,0,6,0
1,1120,33.600000,10000.000000,1,1,2639389,1517,9,1517,9,0,6,0
