1,1120,78.400000,19.096000,0,0,3185203,400,0,400,0,0,7,90
1,1120,78.400000,19.096000,0,0,3185204,400,0,400,0,0,7,90
1,1120,78.400000,19.096000,0,0,3185217,400,0,400,0,0,7,90
1,1120,78.400000,19.096000,0,0,3185230,400,0,400,0,0,7,90
1,1120,78.400000,19.096000,0,0,3185242,400,0,400,0,0,7,90
1,1120,78.400000,19.096000,0,0,3185255,400,0,400,0,0,7,90
1,1120,78.400000,19.096000,0,0,3185268,400,0,400,0,0,7,90
1,1120,78.400000,19.096000,0,0,3185281,400,0,400,0,0,7,90
1,1120,78.400000,19.096000,0,0,3185294,400,0,400,0,0,7,90
1,1120,78.400000,19.096000,0,0,3185306,400,0,400,0,0,7,90
1,1120,78.400000,19.096000,0,0,3185321,401,0,401,0,0,7,90
1,1120,78.400000,19.096000,0,0,3185334,402,0,402,0,0,7,90
1,1120,78.400000,19.096000,0,0,3185348,405,0,405,0,0,7,90
1,1120,78.400000,19.096000,0,0,3185361,419,0,419,0,0,7,90
1,1120,78.400000,19.096000,0,0,3185374,449,0,449,0,0,7,90
1,1120,78.400000,19.096000,0,0,3185388,492,0,492,0,0,7,90
1,1120,78.400000,19.096000,0,0,3185401,558,0,558,-2,0,7,90
1,1120,78.400000,19.096000,0,0,3185415,632,0,632,-4,0,7,90
1,1120,78.400000,19.096000,0,0,3185428,720,0,720,-7,0,7,90
1,1120,78.400000,19.096000,0,0,3185442,811,0,811,-10,0,7,90
1,1120,78.400000,19.096000,0,0,3185455,894,0,894,-13,0,7,90
1,1120,78.400000,19.096000,0,0,3185469,961,0,961,-17,0,7,90
1,1120,78.400000,19.096000,0,0,3185483,1039,0,1039,-20,0,7,90
1,1120,78.400000,19.096000,0,0,3185496,1109,0,1109,-24,0,7,90
1,1120,78.400000,19.096000,0,0,3185509,1168,0,1168,-27,0,7,90
1,1120,78.400000,19.096000,0,0,3185523,1217,0,1217,-31,0,7,90
1,1120,78.400000,19.096000,0,0,3185536,1263,0,1263,-34,0,7,90
1,1120,78.400000,19.096000,0,0,3185550,1307,0,1307,-36,0,7,90
1,1120,78.400000,19.096000,0,0,3185563,1338,0,1338,-38,0,7,90
1,1120,78.400000,19.096000,0,0,3185577,1368,0,1368,-39,0,7,90
1,1120,78.400000,19.096000,0,0,3185591,1388,0,1388,-39,0,7,90
1,1120,78.400000,19.096000,0,0,3185605,1403,0,1403,-39,0,7,90
1,1120,78.400000,19.096000,0,0,3185618,1413,0,1413,-39,0,7,90
1,1120,78.400000,19.096000,0,0,3185632,1421,0,1421,-39,0,7,90
1,1120,78.400000,19.096000,0,0,3185647,1426,0,1426,-39,0,7,90
1,1120,78.400000,19.096000,0,0,3185660,1430,0,1430,-39,0,7,90
1,1120,78.400000,19.096000,0,0,3185673,1432,0,1432,-39,0,7,90
1,1120,78.400000,19.096000,0,0,3185687,1433,0,1433,-39,0,7,90
1,1120,78.400000,19.096000,0,0,3185700,1435,0,1435,-39,0,7,90
1,1120,78.400000,19.096000,0,0,3185714,1439,0,1439,-40,0,7,90
1,1120,78.400000,19.096000,0,0,3185727,1444,0,1444,-41,0,7,90
1,1120,78.400000,19.096000,0,0,3185741,1449,0,1449,-42,0,7,90
1,1120,78.400000,19.096000,0,0,3185755,1454,0,1454,-43,0,7,90
1,1120,78.400000,19.096000,0,0,3185768,1460,0,1460,-43,0,7,90
1,1120,78.400000,19.096000,0,0,3185781,1466,0,1466,-44,0,7,90
1,1120,78.400000,19.096000,0,0,3185795,1472,0,1472,-45,0,7,90
1,1120,78.400000,19.096000,0,0,3185808,1479,0,1479,-46,0,7,90
1,1120,78.400000,19.096000,0,0,3185822,1487,0,1487,-48,0,7,90
1,1120,78.400000,19.096000,0,0,3185836,1495,0,1495,-49,0,7,90
1,1120,78.400000,19.096000,0,0,3185850,1502,0,1502,-51,0,7,90
1,1120,78.400000,19.096000,0,0,3185864,1509,0,1509,-51,0,7,90
1,1120,78.400000,19.096000,0,0,3185878,1516,0,1516,-51,0,7,90
1,1120,78.400000,19.096000,0,0,3185891,1524,0,1524,-51,0,7,90
1,1120,78.400000,19.096000,0,0,3185905,1532,0,1532,-52,0,7,90
1,1120,78.400000,19.096000,0,0,3185918,1540,0,1540,-53,0,7,90
1,1120,78.400000,19.096000,0,0,3185932,1548,0,1548,-53,0,7,90
1,1120,78.400000,19.096000,0,0,3185946,1555,0,1555,-53,0,7,90
1,1120,78.400000,19.096000,0,0,3185959,1561,0,1561,-53,0,7,90
1,1120,78.400000,19.096000,0,0,3185973,1566,0,1566,-54,0,7,90
1,1120,78.400000,19.096000,0,0,3185986,1570,0,1570,-54,0,7,90
1,1120,78.400000,19.096000,0,0,3186000,1575,0,1575,-55,0,7,90
1,1120,78.400000,19.096000,0,0,3186013,1580,0,1580,-55,0,7,90
1,1120,78.400000,19.096000,0,0,3186026,1582,0,1582,-56,0,7,90
1,1120,78.400000,19.096000,0,0,3186039,1583,0,1583,-56,0,7,90
1,1120,78.400000,19.096000,0,0,3186052,1583,0,1583,-56,0,7,90
1,1120,78.400000,19.096000,0,0,3186066,1583,0,1583,-56,0,7,90
1,1120,78.400000,19.096000,0,0,3186079,1583,0,1583,-56,0,7,90
1,1120,78.400000,19.096000,0,0,3186092,1583,0,1583,-56,0,7,90
1,1120,78.400000,19.096000,0,0,3186106,1583,0,1583,-56,0,7,90
1,1120,78.400000,19.096000,0,0,3186119,1583,1,1583,-55,0,7,90
1,1120,78.400000,19.096000,0,0,3186134,1579,2,1579,-54,0,7,90
1,1120,78.400000,19.096000,0,0,3186147,1572,5,1572,-51,0,7,90
1,1120,78.400000,19.096000,0,0,3186160,1566,6,1566,-50,0,7,90
1,1120,78.400000,19.096000,0,0,3186174,1558,7,1558,-49,0,7,90
1,1120,78.400000,19.096000,0,0,3186188,1552,9,1552,-47,0,7,90
1,1120,78.400000,19.096000,0,0,3186201,1547,9,1547,-47,0,7,90
1,1120,78.400000,19.096000,0,0,3186215,1544,9,1544,-47,0,7,90
1,1120,78.400000,19.096000,0,0,3186228,1541,9,1541,-47,0,7,90
1,1120,78.400000,19.096000,0,0,3186242,1539,9,1539,-47,0,7,90
1,1120,78.400000,19.096000,0,0,3186255,1538,9,1538,-47,0,7,90
1,1120,78.400000,19.096000,0,0,3186268,1538,9,1538,-47,0,7,90
1,1120,78.400000,19.096000,0,0,3186281,1537,9,1537,-47,0,7,90
1,1120,78.400000,19.096000,0,0,3186293,1537,9,1537,-47,0,7,90
