1,1120,128.800000,66.864000,0,1,3346531,400,33,400,33,0,8,29
1,1120,128.800000,66.864000,0,1,3346532,400,33,400,33,0,8,29
1,1120,128.800000,66.864000,0,1,3346545,400,33,400,33,0,8,29
1,1120,128.800000,66.864000,0,1,3346558,400,33,400,33,0,8,29
1,1120,128.800000,66.864000,0,1,3346570,400,33,400,33,0,8,29
1,1120,128.800000,66.864000,0,1,3346583,400,33,400,33,0,8,29
1,1120,128.800000,66.864000,0,1,3346596,400,33,400,33,0,8,29
1,1120,128.800000,66.864000,0,1,3346609,400,33,400,33,0,8,29
1,1120,128.800000,66.864000,0,1,3346622,400,33,400,33,0,8,29
1,1120,128.800000,66.864000,0,1,3346636,402,33,402,33,0,8,29
1,1120,128.800000,66.864000,0,1,3346651,410,32,410,32,0,8,29
1,1120,128.800000,66.864000,0,1,3346664,428,32,428,32,0,8,29
1,1120,128.800000,66.864000,0,1,3346677,464,32,464,32,0,8,29
1,1120,128.800000,66.864000,0,1,3346691,516,32,516,32,0,8,29
1,1120,128.800000,66.864000,0,1,3346704,587,31,587,31,0,8,29
1,1120,128.800000,66.864000,0,1,3346718,668,29,668,29,0,8,29
1,1120,128.800000,66.864000,0,1,3346731,752,28,752,28,0,8,29
1,1120,128.800000,66.864000,0,1,3346746,842,25,842,25,0,8,29
1,1120,128.800000,66.864000,0,1,3346759,924,23,924,23,0,8,29
1,1120,128.800000,66.864000,0,1,3346773,993,22,993,22,0,8,29
1,1120,128.800000,66.864000,0,1,3346786,1055,21,1055,21,0,8,29
1,1120,128.800000,66.864000,0,1,3346800,1106,21,1106,21,0,8,29
1,1120,128.800000,66.864000,0,1,3346813,1149,21,1149,21,0,8,29
1,1120,128.800000,66.864000,0,1,3346826,1186,22,1186,22,0,8,29
1,1120,128.800000,66.864000,0,1,3346841,1220,23,1220,23,0,8,29
1,1120,128.800000,66.864000,0,1,3346854,1251,25,1251,25,0,8,29
1,1120,128.800000,66.864000,0,1,3346867,1274,27,1274,27,0,8,29
1,1120,128.800000,66.864000,0,1,3346881,1293,28,1293,28,0,8,29
1,1120,128.800000,66.864000,0,1,3346894,1307,29,1307,29,0,8,29
1,1120,128.800000,66.864000,0,1,3346908,1318,29,1318,29,0,8,29
1,1120,128.800000,66.864000,0,1,3346922,1328,30,1328,30,0,8,29
1,1120,128.800000,66.864000,0,1,3346937,1341,30,1341,30,0,8,29
1,1120,128.800000,66.864000,0,1,3346951,1355,30,1355,30,0,8,29
1,1120,128.800000,66.864000,0,1,3346964,1383,30,1383,30,0,8,29
1,1120,128.800000,66.864000,0,1,3346978,1395,30,1395,30,0,8,29
1,1120,128.800000,66.864000,0,1,3346991,1405,30,1405,30,0,8,29
1,1120,128.800000,66.864000,0,1,3347004,1417,30,1417,30,0,8,29
1,1120,128.800000,66.864000,0,1,3347018,1426,30,1426,30,0,8,29
1,1120,128.800000,66.864000,0,1,3347031,1434,29,1434,29,0,8,29
1,1120,128.800000,66.864000,0,1,3347044,1441,28,1441,28,0,8,29
1,1120,128.800000,66.864000,0,1,3347058,1446,28,1446,28,0,8,29
1,1120,128.800000,66.864000,0,1,3347071,1448,27,1448,27,0,8,29
1,1120,128.800000,66.864000,0,1,3347084,1448,27,1448,27,0,8,29
1,1120,128.800000,66.864000,0,1,3347097,1448,27,1448,27,0,8,29
1,1120,128.800000,66.864000,0,1,3347111,1448,27,1448,27,0,8,29
1,1120,128.800000,66.864000,0,1,3347125,1450,26,1450,26,0,8,29
1,1120,128.800000,66.864000,0,1,3347138,1455,25,1455,25,0,8,29
1,1120,128.800000,66.864000,0,1,3347152,1462,24,1462,24,0,8,29
1,1120,128.800000,66.864000,0,1,3347166,1471,21,1471,21,0,8,29
1,1120,128.800000,66.864000,0,1,3347179,1480,19,1480,19,0,8,29
1,1120,128.800000,66.864000,0,1,3347194,1487,17,1487,17,0,8,29
1,1120,128.800000,66.864000,0,1,3347207,1492,16,1492,16,0,8,29
1,1120,128.800000,66.864000,0,1,3347220,1494,15,1494,15,0,8,29
1,1120,128.800000,66.864000,0,1,3347233,1496,14,1496,14,0,8,29
1,1120,128.800000,66.864000,0,1,3347246,1497,13,1497,13,0,8,29
1,1120,128.800000,66.864000,0,1,3347259,1498,12,1498,12,0,8,29
1,1120,128.800000,66.864000,0,1,3347272,1500,11,1500,11,0,8,29
1,1120,128.800000,66.864000,0,1,3347284,1500,11,1500,11,0,8,29
