1,560,78.400000,19.096000,1,1,3342087,680,33,680,33,0,8,26
1,560,78.400000,19.096000,1,1,3342088,680,33,680,33,0,8,26
1,560,78.400000,19.096000,1,1,3342101,680,33,680,33,0,8,26
1,560,78.400000,19.096000,1,1,3342115,680,33,680,33,0,8,26
1,560,78.400000,19.096000,1,1,3342128,681,33,681,33,0,8,26
1,560,78.400000,19.096000,1,1,3342142,681,33,681,33,0,8,26
1,560,78.400000,19.096000,1,1,3342155,681,33,681,33,0,8,26
1,560,78.400000,19.096000,1,1,3342169,682,33,682,33,0,8,26
1,560,78.400000,19.096000,1,1,3342184,685,33,685,33,0,8,26
1,560,78.400000,19.096000,1,1,3342197,696,33,696,33,0,8,26
1,560,78.400000,19.096000,1,1,3342210,716,31,716,31,0,8,26
1,560,78.400000,19.096000,1,1,3342223,751,29,751,29,0,8,26
1,560,78.400000,19.096000,1,1,3342237,792,28,792,28,0,8,26
1,560,78.400000,19.096000,1,1,3342251,846,27,846,27,0,8,26
1,560,78.400000,19.096000,1,1,3342264,904,27,904,27,0,8,26
1,560,78.400000,19.096000,1,1,3342278,967,26,967,26,0,8,26
1,560,78.400000,19.096000,1,1,3342291,1016,24,1016,24,0,8,26
1,560,78.400000,19.096000,1,1,3342305,1059,21,1059,21,0,8,26
1,560,78.400000,19.096000,1,1,3342317,1101,18,1101,18,0,8,26
1,560,78.400000,19.096000,1,1,3342331,1134,14,1134,14,0,8,26
1,560,78.400000,19.096000,1,1,3342344,1160,11,1160,11,0,8,26
1,560,78.400000,19.096000,1,1,3342359,1179,9,1179,9,0,8,26
1,560,78.400000,19.096000,1,1,3342373,1196,7,1196,7,0,8,26
1,560,78.400000,19.096000,1,1,3342386,1207,7,1207,7,0,8,26
1,560,78.400000,19.096000,1,1,3342400,1215,6,1215,6,0,8,26
1,560,78.400000,19.096000,1,1,3342414,1223,6,1223,6,0,8,26
1,560,78.400000,19.096000,1,1,3342428,1230,6,1230,6,0,8,26
1,560,78.400000,19.096000,1,1,3342442,1237,6,1237,6,0,8,26
1,560,78.400000,19.096000,1,1,3342455,1244,5,1244,5,0,8,26
1,560,78.400000,19.096000,1,1,3342469,1251,4,1251,4,0,8,26
1,560,78.400000,19.096000,1,1,3342482,1258,3,1258,3,0,8,26
1,560,78.400000,19.096000,1,1,3342496,1264,3,1264,3,0,8,26
1,560,78.400000,19.096000,1,1,3342508,1268,2,1268,2,0,8,26
1,560,78.400000,19.096000,1,1,3342521,1271,1,1271,1,0,8,26
1,560,78.400000,19.096000,1,1,3342534,1272,1,1272,1,0,8,26
1,560,78.400000,19.096000,1,1,3342547,1273,1,1273,1,0,8,26
1,560,78.400000,19.096000,1,1,3342560,1273,1,1273,1,0,8,26
1,560,78.400000,19.096000,1,1,3342572,1273,1,1273,1,0,8,26
1,560,78.400000,19.096000,1,1,3342585,1273,1,1273,1,0,8,26
1,560,78.400000,19.096000,1,1,3342598,1273,1,1273,1,0,8,26
1,560,78.400000,19.096000,1,1,3342611,1273,1,1273,1,0,8,26
1,560,78.400000,19.096000,1,1,3342624,1273,1,1273,1,0,8,26
