1,560,128.800000,35.168000,1,1,3900710,680,33,680,33,0,9,109
1,560,128.800000,35.168000,1,1,3900711,680,33,680,33,0,9,109
1,560,128.800000,35.168000,1,1,3900724,680,33,680,33,0,9,109
1,560,128.800000,35.168000,1,1,3900737,680,33,680,33,0,9,109
1,560,128.800000,35.168000,1,1,3900750,680,33,680,33,0,9,109
1,560,128.800000,35.168000,1,1,3900763,680,33,680,33,0,9,109
1,560,128.800000,35.168000,1,1,3900776,680,33,680,33,0,9,109
1,560,128.800000,35.168000,1,1,3900789,680,33,680,33,0,9,109
1,560,128.800000,35.168000,1,1,3900802,681,33,681,33,0,9,109
1,560,128.800000,35.168000,1,1,3900815,687,32,687,32,0,9,109
1,560,128.800000,35.168000,1,1,3900829,706,30,706,30,0,9,109
1,560,128.800000,35.168000,1,1,3900842,741,27,741,27,0,9,109
1,560,128.800000,35.168000,1,1,3900856,811,22,811,22,0,9,109
1,560,128.800000,35.168000,1,1,3900869,876,18,876,18,0,9,109
1,560,128.800000,35.168000,1,1,3900883,967,12,967,12,0,9,109
1,560,128.800000,35.168000,1,1,3900896,1046,8,1046,8,0,9,109
1,560,128.800000,35.168000,1,1,3900910,1118,5,1118,5,0,9,109
1,560,128.800000,35.168000,1,1,3900924,1180,2,1180,2,0,9,109
1,560,128.800000,35.168000,1,1,3900938,1233,1,1233,1,0,9,109
1,560,128.800000,35.168000,1,1,3900951,1268,0,1268,0,0,9,109
1,560,128.800000,35.168000,1,1,3900964,1287,0,1287,-2,0,9,109
1,560,128.800000,35.168000,1,1,3900977,1298,0,1298,-2,0,9,109
1,560,128.800000,35.168000,1,1,3900990,1302,0,1302,-3,0,9,109
1,560,128.800000,35.168000,1,1,3901003,1303,0,1303,-3,0,9,109
1,560,128.800000,35.168000,1,1,3901016,1303,0,1303,-3,0,9,109
1,560,128.800000,35.168000,1,1,3901029,1303,0,1303,-3,0,9,109
1,560,128.800000,35.168000,1,1,3901042,1302,0,1302,-3,0,9,109
1,560,128.800000,35.168000,1,1,3901055,1302,0,1302,-3,0,9,109
1,560,128.800000,35.168000,1,1,3901068,1301,0,1301,-3,0,9,109
1,560,128.800000,35.168000,1,1,3901082,1300,0,1300,-3,0,9,109
1,560,128.800000,35.168000,1,1,3901096,1297,0,1297,-3,0,9,109
1,560,128.800000,35.168000,1,1,3901110,1292,0,1292,-4,0,9,109
1,560,128.800000,35.168000,1,1,3901124,1286,0,1286,-5,0,9,109
1,560,128.800000,35.168000,1,1,3901138,1280,0,1280,-5,0,9,109
1,560,128.800000,35.168000,1,1,3901151,1275,0,1275,-5,0,9,109
1,560,128.800000,35.168000,1,1,3901165,1270,0,1270,-5,0,9,109
1,560,128.800000,35.168000,1,1,3901178,1268,0,1268,-5,0,9,109
1,560,128.800000,35.168000,1,1,3901191,1267,0,1267,-5,0,9,109
1,560,128.800000,35.168000,1,1,3901204,1267,0,1267,-5,0,9,109
1,560,128.800000,35.168000,1,1,3901217,1266,1,1266,-4,0,9,109
1,560,128.800000,35.168000,1,1,3901230,1265,2,1265,-3,0,9,109
1,560,128.800000,35.168000,1,1,3901244,1263,3,1263,-2,0,9,109
1,560,128.800000,35.168000,1,1,3901258,1262,4,1262,-1,0,9,109
1,560,128.800000,35.168000,1,1,3901271,1261,5,1261,0,0,9,109
1,560,128.800000,35.168000,1,1,3901284,1261,5,1261,0,0,9,109
1,560,128.800000,35.168000,1,1,3901298,1261,5,1261,0,0,9,109
1,560,128.800000,35.168000,1,1,3901311,1261,5,1261,0,0,9,109
1,560,128.800000,35.168000,1,1,3901324,1261,5,1261,0,0,9,109
1,560,128.800000,35.168000,1,1,3901338,1261,5,1261,0,0,9,109
1,560,128.800000,35.168000,1,1,3901351,1261,5,1261,0,0,9,109
1,560,128.800000,35.168000,1,1,3901365,1261,5,1261,0,0,9,109
1,560,128.800000,35.168000,1,1,3901378,1261,5,1261,0,0,9,109
1,560,128.800000,35.168000,1,1,3901390,1261,5,1261,0,0,9,109
