4,350,21.600000,10000.000000,1,0,28141285,785,0,785,0,0,0,55
4,350,21.600000,10000.000000,1,0,28141287,785,0,785,0,0,0,55
4,350,21.600000,10000.000000,1,0,28141297,785,0,785,0,0,0,55
4,350,21.600000,10000.000000,1,0,28141308,785,0,785,0,0,0,55
4,350,21.600000,10000.000000,1,0,28141317,785,0,785,0,0,0,55
4,350,21.600000,10000.000000,1,0,28141327,785,0,785,0,0,0,55
4,350,21.600000,10000.000000,1,0,28141338,785,0,785,0,0,0,55
4,350,21.600000,10000.000000,1,0,28141348,786,0,786,0,0,0,55
4,350,21.600000,10000.000000,1,0,28141359,792,0,792,0,0,0,55
4,350,21.600000,10000.000000,1,0,28141369,803,0,803,-2,0,0,55
4,350,21.600000,10000.000000,1,0,28141381,823,0,823,-5,0,0,55
4,350,21.600000,10000.000000,1,0,28141392,863,0,863,-10,0,0,55
4,350,21.600000,10000.000000,1,0,28141405,911,0,911,-15,0,0,55
4,350,21.600000,10000.000000,1,0,28141417,975,0,975,-21,0,0,55
4,350,21.600000,10000.000000,1,0,28141427,1031,0,1031,-25,0,0,55
4,350,21.600000,10000.000000,1,0,28141438,1087,0,1087,-29,0,0,55
4,350,21.600000,10000.000000,1,0,28141448,1137,0,1137,-33,0,0,55
4,350,21.600000,10000.000000,1,0,28141460,1174,0,1174,-36,0,0,55
4,350,21.600000,10000.000000,1,0,28141472,1200,0,1200,-39,0,0,55
4,350,21.600000,10000.000000,1,0,28141482,1213,0,1213,-41,0,0,55
4,350,21.600000,10000.000000,1,0,28141492,1216,0,1216,-42,0,0,55
4,350,21.600000,10000.000000,1,0,28141501,1216,0,1216,-42,0,0,55
4,350,21.600000,10000.000000,1,0,28141511,1216,0,1216,-42,0,0,55
4,350,21.600000,10000.000000,1,0,28141521,1215,0,1215,-42,0,0,55
4,350,21.600000,10000.000000,1,0,28141531,1212,0,1212,-42,0,0,55
4,350,21.600000,10000.000000,1,0,28141541,1210,0,1210,-42,0,0,55
4,350,21.600000,10000.000000,1,0,28141550,1210,0,1210,-42,0,0,55
4,350,21.600000,10000.000000,1,0,28141560,1210,0,1210,-42,0,0,55
4,350,21.600000,10000.000000,1,0,28141571,1209,0,1209,-42,0,0,55
4,350,21.600000,10000.000000,1,0,28141580,1209,0,1209,-42,0,0,55
4,350,21.600000,10000.000000,1,0,28141590,1209,0,1209,-42,0,0,55
4,350,21.600000,10000.000000,1,0,28141600,1209,0,1209,-42,0,0,55
4,350,21.600000,10000.000000,1,0,28141610,1208,0,1208,-42,0,0,55
4,350,21.600000,10000.000000,1,0,28141620,1207,0,1207,-42,0,0,55
4,350,21.600000,10000.000000,1,0,28141629,1206,0,1206,-42,0,0,55
4,350,21.600000,10000.000000,1,0,28141639,1205,0,1205,-42,0,0,55
4,350,21.600000,10000.000000,1,0,28141649,1202,0,1202,-42,0,0,55
4,350,21.600000,10000.000000,1,0,28141659,1196,0,1196,-42,0,0,55
4,350,21.600000,10000.000000,1,0,28141670,1187,0,1187,-42,0,0,55
4,350,21.600000,10000.000000,1,0,28141681,1178,1,1178,-41,0,0,55
4,350,21.600000,10000.000000,1,0,28141692,1168,1,1168,-41,0,0,55
4,350,21.600000,10000.000000,1,0,28141702,1162,1,1162,-41,0,0,55
4,350,21.600000,10000.000000,1,0,28141712,1159,1,1159,-41,0,0,55
4,350,21.600000,10000.000000,1,0,28141722,1158,1,1158,-41,0,0,55
4,350,21.600000,10000.000000,1,0,28141733,1158,1,1158,-41,0,0,55
4,350,21.600000,10000.000000,1,0,28141743,1158,1,1158,-41,0,0,55
4,350,21.600000,10000.000000,1,0,28141755,1157,1,1157,-41,0,0,55
4,350,21.600000,10000.000000,1,0,28141765,1154,2,1154,-40,0,0,55
4,350,21.600000,10000.000000,1,0,28141776,1150,2,1150,-40,0,0,55
4,350,21.600000,10000.000000,1,0,28141785,1147,2,1147,-40,0,0,55
4,350,21.600000,10000.000000,1,0,28141794,1146,2,1146,-40,0,0,55
4,350,21.600000,10000.000000,1,0,28141804,1146,2,1146,-40,0,0,55
4,350,21.600000,10000.000000,1,0,28141814,1146,2,1146,-40,0,0,55
4,350,21.600000,10000.000000,1,0,28141824,1146,2,1146,-40,0,0,55
4,350,21.600000,10000.000000,1,0,28141833,1146,2,1146,-40,0,0,55
4,350,21.600000,10000.000000,1,0,28141843,1146,2,1146,-40,0,0,55
4,350,21.600000,10000.000000,1,0,28141852,1146,2,1146,-40,0,0,55
4,350,21.600000,10000.000000,1,0,28141863,1146,2,1146,-40,0,0,55
4,350,21.600000,10000.000000,1,0,28141873,1146,2,1146,-40,0,0,55
4,350,21.600000,10000.000000,1,0,28141882,1146,2,1146,-40,0,0,55
4,350,21.600000,10000.000000,1,0,28141892,1146,2,1146,-40,0,0,55
4,350,21.600000,10000.000000,1,0,28141902,1146,2,1146,-40,0,0,55
4,350,21.600000,10000.000000,1,0,28141912,1146,2,1146,-40,0,0,55
4,350,21.600000,10000.000000,1,0,28141922,1146,2,1146,-40,0,0,55
4,350,21.600000,10000.000000,1,0,28141931,1146,2,1146,-40,0,0,55
4,350,21.600000,10000.000000,1,0,28141942,1146,2,1146,-40,0,0,55
4,350,21.600000,10000.000000,1,0,28141951,1146,2,1146,-40,0,0,55
4,350,21.600000,10000.000000,1,0,28141961,1146,2,1146,-40,0,0,55
4,350,21.600000,10000.000000,1,0,28141972,1146,2,1146,-40,0,0,55
4,350,21.600000,10000.000000,1,0,28141982,1146,2,1146,-40,0,0,55
4,350,21.600000,10000.000000,1,0,28141992,1146,2,1146,-40,0,0,55
