4,700,50.400000,0.000000,1,0,28354746,610,0,610,0,0,1,94
4,700,50.400000,0.000000,1,0,28354747,610,0,610,0,0,1,94
4,700,50.400000,0.000000,1,0,28354759,610,0,610,0,0,1,94
4,700,50.400000,0.000000,1,0,28354770,610,0,610,0,0,1,94
4,700,50.400000,0.000000,1,0,28354781,610,0,610,0,0,1,94
4,700,50.400000,0.000000,1,0,28354792,610,0,610,0,0,1,94
4,700,50.400000,0.000000,1,0,28354803,610,0,610,0,0,1,94
4,700,50.400000,0.000000,1,0,28354814,611,0,611,0,0,1,94
4,700,50.400000,0.000000,1,0,28354825,614,0,614,0,0,1,94
4,700,50.400000,0.000000,1,0,28354836,620,0,620,0,0,1,94
4,700,50.400000,0.000000,1,0,28354850,634,0,634,-1,0,1,94
4,700,50.400000,0.000000,1,0,28354861,668,0,668,-2,0,1,94
4,700,50.400000,0.000000,1,0,28354873,709,0,709,-2,0,1,94
4,700,50.400000,0.000000,1,0,28354885,764,0,764,-2,0,1,94
4,700,50.400000,0.000000,1,0,28354896,833,0,833,-2,0,1,94
4,700,50.400000,0.000000,1,0,28354909,910,0,910,-2,0,1,94
4,700,50.400000,0.000000,1,0,28354920,1009,0,1009,-3,0,1,94
4,700,50.400000,0.000000,1,0,28354931,1089,0,1089,-5,0,1,94
4,700,50.400000,0.000000,1,0,28354943,1161,0,1161,-7,0,1,94
4,700,50.400000,0.000000,1,0,28354954,1227,0,1227,-8,0,1,94
4,700,50.400000,0.000000,1,0,28354965,1269,0,1269,-10,0,1,94
4,700,50.400000,0.000000,1,0,28354976,1300,0,1300,-12,0,1,94
4,700,50.400000,0.000000,1,0,28354987,1316,0,1316,-14,0,1,94
4,700,50.400000,0.000000,1,0,28354998,1320,0,1320,-15,0,1,94
4,700,50.400000,0.000000,1,0,28355009,1320,0,1320,-16,0,1,94
4,700,50.400000,0.000000,1,0,28355021,1318,0,1318,-16,0,1,94
4,700,50.400000,0.000000,1,0,28355031,1316,0,1316,-17,0,1,94
4,700,50.400000,0.000000,1,0,28355043,1315,0,1315,-17,0,1,94
4,700,50.400000,0.000000,1,0,28355054,1315,0,1315,-17,0,1,94
4,700,50.400000,0.000000,1,0,28355066,1315,0,1315,-17,0,1,94
4,700,50.400000,0.000000,1,0,28355077,1315,0,1315,-17,0,1,94
4,700,50.400000,0.000000,1,0,28355088,1315,0,1315,-17,0,1,94
4,700,50.400000,0.000000,1,0,28355099,1315,0,1315,-17,0,1,94
4,700,50.400000,0.000000,1,0,28355110,1314,0,1314,-17,0,1,94
4,700,50.400000,0.000000,1,0,28355122,1313,0,1313,-17,0,1,94
4,700,50.400000,0.000000,1,0,28355134,1312,0,1312,-17,0,1,94
4,700,50.400000,0.000000,1,0,28355147,1312,0,1312,-17,0,1,94
4,700,50.400000,0.000000,1,0,28355158,1312,0,1312,-17,0,1,94
4,700,50.400000,0.000000,1,0,28355170,1312,0,1312,-17,0,1,94
4,700,50.400000,0.000000,1,0,28355181,1312,0,1312,-17,0,1,94
4,700,50.400000,0.000000,1,0,28355192,1312,0,1312,-17,0,1,94
4,700,50.400000,0.000000,1,0,28355204,1312,0,1312,-17,0,1,94
4,700,50.400000,0.000000,1,0,28355215,1312,0,1312,-17,0,1,94
4,700,50.400000,0.000000,1,0,28355227,1312,0,1312,-17,0,1,94
4,700,50.400000,0.000000,1,0,28355238,1312,0,1312,-17,0,1,94
4,700,50.400000,0.000000,1,0,28355248,1312,0,1312,-17,0,1,94
