4,700,21.600000,42.984000,0,0,28452849,610,0,610,0,0,2,53
4,700,21.600000,42.984000,0,0,28452850,610,0,610,0,0,2,53
4,700,21.600000,42.984000,0,0,28452861,610,0,610,0,0,2,53
4,700,21.600000,42.984000,0,0,28452872,610,0,610,0,0,2,53
4,700,21.600000,42.984000,0,0,28452883,610,0,610,0,0,2,53
4,700,21.600000,42.984000,0,0,28452895,610,0,610,0,0,2,53
4,700,21.600000,42.984000,0,0,28452906,612,0,612,0,0,2,53
4,700,21.600000,42.984000,0,0,28452918,617,0,617,0,0,2,53
4,700,21.600000,42.984000,0,0,28452930,631,0,631,-1,0,2,53
4,700,21.600000,42.984000,0,0,28452941,652,0,652,-1,0,2,53
4,700,21.600000,42.984000,0,0,28452952,693,0,693,-2,0,2,53
4,700,21.600000,42.984000,0,0,28452963,745,0,745,-2,0,2,53
4,700,21.600000,42.984000,0,0,28452975,798,0,798,-2,0,2,53
4,700,21.600000,42.984000,0,0,28452986,868,0,868,-3,0,2,53
4,700,21.600000,42.984000,0,0,28452997,936,0,936,-5,0,2,53
4,700,21.600000,42.984000,0,0,28453008,1005,0,1005,-6,0,2,53
4,700,21.600000,42.984000,0,0,28453020,1074,0,1074,-8,0,2,53
4,700,21.600000,42.984000,0,0,28453030,1140,0,1140,-11,0,2,53
4,700,21.600000,42.984000,0,0,28453042,1192,0,1192,-14,0,2,53
4,700,21.600000,42.984000,0,0,28453053,1240,0,1240,-16,0,2,53
4,700,21.600000,42.984000,0,0,28453065,1273,0,1273,-17,0,2,53
4,700,21.600000,42.984000,0,0,28453075,1302,0,1302,-18,0,2,53
4,700,21.600000,42.984000,0,0,28453086,1316,0,1316,-18,0,2,53
4,700,21.600000,42.984000,0,0,28453097,1320,0,1320,-18,0,2,53
4,700,21.600000,42.984000,0,0,28453109,1324,0,1324,-18,0,2,53
4,700,21.600000,42.984000,0,0,28453119,1322,0,1322,-18,0,2,53
4,700,21.600000,42.984000,0,0,28453130,1320,0,1320,-18,0,2,53
4,700,21.600000,42.984000,0,0,28453140,1319,0,1319,-18,0,2,53
4,700,21.600000,42.984000,0,0,28453152,1318,0,1318,-18,0,2,53
4,700,21.600000,42.984000,0,0,28453163,1318,0,1318,-18,0,2,53
4,700,21.600000,42.984000,0,0,28453174,1318,0,1318,-18,0,2,53
4,700,21.600000,42.984000,0,0,28453185,1318,0,1318,-18,0,2,53
4,700,21.600000,42.984000,0,0,28453195,1318,0,1318,-18,0,2,53
4,700,21.600000,42.984000,0,0,28453205,1318,0,1318,-18,0,2,53
4,700,21.600000,42.984000,0,0,28453216,1318,0,1318,-18,0,2,53
4,700,21.600000,42.984000,0,0,28453226,1318,0,1318,-18,0,2,53
4,700,21.600000,42.984000,0,0,28453235,1318,0,1318,-18,0,2,53
4,700,21.600000,42.984000,0,0,28453246,1318,0,1318,-18,0,2,53
4,700,21.600000,42.984000,0,0,28453256,1318,0,1318,-18,0,2,53
4,700,21.600000,42.984000,0,0,28453267,1318,0,1318,-18,0,2,53
4,700,21.600000,42.984000,0,0,28453278,1318,0,1318,-18,0,2,53
4,700,21.600000,42.984000,0,0,28453287,1318,0,1318,-18,0,2,53
4,700,21.600000,42.984000,0,0,28453298,1318,0,1318,-18,0,2,53
4,700,21.600000,42.984000,0,0,28453310,1317,0,1317,-18,0,2,53
4,700,21.600000,42.984000,0,0,28453320,1316,0,1316,-18,0,2,53
4,700,21.600000,42.984000,0,0,28453331,1316,0,1316,-18,0,2,53
4,700,21.600000,42.984000,0,0,28453342,1316,0,1316,-18,0,2,53
4,700,21.600000,42.984000,0,0,28453352,1316,0,1316,-18,0,2,53
4,700,21.600000,42.984000,0,0,28453361,1316,0,1316,-18,0,2,53
