4,350,82.800000,42.984000,1,0,28544870,785,0,785,0,0,3,5
4,350,82.800000,42.984000,1,0,28544871,785,0,785,0,0,3,5
4,350,82.800000,42.984000,1,0,28544881,785,0,785,0,0,3,5
4,350,82.800000,42.984000,1,0,28544891,786,0,786,0,0,3,5
4,350,82.800000,42.984000,1,0,28544902,789,0,789,0,0,3,5
4,350,82.800000,42.984000,1,0,28544913,794,0,794,0,0,3,5
4,350,82.800000,42.984000,1,0,28544923,803,0,803,0,0,3,5
4,350,82.800000,42.984000,1,0,28544934,816,0,816,0,0,3,5
4,350,82.800000,42.984000,1,0,28544945,837,0,837,-1,0,3,5
4,350,82.800000,42.984000,1,0,28544955,868,0,868,-1,0,3,5
4,350,82.800000,42.984000,1,0,28544966,907,0,907,-2,0,3,5
4,350,82.800000,42.984000,1,0,28544977,945,0,945,-2,0,3,5
4,350,82.800000,42.984000,1,0,28544987,995,0,995,-2,0,3,5
4,350,82.800000,42.984000,1,0,28544999,1037,0,1037,-2,0,3,5
4,350,82.800000,42.984000,1,0,28545010,1078,0,1078,-3,0,3,5
4,350,82.800000,42.984000,1,0,28545020,1113,0,1113,-5,0,3,5
4,350,82.800000,42.984000,1,0,28545031,1140,0,1140,-7,0,3,5
4,350,82.800000,42.984000,1,0,28545042,1156,0,1156,-9,0,3,5
4,350,82.800000,42.984000,1,0,28545053,1159,0,1159,-10,0,3,5
4,350,82.800000,42.984000,1,0,28545066,1159,0,1159,-11,0,3,5
4,350,82.800000,42.984000,1,0,28545077,1156,0,1156,-12,0,3,5
4,350,82.800000,42.984000,1,0,28545087,1155,0,1155,-12,0,3,5
4,350,82.800000,42.984000,1,0,28545098,1154,0,1154,-12,0,3,5
4,350,82.800000,42.984000,1,0,28545109,1154,0,1154,-12,0,3,5
4,350,82.800000,42.984000,1,0,28545119,1154,0,1154,-12,0,3,5
4,350,82.800000,42.984000,1,0,28545129,1155,0,1155,-12,0,3,5
4,350,82.800000,42.984000,1,0,28545140,1155,0,1155,-12,0,3,5
4,350,82.800000,42.984000,1,0,28545151,1155,0,1155,-12,0,3,5
4,350,82.800000,42.984000,1,0,28545161,1155,0,1155,-12,0,3,5
4,350,82.800000,42.984000,1,0,28545173,1154,0,1154,-12,0,3,5
4,350,82.800000,42.984000,1,0,28545183,1153,0,1153,-12,0,3,5
4,350,82.800000,42.984000,1,0,28545194,1152,0,1152,-12,0,3,5
4,350,82.800000,42.984000,1,0,28545205,1152,0,1152,-12,0,3,5
4,350,82.800000,42.984000,1,0,28545216,1152,0,1152,-12,0,3,5
4,350,82.800000,42.984000,1,0,28545228,1152,0,1152,-12,0,3,5
4,350,82.800000,42.984000,1,0,28545240,1152,0,1152,-12,0,3,5
4,350,82.800000,42.984000,1,0,28545251,1152,0,1152,-12,0,3,5
4,350,82.800000,42.984000,1,0,28545261,1152,0,1152,-12,0,3,5
