4,350,21.600000,12.276000,1,0,28595789,785,0,785,0,0,3,43
4,350,21.600000,12.276000,1,0,28595790,785,0,785,0,0,3,43
4,350,21.600000,12.276000,1,0,28595800,785,0,785,0,0,3,43
4,350,21.600000,12.276000,1,0,28595810,785,0,785,0,0,3,43
4,350,21.600000,12.276000,1,0,28595821,785,0,785,0,0,3,43
4,350,21.600000,12.276000,1,0,28595831,785,0,785,0,0,3,43
4,350,21.600000,12.276000,1,0,28595841,785,0,785,0,0,3,43
4,350,21.600000,12.276000,1,0,28595852,789,0,789,0,0,3,43
4,350,21.600000,12.276000,1,0,28595862,798,0,798,0,0,3,43
4,350,21.600000,12.276000,1,0,28595873,816,0,816,0,0,3,43
4,350,21.600000,12.276000,1,0,28595885,848,0,848,-1,0,3,43
4,350,21.600000,12.276000,1,0,28595897,886,0,886,-1,0,3,43
4,350,21.600000,12.276000,1,0,28595909,929,0,929,-1,0,3,43
4,350,21.600000,12.276000,1,0,28595920,966,0,966,-1,0,3,43
4,350,21.600000,12.276000,1,0,28595930,999,0,999,-1,0,3,43
4,350,21.600000,12.276000,1,0,28595942,1031,0,1031,-1,0,3,43
4,350,21.600000,12.276000,1,0,28595954,1059,0,1059,-1,0,3,43
4,350,21.600000,12.276000,1,0,28595965,1083,0,1083,-2,0,3,43
4,350,21.600000,12.276000,1,0,28595976,1098,0,1098,-2,0,3,43
4,350,21.600000,12.276000,1,0,28595987,1102,0,1102,-2,0,3,43
4,350,21.600000,12.276000,1,0,28595997,1106,0,1106,-2,0,3,43
4,350,21.600000,12.276000,1,0,28596008,1106,0,1106,-2,0,3,43
4,350,21.600000,12.276000,1,0,28596020,1105,0,1105,-2,0,3,43
4,350,21.600000,12.276000,1,0,28596030,1104,0,1104,-2,0,3,43
4,350,21.600000,12.276000,1,0,28596041,1104,0,1104,-2,0,3,43
4,350,21.600000,12.276000,1,0,28596050,1104,0,1104,-2,0,3,43
4,350,21.600000,12.276000,1,0,28596061,1104,0,1104,-2,0,3,43
4,350,21.600000,12.276000,1,0,28596071,1104,0,1104,-2,0,3,43
4,350,21.600000,12.276000,1,0,28596082,1104,0,1104,-2,0,3,43
4,350,21.600000,12.276000,1,0,28596093,1104,0,1104,-2,0,3,43
4,350,21.600000,12.276000,1,0,28596103,1104,0,1104,-2,0,3,43
4,350,21.600000,12.276000,1,0,28596113,1103,0,1103,-2,0,3,43
4,350,21.600000,12.276000,1,0,28596124,1103,0,1103,-2,0,3,43
4,350,21.600000,12.276000,1,0,28596135,1103,0,1103,-2,0,3,43
4,350,21.600000,12.276000,1,0,28596145,1103,0,1103,-2,0,3,43
4,350,21.600000,12.276000,1,0,28596155,1103,0,1103,-2,0,3,43
4,350,21.600000,12.276000,1,0,28596167,1105,0,1105,-2,0,3,43
4,350,21.600000,12.276000,1,0,28596177,1108,0,1108,-2,0,3,43
4,350,21.600000,12.276000,1,0,28596189,1113,0,1113,-2,0,3,43
4,350,21.600000,12.276000,1,0,28596201,1119,0,1119,-3,0,3,43
4,350,21.600000,12.276000,1,0,28596213,1127,0,1127,-4,0,3,43
4,350,21.600000,12.276000,1,0,28596224,1133,0,1133,-4,0,3,43
4,350,21.600000,12.276000,1,0,28596235,1136,0,1136,-4,0,3,43
4,350,21.600000,12.276000,1,0,28596245,1136,0,1136,-4,0,3,43
4,350,21.600000,12.276000,1,0,28596256,1136,0,1136,-4,0,3,43
4,350,21.600000,12.276000,1,0,28596267,1136,0,1136,-4,0,3,43
4,350,21.600000,12.276000,1,0,28596277,1136,0,1136,-4,0,3,43
4,350,21.600000,12.276000,1,0,28596288,1136,0,1136,-4,0,3,43
4,350,21.600000,12.276000,1,0,28596298,1136,0,1136,-4,0,3,43
4,350,21.600000,12.276000,1,0,28596308,1136,0,1136,-4,0,3,43
4,350,21.600000,12.276000,1,0,28596319,1136,0,1136,-4,0,3,43
4,350,21.600000,12.276000,1,0,28596329,1136,0,1136,-4,0,3,43
4,350,21.600000,12.276000,1,0,28596339,1136,0,1136,-4,0,3,43
4,350,21.600000,12.276000,1,0,28596350,1136,0,1136,-4,0,3,43
4,350,21.600000,12.276000,1,0,28596361,1136,0,1136,-4,0,3,43
4,350,21.600000,12.276000,1,0,28596370,1136,0,1136,-4,0,3,43
4,350,21.600000,12.276000,1,0,28596380,1136,0,1136,-4,0,3,43
4,350,21.600000,12.276000,1,0,28596391,1136,0,1136,-4,0,3,43
4,350,21.600000,12.276000,1,0,28596401,1136,0,1136,-4,0,3,43
4,350,21.600000,12.276000,1,0,28596412,1136,0,1136,-4,0,3,43
4,350,21.600000,12.276000,1,0,28596422,1136,0,1136,-4,0,3,43
4,350,21.600000,12.276000,1,0,28596432,1136,0,1136,-4,0,3,43
