4,700,50.400000,22.608000,0,0,28791942,610,0,610,0,0,4,75
4,700,50.400000,22.608000,0,0,28791943,610,0,610,0,0,4,75
4,700,50.400000,22.608000,0,0,28791954,610,0,610,0,0,4,75
4,700,50.400000,22.608000,0,0,28791964,610,0,610,0,0,4,75
4,700,50.400000,22.608000,0,0,28791975,611,0,611,0,0,4,75
4,700,50.400000,22.608000,0,0,28791986,613,0,613,0,0,4,75
4,700,50.400000,22.608000,0,0,28791999,618,0,618,-1,0,4,75
4,700,50.400000,22.608000,0,0,28792010,629,0,629,-2,0,4,75
4,700,50.400000,22.608000,0,0,28792022,647,0,647,-4,0,4,75
4,700,50.400000,22.608000,0,0,28792033,683,0,683,-6,0,4,75
4,700,50.400000,22.608000,0,0,28792044,731,0,731,-6,0,4,75
4,700,50.400000,22.608000,0,0,28792055,793,0,793,-7,0,4,75
4,700,50.400000,22.608000,0,0,28792067,862,0,862,-8,0,4,75
4,700,50.400000,22.608000,0,0,28792078,933,0,933,-8,0,4,75
4,700,50.400000,22.608000,0,0,28792090,1010,0,1010,-9,0,4,75
4,700,50.400000,22.608000,0,0,28792102,1084,0,1084,-10,0,4,75
4,700,50.400000,22.608000,0,0,28792114,1154,0,1154,-12,0,4,75
4,700,50.400000,22.608000,0,0,28792125,1222,0,1222,-14,0,4,75
4,700,50.400000,22.608000,0,0,28792136,1271,0,1271,-15,0,4,75
4,700,50.400000,22.608000,0,0,28792147,1301,0,1301,-16,0,4,75
4,700,50.400000,22.608000,0,0,28792157,1312,0,1312,-16,0,4,75
4,700,50.400000,22.608000,0,0,28792168,1313,0,1313,-16,0,4,75
4,700,50.400000,22.608000,0,0,28792178,1311,0,1311,-16,0,4,75
4,700,50.400000,22.608000,0,0,28792188,1309,0,1309,-16,0,4,75
4,700,50.400000,22.608000,0,0,28792198,1307,0,1307,-16,0,4,75
4,700,50.400000,22.608000,0,0,28792209,1306,0,1306,-16,0,4,75
4,700,50.400000,22.608000,0,0,28792219,1306,0,1306,-16,0,4,75
4,700,50.400000,22.608000,0,0,28792229,1306,0,1306,-16,0,4,75
4,700,50.400000,22.608000,0,0,28792239,1306,0,1306,-16,0,4,75
4,700,50.400000,22.608000,0,0,28792251,1306,0,1306,-16,0,4,75
4,700,50.400000,22.608000,0,0,28792260,1305,0,1305,-16,0,4,75
4,700,50.400000,22.608000,0,0,28792270,1305,0,1305,-16,0,4,75
4,700,50.400000,22.608000,0,0,28792282,1305,0,1305,-16,0,4,75
4,700,50.400000,22.608000,0,0,28792292,1305,0,1305,-16,0,4,75
4,700,50.400000,22.608000,0,0,28792303,1305,0,1305,-16,0,4,75
4,700,50.400000,22.608000,0,0,28792314,1305,0,1305,-16,0,4,75
4,700,50.400000,22.608000,0,0,28792325,1305,0,1305,-16,0,4,75
4,700,50.400000,22.608000,0,0,28792335,1305,0,1305,-16,0,4,75
4,700,50.400000,22.608000,0,0,28792345,1305,0,1305,-16,0,4,75
4,700,50.400000,22.608000,0,0,28792357,1305,0,1305,-16,0,4,75
4,700,50.400000,22.608000,0,0,28792368,1305,0,1305,-16,0,4,75
4,700,50.400000,22.608000,0,0,28792377,1305,0,1305,-16,0,4,75
