4,350,21.600000,22.608000,0,1,28814638,785,22,785,22,0,4,92
4,350,21.600000,22.608000,0,1,28814638,785,22,785,22,0,4,92
4,350,21.600000,22.608000,0,1,28814649,785,22,785,22,0,4,92
4,350,21.600000,22.608000,0,1,28814660,785,22,785,22,0,4,92
4,350,21.600000,22.608000,0,1,28814671,785,22,785,22,0,4,92
4,350,21.600000,22.608000,0,1,28814681,785,22,785,22,0,4,92
4,350,21.600000,22.608000,0,1,28814693,786,22,786,22,0,4,92
4,350,21.600000,22.608000,0,1,28814704,790,22,790,22,0,4,92
4,350,21.600000,22.608000,0,1,28814715,800,22,800,22,0,4,92
4,350,21.600000,22.608000,0,1,28814727,818,21,818,21,0,4,92
4,350,21.600000,22.608000,0,1,28814739,854,19,854,19,0,4,92
4,350,21.600000,22.608000,0,1,28814752,910,18,910,18,0,4,92
4,350,21.600000,22.608000,0,1,28814764,972,17,972,17,0,4,92
4,350,21.600000,22.608000,0,1,28814777,1034,15,1034,15,0,4,92
4,350,21.600000,22.608000,0,1,28814787,1088,14,1088,14,0,4,92
4,350,21.600000,22.608000,0,1,28814798,1129,13,1129,13,0,4,92
4,350,21.600000,22.608000,0,1,28814811,1155,13,1155,13,0,4,92
4,350,21.600000,22.608000,0,1,28814821,1167,13,1167,13,0,4,92
4,350,21.600000,22.608000,0,1,28814831,1168,12,1168,12,0,4,92
4,350,21.600000,22.608000,0,1,28814842,1168,12,1168,12,0,4,92
4,350,21.600000,22.608000,0,1,28814852,1167,12,1167,12,0,4,92
4,350,21.600000,22.608000,0,1,28814863,1165,12,1165,12,0,4,92
4,350,21.600000,22.608000,0,1,28814873,1163,12,1163,12,0,4,92
4,350,21.600000,22.608000,0,1,28814885,1162,12,1162,12,0,4,92
4,350,21.600000,22.608000,0,1,28814895,1162,12,1162,12,0,4,92
4,350,21.600000,22.608000,0,1,28814905,1162,12,1162,12,0,4,92
4,350,21.600000,22.608000,0,1,28814916,1162,12,1162,12,0,4,92
4,350,21.600000,22.608000,0,1,28814927,1162,12,1162,12,0,4,92
4,350,21.600000,22.608000,0,1,28814938,1162,12,1162,12,0,4,92
4,350,21.600000,22.608000,0,1,28814949,1162,12,1162,12,0,4,92
4,350,21.600000,22.608000,0,1,28814960,1162,12,1162,12,0,4,92
4,350,21.600000,22.608000,0,1,28814971,1162,12,1162,12,0,4,92
4,350,21.600000,22.608000,0,1,28814981,1162,12,1162,12,0,4,92
4,350,21.600000,22.608000,0,1,28814991,1162,12,1162,12,0,4,92
4,350,21.600000,22.608000,0,1,28815002,1161,12,1161,12,0,4,92
4,350,21.600000,22.608000,0,1,28815013,1159,12,1159,12,0,4,92
4,350,21.600000,22.608000,0,1,28815025,1157,12,1157,12,0,4,92
4,350,21.600000,22.608000,0,1,28815035,1156,12,1156,12,0,4,92
4,350,21.600000,22.608000,0,1,28815045,1156,12,1156,12,0,4,92
4,350,21.600000,22.608000,0,1,28815056,1156,12,1156,12,0,4,92
4,350,21.600000,22.608000,0,1,28815067,1156,12,1156,12,0,4,92
4,350,21.600000,22.608000,0,1,28815078,1156,12,1156,12,0,4,92
4,350,21.600000,22.608000,0,1,28815088,1153,12,1153,12,0,4,92
4,350,21.600000,22.608000,0,1,28815101,1148,12,1148,12,0,4,92
4,350,21.600000,22.608000,0,1,28815111,1139,12,1139,12,0,4,92
4,350,21.600000,22.608000,0,1,28815121,1134,12,1134,12,0,4,92
4,350,21.600000,22.608000,0,1,28815132,1133,12,1133,12,0,4,92
4,350,21.600000,22.608000,0,1,28815142,1133,12,1133,12,0,4,92
4,350,21.600000,22.608000,0,1,28815153,1133,12,1133,12,0,4,92
4,350,21.600000,22.608000,0,1,28815163,1133,12,1133,12,0,4,92
4,350,21.600000,22.608000,0,1,28815174,1134,12,1134,12,0,4,92
4,350,21.600000,22.608000,0,1,28815186,1135,12,1135,12,0,4,92
4,350,21.600000,22.608000,0,1,28815196,1136,12,1136,12,0,4,92
4,350,21.600000,22.608000,0,1,28815207,1136,12,1136,12,0,4,92
