4,700,21.600000,42.984000,0,1,28888365,610,22,610,22,0,5,33
4,700,21.600000,42.984000,0,1,28888366,610,22,610,22,0,5,33
4,700,21.600000,42.984000,0,1,28888377,610,22,610,22,0,5,33
4,700,21.600000,42.984000,0,1,28888388,610,22,610,22,0,5,33
4,700,21.600000,42.984000,0,1,28888398,610,22,610,22,0,5,33
4,700,21.600000,42.984000,0,1,28888409,610,22,610,22,0,5,33
4,700,21.600000,42.984000,0,1,28888419,610,22,610,22,0,5,33
4,700,21.600000,42.984000,0,1,28888429,611,22,611,22,0,5,33
4,700,21.600000,42.984000,0,1,28888441,613,22,613,22,0,5,33
4,700,21.600000,42.984000,0,1,28888451,618,22,618,22,0,5,33
4,700,21.600000,42.984000,0,1,28888463,628,21,628,21,0,5,33
4,700,21.600000,42.984000,0,1,28888474,649,20,649,20,0,5,33
4,700,21.600000,42.984000,0,1,28888486,683,19,683,19,0,5,33
4,700,21.600000,42.984000,0,1,28888497,731,18,731,18,0,5,33
4,700,21.600000,42.984000,0,1,28888508,794,18,794,18,0,5,33
4,700,21.600000,42.984000,0,1,28888520,862,18,862,18,0,5,33
4,700,21.600000,42.984000,0,1,28888529,943,18,943,18,0,5,33
4,700,21.600000,42.984000,0,1,28888541,1030,18,1030,18,0,5,33
4,700,21.600000,42.984000,0,1,28888552,1117,17,1117,17,0,5,33
4,700,21.600000,42.984000,0,1,28888563,1198,15,1198,15,0,5,33
4,700,21.600000,42.984000,0,1,28888575,1266,15,1266,15,0,5,33
4,700,21.600000,42.984000,0,1,28888586,1324,14,1324,14,0,5,33
4,700,21.600000,42.984000,0,1,28888597,1357,14,1357,14,0,5,33
4,700,21.600000,42.984000,0,1,28888607,1370,14,1370,14,0,5,33
4,700,21.600000,42.984000,0,1,28888618,1370,13,1370,13,0,5,33
4,700,21.600000,42.984000,0,1,28888628,1367,13,1367,13,0,5,33
4,700,21.600000,42.984000,0,1,28888638,1364,13,1364,13,0,5,33
4,700,21.600000,42.984000,0,1,28888648,1361,13,1361,13,0,5,33
4,700,21.600000,42.984000,0,1,28888659,1360,13,1360,13,0,5,33
4,700,21.600000,42.984000,0,1,28888670,1359,13,1359,13,0,5,33
4,700,21.600000,42.984000,0,1,28888680,1359,13,1359,13,0,5,33
4,700,21.600000,42.984000,0,1,28888690,1359,13,1359,13,0,5,33
4,700,21.600000,42.984000,0,1,28888701,1358,13,1358,13,0,5,33
4,700,21.600000,42.984000,0,1,28888712,1356,13,1356,13,0,5,33
4,700,21.600000,42.984000,0,1,28888722,1353,13,1353,13,0,5,33
4,700,21.600000,42.984000,0,1,28888733,1351,13,1351,13,0,5,33
4,700,21.600000,42.984000,0,1,28888743,1350,13,1350,13,0,5,33
4,700,21.600000,42.984000,0,1,28888754,1349,13,1349,13,0,5,33
4,700,21.600000,42.984000,0,1,28888767,1349,13,1349,13,0,5,33
4,700,21.600000,42.984000,0,1,28888777,1349,13,1349,13,0,5,33
4,700,21.600000,42.984000,0,1,28888788,1348,13,1348,13,0,5,33
4,700,21.600000,42.984000,0,1,28888799,1345,13,1345,13,0,5,33
4,700,21.600000,42.984000,0,1,28888811,1339,13,1339,13,0,5,33
4,700,21.600000,42.984000,0,1,28888824,1329,12,1329,12,0,5,33
4,700,21.600000,42.984000,0,1,28888834,1321,12,1321,12,0,5,33
4,700,21.600000,42.984000,0,1,28888844,1318,12,1318,12,0,5,33
4,700,21.600000,42.984000,0,1,28888855,1317,12,1317,12,0,5,33
4,700,21.600000,42.984000,0,1,28888865,1316,12,1316,12,0,5,33
4,700,21.600000,42.984000,0,1,28888875,1316,12,1316,12,0,5,33
4,700,21.600000,42.984000,0,1,28888885,1316,12,1316,12,0,5,33
4,700,21.600000,42.984000,0,1,28888895,1316,12,1316,12,0,5,33
4,700,21.600000,42.984000,0,1,28888906,1315,12,1315,12,0,5,33
4,700,21.600000,42.984000,0,1,28888917,1314,12,1314,12,0,5,33
4,700,21.600000,42.984000,0,1,28888927,1314,12,1314,12,0,5,33
4,700,21.600000,42.984000,0,1,28888938,1314,12,1314,12,0,5,33
4,700,21.600000,42.984000,0,1,28888948,1314,12,1314,12,0,5,33
4,700,21.600000,42.984000,0,1,28888958,1314,12,1314,12,0,5,33
4,700,21.600000,42.984000,0,1,28888969,1314,12,1314,12,0,5,33
4,700,21.600000,42.984000,0,1,28888980,1314,12,1314,12,0,5,33
4,700,21.600000,42.984000,0,1,28888990,1314,12,1314,12,0,5,33
4,700,21.600000,42.984000,0,1,28889000,1314,12,1314,12,0,5,33
4,700,21.600000,42.984000,0,1,28889012,1314,12,1314,12,0,5,33
4,700,21.600000,42.984000,0,1,28889022,1314,12,1314,12,0,5,33
4,700,21.600000,42.984000,0,1,28889032,1314,12,1314,12,0,5,33
4,700,21.600000,42.984000,0,1,28889043,1314,12,1314,12,0,5,33
4,700,21.600000,42.984000,0,1,28889052,1314,12,1314,12,0,5,33
