4,700,50.400000,12.276000,1,1,28939733,610,22,610,22,0,5,73
4,700,50.400000,12.276000,1,1,28939735,610,22,610,22,0,5,73
4,700,50.400000,12.276000,1,1,28939745,613,22,613,22,0,5,73
4,700,50.400000,12.276000,1,1,28939756,616,22,616,22,0,5,73
4,700,50.400000,12.276000,1,1,28939767,621,22,621,22,0,5,73
4,700,50.400000,12.276000,1,1,28939779,632,22,632,22,0,5,73
4,700,50.400000,12.276000,1,1,28939790,652,22,652,22,0,5,73
4,700,50.400000,12.276000,1,1,28939800,683,22,683,22,0,5,73
4,700,50.400000,12.276000,1,1,28939811,724,22,724,22,0,5,73
4,700,50.400000,12.276000,1,1,28939822,772,23,772,23,0,5,73
4,700,50.400000,12.276000,1,1,28939833,830,24,830,24,0,5,73
4,700,50.400000,12.276000,1,1,28939844,897,24,897,24,0,5,73
4,700,50.400000,12.276000,1,1,28939855,965,24,965,24,0,5,73
4,700,50.400000,12.276000,1,1,28939867,1033,22,1033,22,0,5,73
4,700,50.400000,12.276000,1,1,28939879,1101,19,1101,19,0,5,73
4,700,50.400000,12.276000,1,1,28939890,1159,15,1159,15,0,5,73
4,700,50.400000,12.276000,1,1,28939902,1200,10,1200,10,0,5,73
4,700,50.400000,12.276000,1,1,28939912,1231,4,1231,4,0,5,73
4,700,50.400000,12.276000,1,1,28939923,1249,0,1249,-1,0,5,73
4,700,50.400000,12.276000,1,1,28939934,1256,0,1256,-4,0,5,73
4,700,50.400000,12.276000,1,1,28939944,1257,0,1257,-6,0,5,73
4,700,50.400000,12.276000,1,1,28939955,1257,0,1257,-7,0,5,73
4,700,50.400000,12.276000,1,1,28939966,1257,0,1257,-8,0,5,73
4,700,50.400000,12.276000,1,1,28939978,1258,0,1258,-9,0,5,73
4,700,50.400000,12.276000,1,1,28939990,1262,0,1262,-9,0,5,73
4,700,50.400000,12.276000,1,1,28940002,1267,0,1267,-9,0,5,73
4,700,50.400000,12.276000,1,1,28940012,1271,0,1271,-9,0,5,73
4,700,50.400000,12.276000,1,1,28940023,1271,0,1271,-9,0,5,73
4,700,50.400000,12.276000,1,1,28940034,1269,0,1269,-9,0,5,73
4,700,50.400000,12.276000,1,1,28940044,1266,0,1266,-9,0,5,73
4,700,50.400000,12.276000,1,1,28940055,1261,0,1261,-9,0,5,73
4,700,50.400000,12.276000,1,1,28940065,1259,0,1259,-9,0,5,73
4,700,50.400000,12.276000,1,1,28940077,1259,0,1259,-9,0,5,73
4,700,50.400000,12.276000,1,1,28940089,1259,0,1259,-9,0,5,73
4,700,50.400000,12.276000,1,1,28940099,1260,0,1260,-9,0,5,73
4,700,50.400000,12.276000,1,1,28940110,1264,0,1264,-9,0,5,73
4,700,50.400000,12.276000,1,1,28940120,1268,0,1268,-9,0,5,73
4,700,50.400000,12.276000,1,1,28940131,1271,0,1271,-9,0,5,73
4,700,50.400000,12.276000,1,1,28940142,1271,0,1271,-9,0,5,73
4,700,50.400000,12.276000,1,1,28940152,1271,0,1271,-9,0,5,73
4,700,50.400000,12.276000,1,1,28940163,1271,0,1271,-9,0,5,73
4,700,50.400000,12.276000,1,1,28940174,1271,0,1271,-9,0,5,73
4,700,50.400000,12.276000,1,1,28940184,1271,0,1271,-9,0,5,73
4,700,50.400000,12.276000,1,1,28940194,1273,0,1273,-9,0,5,73
4,700,50.400000,12.276000,1,1,28940206,1278,0,1278,-9,0,5,73
4,700,50.400000,12.276000,1,1,28940220,1287,1,1287,-8,0,5,73
4,700,50.400000,12.276000,1,1,28940230,1298,2,1298,-7,0,5,73
4,700,50.400000,12.276000,1,1,28940241,1302,2,1302,-7,0,5,73
4,700,50.400000,12.276000,1,1,28940252,1303,2,1303,-7,0,5,73
4,700,50.400000,12.276000,1,1,28940262,1303,2,1303,-7,0,5,73
4,700,50.400000,12.276000,1,1,28940273,1303,2,1303,-7,0,5,73
4,700,50.400000,12.276000,1,1,28940282,1303,2,1303,-7,0,5,73
4,700,50.400000,12.276000,1,1,28940293,1303,2,1303,-7,0,5,73
4,700,50.400000,12.276000,1,1,28940303,1303,3,1303,-6,0,5,73
