4,700,50.400000,22.608000,1,0,28964056,610,0,610,0,0,5,93
4,700,50.400000,22.608000,1,0,28964057,610,0,610,0,0,5,93
4,700,50.400000,22.608000,1,0,28964067,610,0,610,0,0,5,93
4,700,50.400000,22.608000,1,0,28964078,610,0,610,0,0,5,93
4,700,50.400000,22.608000,1,0,28964088,610,0,610,0,0,5,93
4,700,50.400000,22.608000,1,0,28964098,610,0,610,0,0,5,93
4,700,50.400000,22.608000,1,0,28964109,612,0,612,0,0,5,93
4,700,50.400000,22.608000,1,0,28964120,617,0,617,0,0,5,93
4,700,50.400000,22.608000,1,0,28964130,627,0,627,-1,0,5,93
4,700,50.400000,22.608000,1,0,28964143,642,0,642,-2,0,5,93
4,700,50.400000,22.608000,1,0,28964154,673,0,673,-4,0,5,93
4,700,50.400000,22.608000,1,0,28964165,725,0,725,-6,0,5,93
4,700,50.400000,22.608000,1,0,28964175,783,0,783,-6,0,5,93
4,700,50.400000,22.608000,1,0,28964188,857,0,857,-8,0,5,93
4,700,50.400000,22.608000,1,0,28964198,938,0,938,-9,0,5,93
4,700,50.400000,22.608000,1,0,28964210,1019,0,1019,-10,0,5,93
4,700,50.400000,22.608000,1,0,28964221,1099,0,1099,-11,0,5,93
4,700,50.400000,22.608000,1,0,28964232,1169,0,1169,-11,0,5,93
4,700,50.400000,22.608000,1,0,28964242,1234,0,1234,-12,0,5,93
4,700,50.400000,22.608000,1,0,28964253,1283,0,1283,-12,0,5,93
4,700,50.400000,22.608000,1,0,28964265,1311,0,1311,-13,0,5,93
4,700,50.400000,22.608000,1,0,28964275,1328,0,1328,-13,0,5,93
4,700,50.400000,22.608000,1,0,28964285,1328,0,1328,-13,0,5,93
4,700,50.400000,22.608000,1,0,28964296,1327,0,1327,-13,0,5,93
4,700,50.400000,22.608000,1,0,28964306,1325,0,1325,-13,0,5,93
4,700,50.400000,22.608000,1,0,28964317,1323,0,1323,-13,0,5,93
4,700,50.400000,22.608000,1,0,28964327,1323,0,1323,-13,0,5,93
4,700,50.400000,22.608000,1,0,28964337,1323,0,1323,-13,0,5,93
4,700,50.400000,22.608000,1,0,28964348,1323,0,1323,-13,0,5,93
4,700,50.400000,22.608000,1,0,28964359,1323,0,1323,-13,0,5,93
4,700,50.400000,22.608000,1,0,28964370,1323,0,1323,-13,0,5,93
4,700,50.400000,22.608000,1,0,28964381,1323,0,1323,-13,0,5,93
4,700,50.400000,22.608000,1,0,28964392,1321,0,1321,-13,0,5,93
4,700,50.400000,22.608000,1,0,28964402,1321,0,1321,-13,0,5,93
4,700,50.400000,22.608000,1,0,28964412,1321,0,1321,-13,0,5,93
4,700,50.400000,22.608000,1,0,28964422,1321,0,1321,-13,0,5,93
4,700,50.400000,22.608000,1,0,28964433,1321,0,1321,-13,0,5,93
4,700,50.400000,22.608000,1,0,28964446,1321,0,1321,-13,0,5,93
4,700,50.400000,22.608000,1,0,28964457,1321,0,1321,-13,0,5,93
4,700,50.400000,22.608000,1,0,28964468,1321,0,1321,-13,0,5,93
4,700,50.400000,22.608000,1,0,28964479,1321,0,1321,-13,0,5,93
4,700,50.400000,22.608000,1,0,28964490,1321,0,1321,-13,0,5,93
