4,700,82.800000,0.000000,0,1,29150744,610,22,610,22,0,6,115
4,700,82.800000,0.000000,0,1,29150745,610,22,610,22,0,6,115
4,700,82.800000,0.000000,0,1,29150755,610,22,610,22,0,6,115
4,700,82.800000,0.000000,0,1,29150765,610,22,610,22,0,6,115
4,700,82.800000,0.000000,0,1,29150777,610,22,610,22,0,6,115
4,700,82.800000,0.000000,0,1,29150787,610,22,610,22,0,6,115
4,700,82.800000,0.000000,0,1,29150798,611,22,611,22,0,6,115
4,700,82.800000,0.000000,0,1,29150810,614,21,614,21,0,6,115
4,700,82.800000,0.000000,0,1,29150821,621,21,621,21,0,6,115
4,700,82.800000,0.000000,0,1,29150832,638,21,638,21,0,6,115
4,700,82.800000,0.000000,0,1,29150843,668,20,668,20,0,6,115
4,700,82.800000,0.000000,0,1,29150853,710,20,710,20,0,6,115
4,700,82.800000,0.000000,0,1,29150864,758,21,758,21,0,6,115
4,700,82.800000,0.000000,0,1,29150876,818,22,818,22,0,6,115
4,700,82.800000,0.000000,0,1,29150888,883,22,883,22,0,6,115
4,700,82.800000,0.000000,0,1,29150899,945,22,945,22,0,6,115
4,700,82.800000,0.000000,0,1,29150910,1008,20,1008,20,0,6,115
4,700,82.800000,0.000000,0,1,29150920,1076,18,1076,18,0,6,115
4,700,82.800000,0.000000,0,1,29150931,1137,15,1137,15,0,6,115
4,700,82.800000,0.000000,0,1,29150944,1189,12,1189,12,0,6,115
4,700,82.800000,0.000000,0,1,29150955,1242,8,1242,8,0,6,115
4,700,82.800000,0.000000,0,1,29150966,1278,6,1278,6,0,6,115
4,700,82.800000,0.000000,0,1,29150978,1301,4,1301,4,0,6,115
4,700,82.800000,0.000000,0,1,29150989,1314,3,1314,3,0,6,115
4,700,82.800000,0.000000,0,1,29150998,1318,3,1318,3,0,6,115
4,700,82.800000,0.000000,0,1,29151009,1318,3,1318,3,0,6,115
4,700,82.800000,0.000000,0,1,29151020,1318,3,1318,3,0,6,115
4,700,82.800000,0.000000,0,1,29151030,1318,3,1318,3,0,6,115
4,700,82.800000,0.000000,0,1,29151040,1318,3,1318,3,0,6,115
4,700,82.800000,0.000000,0,1,29151051,1318,3,1318,3,0,6,115
4,700,82.800000,0.000000,0,1,29151061,1319,3,1319,3,0,6,115
4,700,82.800000,0.000000,0,1,29151072,1320,3,1320,3,0,6,115
4,700,82.800000,0.000000,0,1,29151082,1321,3,1321,3,0,6,115
4,700,82.800000,0.000000,0,1,29151093,1321,3,1321,3,0,6,115
4,700,82.800000,0.000000,0,1,29151104,1321,3,1321,3,0,6,115
4,700,82.800000,0.000000,0,1,29151115,1321,3,1321,3,0,6,115
4,700,82.800000,0.000000,0,1,29151126,1321,3,1321,3,0,6,115
4,700,82.800000,0.000000,0,1,29151137,1321,3,1321,3,0,6,115
4,700,82.800000,0.000000,0,1,29151147,1321,3,1321,3,0,6,115
4,700,82.800000,0.000000,0,1,29151157,1321,3,1321,3,0,6,115
4,700,82.800000,0.000000,0,1,29151167,1321,3,1321,3,0,6,115
4,700,82.800000,0.000000,0,1,29151178,1319,3,1319,3,0,6,115
4,700,82.800000,0.000000,0,1,29151188,1317,3,1317,3,0,6,115
4,700,82.800000,0.000000,0,1,29151198,1315,3,1315,3,0,6,115
4,700,82.800000,0.000000,0,1,29151208,1314,3,1314,3,0,6,115
4,700,82.800000,0.000000,0,1,29151219,1313,3,1313,3,0,6,115
