4,700,82.800000,22.608000,0,1,29149608,610,22,610,22,0,6,114
4,700,82.800000,22.608000,0,1,29149608,610,22,610,22,0,6,114
4,700,82.800000,22.608000,0,1,29149619,611,22,611,22,0,6,114
4,700,82.800000,22.608000,0,1,29149629,613,22,613,22,0,6,114
4,700,82.800000,22.608000,0,1,29149643,620,22,620,22,0,6,114
4,700,82.800000,22.608000,0,1,29149656,640,22,640,22,0,6,114
4,700,82.800000,22.608000,0,1,29149667,673,21,673,21,0,6,114
4,700,82.800000,22.608000,0,1,29149677,714,21,714,21,0,6,114
4,700,82.800000,22.608000,0,1,29149688,771,21,771,21,0,6,114
4,700,82.800000,22.608000,0,1,29149700,837,21,837,21,0,6,114
4,700,82.800000,22.608000,0,1,29149711,914,21,914,21,0,6,114
4,700,82.800000,22.608000,0,1,29149724,985,21,985,21,0,6,114
4,700,82.800000,22.608000,0,1,29149735,1054,19,1054,19,0,6,114
4,700,82.800000,22.608000,0,1,29149746,1116,17,1116,17,0,6,114
4,700,82.800000,22.608000,0,1,29149757,1168,15,1168,15,0,6,114
4,700,82.800000,22.608000,0,1,29149768,1208,13,1208,13,0,6,114
4,700,82.800000,22.608000,0,1,29149781,1237,11,1237,11,0,6,114
4,700,82.800000,22.608000,0,1,29149791,1256,10,1256,10,0,6,114
4,700,82.800000,22.608000,0,1,29149802,1267,10,1267,10,0,6,114
4,700,82.800000,22.608000,0,1,29149815,1273,10,1273,10,0,6,114
4,700,82.800000,22.608000,0,1,29149826,1277,9,1277,9,0,6,114
4,700,82.800000,22.608000,0,1,29149837,1279,9,1279,9,0,6,114
4,700,82.800000,22.608000,0,1,29149848,1281,9,1281,9,0,6,114
4,700,82.800000,22.608000,0,1,29149859,1281,9,1281,9,0,6,114
4,700,82.800000,22.608000,0,1,29149871,1282,9,1282,9,0,6,114
4,700,82.800000,22.608000,0,1,29149883,1283,9,1283,9,0,6,114
4,700,82.800000,22.608000,0,1,29149893,1283,9,1283,9,0,6,114
4,700,82.800000,22.608000,0,1,29149904,1283,9,1283,9,0,6,114
4,700,82.800000,22.608000,0,1,29149916,1283,9,1283,9,0,6,114
4,700,82.800000,22.608000,0,1,29149926,1283,9,1283,9,0,6,114
4,700,82.800000,22.608000,0,1,29149936,1283,9,1283,9,0,6,114
4,700,82.800000,22.608000,0,1,29149946,1283,9,1283,9,0,6,114
4,700,82.800000,22.608000,0,1,29149956,1283,9,1283,9,0,6,114
4,700,82.800000,22.608000,0,1,29149967,1283,9,1283,9,0,6,114
4,700,82.800000,22.608000,0,1,29149978,1283,9,1283,9,0,6,114
4,700,82.800000,22.608000,0,1,29149988,1283,9,1283,9,0,6,114
4,700,82.800000,22.608000,0,1,29149999,1283,9,1283,9,0,6,114
4,700,82.800000,22.608000,0,1,29150009,1283,9,1283,9,0,6,114
4,700,82.800000,22.608000,0,1,29150019,1282,9,1282,9,0,6,114
4,700,82.800000,22.608000,0,1,29150030,1280,9,1280,9,0,6,114
