4,350,50.400000,22.608000,1,1,29078327,785,22,785,22,0,6,59
4,350,50.400000,22.608000,1,1,29078329,785,22,785,22,0,6,59
4,350,50.400000,22.608000,1,1,29078339,786,22,786,22,0,6,59
4,350,50.400000,22.608000,1,1,29078350,788,22,788,22,0,6,59
4,350,50.400000,22.608000,1,1,29078361,791,22,791,22,0,6,59
4,350,50.400000,22.608000,1,1,29078371,795,22,795,22,0,6,59
4,350,50.400000,22.608000,1,1,29078382,801,21,801,21,0,6,59
4,350,50.400000,22.608000,1,1,29078394,811,19,811,19,0,6,59
4,350,50.400000,22.608000,1,1,29078405,834,16,834,16,0,6,59
4,350,50.400000,22.608000,1,1,29078417,870,13,870,13,0,6,59
4,350,50.400000,22.608000,1,1,29078429,914,11,914,11,0,6,59
4,350,50.400000,22.608000,1,1,29078441,962,8,962,8,0,6,59
4,350,50.400000,22.608000,1,1,29078452,1010,5,1010,5,0,6,59
4,350,50.400000,22.608000,1,1,29078464,1055,2,1055,2,0,6,59
4,350,50.400000,22.608000,1,1,29078475,1100,0,1100,-1,0,6,59
4,350,50.400000,22.608000,1,1,29078485,1141,0,1141,-4,0,6,59
4,350,50.400000,22.608000,1,1,29078496,1170,0,1170,-7,0,6,59
4,350,50.400000,22.608000,1,1,29078507,1182,0,1182,-9,0,6,59
4,350,50.400000,22.608000,1,1,29078518,1182,0,1182,-10,0,6,59
4,350,50.400000,22.608000,1,1,29078529,1182,0,1182,-10,0,6,59
4,350,50.400000,22.608000,1,1,29078539,1180,0,1180,-10,0,6,59
4,350,50.400000,22.608000,1,1,29078550,1179,0,1179,-10,0,6,59
4,350,50.400000,22.608000,1,1,29078561,1177,0,1177,-10,0,6,59
4,350,50.400000,22.608000,1,1,29078573,1175,0,1175,-10,0,6,59
4,350,50.400000,22.608000,1,1,29078583,1175,0,1175,-10,0,6,59
4,350,50.400000,22.608000,1,1,29078593,1175,0,1175,-10,0,6,59
4,350,50.400000,22.608000,1,1,29078604,1175,0,1175,-10,0,6,59
4,350,50.400000,22.608000,1,1,29078615,1175,0,1175,-10,0,6,59
4,350,50.400000,22.608000,1,1,29078626,1173,0,1173,-10,0,6,59
4,350,50.400000,22.608000,1,1,29078636,1171,0,1171,-10,0,6,59
4,350,50.400000,22.608000,1,1,29078647,1169,0,1169,-10,0,6,59
4,350,50.400000,22.608000,1,1,29078657,1169,0,1169,-10,0,6,59
4,350,50.400000,22.608000,1,1,29078668,1169,0,1169,-10,0,6,59
4,350,50.400000,22.608000,1,1,29078679,1169,0,1169,-10,0,6,59
4,350,50.400000,22.608000,1,1,29078689,1169,0,1169,-10,0,6,59
4,350,50.400000,22.608000,1,1,29078700,1169,0,1169,-10,0,6,59
4,350,50.400000,22.608000,1,1,29078710,1169,0,1169,-10,0,6,59
4,350,50.400000,22.608000,1,1,29078720,1169,0,1169,-10,0,6,59
4,350,50.400000,22.608000,1,1,29078730,1169,0,1169,-10,0,6,59
4,350,50.400000,22.608000,1,1,29078741,1168,0,1168,-10,0,6,59
4,350,50.400000,22.608000,1,1,29078752,1164,0,1164,-10,0,6,59
4,350,50.400000,22.608000,1,1,29078763,1157,0,1157,-10,0,6,59
4,350,50.400000,22.608000,1,1,29078774,1149,1,1149,-9,0,6,59
4,350,50.400000,22.608000,1,1,29078784,1143,2,1143,-8,0,6,59
4,350,50.400000,22.608000,1,1,29078795,1141,2,1141,-8,0,6,59
4,350,50.400000,22.608000,1,1,29078806,1139,2,1139,-8,0,6,59
4,350,50.400000,22.608000,1,1,29078816,1139,2,1139,-8,0,6,59
4,350,50.400000,22.608000,1,1,29078827,1139,2,1139,-8,0,6,59
4,350,50.400000,22.608000,1,1,29078838,1139,2,1139,-8,0,6,59
4,350,50.400000,22.608000,1,1,29078848,1139,2,1139,-8,0,6,59
