4,350,50.400000,12.276000,0,1,29315661,785,22,785,22,0,7,117
4,350,50.400000,12.276000,0,1,29315662,785,22,785,22,0,7,117
4,350,50.400000,12.276000,0,1,29315672,785,22,785,22,0,7,117
4,350,50.400000,12.276000,0,1,29315682,785,22,785,22,0,7,117
4,350,50.400000,12.276000,0,1,29315692,786,22,786,22,0,7,117
4,350,50.400000,12.276000,0,1,29315702,787,22,787,22,0,7,117
4,350,50.400000,12.276000,0,1,29315713,792,22,792,22,0,7,117
4,350,50.400000,12.276000,0,1,29315724,805,21,805,21,0,7,117
4,350,50.400000,12.276000,0,1,29315737,823,20,823,20,0,7,117
4,350,50.400000,12.276000,0,1,29315748,854,18,854,18,0,7,117
4,350,50.400000,12.276000,0,1,29315758,885,18,885,18,0,7,117
4,350,50.400000,12.276000,0,1,29315769,927,17,927,17,0,7,117
4,350,50.400000,12.276000,0,1,29315780,968,17,968,17,0,7,117
4,350,50.400000,12.276000,0,1,29315793,1009,16,1009,16,0,7,117
4,350,50.400000,12.276000,0,1,29315804,1053,15,1053,15,0,7,117
4,350,50.400000,12.276000,0,1,29315814,1083,15,1083,15,0,7,117
4,350,50.400000,12.276000,0,1,29315826,1106,15,1106,15,0,7,117
4,350,50.400000,12.276000,0,1,29315838,1122,14,1122,14,0,7,117
4,350,50.400000,12.276000,0,1,29315848,1129,13,1129,13,0,7,117
4,350,50.400000,12.276000,0,1,29315857,1130,13,1130,13,0,7,117
4,350,50.400000,12.276000,0,1,29315868,1130,13,1130,13,0,7,117
4,350,50.400000,12.276000,0,1,29315878,1129,13,1129,13,0,7,117
4,350,50.400000,12.276000,0,1,29315888,1128,12,1128,12,0,7,117
4,350,50.400000,12.276000,0,1,29315899,1128,12,1128,12,0,7,117
4,350,50.400000,12.276000,0,1,29315909,1128,12,1128,12,0,7,117
4,350,50.400000,12.276000,0,1,29315920,1128,12,1128,12,0,7,117
4,350,50.400000,12.276000,0,1,29315931,1128,12,1128,12,0,7,117
4,350,50.400000,12.276000,0,1,29315941,1128,12,1128,12,0,7,117
4,350,50.400000,12.276000,0,1,29315952,1128,12,1128,12,0,7,117
4,350,50.400000,12.276000,0,1,29315964,1128,12,1128,12,0,7,117
4,350,50.400000,12.276000,0,1,29315974,1127,12,1127,12,0,7,117
4,350,50.400000,12.276000,0,1,29315984,1127,12,1127,12,0,7,117
4,350,50.400000,12.276000,0,1,29315994,1127,12,1127,12,0,7,117
4,350,50.400000,12.276000,0,1,29316004,1127,12,1127,12,0,7,117
4,350,50.400000,12.276000,0,1,29316015,1127,12,1127,12,0,7,117
4,350,50.400000,12.276000,0,1,29316027,1127,12,1127,12,0,7,117
4,350,50.400000,12.276000,0,1,29316040,1127,12,1127,12,0,7,117
4,350,50.400000,12.276000,0,1,29316051,1127,12,1127,12,0,7,117
