4,700,82.800000,0.000000,0,1,29407493,610,22,610,22,0,8,69
4,700,82.800000,0.000000,0,1,29407494,610,22,610,22,0,8,69
4,700,82.800000,0.000000,0,1,29407504,611,22,611,22,0,8,69
4,700,82.800000,0.000000,0,1,29407515,612,22,612,22,0,8,69
4,700,82.800000,0.000000,0,1,29407526,617,22,617,22,0,8,69
4,700,82.800000,0.000000,0,1,29407537,628,22,628,22,0,8,69
4,700,82.800000,0.000000,0,1,29407548,652,22,652,22,0,8,69
4,700,82.800000,0.000000,0,1,29407559,686,21,686,21,0,8,69
4,700,82.800000,0.000000,0,1,29407571,730,20,730,20,0,8,69
4,700,82.800000,0.000000,0,1,29407583,793,19,793,19,0,8,69
4,700,82.800000,0.000000,0,1,29407594,865,18,865,18,0,8,69
4,700,82.800000,0.000000,0,1,29407605,936,17,936,17,0,8,69
4,700,82.800000,0.000000,0,1,29407615,1002,16,1002,16,0,8,69
4,700,82.800000,0.000000,0,1,29407626,1071,15,1071,15,0,8,69
4,700,82.800000,0.000000,0,1,29407638,1135,14,1135,14,0,8,69
4,700,82.800000,0.000000,0,1,29407648,1197,14,1197,14,0,8,69
4,700,82.800000,0.000000,0,1,29407659,1246,14,1246,14,0,8,69
4,700,82.800000,0.000000,0,1,29407670,1281,13,1281,13,0,8,69
4,700,82.800000,0.000000,0,1,29407680,1305,13,1305,13,0,8,69
4,700,82.800000,0.000000,0,1,29407691,1316,12,1316,12,0,8,69
4,700,82.800000,0.000000,0,1,29407701,1321,12,1321,12,0,8,69
4,700,82.800000,0.000000,0,1,29407713,1321,11,1321,11,0,8,69
4,700,82.800000,0.000000,0,1,29407723,1320,11,1320,11,0,8,69
4,700,82.800000,0.000000,0,1,29407733,1319,11,1319,11,0,8,69
4,700,82.800000,0.000000,0,1,29407744,1318,11,1318,11,0,8,69
4,700,82.800000,0.000000,0,1,29407755,1317,11,1317,11,0,8,69
4,700,82.800000,0.000000,0,1,29407765,1317,11,1317,11,0,8,69
4,700,82.800000,0.000000,0,1,29407775,1317,11,1317,11,0,8,69
4,700,82.800000,0.000000,0,1,29407785,1317,11,1317,11,0,8,69
4,700,82.800000,0.000000,0,1,29407796,1317,11,1317,11,0,8,69
4,700,82.800000,0.000000,0,1,29407806,1316,11,1316,11,0,8,69
4,700,82.800000,0.000000,0,1,29407816,1314,11,1314,11,0,8,69
4,700,82.800000,0.000000,0,1,29407826,1314,11,1314,11,0,8,69
4,700,82.800000,0.000000,0,1,29407837,1314,11,1314,11,0,8,69
4,700,82.800000,0.000000,0,1,29407847,1314,11,1314,11,0,8,69
4,700,82.800000,0.000000,0,1,29407858,1314,11,1314,11,0,8,69
4,700,82.800000,0.000000,0,1,29407869,1314,11,1314,11,0,8,69
4,700,82.800000,0.000000,0,1,29407879,1314,11,1314,11,0,8,69
4,700,82.800000,0.000000,0,1,29407889,1314,11,1314,11,0,8,69
4,700,82.800000,0.000000,0,1,29407900,1314,11,1314,11,0,8,69
4,700,82.800000,0.000000,0,1,29407910,1314,11,1314,11,0,8,69
