4,700,21.600000,12.276000,0,1,29527280,610,22,610,22,0,9,42
4,700,21.600000,12.276000,0,1,29527281,610,22,610,22,0,9,42
4,700,21.600000,12.276000,0,1,29527292,611,22,611,22,0,9,42
4,700,21.600000,12.276000,0,1,29527302,612,22,612,22,0,9,42
4,700,21.600000,12.276000,0,1,29527313,615,22,615,22,0,9,42
4,700,21.600000,12.276000,0,1,29527324,623,22,623,22,0,9,42
4,700,21.600000,12.276000,0,1,29527335,641,20,641,20,0,9,42
4,700,21.600000,12.276000,0,1,29527348,669,19,669,19,0,9,42
4,700,21.600000,12.276000,0,1,29527359,719,18,719,18,0,9,42
4,700,21.600000,12.276000,0,1,29527371,777,17,777,17,0,9,42
4,700,21.600000,12.276000,0,1,29527382,850,16,850,16,0,9,42
4,700,21.600000,12.276000,0,1,29527393,925,16,925,16,0,9,42
4,700,21.600000,12.276000,0,1,29527404,1004,14,1004,14,0,9,42
4,700,21.600000,12.276000,0,1,29527415,1079,12,1079,12,0,9,42
4,700,21.600000,12.276000,0,1,29527426,1151,10,1151,10,0,9,42
4,700,21.600000,12.276000,0,1,29527439,1211,8,1211,8,0,9,42
4,700,21.600000,12.276000,0,1,29527450,1261,5,1261,5,0,9,42
4,700,21.600000,12.276000,0,1,29527461,1297,2,1297,2,0,9,42
4,700,21.600000,12.276000,0,1,29527473,1312,0,1312,0,0,9,42
4,700,21.600000,12.276000,0,1,29527483,1315,0,1315,-1,0,9,42
4,700,21.600000,12.276000,0,1,29527495,1318,0,1318,-2,0,9,42
4,700,21.600000,12.276000,0,1,29527506,1316,0,1316,-2,0,9,42
4,700,21.600000,12.276000,0,1,29527517,1313,0,1313,-2,0,9,42
4,700,21.600000,12.276000,0,1,29527528,1312,0,1312,-2,0,9,42
4,700,21.600000,12.276000,0,1,29527538,1312,0,1312,-2,0,9,42
4,700,21.600000,12.276000,0,1,29527549,1312,0,1312,-2,0,9,42
4,700,21.600000,12.276000,0,1,29527559,1312,0,1312,-2,0,9,42
4,700,21.600000,12.276000,0,1,29527570,1312,0,1312,-2,0,9,42
4,700,21.600000,12.276000,0,1,29527581,1312,0,1312,-2,0,9,42
4,700,21.600000,12.276000,0,1,29527592,1311,0,1311,-2,0,9,42
4,700,21.600000,12.276000,0,1,29527603,1311,0,1311,-2,0,9,42
4,700,21.600000,12.276000,0,1,29527614,1311,0,1311,-2,0,9,42
4,700,21.600000,12.276000,0,1,29527624,1311,0,1311,-2,0,9,42
4,700,21.600000,12.276000,0,1,29527634,1311,0,1311,-2,0,9,42
4,700,21.600000,12.276000,0,1,29527645,1311,0,1311,-2,0,9,42
4,700,21.600000,12.276000,0,1,29527656,1311,0,1311,-2,0,9,42
4,700,21.600000,12.276000,0,1,29527666,1311,0,1311,-2,0,9,42
4,700,21.600000,12.276000,0,1,29527677,1311,0,1311,-2,0,9,42
4,700,21.600000,12.276000,0,1,29527687,1311,0,1311,-2,0,9,42
4,700,21.600000,12.276000,0,1,29527699,1311,0,1311,-2,0,9,42
4,700,21.600000,12.276000,0,1,29527709,1311,0,1311,-2,0,9,42
4,700,21.600000,12.276000,0,1,29527721,1311,0,1311,-2,0,9,42
4,700,21.600000,12.276000,0,1,29527731,1311,0,1311,-2,0,9,42
4,700,21.600000,12.276000,0,1,29527741,1311,0,1311,-2,0,9,42
4,700,21.600000,12.276000,0,1,29527751,1311,0,1311,-2,0,9,42
