4,700,50.400000,12.276000,1,0,29608544,610,0,610,0,0,9,106
4,700,50.400000,12.276000,1,0,29608545,610,0,610,0,0,9,106
4,700,50.400000,12.276000,1,0,29608558,610,0,610,0,0,9,106
4,700,50.400000,12.276000,1,0,29608569,612,0,612,0,0,9,106
4,700,50.400000,12.276000,1,0,29608580,618,0,618,0,0,9,106
4,700,50.400000,12.276000,1,0,29608592,627,0,627,-1,0,9,106
4,700,50.400000,12.276000,1,0,29608603,645,0,645,-4,0,9,106
4,700,50.400000,12.276000,1,0,29608615,673,0,673,-8,0,9,106
4,700,50.400000,12.276000,1,0,29608628,727,0,727,-12,0,9,106
4,700,50.400000,12.276000,1,0,29608639,791,0,791,-16,0,9,106
4,700,50.400000,12.276000,1,0,29608652,852,0,852,-19,0,9,106
4,700,50.400000,12.276000,1,0,29608663,939,0,939,-24,0,9,106
4,700,50.400000,12.276000,1,0,29608674,1020,0,1020,-29,0,9,106
4,700,50.400000,12.276000,1,0,29608684,1093,0,1093,-33,0,9,106
4,700,50.400000,12.276000,1,0,29608695,1160,0,1160,-36,0,9,106
4,700,50.400000,12.276000,1,0,29608706,1222,0,1222,-38,0,9,106
4,700,50.400000,12.276000,1,0,29608717,1263,0,1263,-40,0,9,106
4,700,50.400000,12.276000,1,0,29608729,1283,0,1283,-41,0,9,106
4,700,50.400000,12.276000,1,0,29608740,1284,0,1284,-41,0,9,106
4,700,50.400000,12.276000,1,0,29608751,1281,0,1281,-41,0,9,106
4,700,50.400000,12.276000,1,0,29608761,1278,0,1278,-41,0,9,106
4,700,50.400000,12.276000,1,0,29608772,1276,0,1276,-41,0,9,106
4,700,50.400000,12.276000,1,0,29608783,1275,0,1275,-41,0,9,106
4,700,50.400000,12.276000,1,0,29608794,1275,0,1275,-41,0,9,106
4,700,50.400000,12.276000,1,0,29608806,1275,0,1275,-41,0,9,106
4,700,50.400000,12.276000,1,0,29608817,1275,0,1275,-41,0,9,106
4,700,50.400000,12.276000,1,0,29608827,1275,0,1275,-41,0,9,106
4,700,50.400000,12.276000,1,0,29608838,1274,0,1274,-41,0,9,106
4,700,50.400000,12.276000,1,0,29608849,1273,0,1273,-41,0,9,106
4,700,50.400000,12.276000,1,0,29608859,1273,0,1273,-41,0,9,106
4,700,50.400000,12.276000,1,0,29608870,1273,0,1273,-41,0,9,106
4,700,50.400000,12.276000,1,0,29608880,1273,0,1273,-41,0,9,106
4,700,50.400000,12.276000,1,0,29608891,1273,0,1273,-41,0,9,106
4,700,50.400000,12.276000,1,0,29608901,1273,0,1273,-41,0,9,106
4,700,50.400000,12.276000,1,0,29608912,1273,0,1273,-41,0,9,106
4,700,50.400000,12.276000,1,0,29608923,1273,0,1273,-41,0,9,106
4,700,50.400000,12.276000,1,0,29608935,1273,0,1273,-41,0,9,106
4,700,50.400000,12.276000,1,0,29608946,1273,0,1273,-41,0,9,106
4,700,50.400000,12.276000,1,0,29608957,1274,0,1274,-41,0,9,106
4,700,50.400000,12.276000,1,0,29608969,1278,0,1278,-41,0,9,106
4,700,50.400000,12.276000,1,0,29608979,1284,0,1284,-42,0,9,106
4,700,50.400000,12.276000,1,0,29608990,1291,0,1291,-42,0,9,106
4,700,50.400000,12.276000,1,0,29609000,1296,0,1296,-43,0,9,106
4,700,50.400000,12.276000,1,0,29609010,1297,0,1297,-43,0,9,106
4,700,50.400000,12.276000,1,0,29609020,1297,0,1297,-43,0,9,106
4,700,50.400000,12.276000,1,0,29609031,1297,0,1297,-43,0,9,106
4,700,50.400000,12.276000,1,0,29609041,1297,0,1297,-43,0,9,106
4,700,50.400000,12.276000,1,0,29609052,1296,0,1296,-43,0,9,106
4,700,50.400000,12.276000,1,0,29609061,1295,0,1295,-43,0,9,106
