4,350,50.400000,42.984000,1,0,29511737,785,0,785,0,0,9,30
4,350,50.400000,42.984000,1,0,29511737,785,0,785,0,0,9,30
4,350,50.400000,42.984000,1,0,29511747,785,0,785,0,0,9,30
4,350,50.400000,42.984000,1,0,29511757,785,0,785,0,0,9,30
4,350,50.400000,42.984000,1,0,29511768,785,0,785,0,0,9,30
4,350,50.400000,42.984000,1,0,29511778,785,0,785,0,0,9,30
4,350,50.400000,42.984000,1,0,29511788,785,0,785,0,0,9,30
4,350,50.400000,42.984000,1,0,29511798,786,0,786,0,0,9,30
4,350,50.400000,42.984000,1,0,29511810,791,0,791,-2,0,9,30
4,350,50.400000,42.984000,1,0,29511822,804,0,804,-6,0,9,30
4,350,50.400000,42.984000,1,0,29511832,831,0,831,-12,0,9,30
4,350,50.400000,42.984000,1,0,29511843,870,0,870,-18,0,9,30
4,350,50.400000,42.984000,1,0,29511854,920,0,920,-23,0,9,30
4,350,50.400000,42.984000,1,0,29511866,970,0,970,-27,0,9,30
4,350,50.400000,42.984000,1,0,29511877,1024,0,1024,-32,0,9,30
4,350,50.400000,42.984000,1,0,29511889,1073,0,1073,-37,0,9,30
4,350,50.400000,42.984000,1,0,29511900,1118,0,1118,-42,0,9,30
4,350,50.400000,42.984000,1,0,29511911,1147,0,1147,-46,0,9,30
4,350,50.400000,42.984000,1,0,29511921,1155,0,1155,-49,0,9,30
4,350,50.400000,42.984000,1,0,29511931,1155,0,1155,-50,0,9,30
4,350,50.400000,42.984000,1,0,29511941,1152,0,1152,-51,0,9,30
4,350,50.400000,42.984000,1,0,29511951,1149,0,1149,-51,0,9,30
4,350,50.400000,42.984000,1,0,29511961,1147,0,1147,-51,0,9,30
4,350,50.400000,42.984000,1,0,29511971,1146,0,1146,-51,0,9,30
4,350,50.400000,42.984000,1,0,29511982,1146,0,1146,-51,0,9,30
4,350,50.400000,42.984000,1,0,29511992,1146,0,1146,-51,0,9,30
4,350,50.400000,42.984000,1,0,29512002,1146,0,1146,-51,0,9,30
4,350,50.400000,42.984000,1,0,29512012,1146,0,1146,-51,0,9,30
4,350,50.400000,42.984000,1,0,29512023,1146,0,1146,-51,0,9,30
4,350,50.400000,42.984000,1,0,29512033,1146,0,1146,-51,0,9,30
4,350,50.400000,42.984000,1,0,29512043,1145,0,1145,-51,0,9,30
4,350,50.400000,42.984000,1,0,29512053,1143,0,1143,-51,0,9,30
4,350,50.400000,42.984000,1,0,29512063,1142,0,1142,-51,0,9,30
4,350,50.400000,42.984000,1,0,29512073,1141,0,1141,-51,0,9,30
4,350,50.400000,42.984000,1,0,29512083,1141,0,1141,-51,0,9,30
4,350,50.400000,42.984000,1,0,29512094,1141,0,1141,-51,0,9,30
4,350,50.400000,42.984000,1,0,29512104,1141,0,1141,-51,0,9,30
4,350,50.400000,42.984000,1,0,29512115,1141,0,1141,-51,0,9,30
4,350,50.400000,42.984000,1,0,29512126,1141,0,1141,-51,0,9,30
4,350,50.400000,42.984000,1,0,29512138,1141,0,1141,-51,0,9,30
4,350,50.400000,42.984000,1,0,29512149,1141,0,1141,-51,0,9,30
4,350,50.400000,42.984000,1,0,29512159,1141,0,1141,-51,0,9,30
4,350,50.400000,42.984000,1,0,29512170,1141,0,1141,-51,0,9,30
4,350,50.400000,42.984000,1,0,29512182,1141,0,1141,-51,0,9,30
4,350,50.400000,42.984000,1,0,29512192,1141,0,1141,-51,0,9,30
4,350,50.400000,42.984000,1,0,29512203,1141,0,1141,-51,0,9,30
