4,700,21.600000,22.608000,0,1,29482647,610,22,610,22,1,9,7
4,700,21.600000,22.608000,0,1,29482648,610,22,610,22,1,9,7
4,700,21.600000,22.608000,0,1,29482658,610,22,610,22,1,9,7
4,700,21.600000,22.608000,0,1,29482669,610,22,610,22,1,9,7
4,700,21.600000,22.608000,0,1,29482680,610,22,610,22,1,9,7
4,700,21.600000,22.608000,0,1,29482690,610,22,610,22,1,9,7
4,700,21.600000,22.608000,0,1,29482701,610,22,610,22,1,9,7
4,700,21.600000,22.608000,0,1,29482712,610,22,610,22,1,9,7
4,700,21.600000,22.608000,0,1,29482723,612,22,612,22,1,9,7
4,700,21.600000,22.608000,0,1,29482734,623,22,623,22,1,9,7
4,700,21.600000,22.608000,0,1,29482745,644,22,644,22,1,9,7
4,700,21.600000,22.608000,0,1,29482758,682,22,682,22,1,9,7
4,700,21.600000,22.608000,0,1,29482770,745,22,745,22,1,9,7
4,700,21.600000,22.608000,0,1,29482780,822,23,822,23,1,9,7
4,700,21.600000,22.608000,0,1,29482791,904,23,904,23,1,9,7
4,700,21.600000,22.608000,0,1,29482802,995,23,995,23,1,9,7
4,700,21.600000,22.608000,0,1,29482813,1089,23,1089,23,1,9,7
4,700,21.600000,22.608000,0,1,29482824,1182,21,1182,21,1,9,7
4,700,21.600000,22.608000,0,1,29482837,1259,17,1259,17,1,9,7
4,700,21.600000,22.608000,0,1,29482847,1325,12,1325,12,1,9,7
4,700,21.600000,22.608000,0,1,29482859,1374,8,1374,8,1,9,7
4,700,21.600000,22.608000,0,1,29482870,1402,5,1402,5,1,9,7
4,700,21.600000,22.608000,0,1,29482880,1412,3,1412,3,1,9,7
4,700,21.600000,22.608000,0,1,29482890,1413,3,1413,3,1,9,7
4,700,21.600000,22.608000,0,1,29482901,1413,3,1413,3,1,9,7
4,700,21.600000,22.608000,0,1,29482911,1413,2,1413,2,1,9,7
4,700,21.600000,22.608000,0,1,29482921,1412,2,1412,2,1,9,7
4,700,21.600000,22.608000,0,1,29482932,1411,2,1411,2,1,9,7
4,700,21.600000,22.608000,0,1,29482942,1410,2,1410,2,1,9,7
4,700,21.600000,22.608000,0,1,29482954,1410,2,1410,2,1,9,7
4,700,21.600000,22.608000,0,1,29482964,1410,2,1410,2,1,9,7
4,700,21.600000,22.608000,0,1,29482974,1408,2,1408,2,1,9,7
4,700,21.600000,22.608000,0,1,29482985,1406,1,1406,1,1,9,7
4,700,21.600000,22.608000,0,1,29482996,1403,1,1403,1,1,9,7
4,700,21.600000,22.608000,0,1,29483006,1401,1,1401,1,1,9,7
4,700,21.600000,22.608000,0,1,29483016,1400,1,1400,1,1,9,7
4,700,21.600000,22.608000,0,1,29483026,1398,0,1398,0,1,9,7
4,700,21.600000,22.608000,0,1,29483035,1394,0,1394,0,1,9,7
4,700,21.600000,22.608000,0,1,29483047,1389,0,1389,0,1,9,7
4,700,21.600000,22.608000,0,1,29483057,1381,0,1381,0,1,9,7
4,700,21.600000,22.608000,0,1,29483069,1367,0,1367,0,1,9,7
4,700,21.600000,22.608000,0,1,29483080,1348,0,1348,0,1,9,7
4,700,21.600000,22.608000,0,1,29483091,1323,0,1323,0,1,9,7
4,700,21.600000,22.608000,0,1,29483103,1301,0,1301,0,1,9,7
4,700,21.600000,22.608000,0,1,29483114,1290,0,1290,0,1,9,7
4,700,21.600000,22.608000,0,1,29483124,1286,0,1286,0,1,9,7
4,700,21.600000,22.608000,0,1,29483134,1286,0,1286,0,1,9,7
4,700,21.600000,22.608000,0,1,29483144,1286,0,1286,0,1,9,7
4,700,21.600000,22.608000,0,1,29483154,1288,0,1288,0,1,9,7
4,700,21.600000,22.608000,0,1,29483164,1291,0,1291,0,1,9,7
4,700,21.600000,22.608000,0,1,29483174,1292,0,1292,0,1,9,7
4,700,21.600000,22.608000,0,1,29483185,1293,0,1293,0,1,9,7
4,700,21.600000,22.608000,0,1,29483195,1294,0,1294,0,1,9,7
4,700,21.600000,22.608000,0,1,29483205,1294,0,1294,0,1,9,7
4,700,21.600000,22.608000,0,1,29483218,1294,0,1294,0,1,9,7
4,700,21.600000,22.608000,0,1,29483228,1294,0,1294,0,1,9,7
4,700,21.600000,22.608000,0,1,29483239,1294,0,1294,0,1,9,7
4,700,21.600000,22.608000,0,1,29483249,1294,0,1294,0,1,9,7
4,700,21.600000,22.608000,0,1,29483261,1295,0,1295,0,1,9,7
4,700,21.600000,22.608000,0,1,29483273,1295,0,1295,0,1,9,7
4,700,21.600000,22.608000,0,1,29483284,1296,0,1296,0,1,9,7
4,700,21.600000,22.608000,0,1,29483293,1297,0,1297,0,1,9,7
4,700,21.600000,22.608000,0,1,29483305,1298,0,1298,0,1,9,7
4,700,21.600000,22.608000,0,1,29483314,1300,1,1300,1,1,9,7
4,700,21.600000,22.608000,0,1,29483326,1301,1,1301,1,1,9,7
4,700,21.600000,22.608000,0,1,29483335,1303,1,1303,1,1,9,7
4,700,21.600000,22.608000,0,1,29483346,1306,2,1306,2,1,9,7
4,700,21.600000,22.608000,0,1,29483356,1310,2,1310,2,1,9,7
4,700,21.600000,22.608000,0,1,29483367,1313,2,1313,2,1,9,7
4,700,21.600000,22.608000,0,1,29483378,1316,2,1316,2,1,9,7
4,700,21.600000,22.608000,0,1,29483389,1316,2,1316,2,1,9,7
4,700,21.600000,22.608000,0,1,29483398,1316,3,1316,3,1,9,7
4,700,21.600000,22.608000,0,1,29483409,1315,3,1315,3,1,9,7
4,700,21.600000,22.608000,0,1,29483420,1313,3,1313,3,1,9,7
4,700,21.600000,22.608000,0,1,29483429,1312,4,1312,4,1,9,7
4,700,21.600000,22.608000,0,1,29483439,1311,5,1311,5,1,9,7
4,700,21.600000,22.608000,0,1,29483449,1311,5,1311,5,1,9,7
4,700,21.600000,22.608000,0,1,29483459,1311,5,1311,5,1,9,7
4,700,21.600000,22.608000,0,1,29483470,1311,5,1311,5,1,9,7
4,700,21.600000,22.608000,0,1,29483480,1311,5,1311,5,1,9,7
4,700,21.600000,22.608000,0,1,29483491,1311,5,1311,5,1,9,7
4,700,21.600000,22.608000,0,1,29483501,1311,5,1311,5,1,9,7
4,700,21.600000,22.608000,0,1,29483511,1311,5,1311,5,1,9,7
4,700,21.600000,22.608000,0,1,29483522,1311,5,1311,5,1,9,7
4,700,21.600000,22.608000,0,1,29483532,1311,5,1311,5,0,9,7
