64,1000,30.000000,60.000000,0,0,172351226,466,0,466,0,0,25,1
64,1000,30.000000,60.000000,0,0,172351228,466,0,466,0,0,25,1
64,1000,30.000000,60.000000,0,0,172351234,466,0,466,0,0,25,1
64,1000,30.000000,60.000000,0,0,172351241,466,0,466,0,0,25,1
64,1000,30.000000,60.000000,0,0,172351248,466,0,466,0,0,25,1
64,1000,30.000000,60.000000,0,0,172351255,466,0,466,0,0,25,1
64,1000,30.000000,60.000000,0,0,172351262,466,0,466,0,0,25,1
64,1000,30.000000,60.000000,0,0,172351269,466,0,466,0,0,25,1
64,1000,30.000000,60.000000,0,0,172351284,466,0,466,0,0,25,1
64,1000,30.000000,60.000000,0,0,172351293,466,0,466,0,0,25,1
64,1000,30.000000,60.000000,0,0,172351301,466,0,466,0,0,25,1
64,1000,30.000000,60.000000,0,0,172351307,466,0,466,0,0,25,1
64,1000,30.000000,60.000000,0,0,172351314,466,0,466,0,0,25,1
64,1000,30.000000,60.000000,0,0,172351320,466,0,466,0,0,25,1
64,1000,30.000000,60.000000,0,0,172351326,466,0,466,0,0,25,1
64,1000,30.000000,60.000000,0,0,172351332,467,0,467,0,0,25,1
64,1000,30.000000,60.000000,0,0,172351338,469,0,469,0,0,25,1
64,1000,30.000000,60.000000,0,0,172351345,471,0,471,0,0,25,1
64,1000,30.000000,60.000000,0,0,172351352,474,0,474,-1,0,25,1
64,1000,30.000000,60.000000,0,0,172351359,479,0,479,-1,0,25,1
64,1000,30.000000,60.000000,0,0,172351366,485,0,485,-2,0,25,1
64,1000,30.000000,60.000000,0,0,172351373,496,0,496,-3,0,25,1
64,1000,30.000000,60.000000,0,0,172351380,507,0,507,-5,0,25,1
64,1000,30.000000,60.000000,0,0,172351387,522,0,522,-7,0,25,1
64,1000,30.000000,60.000000,0,0,172351394,536,0,536,-8,0,25,1
64,1000,30.000000,60.000000,0,0,172351405,558,0,558,-11,0,25,1
64,1000,30.000000,60.000000,0,0,172351412,598,0,598,-18,0,25,1
64,1000,30.000000,60.000000,0,0,172351417,626,0,626,-24,0,25,1
64,1000,30.000000,60.000000,0,0,172351424,650,0,650,-29,0,25,1
64,1000,30.000000,60.000000,0,0,172351430,679,0,679,-35,0,25,1
64,1000,30.000000,60.000000,0,0,172351436,700,0,700,-38,0,25,1
64,1000,30.000000,60.000000,0,0,172351443,719,0,719,-42,0,25,1
64,1000,30.000000,60.000000,0,0,172351450,756,0,756,-48,0,25,1
64,1000,30.000000,60.000000,0,0,172351456,790,0,790,-53,0,25,1
64,1000,30.000000,60.000000,0,0,172351463,813,0,813,-56,0,25,1
64,1000,30.000000,60.000000,0,0,172351470,852,0,852,-62,0,25,1
64,1000,30.000000,60.000000,0,0,172351477,892,0,892,-68,0,25,1
64,1000,30.000000,60.000000,0,0,172351484,928,0,928,-74,0,25,1
64,1000,30.000000,60.000000,0,0,172351491,968,0,968,-81,0,25,1
64,1000,30.000000,60.000000,0,0,172351497,1008,0,1008,-88,0,25,1
64,1000,30.000000,60.000000,0,0,172351505,1047,0,1047,-94,0,25,1
64,1000,30.000000,60.000000,0,0,172351511,1085,0,1085,-100,0,25,1
64,1000,30.000000,60.000000,0,0,172351519,1114,0,1114,-105,0,25,1
64,1000,30.000000,60.000000,0,0,172351534,1150,0,1150,-111,0,25,1
64,1000,30.000000,60.000000,0,0,172351543,1207,0,1207,-122,0,25,1
64,1000,30.000000,60.000000,0,0,172351551,1245,0,1245,-130,0,25,1
64,1000,30.000000,60.000000,0,0,172351558,1265,0,1265,-135,0,25,1
64,1000,30.000000,60.000000,0,0,172351564,1285,0,1285,-140,0,25,1
64,1000,30.000000,60.000000,0,0,172351570,1296,0,1296,-143,0,25,1
64,1000,30.000000,60.000000,0,0,172351576,1307,0,1307,-146,0,25,1
64,1000,30.000000,60.000000,0,0,172351583,1314,0,1314,-148,0,25,1
64,1000,30.000000,60.000000,0,0,172351592,1323,0,1323,-151,0,25,1
64,1000,30.000000,60.000000,0,0,172351601,1334,0,1334,-154,0,25,1
64,1000,30.000000,60.000000,0,0,172351609,1344,0,1344,-157,0,25,1
64,1000,30.000000,60.000000,0,0,172351617,1349,0,1349,-159,0,25,1
64,1000,30.000000,60.000000,0,0,172351623,1354,0,1354,-160,0,25,1
64,1000,30.000000,60.000000,0,0,172351630,1357,0,1357,-161,0,25,1
64,1000,30.000000,60.000000,0,0,172351637,1359,0,1359,-161,0,25,1
64,1000,30.000000,60.000000,0,0,172351644,1360,0,1360,-162,0,25,1
64,1000,30.000000,60.000000,0,0,172351651,1362,0,1362,-162,0,25,1
64,1000,30.000000,60.000000,0,0,172351658,1363,0,1363,-162,0,25,1
64,1000,30.000000,60.000000,0,0,172351666,1364,0,1364,-163,0,25,1
64,1000,30.000000,60.000000,0,0,172351672,1365,0,1365,-164,0,25,1
64,1000,30.000000,60.000000,0,0,172351678,1366,0,1366,-165,0,25,1
64,1000,30.000000,60.000000,0,0,172351685,1367,0,1367,-166,0,25,1
64,1000,30.000000,60.000000,0,0,172351692,1368,0,1368,-166,0,25,1
64,1000,30.000000,60.000000,0,0,172351699,1369,0,1369,-167,0,25,1
64,1000,30.000000,60.000000,0,0,172351706,1370,0,1370,-167,0,25,1
64,1000,30.000000,60.000000,0,0,172351713,1372,0,1372,-167,0,25,1
64,1000,30.000000,60.000000,0,0,172351720,1373,0,1373,-169,0,25,1
64,1000,30.000000,60.000000,0,0,172351727,1375,0,1375,-170,0,25,1
64,1000,30.000000,60.000000,0,0,172351734,1377,0,1377,-171,0,25,1
64,1000,30.000000,60.000000,0,0,172351741,1379,0,1379,-172,0,25,1
64,1000,30.000000,60.000000,0,0,172351748,1381,0,1381,-173,0,25,1
64,1000,30.000000,60.000000,0,0,172351755,1384,0,1384,-174,0,25,1
64,1000,30.000000,60.000000,0,0,172351763,1387,0,1387,-175,0,25,1
64,1000,30.000000,60.000000,0,0,172351768,1391,0,1391,-176,0,25,1
64,1000,30.000000,60.000000,0,0,172351784,1395,0,1395,-177,0,25,1
64,1000,30.000000,60.000000,0,0,172351793,1407,0,1407,-181,0,25,1
64,1000,30.000000,60.000000,0,0,172351801,1417,0,1417,-183,0,25,1
64,1000,30.000000,60.000000,0,0,172351808,1426,0,1426,-184,0,25,1
64,1000,30.000000,60.000000,0,0,172351815,1432,0,1432,-185,0,25,1
64,1000,30.000000,60.000000,0,0,172351822,1437,0,1437,-187,0,25,1
64,1000,30.000000,60.000000,0,0,172351828,1443,0,1443,-188,0,25,1
64,1000,30.000000,60.000000,0,0,172351834,1446,0,1446,-189,0,25,1
64,1000,30.000000,60.000000,0,0,172351841,1450,0,1450,-190,0,25,1
64,1000,30.000000,60.000000,0,0,172351847,1453,0,1453,-190,0,25,1
64,1000,30.000000,60.000000,0,0,172351852,1454,0,1454,-190,0,25,1
64,1000,30.000000,60.000000,0,0,172351859,1455,0,1455,-191,0,25,1
64,1000,30.000000,60.000000,0,0,172351866,1456,0,1456,-191,0,25,1
64,1000,30.000000,60.000000,0,0,172351873,1457,0,1457,-191,0,25,1
64,1000,30.000000,60.000000,0,0,172351880,1458,0,1458,-191,0,25,1
64,1000,30.000000,60.000000,0,0,172351887,1459,0,1459,-191,0,25,1
64,1000,30.000000,60.000000,0,0,172351894,1461,0,1461,-191,0,25,1
64,1000,30.000000,60.000000,0,0,172351902,1462,0,1462,-191,0,25,1
64,1000,30.000000,60.000000,0,0,172351908,1463,0,1463,-191,0,25,1
64,1000,30.000000,60.000000,0,0,172351915,1465,0,1465,-191,0,25,1
64,1000,30.000000,60.000000,0,0,172351921,1466,0,1466,-192,0,25,1
64,1000,30.000000,60.000000,0,0,172351928,1468,0,1468,-192,0,25,1
64,1000,30.000000,60.000000,0,0,172351944,1469,0,1469,-192,0,25,1
64,1000,30.000000,60.000000,0,0,172351953,1470,0,1470,-192,0,25,1
64,1000,30.000000,60.000000,0,0,172351961,1471,0,1471,-192,0,25,1
64,1000,30.000000,60.000000,0,0,172351967,1471,0,1471,-192,0,25,1
64,1000,30.000000,60.000000,0,0,172351974,1471,0,1471,-192,0,25,1
64,1000,30.000000,60.000000,0,0,172351980,1471,0,1471,-192,0,25,1
64,1000,30.000000,60.000000,0,0,172351985,1472,0,1472,-192,0,25,1
64,1000,30.000000,60.000000,0,0,172351992,1473,0,1473,-192,0,25,1
64,1000,30.000000,60.000000,0,0,172351999,1475,0,1475,-192,0,25,1
64,1000,30.000000,60.000000,0,0,172352005,1477,0,1477,-192,0,25,1
64,1000,30.000000,60.000000,0,0,172352012,1479,0,1479,-192,0,25,1
64,1000,30.000000,60.000000,0,0,172352018,1483,0,1483,-192,0,25,1
64,1000,30.000000,60.000000,0,0,172352034,1486,0,1486,-192,0,25,1
64,1000,30.000000,60.000000,0,0,172352043,1490,0,1490,-193,0,25,1
64,1000,30.000000,60.000000,0,0,172352051,1491,0,1491,-193,0,25,1
64,1000,30.000000,60.000000,0,0,172352057,1491,0,1491,-193,0,25,1
64,1000,30.000000,60.000000,0,0,172352063,1491,0,1491,-193,0,25,1
64,1000,30.000000,60.000000,0,0,172352069,1491,0,1491,-193,0,25,1
64,1000,30.000000,60.000000,0,0,172352075,1491,0,1491,-193,0,25,1
64,1000,30.000000,60.000000,0,0,172352082,1491,0,1491,-193,0,25,1
64,1000,30.000000,60.000000,0,0,172352088,1491,0,1491,-193,0,25,1
64,1000,30.000000,60.000000,0,0,172352095,1491,0,1491,-193,0,25,1
64,1000,30.000000,60.000000,0,0,172352102,1491,0,1491,-193,0,25,1
64,1000,30.000000,60.000000,0,0,172352109,1491,0,1491,-193,0,25,1
64,1000,30.000000,60.000000,0,0,172352116,1491,0,1491,-193,0,25,1
64,1000,30.000000,60.000000,0,0,172352123,1491,0,1491,-193,0,25,1
64,1000,30.000000,60.000000,0,0,172352130,1491,0,1491,-193,0,25,1
64,1000,30.000000,60.000000,0,0,172352137,1491,0,1491,-193,0,25,1
64,1000,30.000000,60.000000,0,0,172352144,1491,0,1491,-193,0,25,1
64,1000,30.000000,60.000000,0,0,172352159,1491,0,1491,-193,0,25,1
64,1000,30.000000,60.000000,0,0,172352169,1491,0,1491,-193,0,25,1
64,1000,30.000000,60.000000,0,0,172352177,1491,0,1491,-193,0,25,1
64,1000,30.000000,60.000000,0,0,172352183,1490,0,1490,-193,0,25,1
64,1000,30.000000,60.000000,0,0,172352189,1489,0,1489,-193,0,25,1
64,1000,30.000000,60.000000,0,0,172352195,1488,0,1488,-193,0,25,1
64,1000,30.000000,60.000000,0,0,172352201,1486,0,1486,-193,0,25,1
64,1000,30.000000,60.000000,0,0,172352207,1485,0,1485,-193,0,25,1
64,1000,30.000000,60.000000,0,0,172352213,1484,0,1484,-193,0,25,1
64,1000,30.000000,60.000000,0,0,172352221,1482,1,1482,-192,0,25,1
64,1000,30.000000,60.000000,0,0,172352227,1480,1,1480,-192,0,25,1
64,1000,30.000000,60.000000,0,0,172352234,1478,1,1478,-192,0,25,1
64,1000,30.000000,60.000000,0,0,172352250,1477,1,1477,-192,0,25,1
64,1000,30.000000,60.000000,0,0,172352259,1475,2,1475,-191,0,25,1
64,1000,30.000000,60.000000,0,0,172352267,1474,2,1474,-191,0,25,1
64,1000,30.000000,60.000000,0,0,172352273,1474,2,1474,-191,0,25,1
64,1000,30.000000,60.000000,0,0,172352279,1474,2,1474,-191,0,25,1
64,1000,30.000000,60.000000,0,0,172352285,1474,2,1474,-191,0,25,1
64,1000,30.000000,60.000000,0,0,172352291,1474,2,1474,-191,0,25,1
64,1000,30.000000,60.000000,0,0,172352297,1474,2,1474,-191,0,25,1
64,1000,30.000000,60.000000,0,0,172352303,1474,2,1474,-191,0,25,1
64,1000,30.000000,60.000000,0,0,172352310,1474,2,1474,-191,0,25,1
64,1000,30.000000,60.000000,0,0,172352317,1474,2,1474,-191,0,25,1
64,1000,30.000000,60.000000,0,0,172352324,1474,2,1474,-191,0,25,1
64,1000,30.000000,60.000000,0,0,172352331,1474,2,1474,-191,0,25,1
64,1000,30.000000,60.000000,0,0,172352338,1474,2,1474,-191,0,25,1
64,1000,30.000000,60.000000,0,0,172352345,1474,2,1474,-191,0,25,1
64,1000,30.000000,60.000000,0,0,172352352,1474,2,1474,-191,0,25,1
64,1000,30.000000,60.000000,0,0,172352359,1474,2,1474,-191,0,25,1
64,1000,30.000000,60.000000,0,0,172352366,1474,2,1474,-191,0,25,1
64,1000,30.000000,60.000000,0,0,172352373,1474,2,1474,-191,0,25,1
64,1000,30.000000,60.000000,0,0,172352380,1474,2,1474,-191,0,25,1
64,1000,30.000000,60.000000,0,0,172352387,1474,2,1474,-191,0,25,1
64,1000,30.000000,60.000000,0,0,172352394,1474,2,1474,-191,0,25,1
64,1000,30.000000,60.000000,0,0,172352401,1474,2,1474,-191,0,25,1
64,1000,30.000000,60.000000,0,0,172352408,1474,2,1474,-191,0,25,1
64,1000,30.000000,60.000000,0,0,172352414,1474,2,1474,-191,0,25,1
64,1000,30.000000,60.000000,0,0,172352421,1474,2,1474,-191,0,25,1
64,1000,30.000000,60.000000,0,0,172352428,1474,2,1474,-191,0,25,1
64,1000,30.000000,60.000000,0,0,172352444,1474,2,1474,-191,0,25,1
64,1000,30.000000,60.000000,0,0,172352453,1474,2,1474,-191,0,25,1
64,1000,30.000000,60.000000,0,0,172352461,1474,2,1474,-191,0,25,1
64,1000,30.000000,60.000000,0,0,172352467,1474,2,1474,-191,0,25,1
64,1000,30.000000,60.000000,0,0,172352474,1473,2,1473,-191,0,25,1
64,1000,30.000000,60.000000,0,0,172352480,1473,2,1473,-191,0,25,1
64,1000,30.000000,60.000000,0,0,172352486,1472,2,1472,-191,0,25,1
64,1000,30.000000,60.000000,0,0,172352492,1471,2,1471,-191,0,25,1
64,1000,30.000000,60.000000,0,0,172352498,1470,2,1470,-191,0,25,1
64,1000,30.000000,60.000000,0,0,172352505,1469,2,1469,-191,0,25,1
64,1000,30.000000,60.000000,0,0,172352512,1469,2,1469,-191,0,25,1
64,1000,30.000000,60.000000,0,0,172352519,1469,2,1469,-191,0,25,1
64,1000,30.000000,60.000000,0,0,172352534,1469,2,1469,-191,0,25,1
64,1000,30.000000,60.000000,0,0,172352543,1468,2,1468,-191,0,25,1
64,1000,30.000000,60.000000,0,0,172352551,1467,2,1467,-191,0,25,1
64,1000,30.000000,60.000000,0,0,172352557,1467,2,1467,-191,0,25,1
64,1000,30.000000,60.000000,0,0,172352564,1466,2,1466,-191,0,25,1
64,1000,30.000000,60.000000,0,0,172352570,1465,2,1465,-191,0,25,1
64,1000,30.000000,60.000000,0,0,172352576,1465,2,1465,-191,0,25,1
64,1000,30.000000,60.000000,0,0,172352582,1465,2,1465,-191,0,25,1
64,1000,30.000000,60.000000,0,0,172352588,1465,2,1465,-191,0,25,1
64,1000,30.000000,60.000000,0,0,172352595,1465,2,1465,-191,0,25,1
64,1000,30.000000,60.000000,0,0,172352602,1465,2,1465,-191,0,25,1
64,1000,30.000000,60.000000,0,0,172352609,1465,2,1465,-191,0,25,1
64,1000,30.000000,60.000000,0,0,172352641,1465,2,1465,-191,0,25,1
