64,1000,30.000000,60.000000,0,0,172399690,461,0,461,0,0,32,1
64,1000,30.000000,60.000000,0,0,172399691,461,0,461,0,0,32,1
64,1000,30.000000,60.000000,0,0,172399698,461,0,461,0,0,32,1
64,1000,30.000000,60.000000,0,0,172399705,461,0,461,0,0,32,1
64,1000,30.000000,60.000000,0,0,172399712,461,0,461,0,0,32,1
64,1000,30.000000,60.000000,0,0,172399719,461,0,461,0,0,32,1
64,1000,30.000000,60.000000,0,0,172399726,461,0,461,0,0,32,1
64,1000,30.000000,60.000000,0,0,172399733,461,0,461,0,0,32,1
64,1000,30.000000,60.000000,0,0,172399740,461,0,461,0,0,32,1
64,1000,30.000000,60.000000,0,0,172399747,461,0,461,0,0,32,1
64,1000,30.000000,60.000000,0,0,172399755,461,0,461,0,0,32,1
64,1000,30.000000,60.000000,0,0,172399761,462,0,462,0,0,32,1
64,1000,30.000000,60.000000,0,0,172399768,463,0,463,0,0,32,1
64,1000,30.000000,60.000000,0,0,172399774,464,1,464,1,0,32,1
64,1000,30.000000,60.000000,0,0,172399782,466,2,466,2,0,32,1
64,1000,30.000000,60.000000,0,0,172399789,469,2,469,2,0,32,1
64,1000,30.000000,60.000000,0,0,172399798,472,3,472,3,0,32,1
64,1000,30.000000,60.000000,0,0,172399806,478,3,478,3,0,32,1
64,1000,30.000000,60.000000,0,0,172399812,485,3,485,3,0,32,1
64,1000,30.000000,60.000000,0,0,172399818,491,3,491,3,0,32,1
64,1000,30.000000,60.000000,0,0,172399824,498,3,498,3,0,32,1
64,1000,30.000000,60.000000,0,0,172399831,505,3,505,3,0,32,1
64,1000,30.000000,60.000000,0,0,172399837,516,3,516,3,0,32,1
64,1000,30.000000,60.000000,0,0,172399844,528,3,528,3,0,32,1
64,1000,30.000000,60.000000,0,0,172399851,543,3,543,3,0,32,1
64,1000,30.000000,60.000000,0,0,172399858,558,3,558,3,0,32,1
64,1000,30.000000,60.000000,0,0,172399864,580,2,580,2,0,32,1
64,1000,30.000000,60.000000,0,0,172399872,603,1,603,1,0,32,1
64,1000,30.000000,60.000000,0,0,172399879,630,1,630,1,0,32,1
64,1000,30.000000,60.000000,0,0,172399895,658,1,658,1,0,32,1
64,1000,30.000000,60.000000,0,0,172399906,729,0,729,0,0,32,1
64,1000,30.000000,60.000000,0,0,172399915,780,0,780,0,0,32,1
64,1000,30.000000,60.000000,0,0,172399922,823,0,823,0,0,32,1
64,1000,30.000000,60.000000,0,0,172399929,852,1,852,1,0,32,1
64,1000,30.000000,60.000000,0,0,172399935,892,3,892,3,0,32,1
64,1000,30.000000,60.000000,0,0,172399941,922,4,922,4,0,32,1
64,1000,30.000000,60.000000,0,0,172399948,958,7,958,7,0,32,1
64,1000,30.000000,60.000000,0,0,172399955,995,9,995,9,0,32,1
64,1000,30.000000,60.000000,0,0,172399962,1024,11,1024,11,0,32,1
64,1000,30.000000,60.000000,0,0,172399969,1061,14,1061,14,0,32,1
64,1000,30.000000,60.000000,0,0,172399984,1090,15,1090,15,0,32,1
64,1000,30.000000,60.000000,0,0,172399993,1143,17,1143,17,0,32,1
64,1000,30.000000,60.000000,0,0,172400001,1170,18,1170,18,0,32,1
64,1000,30.000000,60.000000,0,0,172400008,1193,19,1193,19,0,32,1
64,1000,30.000000,60.000000,0,0,172400014,1211,19,1211,19,0,32,1
64,1000,30.000000,60.000000,0,0,172400021,1223,20,1223,20,0,32,1
64,1000,30.000000,60.000000,0,0,172400027,1238,20,1238,20,0,32,1
64,1000,30.000000,60.000000,0,0,172400033,1248,20,1248,20,0,32,1
64,1000,30.000000,60.000000,0,0,172400039,1258,20,1258,20,0,32,1
64,1000,30.000000,60.000000,0,0,172400045,1268,21,1268,21,0,32,1
64,1000,30.000000,60.000000,0,0,172400052,1275,21,1275,21,0,32,1
64,1000,30.000000,60.000000,0,0,172400059,1283,21,1283,21,0,32,1
64,1000,30.000000,60.000000,0,0,172400066,1289,21,1289,21,0,32,1
64,1000,30.000000,60.000000,0,0,172400073,1294,21,1294,21,0,32,1
64,1000,30.000000,60.000000,0,0,172400080,1299,21,1299,21,0,32,1
64,1000,30.000000,60.000000,0,0,172400088,1303,21,1303,21,0,32,1
64,1000,30.000000,60.000000,0,0,172400094,1306,22,1306,22,0,32,1
64,1000,30.000000,60.000000,0,0,172400101,1309,22,1309,22,0,32,1
64,1000,30.000000,60.000000,0,0,172400108,1312,22,1312,22,0,32,1
64,1000,30.000000,60.000000,0,0,172400115,1315,22,1315,22,0,32,1
64,1000,30.000000,60.000000,0,0,172400122,1318,22,1318,22,0,32,1
64,1000,30.000000,60.000000,0,0,172400129,1321,22,1321,22,0,32,1
64,1000,30.000000,60.000000,0,0,172400150,1324,22,1324,22,0,32,1
64,1000,30.000000,60.000000,0,0,172400160,1338,22,1338,22,0,32,1
64,1000,30.000000,60.000000,0,0,172400169,1345,22,1345,22,0,32,1
64,1000,30.000000,60.000000,0,0,172400175,1353,22,1353,22,0,32,1
64,1000,30.000000,60.000000,0,0,172400182,1357,22,1357,22,0,32,1
64,1000,30.000000,60.000000,0,0,172400188,1362,22,1362,22,0,32,1
64,1000,30.000000,60.000000,0,0,172400194,1367,22,1367,22,0,32,1
64,1000,30.000000,60.000000,0,0,172400200,1371,22,1371,22,0,32,1
64,1000,30.000000,60.000000,0,0,172400206,1376,22,1376,22,0,32,1
64,1000,30.000000,60.000000,0,0,172400212,1380,21,1380,21,0,32,1
64,1000,30.000000,60.000000,0,0,172400219,1384,21,1384,21,0,32,1
64,1000,30.000000,60.000000,0,0,172400226,1387,20,1387,20,0,32,1
64,1000,30.000000,60.000000,0,0,172400233,1391,20,1391,20,0,32,1
64,1000,30.000000,60.000000,0,0,172400241,1395,20,1395,20,0,32,1
64,1000,30.000000,60.000000,0,0,172400248,1398,19,1398,19,0,32,1
64,1000,30.000000,60.000000,0,0,172400254,1400,19,1400,19,0,32,1
64,1000,30.000000,60.000000,0,0,172400261,1403,19,1403,19,0,32,1
64,1000,30.000000,60.000000,0,0,172400268,1405,19,1405,19,0,32,1
64,1000,30.000000,60.000000,0,0,172400275,1406,19,1406,19,0,32,1
64,1000,30.000000,60.000000,0,0,172400281,1408,19,1408,19,0,32,1
64,1000,30.000000,60.000000,0,0,172400288,1408,19,1408,19,0,32,1
64,1000,30.000000,60.000000,0,0,172400295,1408,19,1408,19,0,32,1
64,1000,30.000000,60.000000,0,0,172400302,1408,19,1408,19,0,32,1
64,1000,30.000000,60.000000,0,0,172400309,1409,19,1409,19,0,32,1
64,1000,30.000000,60.000000,0,0,172400316,1410,18,1410,18,0,32,1
64,1000,30.000000,60.000000,0,0,172400324,1412,18,1412,18,0,32,1
64,1000,30.000000,60.000000,0,0,172400331,1415,18,1415,18,0,32,1
64,1000,30.000000,60.000000,0,0,172400337,1418,18,1418,18,0,32,1
64,1000,30.000000,60.000000,0,0,172400344,1422,17,1422,17,0,32,1
64,1000,30.000000,60.000000,0,0,172400351,1427,17,1427,17,0,32,1
64,1000,30.000000,60.000000,0,0,172400359,1432,16,1432,16,0,32,1
64,1000,30.000000,60.000000,0,0,172400365,1438,15,1438,15,0,32,1
64,1000,30.000000,60.000000,0,0,172400372,1443,15,1443,15,0,32,1
64,1000,30.000000,60.000000,0,0,172400379,1447,14,1447,14,0,32,1
64,1000,30.000000,60.000000,0,0,172400386,1450,14,1450,14,0,32,1
64,1000,30.000000,60.000000,0,0,172400392,1452,14,1452,14,0,32,1
64,1000,30.000000,60.000000,0,0,172400400,1454,14,1454,14,0,32,1
64,1000,30.000000,60.000000,0,0,172400406,1456,14,1456,14,0,32,1
64,1000,30.000000,60.000000,0,0,172400413,1457,14,1457,14,0,32,1
64,1000,30.000000,60.000000,0,0,172400420,1458,14,1458,14,0,32,1
64,1000,30.000000,60.000000,0,0,172400427,1458,14,1458,14,0,32,1
64,1000,30.000000,60.000000,0,0,172400435,1458,14,1458,14,0,32,1
64,1000,30.000000,60.000000,0,0,172400441,1458,14,1458,14,0,32,1
64,1000,30.000000,60.000000,0,0,172400448,1459,13,1459,13,0,32,1
64,1000,30.000000,60.000000,0,0,172400455,1461,13,1461,13,0,32,1
64,1000,30.000000,60.000000,0,0,172400462,1462,13,1462,13,0,32,1
64,1000,30.000000,60.000000,0,0,172400469,1464,13,1464,13,0,32,1
64,1000,30.000000,60.000000,0,0,172400475,1466,13,1466,13,0,32,1
64,1000,30.000000,60.000000,0,0,172400483,1469,13,1469,13,0,32,1
64,1000,30.000000,60.000000,0,0,172400489,1472,13,1472,13,0,32,1
64,1000,30.000000,60.000000,0,0,172400497,1474,12,1474,12,0,32,1
64,1000,30.000000,60.000000,0,0,172400504,1475,12,1475,12,0,32,1
64,1000,30.000000,60.000000,0,0,172400519,1477,12,1477,12,0,32,1
64,1000,30.000000,60.000000,0,0,172400528,1477,12,1477,12,0,32,1
64,1000,30.000000,60.000000,0,0,172400536,1477,12,1477,12,0,32,1
64,1000,30.000000,60.000000,0,0,172400542,1477,12,1477,12,0,32,1
64,1000,30.000000,60.000000,0,0,172400548,1477,12,1477,12,0,32,1
64,1000,30.000000,60.000000,0,0,172400554,1477,12,1477,12,0,32,1
64,1000,30.000000,60.000000,0,0,172400560,1477,12,1477,12,0,32,1
64,1000,30.000000,60.000000,0,0,172400566,1477,12,1477,12,0,32,1
64,1000,30.000000,60.000000,0,0,172400573,1477,12,1477,12,0,32,1
64,1000,30.000000,60.000000,0,0,172400580,1477,12,1477,12,0,32,1
64,1000,30.000000,60.000000,0,0,172400587,1477,12,1477,12,0,32,1
64,1000,30.000000,60.000000,0,0,172400594,1477,12,1477,12,0,32,1
64,1000,30.000000,60.000000,0,0,172400610,1477,12,1477,12,0,32,1
64,1000,30.000000,60.000000,0,0,172400619,1477,12,1477,12,0,32,1
64,1000,30.000000,60.000000,0,0,172400627,1477,12,1477,12,0,32,1
64,1000,30.000000,60.000000,0,0,172400633,1477,12,1477,12,0,32,1
64,1000,30.000000,60.000000,0,0,172400639,1477,12,1477,12,0,32,1
64,1000,30.000000,60.000000,0,0,172400645,1477,12,1477,12,0,32,1
64,1000,30.000000,60.000000,0,0,172400651,1477,12,1477,12,0,32,1
64,1000,30.000000,60.000000,0,0,172400657,1477,12,1477,12,0,32,1
64,1000,30.000000,60.000000,0,0,172400663,1477,12,1477,12,0,32,1
64,1000,30.000000,60.000000,0,0,172400679,1477,12,1477,12,0,32,1
64,1000,30.000000,60.000000,0,0,172400688,1477,12,1477,12,0,32,1
64,1000,30.000000,60.000000,0,0,172400696,1477,12,1477,12,0,32,1
64,1000,30.000000,60.000000,0,0,172400702,1477,12,1477,12,0,32,1
64,1000,30.000000,60.000000,0,0,172400708,1477,12,1477,12,0,32,1
64,1000,30.000000,60.000000,0,0,172400714,1477,12,1477,12,0,32,1
64,1000,30.000000,60.000000,0,0,172400720,1477,12,1477,12,0,32,1
64,1000,30.000000,60.000000,0,0,172400726,1477,12,1477,12,0,32,1
64,1000,30.000000,60.000000,0,0,172400733,1475,12,1475,12,0,32,1
64,1000,30.000000,60.000000,0,0,172400740,1474,13,1474,13,0,32,1
64,1000,30.000000,60.000000,0,0,172400747,1472,13,1472,13,0,32,1
64,1000,30.000000,60.000000,0,0,172400754,1470,13,1470,13,0,32,1
64,1000,30.000000,60.000000,0,0,172400769,1468,13,1468,13,0,32,1
64,1000,30.000000,60.000000,0,0,172400778,1464,13,1464,13,0,32,1
64,1000,30.000000,60.000000,0,0,172400786,1462,13,1462,13,0,32,1
64,1000,30.000000,60.000000,0,0,172400792,1461,13,1461,13,0,32,1
64,1000,30.000000,60.000000,0,0,172400799,1461,13,1461,13,0,32,1
64,1000,30.000000,60.000000,0,0,172400805,1460,13,1460,13,0,32,1
64,1000,30.000000,60.000000,0,0,172400811,1460,13,1460,13,0,32,1
64,1000,30.000000,60.000000,0,0,172400817,1460,13,1460,13,0,32,1
64,1000,30.000000,60.000000,0,0,172400823,1460,13,1460,13,0,32,1
64,1000,30.000000,60.000000,0,0,172400830,1459,13,1459,13,0,32,1
64,1000,30.000000,60.000000,0,0,172400837,1459,13,1459,13,0,32,1
64,1000,30.000000,60.000000,0,0,172400844,1459,13,1459,13,0,32,1
64,1000,30.000000,60.000000,0,0,172400851,1459,13,1459,13,0,32,1
64,1000,30.000000,60.000000,0,0,172400858,1459,13,1459,13,0,32,1
64,1000,30.000000,60.000000,0,0,172400865,1459,13,1459,13,0,32,1
64,1000,30.000000,60.000000,0,0,172400872,1459,13,1459,13,0,32,1
64,1000,30.000000,60.000000,0,0,172400879,1459,13,1459,13,0,32,1
64,1000,30.000000,60.000000,0,0,172400886,1459,13,1459,13,0,32,1
64,1000,30.000000,60.000000,0,0,172400892,1459,13,1459,13,0,32,1
64,1000,30.000000,60.000000,0,0,172400899,1459,13,1459,13,0,32,1
64,1000,30.000000,60.000000,0,0,172400907,1459,13,1459,13,0,32,1
64,1000,30.000000,60.000000,0,0,172400914,1459,13,1459,13,0,32,1
64,1000,30.000000,60.000000,0,0,172400920,1459,13,1459,13,0,32,1
64,1000,30.000000,60.000000,0,0,172400928,1459,13,1459,13,0,32,1
64,1000,30.000000,60.000000,0,0,172400934,1459,13,1459,13,0,32,1
64,1000,30.000000,60.000000,0,0,172400950,1459,13,1459,13,0,32,1
64,1000,30.000000,60.000000,0,0,172400959,1459,13,1459,13,0,32,1
64,1000,30.000000,60.000000,0,0,172400966,1459,13,1459,13,0,32,1
64,1000,30.000000,60.000000,0,0,172400973,1459,13,1459,13,0,32,1
64,1000,30.000000,60.000000,0,0,172400979,1459,13,1459,13,0,32,1
64,1000,30.000000,60.000000,0,0,172400985,1459,13,1459,13,0,32,1
64,1000,30.000000,60.000000,0,0,172400991,1459,13,1459,13,0,32,1
64,1000,30.000000,60.000000,0,0,172401020,1459,13,1459,13,0,32,1
