109,360,21.600000,10000.000000,1,2,1288279260,774,6,774,6,0,79,4
109,360,21.600000,10000.000000,1,2,1288279262,774,6,774,6,0,79,4
109,360,21.600000,10000.000000,1,2,1288279267,774,6,774,6,0,79,4
109,360,21.600000,10000.000000,1,2,1288279273,774,6,774,6,0,79,4
109,360,21.600000,10000.000000,1,2,1288279278,774,6,774,6,0,79,4
109,360,21.600000,10000.000000,1,2,1288279283,774,6,774,6,0,79,4
109,360,21.600000,10000.000000,1,2,1288279289,774,6,774,6,0,79,4
109,360,21.600000,10000.000000,1,2,1288279294,775,6,775,6,0,79,4
109,360,21.600000,10000.000000,1,2,1288279300,776,6,776,6,0,79,4
109,360,21.600000,10000.000000,1,2,1288279305,776,6,776,6,0,79,4
109,360,21.600000,10000.000000,1,2,1288279311,776,6,776,6,0,79,4
109,360,21.600000,10000.000000,1,2,1288279317,776,6,776,6,0,79,4
109,360,21.600000,10000.000000,1,2,1288279322,777,6,777,6,0,79,4
109,360,21.600000,10000.000000,1,2,1288279328,778,7,778,7,0,79,4
109,360,21.600000,10000.000000,1,2,1288279334,783,8,783,8,0,79,4
109,360,21.600000,10000.000000,1,2,1288279340,790,9,790,9,0,79,4
109,360,21.600000,10000.000000,1,2,1288279345,804,11,804,11,0,79,4
109,360,21.600000,10000.000000,1,2,1288279351,820,13,820,13,0,79,4
109,360,21.600000,10000.000000,1,2,1288279356,839,15,839,15,0,79,4
109,360,21.600000,10000.000000,1,2,1288279362,863,18,863,18,0,79,4
109,360,21.600000,10000.000000,1,2,1288279368,888,21,888,21,0,79,4
109,360,21.600000,10000.000000,1,2,1288279374,914,24,914,24,0,79,4
109,360,21.600000,10000.000000,1,2,1288279379,941,27,941,27,0,79,4
109,360,21.600000,10000.000000,1,2,1288279385,966,29,966,29,0,79,4
109,360,21.600000,10000.000000,1,2,1288279390,993,31,993,31,0,79,4
109,360,21.600000,10000.000000,1,2,1288279396,1020,33,1020,33,0,79,4
109,360,21.600000,10000.000000,1,2,1288279402,1054,36,1054,36,0,79,4
109,360,21.600000,10000.000000,1,2,1288279407,1082,38,1082,38,0,79,4
109,360,21.600000,10000.000000,1,2,1288279412,1109,39,1109,39,0,79,4
109,360,21.600000,10000.000000,1,2,1288279418,1131,39,1131,39,0,79,4
109,360,21.600000,10000.000000,1,2,1288279424,1150,39,1150,39,0,79,4
109,360,21.600000,10000.000000,1,2,1288279429,1167,39,1167,39,0,79,4
109,360,21.600000,10000.000000,1,2,1288279435,1181,38,1181,38,0,79,4
109,360,21.600000,10000.000000,1,2,1288279441,1189,36,1189,36,0,79,4
109,360,21.600000,10000.000000,1,2,1288279446,1191,34,1191,34,0,79,4
109,360,21.600000,10000.000000,1,2,1288279452,1191,33,1191,33,0,79,4
109,360,21.600000,10000.000000,1,2,1288279458,1189,31,1189,31,0,79,4
109,360,21.600000,10000.000000,1,2,1288279463,1185,29,1185,29,0,79,4
109,360,21.600000,10000.000000,1,2,1288279468,1180,27,1180,27,0,79,4
109,360,21.600000,10000.000000,1,2,1288279474,1174,25,1174,25,0,79,4
109,360,21.600000,10000.000000,1,2,1288279480,1166,23,1166,23,0,79,4
109,360,21.600000,10000.000000,1,2,1288279485,1158,21,1158,21,0,79,4
109,360,21.600000,10000.000000,1,2,1288279491,1152,20,1152,20,0,79,4
109,360,21.600000,10000.000000,1,2,1288279497,1147,19,1147,19,0,79,4
109,360,21.600000,10000.000000,1,2,1288279502,1144,18,1144,18,0,79,4
109,360,21.600000,10000.000000,1,2,1288279508,1143,18,1143,18,0,79,4
109,360,21.600000,10000.000000,1,2,1288279513,1142,17,1142,17,0,79,4
109,360,21.600000,10000.000000,1,2,1288279519,1142,17,1142,17,0,79,4
109,360,21.600000,10000.000000,1,2,1288279524,1142,17,1142,17,0,79,4
109,360,21.600000,10000.000000,1,2,1288279530,1142,17,1142,17,0,79,4
109,360,21.600000,10000.000000,1,2,1288279536,1143,17,1143,17,0,79,4
109,360,21.600000,10000.000000,1,2,1288279541,1144,17,1144,17,0,79,4
109,360,21.600000,10000.000000,1,2,1288279547,1145,17,1145,17,0,79,4
109,360,21.600000,10000.000000,1,2,1288279552,1145,17,1145,17,0,79,4
109,360,21.600000,10000.000000,1,2,1288279558,1145,17,1145,17,0,79,4
109,360,21.600000,10000.000000,1,2,1288279564,1145,17,1145,17,0,79,4
109,360,21.600000,10000.000000,1,2,1288279569,1145,17,1145,17,0,79,4
109,360,21.600000,10000.000000,1,2,1288279575,1145,17,1145,17,0,79,4
109,360,21.600000,10000.000000,1,2,1288279580,1145,17,1145,17,0,79,4
109,360,21.600000,10000.000000,1,2,1288279586,1145,17,1145,17,0,79,4
109,360,21.600000,10000.000000,1,2,1288279591,1145,17,1145,17,0,79,4
109,360,21.600000,10000.000000,1,2,1288279596,1145,17,1145,17,0,79,4
109,360,21.600000,10000.000000,1,2,1288279601,1144,17,1144,17,0,79,4
109,360,21.600000,10000.000000,1,2,1288279607,1143,17,1143,17,0,79,4
109,360,21.600000,10000.000000,1,2,1288279612,1142,16,1142,16,0,79,4
109,360,21.600000,10000.000000,1,2,1288279618,1142,16,1142,16,0,79,4
109,360,21.600000,10000.000000,1,2,1288279624,1142,16,1142,16,0,79,4
109,360,21.600000,10000.000000,1,2,1288279629,1142,16,1142,16,0,79,4
109,360,21.600000,10000.000000,1,2,1288279635,1142,16,1142,16,0,79,4
109,360,21.600000,10000.000000,1,2,1288279640,1142,16,1142,16,0,79,4
109,360,21.600000,10000.000000,1,2,1288279646,1142,16,1142,16,0,79,4
109,360,21.600000,10000.000000,1,2,1288279651,1142,16,1142,16,0,79,4
109,360,21.600000,10000.000000,1,2,1288279656,1142,16,1142,16,0,79,4
109,360,21.600000,10000.000000,1,2,1288279661,1142,16,1142,16,0,79,4
109,360,21.600000,10000.000000,1,2,1288279667,1142,16,1142,16,0,79,4
109,360,21.600000,10000.000000,1,2,1288279673,1142,16,1142,16,0,79,4
109,360,21.600000,10000.000000,1,2,1288279678,1142,16,1142,16,0,79,4
109,360,21.600000,10000.000000,1,2,1288279684,1142,16,1142,16,0,79,4
109,360,21.600000,10000.000000,1,2,1288279689,1142,16,1142,16,0,79,4
109,360,21.600000,10000.000000,1,2,1288279695,1142,16,1142,16,0,79,4
109,360,21.600000,10000.000000,1,2,1288279701,1142,16,1142,16,0,79,4
109,360,21.600000,10000.000000,1,2,1288279707,1142,16,1142,16,0,79,4
109,360,21.600000,10000.000000,1,2,1288279712,1142,16,1142,16,0,79,4
109,360,21.600000,10000.000000,1,2,1288279718,1142,16,1142,16,0,79,4
109,360,21.600000,10000.000000,1,2,1288279724,1142,16,1142,16,0,79,4
109,360,21.600000,10000.000000,1,2,1288279737,1142,16,1142,16,0,79,4
