109,360,21.600000,0.000000,0,2,1288096832,783,0,783,0,0,60,3
109,360,21.600000,0.000000,0,2,1288096833,783,0,783,0,0,60,3
109,360,21.600000,0.000000,0,2,1288096839,783,0,783,0,0,60,3
109,360,21.600000,0.000000,0,2,1288096844,783,0,783,0,0,60,3
109,360,21.600000,0.000000,0,2,1288096849,783,0,783,0,0,60,3
109,360,21.600000,0.000000,0,2,1288096856,783,0,783,0,0,60,3
109,360,21.600000,0.000000,0,2,1288096861,783,0,783,0,0,60,3
109,360,21.600000,0.000000,0,2,1288096867,783,0,783,0,0,60,3
109,360,21.600000,0.000000,0,2,1288096873,783,0,783,0,0,60,3
109,360,21.600000,0.000000,0,2,1288096878,783,0,783,0,0,60,3
109,360,21.600000,0.000000,0,2,1288096884,783,0,783,0,0,60,3
109,360,21.600000,0.000000,0,2,1288096890,783,0,783,0,0,60,3
109,360,21.600000,0.000000,0,2,1288096895,783,0,783,0,0,60,3
109,360,21.600000,0.000000,0,2,1288096900,783,0,783,0,0,60,3
109,360,21.600000,0.000000,0,2,1288096906,783,0,783,0,0,60,3
109,360,21.600000,0.000000,0,2,1288096912,783,0,783,0,0,60,3
109,360,21.600000,0.000000,0,2,1288096917,783,0,783,-1,0,60,3
109,360,21.600000,0.000000,0,2,1288096923,783,0,783,-1,0,60,3
109,360,21.600000,0.000000,0,2,1288096929,786,0,786,-1,0,60,3
109,360,21.600000,0.000000,0,2,1288096935,790,0,790,-2,0,60,3
109,360,21.600000,0.000000,0,2,1288096940,798,0,798,-2,0,60,3
109,360,21.600000,0.000000,0,2,1288096946,808,0,808,-3,0,60,3
109,360,21.600000,0.000000,0,2,1288096952,821,0,821,-5,0,60,3
109,360,21.600000,0.000000,0,2,1288096958,836,0,836,-7,0,60,3
109,360,21.600000,0.000000,0,2,1288096964,856,0,856,-10,0,60,3
109,360,21.600000,0.000000,0,2,1288096969,873,0,873,-12,0,60,3
109,360,21.600000,0.000000,0,2,1288096976,895,0,895,-15,0,60,3
109,360,21.600000,0.000000,0,2,1288096981,923,0,923,-18,0,60,3
109,360,21.600000,0.000000,0,2,1288096988,948,0,948,-20,0,60,3
109,360,21.600000,0.000000,0,2,1288096994,982,0,982,-24,0,60,3
109,360,21.600000,0.000000,0,2,1288097000,1020,0,1020,-28,0,60,3
109,360,21.600000,0.000000,0,2,1288097006,1049,0,1049,-30,0,60,3
109,360,21.600000,0.000000,0,2,1288097012,1076,0,1076,-31,0,60,3
109,360,21.600000,0.000000,0,2,1288097018,1094,0,1094,-32,0,60,3
109,360,21.600000,0.000000,0,2,1288097023,1105,0,1105,-33,0,60,3
109,360,21.600000,0.000000,0,2,1288097029,1121,0,1121,-34,0,60,3
109,360,21.600000,0.000000,0,2,1288097034,1132,0,1132,-35,0,60,3
109,360,21.600000,0.000000,0,2,1288097040,1143,0,1143,-37,0,60,3
109,360,21.600000,0.000000,0,2,1288097046,1152,0,1152,-38,0,60,3
109,360,21.600000,0.000000,0,2,1288097052,1159,0,1159,-39,0,60,3
109,360,21.600000,0.000000,0,2,1288097057,1164,0,1164,-40,0,60,3
109,360,21.600000,0.000000,0,2,1288097063,1167,0,1167,-40,0,60,3
109,360,21.600000,0.000000,0,2,1288097069,1172,0,1172,-41,0,60,3
109,360,21.600000,0.000000,0,2,1288097076,1172,0,1172,-41,0,60,3
109,360,21.600000,0.000000,0,2,1288097081,1172,0,1172,-41,0,60,3
109,360,21.600000,0.000000,0,2,1288097087,1172,0,1172,-41,0,60,3
109,360,21.600000,0.000000,0,2,1288097093,1172,0,1172,-42,0,60,3
109,360,21.600000,0.000000,0,2,1288097098,1170,0,1170,-43,0,60,3
109,360,21.600000,0.000000,0,2,1288097104,1168,0,1168,-44,0,60,3
109,360,21.600000,0.000000,0,2,1288097110,1166,0,1166,-45,0,60,3
109,360,21.600000,0.000000,0,2,1288097115,1164,0,1164,-45,0,60,3
109,360,21.600000,0.000000,0,2,1288097121,1163,0,1163,-46,0,60,3
109,360,21.600000,0.000000,0,2,1288097127,1163,0,1163,-47,0,60,3
109,360,21.600000,0.000000,0,2,1288097133,1162,0,1162,-48,0,60,3
109,360,21.600000,0.000000,0,2,1288097139,1162,0,1162,-48,0,60,3
109,360,21.600000,0.000000,0,2,1288097144,1161,0,1161,-48,0,60,3
109,360,21.600000,0.000000,0,2,1288097150,1160,0,1160,-48,0,60,3
109,360,21.600000,0.000000,0,2,1288097156,1160,0,1160,-48,0,60,3
109,360,21.600000,0.000000,0,2,1288097161,1160,0,1160,-48,0,60,3
109,360,21.600000,0.000000,0,2,1288097166,1160,0,1160,-48,0,60,3
109,360,21.600000,0.000000,0,2,1288097172,1160,0,1160,-48,0,60,3
109,360,21.600000,0.000000,0,2,1288097177,1160,0,1160,-48,0,60,3
109,360,21.600000,0.000000,0,2,1288097183,1160,0,1160,-48,0,60,3
109,360,21.600000,0.000000,0,2,1288097188,1160,0,1160,-48,0,60,3
109,360,21.600000,0.000000,0,2,1288097194,1160,0,1160,-48,0,60,3
109,360,21.600000,0.000000,0,2,1288097200,1160,0,1160,-48,0,60,3
109,360,21.600000,0.000000,0,2,1288097205,1160,0,1160,-48,0,60,3
109,360,21.600000,0.000000,0,2,1288097211,1160,0,1160,-48,0,60,3
109,360,21.600000,0.000000,0,2,1288097216,1160,0,1160,-48,0,60,3
109,360,21.600000,0.000000,0,2,1288097222,1160,0,1160,-48,0,60,3
109,360,21.600000,0.000000,0,2,1288097227,1160,0,1160,-48,0,60,3
109,360,21.600000,0.000000,0,2,1288097233,1160,0,1160,-48,0,60,3
109,360,21.600000,0.000000,0,2,1288097238,1160,0,1160,-48,0,60,3
109,360,21.600000,0.000000,0,2,1288097243,1160,0,1160,-48,0,60,3
109,360,21.600000,0.000000,0,2,1288097249,1160,0,1160,-48,0,60,3
109,360,21.600000,0.000000,0,2,1288097255,1159,0,1159,-49,0,60,3
109,360,21.600000,0.000000,0,2,1288097260,1158,0,1158,-50,0,60,3
109,360,21.600000,0.000000,0,2,1288097266,1157,0,1157,-50,0,60,3
109,360,21.600000,0.000000,0,2,1288097272,1157,0,1157,-50,0,60,3
109,360,21.600000,0.000000,0,2,1288097278,1157,0,1157,-51,0,60,3
109,360,21.600000,0.000000,0,2,1288097284,1156,0,1156,-52,0,60,3
109,360,21.600000,0.000000,0,2,1288097289,1156,0,1156,-52,0,60,3
109,360,21.600000,0.000000,0,2,1288097295,1155,0,1155,-52,0,60,3
109,360,21.600000,0.000000,0,2,1288097301,1155,0,1155,-53,0,60,3
109,360,21.600000,0.000000,0,2,1288097307,1155,0,1155,-53,0,60,3
109,360,21.600000,0.000000,0,2,1288097312,1155,0,1155,-53,0,60,3
109,360,21.600000,0.000000,0,2,1288097318,1154,0,1154,-53,0,60,3
109,360,21.600000,0.000000,0,2,1288097324,1154,0,1154,-54,0,60,3
109,360,21.600000,0.000000,0,2,1288097330,1153,0,1153,-55,0,60,3
109,360,21.600000,0.000000,0,2,1288097336,1152,0,1152,-56,0,60,3
109,360,21.600000,0.000000,0,2,1288097343,1151,0,1151,-56,0,60,3
109,360,21.600000,0.000000,0,2,1288097348,1149,0,1149,-57,0,60,3
109,360,21.600000,0.000000,0,2,1288097354,1148,0,1148,-58,0,60,3
109,360,21.600000,0.000000,0,2,1288097360,1146,0,1146,-58,0,60,3
109,360,21.600000,0.000000,0,2,1288097365,1144,0,1144,-58,0,60,3
109,360,21.600000,0.000000,0,2,1288097371,1142,0,1142,-59,0,60,3
109,360,21.600000,0.000000,0,2,1288097377,1141,0,1141,-59,0,60,3
109,360,21.600000,0.000000,0,2,1288097383,1141,0,1141,-60,0,60,3
109,360,21.600000,0.000000,0,2,1288097388,1140,0,1140,-60,0,60,3
109,360,21.600000,0.000000,0,2,1288097394,1139,0,1139,-60,0,60,3
109,360,21.600000,0.000000,0,2,1288097399,1138,0,1138,-60,0,60,3
109,360,21.600000,0.000000,0,2,1288097405,1138,0,1138,-60,0,60,3
109,360,21.600000,0.000000,0,2,1288097410,1138,0,1138,-60,0,60,3
109,360,21.600000,0.000000,0,2,1288097416,1138,0,1138,-60,0,60,3
109,360,21.600000,0.000000,0,2,1288097421,1138,0,1138,-60,0,60,3
109,360,21.600000,0.000000,0,2,1288097427,1138,0,1138,-60,0,60,3
109,360,21.600000,0.000000,0,2,1288097433,1139,0,1139,-61,0,60,3
109,360,21.600000,0.000000,0,2,1288097438,1139,0,1139,-61,0,60,3
109,360,21.600000,0.000000,0,2,1288097444,1139,0,1139,-62,0,60,3
109,360,21.600000,0.000000,0,2,1288097450,1140,0,1140,-62,0,60,3
109,360,21.600000,0.000000,0,2,1288097464,1140,0,1140,-62,0,60,3
