109,720,21.600000,0.000000,1,2,1288346489,598,9,598,9,0,87,1
109,720,21.600000,0.000000,1,2,1288346490,598,9,598,9,0,87,1
109,720,21.600000,0.000000,1,2,1288346496,598,9,598,9,0,87,1
109,720,21.600000,0.000000,1,2,1288346502,598,9,598,9,0,87,1
109,720,21.600000,0.000000,1,2,1288346507,598,9,598,9,0,87,1
109,720,21.600000,0.000000,1,2,1288346512,598,9,598,9,0,87,1
109,720,21.600000,0.000000,1,2,1288346518,598,9,598,9,0,87,1
109,720,21.600000,0.000000,1,2,1288346524,598,9,598,9,0,87,1
109,720,21.600000,0.000000,1,2,1288346530,598,9,598,9,0,87,1
109,720,21.600000,0.000000,1,2,1288346535,598,9,598,9,0,87,1
109,720,21.600000,0.000000,1,2,1288346541,599,9,599,9,0,87,1
109,720,21.600000,0.000000,1,2,1288346546,599,10,599,10,0,87,1
109,720,21.600000,0.000000,1,2,1288346552,601,11,601,11,0,87,1
109,720,21.600000,0.000000,1,2,1288346558,606,13,606,13,0,87,1
109,720,21.600000,0.000000,1,2,1288346565,613,14,613,14,0,87,1
109,720,21.600000,0.000000,1,2,1288346570,632,16,632,16,0,87,1
109,720,21.600000,0.000000,1,2,1288346576,650,17,650,17,0,87,1
109,720,21.600000,0.000000,1,2,1288346582,680,18,680,18,0,87,1
109,720,21.600000,0.000000,1,2,1288346587,714,19,714,19,0,87,1
109,720,21.600000,0.000000,1,2,1288346593,759,21,759,21,0,87,1
109,720,21.600000,0.000000,1,2,1288346599,810,23,810,23,0,87,1
109,720,21.600000,0.000000,1,2,1288346604,861,24,861,24,0,87,1
109,720,21.600000,0.000000,1,2,1288346610,918,26,918,26,0,87,1
109,720,21.600000,0.000000,1,2,1288346615,958,28,958,28,0,87,1
109,720,21.600000,0.000000,1,2,1288346621,1015,31,1015,31,0,87,1
109,720,21.600000,0.000000,1,2,1288346626,1065,33,1065,33,0,87,1
109,720,21.600000,0.000000,1,2,1288346632,1116,36,1116,36,0,87,1
109,720,21.600000,0.000000,1,2,1288346637,1160,39,1160,39,0,87,1
109,720,21.600000,0.000000,1,2,1288346643,1204,41,1204,41,0,87,1
109,720,21.600000,0.000000,1,2,1288346649,1244,42,1244,42,0,87,1
109,720,21.600000,0.000000,1,2,1288346654,1270,42,1270,42,0,87,1
109,720,21.600000,0.000000,1,2,1288346660,1297,42,1297,42,0,87,1
109,720,21.600000,0.000000,1,2,1288346666,1316,42,1316,42,0,87,1
109,720,21.600000,0.000000,1,2,1288346671,1325,42,1325,42,0,87,1
109,720,21.600000,0.000000,1,2,1288346677,1327,42,1327,42,0,87,1
109,720,21.600000,0.000000,1,2,1288346683,1329,42,1329,42,0,87,1
109,720,21.600000,0.000000,1,2,1288346688,1327,40,1327,40,0,87,1
109,720,21.600000,0.000000,1,2,1288346695,1324,38,1324,38,0,87,1
109,720,21.600000,0.000000,1,2,1288346701,1319,36,1319,36,0,87,1
109,720,21.600000,0.000000,1,2,1288346707,1314,34,1314,34,0,87,1
109,720,21.600000,0.000000,1,2,1288346712,1306,31,1306,31,0,87,1
109,720,21.600000,0.000000,1,2,1288346718,1300,30,1300,30,0,87,1
109,720,21.600000,0.000000,1,2,1288346724,1295,29,1295,29,0,87,1
109,720,21.600000,0.000000,1,2,1288346730,1291,28,1291,28,0,87,1
109,720,21.600000,0.000000,1,2,1288346736,1288,27,1288,27,0,87,1
109,720,21.600000,0.000000,1,2,1288346741,1286,27,1286,27,0,87,1
109,720,21.600000,0.000000,1,2,1288346747,1283,27,1283,27,0,87,1
109,720,21.600000,0.000000,1,2,1288346752,1283,27,1283,27,0,87,1
109,720,21.600000,0.000000,1,2,1288346758,1283,27,1283,27,0,87,1
109,720,21.600000,0.000000,1,2,1288346764,1283,27,1283,27,0,87,1
109,720,21.600000,0.000000,1,2,1288346770,1284,28,1284,28,0,87,1
109,720,21.600000,0.000000,1,2,1288346776,1285,29,1285,29,0,87,1
109,720,21.600000,0.000000,1,2,1288346782,1286,30,1286,30,0,87,1
109,720,21.600000,0.000000,1,2,1288346787,1287,31,1287,31,0,87,1
109,720,21.600000,0.000000,1,2,1288346793,1287,32,1287,32,0,87,1
109,720,21.600000,0.000000,1,2,1288346798,1288,32,1288,32,0,87,1
109,720,21.600000,0.000000,1,2,1288346804,1289,32,1289,32,0,87,1
109,720,21.600000,0.000000,1,2,1288346810,1290,32,1290,32,0,87,1
109,720,21.600000,0.000000,1,2,1288346816,1291,32,1291,32,0,87,1
109,720,21.600000,0.000000,1,2,1288346822,1293,32,1293,32,0,87,1
109,720,21.600000,0.000000,1,2,1288346829,1294,32,1294,32,0,87,1
109,720,21.600000,0.000000,1,2,1288346834,1295,32,1295,32,0,87,1
109,720,21.600000,0.000000,1,2,1288346840,1296,32,1296,32,0,87,1
109,720,21.600000,0.000000,1,2,1288346845,1297,32,1297,32,0,87,1
109,720,21.600000,0.000000,1,2,1288346851,1298,32,1298,32,0,87,1
109,720,21.600000,0.000000,1,2,1288346856,1299,32,1299,32,0,87,1
109,720,21.600000,0.000000,1,2,1288346863,1300,32,1300,32,0,87,1
109,720,21.600000,0.000000,1,2,1288346868,1300,32,1300,32,0,87,1
109,720,21.600000,0.000000,1,2,1288346874,1300,32,1300,32,0,87,1
109,720,21.600000,0.000000,1,2,1288346879,1300,32,1300,32,0,87,1
109,720,21.600000,0.000000,1,2,1288346884,1300,31,1300,31,0,87,1
109,720,21.600000,0.000000,1,2,1288346890,1300,30,1300,30,0,87,1
109,720,21.600000,0.000000,1,2,1288346896,1300,29,1300,29,0,87,1
109,720,21.600000,0.000000,1,2,1288346901,1300,29,1300,29,0,87,1
109,720,21.600000,0.000000,1,2,1288346907,1300,29,1300,29,0,87,1
109,720,21.600000,0.000000,1,2,1288346913,1301,28,1301,28,0,87,1
109,720,21.600000,0.000000,1,2,1288346918,1303,27,1303,27,0,87,1
109,720,21.600000,0.000000,1,2,1288346924,1305,26,1305,26,0,87,1
109,720,21.600000,0.000000,1,2,1288346930,1307,24,1307,24,0,87,1
109,720,21.600000,0.000000,1,2,1288346935,1309,22,1309,22,0,87,1
109,720,21.600000,0.000000,1,2,1288346941,1311,21,1311,21,0,87,1
109,720,21.600000,0.000000,1,2,1288346946,1312,20,1312,20,0,87,1
109,720,21.600000,0.000000,1,2,1288346952,1313,19,1313,19,0,87,1
109,720,21.600000,0.000000,1,2,1288346958,1314,19,1314,19,0,87,1
109,720,21.600000,0.000000,1,2,1288346963,1314,18,1314,18,0,87,1
109,720,21.600000,0.000000,1,2,1288346969,1314,18,1314,18,0,87,1
109,720,21.600000,0.000000,1,2,1288346974,1314,18,1314,18,0,87,1
109,720,21.600000,0.000000,1,2,1288346980,1314,18,1314,18,0,87,1
109,720,21.600000,0.000000,1,2,1288346985,1314,18,1314,18,0,87,1
109,720,21.600000,0.000000,1,2,1288346991,1314,18,1314,18,0,87,1
109,720,21.600000,0.000000,1,2,1288346997,1314,18,1314,18,0,87,1
109,720,21.600000,0.000000,1,2,1288347002,1314,18,1314,18,0,87,1
109,720,21.600000,0.000000,1,2,1288347007,1315,18,1315,18,0,87,1
109,720,21.600000,0.000000,1,2,1288347013,1316,18,1316,18,0,87,1
109,720,21.600000,0.000000,1,2,1288347018,1316,18,1316,18,0,87,1
109,720,21.600000,0.000000,1,2,1288347024,1316,18,1316,18,0,87,1
109,720,21.600000,0.000000,1,2,1288347030,1316,18,1316,18,0,87,1
109,720,21.600000,0.000000,1,2,1288347035,1316,18,1316,18,0,87,1
109,720,21.600000,0.000000,1,2,1288347041,1316,18,1316,18,0,87,1
109,720,21.600000,0.000000,1,2,1288347046,1316,18,1316,18,0,87,1
109,720,21.600000,0.000000,1,2,1288347052,1316,18,1316,18,0,87,1
109,720,21.600000,0.000000,1,2,1288347057,1316,18,1316,18,0,87,1
109,720,21.600000,0.000000,1,2,1288347062,1316,18,1316,18,0,87,1
109,720,21.600000,0.000000,1,2,1288347068,1316,18,1316,18,0,87,1
109,720,21.600000,0.000000,1,2,1288347073,1316,18,1316,18,0,87,1
109,720,21.600000,0.000000,1,2,1288347079,1316,18,1316,18,0,87,1
109,720,21.600000,0.000000,1,2,1288347084,1316,18,1316,18,0,87,1
109,720,21.600000,0.000000,1,2,1288347090,1316,18,1316,18,0,87,1
109,720,21.600000,0.000000,1,2,1288347095,1316,18,1316,18,0,87,1
109,720,21.600000,0.000000,1,2,1288347101,1316,18,1316,18,0,87,1
109,720,21.600000,0.000000,1,2,1288347107,1316,18,1316,18,0,87,1
109,720,21.600000,0.000000,1,2,1288347112,1316,18,1316,18,0,87,1
109,720,21.600000,0.000000,1,2,1288347118,1316,18,1316,18,0,87,1
109,720,21.600000,0.000000,1,2,1288347131,1316,18,1316,18,0,87,1
