109,720,21.600000,0.000000,1,2,1288198155,603,9,603,9,0,70,4
109,720,21.600000,0.000000,1,2,1288198157,603,9,603,9,0,70,4
109,720,21.600000,0.000000,1,2,1288198163,604,9,604,9,0,70,4
109,720,21.600000,0.000000,1,2,1288198168,605,9,605,9,0,70,4
109,720,21.600000,0.000000,1,2,1288198174,607,10,607,10,0,70,4
109,720,21.600000,0.000000,1,2,1288198180,610,11,610,11,0,70,4
109,720,21.600000,0.000000,1,2,1288198186,614,12,614,12,0,70,4
109,720,21.600000,0.000000,1,2,1288198191,620,13,620,13,0,70,4
109,720,21.600000,0.000000,1,2,1288198197,625,14,625,14,0,70,4
109,720,21.600000,0.000000,1,2,1288198203,631,16,631,16,0,70,4
109,720,21.600000,0.000000,1,2,1288198208,639,18,639,18,0,70,4
109,720,21.600000,0.000000,1,2,1288198214,649,21,649,21,0,70,4
109,720,21.600000,0.000000,1,2,1288198220,658,24,658,24,0,70,4
109,720,21.600000,0.000000,1,2,1288198226,665,26,665,26,0,70,4
109,720,21.600000,0.000000,1,2,1288198231,673,28,673,28,0,70,4
109,720,21.600000,0.000000,1,2,1288198236,684,31,684,31,0,70,4
109,720,21.600000,0.000000,1,2,1288198242,692,34,692,34,0,70,4
109,720,21.600000,0.000000,1,2,1288198248,700,37,700,37,0,70,4
109,720,21.600000,0.000000,1,2,1288198253,709,40,709,40,0,70,4
109,720,21.600000,0.000000,1,2,1288198259,718,43,718,43,0,70,4
109,720,21.600000,0.000000,1,2,1288198265,728,45,728,45,0,70,4
109,720,21.600000,0.000000,1,2,1288198271,744,47,744,47,0,70,4
109,720,21.600000,0.000000,1,2,1288198277,761,48,761,48,0,70,4
109,720,21.600000,0.000000,1,2,1288198283,787,50,787,50,0,70,4
109,720,21.600000,0.000000,1,2,1288198289,808,51,808,51,0,70,4
109,720,21.600000,0.000000,1,2,1288198295,836,53,836,53,0,70,4
109,720,21.600000,0.000000,1,2,1288198300,865,55,865,55,0,70,4
109,720,21.600000,0.000000,1,2,1288198306,899,56,899,56,0,70,4
109,720,21.600000,0.000000,1,2,1288198311,938,57,938,57,0,70,4
109,720,21.600000,0.000000,1,2,1288198317,966,58,966,58,0,70,4
109,720,21.600000,0.000000,1,2,1288198323,1011,59,1011,59,0,70,4
109,720,21.600000,0.000000,1,2,1288198329,1062,60,1062,60,0,70,4
109,720,21.600000,0.000000,1,2,1288198335,1109,61,1109,61,0,70,4
109,720,21.600000,0.000000,1,2,1288198340,1160,62,1160,62,0,70,4
109,720,21.600000,0.000000,1,2,1288198346,1200,63,1200,63,0,70,4
109,720,21.600000,0.000000,1,2,1288198352,1240,64,1240,64,0,70,4
109,720,21.600000,0.000000,1,2,1288198357,1279,65,1279,65,0,70,4
109,720,21.600000,0.000000,1,2,1288198362,1302,66,1302,66,0,70,4
109,720,21.600000,0.000000,1,2,1288198368,1323,67,1323,67,0,70,4
109,720,21.600000,0.000000,1,2,1288198374,1339,67,1339,67,0,70,4
109,720,21.600000,0.000000,1,2,1288198379,1352,67,1352,67,0,70,4
109,720,21.600000,0.000000,1,2,1288198385,1361,67,1361,67,0,70,4
109,720,21.600000,0.000000,1,2,1288198390,1367,67,1367,67,0,70,4
109,720,21.600000,0.000000,1,2,1288198396,1370,66,1370,66,0,70,4
109,720,21.600000,0.000000,1,2,1288198402,1370,65,1370,65,0,70,4
109,720,21.600000,0.000000,1,2,1288198407,1370,63,1370,63,0,70,4
109,720,21.600000,0.000000,1,2,1288198413,1369,62,1369,62,0,70,4
109,720,21.600000,0.000000,1,2,1288198419,1366,61,1366,61,0,70,4
109,720,21.600000,0.000000,1,2,1288198424,1363,60,1363,60,0,70,4
109,720,21.600000,0.000000,1,2,1288198430,1357,58,1357,58,0,70,4
109,720,21.600000,0.000000,1,2,1288198436,1351,56,1351,56,0,70,4
109,720,21.600000,0.000000,1,2,1288198442,1345,55,1345,55,0,70,4
109,720,21.600000,0.000000,1,2,1288198447,1331,52,1331,52,0,70,4
109,720,21.600000,0.000000,1,2,1288198453,1326,51,1326,51,0,70,4
109,720,21.600000,0.000000,1,2,1288198459,1323,50,1323,50,0,70,4
109,720,21.600000,0.000000,1,2,1288198464,1322,49,1322,49,0,70,4
109,720,21.600000,0.000000,1,2,1288198470,1322,49,1322,49,0,70,4
109,720,21.600000,0.000000,1,2,1288198476,1322,49,1322,49,0,70,4
109,720,21.600000,0.000000,1,2,1288198482,1322,49,1322,49,0,70,4
109,720,21.600000,0.000000,1,2,1288198487,1322,49,1322,49,0,70,4
109,720,21.600000,0.000000,1,2,1288198492,1322,49,1322,49,0,70,4
109,720,21.600000,0.000000,1,2,1288198497,1322,49,1322,49,0,70,4
109,720,21.600000,0.000000,1,2,1288198503,1322,49,1322,49,0,70,4
109,720,21.600000,0.000000,1,2,1288198511,1322,48,1322,48,0,70,4
109,720,21.600000,0.000000,1,2,1288198517,1322,47,1322,47,0,70,4
109,720,21.600000,0.000000,1,2,1288198523,1323,46,1323,46,0,70,4
109,720,21.600000,0.000000,1,2,1288198528,1324,45,1324,45,0,70,4
109,720,21.600000,0.000000,1,2,1288198533,1324,44,1324,44,0,70,4
109,720,21.600000,0.000000,1,2,1288198539,1324,44,1324,44,0,70,4
109,720,21.600000,0.000000,1,2,1288198545,1324,43,1324,43,0,70,4
109,720,21.600000,0.000000,1,2,1288198550,1324,42,1324,42,0,70,4
109,720,21.600000,0.000000,1,2,1288198555,1324,41,1324,41,0,70,4
109,720,21.600000,0.000000,1,2,1288198561,1323,40,1323,40,0,70,4
109,720,21.600000,0.000000,1,2,1288198566,1322,39,1322,39,0,70,4
109,720,21.600000,0.000000,1,2,1288198572,1321,38,1321,38,0,70,4
109,720,21.600000,0.000000,1,2,1288198578,1320,37,1320,37,0,70,4
109,720,21.600000,0.000000,1,2,1288198584,1319,36,1319,36,0,70,4
109,720,21.600000,0.000000,1,2,1288198589,1319,35,1319,35,0,70,4
109,720,21.600000,0.000000,1,2,1288198595,1319,34,1319,34,0,70,4
109,720,21.600000,0.000000,1,2,1288198600,1318,33,1318,33,0,70,4
109,720,21.600000,0.000000,1,2,1288198606,1318,32,1318,32,0,70,4
109,720,21.600000,0.000000,1,2,1288198611,1318,31,1318,31,0,70,4
109,720,21.600000,0.000000,1,2,1288198617,1317,30,1317,30,0,70,4
109,720,21.600000,0.000000,1,2,1288198623,1317,28,1317,28,0,70,4
109,720,21.600000,0.000000,1,2,1288198628,1317,27,1317,27,0,70,4
109,720,21.600000,0.000000,1,2,1288198634,1316,26,1316,26,0,70,4
109,720,21.600000,0.000000,1,2,1288198640,1316,24,1316,24,0,70,4
109,720,21.600000,0.000000,1,2,1288198646,1316,22,1316,22,0,70,4
109,720,21.600000,0.000000,1,2,1288198652,1316,21,1316,21,0,70,4
109,720,21.600000,0.000000,1,2,1288198657,1316,20,1316,20,0,70,4
109,720,21.600000,0.000000,1,2,1288198663,1316,19,1316,19,0,70,4
109,720,21.600000,0.000000,1,2,1288198668,1316,17,1316,17,0,70,4
109,720,21.600000,0.000000,1,2,1288198674,1315,16,1315,16,0,70,4
109,720,21.600000,0.000000,1,2,1288198680,1315,15,1315,15,0,70,4
109,720,21.600000,0.000000,1,2,1288198685,1315,14,1315,14,0,70,4
109,720,21.600000,0.000000,1,2,1288198691,1315,13,1315,13,0,70,4
109,720,21.600000,0.000000,1,2,1288198697,1315,12,1315,12,0,70,4
109,720,21.600000,0.000000,1,2,1288198702,1315,11,1315,11,0,70,4
109,720,21.600000,0.000000,1,2,1288198710,1315,11,1315,11,0,70,4
109,720,21.600000,0.000000,1,2,1288198715,1315,11,1315,11,0,70,4
109,720,21.600000,0.000000,1,2,1288198721,1315,11,1315,11,0,70,4
109,720,21.600000,0.000000,1,2,1288198728,1315,11,1315,11,0,70,4
109,720,21.600000,0.000000,1,2,1288198733,1315,11,1315,11,0,70,4
109,720,21.600000,0.000000,1,2,1288198738,1315,11,1315,11,0,70,4
109,720,21.600000,0.000000,1,2,1288198744,1315,11,1315,11,0,70,4
109,720,21.600000,0.000000,1,2,1288198750,1315,11,1315,11,0,70,4
109,720,21.600000,0.000000,1,2,1288198756,1315,11,1315,11,0,70,4
109,720,21.600000,0.000000,1,2,1288198761,1315,11,1315,11,0,70,4
109,720,21.600000,0.000000,1,2,1288198767,1315,11,1315,11,0,70,4
109,720,21.600000,0.000000,1,2,1288198773,1315,10,1315,10,0,70,4
109,720,21.600000,0.000000,1,2,1288198778,1315,9,1315,9,0,70,4
109,720,21.600000,0.000000,1,2,1288198793,1315,8,1315,8,0,70,4
