109,720,21.600000,10000.000000,0,2,1287978902,600,0,600,0,0,49,0
109,720,21.600000,10000.000000,0,2,1287978903,600,0,600,0,0,49,0
109,720,21.600000,10000.000000,0,2,1287978908,600,0,600,0,0,49,0
109,720,21.600000,10000.000000,0,2,1287978914,600,0,600,0,0,49,0
109,720,21.600000,10000.000000,0,2,1287978920,600,0,600,0,0,49,0
109,720,21.600000,10000.000000,0,2,1287978925,600,0,600,0,0,49,0
109,720,21.600000,10000.000000,0,2,1287978931,601,0,601,0,0,49,0
109,720,21.600000,10000.000000,0,2,1287978937,602,0,602,0,0,49,0
109,720,21.600000,10000.000000,0,2,1287978942,602,0,602,0,0,49,0
109,720,21.600000,10000.000000,0,2,1287978948,602,0,602,0,0,49,0
109,720,21.600000,10000.000000,0,2,1287978954,602,0,602,0,0,49,0
109,720,21.600000,10000.000000,0,2,1287978960,602,0,602,0,0,49,0
109,720,21.600000,10000.000000,0,2,1287978965,602,0,602,0,0,49,0
109,720,21.600000,10000.000000,0,2,1287978970,602,0,602,0,0,49,0
109,720,21.600000,10000.000000,0,2,1287978976,602,0,602,0,0,49,0
109,720,21.600000,10000.000000,0,2,1287978982,602,0,602,0,0,49,0
109,720,21.600000,10000.000000,0,2,1287978987,602,0,602,0,0,49,0
109,720,21.600000,10000.000000,0,2,1287978993,602,0,602,0,0,49,0
109,720,21.600000,10000.000000,0,2,1287978999,603,0,603,0,0,49,0
109,720,21.600000,10000.000000,0,2,1287979005,604,0,604,0,0,49,0
109,720,21.600000,10000.000000,0,2,1287979010,608,0,608,0,0,49,0
109,720,21.600000,10000.000000,0,2,1287979016,614,0,614,0,0,49,0
109,720,21.600000,10000.000000,0,2,1287979022,622,0,622,-1,0,49,0
109,720,21.600000,10000.000000,0,2,1287979028,632,0,632,-2,0,49,0
109,720,21.600000,10000.000000,0,2,1287979033,646,0,646,-4,0,49,0
109,720,21.600000,10000.000000,0,2,1287979038,662,0,662,-6,0,49,0
109,720,21.600000,10000.000000,0,2,1287979044,684,0,684,-10,0,49,0
109,720,21.600000,10000.000000,0,2,1287979050,710,0,710,-13,0,49,0
109,720,21.600000,10000.000000,0,2,1287979056,735,0,735,-17,0,49,0
109,720,21.600000,10000.000000,0,2,1287979061,773,0,773,-21,0,49,0
109,720,21.600000,10000.000000,0,2,1287979067,811,0,811,-25,0,49,0
109,720,21.600000,10000.000000,0,2,1287979073,855,0,855,-30,0,49,0
109,720,21.600000,10000.000000,0,2,1287979078,917,0,917,-37,0,49,0
109,720,21.600000,10000.000000,0,2,1287979085,964,0,964,-42,0,49,0
109,720,21.600000,10000.000000,0,2,1287979090,1028,0,1028,-50,0,49,0
109,720,21.600000,10000.000000,0,2,1287979096,1079,0,1079,-56,0,49,0
109,720,21.600000,10000.000000,0,2,1287979102,1113,0,1113,-60,0,49,0
109,720,21.600000,10000.000000,0,2,1287979108,1157,0,1157,-65,0,49,0
109,720,21.600000,10000.000000,0,2,1287979113,1201,0,1201,-71,0,49,0
109,720,21.600000,10000.000000,0,2,1287979119,1234,0,1234,-75,0,49,0
109,720,21.600000,10000.000000,0,2,1287979125,1268,0,1268,-79,0,49,0
109,720,21.600000,10000.000000,0,2,1287979130,1302,0,1302,-83,0,49,0
109,720,21.600000,10000.000000,0,2,1287979136,1331,0,1331,-86,0,49,0
109,720,21.600000,10000.000000,0,2,1287979142,1352,0,1352,-88,0,49,0
109,720,21.600000,10000.000000,0,2,1287979148,1363,0,1363,-89,0,49,0
109,720,21.600000,10000.000000,0,2,1287979153,1370,0,1370,-90,0,49,0
109,720,21.600000,10000.000000,0,2,1287979159,1371,0,1371,-90,0,49,0
109,720,21.600000,10000.000000,0,2,1287979164,1371,0,1371,-91,0,49,0
109,720,21.600000,10000.000000,0,2,1287979170,1370,0,1370,-91,0,49,0
109,720,21.600000,10000.000000,0,2,1287979176,1368,0,1368,-92,0,49,0
109,720,21.600000,10000.000000,0,2,1287979182,1364,0,1364,-93,0,49,0
109,720,21.600000,10000.000000,0,2,1287979187,1360,0,1360,-94,0,49,0
109,720,21.600000,10000.000000,0,2,1287979193,1355,0,1355,-94,0,49,0
109,720,21.600000,10000.000000,0,2,1287979199,1351,0,1351,-95,0,49,0
109,720,21.600000,10000.000000,0,2,1287979205,1347,0,1347,-95,0,49,0
109,720,21.600000,10000.000000,0,2,1287979210,1345,0,1345,-95,0,49,0
109,720,21.600000,10000.000000,0,2,1287979215,1344,0,1344,-96,0,49,0
109,720,21.600000,10000.000000,0,2,1287979221,1343,0,1343,-97,0,49,0
109,720,21.600000,10000.000000,0,2,1287979226,1343,0,1343,-97,0,49,0
109,720,21.600000,10000.000000,0,2,1287979232,1343,0,1343,-97,0,49,0
109,720,21.600000,10000.000000,0,2,1287979238,1343,0,1343,-97,0,49,0
109,720,21.600000,10000.000000,0,2,1287979243,1343,0,1343,-97,0,49,0
109,720,21.600000,10000.000000,0,2,1287979249,1343,0,1343,-97,0,49,0
109,720,21.600000,10000.000000,0,2,1287979254,1343,0,1343,-97,0,49,0
109,720,21.600000,10000.000000,0,2,1287979260,1343,0,1343,-97,0,49,0
109,720,21.600000,10000.000000,0,2,1287979266,1343,0,1343,-97,0,49,0
109,720,21.600000,10000.000000,0,2,1287979272,1343,0,1343,-97,0,49,0
109,720,21.600000,10000.000000,0,2,1287979277,1343,0,1343,-97,0,49,0
109,720,21.600000,10000.000000,0,2,1287979282,1343,0,1343,-97,0,49,0
109,720,21.600000,10000.000000,0,2,1287979288,1343,0,1343,-97,0,49,0
109,720,21.600000,10000.000000,0,2,1287979293,1343,0,1343,-97,0,49,0
109,720,21.600000,10000.000000,0,2,1287979299,1343,0,1343,-97,0,49,0
109,720,21.600000,10000.000000,0,2,1287979305,1344,0,1344,-97,0,49,0
109,720,21.600000,10000.000000,0,2,1287979310,1346,0,1346,-97,0,49,0
109,720,21.600000,10000.000000,0,2,1287979316,1348,0,1348,-97,0,49,0
109,720,21.600000,10000.000000,0,2,1287979321,1350,0,1350,-98,0,49,0
109,720,21.600000,10000.000000,0,2,1287979328,1351,0,1351,-98,0,49,0
109,720,21.600000,10000.000000,0,2,1287979333,1351,0,1351,-99,0,49,0
109,720,21.600000,10000.000000,0,2,1287979338,1351,0,1351,-100,0,49,0
109,720,21.600000,10000.000000,0,2,1287979344,1351,0,1351,-100,0,49,0
109,720,21.600000,10000.000000,0,2,1287979350,1351,0,1351,-100,0,49,0
109,720,21.600000,10000.000000,0,2,1287979355,1351,0,1351,-100,0,49,0
109,720,21.600000,10000.000000,0,2,1287979361,1351,0,1351,-100,0,49,0
109,720,21.600000,10000.000000,0,2,1287979366,1351,0,1351,-100,0,49,0
109,720,21.600000,10000.000000,0,2,1287979372,1351,0,1351,-100,0,49,0
109,720,21.600000,10000.000000,0,2,1287979378,1350,0,1350,-101,0,49,0
109,720,21.600000,10000.000000,0,2,1287979383,1349,0,1349,-102,0,49,0
109,720,21.600000,10000.000000,0,2,1287979389,1349,0,1349,-103,0,49,0
109,720,21.600000,10000.000000,0,2,1287979395,1348,0,1348,-103,0,49,0
109,720,21.600000,10000.000000,0,2,1287979400,1347,0,1347,-104,0,49,0
109,720,21.600000,10000.000000,0,2,1287979406,1346,0,1346,-104,0,49,0
109,720,21.600000,10000.000000,0,2,1287979411,1345,0,1345,-104,0,49,0
109,720,21.600000,10000.000000,0,2,1287979419,1343,0,1343,-105,0,49,0
109,720,21.600000,10000.000000,0,2,1287979425,1339,0,1339,-106,0,49,0
109,720,21.600000,10000.000000,0,2,1287979431,1336,0,1336,-106,0,49,0
109,720,21.600000,10000.000000,0,2,1287979437,1333,0,1333,-107,0,49,0
109,720,21.600000,10000.000000,0,2,1287979442,1329,0,1329,-108,0,49,0
109,720,21.600000,10000.000000,0,2,1287979448,1325,0,1325,-109,0,49,0
109,720,21.600000,10000.000000,0,2,1287979454,1322,0,1322,-109,0,49,0
109,720,21.600000,10000.000000,0,2,1287979459,1320,0,1320,-110,0,49,0
109,720,21.600000,10000.000000,0,2,1287979464,1319,0,1319,-110,0,49,0
109,720,21.600000,10000.000000,0,2,1287979470,1318,0,1318,-110,0,49,0
109,720,21.600000,10000.000000,0,2,1287979476,1318,0,1318,-110,0,49,0
109,720,21.600000,10000.000000,0,2,1287979481,1318,0,1318,-110,0,49,0
109,720,21.600000,10000.000000,0,2,1287979487,1318,0,1318,-110,0,49,0
109,720,21.600000,10000.000000,0,2,1287979492,1318,0,1318,-110,0,49,0
109,720,21.600000,10000.000000,0,2,1287979498,1318,0,1318,-110,0,49,0
109,720,21.600000,10000.000000,0,2,1287979504,1318,0,1318,-110,0,49,0
109,720,21.600000,10000.000000,0,2,1287979510,1318,0,1318,-110,0,49,0
109,720,21.600000,10000.000000,0,2,1287979516,1317,0,1317,-110,0,49,0
109,720,21.600000,10000.000000,0,2,1287979522,1316,0,1316,-111,0,49,0
109,720,21.600000,10000.000000,0,2,1287979527,1315,0,1315,-111,0,49,0
109,720,21.600000,10000.000000,0,2,1287979533,1314,0,1314,-112,0,49,0
109,720,21.600000,10000.000000,0,2,1287979539,1313,0,1313,-112,0,49,0
109,720,21.600000,10000.000000,0,2,1287979545,1313,0,1313,-113,0,49,0
109,720,21.600000,10000.000000,0,2,1287979550,1312,0,1312,-114,0,49,0
109,720,21.600000,10000.000000,0,2,1287979556,1311,0,1311,-115,0,49,0
109,720,21.600000,10000.000000,0,2,1287979561,1311,0,1311,-115,0,49,0
109,720,21.600000,10000.000000,0,2,1287979569,1311,0,1311,-115,0,49,0
109,720,21.600000,10000.000000,0,2,1287979574,1311,0,1311,-116,0,49,0
109,720,21.600000,10000.000000,0,2,1287979580,1311,0,1311,-117,0,49,0
109,720,21.600000,10000.000000,0,2,1287979585,1311,0,1311,-118,0,49,0
109,720,21.600000,10000.000000,0,2,1287979603,1311,0,1311,-118,0,49,0
