109,720,21.600000,43.200000,0,2,1287988399,602,0,602,0,0,50,0
109,720,21.600000,43.200000,0,2,1287988400,602,0,602,0,0,50,0
109,720,21.600000,43.200000,0,2,1287988406,602,0,602,0,0,50,0
109,720,21.600000,43.200000,0,2,1287988411,602,0,602,0,0,50,0
109,720,21.600000,43.200000,0,2,1287988417,602,0,602,0,0,50,0
109,720,21.600000,43.200000,0,2,1287988422,602,0,602,0,0,50,0
109,720,21.600000,43.200000,0,2,1287988428,602,0,602,0,0,50,0
109,720,21.600000,43.200000,0,2,1287988434,602,0,602,0,0,50,0
109,720,21.600000,43.200000,0,2,1287988440,602,0,602,0,0,50,0
109,720,21.600000,43.200000,0,2,1287988445,602,0,602,0,0,50,0
109,720,21.600000,43.200000,0,2,1287988451,602,0,602,0,0,50,0
109,720,21.600000,43.200000,0,2,1287988456,602,0,602,0,0,50,0
109,720,21.600000,43.200000,0,2,1287988462,603,0,603,0,0,50,0
109,720,21.600000,43.200000,0,2,1287988468,606,1,606,1,0,50,0
109,720,21.600000,43.200000,0,2,1287988473,611,2,611,2,0,50,0
109,720,21.600000,43.200000,0,2,1287988479,619,3,619,3,0,50,0
109,720,21.600000,43.200000,0,2,1287988485,632,3,632,3,0,50,0
109,720,21.600000,43.200000,0,2,1287988490,646,3,646,3,0,50,0
109,720,21.600000,43.200000,0,2,1287988496,666,3,666,3,0,50,0
109,720,21.600000,43.200000,0,2,1287988502,689,3,689,3,0,50,0
109,720,21.600000,43.200000,0,2,1287988508,715,3,715,3,0,50,0
109,720,21.600000,43.200000,0,2,1287988513,749,2,749,2,0,50,0
109,720,21.600000,43.200000,0,2,1287988518,771,2,771,2,0,50,0
109,720,21.600000,43.200000,0,2,1287988525,806,1,806,1,0,50,0
109,720,21.600000,43.200000,0,2,1287988530,840,0,840,0,0,50,0
109,720,21.600000,43.200000,0,2,1287988536,883,0,883,-2,0,50,0
109,720,21.600000,43.200000,0,2,1287988542,925,0,925,-5,0,50,0
109,720,21.600000,43.200000,0,2,1287988548,967,0,967,-9,0,50,0
109,720,21.600000,43.200000,0,2,1287988553,1018,0,1018,-14,0,50,0
109,720,21.600000,43.200000,0,2,1287988559,1068,0,1068,-19,0,50,0
109,720,21.600000,43.200000,0,2,1287988564,1119,0,1119,-25,0,50,0
109,720,21.600000,43.200000,0,2,1287988570,1170,0,1170,-32,0,50,0
109,720,21.600000,43.200000,0,2,1287988576,1212,0,1212,-38,0,50,0
109,720,21.600000,43.200000,0,2,1287988581,1246,0,1246,-43,0,50,0
109,720,21.600000,43.200000,0,2,1287988588,1278,0,1278,-49,0,50,0
109,720,21.600000,43.200000,0,2,1287988594,1314,0,1314,-57,0,50,0
109,720,21.600000,43.200000,0,2,1287988600,1336,0,1336,-64,0,50,0
109,720,21.600000,43.200000,0,2,1287988606,1350,0,1350,-68,0,50,0
109,720,21.600000,43.200000,0,2,1287988612,1358,0,1358,-71,0,50,0
109,720,21.600000,43.200000,0,2,1287988617,1363,0,1363,-75,0,50,0
109,720,21.600000,43.200000,0,2,1287988623,1364,0,1364,-76,0,50,0
109,720,21.600000,43.200000,0,2,1287988628,1364,0,1364,-78,0,50,0
109,720,21.600000,43.200000,0,2,1287988634,1364,0,1364,-80,0,50,0
109,720,21.600000,43.200000,0,2,1287988640,1363,0,1363,-82,0,50,0
109,720,21.600000,43.200000,0,2,1287988645,1362,0,1362,-84,0,50,0
109,720,21.600000,43.200000,0,2,1287988651,1360,0,1360,-85,0,50,0
109,720,21.600000,43.200000,0,2,1287988657,1357,0,1357,-86,0,50,0
109,720,21.600000,43.200000,0,2,1287988663,1353,0,1353,-87,0,50,0
109,720,21.600000,43.200000,0,2,1287988669,1349,0,1349,-88,0,50,0
109,720,21.600000,43.200000,0,2,1287988674,1346,0,1346,-88,0,50,0
109,720,21.600000,43.200000,0,2,1287988680,1343,0,1343,-88,0,50,0
109,720,21.600000,43.200000,0,2,1287988686,1341,0,1341,-88,0,50,0
109,720,21.600000,43.200000,0,2,1287988691,1340,0,1340,-88,0,50,0
109,720,21.600000,43.200000,0,2,1287988697,1339,0,1339,-88,0,50,0
109,720,21.600000,43.200000,0,2,1287988703,1338,0,1338,-88,0,50,0
109,720,21.600000,43.200000,0,2,1287988708,1338,0,1338,-88,0,50,0
109,720,21.600000,43.200000,0,2,1287988714,1338,0,1338,-88,0,50,0
109,720,21.600000,43.200000,0,2,1287988721,1338,0,1338,-88,0,50,0
109,720,21.600000,43.200000,0,2,1287988727,1338,0,1338,-88,0,50,0
109,720,21.600000,43.200000,0,2,1287988733,1338,0,1338,-88,0,50,0
109,720,21.600000,43.200000,0,2,1287988739,1338,0,1338,-88,0,50,0
109,720,21.600000,43.200000,0,2,1287988745,1337,0,1337,-89,0,50,0
109,720,21.600000,43.200000,0,2,1287988751,1336,0,1336,-89,0,50,0
109,720,21.600000,43.200000,0,2,1287988757,1335,0,1335,-90,0,50,0
109,720,21.600000,43.200000,0,2,1287988762,1333,0,1333,-91,0,50,0
109,720,21.600000,43.200000,0,2,1287988768,1331,0,1331,-92,0,50,0
109,720,21.600000,43.200000,0,2,1287988774,1331,0,1331,-92,0,50,0
109,720,21.600000,43.200000,0,2,1287988779,1331,0,1331,-93,0,50,0
109,720,21.600000,43.200000,0,2,1287988785,1330,0,1330,-93,0,50,0
109,720,21.600000,43.200000,0,2,1287988791,1330,0,1330,-93,0,50,0
109,720,21.600000,43.200000,0,2,1287988797,1330,0,1330,-93,0,50,0
109,720,21.600000,43.200000,0,2,1287988802,1330,0,1330,-93,0,50,0
109,720,21.600000,43.200000,0,2,1287988808,1330,0,1330,-93,0,50,0
109,720,21.600000,43.200000,0,2,1287988813,1329,0,1329,-93,0,50,0
109,720,21.600000,43.200000,0,2,1287988819,1329,0,1329,-94,0,50,0
109,720,21.600000,43.200000,0,2,1287988825,1329,0,1329,-94,0,50,0
109,720,21.600000,43.200000,0,2,1287988830,1328,0,1328,-94,0,50,0
109,720,21.600000,43.200000,0,2,1287988836,1327,0,1327,-95,0,50,0
109,720,21.600000,43.200000,0,2,1287988842,1326,0,1326,-95,0,50,0
109,720,21.600000,43.200000,0,2,1287988847,1325,0,1325,-95,0,50,0
109,720,21.600000,43.200000,0,2,1287988853,1324,0,1324,-96,0,50,0
109,720,21.600000,43.200000,0,2,1287988859,1324,0,1324,-96,0,50,0
109,720,21.600000,43.200000,0,2,1287988865,1323,0,1323,-96,0,50,0
109,720,21.600000,43.200000,0,2,1287988870,1322,0,1322,-97,0,50,0
109,720,21.600000,43.200000,0,2,1287988876,1322,0,1322,-97,0,50,0
109,720,21.600000,43.200000,0,2,1287988881,1322,0,1322,-97,0,50,0
109,720,21.600000,43.200000,0,2,1287988887,1322,0,1322,-97,0,50,0
109,720,21.600000,43.200000,0,2,1287988892,1322,0,1322,-97,0,50,0
109,720,21.600000,43.200000,0,2,1287988897,1322,0,1322,-97,0,50,0
109,720,21.600000,43.200000,0,2,1287988903,1322,0,1322,-97,0,50,0
109,720,21.600000,43.200000,0,2,1287988909,1322,0,1322,-97,0,50,0
109,720,21.600000,43.200000,0,2,1287988914,1322,0,1322,-97,0,50,0
109,720,21.600000,43.200000,0,2,1287988920,1322,0,1322,-97,0,50,0
109,720,21.600000,43.200000,0,2,1287988925,1322,0,1322,-97,0,50,0
109,720,21.600000,43.200000,0,2,1287988931,1322,0,1322,-97,0,50,0
109,720,21.600000,43.200000,0,2,1287988937,1322,0,1322,-97,0,50,0
109,720,21.600000,43.200000,0,2,1287988942,1321,0,1321,-97,0,50,0
109,720,21.600000,43.200000,0,2,1287988948,1320,0,1320,-97,0,50,0
109,720,21.600000,43.200000,0,2,1287988953,1319,0,1319,-98,0,50,0
109,720,21.600000,43.200000,0,2,1287988959,1318,0,1318,-98,0,50,0
109,720,21.600000,43.200000,0,2,1287988965,1317,0,1317,-99,0,50,0
109,720,21.600000,43.200000,0,2,1287988972,1316,0,1316,-99,0,50,0
109,720,21.600000,43.200000,0,2,1287988977,1316,0,1316,-99,0,50,0
109,720,21.600000,43.200000,0,2,1287988983,1316,0,1316,-99,0,50,0
109,720,21.600000,43.200000,0,2,1287989002,1316,0,1316,-99,0,50,0
