109,360,21.600000,0.000000,1,2,1288330172,776,11,776,11,0,85,3
109,360,21.600000,0.000000,1,2,1288330174,776,11,776,11,0,85,3
109,360,21.600000,0.000000,1,2,1288330180,777,11,777,11,0,85,3
109,360,21.600000,0.000000,1,2,1288330185,777,11,777,11,0,85,3
109,360,21.600000,0.000000,1,2,1288330191,777,11,777,11,0,85,3
109,360,21.600000,0.000000,1,2,1288330196,777,11,777,11,0,85,3
109,360,21.600000,0.000000,1,2,1288330201,777,11,777,11,0,85,3
109,360,21.600000,0.000000,1,2,1288330207,777,11,777,11,0,85,3
109,360,21.600000,0.000000,1,2,1288330213,778,11,778,11,0,85,3
109,360,21.600000,0.000000,1,2,1288330219,779,11,779,11,0,85,3
109,360,21.600000,0.000000,1,2,1288330225,781,11,781,11,0,85,3
109,360,21.600000,0.000000,1,2,1288330231,785,11,785,11,0,85,3
109,360,21.600000,0.000000,1,2,1288330237,792,12,792,12,0,85,3
109,360,21.600000,0.000000,1,2,1288330243,804,13,804,13,0,85,3
109,360,21.600000,0.000000,1,2,1288330248,814,14,814,14,0,85,3
109,360,21.600000,0.000000,1,2,1288330254,827,15,827,15,0,85,3
109,360,21.600000,0.000000,1,2,1288330259,839,16,839,16,0,85,3
109,360,21.600000,0.000000,1,2,1288330265,852,17,852,17,0,85,3
109,360,21.600000,0.000000,1,2,1288330271,869,19,869,19,0,85,3
109,360,21.600000,0.000000,1,2,1288330277,887,21,887,21,0,85,3
109,360,21.600000,0.000000,1,2,1288330282,897,22,897,22,0,85,3
109,360,21.600000,0.000000,1,2,1288330288,914,24,914,24,0,85,3
109,360,21.600000,0.000000,1,2,1288330294,927,25,927,25,0,85,3
109,360,21.600000,0.000000,1,2,1288330299,944,25,944,25,0,85,3
109,360,21.600000,0.000000,1,2,1288330306,958,25,958,25,0,85,3
109,360,21.600000,0.000000,1,2,1288330312,979,25,979,25,0,85,3
109,360,21.600000,0.000000,1,2,1288330318,996,25,996,25,0,85,3
109,360,21.600000,0.000000,1,2,1288330323,1016,25,1016,25,0,85,3
109,360,21.600000,0.000000,1,2,1288330329,1033,24,1033,24,0,85,3
109,360,21.600000,0.000000,1,2,1288330334,1050,23,1050,23,0,85,3
109,360,21.600000,0.000000,1,2,1288330340,1067,22,1067,22,0,85,3
109,360,21.600000,0.000000,1,2,1288330346,1084,21,1084,21,0,85,3
109,360,21.600000,0.000000,1,2,1288330351,1099,21,1099,21,0,85,3
109,360,21.600000,0.000000,1,2,1288330357,1112,21,1112,21,0,85,3
109,360,21.600000,0.000000,1,2,1288330362,1119,21,1119,21,0,85,3
109,360,21.600000,0.000000,1,2,1288330368,1128,21,1128,21,0,85,3
109,360,21.600000,0.000000,1,2,1288330374,1133,21,1133,21,0,85,3
109,360,21.600000,0.000000,1,2,1288330379,1136,21,1136,21,0,85,3
109,360,21.600000,0.000000,1,2,1288330385,1138,22,1138,22,0,85,3
109,360,21.600000,0.000000,1,2,1288330391,1139,22,1139,22,0,85,3
109,360,21.600000,0.000000,1,2,1288330396,1141,22,1141,22,0,85,3
109,360,21.600000,0.000000,1,2,1288330402,1142,22,1142,22,0,85,3
109,360,21.600000,0.000000,1,2,1288330408,1143,22,1143,22,0,85,3
109,360,21.600000,0.000000,1,2,1288330414,1144,22,1144,22,0,85,3
109,360,21.600000,0.000000,1,2,1288330420,1146,21,1146,21,0,85,3
109,360,21.600000,0.000000,1,2,1288330426,1147,20,1147,20,0,85,3
109,360,21.600000,0.000000,1,2,1288330431,1149,19,1149,19,0,85,3
109,360,21.600000,0.000000,1,2,1288330437,1151,18,1151,18,0,85,3
109,360,21.600000,0.000000,1,2,1288330442,1153,17,1153,17,0,85,3
109,360,21.600000,0.000000,1,2,1288330448,1154,17,1154,17,0,85,3
109,360,21.600000,0.000000,1,2,1288330454,1155,17,1155,17,0,85,3
109,360,21.600000,0.000000,1,2,1288330460,1157,17,1157,17,0,85,3
109,360,21.600000,0.000000,1,2,1288330465,1159,17,1159,17,0,85,3
109,360,21.600000,0.000000,1,2,1288330471,1160,17,1160,17,0,85,3
109,360,21.600000,0.000000,1,2,1288330476,1161,17,1161,17,0,85,3
109,360,21.600000,0.000000,1,2,1288330482,1162,17,1162,17,0,85,3
109,360,21.600000,0.000000,1,2,1288330488,1163,17,1163,17,0,85,3
109,360,21.600000,0.000000,1,2,1288330493,1164,17,1164,17,0,85,3
109,360,21.600000,0.000000,1,2,1288330500,1164,18,1164,18,0,85,3
109,360,21.600000,0.000000,1,2,1288330506,1164,19,1164,19,0,85,3
109,360,21.600000,0.000000,1,2,1288330512,1164,20,1164,20,0,85,3
109,360,21.600000,0.000000,1,2,1288330517,1164,20,1164,20,0,85,3
109,360,21.600000,0.000000,1,2,1288330523,1164,20,1164,20,0,85,3
109,360,21.600000,0.000000,1,2,1288330529,1164,20,1164,20,0,85,3
109,360,21.600000,0.000000,1,2,1288330534,1164,20,1164,20,0,85,3
109,360,21.600000,0.000000,1,2,1288330540,1164,20,1164,20,0,85,3
109,360,21.600000,0.000000,1,2,1288330545,1164,20,1164,20,0,85,3
109,360,21.600000,0.000000,1,2,1288330551,1164,20,1164,20,0,85,3
109,360,21.600000,0.000000,1,2,1288330557,1164,20,1164,20,0,85,3
109,360,21.600000,0.000000,1,2,1288330562,1164,20,1164,20,0,85,3
109,360,21.600000,0.000000,1,2,1288330567,1164,20,1164,20,0,85,3
109,360,21.600000,0.000000,1,2,1288330573,1164,20,1164,20,0,85,3
109,360,21.600000,0.000000,1,2,1288330578,1164,20,1164,20,0,85,3
109,360,21.600000,0.000000,1,2,1288330584,1164,20,1164,20,0,85,3
109,360,21.600000,0.000000,1,2,1288330590,1163,20,1163,20,0,85,3
109,360,21.600000,0.000000,1,2,1288330596,1162,20,1162,20,0,85,3
109,360,21.600000,0.000000,1,2,1288330602,1161,20,1161,20,0,85,3
109,360,21.600000,0.000000,1,2,1288330607,1160,20,1160,20,0,85,3
109,360,21.600000,0.000000,1,2,1288330613,1159,20,1159,20,0,85,3
109,360,21.600000,0.000000,1,2,1288330618,1159,20,1159,20,0,85,3
109,360,21.600000,0.000000,1,2,1288330624,1158,20,1158,20,0,85,3
109,360,21.600000,0.000000,1,2,1288330629,1157,20,1157,20,0,85,3
109,360,21.600000,0.000000,1,2,1288330635,1157,20,1157,20,0,85,3
109,360,21.600000,0.000000,1,2,1288330640,1157,19,1157,19,0,85,3
109,360,21.600000,0.000000,1,2,1288330646,1156,19,1156,19,0,85,3
109,360,21.600000,0.000000,1,2,1288330652,1155,19,1155,19,0,85,3
109,360,21.600000,0.000000,1,2,1288330658,1153,18,1153,18,0,85,3
109,360,21.600000,0.000000,1,2,1288330663,1152,18,1152,18,0,85,3
109,360,21.600000,0.000000,1,2,1288330669,1151,18,1151,18,0,85,3
109,360,21.600000,0.000000,1,2,1288330674,1150,18,1150,18,0,85,3
109,360,21.600000,0.000000,1,2,1288330680,1149,17,1149,17,0,85,3
109,360,21.600000,0.000000,1,2,1288330686,1148,17,1148,17,0,85,3
109,360,21.600000,0.000000,1,2,1288330691,1147,17,1147,17,0,85,3
109,360,21.600000,0.000000,1,2,1288330697,1146,17,1146,17,0,85,3
109,360,21.600000,0.000000,1,2,1288330702,1145,17,1145,17,0,85,3
109,360,21.600000,0.000000,1,2,1288330708,1144,17,1144,17,0,85,3
109,360,21.600000,0.000000,1,2,1288330715,1143,17,1143,17,0,85,3
109,360,21.600000,0.000000,1,2,1288330721,1143,17,1143,17,0,85,3
109,360,21.600000,0.000000,1,2,1288330726,1143,17,1143,17,0,85,3
109,360,21.600000,0.000000,1,2,1288330732,1143,17,1143,17,0,85,3
109,360,21.600000,0.000000,1,2,1288330738,1143,17,1143,17,0,85,3
109,360,21.600000,0.000000,1,2,1288330743,1143,17,1143,17,0,85,3
109,360,21.600000,0.000000,1,2,1288330750,1142,17,1142,17,0,85,3
109,360,21.600000,0.000000,1,2,1288330756,1141,16,1141,16,0,85,3
109,360,21.600000,0.000000,1,2,1288330762,1140,16,1140,16,0,85,3
109,360,21.600000,0.000000,1,2,1288330768,1140,16,1140,16,0,85,3
109,360,21.600000,0.000000,1,2,1288330773,1139,16,1139,16,0,85,3
109,360,21.600000,0.000000,1,2,1288330779,1138,16,1138,16,0,85,3
109,360,21.600000,0.000000,1,2,1288330785,1138,16,1138,16,0,85,3
109,360,21.600000,0.000000,1,2,1288330790,1138,16,1138,16,0,85,3
109,360,21.600000,0.000000,1,2,1288330796,1138,16,1138,16,0,85,3
109,360,21.600000,0.000000,1,2,1288330814,1138,16,1138,16,0,85,3
