109,360,21.600000,10000.000000,1,3,1288651306,786,16,786,16,0,118,2
109,360,21.600000,10000.000000,1,3,1288651308,786,16,786,16,0,118,2
109,360,21.600000,10000.000000,1,3,1288651313,786,16,786,16,0,118,2
109,360,21.600000,10000.000000,1,3,1288651319,787,16,787,16,0,118,2
109,360,21.600000,10000.000000,1,3,1288651325,788,16,788,16,0,118,2
109,360,21.600000,10000.000000,1,3,1288651330,789,16,789,16,0,118,2
109,360,21.600000,10000.000000,1,3,1288651336,790,16,790,16,0,118,2
109,360,21.600000,10000.000000,1,3,1288651342,791,16,791,16,0,118,2
109,360,21.600000,10000.000000,1,3,1288651347,791,16,791,16,0,118,2
109,360,21.600000,10000.000000,1,3,1288651353,791,16,791,16,0,118,2
109,360,21.600000,10000.000000,1,3,1288651358,791,16,791,16,0,118,2
109,360,21.600000,10000.000000,1,3,1288651364,791,16,791,16,0,118,2
109,360,21.600000,10000.000000,1,3,1288651370,791,16,791,16,0,118,2
109,360,21.600000,10000.000000,1,3,1288651375,791,16,791,16,0,118,2
109,360,21.600000,10000.000000,1,3,1288651381,791,17,791,17,0,118,2
109,360,21.600000,10000.000000,1,3,1288651387,792,18,792,18,0,118,2
109,360,21.600000,10000.000000,1,3,1288651393,795,19,795,19,0,118,2
109,360,21.600000,10000.000000,1,3,1288651398,799,20,799,20,0,118,2
109,360,21.600000,10000.000000,1,3,1288651404,806,22,806,22,0,118,2
109,360,21.600000,10000.000000,1,3,1288651409,815,23,815,23,0,118,2
109,360,21.600000,10000.000000,1,3,1288651415,829,25,829,25,0,118,2
109,360,21.600000,10000.000000,1,3,1288651421,840,26,840,26,0,118,2
109,360,21.600000,10000.000000,1,3,1288651426,853,27,853,27,0,118,2
109,360,21.600000,10000.000000,1,3,1288651432,873,28,873,28,0,118,2
109,360,21.600000,10000.000000,1,3,1288651437,890,28,890,28,0,118,2
109,360,21.600000,10000.000000,1,3,1288651443,911,28,911,28,0,118,2
109,360,21.600000,10000.000000,1,3,1288651451,938,28,938,28,0,118,2
109,360,21.600000,10000.000000,1,3,1288651457,975,28,975,28,0,118,2
109,360,21.600000,10000.000000,1,3,1288651462,1006,28,1006,28,0,118,2
109,360,21.600000,10000.000000,1,3,1288651468,1029,29,1029,29,0,118,2
109,360,21.600000,10000.000000,1,3,1288651473,1046,29,1046,29,0,118,2
109,360,21.600000,10000.000000,1,3,1288651479,1068,29,1068,29,0,118,2
109,360,21.600000,10000.000000,1,3,1288651485,1081,29,1081,29,0,118,2
109,360,21.600000,10000.000000,1,3,1288651490,1097,29,1097,29,0,118,2
109,360,21.600000,10000.000000,1,3,1288651496,1110,30,1110,30,0,118,2
109,360,21.600000,10000.000000,1,3,1288651501,1121,30,1121,30,0,118,2
109,360,21.600000,10000.000000,1,3,1288651508,1130,30,1130,30,0,118,2
109,360,21.600000,10000.000000,1,3,1288651513,1137,30,1137,30,0,118,2
109,360,21.600000,10000.000000,1,3,1288651519,1141,30,1141,30,0,118,2
109,360,21.600000,10000.000000,1,3,1288651525,1144,29,1144,29,0,118,2
109,360,21.600000,10000.000000,1,3,1288651530,1145,28,1145,28,0,118,2
109,360,21.600000,10000.000000,1,3,1288651535,1146,27,1146,27,0,118,2
109,360,21.600000,10000.000000,1,3,1288651542,1146,26,1146,26,0,118,2
109,360,21.600000,10000.000000,1,3,1288651547,1146,25,1146,25,0,118,2
109,360,21.600000,10000.000000,1,3,1288651553,1145,24,1145,24,0,118,2
109,360,21.600000,10000.000000,1,3,1288651559,1144,24,1144,24,0,118,2
109,360,21.600000,10000.000000,1,3,1288651564,1143,23,1143,23,0,118,2
109,360,21.600000,10000.000000,1,3,1288651570,1142,22,1142,22,0,118,2
109,360,21.600000,10000.000000,1,3,1288651576,1141,21,1141,21,0,118,2
109,360,21.600000,10000.000000,1,3,1288651581,1141,21,1141,21,0,118,2
109,360,21.600000,10000.000000,1,3,1288651587,1141,21,1141,21,0,118,2
109,360,21.600000,10000.000000,1,3,1288651592,1142,21,1142,21,0,118,2
109,360,21.600000,10000.000000,1,3,1288651598,1143,21,1143,21,0,118,2
109,360,21.600000,10000.000000,1,3,1288651603,1144,21,1144,21,0,118,2
109,360,21.600000,10000.000000,1,3,1288651609,1145,20,1145,20,0,118,2
109,360,21.600000,10000.000000,1,3,1288651615,1146,20,1146,20,0,118,2
109,360,21.600000,10000.000000,1,3,1288651620,1148,19,1148,19,0,118,2
109,360,21.600000,10000.000000,1,3,1288651626,1149,19,1149,19,0,118,2
109,360,21.600000,10000.000000,1,3,1288651632,1150,19,1150,19,0,118,2
109,360,21.600000,10000.000000,1,3,1288651637,1151,19,1151,19,0,118,2
109,360,21.600000,10000.000000,1,3,1288651643,1152,19,1152,19,0,118,2
109,360,21.600000,10000.000000,1,3,1288651648,1152,19,1152,19,0,118,2
109,360,21.600000,10000.000000,1,3,1288651653,1152,19,1152,19,0,118,2
109,360,21.600000,10000.000000,1,3,1288651659,1152,19,1152,19,0,118,2
109,360,21.600000,10000.000000,1,3,1288651665,1152,19,1152,19,0,118,2
109,360,21.600000,10000.000000,1,3,1288651671,1152,19,1152,19,0,118,2
109,360,21.600000,10000.000000,1,3,1288651676,1152,19,1152,19,0,118,2
109,360,21.600000,10000.000000,1,3,1288651682,1152,19,1152,19,0,118,2
109,360,21.600000,10000.000000,1,3,1288651687,1152,19,1152,19,0,118,2
109,360,21.600000,10000.000000,1,3,1288651693,1152,19,1152,19,0,118,2
109,360,21.600000,10000.000000,1,3,1288651699,1152,19,1152,19,0,118,2
109,360,21.600000,10000.000000,1,3,1288651704,1152,19,1152,19,0,118,2
109,360,21.600000,10000.000000,1,3,1288651710,1152,19,1152,19,0,118,2
109,360,21.600000,10000.000000,1,3,1288651717,1152,19,1152,19,0,118,2
109,360,21.600000,10000.000000,1,3,1288651725,1152,19,1152,19,0,118,2
109,360,21.600000,10000.000000,1,3,1288651731,1152,18,1152,18,0,118,2
109,360,21.600000,10000.000000,1,3,1288651737,1151,18,1151,18,0,118,2
109,360,21.600000,10000.000000,1,3,1288651743,1151,17,1151,17,0,118,2
109,360,21.600000,10000.000000,1,3,1288651748,1150,17,1150,17,0,118,2
109,360,21.600000,10000.000000,1,3,1288651754,1149,17,1149,17,0,118,2
109,360,21.600000,10000.000000,1,3,1288651760,1148,17,1148,17,0,118,2
109,360,21.600000,10000.000000,1,3,1288651765,1147,17,1147,17,0,118,2
109,360,21.600000,10000.000000,1,3,1288651771,1146,17,1146,17,0,118,2
109,360,21.600000,10000.000000,1,3,1288651776,1145,17,1145,17,0,118,2
109,360,21.600000,10000.000000,1,3,1288651781,1145,16,1145,16,0,118,2
109,360,21.600000,10000.000000,1,3,1288651787,1145,15,1145,15,0,118,2
109,360,21.600000,10000.000000,1,3,1288651793,1144,15,1144,15,0,118,2
109,360,21.600000,10000.000000,1,3,1288651806,1143,15,1143,15,0,118,2
