109,720,21.600000,43.200000,1,0,1287882511,600,4,600,4,0,41,0
109,720,21.600000,43.200000,1,0,1287882512,600,4,600,4,0,41,0
109,720,21.600000,43.200000,1,0,1287882518,600,4,600,4,0,41,0
109,720,21.600000,43.200000,1,0,1287882523,600,4,600,4,0,41,0
109,720,21.600000,43.200000,1,0,1287882529,600,4,600,4,0,41,0
109,720,21.600000,43.200000,1,0,1287882535,600,4,600,4,0,41,0
109,720,21.600000,43.200000,1,0,1287882540,600,4,600,4,0,41,0
109,720,21.600000,43.200000,1,0,1287882545,600,4,600,4,0,41,0
109,720,21.600000,43.200000,1,0,1287882551,600,4,600,4,0,41,0
109,720,21.600000,43.200000,1,0,1287882556,600,4,600,4,0,41,0
109,720,21.600000,43.200000,1,0,1287882562,600,4,600,4,0,41,0
109,720,21.600000,43.200000,1,0,1287882567,600,4,600,4,0,41,0
109,720,21.600000,43.200000,1,0,1287882573,600,4,600,4,0,41,0
109,720,21.600000,43.200000,1,0,1287882578,600,4,600,4,0,41,0
109,720,21.600000,43.200000,1,0,1287882584,601,4,601,4,0,41,0
109,720,21.600000,43.200000,1,0,1287882590,602,6,602,6,0,41,0
109,720,21.600000,43.200000,1,0,1287882596,605,9,605,9,0,41,0
109,720,21.600000,43.200000,1,0,1287882602,609,12,609,12,0,41,0
109,720,21.600000,43.200000,1,0,1287882607,615,16,615,16,0,41,0
109,720,21.600000,43.200000,1,0,1287882613,626,22,626,22,0,41,0
109,720,21.600000,43.200000,1,0,1287882618,637,27,637,27,0,41,0
109,720,21.600000,43.200000,1,0,1287882624,653,32,653,32,0,41,0
109,720,21.600000,43.200000,1,0,1287882630,674,37,674,37,0,41,0
109,720,21.600000,43.200000,1,0,1287882635,694,40,694,40,0,41,0
109,720,21.600000,43.200000,1,0,1287882641,721,44,721,44,0,41,0
109,720,21.600000,43.200000,1,0,1287882647,755,48,755,48,0,41,0
109,720,21.600000,43.200000,1,0,1287882653,790,51,790,51,0,41,0
109,720,21.600000,43.200000,1,0,1287882659,824,52,824,52,0,41,0
109,720,21.600000,43.200000,1,0,1287882664,868,53,868,53,0,41,0
109,720,21.600000,43.200000,1,0,1287882670,911,53,911,53,0,41,0
109,720,21.600000,43.200000,1,0,1287882676,961,54,961,54,0,41,0
109,720,21.600000,43.200000,1,0,1287882682,1004,54,1004,54,0,41,0
109,720,21.600000,43.200000,1,0,1287882688,1055,54,1055,54,0,41,0
109,720,21.600000,43.200000,1,0,1287882694,1092,54,1092,54,0,41,0
109,720,21.600000,43.200000,1,0,1287882701,1132,55,1132,55,0,41,0
109,720,21.600000,43.200000,1,0,1287882706,1176,55,1176,55,0,41,0
109,720,21.600000,43.200000,1,0,1287882713,1210,56,1210,56,0,41,0
109,720,21.600000,43.200000,1,0,1287882719,1254,56,1254,56,0,41,0
109,720,21.600000,43.200000,1,0,1287882724,1283,56,1283,56,0,41,0
109,720,21.600000,43.200000,1,0,1287882730,1308,56,1308,56,0,41,0
109,720,21.600000,43.200000,1,0,1287882735,1324,56,1324,56,0,41,0
109,720,21.600000,43.200000,1,0,1287882741,1337,56,1337,56,0,41,0
109,720,21.600000,43.200000,1,0,1287882746,1348,55,1348,55,0,41,0
109,720,21.600000,43.200000,1,0,1287882752,1355,54,1355,54,0,41,0
109,720,21.600000,43.200000,1,0,1287882758,1359,53,1359,53,0,41,0
109,720,21.600000,43.200000,1,0,1287882764,1363,52,1363,52,0,41,0
109,720,21.600000,43.200000,1,0,1287882769,1365,51,1365,51,0,41,0
109,720,21.600000,43.200000,1,0,1287882776,1366,50,1366,50,0,41,0
109,720,21.600000,43.200000,1,0,1287882781,1367,49,1367,49,0,41,0
109,720,21.600000,43.200000,1,0,1287882787,1367,48,1367,48,0,41,0
109,720,21.600000,43.200000,1,0,1287882792,1366,48,1366,48,0,41,0
109,720,21.600000,43.200000,1,0,1287882798,1365,48,1365,48,0,41,0
109,720,21.600000,43.200000,1,0,1287882803,1364,48,1364,48,0,41,0
109,720,21.600000,43.200000,1,0,1287882809,1362,47,1362,47,0,41,0
109,720,21.600000,43.200000,1,0,1287882815,1361,47,1361,47,0,41,0
109,720,21.600000,43.200000,1,0,1287882821,1360,46,1360,46,0,41,0
109,720,21.600000,43.200000,1,0,1287882827,1359,46,1359,46,0,41,0
109,720,21.600000,43.200000,1,0,1287882832,1358,46,1358,46,0,41,0
109,720,21.600000,43.200000,1,0,1287882838,1357,46,1357,46,0,41,0
109,720,21.600000,43.200000,1,0,1287882843,1357,46,1357,46,0,41,0
109,720,21.600000,43.200000,1,0,1287882849,1357,46,1357,46,0,41,0
109,720,21.600000,43.200000,1,0,1287882855,1357,46,1357,46,0,41,0
109,720,21.600000,43.200000,1,0,1287882860,1357,46,1357,46,0,41,0
109,720,21.600000,43.200000,1,0,1287882866,1357,46,1357,46,0,41,0
109,720,21.600000,43.200000,1,0,1287882871,1357,46,1357,46,0,41,0
109,720,21.600000,43.200000,1,0,1287882877,1357,45,1357,45,0,41,0
109,720,21.600000,43.200000,1,0,1287882882,1357,44,1357,44,0,41,0
109,720,21.600000,43.200000,1,0,1287882888,1357,43,1357,43,0,41,0
109,720,21.600000,43.200000,1,0,1287882894,1357,43,1357,43,0,41,0
109,720,21.600000,43.200000,1,0,1287882899,1356,42,1356,42,0,41,0
109,720,21.600000,43.200000,1,0,1287882905,1355,42,1355,42,0,41,0
109,720,21.600000,43.200000,1,0,1287882911,1354,41,1354,41,0,41,0
109,720,21.600000,43.200000,1,0,1287882916,1353,40,1353,40,0,41,0
109,720,21.600000,43.200000,1,0,1287882922,1352,39,1352,39,0,41,0
109,720,21.600000,43.200000,1,0,1287882928,1350,38,1350,38,0,41,0
109,720,21.600000,43.200000,1,0,1287882933,1347,37,1347,37,0,41,0
109,720,21.600000,43.200000,1,0,1287882940,1343,36,1343,36,0,41,0
109,720,21.600000,43.200000,1,0,1287882945,1338,34,1338,34,0,41,0
109,720,21.600000,43.200000,1,0,1287882951,1336,34,1336,34,0,41,0
109,720,21.600000,43.200000,1,0,1287882957,1335,33,1335,33,0,41,0
109,720,21.600000,43.200000,1,0,1287882963,1335,32,1335,32,0,41,0
109,720,21.600000,43.200000,1,0,1287882969,1334,31,1334,31,0,41,0
109,720,21.600000,43.200000,1,0,1287882974,1334,30,1334,30,0,41,0
109,720,21.600000,43.200000,1,0,1287882980,1334,29,1334,29,0,41,0
109,720,21.600000,43.200000,1,0,1287882985,1334,27,1334,27,0,41,0
109,720,21.600000,43.200000,1,0,1287882991,1334,25,1334,25,0,41,0
109,720,21.600000,43.200000,1,0,1287882997,1334,24,1334,24,0,41,0
109,720,21.600000,43.200000,1,0,1287883002,1334,23,1334,23,0,41,0
109,720,21.600000,43.200000,1,0,1287883008,1334,22,1334,22,0,41,0
109,720,21.600000,43.200000,1,0,1287883013,1334,21,1334,21,0,41,0
109,720,21.600000,43.200000,1,0,1287883019,1334,20,1334,20,0,41,0
109,720,21.600000,43.200000,1,0,1287883025,1334,19,1334,19,0,41,0
109,720,21.600000,43.200000,1,0,1287883031,1334,18,1334,18,0,41,0
109,720,21.600000,43.200000,1,0,1287883036,1334,17,1334,17,0,41,0
109,720,21.600000,43.200000,1,0,1287883041,1334,16,1334,16,0,41,0
109,720,21.600000,43.200000,1,0,1287883047,1334,16,1334,16,0,41,0
109,720,21.600000,43.200000,1,0,1287883053,1334,16,1334,16,0,41,0
109,720,21.600000,43.200000,1,0,1287883058,1334,16,1334,16,0,41,0
109,720,21.600000,43.200000,1,0,1287883064,1334,16,1334,16,0,41,0
109,720,21.600000,43.200000,1,0,1287883069,1334,16,1334,16,0,41,0
109,720,21.600000,43.200000,1,0,1287883075,1334,16,1334,16,0,41,0
109,720,21.600000,43.200000,1,0,1287883080,1334,16,1334,16,0,41,0
109,720,21.600000,43.200000,1,0,1287883085,1334,16,1334,16,0,41,0
109,720,21.600000,43.200000,1,0,1287883091,1334,16,1334,16,0,41,0
109,720,21.600000,43.200000,1,0,1287883097,1334,16,1334,16,0,41,0
109,720,21.600000,43.200000,1,0,1287883102,1334,16,1334,16,0,41,0
109,720,21.600000,43.200000,1,0,1287883107,1334,16,1334,16,0,41,0
109,720,21.600000,43.200000,1,0,1287883113,1334,16,1334,16,0,41,0
109,720,21.600000,43.200000,1,0,1287883119,1334,16,1334,16,0,41,0
109,720,21.600000,43.200000,1,0,1287883124,1334,16,1334,16,0,41,0
109,720,21.600000,43.200000,1,0,1287883130,1334,16,1334,16,0,41,0
109,720,21.600000,43.200000,1,0,1287883136,1334,16,1334,16,0,41,0
109,720,21.600000,43.200000,1,0,1287883141,1334,16,1334,16,0,41,0
109,720,21.600000,43.200000,1,0,1287883147,1334,16,1334,16,0,41,0
109,720,21.600000,43.200000,1,0,1287883152,1334,15,1334,15,0,41,0
109,720,21.600000,43.200000,1,0,1287883158,1333,14,1333,14,0,41,0
109,720,21.600000,43.200000,1,0,1287883163,1332,13,1332,13,0,41,0
109,720,21.600000,43.200000,1,0,1287883169,1331,12,1331,12,0,41,0
109,720,21.600000,43.200000,1,0,1287883175,1330,11,1330,11,0,41,0
109,720,21.600000,43.200000,1,0,1287883180,1329,10,1329,10,0,41,0
109,720,21.600000,43.200000,1,0,1287883186,1328,9,1328,9,0,41,0
109,720,21.600000,43.200000,1,0,1287883192,1327,9,1327,9,0,41,0
109,720,21.600000,43.200000,1,0,1287883197,1326,9,1326,9,0,41,0
109,720,21.600000,43.200000,1,0,1287883203,1326,8,1326,8,0,41,0
109,720,21.600000,43.200000,1,0,1287883209,1326,7,1326,7,0,41,0
109,720,21.600000,43.200000,1,0,1287883214,1325,7,1325,7,0,41,0
109,720,21.600000,43.200000,1,0,1287883220,1324,7,1324,7,0,41,0
109,720,21.600000,43.200000,1,0,1287883225,1323,7,1323,7,0,41,0
109,720,21.600000,43.200000,1,0,1287883230,1323,7,1323,7,0,41,0
109,720,21.600000,43.200000,1,0,1287883236,1323,7,1323,7,0,41,0
109,720,21.600000,43.200000,1,0,1287883242,1323,7,1323,7,0,41,0
109,720,21.600000,43.200000,1,0,1287883247,1323,7,1323,7,0,41,0
109,720,21.600000,43.200000,1,0,1287883252,1323,7,1323,7,0,41,0
109,720,21.600000,43.200000,1,0,1287883271,1323,7,1323,7,0,41,0
