109,360,21.600000,0.000000,0,3,1288399396,787,0,787,0,0,92,1
109,360,21.600000,0.000000,0,3,1288399398,787,0,787,0,0,92,1
109,360,21.600000,0.000000,0,3,1288399403,787,0,787,0,0,92,1
109,360,21.600000,0.000000,0,3,1288399408,787,0,787,0,0,92,1
109,360,21.600000,0.000000,0,3,1288399414,787,0,787,0,0,92,1
109,360,21.600000,0.000000,0,3,1288399420,787,0,787,0,0,92,1
109,360,21.600000,0.000000,0,3,1288399426,787,0,787,0,0,92,1
109,360,21.600000,0.000000,0,3,1288399431,787,0,787,0,0,92,1
109,360,21.600000,0.000000,0,3,1288399437,787,0,787,0,0,92,1
109,360,21.600000,0.000000,0,3,1288399442,787,0,787,0,0,92,1
109,360,21.600000,0.000000,0,3,1288399448,787,0,787,0,0,92,1
109,360,21.600000,0.000000,0,3,1288399453,787,0,787,0,0,92,1
109,360,21.600000,0.000000,0,3,1288399458,787,0,787,0,0,92,1
109,360,21.600000,0.000000,0,3,1288399464,787,0,787,0,0,92,1
109,360,21.600000,0.000000,0,3,1288399470,787,0,787,0,0,92,1
109,360,21.600000,0.000000,0,3,1288399475,787,0,787,0,0,92,1
109,360,21.600000,0.000000,0,3,1288399481,789,0,789,0,0,92,1
109,360,21.600000,0.000000,0,3,1288399487,793,0,793,0,0,92,1
109,360,21.600000,0.000000,0,3,1288399492,805,1,805,1,0,92,1
109,360,21.600000,0.000000,0,3,1288399498,815,1,815,1,0,92,1
109,360,21.600000,0.000000,0,3,1288399504,828,0,828,0,0,92,1
109,360,21.600000,0.000000,0,3,1288399509,849,0,849,-2,0,92,1
109,360,21.600000,0.000000,0,3,1288399515,869,0,869,-4,0,92,1
109,360,21.600000,0.000000,0,3,1288399520,895,0,895,-6,0,92,1
109,360,21.600000,0.000000,0,3,1288399526,923,0,923,-9,0,92,1
109,360,21.600000,0.000000,0,3,1288399532,951,0,951,-12,0,92,1
109,360,21.600000,0.000000,0,3,1288399537,981,0,981,-15,0,92,1
109,360,21.600000,0.000000,0,3,1288399543,1009,0,1009,-18,0,92,1
109,360,21.600000,0.000000,0,3,1288399549,1039,0,1039,-20,0,92,1
109,360,21.600000,0.000000,0,3,1288399555,1066,0,1066,-22,0,92,1
109,360,21.600000,0.000000,0,3,1288399560,1095,0,1095,-24,0,92,1
109,360,21.600000,0.000000,0,3,1288399566,1122,0,1122,-26,0,92,1
109,360,21.600000,0.000000,0,3,1288399572,1144,0,1144,-27,0,92,1
109,360,21.600000,0.000000,0,3,1288399578,1160,0,1160,-28,0,92,1
109,360,21.600000,0.000000,0,3,1288399583,1172,0,1172,-28,0,92,1
109,360,21.600000,0.000000,0,3,1288399588,1180,0,1180,-28,0,92,1
109,360,21.600000,0.000000,0,3,1288399594,1183,0,1183,-28,0,92,1
109,360,21.600000,0.000000,0,3,1288399600,1183,1,1183,-27,0,92,1
109,360,21.600000,0.000000,0,3,1288399605,1183,2,1183,-26,0,92,1
109,360,21.600000,0.000000,0,3,1288399611,1182,2,1182,-26,0,92,1
109,360,21.600000,0.000000,0,3,1288399617,1180,2,1180,-26,0,92,1
109,360,21.600000,0.000000,0,3,1288399623,1178,1,1178,-27,0,92,1
109,360,21.600000,0.000000,0,3,1288399628,1176,1,1176,-27,0,92,1
109,360,21.600000,0.000000,0,3,1288399635,1173,1,1173,-27,0,92,1
109,360,21.600000,0.000000,0,3,1288399640,1171,0,1171,-28,0,92,1
109,360,21.600000,0.000000,0,3,1288399646,1169,0,1169,-28,0,92,1
109,360,21.600000,0.000000,0,3,1288399652,1167,0,1167,-29,0,92,1
109,360,21.600000,0.000000,0,3,1288399658,1166,0,1166,-29,0,92,1
109,360,21.600000,0.000000,0,3,1288399663,1165,0,1165,-29,0,92,1
109,360,21.600000,0.000000,0,3,1288399669,1164,0,1164,-29,0,92,1
109,360,21.600000,0.000000,0,3,1288399674,1163,0,1163,-29,0,92,1
109,360,21.600000,0.000000,0,3,1288399680,1162,0,1162,-29,0,92,1
109,360,21.600000,0.000000,0,3,1288399686,1160,0,1160,-29,0,92,1
109,360,21.600000,0.000000,0,3,1288399693,1159,0,1159,-29,0,92,1
109,360,21.600000,0.000000,0,3,1288399699,1157,1,1157,-28,0,92,1
109,360,21.600000,0.000000,0,3,1288399704,1155,1,1155,-28,0,92,1
109,360,21.600000,0.000000,0,3,1288399710,1154,1,1154,-28,0,92,1
109,360,21.600000,0.000000,0,3,1288399716,1153,1,1153,-28,0,92,1
109,360,21.600000,0.000000,0,3,1288399722,1152,1,1152,-28,0,92,1
109,360,21.600000,0.000000,0,3,1288399728,1151,1,1151,-28,0,92,1
109,360,21.600000,0.000000,0,3,1288399733,1151,1,1151,-28,0,92,1
109,360,21.600000,0.000000,0,3,1288399739,1150,1,1150,-28,0,92,1
109,360,21.600000,0.000000,0,3,1288399744,1149,1,1149,-28,0,92,1
109,360,21.600000,0.000000,0,3,1288399750,1148,1,1148,-28,0,92,1
109,360,21.600000,0.000000,0,3,1288399755,1147,1,1147,-28,0,92,1
109,360,21.600000,0.000000,0,3,1288399761,1146,1,1146,-28,0,92,1
109,360,21.600000,0.000000,0,3,1288399767,1144,0,1144,-29,0,92,1
109,360,21.600000,0.000000,0,3,1288399772,1141,0,1141,-29,0,92,1
109,360,21.600000,0.000000,0,3,1288399778,1138,0,1138,-29,0,92,1
109,360,21.600000,0.000000,0,3,1288399783,1136,0,1136,-29,0,92,1
109,360,21.600000,0.000000,0,3,1288399789,1134,0,1134,-29,0,92,1
109,360,21.600000,0.000000,0,3,1288399795,1133,0,1133,-29,0,92,1
109,360,21.600000,0.000000,0,3,1288399801,1133,0,1133,-29,0,92,1
109,360,21.600000,0.000000,0,3,1288399806,1133,1,1133,-28,0,92,1
109,360,21.600000,0.000000,0,3,1288399812,1133,2,1133,-27,0,92,1
109,360,21.600000,0.000000,0,3,1288399818,1133,2,1133,-27,0,92,1
109,360,21.600000,0.000000,0,3,1288399823,1133,2,1133,-27,0,92,1
109,360,21.600000,0.000000,0,3,1288399829,1133,2,1133,-27,0,92,1
109,360,21.600000,0.000000,0,3,1288399834,1133,2,1133,-27,0,92,1
109,360,21.600000,0.000000,0,3,1288399840,1133,2,1133,-27,0,92,1
109,360,21.600000,0.000000,0,3,1288399848,1133,2,1133,-27,0,92,1
109,360,21.600000,0.000000,0,3,1288399853,1134,1,1134,-28,0,92,1
109,360,21.600000,0.000000,0,3,1288399859,1135,1,1135,-28,0,92,1
109,360,21.600000,0.000000,0,3,1288399865,1136,1,1136,-28,0,92,1
109,360,21.600000,0.000000,0,3,1288399871,1137,1,1137,-28,0,92,1
109,360,21.600000,0.000000,0,3,1288399876,1138,1,1138,-28,0,92,1
109,360,21.600000,0.000000,0,3,1288399882,1139,1,1139,-28,0,92,1
109,360,21.600000,0.000000,0,3,1288399887,1139,1,1139,-28,0,92,1
109,360,21.600000,0.000000,0,3,1288399893,1139,1,1139,-28,0,92,1
109,360,21.600000,0.000000,0,3,1288399898,1139,1,1139,-28,0,92,1
109,360,21.600000,0.000000,0,3,1288399904,1139,1,1139,-28,0,92,1
109,360,21.600000,0.000000,0,3,1288399910,1139,1,1139,-28,0,92,1
109,360,21.600000,0.000000,0,3,1288399915,1139,1,1139,-28,0,92,1
109,360,21.600000,0.000000,0,3,1288399928,1139,1,1139,-28,0,92,1
