107,360,21.600000,43.200000,0,5,1242272855,781,0,781,0,0,45,4
107,360,21.600000,43.200000,0,5,1242272857,781,0,781,0,0,45,4
107,360,21.600000,43.200000,0,5,1242272862,780,0,780,0,0,45,4
107,360,21.600000,43.200000,0,5,1242272868,779,0,779,0,0,45,4
107,360,21.600000,43.200000,0,5,1242272873,778,0,778,0,0,45,4
107,360,21.600000,43.200000,0,5,1242272879,778,0,778,0,0,45,4
107,360,21.600000,43.200000,0,5,1242272884,778,0,778,0,0,45,4
107,360,21.600000,43.200000,0,5,1242272889,778,0,778,0,0,45,4
107,360,21.600000,43.200000,0,5,1242272895,778,0,778,0,0,45,4
107,360,21.600000,43.200000,0,5,1242272900,778,0,778,0,0,45,4
107,360,21.600000,43.200000,0,5,1242272906,778,0,778,0,0,45,4
107,360,21.600000,43.200000,0,5,1242272911,778,0,778,-1,0,45,4
107,360,21.600000,43.200000,0,5,1242272917,778,0,778,-2,0,45,4
107,360,21.600000,43.200000,0,5,1242272923,779,0,779,-2,0,45,4
107,360,21.600000,43.200000,0,5,1242272928,782,0,782,-2,0,45,4
107,360,21.600000,43.200000,0,5,1242272934,787,0,787,-2,0,45,4
107,360,21.600000,43.200000,0,5,1242272940,795,0,795,-3,0,45,4
107,360,21.600000,43.200000,0,5,1242272945,807,0,807,-5,0,45,4
107,360,21.600000,43.200000,0,5,1242272951,823,0,823,-7,0,45,4
107,360,21.600000,43.200000,0,5,1242272956,837,0,837,-8,0,45,4
107,360,21.600000,43.200000,0,5,1242272962,852,0,852,-10,0,45,4
107,360,21.600000,43.200000,0,5,1242272967,869,0,869,-11,0,45,4
107,360,21.600000,43.200000,0,5,1242272973,891,0,891,-13,0,45,4
107,360,21.600000,43.200000,0,5,1242272979,907,0,907,-14,0,45,4
107,360,21.600000,43.200000,0,5,1242272984,923,0,923,-15,0,45,4
107,360,21.600000,43.200000,0,5,1242272990,940,0,940,-16,0,45,4
107,360,21.600000,43.200000,0,5,1242272996,1088,0,964,-18,0,45,4
107,360,21.600000,43.200000,0,5,1242273001,1107,0,983,-20,0,45,4
107,360,21.600000,43.200000,0,5,1242273006,1124,0,1000,-21,0,45,4
107,360,21.600000,43.200000,0,5,1242273012,1145,0,1021,-23,0,45,4
107,360,21.600000,43.200000,0,5,1242273017,1162,0,1038,-24,0,45,4
107,360,21.600000,43.200000,0,5,1242273023,1174,0,1050,-25,0,45,4
107,360,21.600000,43.200000,0,5,1242273029,1184,0,1060,-25,0,45,4
107,360,21.600000,43.200000,0,5,1242273034,1192,0,1068,-26,0,45,4
107,360,21.600000,43.200000,0,5,1242273040,1196,0,1072,-27,0,45,4
107,360,21.600000,43.200000,0,5,1242273045,1197,0,1073,-27,0,45,4
107,360,21.600000,43.200000,0,5,1242273051,1199,0,1075,-27,0,45,4
107,360,21.600000,43.200000,0,5,1242273056,1199,0,1075,-28,0,45,4
107,360,21.600000,43.200000,0,5,1242273062,1197,0,1073,-29,0,45,4
107,360,21.600000,43.200000,0,5,1242273068,1193,0,1069,-30,0,45,4
107,360,21.600000,43.200000,0,5,1242273073,1191,0,1067,-30,0,45,4
107,360,21.600000,43.200000,0,5,1242273079,1186,0,1062,-30,0,45,4
107,360,21.600000,43.200000,0,5,1242273085,1180,0,1056,-30,0,45,4
107,360,21.600000,43.200000,0,5,1242273090,1175,0,1051,-31,0,45,4
107,360,21.600000,43.200000,0,5,1242273096,1171,0,1047,-31,0,45,4
107,360,21.600000,43.200000,0,5,1242273102,1169,0,1045,-31,0,45,4
107,360,21.600000,43.200000,0,5,1242273107,1168,0,1044,-31,0,45,4
107,360,21.600000,43.200000,0,5,1242273113,1167,0,1043,-31,0,45,4
107,360,21.600000,43.200000,0,5,1242273118,1166,0,1042,-31,0,45,4
107,360,21.600000,43.200000,0,5,1242273124,1166,0,1042,-31,0,45,4
107,360,21.600000,43.200000,0,5,1242273129,1166,0,1042,-31,0,45,4
107,360,21.600000,43.200000,0,5,1242273134,1166,0,1042,-31,0,45,4
107,360,21.600000,43.200000,0,5,1242273140,1166,0,1042,-31,0,45,4
107,360,21.600000,43.200000,0,5,1242273145,1166,0,1042,-31,0,45,4
107,360,21.600000,43.200000,0,5,1242273151,1166,0,1042,-31,0,45,4
107,360,21.600000,43.200000,0,5,1242273156,1167,0,1043,-31,0,45,4
107,360,21.600000,43.200000,0,5,1242273162,1168,0,1044,-31,0,45,4
107,360,21.600000,43.200000,0,5,1242273167,1169,0,1045,-31,0,45,4
107,360,21.600000,43.200000,0,5,1242273173,1170,0,1046,-31,0,45,4
107,360,21.600000,43.200000,0,5,1242273178,1171,0,1047,-31,0,45,4
107,360,21.600000,43.200000,0,5,1242273184,1171,0,1047,-32,0,45,4
107,360,21.600000,43.200000,0,5,1242273190,1171,0,1047,-33,0,45,4
107,360,21.600000,43.200000,0,5,1242273196,1172,0,1048,-33,0,45,4
107,360,21.600000,43.200000,0,5,1242273201,1173,0,1049,-33,0,45,4
107,360,21.600000,43.200000,0,5,1242273206,1174,0,1050,-33,0,45,4
107,360,21.600000,43.200000,0,5,1242273211,1174,0,1050,-33,0,45,4
107,360,21.600000,43.200000,0,5,1242273217,1174,0,1050,-33,0,45,4
107,360,21.600000,43.200000,0,5,1242273222,1174,0,1050,-33,0,45,4
107,360,21.600000,43.200000,0,5,1242273228,1174,0,1050,-33,0,45,4
107,360,21.600000,43.200000,0,5,1242273233,1174,0,1050,-33,0,45,4
107,360,21.600000,43.200000,0,5,1242273239,1173,0,1049,-33,0,45,4
107,360,21.600000,43.200000,0,5,1242273245,1172,0,1048,-33,0,45,4
107,360,21.600000,43.200000,0,5,1242273250,1171,0,1047,-33,0,45,4
107,360,21.600000,43.200000,0,5,1242273256,1170,0,1046,-33,0,45,4
107,360,21.600000,43.200000,0,5,1242273261,1169,0,1045,-33,0,45,4
107,360,21.600000,43.200000,0,5,1242273266,1168,0,1044,-33,0,45,4
107,360,21.600000,43.200000,0,5,1242273272,1167,0,1043,-33,0,45,4
107,360,21.600000,43.200000,0,5,1242273278,1167,0,1043,-33,0,45,4
107,360,21.600000,43.200000,0,5,1242273283,1167,0,1043,-33,0,45,4
107,360,21.600000,43.200000,0,5,1242273289,1167,0,1043,-33,0,45,4
107,360,21.600000,43.200000,0,5,1242273294,1167,0,1043,-33,0,45,4
107,360,21.600000,43.200000,0,5,1242273300,1167,0,1043,-33,0,45,4
107,360,21.600000,43.200000,0,5,1242273305,1166,0,1042,-33,0,45,4
107,360,21.600000,43.200000,0,5,1242273311,1166,0,1042,-33,0,45,4
107,360,21.600000,43.200000,0,5,1242273317,1166,0,1042,-33,0,45,4
107,360,21.600000,43.200000,0,5,1242273322,1165,0,1041,-33,0,45,4
107,360,21.600000,43.200000,0,5,1242273328,1163,0,1039,-33,0,45,4
107,360,21.600000,43.200000,0,5,1242273335,1161,0,1037,-34,0,45,4
107,360,21.600000,43.200000,0,5,1242273340,1157,0,1033,-34,0,45,4
107,360,21.600000,43.200000,0,5,1242273346,1154,0,1030,-35,0,45,4
107,360,21.600000,43.200000,0,5,1242273352,1151,0,1027,-35,0,45,4
107,360,21.600000,43.200000,0,5,1242273358,1149,0,1025,-35,0,45,4
107,360,21.600000,43.200000,0,5,1242273363,1148,0,1024,-36,0,45,4
107,360,21.600000,43.200000,0,5,1242273369,1146,0,1022,-37,0,45,4
107,360,21.600000,43.200000,0,5,1242273375,1145,0,1021,-38,0,45,4
107,360,21.600000,43.200000,0,5,1242273380,1144,0,1020,-39,0,45,4
107,360,21.600000,43.200000,0,5,1242273385,1143,0,1019,-40,0,45,4
107,360,21.600000,43.200000,0,5,1242273390,1143,0,1019,-40,0,45,4
107,360,21.600000,43.200000,0,5,1242273396,1143,0,1019,-40,0,45,4
107,360,21.600000,43.200000,0,5,1242273402,1143,0,1019,-40,0,45,4
107,360,21.600000,43.200000,0,5,1242273407,1143,0,1019,-40,0,45,4
107,360,21.600000,43.200000,0,5,1242273413,1143,0,1019,-40,0,45,4
107,360,21.600000,43.200000,0,5,1242273418,1143,0,1019,-40,0,45,4
107,360,21.600000,43.200000,0,5,1242273424,1143,0,1019,-40,0,45,4
107,360,21.600000,43.200000,0,5,1242273429,1143,0,1019,-40,0,45,4
107,360,21.600000,43.200000,0,5,1242273442,1143,0,1019,-40,0,45,4
