107,720,21.600000,10000.000000,0,4,1241871298,609,0,609,0,0,6,3
107,720,21.600000,10000.000000,0,4,1241871300,609,0,609,0,0,6,3
107,720,21.600000,10000.000000,0,4,1241871305,609,0,609,0,0,6,3
107,720,21.600000,10000.000000,0,4,1241871310,609,0,609,0,0,6,3
107,720,21.600000,10000.000000,0,4,1241871316,609,0,609,0,0,6,3
107,720,21.600000,10000.000000,0,4,1241871321,609,0,609,0,0,6,3
107,720,21.600000,10000.000000,0,4,1241871327,609,0,609,0,0,6,3
107,720,21.600000,10000.000000,0,4,1241871332,609,0,609,0,0,6,3
107,720,21.600000,10000.000000,0,4,1241871338,609,0,609,0,0,6,3
107,720,21.600000,10000.000000,0,4,1241871343,609,0,609,0,0,6,3
107,720,21.600000,10000.000000,0,4,1241871349,609,0,609,0,0,6,3
107,720,21.600000,10000.000000,0,4,1241871355,609,0,609,0,0,6,3
107,720,21.600000,10000.000000,0,4,1241871360,609,0,609,0,0,6,3
107,720,21.600000,10000.000000,0,4,1241871366,609,0,609,0,0,6,3
107,720,21.600000,10000.000000,0,4,1241871371,609,0,609,0,0,6,3
107,720,21.600000,10000.000000,0,4,1241871376,609,0,609,0,0,6,3
107,720,21.600000,10000.000000,0,4,1241871382,610,0,610,0,0,6,3
107,720,21.600000,10000.000000,0,4,1241871388,612,0,612,0,0,6,3
107,720,21.600000,10000.000000,0,4,1241871394,615,0,615,0,0,6,3
107,720,21.600000,10000.000000,0,4,1241871400,621,0,621,0,0,6,3
107,720,21.600000,10000.000000,0,4,1241871405,631,0,631,0,0,6,3
107,720,21.600000,10000.000000,0,4,1241871411,641,0,641,0,0,6,3
107,720,21.600000,10000.000000,0,4,1241871416,658,0,658,-2,0,6,3
107,720,21.600000,10000.000000,0,4,1241871422,680,0,680,-5,0,6,3
107,720,21.600000,10000.000000,0,4,1241871428,708,0,708,-8,0,6,3
107,720,21.600000,10000.000000,0,4,1241871433,742,0,742,-12,0,6,3
107,720,21.600000,10000.000000,0,4,1241871439,776,0,776,-16,0,6,3
107,720,21.600000,10000.000000,0,4,1241871445,816,0,816,-20,0,6,3
107,720,21.600000,10000.000000,0,4,1241871451,856,0,856,-24,0,6,3
107,720,21.600000,10000.000000,0,4,1241871456,900,0,900,-29,0,6,3
107,720,21.600000,10000.000000,0,4,1241871462,945,0,945,-35,0,6,3
107,720,21.600000,10000.000000,0,4,1241871468,990,0,990,-40,0,6,3
107,720,21.600000,10000.000000,0,4,1241871474,1040,0,1040,-46,0,6,3
107,720,21.600000,10000.000000,0,4,1241871480,1084,0,1084,-52,0,6,3
107,720,21.600000,10000.000000,0,4,1241871486,1135,0,1135,-59,0,6,3
107,720,21.600000,10000.000000,0,4,1241871491,1175,0,1175,-63,0,6,3
107,720,21.600000,10000.000000,0,4,1241871497,1213,0,1213,-68,0,6,3
107,720,21.600000,10000.000000,0,4,1241871502,1243,0,1243,-72,0,6,3
107,720,21.600000,10000.000000,0,4,1241871508,1264,0,1264,-74,0,6,3
107,720,21.600000,10000.000000,0,4,1241871514,1285,0,1285,-77,0,6,3
107,720,21.600000,10000.000000,0,4,1241871519,1304,0,1304,-80,0,6,3
107,720,21.600000,10000.000000,0,4,1241871525,1316,0,1316,-81,0,6,3
107,720,21.600000,10000.000000,0,4,1241871531,1328,0,1328,-83,0,6,3
107,720,21.600000,10000.000000,0,4,1241871537,1337,0,1337,-84,0,6,3
107,720,21.600000,10000.000000,0,4,1241871543,1343,0,1343,-86,0,6,3
107,720,21.600000,10000.000000,0,4,1241871548,1346,0,1346,-87,0,6,3
107,720,21.600000,10000.000000,0,4,1241871555,1347,0,1347,-88,0,6,3
107,720,21.600000,10000.000000,0,4,1241871560,1348,0,1348,-89,0,6,3
107,720,21.600000,10000.000000,0,4,1241871566,1348,0,1348,-89,0,6,3
107,720,21.600000,10000.000000,0,4,1241871572,1346,0,1346,-90,0,6,3
107,720,21.600000,10000.000000,0,4,1241871578,1344,0,1344,-90,0,6,3
107,720,21.600000,10000.000000,0,4,1241871583,1342,0,1342,-90,0,6,3
107,720,21.600000,10000.000000,0,4,1241871589,1340,0,1340,-90,0,6,3
107,720,21.600000,10000.000000,0,4,1241871594,1338,0,1338,-90,0,6,3
107,720,21.600000,10000.000000,0,4,1241871600,1337,0,1337,-90,0,6,3
107,720,21.600000,10000.000000,0,4,1241871605,1336,0,1336,-90,0,6,3
107,720,21.600000,10000.000000,0,4,1241871611,1335,0,1335,-90,0,6,3
107,720,21.600000,10000.000000,0,4,1241871616,1335,0,1335,-90,0,6,3
107,720,21.600000,10000.000000,0,4,1241871621,1335,0,1335,-90,0,6,3
107,720,21.600000,10000.000000,0,4,1241871627,1335,0,1335,-90,0,6,3
107,720,21.600000,10000.000000,0,4,1241871632,1335,0,1335,-90,0,6,3
107,720,21.600000,10000.000000,0,4,1241871638,1335,0,1335,-90,0,6,3
107,720,21.600000,10000.000000,0,4,1241871643,1335,0,1335,-90,0,6,3
107,720,21.600000,10000.000000,0,4,1241871649,1335,0,1335,-90,0,6,3
107,720,21.600000,10000.000000,0,4,1241871654,1335,0,1335,-90,0,6,3
107,720,21.600000,10000.000000,0,4,1241871660,1335,0,1335,-90,0,6,3
107,720,21.600000,10000.000000,0,4,1241871665,1335,0,1335,-90,0,6,3
107,720,21.600000,10000.000000,0,4,1241871671,1335,0,1335,-90,0,6,3
107,720,21.600000,10000.000000,0,4,1241871677,1335,0,1335,-90,0,6,3
107,720,21.600000,10000.000000,0,4,1241871682,1335,0,1335,-90,0,6,3
107,720,21.600000,10000.000000,0,4,1241871688,1335,0,1335,-90,0,6,3
107,720,21.600000,10000.000000,0,4,1241871693,1335,0,1335,-90,0,6,3
107,720,21.600000,10000.000000,0,4,1241871699,1335,0,1335,-90,0,6,3
107,720,21.600000,10000.000000,0,4,1241871705,1335,0,1335,-90,0,6,3
107,720,21.600000,10000.000000,0,4,1241871711,1335,0,1335,-90,0,6,3
107,720,21.600000,10000.000000,0,4,1241871717,1335,0,1335,-90,0,6,3
107,720,21.600000,10000.000000,0,4,1241871722,1336,0,1336,-91,0,6,3
107,720,21.600000,10000.000000,0,4,1241871728,1337,0,1337,-91,0,6,3
107,720,21.600000,10000.000000,0,4,1241871734,1338,0,1338,-92,0,6,3
107,720,21.600000,10000.000000,0,4,1241871740,1339,0,1339,-92,0,6,3
107,720,21.600000,10000.000000,0,4,1241871745,1340,0,1340,-92,0,6,3
107,720,21.600000,10000.000000,0,4,1241871751,1340,0,1340,-92,0,6,3
107,720,21.600000,10000.000000,0,4,1241871756,1340,0,1340,-92,0,6,3
107,720,21.600000,10000.000000,0,4,1241871762,1340,0,1340,-92,0,6,3
107,720,21.600000,10000.000000,0,4,1241871767,1340,0,1340,-92,0,6,3
107,720,21.600000,10000.000000,0,4,1241871773,1340,0,1340,-92,0,6,3
107,720,21.600000,10000.000000,0,4,1241871779,1340,0,1340,-92,0,6,3
107,720,21.600000,10000.000000,0,4,1241871784,1340,0,1340,-92,0,6,3
107,720,21.600000,10000.000000,0,4,1241871790,1340,0,1340,-93,0,6,3
107,720,21.600000,10000.000000,0,4,1241871795,1340,0,1340,-94,0,6,3
107,720,21.600000,10000.000000,0,4,1241871801,1339,0,1339,-94,0,6,3
107,720,21.600000,10000.000000,0,4,1241871806,1338,0,1338,-95,0,6,3
107,720,21.600000,10000.000000,0,4,1241871812,1338,0,1338,-96,0,6,3
107,720,21.600000,10000.000000,0,4,1241871817,1338,0,1338,-96,0,6,3
107,720,21.600000,10000.000000,0,4,1241871823,1337,0,1337,-97,0,6,3
107,720,21.600000,10000.000000,0,4,1241871829,1335,0,1335,-98,0,6,3
107,720,21.600000,10000.000000,0,4,1241871834,1335,0,1335,-99,0,6,3
107,720,21.600000,10000.000000,0,4,1241871840,1334,0,1334,-100,0,6,3
107,720,21.600000,10000.000000,0,4,1241871846,1333,0,1333,-101,0,6,3
107,720,21.600000,10000.000000,0,4,1241871851,1332,0,1332,-101,0,6,3
107,720,21.600000,10000.000000,0,4,1241871857,1331,0,1331,-102,0,6,3
107,720,21.600000,10000.000000,0,4,1241871862,1330,0,1330,-102,0,6,3
107,720,21.600000,10000.000000,0,4,1241871867,1329,0,1329,-102,0,6,3
107,720,21.600000,10000.000000,0,4,1241871873,1327,0,1327,-102,0,6,3
107,720,21.600000,10000.000000,0,4,1241871879,1325,0,1325,-103,0,6,3
107,720,21.600000,10000.000000,0,4,1241871884,1324,0,1324,-103,0,6,3
107,720,21.600000,10000.000000,0,4,1241871890,1324,0,1324,-104,0,6,3
107,720,21.600000,10000.000000,0,4,1241871895,1323,0,1323,-105,0,6,3
107,720,21.600000,10000.000000,0,4,1241871901,1322,0,1322,-105,0,6,3
107,720,21.600000,10000.000000,0,4,1241871906,1321,0,1321,-105,0,6,3
107,720,21.600000,10000.000000,0,4,1241871912,1320,0,1320,-105,0,6,3
107,720,21.600000,10000.000000,0,4,1241871918,1320,0,1320,-105,0,6,3
107,720,21.600000,10000.000000,0,4,1241871923,1320,0,1320,-105,0,6,3
107,720,21.600000,10000.000000,0,4,1241871929,1320,0,1320,-105,0,6,3
107,720,21.600000,10000.000000,0,4,1241871933,1320,0,1320,-105,0,6,3
107,720,21.600000,10000.000000,0,4,1241871939,1320,0,1320,-105,0,6,3
107,720,21.600000,10000.000000,0,4,1241871944,1320,0,1320,-105,0,6,3
107,720,21.600000,10000.000000,0,4,1241871950,1320,0,1320,-105,0,6,3
107,720,21.600000,10000.000000,0,4,1241871955,1320,0,1320,-105,0,6,3
107,720,21.600000,10000.000000,0,4,1241871961,1320,0,1320,-105,0,6,3
107,720,21.600000,10000.000000,0,4,1241871967,1320,0,1320,-105,0,6,3
107,720,21.600000,10000.000000,0,4,1241871972,1320,0,1320,-105,0,6,3
107,720,21.600000,10000.000000,0,4,1241871978,1320,0,1320,-105,0,6,3
107,720,21.600000,10000.000000,0,4,1241871983,1320,0,1320,-105,0,6,3
107,720,21.600000,10000.000000,0,4,1241871989,1320,0,1320,-105,0,6,3
107,720,21.600000,10000.000000,0,4,1241871994,1320,0,1320,-105,0,6,3
107,720,21.600000,10000.000000,0,4,1241871999,1320,0,1320,-105,0,6,3
107,720,21.600000,10000.000000,0,4,1241872017,1320,0,1320,-106,0,6,3
