107,360,21.600000,0.000000,1,4,1242043739,789,10,789,10,0,22,5
107,360,21.600000,0.000000,1,4,1242043740,789,10,789,10,0,22,5
107,360,21.600000,0.000000,1,4,1242043746,789,9,789,9,0,22,5
107,360,21.600000,0.000000,1,4,1242043752,789,8,789,8,0,22,5
107,360,21.600000,0.000000,1,4,1242043757,789,7,789,7,0,22,5
107,360,21.600000,0.000000,1,4,1242043763,789,7,789,7,0,22,5
107,360,21.600000,0.000000,1,4,1242043768,789,7,789,7,0,22,5
107,360,21.600000,0.000000,1,4,1242043773,789,7,789,7,0,22,5
107,360,21.600000,0.000000,1,4,1242043779,789,7,789,7,0,22,5
107,360,21.600000,0.000000,1,4,1242043784,789,7,789,7,0,22,5
107,360,21.600000,0.000000,1,4,1242043790,789,7,789,7,0,22,5
107,360,21.600000,0.000000,1,4,1242043795,789,7,789,7,0,22,5
107,360,21.600000,0.000000,1,4,1242043801,789,7,789,7,0,22,5
107,360,21.600000,0.000000,1,4,1242043807,789,7,789,7,0,22,5
107,360,21.600000,0.000000,1,4,1242043812,789,7,789,7,0,22,5
107,360,21.600000,0.000000,1,4,1242043817,789,7,789,7,0,22,5
107,360,21.600000,0.000000,1,4,1242043823,789,8,789,8,0,22,5
107,360,21.600000,0.000000,1,4,1242043829,790,10,790,10,0,22,5
107,360,21.600000,0.000000,1,4,1242043834,793,13,793,13,0,22,5
107,360,21.600000,0.000000,1,4,1242043840,797,16,797,16,0,22,5
107,360,21.600000,0.000000,1,4,1242043846,802,20,802,20,0,22,5
107,360,21.600000,0.000000,1,4,1242043851,810,25,810,25,0,22,5
107,360,21.600000,0.000000,1,4,1242043857,821,33,821,33,0,22,5
107,360,21.600000,0.000000,1,4,1242043863,834,40,834,40,0,22,5
107,360,21.600000,0.000000,1,4,1242043868,850,48,850,48,0,22,5
107,360,21.600000,0.000000,1,4,1242043874,871,56,871,56,0,22,5
107,360,21.600000,0.000000,1,4,1242043879,895,65,895,65,0,22,5
107,360,21.600000,0.000000,1,4,1242043884,922,74,922,74,0,22,5
107,360,21.600000,0.000000,1,4,1242043890,950,83,950,83,0,22,5
107,360,21.600000,0.000000,1,4,1242043895,983,93,983,93,0,22,5
107,360,21.600000,0.000000,1,4,1242043901,1049,111,1049,111,0,22,5
107,360,21.600000,0.000000,1,4,1242043907,1075,117,1075,117,0,22,5
107,360,21.600000,0.000000,1,4,1242043912,1092,120,1092,120,0,22,5
107,360,21.600000,0.000000,1,4,1242043918,1118,124,1118,124,0,22,5
107,360,21.600000,0.000000,1,4,1242043923,1138,126,1138,126,0,22,5
107,360,21.600000,0.000000,1,4,1242043929,1160,127,1160,127,0,22,5
107,360,21.600000,0.000000,1,4,1242043934,1171,127,1171,127,0,22,5
107,360,21.600000,0.000000,1,4,1242043940,1187,127,1187,127,0,22,5
107,360,21.600000,0.000000,1,4,1242043945,1198,125,1198,125,0,22,5
107,360,21.600000,0.000000,1,4,1242043951,1207,122,1207,122,0,22,5
107,360,21.600000,0.000000,1,4,1242043956,1212,117,1212,117,0,22,5
107,360,21.600000,0.000000,1,4,1242043962,1215,112,1215,112,0,22,5
107,360,21.600000,0.000000,1,4,1242043968,1216,107,1216,107,0,22,5
107,360,21.600000,0.000000,1,4,1242043973,1216,103,1216,103,0,22,5
107,360,21.600000,0.000000,1,4,1242043979,1215,98,1215,98,0,22,5
107,360,21.600000,0.000000,1,4,1242043984,1213,93,1213,93,0,22,5
107,360,21.600000,0.000000,1,4,1242043990,1210,88,1210,88,0,22,5
107,360,21.600000,0.000000,1,4,1242043996,1207,83,1207,83,0,22,5
107,360,21.600000,0.000000,1,4,1242044001,1204,78,1204,78,0,22,5
107,360,21.600000,0.000000,1,4,1242044006,1202,74,1202,74,0,22,5
107,360,21.600000,0.000000,1,4,1242044012,1201,70,1201,70,0,22,5
107,360,21.600000,0.000000,1,4,1242044017,1201,67,1201,67,0,22,5
107,360,21.600000,0.000000,1,4,1242044023,1201,65,1201,65,0,22,5
107,360,21.600000,0.000000,1,4,1242044029,1201,63,1201,63,0,22,5
107,360,21.600000,0.000000,1,4,1242044034,1202,62,1202,62,0,22,5
107,360,21.600000,0.000000,1,4,1242044040,1203,61,1203,61,0,22,5
107,360,21.600000,0.000000,1,4,1242044045,1204,60,1204,60,0,22,5
107,360,21.600000,0.000000,1,4,1242044051,1205,59,1205,59,0,22,5
107,360,21.600000,0.000000,1,4,1242044056,1206,58,1206,58,0,22,5
107,360,21.600000,0.000000,1,4,1242044062,1207,57,1207,57,0,22,5
107,360,21.600000,0.000000,1,4,1242044067,1208,56,1208,56,0,22,5
107,360,21.600000,0.000000,1,4,1242044073,1209,56,1209,56,0,22,5
107,360,21.600000,0.000000,1,4,1242044078,1210,55,1210,55,0,22,5
107,360,21.600000,0.000000,1,4,1242044084,1211,54,1211,54,0,22,5
107,360,21.600000,0.000000,1,4,1242044089,1212,53,1212,53,0,22,5
107,360,21.600000,0.000000,1,4,1242044095,1213,52,1213,52,0,22,5
107,360,21.600000,0.000000,1,4,1242044100,1214,51,1214,51,0,22,5
107,360,21.600000,0.000000,1,4,1242044106,1215,49,1215,49,0,22,5
107,360,21.600000,0.000000,1,4,1242044111,1216,48,1216,48,0,22,5
107,360,21.600000,0.000000,1,4,1242044117,1217,47,1217,47,0,22,5
107,360,21.600000,0.000000,1,4,1242044122,1218,46,1218,46,0,22,5
107,360,21.600000,0.000000,1,4,1242044128,1219,45,1219,45,0,22,5
107,360,21.600000,0.000000,1,4,1242044133,1220,44,1220,44,0,22,5
107,360,21.600000,0.000000,1,4,1242044139,1221,44,1221,44,0,22,5
107,360,21.600000,0.000000,1,4,1242044145,1221,44,1221,44,0,22,5
107,360,21.600000,0.000000,1,4,1242044150,1221,44,1221,44,0,22,5
107,360,21.600000,0.000000,1,4,1242044156,1221,43,1221,43,0,22,5
107,360,21.600000,0.000000,1,4,1242044162,1220,42,1220,42,0,22,5
107,360,21.600000,0.000000,1,4,1242044168,1217,42,1217,42,0,22,5
107,360,21.600000,0.000000,1,4,1242044174,1215,42,1215,42,0,22,5
107,360,21.600000,0.000000,1,4,1242044179,1212,42,1212,42,0,22,5
107,360,21.600000,0.000000,1,4,1242044185,1208,42,1208,42,0,22,5
107,360,21.600000,0.000000,1,4,1242044190,1206,42,1206,42,0,22,5
107,360,21.600000,0.000000,1,4,1242044195,1203,42,1203,42,0,22,5
107,360,21.600000,0.000000,1,4,1242044201,1200,41,1200,41,0,22,5
107,360,21.600000,0.000000,1,4,1242044207,1197,40,1197,40,0,22,5
107,360,21.600000,0.000000,1,4,1242044212,1193,39,1193,39,0,22,5
107,360,21.600000,0.000000,1,4,1242044218,1189,37,1189,37,0,22,5
107,360,21.600000,0.000000,1,4,1242044224,1185,36,1185,36,0,22,5
107,360,21.600000,0.000000,1,4,1242044229,1181,35,1181,35,0,22,5
107,360,21.600000,0.000000,1,4,1242044235,1177,34,1177,34,0,22,5
107,360,21.600000,0.000000,1,4,1242044240,1174,32,1174,32,0,22,5
107,360,21.600000,0.000000,1,4,1242044246,1170,30,1170,30,0,22,5
107,360,21.600000,0.000000,1,4,1242044251,1166,28,1166,28,0,22,5
107,360,21.600000,0.000000,1,4,1242044257,1163,27,1163,27,0,22,5
107,360,21.600000,0.000000,1,4,1242044263,1159,26,1159,26,0,22,5
107,360,21.600000,0.000000,1,4,1242044268,1156,25,1156,25,0,22,5
107,360,21.600000,0.000000,1,4,1242044274,1154,24,1154,24,0,22,5
107,360,21.600000,0.000000,1,4,1242044280,1152,23,1152,23,0,22,5
107,360,21.600000,0.000000,1,4,1242044285,1151,22,1151,22,0,22,5
107,360,21.600000,0.000000,1,4,1242044291,1150,21,1150,21,0,22,5
107,360,21.600000,0.000000,1,4,1242044296,1149,21,1149,21,0,22,5
107,360,21.600000,0.000000,1,4,1242044302,1148,20,1148,20,0,22,5
107,360,21.600000,0.000000,1,4,1242044307,1147,20,1147,20,0,22,5
107,360,21.600000,0.000000,1,4,1242044313,1146,20,1146,20,0,22,5
107,360,21.600000,0.000000,1,4,1242044319,1145,20,1145,20,0,22,5
107,360,21.600000,0.000000,1,4,1242044324,1144,20,1144,20,0,22,5
107,360,21.600000,0.000000,1,4,1242044331,1144,20,1144,20,0,22,5
107,360,21.600000,0.000000,1,4,1242044336,1144,20,1144,20,0,22,5
107,360,21.600000,0.000000,1,4,1242044342,1144,20,1144,20,0,22,5
107,360,21.600000,0.000000,1,4,1242044347,1144,20,1144,20,0,22,5
107,360,21.600000,0.000000,1,4,1242044353,1144,20,1144,20,0,22,5
107,360,21.600000,0.000000,1,4,1242044358,1144,20,1144,20,0,22,5
107,360,21.600000,0.000000,1,4,1242044364,1144,20,1144,20,0,22,5
107,360,21.600000,0.000000,1,4,1242044370,1144,20,1144,20,0,22,5
107,360,21.600000,0.000000,1,4,1242044375,1144,20,1144,20,0,22,5
107,360,21.600000,0.000000,1,4,1242044381,1144,20,1144,20,0,22,5
107,360,21.600000,0.000000,1,4,1242044386,1144,19,1144,19,0,22,5
107,360,21.600000,0.000000,1,4,1242044392,1144,18,1144,18,0,22,5
107,360,21.600000,0.000000,1,4,1242044397,1144,18,1144,18,0,22,5
107,360,21.600000,0.000000,1,4,1242044403,1144,18,1144,18,0,22,5
107,360,21.600000,0.000000,1,4,1242044409,1145,18,1145,18,0,22,5
107,360,21.600000,0.000000,1,4,1242044414,1145,18,1145,18,0,22,5
107,360,21.600000,0.000000,1,4,1242044420,1145,18,1145,18,0,22,5
107,360,21.600000,0.000000,1,4,1242044425,1145,18,1145,18,0,22,5
107,360,21.600000,0.000000,1,4,1242044431,1145,18,1145,18,0,22,5
107,360,21.600000,0.000000,1,4,1242044437,1145,18,1145,18,0,22,5
107,360,21.600000,0.000000,1,4,1242044442,1145,18,1145,18,0,22,5
107,360,21.600000,0.000000,1,4,1242044447,1145,18,1145,18,0,22,5
107,360,21.600000,0.000000,1,4,1242044453,1145,18,1145,18,0,22,5
107,360,21.600000,0.000000,1,4,1242044459,1145,18,1145,18,0,22,5
107,360,21.600000,0.000000,1,4,1242044464,1145,18,1145,18,0,22,5
107,360,21.600000,0.000000,1,4,1242044470,1145,18,1145,18,0,22,5
107,360,21.600000,0.000000,1,4,1242044475,1145,18,1145,18,0,22,5
107,360,21.600000,0.000000,1,4,1242044481,1145,18,1145,18,0,22,5
107,360,21.600000,0.000000,1,4,1242044487,1145,18,1145,18,0,22,5
107,360,21.600000,0.000000,1,4,1242044492,1145,18,1145,18,0,22,5
107,360,21.600000,0.000000,1,4,1242044498,1145,18,1145,18,0,22,5
107,360,21.600000,0.000000,1,4,1242044503,1145,18,1145,18,0,22,5
107,360,21.600000,0.000000,1,4,1242044508,1145,18,1145,18,0,22,5
107,360,21.600000,0.000000,1,4,1242044514,1145,18,1145,18,0,22,5
107,360,21.600000,0.000000,1,4,1242044519,1145,18,1145,18,0,22,5
107,360,21.600000,0.000000,1,4,1242044537,1145,18,1145,18,0,22,5
