107,360,21.600000,0.000000,1,5,1242493780,779,8.200000,779,8.200000,0,66,5
107,360,21.600000,0.000000,1,5,1242493782,779,8.200000,779,8.200000,0,66,5
107,360,21.600000,0.000000,1,5,1242493787,779,8.200000,779,8.200000,0,66,5
107,360,21.600000,0.000000,1,5,1242493793,779,8.200000,779,8.200000,0,66,5
107,360,21.600000,0.000000,1,5,1242493798,779,8.200000,779,8.200000,0,66,5
107,360,21.600000,0.000000,1,5,1242493804,779,8.200000,779,8.200000,0,66,5
107,360,21.600000,0.000000,1,5,1242493809,779,8.200000,779,8.200000,0,66,5
107,360,21.600000,0.000000,1,5,1242493815,780,8.200000,780,8.200000,0,66,5
107,360,21.600000,0.000000,1,5,1242493820,780,8.200000,780,8.200000,0,66,5
107,360,21.600000,0.000000,1,5,1242493826,781,8.200000,781,8.200000,0,66,5
107,360,21.600000,0.000000,1,5,1242493831,782,8.200000,782,8.200000,0,66,5
107,360,21.600000,0.000000,1,5,1242493837,782,8.200000,782,8.200000,0,66,5
107,360,21.600000,0.000000,1,5,1242493843,783,8.200000,783,8.200000,0,66,5
107,360,21.600000,0.000000,1,5,1242493849,785,10.200000,785,10.200000,0,66,5
107,360,21.600000,0.000000,1,5,1242493854,787,12.200000,787,12.200000,0,66,5
107,360,21.600000,0.000000,1,5,1242493860,790,15.200000,790,15.200000,0,66,5
107,360,21.600000,0.000000,1,5,1242493866,795,19.200000,795,19.200000,0,66,5
107,360,21.600000,0.000000,1,5,1242493872,800,23.200000,800,23.200000,0,66,5
107,360,21.600000,0.000000,1,5,1242493877,807,28.200000,807,28.200000,0,66,5
107,360,21.600000,0.000000,1,5,1242493883,815,33.200000,815,33.200000,0,66,5
107,360,21.600000,0.000000,1,5,1242493889,824,38.200000,824,38.200000,0,66,5
107,360,21.600000,0.000000,1,5,1242493894,833,42.200000,833,42.200000,0,66,5
107,360,21.600000,0.000000,1,5,1242493901,843,46.200000,843,46.200000,0,66,5
107,360,21.600000,0.000000,1,5,1242493906,858,50.200000,858,50.200000,0,66,5
107,360,21.600000,0.000000,1,5,1242493912,873,53.200000,873,53.200000,0,66,5
107,360,21.600000,0.000000,1,5,1242493918,890,56.200000,890,56.200000,0,66,5
107,360,21.600000,0.000000,1,5,1242493923,912,59.200000,912,59.200000,0,66,5
107,360,21.600000,0.000000,1,5,1242493929,934,61.200000,934,61.200000,0,66,5
107,360,21.600000,0.000000,1,5,1242493935,954,63.200000,954,63.200000,0,66,5
107,360,21.600000,0.000000,1,5,1242493940,978,64.200000,978,64.200000,0,66,5
107,360,21.600000,0.000000,1,5,1242493946,995,65.200000,995,65.200000,0,66,5
107,360,21.600000,0.000000,1,5,1242493951,1011,66.200000,1011,66.200000,0,66,5
107,360,21.600000,0.000000,1,5,1242493957,1029,66.200000,1029,66.200000,0,66,5
107,360,21.600000,0.000000,1,5,1242493962,1044,66.200000,1044,66.200000,0,66,5
107,360,21.600000,0.000000,1,5,1242493968,1057,66.200000,1057,66.200000,0,66,5
107,360,21.600000,0.000000,1,5,1242493973,1070,66.200000,1070,66.200000,0,66,5
107,360,21.600000,0.000000,1,5,1242493979,1081,65.200000,1081,65.200000,0,66,5
107,360,21.600000,0.000000,1,5,1242493985,1091,63.200000,1091,63.200000,0,66,5
107,360,21.600000,0.000000,1,5,1242493991,1100,61.200000,1100,61.200000,0,66,5
107,360,21.600000,0.000000,1,5,1242493996,1106,59.200000,1106,59.200000,0,66,5
107,360,21.600000,0.000000,1,5,1242494002,1110,57.200000,1110,57.200000,0,66,5
107,360,21.600000,0.000000,1,5,1242494008,1112,55.200000,1112,55.200000,0,66,5
107,360,21.600000,0.000000,1,5,1242494014,1112,53.200000,1112,53.200000,0,66,5
107,360,21.600000,0.000000,1,5,1242494020,1112,51.200000,1112,51.200000,0,66,5
107,360,21.600000,0.000000,1,5,1242494025,1112,48.200000,1112,48.200000,0,66,5
107,360,21.600000,0.000000,1,5,1242494031,1111,46.200000,1111,46.200000,0,66,5
107,360,21.600000,0.000000,1,5,1242494037,1109,45.200000,1109,45.200000,0,66,5
107,360,21.600000,0.000000,1,5,1242494043,1108,43.200000,1108,43.200000,0,66,5
107,360,21.600000,0.000000,1,5,1242494049,1108,42.200000,1108,42.200000,0,66,5
107,360,21.600000,0.000000,1,5,1242494054,1108,41.200000,1108,41.200000,0,66,5
107,360,21.600000,0.000000,1,5,1242494060,1108,40.200000,1108,40.200000,0,66,5
107,360,21.600000,0.000000,1,5,1242494066,1108,39.200000,1108,39.200000,0,66,5
107,360,21.600000,0.000000,1,5,1242494071,1107,39.200000,1107,39.200000,0,66,5
107,360,21.600000,0.000000,1,5,1242494076,1106,39.200000,1106,39.200000,0,66,5
107,360,21.600000,0.000000,1,5,1242494082,1105,39.200000,1105,39.200000,0,66,5
107,360,21.600000,0.000000,1,5,1242494088,1105,39.200000,1105,39.200000,0,66,5
107,360,21.600000,0.000000,1,5,1242494093,1105,39.200000,1105,39.200000,0,66,5
107,360,21.600000,0.000000,1,5,1242494099,1105,39.200000,1105,39.200000,0,66,5
107,360,21.600000,0.000000,1,5,1242494105,1105,39.200000,1105,39.200000,0,66,5
107,360,21.600000,0.000000,1,5,1242494111,1105,39.200000,1105,39.200000,0,66,5
107,360,21.600000,0.000000,1,5,1242494116,1105,38.200000,1105,38.200000,0,66,5
107,360,21.600000,0.000000,1,5,1242494122,1106,38.200000,1106,38.200000,0,66,5
107,360,21.600000,0.000000,1,5,1242494128,1108,38.200000,1108,38.200000,0,66,5
107,360,21.600000,0.000000,1,5,1242494134,1110,37.200000,1110,37.200000,0,66,5
107,360,21.600000,0.000000,1,5,1242494139,1112,36.200000,1112,36.200000,0,66,5
107,360,21.600000,0.000000,1,5,1242494144,1115,36.200000,1115,36.200000,0,66,5
107,360,21.600000,0.000000,1,5,1242494150,1117,35.200000,1117,35.200000,0,66,5
107,360,21.600000,0.000000,1,5,1242494156,1119,34.200000,1119,34.200000,0,66,5
107,360,21.600000,0.000000,1,5,1242494161,1121,33.200000,1121,33.200000,0,66,5
107,360,21.600000,0.000000,1,5,1242494167,1123,32.200000,1123,32.200000,0,66,5
107,360,21.600000,0.000000,1,5,1242494173,1124,31.200000,1124,31.200000,0,66,5
107,360,21.600000,0.000000,1,5,1242494178,1125,31.200000,1125,31.200000,0,66,5
107,360,21.600000,0.000000,1,5,1242494184,1126,31.200000,1126,31.200000,0,66,5
107,360,21.600000,0.000000,1,5,1242494189,1127,31.200000,1127,31.200000,0,66,5
107,360,21.600000,0.000000,1,5,1242494195,1128,31.200000,1128,31.200000,0,66,5
107,360,21.600000,0.000000,1,5,1242494200,1129,31.200000,1129,31.200000,0,66,5
107,360,21.600000,0.000000,1,5,1242494205,1129,30.200000,1129,30.200000,0,66,5
107,360,21.600000,0.000000,1,5,1242494211,1130,30.200000,1130,30.200000,0,66,5
107,360,21.600000,0.000000,1,5,1242494216,1131,30.200000,1131,30.200000,0,66,5
107,360,21.600000,0.000000,1,5,1242494222,1131,30.200000,1131,30.200000,0,66,5
107,360,21.600000,0.000000,1,5,1242494227,1131,29.200000,1131,29.200000,0,66,5
107,360,21.600000,0.000000,1,5,1242494233,1132,29.200000,1132,29.200000,0,66,5
107,360,21.600000,0.000000,1,5,1242494238,1132,28.200000,1132,28.200000,0,66,5
107,360,21.600000,0.000000,1,5,1242494244,1133,28.200000,1133,28.200000,0,66,5
107,360,21.600000,0.000000,1,5,1242494249,1134,27.200000,1134,27.200000,0,66,5
107,360,21.600000,0.000000,1,5,1242494255,1135,26.200000,1135,26.200000,0,66,5
107,360,21.600000,0.000000,1,5,1242494260,1136,25.200000,1136,25.200000,0,66,5
107,360,21.600000,0.000000,1,5,1242494266,1138,24.200000,1138,24.200000,0,66,5
107,360,21.600000,0.000000,1,5,1242494272,1139,24.200000,1139,24.200000,0,66,5
107,360,21.600000,0.000000,1,5,1242494277,1140,24.200000,1140,24.200000,0,66,5
107,360,21.600000,0.000000,1,5,1242494283,1141,24.200000,1141,24.200000,0,66,5
107,360,21.600000,0.000000,1,5,1242494288,1141,24.200000,1141,24.200000,0,66,5
107,360,21.600000,0.000000,1,5,1242494294,1142,24.200000,1142,24.200000,0,66,5
107,360,21.600000,0.000000,1,5,1242494300,1143,24.200000,1143,24.200000,0,66,5
107,360,21.600000,0.000000,1,5,1242494306,1143,23.200000,1143,23.200000,0,66,5
107,360,21.600000,0.000000,1,5,1242494311,1143,22.200000,1143,22.200000,0,66,5
107,360,21.600000,0.000000,1,5,1242494317,1143,21.200000,1143,21.200000,0,66,5
107,360,21.600000,0.000000,1,5,1242494323,1142,21.200000,1142,21.200000,0,66,5
107,360,21.600000,0.000000,1,5,1242494328,1141,20.200000,1141,20.200000,0,66,5
107,360,21.600000,0.000000,1,5,1242494334,1140,20.200000,1140,20.200000,0,66,5
107,360,21.600000,0.000000,1,5,1242494339,1140,20.200000,1140,20.200000,0,66,5
107,360,21.600000,0.000000,1,5,1242494345,1139,19.200000,1139,19.200000,0,66,5
107,360,21.600000,0.000000,1,5,1242494350,1138,18.200000,1138,18.200000,0,66,5
107,360,21.600000,0.000000,1,5,1242494356,1138,18.200000,1138,18.200000,0,66,5
107,360,21.600000,0.000000,1,5,1242494361,1138,18.200000,1138,18.200000,0,66,5
107,360,21.600000,0.000000,1,5,1242494367,1138,17.200000,1138,17.200000,0,66,5
107,360,21.600000,0.000000,1,5,1242494372,1138,17.200000,1138,17.200000,0,66,5
107,360,21.600000,0.000000,1,5,1242494378,1138,17.200000,1138,17.200000,0,66,5
107,360,21.600000,0.000000,1,5,1242494383,1138,16.200000,1138,16.200000,0,66,5
107,360,21.600000,0.000000,1,5,1242494389,1138,15.200000,1138,15.200000,0,66,5
107,360,21.600000,0.000000,1,5,1242494394,1138,14.200000,1138,14.200000,0,66,5
107,360,21.600000,0.000000,1,5,1242494400,1138,13.200000,1138,13.200000,0,66,5
107,360,21.600000,0.000000,1,5,1242494405,1138,12.200000,1138,12.200000,0,66,5
107,360,21.600000,0.000000,1,5,1242494411,1138,11.200000,1138,11.200000,0,66,5
107,360,21.600000,0.000000,1,5,1242494417,1138,10.200000,1138,10.200000,0,66,5
107,360,21.600000,0.000000,1,5,1242494422,1138,10.200000,1138,10.200000,0,66,5
107,360,21.600000,0.000000,1,5,1242494428,1138,10.200000,1138,10.200000,0,66,5
107,360,21.600000,0.000000,1,5,1242494433,1138,9.200000,1138,9.200000,0,66,5
107,360,21.600000,0.000000,1,5,1242494446,1138,9.200000,1138,9.200000,0,66,5
