107,720,21.600000,43.200000,0,4,1242017301,608,0,608,0,0,21,3
107,720,21.600000,43.200000,0,4,1242017302,608,0,608,0,0,21,3
107,720,21.600000,43.200000,0,4,1242017308,608,0,608,0,0,21,3
107,720,21.600000,43.200000,0,4,1242017314,608,0,608,0,0,21,3
107,720,21.600000,43.200000,0,4,1242017319,608,0,608,0,0,21,3
107,720,21.600000,43.200000,0,4,1242017325,608,0,608,-1,0,21,3
107,720,21.600000,43.200000,0,4,1242017330,608,0,608,-1,0,21,3
107,720,21.600000,43.200000,0,4,1242017336,608,0,608,-1,0,21,3
107,720,21.600000,43.200000,0,4,1242017342,608,0,608,-1,0,21,3
107,720,21.600000,43.200000,0,4,1242017347,608,0,608,-1,0,21,3
107,720,21.600000,43.200000,0,4,1242017353,610,0,610,-1,0,21,3
107,720,21.600000,43.200000,0,4,1242017358,615,0,615,-3,0,21,3
107,720,21.600000,43.200000,0,4,1242017364,621,0,621,-4,0,21,3
107,720,21.600000,43.200000,0,4,1242017370,629,0,629,-6,0,21,3
107,720,21.600000,43.200000,0,4,1242017376,639,0,639,-8,0,21,3
107,720,21.600000,43.200000,0,4,1242017382,654,0,654,-10,0,21,3
107,720,21.600000,43.200000,0,4,1242017388,669,0,669,-13,0,21,3
107,720,21.600000,43.200000,0,4,1242017394,682,0,682,-15,0,21,3
107,720,21.600000,43.200000,0,4,1242017400,698,0,698,-16,0,21,3
107,720,21.600000,43.200000,0,4,1242017405,714,0,714,-18,0,21,3
107,720,21.600000,43.200000,0,4,1242017411,737,0,737,-19,0,21,3
107,720,21.600000,43.200000,0,4,1242017416,763,0,763,-21,0,21,3
107,720,21.600000,43.200000,0,4,1242017422,788,0,788,-22,0,21,3
107,720,21.600000,43.200000,0,4,1242017428,815,0,815,-23,0,21,3
107,720,21.600000,43.200000,0,4,1242017434,848,0,848,-24,0,21,3
107,720,21.600000,43.200000,0,4,1242017439,882,0,882,-27,0,21,3
107,720,21.600000,43.200000,0,4,1242017445,919,0,919,-30,0,21,3
107,720,21.600000,43.200000,0,4,1242017451,959,0,959,-32,0,21,3
107,720,21.600000,43.200000,0,4,1242017457,999,0,999,-35,0,21,3
107,720,21.600000,43.200000,0,4,1242017462,1040,0,1040,-39,0,21,3
107,720,21.600000,43.200000,0,4,1242017468,1074,0,1074,-42,0,21,3
107,720,21.600000,43.200000,0,4,1242017473,1108,0,1108,-44,0,21,3
107,720,21.600000,43.200000,0,4,1242017479,1142,0,1142,-47,0,21,3
107,720,21.600000,43.200000,0,4,1242017485,1176,0,1176,-50,0,21,3
107,720,21.600000,43.200000,0,4,1242017491,1203,0,1203,-52,0,21,3
107,720,21.600000,43.200000,0,4,1242017497,1241,0,1241,-56,0,21,3
107,720,21.600000,43.200000,0,4,1242017503,1268,0,1268,-58,0,21,3
107,720,21.600000,43.200000,0,4,1242017508,1284,0,1284,-59,0,21,3
107,720,21.600000,43.200000,0,4,1242017514,1305,0,1305,-61,0,21,3
107,720,21.600000,43.200000,0,4,1242017520,1320,0,1320,-63,0,21,3
107,720,21.600000,43.200000,0,4,1242017525,1330,0,1330,-63,0,21,3
107,720,21.600000,43.200000,0,4,1242017531,1335,0,1335,-63,0,21,3
107,720,21.600000,43.200000,0,4,1242017536,1336,0,1336,-63,0,21,3
107,720,21.600000,43.200000,0,4,1242017542,1337,0,1337,-63,0,21,3
107,720,21.600000,43.200000,0,4,1242017548,1337,0,1337,-63,0,21,3
107,720,21.600000,43.200000,0,4,1242017555,1337,0,1337,-63,0,21,3
107,720,21.600000,43.200000,0,4,1242017562,1337,0,1337,-64,0,21,3
107,720,21.600000,43.200000,0,4,1242017568,1336,0,1336,-64,0,21,3
107,720,21.600000,43.200000,0,4,1242017574,1334,0,1334,-65,0,21,3
107,720,21.600000,43.200000,0,4,1242017580,1332,0,1332,-66,0,21,3
107,720,21.600000,43.200000,0,4,1242017586,1331,0,1331,-66,0,21,3
107,720,21.600000,43.200000,0,4,1242017591,1330,0,1330,-66,0,21,3
107,720,21.600000,43.200000,0,4,1242017597,1329,0,1329,-66,0,21,3
107,720,21.600000,43.200000,0,4,1242017603,1328,0,1328,-66,0,21,3
107,720,21.600000,43.200000,0,4,1242017608,1327,0,1327,-67,0,21,3
107,720,21.600000,43.200000,0,4,1242017614,1326,0,1326,-67,0,21,3
107,720,21.600000,43.200000,0,4,1242017620,1325,0,1325,-67,0,21,3
107,720,21.600000,43.200000,0,4,1242017626,1324,0,1324,-67,0,21,3
107,720,21.600000,43.200000,0,4,1242017631,1323,0,1323,-67,0,21,3
107,720,21.600000,43.200000,0,4,1242017637,1322,0,1322,-67,0,21,3
107,720,21.600000,43.200000,0,4,1242017643,1321,0,1321,-68,0,21,3
107,720,21.600000,43.200000,0,4,1242017649,1319,0,1319,-69,0,21,3
107,720,21.600000,43.200000,0,4,1242017655,1317,0,1317,-70,0,21,3
107,720,21.600000,43.200000,0,4,1242017660,1315,0,1315,-71,0,21,3
107,720,21.600000,43.200000,0,4,1242017666,1313,0,1313,-71,0,21,3
107,720,21.600000,43.200000,0,4,1242017672,1312,0,1312,-71,0,21,3
107,720,21.600000,43.200000,0,4,1242017678,1311,0,1311,-72,0,21,3
107,720,21.600000,43.200000,0,4,1242017683,1310,0,1310,-73,0,21,3
107,720,21.600000,43.200000,0,4,1242017689,1309,0,1309,-74,0,21,3
107,720,21.600000,43.200000,0,4,1242017695,1308,0,1308,-75,0,21,3
107,720,21.600000,43.200000,0,4,1242017701,1308,0,1308,-75,0,21,3
107,720,21.600000,43.200000,0,4,1242017707,1308,0,1308,-75,0,21,3
107,720,21.600000,43.200000,0,4,1242017714,1308,0,1308,-75,0,21,3
107,720,21.600000,43.200000,0,4,1242017719,1308,0,1308,-76,0,21,3
107,720,21.600000,43.200000,0,4,1242017724,1308,0,1308,-77,0,21,3
107,720,21.600000,43.200000,0,4,1242017730,1308,0,1308,-77,0,21,3
107,720,21.600000,43.200000,0,4,1242017736,1308,0,1308,-78,0,21,3
107,720,21.600000,43.200000,0,4,1242017741,1308,0,1308,-79,0,21,3
107,720,21.600000,43.200000,0,4,1242017747,1308,0,1308,-79,0,21,3
107,720,21.600000,43.200000,0,4,1242017752,1308,0,1308,-79,0,21,3
107,720,21.600000,43.200000,0,4,1242017758,1308,0,1308,-79,0,21,3
107,720,21.600000,43.200000,0,4,1242017764,1308,0,1308,-79,0,21,3
107,720,21.600000,43.200000,0,4,1242017770,1308,0,1308,-79,0,21,3
107,720,21.600000,43.200000,0,4,1242017775,1308,0,1308,-79,0,21,3
107,720,21.600000,43.200000,0,4,1242017781,1308,0,1308,-79,0,21,3
107,720,21.600000,43.200000,0,4,1242017786,1308,0,1308,-79,0,21,3
107,720,21.600000,43.200000,0,4,1242017792,1308,0,1308,-79,0,21,3
107,720,21.600000,43.200000,0,4,1242017798,1308,0,1308,-79,0,21,3
107,720,21.600000,43.200000,0,4,1242017803,1308,0,1308,-79,0,21,3
107,720,21.600000,43.200000,0,4,1242017809,1308,0,1308,-79,0,21,3
107,720,21.600000,43.200000,0,4,1242017815,1308,0,1308,-79,0,21,3
107,720,21.600000,43.200000,0,4,1242017820,1308,0,1308,-79,0,21,3
107,720,21.600000,43.200000,0,4,1242017826,1308,0,1308,-79,0,21,3
107,720,21.600000,43.200000,0,4,1242017832,1308,0,1308,-80,0,21,3
107,720,21.600000,43.200000,0,4,1242017838,1308,0,1308,-81,0,21,3
107,720,21.600000,43.200000,0,4,1242017852,1308,0,1308,-82,1,21,3
