107,720,21.600000,43.200000,0,5,1242431564,599,0,599,0,0,61,2
107,720,21.600000,43.200000,0,5,1242431566,599,0,599,0,0,61,2
107,720,21.600000,43.200000,0,5,1242431571,599,0,599,0,0,61,2
107,720,21.600000,43.200000,0,5,1242431576,599,0,599,0,0,61,2
107,720,21.600000,43.200000,0,5,1242431582,600,0,600,-1,0,61,2
107,720,21.600000,43.200000,0,5,1242431588,600,0,600,-1,0,61,2
107,720,21.600000,43.200000,0,5,1242431593,601,0,601,-1,0,61,2
107,720,21.600000,43.200000,0,5,1242431599,602,0,602,-1,0,61,2
107,720,21.600000,43.200000,0,5,1242431604,602,0,602,-1,0,61,2
107,720,21.600000,43.200000,0,5,1242431610,603,0,603,-2,0,61,2
107,720,21.600000,43.200000,0,5,1242431616,604,0,604,-3,0,61,2
107,720,21.600000,43.200000,0,5,1242431622,605,0,605,-3,0,61,2
107,720,21.600000,43.200000,0,5,1242431627,606,0,606,-4,0,61,2
107,720,21.600000,43.200000,0,5,1242431632,607,0,607,-5,0,61,2
107,720,21.600000,43.200000,0,5,1242431638,610,0,610,-6,0,61,2
107,720,21.600000,43.200000,0,5,1242431644,616,0,616,-7,0,61,2
107,720,21.600000,43.200000,0,5,1242431650,624,0,624,-8,0,61,2
107,720,21.600000,43.200000,0,5,1242431655,638,0,638,-10,0,61,2
107,720,21.600000,43.200000,0,5,1242431661,649,0,649,-11,0,61,2
107,720,21.600000,43.200000,0,5,1242431666,665,0,665,-12,0,61,2
107,720,21.600000,43.200000,0,5,1242431672,682,0,682,-14,0,61,2
107,720,21.600000,43.200000,0,5,1242431678,705,0,705,-15,0,61,2
107,720,21.600000,43.200000,0,5,1242431683,732,0,732,-16,0,61,2
107,720,21.600000,43.200000,0,5,1242431689,760,0,760,-17,0,61,2
107,720,21.600000,43.200000,0,5,1242431695,795,0,795,-18,0,61,2
107,720,21.600000,43.200000,0,5,1242431700,830,0,830,-19,0,61,2
107,720,21.600000,43.200000,0,5,1242431707,863,0,863,-20,0,61,2
107,720,21.600000,43.200000,0,5,1242431712,908,0,908,-22,0,61,2
107,720,21.600000,43.200000,0,5,1242431718,942,0,942,-24,0,61,2
107,720,21.600000,43.200000,0,5,1242431724,991,0,991,-27,0,61,2
107,720,21.600000,43.200000,0,5,1242431730,1035,0,1035,-30,0,61,2
107,720,21.600000,43.200000,0,5,1242431736,1071,0,1071,-33,0,61,2
107,720,21.600000,43.200000,0,5,1242431742,1105,0,1105,-36,0,61,2
107,720,21.600000,43.200000,0,5,1242431748,1268,0,1139,-38,0,61,2
107,720,21.600000,43.200000,0,5,1242431753,1306,0,1177,-42,0,61,2
107,720,21.600000,43.200000,0,5,1242431759,1333,0,1204,-45,0,61,2
107,720,21.600000,43.200000,0,5,1242431764,1355,0,1226,-48,0,61,2
107,720,21.600000,43.200000,0,5,1242431770,1376,0,1247,-50,0,61,2
107,720,21.600000,43.200000,0,5,1242431776,1397,0,1268,-53,0,61,2
107,720,21.600000,43.200000,0,5,1242431782,1404,0,1275,-54,0,61,2
107,720,21.600000,43.200000,0,5,1242431787,1409,0,1280,-55,0,61,2
107,720,21.600000,43.200000,0,5,1242431793,1410,0,1281,-55,0,61,2
107,720,21.600000,43.200000,0,5,1242431799,1410,0,1281,-56,0,61,2
107,720,21.600000,43.200000,0,5,1242431805,1408,0,1279,-57,0,61,2
107,720,21.600000,43.200000,0,5,1242431811,1406,0,1277,-58,0,61,2
107,720,21.600000,43.200000,0,5,1242431816,1401,0,1272,-60,0,61,2
107,720,21.600000,43.200000,0,5,1242431823,1397,0,1268,-61,0,61,2
107,720,21.600000,43.200000,0,5,1242431828,1394,0,1265,-62,0,61,2
107,720,21.600000,43.200000,0,5,1242431834,1392,0,1263,-63,0,61,2
107,720,21.600000,43.200000,0,5,1242431840,1391,0,1262,-63,0,61,2
107,720,21.600000,43.200000,0,5,1242431846,1390,0,1261,-63,0,61,2
107,720,21.600000,43.200000,0,5,1242431851,1389,0,1260,-63,0,61,2
107,720,21.600000,43.200000,0,5,1242431857,1389,0,1260,-63,0,61,2
107,720,21.600000,43.200000,0,5,1242431862,1389,0,1260,-63,0,61,2
107,720,21.600000,43.200000,0,5,1242431868,1389,0,1260,-63,0,61,2
107,720,21.600000,43.200000,0,5,1242431873,1389,0,1260,-63,0,61,2
107,720,21.600000,43.200000,0,5,1242431879,1389,0,1260,-63,0,61,2
107,720,21.600000,43.200000,0,5,1242431884,1389,0,1260,-63,0,61,2
107,720,21.600000,43.200000,0,5,1242431889,1389,0,1260,-63,0,61,2
107,720,21.600000,43.200000,0,5,1242431894,1389,0,1260,-63,0,61,2
107,720,21.600000,43.200000,0,5,1242431900,1389,0,1260,-63,0,61,2
107,720,21.600000,43.200000,0,5,1242431905,1389,0,1260,-63,0,61,2
107,720,21.600000,43.200000,0,5,1242431911,1390,0,1261,-64,0,61,2
107,720,21.600000,43.200000,0,5,1242431917,1391,0,1262,-65,0,61,2
107,720,21.600000,43.200000,0,5,1242431923,1391,0,1262,-66,0,61,2
107,720,21.600000,43.200000,0,5,1242431928,1392,0,1263,-66,0,61,2
107,720,21.600000,43.200000,0,5,1242431933,1393,0,1264,-66,0,61,2
107,720,21.600000,43.200000,0,5,1242431939,1393,0,1264,-66,0,61,2
107,720,21.600000,43.200000,0,5,1242431944,1393,0,1264,-66,0,61,2
107,720,21.600000,43.200000,0,5,1242431950,1393,0,1264,-66,0,61,2
107,720,21.600000,43.200000,0,5,1242431955,1392,0,1263,-66,0,61,2
107,720,21.600000,43.200000,0,5,1242431961,1391,0,1262,-66,0,61,2
107,720,21.600000,43.200000,0,5,1242431966,1388,0,1259,-66,0,61,2
107,720,21.600000,43.200000,0,5,1242431972,1385,1,1256,-65,0,61,2
107,720,21.600000,43.200000,0,5,1242431978,1383,2,1254,-64,0,61,2
107,720,21.600000,43.200000,0,5,1242431983,1380,2,1251,-64,0,61,2
107,720,21.600000,43.200000,0,5,1242431989,1378,2,1249,-64,0,61,2
107,720,21.600000,43.200000,0,5,1242431995,1376,2,1247,-64,0,61,2
107,720,21.600000,43.200000,0,5,1242432000,1373,2,1244,-64,0,61,2
107,720,21.600000,43.200000,0,5,1242432005,1371,2,1242,-64,0,61,2
107,720,21.600000,43.200000,0,5,1242432011,1367,2,1238,-64,0,61,2
107,720,21.600000,43.200000,0,5,1242432016,1364,2,1235,-64,0,61,2
107,720,21.600000,43.200000,0,5,1242432022,1361,2,1232,-64,0,61,2
107,720,21.600000,43.200000,0,5,1242432028,1357,2,1228,-64,0,61,2
107,720,21.600000,43.200000,0,5,1242432033,1352,1,1223,-65,0,61,2
107,720,21.600000,43.200000,0,5,1242432039,1346,0,1217,-66,0,61,2
107,720,21.600000,43.200000,0,5,1242432045,1341,0,1212,-66,0,61,2
107,720,21.600000,43.200000,0,5,1242432050,1335,0,1206,-66,0,61,2
107,720,21.600000,43.200000,0,5,1242432056,1328,0,1199,-67,0,61,2
107,720,21.600000,43.200000,0,5,1242432061,1322,0,1193,-68,0,61,2
107,720,21.600000,43.200000,0,5,1242432066,1317,0,1188,-68,0,61,2
107,720,21.600000,43.200000,0,5,1242432072,1311,0,1182,-69,0,61,2
107,720,21.600000,43.200000,0,5,1242432077,1309,0,1180,-69,0,61,2
107,720,21.600000,43.200000,0,5,1242432083,1307,0,1178,-70,0,61,2
107,720,21.600000,43.200000,0,5,1242432089,1306,0,1177,-70,0,61,2
107,720,21.600000,43.200000,0,5,1242432094,1305,0,1176,-71,0,61,2
107,720,21.600000,43.200000,0,5,1242432099,1304,0,1175,-72,0,61,2
107,720,21.600000,43.200000,0,5,1242432105,1304,0,1175,-72,0,61,2
107,720,21.600000,43.200000,0,5,1242432111,1304,0,1175,-72,0,61,2
107,720,21.600000,43.200000,0,5,1242432116,1304,0,1175,-72,0,61,2
107,720,21.600000,43.200000,0,5,1242432121,1304,0,1175,-73,0,61,2
107,720,21.600000,43.200000,0,5,1242432127,1304,0,1175,-74,0,61,2
107,720,21.600000,43.200000,0,5,1242432132,1304,0,1175,-75,0,61,2
107,720,21.600000,43.200000,0,5,1242432138,1304,0,1175,-75,0,61,2
107,720,21.600000,43.200000,0,5,1242432143,1304,0,1175,-75,0,61,2
107,720,21.600000,43.200000,0,5,1242432149,1304,0,1175,-76,0,61,2
107,720,21.600000,43.200000,0,5,1242432155,1304,0,1175,-76,0,61,2
107,720,21.600000,43.200000,0,5,1242432160,1304,0,1175,-76,0,61,2
107,720,21.600000,43.200000,0,5,1242432165,1304,0,1175,-76,0,61,2
107,720,21.600000,43.200000,0,5,1242432171,1304,0,1175,-76,0,61,2
107,720,21.600000,43.200000,0,5,1242432177,1304,0,1175,-76,0,61,2
107,720,21.600000,43.200000,0,5,1242432183,1304,0,1175,-77,0,61,2
107,720,21.600000,43.200000,0,5,1242432188,1304,0,1175,-77,0,61,2
107,720,21.600000,43.200000,0,5,1242432193,1304,0,1175,-77,0,61,2
107,720,21.600000,43.200000,0,5,1242432199,1305,0,1176,-77,0,61,2
107,720,21.600000,43.200000,0,5,1242432204,1305,0,1176,-77,0,61,2
107,720,21.600000,43.200000,0,5,1242432209,1305,0,1176,-77,0,61,2
107,720,21.600000,43.200000,0,5,1242432215,1305,0,1176,-77,0,61,2
107,720,21.600000,43.200000,0,5,1242432221,1305,0,1176,-77,0,61,2
107,720,21.600000,43.200000,0,5,1242432226,1305,0,1176,-77,0,61,2
107,720,21.600000,43.200000,0,5,1242432231,1305,0,1176,-77,0,61,2
107,720,21.600000,43.200000,0,5,1242432237,1305,0,1176,-77,0,61,2
107,720,21.600000,43.200000,0,5,1242432242,1305,0,1176,-77,0,61,2
107,720,21.600000,43.200000,0,5,1242432248,1305,0,1176,-77,0,61,2
107,720,21.600000,43.200000,0,5,1242432253,1305,0,1176,-77,0,61,2
107,720,21.600000,43.200000,0,5,1242432259,1305,0,1176,-77,0,61,2
107,720,21.600000,43.200000,0,5,1242432264,1305,0,1176,-77,0,61,2
107,720,21.600000,43.200000,0,5,1242432270,1305,0,1176,-77,0,61,2
107,720,21.600000,43.200000,0,5,1242432276,1306,0,1177,-78,0,61,2
107,720,21.600000,43.200000,0,5,1242432282,1307,0,1178,-79,0,61,2
107,720,21.600000,43.200000,0,5,1242432287,1308,0,1179,-79,0,61,2
107,720,21.600000,43.200000,0,5,1242432293,1308,0,1179,-80,0,61,2
107,720,21.600000,43.200000,0,5,1242432299,1309,0,1180,-81,0,61,2
107,720,21.600000,43.200000,0,5,1242432304,1310,0,1181,-81,0,61,2
107,720,21.600000,43.200000,0,5,1242432310,1311,0,1182,-81,0,61,2
107,720,21.600000,43.200000,0,5,1242432315,1312,0,1183,-81,0,61,2
107,720,21.600000,43.200000,0,5,1242432321,1313,0,1184,-82,0,61,2
107,720,21.600000,43.200000,0,5,1242432326,1314,0,1185,-82,0,61,2
107,720,21.600000,43.200000,0,5,1242432332,1314,0,1185,-83,0,61,2
107,720,21.600000,43.200000,0,5,1242432337,1314,0,1185,-83,0,61,2
107,720,21.600000,43.200000,0,5,1242432343,1314,0,1185,-83,0,61,2
107,720,21.600000,43.200000,0,5,1242432348,1314,0,1185,-83,0,61,2
107,720,21.600000,43.200000,0,5,1242432354,1314,0,1185,-83,0,61,2
107,720,21.600000,43.200000,0,5,1242432359,1315,0,1186,-83,0,61,2
107,720,21.600000,43.200000,0,5,1242432365,1316,0,1187,-83,0,61,2
107,720,21.600000,43.200000,0,5,1242432371,1317,0,1188,-83,0,61,2
107,720,21.600000,43.200000,0,5,1242432376,1317,0,1188,-83,0,61,2
107,720,21.600000,43.200000,0,5,1242432381,1317,0,1188,-83,0,61,2
107,720,21.600000,43.200000,0,5,1242432387,1317,0,1188,-83,0,61,2
107,720,21.600000,43.200000,0,5,1242432393,1317,0,1188,-83,0,61,2
107,720,21.600000,43.200000,0,5,1242432398,1317,0,1188,-83,0,61,2
107,720,21.600000,43.200000,0,5,1242432404,1317,0,1188,-83,0,61,2
107,720,21.600000,43.200000,0,5,1242432409,1317,0,1188,-84,0,61,2
107,720,21.600000,43.200000,0,5,1242432415,1317,0,1188,-85,0,61,2
107,720,21.600000,43.200000,0,5,1242432433,1317,0,1188,-86,0,61,2
