107,360,21.600000,0.000000,0,4,1241913937,781,0,781,0,0,10,4
107,360,21.600000,0.000000,0,4,1241913939,781,0,781,0,0,10,4
107,360,21.600000,0.000000,0,4,1241913944,782,0,782,0,0,10,4
107,360,21.600000,0.000000,0,4,1241913950,782,0,782,0,0,10,4
107,360,21.600000,0.000000,0,4,1241913956,782,0,782,0,0,10,4
107,360,21.600000,0.000000,0,4,1241913962,782,0,782,-1,0,10,4
107,360,21.600000,0.000000,0,4,1241913967,782,0,782,-1,0,10,4
107,360,21.600000,0.000000,0,4,1241913973,782,0,782,-1,0,10,4
107,360,21.600000,0.000000,0,4,1241913978,782,0,782,-1,0,10,4
107,360,21.600000,0.000000,0,4,1241913984,782,0,782,-1,0,10,4
107,360,21.600000,0.000000,0,4,1241913990,782,0,782,-2,0,10,4
107,360,21.600000,0.000000,0,4,1241913996,783,0,783,-2,0,10,4
107,360,21.600000,0.000000,0,4,1241914002,786,0,786,-2,0,10,4
107,360,21.600000,0.000000,0,4,1241914008,791,0,791,-3,0,10,4
107,360,21.600000,0.000000,0,4,1241914014,800,0,800,-5,0,10,4
107,360,21.600000,0.000000,0,4,1241914021,811,0,811,-7,0,10,4
107,360,21.600000,0.000000,0,4,1241914027,833,0,833,-10,0,10,4
107,360,21.600000,0.000000,0,4,1241914033,846,0,846,-12,0,10,4
107,360,21.600000,0.000000,0,4,1241914038,868,0,868,-16,0,10,4
107,360,21.600000,0.000000,0,4,1241914044,887,0,887,-18,0,10,4
107,360,21.600000,0.000000,0,4,1241914050,911,0,911,-22,0,10,4
107,360,21.600000,0.000000,0,4,1241914055,935,0,935,-26,0,10,4
107,360,21.600000,0.000000,0,4,1241914061,957,0,957,-29,0,10,4
107,360,21.600000,0.000000,0,4,1241914066,979,0,979,-32,0,10,4
107,360,21.600000,0.000000,0,4,1241914072,996,0,996,-34,0,10,4
107,360,21.600000,0.000000,0,4,1241914078,1021,0,1021,-38,0,10,4
107,360,21.600000,0.000000,0,4,1241914083,1048,0,1048,-42,0,10,4
107,360,21.600000,0.000000,0,4,1241914089,1073,0,1073,-46,0,10,4
107,360,21.600000,0.000000,0,4,1241914095,1090,0,1090,-49,0,10,4
107,360,21.600000,0.000000,0,4,1241914100,1102,0,1102,-51,0,10,4
107,360,21.600000,0.000000,0,4,1241914106,1113,0,1113,-53,0,10,4
107,360,21.600000,0.000000,0,4,1241914111,1121,0,1121,-55,0,10,4
107,360,21.600000,0.000000,0,4,1241914117,1128,0,1128,-57,0,10,4
107,360,21.600000,0.000000,0,4,1241914123,1130,0,1130,-58,0,10,4
107,360,21.600000,0.000000,0,4,1241914128,1133,0,1133,-60,0,10,4
107,360,21.600000,0.000000,0,4,1241914134,1133,0,1133,-60,0,10,4
107,360,21.600000,0.000000,0,4,1241914140,1133,0,1133,-61,0,10,4
107,360,21.600000,0.000000,0,4,1241914145,1132,0,1132,-62,0,10,4
107,360,21.600000,0.000000,0,4,1241914151,1131,0,1131,-63,0,10,4
107,360,21.600000,0.000000,0,4,1241914156,1130,0,1130,-63,0,10,4
107,360,21.600000,0.000000,0,4,1241914162,1128,0,1128,-64,0,10,4
107,360,21.600000,0.000000,0,4,1241914167,1128,0,1128,-64,0,10,4
107,360,21.600000,0.000000,0,4,1241914173,1127,0,1127,-65,0,10,4
107,360,21.600000,0.000000,0,4,1241914178,1126,0,1126,-66,0,10,4
107,360,21.600000,0.000000,0,4,1241914184,1126,0,1126,-66,0,10,4
107,360,21.600000,0.000000,0,4,1241914189,1126,0,1126,-66,0,10,4
107,360,21.600000,0.000000,0,4,1241914195,1126,0,1126,-66,0,10,4
107,360,21.600000,0.000000,0,4,1241914201,1126,0,1126,-66,0,10,4
107,360,21.600000,0.000000,0,4,1241914206,1126,0,1126,-66,0,10,4
107,360,21.600000,0.000000,0,4,1241914212,1126,0,1126,-66,0,10,4
107,360,21.600000,0.000000,0,4,1241914217,1126,0,1126,-66,0,10,4
107,360,21.600000,0.000000,0,4,1241914222,1126,0,1126,-66,0,10,4
107,360,21.600000,0.000000,0,4,1241914228,1126,0,1126,-66,0,10,4
107,360,21.600000,0.000000,0,4,1241914233,1126,0,1126,-66,0,10,4
107,360,21.600000,0.000000,0,4,1241914239,1126,0,1126,-66,0,10,4
107,360,21.600000,0.000000,0,4,1241914244,1126,0,1126,-66,0,10,4
107,360,21.600000,0.000000,0,4,1241914250,1126,0,1126,-66,0,10,4
107,360,21.600000,0.000000,0,4,1241914255,1126,0,1126,-66,0,10,4
107,360,21.600000,0.000000,0,4,1241914261,1126,0,1126,-66,0,10,4
107,360,21.600000,0.000000,0,4,1241914267,1126,0,1126,-66,0,10,4
107,360,21.600000,0.000000,0,4,1241914272,1126,0,1126,-66,0,10,4
107,360,21.600000,0.000000,0,4,1241914278,1126,0,1126,-67,0,10,4
107,360,21.600000,0.000000,0,4,1241914283,1126,0,1126,-67,0,10,4
107,360,21.600000,0.000000,0,4,1241914288,1125,0,1125,-67,0,10,4
107,360,21.600000,0.000000,0,4,1241914294,1124,0,1124,-68,0,10,4
107,360,21.600000,0.000000,0,4,1241914299,1124,0,1124,-68,0,10,4
107,360,21.600000,0.000000,0,4,1241914305,1124,0,1124,-68,0,10,4
107,360,21.600000,0.000000,0,4,1241914311,1124,0,1124,-69,0,10,4
107,360,21.600000,0.000000,0,4,1241914316,1124,0,1124,-69,0,10,4
107,360,21.600000,0.000000,0,4,1241914322,1124,0,1124,-69,0,10,4
107,360,21.600000,0.000000,0,4,1241914327,1124,0,1124,-69,0,10,4
107,360,21.600000,0.000000,0,4,1241914333,1124,0,1124,-69,0,10,4
107,360,21.600000,0.000000,0,4,1241914339,1124,0,1124,-70,0,10,4
107,360,21.600000,0.000000,0,4,1241914344,1125,0,1125,-70,0,10,4
107,360,21.600000,0.000000,0,4,1241914349,1126,0,1126,-71,0,10,4
107,360,21.600000,0.000000,0,4,1241914355,1128,0,1128,-72,0,10,4
107,360,21.600000,0.000000,0,4,1241914361,1130,0,1130,-73,0,10,4
107,360,21.600000,0.000000,0,4,1241914366,1132,0,1132,-73,0,10,4
107,360,21.600000,0.000000,0,4,1241914372,1133,0,1133,-73,0,10,4
107,360,21.600000,0.000000,0,4,1241914377,1134,0,1134,-73,0,10,4
107,360,21.600000,0.000000,0,4,1241914383,1134,0,1134,-74,0,10,4
107,360,21.600000,0.000000,0,4,1241914388,1135,0,1135,-75,0,10,4
107,360,21.600000,0.000000,0,4,1241914394,1136,0,1136,-76,0,10,4
107,360,21.600000,0.000000,0,4,1241914399,1136,0,1136,-76,0,10,4
107,360,21.600000,0.000000,0,4,1241914405,1136,0,1136,-76,0,10,4
107,360,21.600000,0.000000,0,4,1241914410,1136,0,1136,-76,0,10,4
107,360,21.600000,0.000000,0,4,1241914416,1136,0,1136,-76,0,10,4
107,360,21.600000,0.000000,0,4,1241914421,1136,0,1136,-77,0,10,4
107,360,21.600000,0.000000,0,4,1241914427,1136,0,1136,-78,0,10,4
107,360,21.600000,0.000000,0,4,1241914432,1136,0,1136,-78,0,10,4
107,360,21.600000,0.000000,0,4,1241914438,1136,0,1136,-78,0,10,4
107,360,21.600000,0.000000,0,4,1241914444,1136,0,1136,-78,0,10,4
107,360,21.600000,0.000000,0,4,1241914449,1136,0,1136,-78,0,10,4
107,360,21.600000,0.000000,0,4,1241914454,1136,0,1136,-78,0,10,4
107,360,21.600000,0.000000,0,4,1241914460,1136,0,1136,-78,0,10,4
107,360,21.600000,0.000000,0,4,1241914466,1136,0,1136,-78,0,10,4
107,360,21.600000,0.000000,0,4,1241914471,1136,0,1136,-79,0,10,4
107,360,21.600000,0.000000,0,4,1241914476,1136,0,1136,-80,0,10,4
107,360,21.600000,0.000000,0,4,1241914482,1136,0,1136,-80,0,10,4
107,360,21.600000,0.000000,0,4,1241914487,1135,0,1135,-80,0,10,4
107,360,21.600000,0.000000,0,4,1241914501,1135,0,1135,-81,0,10,4
