107,360,21.600000,43.200000,0,4,1241933481,775,0,775,0,0,12,5
107,360,21.600000,43.200000,0,4,1241933483,775,0,775,0,0,12,5
107,360,21.600000,43.200000,0,4,1241933488,775,0,775,0,0,12,5
107,360,21.600000,43.200000,0,4,1241933494,775,0,775,0,0,12,5
107,360,21.600000,43.200000,0,4,1241933499,775,0,775,0,0,12,5
107,360,21.600000,43.200000,0,4,1241933504,775,0,775,0,0,12,5
107,360,21.600000,43.200000,0,4,1241933510,775,0,775,0,0,12,5
107,360,21.600000,43.200000,0,4,1241933515,775,0,775,0,0,12,5
107,360,21.600000,43.200000,0,4,1241933521,775,0,775,0,0,12,5
107,360,21.600000,43.200000,0,4,1241933527,775,0,775,0,0,12,5
107,360,21.600000,43.200000,0,4,1241933532,775,0,775,0,0,12,5
107,360,21.600000,43.200000,0,4,1241933538,775,0,775,0,0,12,5
107,360,21.600000,43.200000,0,4,1241933544,775,0,775,0,0,12,5
107,360,21.600000,43.200000,0,4,1241933550,775,0,775,0,0,12,5
107,360,21.600000,43.200000,0,4,1241933555,776,0,776,0,0,12,5
107,360,21.600000,43.200000,0,4,1241933561,779,0,779,0,0,12,5
107,360,21.600000,43.200000,0,4,1241933566,784,0,784,-1,0,12,5
107,360,21.600000,43.200000,0,4,1241933572,791,0,791,-2,0,12,5
107,360,21.600000,43.200000,0,4,1241933578,800,0,800,-4,0,12,5
107,360,21.600000,43.200000,0,4,1241933584,812,0,812,-7,0,12,5
107,360,21.600000,43.200000,0,4,1241933589,825,0,825,-10,0,12,5
107,360,21.600000,43.200000,0,4,1241933595,845,0,845,-15,0,12,5
107,360,21.600000,43.200000,0,4,1241933601,867,0,867,-20,0,12,5
107,360,21.600000,43.200000,0,4,1241933606,893,0,893,-26,0,12,5
107,360,21.600000,43.200000,0,4,1241933612,919,0,919,-31,0,12,5
107,360,21.600000,43.200000,0,4,1241933618,956,0,956,-39,0,12,5
107,360,21.600000,43.200000,0,4,1241933624,986,0,986,-45,0,12,5
107,360,21.600000,43.200000,0,4,1241933629,1010,0,1010,-50,0,12,5
107,360,21.600000,43.200000,0,4,1241933634,1049,0,1049,-59,0,12,5
107,360,21.600000,43.200000,0,4,1241933640,1076,0,1076,-65,0,12,5
107,360,21.600000,43.200000,0,4,1241933646,1106,0,1106,-72,0,12,5
107,360,21.600000,43.200000,0,4,1241933651,1131,0,1131,-78,0,12,5
107,360,21.600000,43.200000,0,4,1241933657,1155,0,1155,-83,0,12,5
107,360,21.600000,43.200000,0,4,1241933663,1172,0,1172,-88,0,12,5
107,360,21.600000,43.200000,0,4,1241933668,1181,0,1181,-91,0,12,5
107,360,21.600000,43.200000,0,4,1241933674,1191,0,1191,-94,0,12,5
107,360,21.600000,43.200000,0,4,1241933680,1198,0,1198,-96,0,12,5
107,360,21.600000,43.200000,0,4,1241933685,1202,0,1202,-97,0,12,5
107,360,21.600000,43.200000,0,4,1241933691,1202,0,1202,-98,0,12,5
107,360,21.600000,43.200000,0,4,1241933698,1202,0,1202,-99,0,12,5
107,360,21.600000,43.200000,0,4,1241933703,1201,0,1201,-100,0,12,5
107,360,21.600000,43.200000,0,4,1241933710,1200,0,1200,-101,0,12,5
107,360,21.600000,43.200000,0,4,1241933716,1198,0,1198,-102,0,12,5
107,360,21.600000,43.200000,0,4,1241933722,1197,0,1197,-103,0,12,5
107,360,21.600000,43.200000,0,4,1241933728,1196,0,1196,-103,0,12,5
107,360,21.600000,43.200000,0,4,1241933733,1195,0,1195,-103,0,12,5
107,360,21.600000,43.200000,0,4,1241933739,1193,0,1193,-103,0,12,5
107,360,21.600000,43.200000,0,4,1241933745,1193,0,1193,-104,0,12,5
107,360,21.600000,43.200000,0,4,1241933750,1193,0,1193,-104,0,12,5
107,360,21.600000,43.200000,0,4,1241933756,1193,0,1193,-104,0,12,5
107,360,21.600000,43.200000,0,4,1241933761,1193,0,1193,-104,0,12,5
107,360,21.600000,43.200000,0,4,1241933767,1193,0,1193,-104,0,12,5
107,360,21.600000,43.200000,0,4,1241933772,1192,0,1192,-104,0,12,5
107,360,21.600000,43.200000,0,4,1241933778,1191,0,1191,-104,0,12,5
107,360,21.600000,43.200000,0,4,1241933783,1190,0,1190,-104,0,12,5
107,360,21.600000,43.200000,0,4,1241933789,1189,0,1189,-104,0,12,5
107,360,21.600000,43.200000,0,4,1241933795,1188,0,1188,-104,0,12,5
107,360,21.600000,43.200000,0,4,1241933801,1187,0,1187,-105,0,12,5
107,360,21.600000,43.200000,0,4,1241933806,1186,0,1186,-105,0,12,5
107,360,21.600000,43.200000,0,4,1241933812,1185,0,1185,-105,0,12,5
107,360,21.600000,43.200000,0,4,1241933817,1185,0,1185,-106,0,12,5
107,360,21.600000,43.200000,0,4,1241933823,1184,0,1184,-106,0,12,5
107,360,21.600000,43.200000,0,4,1241933829,1183,0,1183,-106,0,12,5
107,360,21.600000,43.200000,0,4,1241933834,1183,0,1183,-106,0,12,5
107,360,21.600000,43.200000,0,4,1241933840,1183,0,1183,-106,0,12,5
107,360,21.600000,43.200000,0,4,1241933845,1183,0,1183,-106,0,12,5
107,360,21.600000,43.200000,0,4,1241933851,1183,0,1183,-106,0,12,5
107,360,21.600000,43.200000,0,4,1241933856,1183,0,1183,-106,0,12,5
107,360,21.600000,43.200000,0,4,1241933862,1183,0,1183,-107,0,12,5
107,360,21.600000,43.200000,0,4,1241933867,1182,0,1182,-107,0,12,5
107,360,21.600000,43.200000,0,4,1241933873,1181,0,1181,-107,0,12,5
107,360,21.600000,43.200000,0,4,1241933878,1180,0,1180,-107,0,12,5
107,360,21.600000,43.200000,0,4,1241933883,1180,0,1180,-107,0,12,5
107,360,21.600000,43.200000,0,4,1241933889,1179,0,1179,-108,0,12,5
107,360,21.600000,43.200000,0,4,1241933895,1178,0,1178,-108,0,12,5
107,360,21.600000,43.200000,0,4,1241933900,1178,0,1178,-109,0,12,5
107,360,21.600000,43.200000,0,4,1241933906,1177,0,1177,-110,0,12,5
107,360,21.600000,43.200000,0,4,1241933912,1176,0,1176,-110,0,12,5
107,360,21.600000,43.200000,0,4,1241933919,1174,0,1174,-111,0,12,5
107,360,21.600000,43.200000,0,4,1241933925,1172,0,1172,-112,0,12,5
107,360,21.600000,43.200000,0,4,1241933931,1169,0,1169,-114,0,12,5
107,360,21.600000,43.200000,0,4,1241933937,1165,0,1165,-116,0,12,5
107,360,21.600000,43.200000,0,4,1241933944,1161,0,1161,-118,0,12,5
107,360,21.600000,43.200000,0,4,1241933950,1155,0,1155,-120,0,12,5
107,360,21.600000,43.200000,0,4,1241933956,1151,0,1151,-122,0,12,5
107,360,21.600000,43.200000,0,4,1241933962,1149,0,1149,-123,0,12,5
107,360,21.600000,43.200000,0,4,1241933968,1148,0,1148,-124,0,12,5
107,360,21.600000,43.200000,0,4,1241933974,1147,0,1147,-125,0,12,5
107,360,21.600000,43.200000,0,4,1241933979,1147,0,1147,-126,0,12,5
107,360,21.600000,43.200000,0,4,1241933985,1146,0,1146,-128,0,12,5
107,360,21.600000,43.200000,0,4,1241933990,1146,0,1146,-129,0,12,5
107,360,21.600000,43.200000,0,4,1241933996,1146,0,1146,-130,0,12,5
107,360,21.600000,43.200000,0,4,1241934002,1146,0,1146,-131,0,12,5
107,360,21.600000,43.200000,0,4,1241934007,1146,0,1146,-132,0,12,5
107,360,21.600000,43.200000,0,4,1241934012,1146,0,1146,-133,0,12,5
107,360,21.600000,43.200000,0,4,1241934018,1146,0,1146,-134,0,12,5
107,360,21.600000,43.200000,0,4,1241934023,1146,0,1146,-135,0,12,5
107,360,21.600000,43.200000,0,4,1241934029,1146,0,1146,-136,0,12,5
107,360,21.600000,43.200000,0,4,1241934034,1146,0,1146,-137,0,12,5
107,360,21.600000,43.200000,0,4,1241934040,1146,0,1146,-138,0,12,5
107,360,21.600000,43.200000,0,4,1241934046,1146,0,1146,-139,0,12,5
107,360,21.600000,43.200000,0,4,1241934051,1146,0,1146,-139,0,12,5
107,360,21.600000,43.200000,0,4,1241934057,1146,0,1146,-140,0,12,5
107,360,21.600000,43.200000,0,4,1241934062,1146,0,1146,-141,0,12,5
107,360,21.600000,43.200000,0,4,1241934067,1146,0,1146,-141,0,12,5
107,360,21.600000,43.200000,0,4,1241934073,1146,0,1146,-141,0,12,5
107,360,21.600000,43.200000,0,4,1241934079,1146,0,1146,-141,0,12,5
107,360,21.600000,43.200000,0,4,1241934084,1146,0,1146,-141,0,12,5
107,360,21.600000,43.200000,0,4,1241934090,1146,0,1146,-141,0,12,5
107,360,21.600000,43.200000,0,4,1241934096,1146,0,1146,-141,0,12,5
107,360,21.600000,43.200000,0,4,1241934115,1146,0,1146,-141,0,12,5
