107,720,21.600000,0.000000,0,5,1242261469,606,0,606,0,1,44,3
107,720,21.600000,0.000000,0,5,1242261471,606,0,606,0,1,44,3
107,720,21.600000,0.000000,0,5,1242261476,606,0,606,0,1,44,3
107,720,21.600000,0.000000,0,5,1242261482,606,0,606,0,1,44,3
107,720,21.600000,0.000000,0,5,1242261488,606,0,606,0,1,44,3
107,720,21.600000,0.000000,0,5,1242261493,606,0,606,0,1,44,3
107,720,21.600000,0.000000,0,5,1242261499,606,0,606,-1,1,44,3
107,720,21.600000,0.000000,0,5,1242261505,607,0,607,-1,1,44,3
107,720,21.600000,0.000000,0,5,1242261511,608,0,608,-1,1,44,3
107,720,21.600000,0.000000,0,5,1242261516,611,0,611,-1,1,44,3
107,720,21.600000,0.000000,0,5,1242261523,617,0,617,-2,1,44,3
107,720,21.600000,0.000000,0,5,1242261528,628,0,628,-4,1,44,3
107,720,21.600000,0.000000,0,5,1242261534,638,0,638,-5,1,44,3
107,720,21.600000,0.000000,0,5,1242261540,649,0,649,-6,1,44,3
107,720,21.600000,0.000000,0,5,1242261545,661,0,661,-7,1,44,3
107,720,21.600000,0.000000,0,5,1242261551,678,0,678,-7,1,44,3
107,720,21.600000,0.000000,0,5,1242261557,699,0,699,-7,1,44,3
107,720,21.600000,0.000000,0,5,1242261563,721,0,721,-7,1,44,3
107,720,21.600000,0.000000,0,5,1242261568,741,0,741,-7,1,44,3
107,720,21.600000,0.000000,0,5,1242261574,763,0,763,-7,1,44,3
107,720,21.600000,0.000000,0,5,1242261580,784,0,784,-7,1,44,3
107,720,21.600000,0.000000,0,5,1242261585,811,0,811,-7,1,44,3
107,720,21.600000,0.000000,0,5,1242261591,835,0,835,-7,1,44,3
107,720,21.600000,0.000000,0,5,1242261596,859,0,859,-7,1,44,3
107,720,21.600000,0.000000,0,5,1242261601,886,0,886,-8,1,44,3
107,720,21.600000,0.000000,0,5,1242261607,914,0,914,-9,1,44,3
107,720,21.600000,0.000000,0,5,1242261613,942,0,942,-10,1,44,3
107,720,21.600000,0.000000,0,5,1242261619,976,0,976,-12,1,44,3
107,720,21.600000,0.000000,0,5,1242261624,1006,0,1006,-13,1,44,3
107,720,21.600000,0.000000,0,5,1242261630,1033,0,1033,-15,1,44,3
107,720,21.600000,0.000000,0,5,1242261636,1058,0,1058,-17,1,44,3
107,720,21.600000,0.000000,0,5,1242261642,1081,0,1081,-19,1,44,3
107,720,21.600000,0.000000,0,5,1242261647,1099,0,1099,-20,1,44,3
107,720,21.600000,0.000000,0,5,1242261653,1113,0,1113,-21,1,44,3
107,720,21.600000,0.000000,0,5,1242261659,1124,0,1124,-23,1,44,3
107,720,21.600000,0.000000,0,5,1242261664,1131,0,1131,-24,1,44,3
107,720,21.600000,0.000000,0,5,1242261670,1136,0,1136,-25,1,44,3
107,720,21.600000,0.000000,0,5,1242261675,1139,0,1139,-27,1,44,3
107,720,21.600000,0.000000,0,5,1242261681,1140,0,1140,-28,1,44,3
107,720,21.600000,0.000000,0,5,1242261686,1141,0,1141,-29,1,44,3
107,720,21.600000,0.000000,0,5,1242261692,1141,0,1141,-30,1,44,3
107,720,21.600000,0.000000,0,5,1242261698,1141,0,1141,-32,1,44,3
107,720,21.600000,0.000000,0,5,1242261704,1141,0,1141,-33,1,44,3
107,720,21.600000,0.000000,0,5,1242261709,1142,0,1142,-34,1,44,3
107,720,21.600000,0.000000,0,5,1242261715,1143,0,1143,-35,1,44,3
107,720,21.600000,0.000000,0,5,1242261721,1146,0,1146,-37,1,44,3
107,720,21.600000,0.000000,0,5,1242261726,1150,0,1150,-39,1,44,3
107,720,21.600000,0.000000,0,5,1242261732,1154,0,1154,-40,1,44,3
107,720,21.600000,0.000000,0,5,1242261737,1158,0,1158,-41,1,44,3
107,720,21.600000,0.000000,0,5,1242261743,1162,0,1162,-41,1,44,3
107,720,21.600000,0.000000,0,5,1242261748,1167,0,1167,-42,1,44,3
107,720,21.600000,0.000000,0,5,1242261754,1171,0,1171,-43,1,44,3
107,720,21.600000,0.000000,0,5,1242261760,1176,0,1176,-44,1,44,3
107,720,21.600000,0.000000,0,5,1242261766,1311,0,1180,-44,1,44,3
107,720,21.600000,0.000000,0,5,1242261773,1313,0,1182,-45,1,44,3
107,720,21.600000,0.000000,0,5,1242261778,1314,0,1183,-45,1,44,3
107,720,21.600000,0.000000,0,5,1242261783,1315,0,1184,-45,1,44,3
107,720,21.600000,0.000000,0,5,1242261789,1316,0,1185,-45,1,44,3
107,720,21.600000,0.000000,0,5,1242261795,1317,0,1186,-46,1,44,3
107,720,21.600000,0.000000,0,5,1242261800,1318,0,1187,-46,1,44,3
107,720,21.600000,0.000000,0,5,1242261806,1319,0,1188,-46,1,44,3
107,720,21.600000,0.000000,0,5,1242261812,1319,0,1188,-47,1,44,3
107,720,21.600000,0.000000,0,5,1242261818,1320,0,1189,-48,1,44,3
107,720,21.600000,0.000000,0,5,1242261823,1321,0,1190,-48,1,44,3
107,720,21.600000,0.000000,0,5,1242261829,1323,0,1192,-48,1,44,3
107,720,21.600000,0.000000,0,5,1242261835,1326,0,1195,-49,1,44,3
107,720,21.600000,0.000000,0,5,1242261841,1330,0,1199,-50,1,44,3
107,720,21.600000,0.000000,0,5,1242261846,1334,0,1203,-51,1,44,3
107,720,21.600000,0.000000,0,5,1242261852,1341,0,1210,-52,1,44,3
107,720,21.600000,0.000000,0,5,1242261857,1349,0,1218,-54,1,44,3
107,720,21.600000,0.000000,0,5,1242261863,1355,0,1224,-56,1,44,3
107,720,21.600000,0.000000,0,5,1242261868,1363,0,1232,-58,1,44,3
107,720,21.600000,0.000000,0,5,1242261874,1371,0,1240,-60,1,44,3
107,720,21.600000,0.000000,0,5,1242261880,1379,0,1248,-62,1,44,3
107,720,21.600000,0.000000,0,5,1242261885,1386,0,1255,-64,1,44,3
107,720,21.600000,0.000000,0,5,1242261892,1391,0,1260,-66,1,44,3
107,720,21.600000,0.000000,0,5,1242261897,1395,0,1264,-67,1,44,3
107,720,21.600000,0.000000,0,5,1242261903,1396,0,1265,-67,1,44,3
107,720,21.600000,0.000000,0,5,1242261908,1396,0,1265,-68,1,44,3
107,720,21.600000,0.000000,0,5,1242261913,1396,0,1265,-69,1,44,3
107,720,21.600000,0.000000,0,5,1242261919,1396,0,1265,-70,1,44,3
107,720,21.600000,0.000000,0,5,1242261925,1395,0,1264,-71,1,44,3
107,720,21.600000,0.000000,0,5,1242261931,1394,0,1263,-71,1,44,3
107,720,21.600000,0.000000,0,5,1242261936,1392,0,1261,-71,1,44,3
107,720,21.600000,0.000000,0,5,1242261942,1390,0,1259,-71,1,44,3
107,720,21.600000,0.000000,0,5,1242261948,1387,0,1256,-71,1,44,3
107,720,21.600000,0.000000,0,5,1242261954,1385,1,1254,-70,1,44,3
107,720,21.600000,0.000000,0,5,1242261959,1382,2,1251,-69,1,44,3
107,720,21.600000,0.000000,0,5,1242261965,1378,3,1247,-68,1,44,3
107,720,21.600000,0.000000,0,5,1242261970,1373,4,1242,-67,1,44,3
107,720,21.600000,0.000000,0,5,1242261976,1368,5,1237,-66,1,44,3
107,720,21.600000,0.000000,0,5,1242261982,1363,6,1232,-65,1,44,3
107,720,21.600000,0.000000,0,5,1242261987,1361,6,1230,-65,1,44,3
107,720,21.600000,0.000000,0,5,1242261993,1359,6,1228,-65,1,44,3
107,720,21.600000,0.000000,0,5,1242261999,1358,6,1227,-65,1,44,3
107,720,21.600000,0.000000,0,5,1242262004,1357,6,1226,-65,1,44,3
107,720,21.600000,0.000000,0,5,1242262010,1356,6,1225,-65,1,44,3
107,720,21.600000,0.000000,0,5,1242262015,1355,6,1224,-65,1,44,3
107,720,21.600000,0.000000,0,5,1242262021,1354,6,1223,-65,1,44,3
107,720,21.600000,0.000000,0,5,1242262026,1354,6,1223,-65,1,44,3
107,720,21.600000,0.000000,0,5,1242262032,1354,6,1223,-65,1,44,3
107,720,21.600000,0.000000,0,5,1242262037,1354,6,1223,-65,1,44,3
107,720,21.600000,0.000000,0,5,1242262042,1353,6,1222,-65,1,44,3
107,720,21.600000,0.000000,0,5,1242262048,1352,6,1221,-65,1,44,3
107,720,21.600000,0.000000,0,5,1242262053,1351,6,1220,-65,1,44,3
107,720,21.600000,0.000000,0,5,1242262059,1351,6,1220,-65,1,44,3
107,720,21.600000,0.000000,0,5,1242262064,1351,5,1220,-66,1,44,3
107,720,21.600000,0.000000,0,5,1242262070,1350,4,1219,-67,1,44,3
107,720,21.600000,0.000000,0,5,1242262076,1349,3,1218,-68,1,44,3
107,720,21.600000,0.000000,0,5,1242262081,1348,3,1217,-68,1,44,3
107,720,21.600000,0.000000,0,5,1242262087,1346,2,1215,-69,1,44,3
107,720,21.600000,0.000000,0,5,1242262093,1344,1,1213,-70,1,44,3
107,720,21.600000,0.000000,0,5,1242262098,1341,1,1210,-70,1,44,3
107,720,21.600000,0.000000,0,5,1242262104,1338,0,1207,-71,1,44,3
107,720,21.600000,0.000000,0,5,1242262109,1336,0,1205,-72,1,44,3
107,720,21.600000,0.000000,0,5,1242262115,1334,0,1203,-72,1,44,3
107,720,21.600000,0.000000,0,5,1242262121,1333,0,1202,-73,1,44,3
107,720,21.600000,0.000000,0,5,1242262126,1333,0,1202,-73,1,44,3
107,720,21.600000,0.000000,0,5,1242262132,1333,0,1202,-74,1,44,3
107,720,21.600000,0.000000,0,5,1242262137,1333,0,1202,-75,1,44,3
107,720,21.600000,0.000000,0,5,1242262143,1333,0,1202,-75,1,44,3
107,720,21.600000,0.000000,0,5,1242262148,1333,0,1202,-75,1,44,3
107,720,21.600000,0.000000,0,5,1242262154,1333,0,1202,-75,1,44,3
107,720,21.600000,0.000000,0,5,1242262159,1333,0,1202,-75,1,44,3
107,720,21.600000,0.000000,0,5,1242262164,1333,0,1202,-75,1,44,3
107,720,21.600000,0.000000,0,5,1242262170,1333,0,1202,-75,1,44,3
107,720,21.600000,0.000000,0,5,1242262176,1333,0,1202,-75,1,44,3
107,720,21.600000,0.000000,0,5,1242262181,1332,0,1201,-75,1,44,3
107,720,21.600000,0.000000,0,5,1242262186,1331,0,1200,-75,1,44,3
107,720,21.600000,0.000000,0,5,1242262192,1331,0,1200,-75,1,44,3
107,720,21.600000,0.000000,0,5,1242262197,1331,0,1200,-75,1,44,3
107,720,21.600000,0.000000,0,5,1242262203,1330,0,1199,-75,1,44,3
107,720,21.600000,0.000000,0,5,1242262209,1330,0,1199,-75,1,44,3
107,720,21.600000,0.000000,0,5,1242262214,1329,0,1198,-76,1,44,3
107,720,21.600000,0.000000,0,5,1242262220,1328,0,1197,-76,1,44,3
107,720,21.600000,0.000000,0,5,1242262225,1327,0,1196,-76,1,44,3
107,720,21.600000,0.000000,0,5,1242262230,1326,0,1195,-76,1,44,3
107,720,21.600000,0.000000,0,5,1242262236,1326,0,1195,-77,1,44,3
107,720,21.600000,0.000000,0,5,1242262241,1326,0,1195,-77,1,44,3
107,720,21.600000,0.000000,0,5,1242262247,1326,0,1195,-77,1,44,3
107,720,21.600000,0.000000,0,5,1242262252,1326,0,1195,-77,1,44,3
107,720,21.600000,0.000000,0,5,1242262258,1326,0,1195,-77,1,44,3
107,720,21.600000,0.000000,0,5,1242262264,1325,0,1194,-77,1,44,3
107,720,21.600000,0.000000,0,5,1242262269,1324,0,1193,-78,1,44,3
107,720,21.600000,0.000000,0,5,1242262275,1324,0,1193,-78,1,44,3
107,720,21.600000,0.000000,0,5,1242262280,1324,0,1193,-78,1,44,3
107,720,21.600000,0.000000,0,5,1242262285,1324,0,1193,-78,1,44,3
107,720,21.600000,0.000000,0,5,1242262291,1324,0,1193,-78,1,44,3
107,720,21.600000,0.000000,0,5,1242262309,1324,0,1193,-78,0,44,3
