107,360,21.600000,10000.000000,0,5,1242256910,781,0,781,0,0,44,0
107,360,21.600000,10000.000000,0,5,1242256911,781,0,781,0,0,44,0
107,360,21.600000,10000.000000,0,5,1242256917,781,0,781,0,0,44,0
107,360,21.600000,10000.000000,0,5,1242256922,781,0,781,0,0,44,0
107,360,21.600000,10000.000000,0,5,1242256928,781,0,781,0,0,44,0
107,360,21.600000,10000.000000,0,5,1242256933,781,0,781,0,0,44,0
107,360,21.600000,10000.000000,0,5,1242256939,781,0,781,0,0,44,0
107,360,21.600000,10000.000000,0,5,1242256944,782,0,782,0,0,44,0
107,360,21.600000,10000.000000,0,5,1242256950,783,0,783,0,0,44,0
107,360,21.600000,10000.000000,0,5,1242256956,784,0,784,0,0,44,0
107,360,21.600000,10000.000000,0,5,1242256961,785,0,785,0,0,44,0
107,360,21.600000,10000.000000,0,5,1242256967,787,0,787,0,0,44,0
107,360,21.600000,10000.000000,0,5,1242256973,791,0,791,0,0,44,0
107,360,21.600000,10000.000000,0,5,1242256978,798,1,798,1,0,44,0
107,360,21.600000,10000.000000,0,5,1242256984,808,1,808,1,0,44,0
107,360,21.600000,10000.000000,0,5,1242256989,820,1,820,1,0,44,0
107,360,21.600000,10000.000000,0,5,1242256995,834,1,834,1,0,44,0
107,360,21.600000,10000.000000,0,5,1242257001,851,1,851,1,0,44,0
107,360,21.600000,10000.000000,0,5,1242257006,870,0,870,0,0,44,0
107,360,21.600000,10000.000000,0,5,1242257011,897,0,897,-2,0,44,0
107,360,21.600000,10000.000000,0,5,1242257017,920,0,920,-3,0,44,0
107,360,21.600000,10000.000000,0,5,1242257023,947,0,947,-5,0,44,0
107,360,21.600000,10000.000000,0,5,1242257029,985,0,985,-8,0,44,0
107,360,21.600000,10000.000000,0,5,1242257034,1013,0,1013,-11,0,44,0
107,360,21.600000,10000.000000,0,5,1242257040,1042,0,1042,-14,0,44,0
107,360,21.600000,10000.000000,0,5,1242257046,1071,0,1071,-17,0,44,0
107,360,21.600000,10000.000000,0,5,1242257051,1098,0,1098,-19,0,44,0
107,360,21.600000,10000.000000,0,5,1242257057,1123,0,1123,-22,0,44,0
107,360,21.600000,10000.000000,0,5,1242257062,1140,0,1140,-24,0,44,0
107,360,21.600000,10000.000000,0,5,1242257068,1154,0,1154,-25,0,44,0
107,360,21.600000,10000.000000,0,5,1242257073,1161,0,1161,-26,0,44,0
107,360,21.600000,10000.000000,0,5,1242257079,1165,0,1165,-27,0,44,0
107,360,21.600000,10000.000000,0,5,1242257085,1169,0,1169,-29,0,44,0
107,360,21.600000,10000.000000,0,5,1242257091,1166,0,1166,-31,0,44,0
107,360,21.600000,10000.000000,0,5,1242257096,1164,0,1164,-33,0,44,0
107,360,21.600000,10000.000000,0,5,1242257103,1159,0,1159,-35,0,44,0
107,360,21.600000,10000.000000,0,5,1242257108,1152,0,1152,-37,0,44,0
107,360,21.600000,10000.000000,0,5,1242257115,1145,0,1145,-38,0,44,0
107,360,21.600000,10000.000000,0,5,1242257122,1136,0,1136,-40,0,44,0
107,360,21.600000,10000.000000,0,5,1242257127,1128,0,1128,-41,0,44,0
107,360,21.600000,10000.000000,0,5,1242257132,1122,0,1122,-42,0,44,0
107,360,21.600000,10000.000000,0,5,1242257138,1118,0,1118,-43,0,44,0
107,360,21.600000,10000.000000,0,5,1242257144,1116,0,1116,-43,0,44,0
107,360,21.600000,10000.000000,0,5,1242257150,1115,0,1115,-44,0,44,0
107,360,21.600000,10000.000000,0,5,1242257156,1114,0,1114,-45,0,44,0
107,360,21.600000,10000.000000,0,5,1242257161,1114,0,1114,-45,0,44,0
107,360,21.600000,10000.000000,0,5,1242257166,1114,0,1114,-45,0,44,0
107,360,21.600000,10000.000000,0,5,1242257172,1114,0,1114,-45,0,44,0
107,360,21.600000,10000.000000,0,5,1242257178,1114,0,1114,-45,0,44,0
107,360,21.600000,10000.000000,0,5,1242257184,1115,0,1115,-45,0,44,0
107,360,21.600000,10000.000000,0,5,1242257190,1117,0,1117,-45,0,44,0
107,360,21.600000,10000.000000,0,5,1242257195,1120,0,1120,-45,0,44,0
107,360,21.600000,10000.000000,0,5,1242257200,1123,0,1123,-46,0,44,0
107,360,21.600000,10000.000000,0,5,1242257206,1127,0,1127,-46,0,44,0
107,360,21.600000,10000.000000,0,5,1242257212,1130,0,1130,-47,0,44,0
107,360,21.600000,10000.000000,0,5,1242257217,1134,0,1134,-47,0,44,0
107,360,21.600000,10000.000000,0,5,1242257223,1138,0,1138,-48,0,44,0
107,360,21.600000,10000.000000,0,5,1242257228,1141,0,1141,-48,0,44,0
107,360,21.600000,10000.000000,0,5,1242257234,1143,0,1143,-48,0,44,0
107,360,21.600000,10000.000000,0,5,1242257240,1144,0,1144,-48,0,44,0
107,360,21.600000,10000.000000,0,5,1242257245,1146,0,1146,-48,0,44,0
107,360,21.600000,10000.000000,0,5,1242257251,1148,0,1148,-48,0,44,0
107,360,21.600000,10000.000000,0,5,1242257257,1150,0,1150,-48,0,44,0
107,360,21.600000,10000.000000,0,5,1242257262,1150,0,1150,-48,0,44,0
107,360,21.600000,10000.000000,0,5,1242257268,1150,0,1150,-48,0,44,0
107,360,21.600000,10000.000000,0,5,1242257273,1150,0,1150,-48,0,44,0
107,360,21.600000,10000.000000,0,5,1242257279,1150,0,1150,-48,0,44,0
107,360,21.600000,10000.000000,0,5,1242257285,1149,0,1149,-48,0,44,0
107,360,21.600000,10000.000000,0,5,1242257290,1148,0,1148,-48,0,44,0
107,360,21.600000,10000.000000,0,5,1242257296,1148,0,1148,-48,0,44,0
107,360,21.600000,10000.000000,0,5,1242257301,1147,0,1147,-48,0,44,0
107,360,21.600000,10000.000000,0,5,1242257307,1146,0,1146,-48,0,44,0
107,360,21.600000,10000.000000,0,5,1242257313,1146,1,1146,-47,0,44,0
107,360,21.600000,10000.000000,0,5,1242257318,1146,2,1146,-46,0,44,0
107,360,21.600000,10000.000000,0,5,1242257323,1146,3,1146,-45,0,44,0
107,360,21.600000,10000.000000,0,5,1242257329,1146,3,1146,-45,0,44,0
107,360,21.600000,10000.000000,0,5,1242257334,1146,3,1146,-45,0,44,0
107,360,21.600000,10000.000000,0,5,1242257340,1146,3,1146,-45,0,44,0
107,360,21.600000,10000.000000,0,5,1242257346,1146,3,1146,-45,0,44,0
107,360,21.600000,10000.000000,0,5,1242257351,1146,3,1146,-45,0,44,0
107,360,21.600000,10000.000000,0,5,1242257357,1146,3,1146,-45,0,44,0
107,360,21.600000,10000.000000,0,5,1242257362,1146,3,1146,-45,0,44,0
107,360,21.600000,10000.000000,0,5,1242257368,1146,3,1146,-45,0,44,0
107,360,21.600000,10000.000000,0,5,1242257374,1146,3,1146,-45,0,44,0
107,360,21.600000,10000.000000,0,5,1242257379,1146,3,1146,-45,0,44,0
107,360,21.600000,10000.000000,0,5,1242257384,1146,3,1146,-45,0,44,0
107,360,21.600000,10000.000000,0,5,1242257390,1146,3,1146,-45,0,44,0
107,360,21.600000,10000.000000,0,5,1242257396,1146,3,1146,-45,0,44,0
107,360,21.600000,10000.000000,0,5,1242257401,1146,3,1146,-45,0,44,0
107,360,21.600000,10000.000000,0,5,1242257407,1146,3,1146,-45,0,44,0
107,360,21.600000,10000.000000,0,5,1242257412,1146,3,1146,-45,0,44,0
107,360,21.600000,10000.000000,0,5,1242257418,1146,3,1146,-45,0,44,0
107,360,21.600000,10000.000000,0,5,1242257424,1146,3,1146,-45,0,44,0
107,360,21.600000,10000.000000,0,5,1242257442,1146,3,1146,-45,0,44,0
