102,720,21.600000,43.200000,1,0,872585541,597,0,597,0,0,58,0
102,720,21.600000,43.200000,1,0,872585543,597,0,597,0,0,58,0
102,720,21.600000,43.200000,1,0,872585549,596,0,596,0,0,58,0
102,720,21.600000,43.200000,1,0,872585559,595,0,595,0,0,58,0
102,720,21.600000,43.200000,1,0,872585564,595,0,595,0,0,58,0
102,720,21.600000,43.200000,1,0,872585570,595,0,595,0,0,58,0
102,720,21.600000,43.200000,1,0,872585576,595,0,595,0,0,58,0
102,720,21.600000,43.200000,1,0,872585582,595,0,595,0,0,58,0
102,720,21.600000,43.200000,1,0,872585588,595,0,595,0,0,58,0
102,720,21.600000,43.200000,1,0,872585596,595,0,595,0,0,58,0
102,720,21.600000,43.200000,1,0,872585602,595,0,595,0,0,58,0
102,720,21.600000,43.200000,1,0,872585608,596,0,596,-1,0,58,0
102,720,21.600000,43.200000,1,0,872585615,600,0,600,-2,0,58,0
102,720,21.600000,43.200000,1,0,872585621,610,0,610,-5,0,58,0
102,720,21.600000,43.200000,1,0,872585626,620,0,620,-7,0,58,0
102,720,21.600000,43.200000,1,0,872585632,635,0,635,-9,0,58,0
102,720,21.600000,43.200000,1,0,872585638,649,0,649,-11,0,58,0
102,720,21.600000,43.200000,1,0,872585644,675,0,675,-14,0,58,0
102,720,21.600000,43.200000,1,0,872585650,696,0,696,-16,0,58,0
102,720,21.600000,43.200000,1,0,872585659,722,0,722,-18,0,58,0
102,720,21.600000,43.200000,1,0,872585665,773,0,773,-21,0,58,0
102,720,21.600000,43.200000,1,0,872585671,815,0,815,-23,0,58,0
102,720,21.600000,43.200000,1,0,872585677,860,0,860,-25,0,58,0
102,720,21.600000,43.200000,1,0,872585682,905,0,905,-28,0,58,0
102,720,21.600000,43.200000,1,0,872585688,947,0,947,-31,0,58,0
102,720,21.600000,43.200000,1,0,872585693,987,0,987,-35,0,58,0
102,720,21.600000,43.200000,1,0,872585699,1032,0,1032,-39,0,58,0
102,720,21.600000,43.200000,1,0,872585709,1077,0,1077,-44,0,58,0
102,720,21.600000,43.200000,1,0,872585715,1155,0,1155,-53,0,58,0
102,720,21.600000,43.200000,1,0,872585721,1189,0,1189,-57,0,58,0
102,720,21.600000,43.200000,1,0,872585726,1222,0,1222,-62,0,58,0
102,720,21.600000,43.200000,1,0,872585732,1256,0,1256,-67,0,58,0
102,720,21.600000,43.200000,1,0,872585738,1285,0,1285,-72,0,58,0
102,720,21.600000,43.200000,1,0,872585744,1315,0,1315,-77,0,58,0
102,720,21.600000,43.200000,1,0,872585750,1331,0,1331,-80,0,58,0
102,720,21.600000,43.200000,1,0,872585756,1343,0,1343,-83,0,58,0
102,720,21.600000,43.200000,1,0,872585762,1350,0,1350,-85,0,58,0
102,720,21.600000,43.200000,1,0,872585768,1353,0,1353,-85,0,58,0
102,720,21.600000,43.200000,1,0,872585773,1353,0,1353,-85,0,58,0
102,720,21.600000,43.200000,1,0,872585781,1353,0,1353,-85,0,58,0
102,720,21.600000,43.200000,1,0,872585786,1353,0,1353,-85,0,58,0
102,720,21.600000,43.200000,1,0,872585792,1353,0,1353,-86,0,58,0
102,720,21.600000,43.200000,1,0,872585797,1353,0,1353,-87,0,58,0
102,720,21.600000,43.200000,1,0,872585803,1353,0,1353,-88,0,58,0
102,720,21.600000,43.200000,1,0,872585810,1353,0,1353,-88,0,58,0
102,720,21.600000,43.200000,1,0,872585815,1353,0,1353,-88,0,58,0
102,720,21.600000,43.200000,1,0,872585823,1353,0,1353,-88,0,58,0
102,720,21.600000,43.200000,1,0,872585829,1353,0,1353,-88,0,58,0
102,720,21.600000,43.200000,1,0,872585835,1353,0,1353,-88,0,58,0
102,720,21.600000,43.200000,1,0,872585840,1353,0,1353,-88,0,58,0
102,720,21.600000,43.200000,1,0,872585845,1353,0,1353,-88,0,58,0
102,720,21.600000,43.200000,1,0,872585851,1353,0,1353,-88,0,58,0
102,720,21.600000,43.200000,1,0,872585856,1353,0,1353,-88,0,58,0
102,720,21.600000,43.200000,1,0,872585862,1353,0,1353,-88,0,58,0
102,720,21.600000,43.200000,1,0,872585867,1353,0,1353,-88,0,58,0
102,720,21.600000,43.200000,1,0,872585873,1353,0,1353,-88,0,58,0
102,720,21.600000,43.200000,1,0,872585879,1353,0,1353,-88,0,58,0
102,720,21.600000,43.200000,1,0,872585884,1353,0,1353,-88,0,58,0
102,720,21.600000,43.200000,1,0,872585890,1353,0,1353,-88,0,58,0
102,720,21.600000,43.200000,1,0,872585895,1353,0,1353,-88,0,58,0
102,720,21.600000,43.200000,1,0,872585900,1353,0,1353,-88,0,58,0
102,720,21.600000,43.200000,1,0,872585906,1353,0,1353,-88,0,58,0
102,720,21.600000,43.200000,1,0,872585912,1353,0,1353,-88,0,58,0
102,720,21.600000,43.200000,1,0,872585918,1353,0,1353,-88,0,58,0
102,720,21.600000,43.200000,1,0,872585924,1353,0,1353,-88,0,58,0
102,720,21.600000,43.200000,1,0,872585929,1353,0,1353,-88,0,58,0
102,720,21.600000,43.200000,1,0,872585934,1353,0,1353,-88,0,58,0
102,720,21.600000,43.200000,1,0,872585940,1353,0,1353,-88,0,58,0
102,720,21.600000,43.200000,1,0,872585945,1353,0,1353,-88,0,58,0
102,720,21.600000,43.200000,1,0,872585951,1353,0,1353,-88,0,58,0
102,720,21.600000,43.200000,1,0,872585956,1353,0,1353,-88,0,58,0
102,720,21.600000,43.200000,1,0,872585962,1353,0,1353,-88,0,58,0
102,720,21.600000,43.200000,1,0,872585968,1352,0,1352,-88,0,58,0
102,720,21.600000,43.200000,1,0,872585974,1351,0,1351,-89,0,58,0
102,720,21.600000,43.200000,1,0,872585979,1350,0,1350,-89,0,58,0
102,720,21.600000,43.200000,1,0,872585985,1349,0,1349,-89,0,58,0
102,720,21.600000,43.200000,1,0,872585991,1348,0,1348,-90,0,58,0
102,720,21.600000,43.200000,1,0,872585996,1345,0,1345,-90,0,58,0
102,720,21.600000,43.200000,1,0,872586001,1342,0,1342,-90,0,58,0
102,720,21.600000,43.200000,1,0,872586007,1339,0,1339,-91,0,58,0
102,720,21.600000,43.200000,1,0,872586012,1336,0,1336,-91,0,58,0
102,720,21.600000,43.200000,1,0,872586018,1334,0,1334,-92,0,58,0
102,720,21.600000,43.200000,1,0,872586023,1333,0,1333,-92,0,58,0
102,720,21.600000,43.200000,1,0,872586029,1332,0,1332,-93,0,58,0
102,720,21.600000,43.200000,1,0,872586035,1330,0,1330,-94,0,58,0
102,720,21.600000,43.200000,1,0,872586041,1329,0,1329,-95,0,58,0
102,720,21.600000,43.200000,1,0,872586046,1328,0,1328,-95,0,58,0
102,720,21.600000,43.200000,1,0,872586052,1327,0,1327,-96,0,58,0
102,720,21.600000,43.200000,1,0,872586057,1327,0,1327,-96,0,58,0
102,720,21.600000,43.200000,1,0,872586062,1326,0,1326,-96,0,58,0
102,720,21.600000,43.200000,1,0,872586068,1325,0,1325,-96,0,58,0
102,720,21.600000,43.200000,1,0,872586073,1325,0,1325,-96,0,58,0
102,720,21.600000,43.200000,1,0,872586079,1325,0,1325,-96,0,58,0
102,720,21.600000,43.200000,1,0,872586084,1325,0,1325,-96,0,58,0
102,720,21.600000,43.200000,1,0,872586090,1325,0,1325,-96,0,58,0
102,720,21.600000,43.200000,1,0,872586095,1325,0,1325,-96,0,58,0
102,720,21.600000,43.200000,1,0,872586101,1325,0,1325,-96,0,58,0
102,720,21.600000,43.200000,1,0,872586107,1325,0,1325,-96,0,58,0
102,720,21.600000,43.200000,1,0,872586112,1325,0,1325,-96,0,58,0
102,720,21.600000,43.200000,1,0,872586118,1325,0,1325,-96,0,58,0
102,720,21.600000,43.200000,1,0,872586123,1325,0,1325,-96,0,58,0
102,720,21.600000,43.200000,1,0,872586129,1325,0,1325,-96,0,58,0
102,720,21.600000,43.200000,1,0,872586134,1325,0,1325,-96,0,58,0
102,720,21.600000,43.200000,1,0,872586140,1325,0,1325,-96,0,58,0
102,720,21.600000,43.200000,1,0,872586146,1325,0,1325,-96,0,58,0
102,720,21.600000,43.200000,1,0,872586151,1325,0,1325,-96,0,58,0
102,720,21.600000,43.200000,1,0,872586157,1325,0,1325,-96,0,58,0
102,720,21.600000,43.200000,1,0,872586163,1325,0,1325,-96,0,58,0
102,720,21.600000,43.200000,1,0,872586168,1325,0,1325,-96,0,58,0
102,720,21.600000,43.200000,1,0,872586174,1325,0,1325,-96,0,58,0
102,720,21.600000,43.200000,1,0,872586179,1325,0,1325,-96,0,58,0
102,720,21.600000,43.200000,1,0,872586189,1325,0,1325,-96,0,58,0
