51,500,115.000000,10000.000000,0,0,282973253,739,0,739,0,0,1,14
51,500,115.000000,10000.000000,0,0,282973255,739,0,739,0,0,1,14
51,500,115.000000,10000.000000,0,0,282973261,739,0,739,0,0,1,14
51,500,115.000000,10000.000000,0,0,282973267,739,0,739,0,0,1,14
51,500,115.000000,10000.000000,0,0,282973274,739,0,739,0,0,1,14
51,500,115.000000,10000.000000,0,0,282973281,739,0,739,0,0,1,14
51,500,115.000000,10000.000000,0,0,282973289,739,0,739,0,0,1,14
51,500,115.000000,10000.000000,0,0,282973295,739,0,739,0,0,1,14
51,500,115.000000,10000.000000,0,0,282973302,739,0,739,0,0,1,14
51,500,115.000000,10000.000000,0,0,282973309,739,0,739,0,0,1,14
51,500,115.000000,10000.000000,0,0,282973315,739,0,739,0,0,1,14
51,500,115.000000,10000.000000,0,0,282973322,739,0,739,0,0,1,14
51,500,115.000000,10000.000000,0,0,282973336,739,0,739,0,0,1,14
51,500,115.000000,10000.000000,0,0,282973344,739,0,739,0,0,1,14
51,500,115.000000,10000.000000,0,0,282973351,739,0,739,0,0,1,14
51,500,115.000000,10000.000000,0,0,282973357,739,0,739,0,0,1,14
51,500,115.000000,10000.000000,0,0,282973367,740,0,740,0,0,1,14
51,500,115.000000,10000.000000,0,0,282973375,745,0,745,0,0,1,14
51,500,115.000000,10000.000000,0,0,282973382,751,0,751,0,0,1,14
51,500,115.000000,10000.000000,0,0,282973388,760,0,760,0,0,1,14
51,500,115.000000,10000.000000,0,0,282973394,769,0,769,-1,0,1,14
51,500,115.000000,10000.000000,0,0,282973400,778,0,778,-2,0,1,14
51,500,115.000000,10000.000000,0,0,282973406,794,0,794,-4,0,1,14
51,500,115.000000,10000.000000,0,0,282973413,809,0,809,-5,0,1,14
51,500,115.000000,10000.000000,0,0,282973420,827,0,827,-7,0,1,14
51,500,115.000000,10000.000000,0,0,282973427,854,0,854,-11,0,1,14
51,500,115.000000,10000.000000,0,0,282973434,877,0,877,-14,0,1,14
51,500,115.000000,10000.000000,0,0,282973441,900,0,900,-17,0,1,14
51,500,115.000000,10000.000000,0,0,282973447,933,0,933,-20,0,1,14
51,500,115.000000,10000.000000,0,0,282973463,959,0,959,-25,0,1,14
51,500,115.000000,10000.000000,0,0,282973472,1018,0,1018,-32,0,1,14
51,500,115.000000,10000.000000,0,0,282973480,1047,0,1047,-36,0,1,14
51,500,115.000000,10000.000000,0,0,282973487,1067,0,1067,-38,0,1,14
51,500,115.000000,10000.000000,0,0,282973493,1082,0,1082,-39,0,1,14
51,500,115.000000,10000.000000,0,0,282973499,1104,0,1104,-41,0,1,14
51,500,115.000000,10000.000000,0,0,282973505,1114,0,1114,-41,0,1,14
51,500,115.000000,10000.000000,0,0,282973511,1126,0,1126,-42,0,1,14
51,500,115.000000,10000.000000,0,0,282973517,1135,0,1135,-43,0,1,14
51,500,115.000000,10000.000000,0,0,282973524,1144,0,1144,-44,0,1,14
51,500,115.000000,10000.000000,0,0,282973531,1153,0,1153,-45,0,1,14
51,500,115.000000,10000.000000,0,0,282973538,1160,0,1160,-45,0,1,14
51,500,115.000000,10000.000000,0,0,282973545,1165,0,1165,-45,0,1,14
51,500,115.000000,10000.000000,0,0,282973552,1169,0,1169,-45,0,1,14
51,500,115.000000,10000.000000,0,0,282973559,1177,0,1177,-46,0,1,14
51,500,115.000000,10000.000000,0,0,282973565,1179,0,1179,-47,0,1,14
51,500,115.000000,10000.000000,0,0,282973573,1180,0,1180,-47,0,1,14
51,500,115.000000,10000.000000,0,0,282973581,1181,0,1181,-47,0,1,14
51,500,115.000000,10000.000000,0,0,282973586,1181,0,1181,-47,0,1,14
51,500,115.000000,10000.000000,0,0,282973593,1181,0,1181,-47,0,1,14
51,500,115.000000,10000.000000,0,0,282973600,1181,0,1181,-47,0,1,14
51,500,115.000000,10000.000000,0,0,282973607,1181,0,1181,-47,0,1,14
51,500,115.000000,10000.000000,0,0,282973614,1181,0,1181,-47,0,1,14
51,500,115.000000,10000.000000,0,0,282973621,1181,0,1181,-47,0,1,14
51,500,115.000000,10000.000000,0,0,282973628,1181,0,1181,-47,0,1,14
51,500,115.000000,10000.000000,0,0,282973635,1181,0,1181,-47,0,1,14
51,500,115.000000,10000.000000,0,0,282973642,1181,0,1181,-47,0,1,14
51,500,115.000000,10000.000000,0,0,282973649,1181,0,1181,-47,0,1,14
51,500,115.000000,10000.000000,0,0,282973656,1181,0,1181,-47,0,1,14
51,500,115.000000,10000.000000,0,0,282973663,1181,0,1181,-47,0,1,14
51,500,115.000000,10000.000000,0,0,282973670,1181,0,1181,-47,0,1,14
51,500,115.000000,10000.000000,0,0,282973677,1183,0,1183,-47,0,1,14
51,500,115.000000,10000.000000,0,0,282973684,1184,0,1184,-47,0,1,14
51,500,115.000000,10000.000000,0,0,282973690,1185,0,1185,-47,0,1,14
51,500,115.000000,10000.000000,0,0,282973697,1186,0,1186,-47,0,1,14
51,500,115.000000,10000.000000,0,0,282973713,1186,0,1186,-47,0,1,14
51,500,115.000000,10000.000000,0,0,282973739,1186,0,1186,-47,0,1,14
