51,1000,115.000000,60.000000,0,0,283446634,444,4,444,4,0,12,5
51,1000,115.000000,60.000000,0,0,283446638,444,4,444,4,0,12,5
51,1000,115.000000,60.000000,0,0,283446647,444,4,444,4,0,12,5
51,1000,115.000000,60.000000,0,0,283446655,444,4,444,4,0,12,5
51,1000,115.000000,60.000000,0,0,283446661,444,4,444,4,0,12,5
51,1000,115.000000,60.000000,0,0,283446668,444,4,444,4,0,12,5
51,1000,115.000000,60.000000,0,0,283446674,444,4,444,4,0,12,5
51,1000,115.000000,60.000000,0,0,283446679,444,4,444,4,0,12,5
51,1000,115.000000,60.000000,0,0,283446686,444,3,444,3,0,12,5
51,1000,115.000000,60.000000,0,0,283446692,444,2,444,2,0,12,5
51,1000,115.000000,60.000000,0,0,283446699,444,1,444,1,0,12,5
51,1000,115.000000,60.000000,0,0,283446707,446,0,446,0,0,12,5
51,1000,115.000000,60.000000,0,0,283446713,452,0,452,-2,0,12,5
51,1000,115.000000,60.000000,0,0,283446720,462,0,462,-4,0,12,5
51,1000,115.000000,60.000000,0,0,283446727,475,0,475,-7,0,12,5
51,1000,115.000000,60.000000,0,0,283446734,496,0,496,-11,0,12,5
51,1000,115.000000,60.000000,0,0,283446740,522,0,522,-17,0,12,5
51,1000,115.000000,60.000000,0,0,283446747,552,0,552,-22,0,12,5
51,1000,115.000000,60.000000,0,0,283446757,597,0,597,-28,0,12,5
51,1000,115.000000,60.000000,0,0,283446765,653,0,653,-35,0,12,5
51,1000,115.000000,60.000000,0,0,283446771,709,0,709,-42,0,12,5
51,1000,115.000000,60.000000,0,0,283446777,746,0,746,-46,0,12,5
51,1000,115.000000,60.000000,0,0,283446785,800,0,800,-55,0,12,5
51,1000,115.000000,60.000000,0,0,283446791,900,0,900,-72,0,12,5
51,1000,115.000000,60.000000,0,0,283446797,955,0,955,-83,0,12,5
51,1000,115.000000,60.000000,0,0,283446804,1019,0,1019,-95,0,12,5
51,1000,115.000000,60.000000,0,0,283446810,1117,0,1117,-115,0,12,5
51,1000,115.000000,60.000000,0,0,283446817,1181,0,1181,-128,0,12,5
51,1000,115.000000,60.000000,0,0,283446824,1277,0,1277,-149,0,12,5
51,1000,115.000000,60.000000,0,0,283446831,1346,0,1346,-167,0,12,5
51,1000,115.000000,60.000000,0,0,283446838,1415,0,1415,-186,0,12,5
51,1000,115.000000,60.000000,0,0,283446845,1467,0,1467,-200,0,12,5
51,1000,115.000000,60.000000,0,0,283446851,1513,0,1513,-212,0,12,5
51,1000,115.000000,60.000000,0,0,283446859,1541,0,1541,-220,0,12,5
51,1000,115.000000,60.000000,0,0,283446865,1558,0,1558,-225,0,12,5
51,1000,115.000000,60.000000,0,0,283446872,1566,0,1566,-227,0,12,5
51,1000,115.000000,60.000000,0,0,283446888,1568,0,1568,-228,0,12,5
51,1000,115.000000,60.000000,0,0,283446897,1565,0,1565,-229,0,12,5
51,1000,115.000000,60.000000,0,0,283446906,1558,0,1558,-230,0,12,5
51,1000,115.000000,60.000000,0,0,283446912,1552,0,1552,-230,0,12,5
51,1000,115.000000,60.000000,0,0,283446928,1547,1,1547,-229,0,12,5
51,1000,115.000000,60.000000,0,0,283446938,1536,1,1536,-229,0,12,5
51,1000,115.000000,60.000000,0,0,283446945,1531,1,1531,-229,0,12,5
51,1000,115.000000,60.000000,0,0,283446952,1529,1,1529,-229,0,12,5
51,1000,115.000000,60.000000,0,0,283446958,1528,1,1528,-229,0,12,5
51,1000,115.000000,60.000000,0,0,283446964,1528,1,1528,-229,0,12,5
51,1000,115.000000,60.000000,0,0,283446970,1528,1,1528,-229,0,12,5
51,1000,115.000000,60.000000,0,0,283446977,1528,1,1528,-229,0,12,5
51,1000,115.000000,60.000000,0,0,283446983,1528,1,1528,-229,0,12,5
51,1000,115.000000,60.000000,0,0,283446990,1528,1,1528,-229,0,12,5
51,1000,115.000000,60.000000,0,0,283446997,1528,1,1528,-229,0,12,5
51,1000,115.000000,60.000000,0,0,283447013,1528,1,1528,-229,0,12,5
51,1000,115.000000,60.000000,0,0,283447022,1527,1,1527,-229,0,12,5
51,1000,115.000000,60.000000,0,0,283447030,1524,1,1524,-229,0,12,5
51,1000,115.000000,60.000000,0,0,283447036,1520,1,1520,-229,0,12,5
51,1000,115.000000,60.000000,0,0,283447043,1515,0,1515,-230,0,12,5
51,1000,115.000000,60.000000,0,0,283447049,1508,0,1508,-230,0,12,5
51,1000,115.000000,60.000000,0,0,283447055,1502,0,1502,-230,0,12,5
51,1000,115.000000,60.000000,0,0,283447061,1496,0,1496,-230,0,12,5
51,1000,115.000000,60.000000,0,0,283447067,1491,0,1491,-230,0,12,5
51,1000,115.000000,60.000000,0,0,283447074,1487,0,1487,-231,0,12,5
51,1000,115.000000,60.000000,0,0,283447081,1484,0,1484,-231,0,12,5
51,1000,115.000000,60.000000,0,0,283447088,1482,0,1482,-232,0,12,5
51,1000,115.000000,60.000000,0,0,283447095,1482,0,1482,-233,0,12,5
51,1000,115.000000,60.000000,0,0,283447102,1481,0,1481,-233,0,12,5
51,1000,115.000000,60.000000,0,0,283447108,1481,0,1481,-234,0,12,5
51,1000,115.000000,60.000000,0,0,283447115,1481,0,1481,-235,0,12,5
51,1000,115.000000,60.000000,0,0,283447122,1480,0,1480,-236,0,12,5
51,1000,115.000000,60.000000,0,0,283447138,1479,0,1479,-236,0,12,5
51,1000,115.000000,60.000000,0,0,283447147,1479,0,1479,-237,0,12,5
51,1000,115.000000,60.000000,0,0,283447155,1479,0,1479,-237,0,12,5
51,1000,115.000000,60.000000,0,0,283447161,1478,0,1478,-237,0,12,5
51,1000,115.000000,60.000000,0,0,283447168,1478,0,1478,-237,0,12,5
51,1000,115.000000,60.000000,0,0,283447174,1477,0,1477,-237,0,12,5
51,1000,115.000000,60.000000,0,0,283447180,1477,0,1477,-237,0,12,5
51,1000,115.000000,60.000000,0,0,283447186,1477,0,1477,-237,0,12,5
51,1000,115.000000,60.000000,0,0,283447192,1477,0,1477,-237,0,12,5
51,1000,115.000000,60.000000,0,0,283447199,1477,0,1477,-237,0,12,5
51,1000,115.000000,60.000000,0,0,283447206,1477,0,1477,-237,0,12,5
51,1000,115.000000,60.000000,0,0,283447213,1477,0,1477,-237,0,12,5
51,1000,115.000000,60.000000,0,0,283447236,1477,0,1477,-237,0,12,5
