51,500,115.000000,90.000000,1,0,283933420,705,14,705,14,0,24,13
51,500,115.000000,90.000000,1,0,283933422,705,14,705,14,0,24,13
51,500,115.000000,90.000000,1,0,283933428,706,14,706,14,0,24,13
51,500,115.000000,90.000000,1,0,283933435,707,14,707,14,0,24,13
51,500,115.000000,90.000000,1,0,283933441,708,14,708,14,0,24,13
51,500,115.000000,90.000000,1,0,283933448,708,14,708,14,0,24,13
51,500,115.000000,90.000000,1,0,283933455,708,15,708,15,0,24,13
51,500,115.000000,90.000000,1,0,283933462,709,16,709,16,0,24,13
51,500,115.000000,90.000000,1,0,283933469,710,18,710,18,0,24,13
51,500,115.000000,90.000000,1,0,283933476,712,20,712,20,0,24,13
51,500,115.000000,90.000000,1,0,283933482,716,23,716,23,0,24,13
51,500,115.000000,90.000000,1,0,283933490,722,26,722,26,0,24,13
51,500,115.000000,90.000000,1,0,283933497,734,30,734,30,0,24,13
51,500,115.000000,90.000000,1,0,283933503,749,34,749,34,0,24,13
51,500,115.000000,90.000000,1,0,283933510,769,38,769,38,0,24,13
51,500,115.000000,90.000000,1,0,283933517,798,43,798,43,0,24,13
51,500,115.000000,90.000000,1,0,283933524,831,49,831,49,0,24,13
51,500,115.000000,90.000000,1,0,283933531,871,55,871,55,0,24,13
51,500,115.000000,90.000000,1,0,283933538,901,58,901,58,0,24,13
51,500,115.000000,90.000000,1,0,283933545,945,62,945,62,0,24,13
51,500,115.000000,90.000000,1,0,283933552,980,65,980,65,0,24,13
51,500,115.000000,90.000000,1,0,283933567,1009,66,1009,66,0,24,13
51,500,115.000000,90.000000,1,0,283933577,1076,67,1076,67,0,24,13
51,500,115.000000,90.000000,1,0,283933584,1117,64,1117,64,0,24,13
51,500,115.000000,90.000000,1,0,283933591,1154,59,1154,59,0,24,13
51,500,115.000000,90.000000,1,0,283933598,1176,55,1176,55,0,24,13
51,500,115.000000,90.000000,1,0,283933604,1194,51,1194,51,0,24,13
51,500,115.000000,90.000000,1,0,283933610,1209,47,1209,47,0,24,13
51,500,115.000000,90.000000,1,0,283933616,1221,42,1221,42,0,24,13
51,500,115.000000,90.000000,1,0,283933622,1230,38,1230,38,0,24,13
51,500,115.000000,90.000000,1,0,283933628,1240,31,1240,31,0,24,13
51,500,115.000000,90.000000,1,0,283933636,1246,26,1246,26,0,24,13
51,500,115.000000,90.000000,1,0,283933642,1252,21,1252,21,0,24,13
51,500,115.000000,90.000000,1,0,283933649,1255,16,1255,16,0,24,13
51,500,115.000000,90.000000,1,0,283933656,1257,11,1257,11,0,24,13
51,500,115.000000,90.000000,1,0,283933663,1257,7,1257,7,0,24,13
51,500,115.000000,90.000000,1,0,283933671,1257,4,1257,4,0,24,13
51,500,115.000000,90.000000,1,0,283933678,1256,0,1256,0,0,24,13
51,500,115.000000,90.000000,1,0,283933684,1255,0,1255,-3,0,24,13
51,500,115.000000,90.000000,1,0,283933692,1254,0,1254,-5,0,24,13
51,500,115.000000,90.000000,1,0,283933698,1253,0,1253,-8,0,24,13
51,500,115.000000,90.000000,1,0,283933705,1253,0,1253,-10,0,24,13
51,500,115.000000,90.000000,1,0,283933712,1253,0,1253,-11,0,24,13
51,500,115.000000,90.000000,1,0,283933719,1253,0,1253,-12,0,24,13
51,500,115.000000,90.000000,1,0,283933726,1253,0,1253,-13,0,24,13
51,500,115.000000,90.000000,1,0,283933733,1253,0,1253,-14,0,24,13
51,500,115.000000,90.000000,1,0,283933740,1253,0,1253,-14,0,24,13
51,500,115.000000,90.000000,1,0,283933747,1253,0,1253,-14,0,24,13
51,500,115.000000,90.000000,1,0,283933754,1253,0,1253,-14,0,24,13
51,500,115.000000,90.000000,1,0,283933761,1253,0,1253,-14,0,24,13
51,500,115.000000,90.000000,1,0,283933767,1252,0,1252,-14,0,24,13
51,500,115.000000,90.000000,1,0,283933775,1250,0,1250,-14,0,24,13
51,500,115.000000,90.000000,1,0,283933782,1247,0,1247,-14,0,24,13
51,500,115.000000,90.000000,1,0,283933789,1243,0,1243,-14,0,24,13
51,500,115.000000,90.000000,1,0,283933795,1240,0,1240,-14,0,24,13
51,500,115.000000,90.000000,1,0,283933802,1237,0,1237,-14,0,24,13
51,500,115.000000,90.000000,1,0,283933818,1233,1,1233,-13,0,24,13
51,500,115.000000,90.000000,1,0,283933828,1231,2,1231,-12,0,24,13
51,500,115.000000,90.000000,1,0,283933835,1231,2,1231,-12,0,24,13
51,500,115.000000,90.000000,1,0,283933842,1231,2,1231,-12,0,24,13
51,500,115.000000,90.000000,1,0,283933848,1231,2,1231,-12,0,24,13
51,500,115.000000,90.000000,1,0,283933854,1231,2,1231,-12,0,24,13
51,500,115.000000,90.000000,1,0,283933860,1231,2,1231,-12,0,24,13
51,500,115.000000,90.000000,1,0,283933866,1231,2,1231,-12,0,24,13
51,500,115.000000,90.000000,1,0,283933873,1231,2,1231,-12,0,24,13
51,500,115.000000,90.000000,1,0,283933879,1230,2,1230,-12,0,24,13
51,500,115.000000,90.000000,1,0,283933885,1229,2,1229,-12,0,24,13
51,500,115.000000,90.000000,1,0,283933892,1229,2,1229,-12,0,24,13
51,500,115.000000,90.000000,1,0,283933917,1229,2,1229,-12,0,24,13
