51,1000,115.000000,30.000000,1,0,283848570,492,3,492,3,0,21,10
51,1000,115.000000,30.000000,1,0,283848572,492,3,492,3,0,21,10
51,1000,115.000000,30.000000,1,0,283848579,492,3,492,3,0,21,10
51,1000,115.000000,30.000000,1,0,283848585,492,3,492,3,0,21,10
51,1000,115.000000,30.000000,1,0,283848592,492,3,492,3,0,21,10
51,1000,115.000000,30.000000,1,0,283848598,493,3,493,3,0,21,10
51,1000,115.000000,30.000000,1,0,283848604,495,3,495,3,0,21,10
51,1000,115.000000,30.000000,1,0,283848611,497,3,497,3,0,21,10
51,1000,115.000000,30.000000,1,0,283848617,501,3,501,3,0,21,10
51,1000,115.000000,30.000000,1,0,283848624,505,3,505,3,0,21,10
51,1000,115.000000,30.000000,1,0,283848630,509,4,509,4,0,21,10
51,1000,115.000000,30.000000,1,0,283848638,515,5,515,5,0,21,10
51,1000,115.000000,30.000000,1,0,283848644,522,6,522,6,0,21,10
51,1000,115.000000,30.000000,1,0,283848651,534,10,534,10,0,21,10
51,1000,115.000000,30.000000,1,0,283848658,546,13,546,13,0,21,10
51,1000,115.000000,30.000000,1,0,283848665,566,18,566,18,0,21,10
51,1000,115.000000,30.000000,1,0,283848672,602,27,602,27,0,21,10
51,1000,115.000000,30.000000,1,0,283848686,642,38,642,38,0,21,10
51,1000,115.000000,30.000000,1,0,283848697,729,58,729,58,0,21,10
51,1000,115.000000,30.000000,1,0,283848704,807,72,807,72,0,21,10
51,1000,115.000000,30.000000,1,0,283848711,885,83,885,83,0,21,10
51,1000,115.000000,30.000000,1,0,283848717,941,89,941,89,0,21,10
51,1000,115.000000,30.000000,1,0,283848724,992,93,992,93,0,21,10
51,1000,115.000000,30.000000,1,0,283848730,1044,97,1044,97,0,21,10
51,1000,115.000000,30.000000,1,0,283848737,1092,98,1092,98,0,21,10
51,1000,115.000000,30.000000,1,0,283848743,1132,98,1132,98,0,21,10
51,1000,115.000000,30.000000,1,0,283848749,1159,98,1159,98,0,21,10
51,1000,115.000000,30.000000,1,0,283848756,1196,98,1196,98,0,21,10
51,1000,115.000000,30.000000,1,0,283848762,1236,95,1236,95,0,21,10
51,1000,115.000000,30.000000,1,0,283848769,1273,90,1273,90,0,21,10
51,1000,115.000000,30.000000,1,0,283848776,1304,83,1304,83,0,21,10
51,1000,115.000000,30.000000,1,0,283848783,1340,72,1340,72,0,21,10
51,1000,115.000000,30.000000,1,0,283848790,1412,50,1412,50,0,21,10
51,1000,115.000000,30.000000,1,0,283848797,1437,40,1437,40,0,21,10
51,1000,115.000000,30.000000,1,0,283848813,1463,28,1463,28,0,21,10
51,1000,115.000000,30.000000,1,0,283848822,1511,1,1511,1,0,21,10
51,1000,115.000000,30.000000,1,0,283848830,1529,0,1529,-12,0,21,10
51,1000,115.000000,30.000000,1,0,283848836,1539,0,1539,-21,0,21,10
51,1000,115.000000,30.000000,1,0,283848843,1546,0,1546,-29,0,21,10
51,1000,115.000000,30.000000,1,0,283848850,1551,0,1551,-36,0,21,10
51,1000,115.000000,30.000000,1,0,283848856,1553,0,1553,-41,0,21,10
51,1000,115.000000,30.000000,1,0,283848862,1554,0,1554,-44,0,21,10
51,1000,115.000000,30.000000,1,0,283848868,1554,0,1554,-46,0,21,10
51,1000,115.000000,30.000000,1,0,283848874,1554,0,1554,-48,0,21,10
51,1000,115.000000,30.000000,1,0,283848881,1553,0,1553,-49,0,21,10
51,1000,115.000000,30.000000,1,0,283848887,1552,0,1552,-50,0,21,10
51,1000,115.000000,30.000000,1,0,283848895,1551,0,1551,-50,0,21,10
51,1000,115.000000,30.000000,1,0,283848901,1551,0,1551,-51,0,21,10
51,1000,115.000000,30.000000,1,0,283848908,1551,0,1551,-52,0,21,10
51,1000,115.000000,30.000000,1,0,283848915,1550,0,1550,-52,0,21,10
51,1000,115.000000,30.000000,1,0,283848922,1550,0,1550,-52,0,21,10
51,1000,115.000000,30.000000,1,0,283848938,1550,0,1550,-52,0,21,10
51,1000,115.000000,30.000000,1,0,283848947,1550,0,1550,-52,0,21,10
51,1000,115.000000,30.000000,1,0,283848955,1550,0,1550,-52,0,21,10
51,1000,115.000000,30.000000,1,0,283848962,1550,0,1550,-52,0,21,10
51,1000,115.000000,30.000000,1,0,283848968,1550,0,1550,-52,0,21,10
51,1000,115.000000,30.000000,1,0,283848974,1550,0,1550,-52,0,21,10
51,1000,115.000000,30.000000,1,0,283848980,1550,0,1550,-52,0,21,10
51,1000,115.000000,30.000000,1,0,283848986,1550,0,1550,-52,0,21,10
51,1000,115.000000,30.000000,1,0,283848992,1550,0,1550,-52,0,21,10
51,1000,115.000000,30.000000,1,0,283848998,1550,0,1550,-52,0,21,10
51,1000,115.000000,30.000000,1,0,283849005,1550,0,1550,-52,0,21,10
51,1000,115.000000,30.000000,1,0,283849012,1550,0,1550,-52,0,21,10
51,1000,115.000000,30.000000,1,0,283849019,1549,0,1549,-52,0,21,10
51,1000,115.000000,30.000000,1,0,283849026,1548,0,1548,-52,0,21,10
51,1000,115.000000,30.000000,1,0,283849033,1546,0,1546,-52,0,21,10
51,1000,115.000000,30.000000,1,0,283849040,1544,0,1544,-52,0,21,10
51,1000,115.000000,30.000000,1,0,283849048,1541,0,1541,-52,0,21,10
51,1000,115.000000,30.000000,1,0,283849054,1536,0,1536,-52,0,21,10
51,1000,115.000000,30.000000,1,0,283849062,1528,2,1528,-50,0,21,10
51,1000,115.000000,30.000000,1,0,283849070,1518,3,1518,-49,0,21,10
51,1000,115.000000,30.000000,1,0,283849077,1504,4,1504,-48,0,21,10
51,1000,115.000000,30.000000,1,0,283849083,1489,5,1489,-47,0,21,10
51,1000,115.000000,30.000000,1,0,283849089,1483,5,1483,-47,0,21,10
51,1000,115.000000,30.000000,1,0,283849096,1474,5,1474,-47,0,21,10
51,1000,115.000000,30.000000,1,0,283849104,1470,5,1470,-47,0,21,10
51,1000,115.000000,30.000000,1,0,283849110,1465,5,1465,-47,0,21,10
51,1000,115.000000,30.000000,1,0,283849116,1464,5,1464,-47,0,21,10
51,1000,115.000000,30.000000,1,0,283849124,1463,5,1463,-47,0,21,10
51,1000,115.000000,30.000000,1,0,283849130,1461,5,1461,-47,0,21,10
51,1000,115.000000,30.000000,1,0,283849137,1460,5,1460,-47,0,21,10
51,1000,115.000000,30.000000,1,0,283849144,1459,5,1459,-47,0,21,10
51,1000,115.000000,30.000000,1,0,283849151,1458,5,1458,-47,0,21,10
51,1000,115.000000,30.000000,1,0,283849158,1457,5,1457,-47,0,21,10
51,1000,115.000000,30.000000,1,0,283849182,1456,5,1456,-47,0,21,10
