51,1000,115.000000,60.000000,1,0,166526,461,17,461,17,0,37,12
51,1000,115.000000,60.000000,1,0,166528,461,17,461,17,0,37,12
51,1000,115.000000,60.000000,1,0,166535,461,17,461,17,0,37,12
51,1000,115.000000,60.000000,1,0,166541,461,17,461,17,0,37,12
51,1000,115.000000,60.000000,1,0,166548,461,18,461,18,0,37,12
51,1000,115.000000,60.000000,1,0,166554,461,18,461,18,0,37,12
51,1000,115.000000,60.000000,1,0,166560,461,19,461,19,0,37,12
51,1000,115.000000,60.000000,1,0,166566,461,20,461,20,0,37,12
51,1000,115.000000,60.000000,1,0,166573,461,22,461,22,0,37,12
51,1000,115.000000,60.000000,1,0,166580,461,24,461,24,0,37,12
51,1000,115.000000,60.000000,1,0,166586,463,26,463,26,0,37,12
51,1000,115.000000,60.000000,1,0,166594,465,30,465,30,0,37,12
51,1000,115.000000,60.000000,1,0,166601,472,37,472,37,0,37,12
51,1000,115.000000,60.000000,1,0,166607,480,43,480,43,0,37,12
51,1000,115.000000,60.000000,1,0,166614,490,50,490,50,0,37,12
51,1000,115.000000,60.000000,1,0,166622,513,62,513,62,0,37,12
51,1000,115.000000,60.000000,1,0,166628,537,72,537,72,0,37,12
51,1000,115.000000,60.000000,1,0,166635,565,84,565,84,0,37,12
51,1000,115.000000,60.000000,1,0,166642,607,98,607,98,0,37,12
51,1000,115.000000,60.000000,1,0,166649,657,113,657,113,0,37,12
51,1000,115.000000,60.000000,1,0,166656,697,125,697,125,0,37,12
51,1000,115.000000,60.000000,1,0,166663,743,136,743,136,0,37,12
51,1000,115.000000,60.000000,1,0,166670,784,143,784,143,0,37,12
51,1000,115.000000,60.000000,1,0,166677,829,150,829,150,0,37,12
51,1000,115.000000,60.000000,1,0,166684,870,154,870,154,0,37,12
51,1000,115.000000,60.000000,1,0,166692,904,156,904,156,0,37,12
51,1000,115.000000,60.000000,1,0,166698,943,157,943,157,0,37,12
51,1000,115.000000,60.000000,1,0,166705,986,157,986,157,0,37,12
51,1000,115.000000,60.000000,1,0,166711,1025,154,1025,154,0,37,12
51,1000,115.000000,60.000000,1,0,166718,1070,148,1070,148,0,37,12
51,1000,115.000000,60.000000,1,0,166734,1121,139,1121,139,0,37,12
51,1000,115.000000,60.000000,1,0,166743,1241,110,1241,110,0,37,12
51,1000,115.000000,60.000000,1,0,166751,1302,90,1302,90,0,37,12
51,1000,115.000000,60.000000,1,0,166757,1351,72,1351,72,0,37,12
51,1000,115.000000,60.000000,1,0,166764,1388,58,1388,58,0,37,12
51,1000,115.000000,60.000000,1,0,166770,1416,47,1416,47,0,37,12
51,1000,115.000000,60.000000,1,0,166775,1446,34,1446,34,0,37,12
51,1000,115.000000,60.000000,1,0,166782,1460,27,1460,27,0,37,12
51,1000,115.000000,60.000000,1,0,166788,1479,17,1479,17,0,37,12
51,1000,115.000000,60.000000,1,0,166795,1494,8,1494,8,0,37,12
51,1000,115.000000,60.000000,1,0,166803,1504,0,1504,0,0,37,12
51,1000,115.000000,60.000000,1,0,166810,1511,0,1511,-5,0,37,12
51,1000,115.000000,60.000000,1,0,166816,1516,0,1516,-11,0,37,12
51,1000,115.000000,60.000000,1,0,166823,1518,0,1518,-14,0,37,12
51,1000,115.000000,60.000000,1,0,166830,1518,0,1518,-16,0,37,12
51,1000,115.000000,60.000000,1,0,166836,1518,0,1518,-19,0,37,12
51,1000,115.000000,60.000000,1,0,166843,1517,0,1517,-21,0,37,12
51,1000,115.000000,60.000000,1,0,166850,1514,0,1514,-22,0,37,12
51,1000,115.000000,60.000000,1,0,166857,1507,0,1507,-24,0,37,12
51,1000,115.000000,60.000000,1,0,166864,1506,0,1506,-25,0,37,12
51,1000,115.000000,60.000000,1,0,166871,1504,0,1504,-25,0,37,12
51,1000,115.000000,60.000000,1,0,166878,1503,0,1503,-25,0,37,12
51,1000,115.000000,60.000000,1,0,166894,1502,0,1502,-25,0,37,12
51,1000,115.000000,60.000000,1,0,166903,1501,0,1501,-25,0,37,12
51,1000,115.000000,60.000000,1,0,166910,1501,0,1501,-25,0,37,12
51,1000,115.000000,60.000000,1,0,166917,1501,0,1501,-25,0,37,12
51,1000,115.000000,60.000000,1,0,166923,1501,0,1501,-25,0,37,12
51,1000,115.000000,60.000000,1,0,166929,1501,0,1501,-25,0,37,12
51,1000,115.000000,60.000000,1,0,166935,1501,0,1501,-25,0,37,12
51,1000,115.000000,60.000000,1,0,166942,1501,0,1501,-25,0,37,12
51,1000,115.000000,60.000000,1,0,166949,1501,0,1501,-25,0,37,12
51,1000,115.000000,60.000000,1,0,166956,1501,0,1501,-25,0,37,12
51,1000,115.000000,60.000000,1,0,166963,1501,0,1501,-26,0,37,12
51,1000,115.000000,60.000000,1,0,166970,1500,0,1500,-26,0,37,12
51,1000,115.000000,60.000000,1,0,166979,1499,0,1499,-26,0,37,12
51,1000,115.000000,60.000000,1,0,166985,1497,0,1497,-27,0,37,12
51,1000,115.000000,60.000000,1,0,166991,1495,0,1495,-27,0,37,12
51,1000,115.000000,60.000000,1,0,166997,1494,0,1494,-27,0,37,12
51,1000,115.000000,60.000000,1,0,167003,1493,0,1493,-27,0,37,12
51,1000,115.000000,60.000000,1,0,167011,1491,0,1491,-27,0,37,12
51,1000,115.000000,60.000000,1,0,167017,1490,0,1490,-27,0,37,12
51,1000,115.000000,60.000000,1,0,167040,1490,0,1490,-27,0,37,12
