51,500,30.000000,30.000000,2,0,489846,710,19,710,19,0,47,0
51,500,30.000000,30.000000,2,0,489847,710,19,710,19,0,47,0
51,500,30.000000,30.000000,2,0,489854,710,19,710,19,0,47,0
51,500,30.000000,30.000000,2,0,489861,710,19,710,19,0,47,0
51,500,30.000000,30.000000,2,0,489868,710,19,710,19,0,47,0
51,500,30.000000,30.000000,2,0,489875,710,19,710,19,0,47,0
51,500,30.000000,30.000000,2,0,489882,710,19,710,19,0,47,0
51,500,30.000000,30.000000,2,0,489889,710,19,710,19,0,47,0
51,500,30.000000,30.000000,2,0,489895,710,19,710,19,0,47,0
51,500,30.000000,30.000000,2,0,489911,710,19,710,19,0,47,0
51,0.500000,30.000000,30.000000,2,0,489918,716,22,716,22,0,47,0
51,0.333333,30.000000,30.000000,2,0,489925,725,25,725,25,0,47,0
51,0.272727,30.000000,30.000000,2,0,489932,736,28,736,28,0,47,0
51,0.307692,30.000000,30.000000,2,0,489939,749,32,749,32,0,47,0
51,0.400000,30.000000,30.000000,2,0,489945,764,38,764,38,0,47,0
51,0.352941,30.000000,30.000000,2,0,489952,781,44,781,44,0,47,0
51,0.391304,30.000000,30.000000,2,0,489958,804,53,804,53,0,47,0
51,0.392857,30.000000,30.000000,2,0,489966,832,64,832,64,0,47,0
51,0.333333,30.000000,30.000000,2,0,489972,859,73,859,73,0,47,0
51,0.260870,30.000000,30.000000,2,0,489980,882,79,882,79,0,47,0
51,0.285714,30.000000,30.000000,2,0,489986,924,91,924,91,0,47,0
51,0.208333,30.000000,30.000000,2,0,489993,948,96,948,96,0,47,0
51,0.166667,30.000000,30.000000,2,0,490000,978,101,978,101,0,47,0
51,0.096774,30.000000,30.000000,2,0,490007,1009,104,1009,104,0,47,0
51,0.034483,30.000000,30.000000,2,0,490013,1038,105,1038,105,0,47,0
51,-0.037037,30.000000,30.000000,2,0,490020,1065,104,1065,104,0,47,0
51,-0.142857,30.000000,30.000000,2,0,490027,1086,101,1086,101,0,47,0
51,-0.291667,30.000000,30.000000,2,0,490034,1110,94,1110,94,0,47,0
51,-0.421053,30.000000,30.000000,2,0,490041,1129,86,1129,86,0,47,0
51,-0.666667,30.000000,30.000000,2,0,490049,1147,74,1147,74,0,47,0
51,-0.933333,30.000000,30.000000,2,0,490055,1162,60,1162,60,0,47,0
51,-1.250000,30.000000,30.000000,2,0,490063,1174,45,1174,45,0,47,0
51,-1.666667,30.000000,30.000000,2,0,490069,1186,25,1186,25,0,47,0
51,-2.400000,30.000000,30.000000,2,0,490076,1191,13,1191,13,0,47,0
51,-3.250000,30.000000,30.000000,2,0,490083,1195,0,1195,-2,0,47,0
51,500,30.000000,30.000000,2,0,490090,1197,0,1197,-17,0,47,0
51,500,30.000000,30.000000,2,0,490097,1197,0,1197,-29,0,47,0
51,500,30.000000,30.000000,2,0,490104,1195,0,1195,-38,0,47,0
51,500,30.000000,30.000000,2,0,490111,1190,0,1190,-52,0,47,0
51,500,30.000000,30.000000,2,0,490118,1187,0,1187,-59,0,47,0
51,500,30.000000,30.000000,2,0,490125,1185,0,1185,-65,0,47,0
51,500,30.000000,30.000000,2,0,490131,1184,0,1184,-69,0,47,0
51,500,30.000000,30.000000,2,0,490138,1184,0,1184,-72,0,47,0
51,500,30.000000,30.000000,2,0,490145,1184,0,1184,-72,0,47,0
51,500,30.000000,30.000000,2,0,490161,1184,0,1184,-73,0,47,0
51,500,30.000000,30.000000,2,0,490170,1184,0,1184,-73,0,47,0
51,0.500000,30.000000,30.000000,2,0,490178,1186,1,1186,-72,0,47,0
51,2.000000,30.000000,30.000000,2,0,490184,1187,3,1187,-70,0,47,0
51,2.000000,30.000000,30.000000,2,0,490191,1188,5,1188,-68,0,47,0
51,1.000000,30.000000,30.000000,2,0,490197,1189,6,1189,-67,0,47,0
51,500,30.000000,30.000000,2,0,490203,1189,7,1189,-66,0,47,0
51,500,30.000000,30.000000,2,0,490209,1189,8,1189,-65,0,47,0
51,500,30.000000,30.000000,2,0,490215,1189,9,1189,-64,0,47,0
51,500,30.000000,30.000000,2,0,490222,1189,11,1189,-62,0,47,0
51,500,30.000000,30.000000,2,0,490229,1189,12,1189,-61,0,47,0
51,500,30.000000,30.000000,2,0,490236,1189,13,1189,-60,0,47,0
51,500,30.000000,30.000000,2,0,490243,1189,14,1189,-59,0,47,0
51,500,30.000000,30.000000,2,0,490250,1189,15,1189,-58,0,47,0
51,500,30.000000,30.000000,2,0,490257,1189,16,1189,-57,0,47,0
51,1.000000,30.000000,30.000000,2,0,490264,1190,17,1190,-56,0,47,0
51,0.500000,30.000000,30.000000,2,0,490270,1192,18,1192,-55,0,47,0
51,500,30.000000,30.000000,2,0,490277,1194,18,1194,-55,0,47,0
51,0.500000,30.000000,30.000000,2,0,490284,1196,19,1196,-54,0,47,0
51,500,30.000000,30.000000,2,0,490291,1197,19,1197,-54,0,47,0
51,500,30.000000,30.000000,2,0,490298,1198,19,1198,-54,0,47,0
51,500,30.000000,30.000000,2,0,490305,1199,19,1199,-54,0,47,0
51,500,30.000000,30.000000,2,0,490312,1200,19,1200,-54,0,47,0
51,500,30.000000,30.000000,2,0,490319,1202,19,1202,-54,0,47,0
51,500,30.000000,30.000000,2,0,490326,1204,19,1204,-54,0,47,0
51,500,30.000000,30.000000,2,0,490333,1205,19,1205,-54,0,47,0
51,500,30.000000,30.000000,2,0,490340,1206,19,1206,-54,0,47,0
51,500,30.000000,30.000000,2,0,490347,1206,19,1206,-54,0,47,0
51,500,30.000000,30.000000,2,0,490354,1206,19,1206,-54,0,47,0
51,500,30.000000,30.000000,2,0,490361,1207,19,1207,-54,0,47,0
51,500,30.000000,30.000000,2,0,490376,1208,19,1208,-54,0,47,0
51,-0.500000,30.000000,30.000000,2,0,490385,1210,18,1210,-55,0,47,0
51,-1.000000,30.000000,30.000000,2,0,490393,1211,17,1211,-56,0,47,0
51,500,30.000000,30.000000,2,0,490399,1211,17,1211,-56,0,47,0
51,500,30.000000,30.000000,2,0,490405,1211,17,1211,-56,0,47,0
51,500,30.000000,30.000000,2,0,490411,1212,17,1212,-56,0,47,0
51,500,30.000000,30.000000,2,0,490417,1212,17,1212,-56,0,47,0
51,500,30.000000,30.000000,2,0,490423,1213,17,1213,-56,0,47,0
51,500,30.000000,30.000000,2,0,490430,1214,17,1214,-56,0,47,0
51,-1.000000,30.000000,30.000000,2,0,490460,1215,16,1215,-57,0,47,0
