51,1.000000,115.000000,60.000000,2,0,444500,440,7.600000,440,7.600000,0,45,10
51,1.000000,115.000000,60.000000,2,0,444501,440,7.600000,440,7.600000,0,45,10
51,1.000000,115.000000,60.000000,2,0,444516,441,8.600000,441,8.600000,0,45,10
51,1000,115.000000,60.000000,2,0,444525,441,10.600000,441,10.600000,0,45,10
51,1.000000,115.000000,60.000000,2,0,444533,442,11.600000,442,11.600000,0,45,10
51,2.000000,115.000000,60.000000,2,0,444539,443,13.600000,443,13.600000,0,45,10
51,1000,115.000000,60.000000,2,0,444545,443,15.600000,443,15.600000,0,45,10
51,2.000000,115.000000,60.000000,2,0,444551,444,17.600000,444,17.600000,0,45,10
51,1.500000,115.000000,60.000000,2,0,444557,446,20.600000,446,20.600000,0,45,10
51,0.750000,115.000000,60.000000,2,0,444564,450,23.600000,450,23.600000,0,45,10
51,0.285714,115.000000,60.000000,2,0,444570,457,25.600000,457,25.600000,0,45,10
51,0.333333,115.000000,60.000000,2,0,444578,472,30.600000,472,30.600000,0,45,10
51,0.291667,115.000000,60.000000,2,0,444584,496,37.600000,496,37.600000,0,45,10
51,0.250000,115.000000,60.000000,2,0,444591,524,44.600000,524,44.600000,0,45,10
51,0.227273,115.000000,60.000000,2,0,444598,568,54.600000,568,54.600000,0,45,10
51,0.217391,115.000000,60.000000,2,0,444605,614,64.600000,614,64.600000,0,45,10
51,0.178571,115.000000,60.000000,2,0,444612,670,74.600000,670,74.600000,0,45,10
51,0.178571,115.000000,60.000000,2,0,444619,726,84.600000,726,84.600000,0,45,10
51,0.125000,115.000000,60.000000,2,0,444626,790,92.600000,790,92.600000,0,45,10
51,0.092308,115.000000,60.000000,2,0,444633,855,98.600000,855,98.600000,0,45,10
51,0.078125,115.000000,60.000000,2,0,444640,919,103.600000,919,103.600000,0,45,10
51,0.015152,115.000000,60.000000,2,0,444646,985,104.600000,985,104.600000,0,45,10
51,1000,115.000000,60.000000,2,0,444653,1053,104.600000,1053,104.600000,0,45,10
51,-0.035088,115.000000,60.000000,2,0,444660,1110,102.600000,1110,102.600000,0,45,10
51,-0.111111,115.000000,60.000000,2,0,444667,1164,96.600000,1164,96.600000,0,45,10
51,-0.145455,115.000000,60.000000,2,0,444674,1219,88.600000,1219,88.600000,0,45,10
51,-0.181818,115.000000,60.000000,2,0,444681,1285,76.600000,1285,76.600000,0,45,10
51,-0.260000,115.000000,60.000000,2,0,444688,1335,63.600000,1335,63.600000,0,45,10
51,-0.333333,115.000000,60.000000,2,0,444695,1374,50.600000,1374,50.600000,0,45,10
51,-0.395833,115.000000,60.000000,2,0,444702,1422,31.600000,1422,31.600000,0,45,10
51,-0.482759,115.000000,60.000000,2,0,444709,1451,17.600000,1451,17.600000,0,45,10
51,-0.576923,115.000000,60.000000,2,0,444716,1477,2.600000,1477,2.600000,0,45,10
51,-0.118182,115.000000,60.000000,2,0,444723,1499,0,1499,-12.400000,0,45,10
51,1000,115.000000,60.000000,2,0,444730,1513,0,1513,-24.400000,0,45,10
51,1000,115.000000,60.000000,2,0,444737,1520,0,1520,-32.400000,0,45,10
51,1000,115.000000,60.000000,2,0,444744,1524,0,1524,-39.400000,0,45,10
51,1000,115.000000,60.000000,2,0,444750,1527,0,1527,-45.400000,0,45,10
51,1000,115.000000,60.000000,2,0,444758,1528,0,1528,-50.400000,0,45,10
51,1000,115.000000,60.000000,2,0,444764,1529,0,1529,-54.400000,0,45,10
51,1000,115.000000,60.000000,2,0,444771,1529,0,1529,-57.400000,0,45,10
51,1000,115.000000,60.000000,2,0,444779,1529,0,1529,-59.400000,0,45,10
51,1000,115.000000,60.000000,2,0,444785,1529,0,1529,-60.400000,0,45,10
51,1000,115.000000,60.000000,2,0,444801,1529,0,1529,-61.400000,0,45,10
51,1000,115.000000,60.000000,2,0,444810,1529,0,1529,-61.400000,0,45,10
51,1000,115.000000,60.000000,2,0,444818,1529,0,1529,-61.400000,0,45,10
51,1000,115.000000,60.000000,2,0,444824,1529,0,1529,-61.400000,0,45,10
51,1000,115.000000,60.000000,2,0,444831,1529,0,1529,-61.400000,0,45,10
51,1000,115.000000,60.000000,2,0,444836,1529,0,1529,-61.400000,0,45,10
51,1000,115.000000,60.000000,2,0,444843,1529,0,1529,-61.400000,0,45,10
51,1000,115.000000,60.000000,2,0,444849,1529,0,1529,-61.400000,0,45,10
51,1000,115.000000,60.000000,2,0,444855,1529,0,1529,-61.400000,0,45,10
51,1000,115.000000,60.000000,2,0,444862,1529,0,1529,-61.400000,0,45,10
51,1000,115.000000,60.000000,2,0,444869,1529,0,1529,-61.400000,0,45,10
51,1000,115.000000,60.000000,2,0,444876,1529,0,1529,-61.400000,0,45,10
51,1000,115.000000,60.000000,2,0,444891,1529,0,1529,-61.400000,0,45,10
51,1000,115.000000,60.000000,2,0,444900,1529,0,1529,-61.400000,0,45,10
51,1000,115.000000,60.000000,2,0,444908,1528,0,1528,-61.400000,0,45,10
51,1000,115.000000,60.000000,2,0,444915,1527,0,1527,-61.400000,0,45,10
51,1000,115.000000,60.000000,2,0,444921,1524,0,1524,-61.400000,0,45,10
51,1000,115.000000,60.000000,2,0,444927,1522,0,1522,-61.400000,0,45,10
51,1000,115.000000,60.000000,2,0,444933,1520,0,1520,-61.400000,0,45,10
51,1000,115.000000,60.000000,2,0,444939,1517,0,1517,-61.400000,0,45,10
51,1000,115.000000,60.000000,2,0,444945,1515,0,1515,-61.400000,0,45,10
51,1000,115.000000,60.000000,2,0,444952,1512,0,1512,-61.400000,0,45,10
51,-0.166667,115.000000,60.000000,2,0,444962,1506,1,1506,-60.400000,0,45,10
51,-0.166667,115.000000,60.000000,2,0,444968,1500,2,1500,-59.400000,0,45,10
51,1000,115.000000,60.000000,2,0,444976,1496,2,1496,-59.400000,0,45,10
51,1000,115.000000,60.000000,2,0,444982,1491,2,1491,-59.400000,0,45,10
51,1000,115.000000,60.000000,2,0,444988,1487,2,1487,-59.400000,0,45,10
51,1000,115.000000,60.000000,2,0,444995,1485,2,1485,-59.400000,0,45,10
51,1000,115.000000,60.000000,2,0,445001,1484,2,1484,-59.400000,0,45,10
51,1000,115.000000,60.000000,2,0,445008,1483,2,1483,-59.400000,0,45,10
51,1000,115.000000,60.000000,2,0,445014,1483,2,1483,-59.400000,0,45,10
51,1000,115.000000,60.000000,2,0,445021,1483,2,1483,-59.400000,0,45,10
51,1000,115.000000,60.000000,2,0,445028,1482,2,1482,-59.400000,0,45,10
51,1000,115.000000,60.000000,2,0,445052,1481,2,1481,-59.400000,0,45,10
