51,500,115.000000,0.000000,2,0,795148,756,4,756,4,0,57,5
51,500,115.000000,0.000000,2,0,795149,756,4,756,4,0,57,5
51,500,115.000000,0.000000,2,0,795155,756,5,756,5,0,57,5
51,500,115.000000,0.000000,2,0,795162,756,6,756,6,0,57,5
51,500,115.000000,0.000000,2,0,795168,756,6,756,6,0,57,5
51,500,115.000000,0.000000,2,0,795174,756,7,756,7,0,57,5
51,500,115.000000,0.000000,2,0,795180,756,8,756,8,0,57,5
51,500,115.000000,0.000000,2,0,795187,757,8,757,8,0,57,5
51,500,115.000000,0.000000,2,0,795194,758,8,758,8,0,57,5
51,500,115.000000,0.000000,2,0,795201,758,9,758,9,0,57,5
51,500,115.000000,0.000000,2,0,795208,758,10,758,10,0,57,5
51,0.500000,115.000000,0.000000,2,0,795215,760,11,760,11,0,57,5
51,500,115.000000,0.000000,2,0,795222,763,11,763,11,0,57,5
51,0.250000,115.000000,0.000000,2,0,795229,767,12,767,12,0,57,5
51,0.400000,115.000000,0.000000,2,0,795236,772,14,772,14,0,57,5
51,0.428571,115.000000,0.000000,2,0,795243,779,17,779,17,0,57,5
51,0.363636,115.000000,0.000000,2,0,795250,790,21,790,21,0,57,5
51,0.444444,115.000000,0.000000,2,0,795257,799,25,799,25,0,57,5
51,0.363636,115.000000,0.000000,2,0,795263,810,29,810,29,0,57,5
51,0.235294,115.000000,0.000000,2,0,795270,827,33,827,33,0,57,5
51,0.238095,115.000000,0.000000,2,0,795278,848,38,848,38,0,57,5
51,0.190476,115.000000,0.000000,2,0,795284,869,42,869,42,0,57,5
51,0.142857,115.000000,0.000000,2,0,795291,897,46,897,46,0,57,5
51,0.117647,115.000000,0.000000,2,0,795298,931,50,931,50,0,57,5
51,0.071429,115.000000,0.000000,2,0,795306,959,52,959,52,0,57,5
51,500,115.000000,0.000000,2,0,795313,991,52,991,52,0,57,5
51,-0.033333,115.000000,0.000000,2,0,795320,1021,51,1021,51,0,57,5
51,-0.076923,115.000000,0.000000,2,0,795326,1047,49,1047,49,0,57,5
51,-0.136364,115.000000,0.000000,2,0,795333,1069,46,1069,46,0,57,5
51,-0.117647,115.000000,0.000000,2,0,795341,1086,44,1086,44,0,57,5
51,-0.192308,115.000000,0.000000,2,0,795347,1112,39,1112,39,0,57,5
51,-0.277778,115.000000,0.000000,2,0,795354,1130,34,1130,34,0,57,5
51,-0.285714,115.000000,0.000000,2,0,795361,1144,31.600000,1144,30,0,57,5
51,-0.307692,115.000000,0.000000,2,0,795361,1147.250000,31.600000,1157,26,0,57,5
51,-0.307692,115.000000,0.000000,2,0,795361,1154,31.600000,1157,26,0,57,5
51,-0.307692,115.000000,0.000000,2,0,795368,1157,29.369231,1157,26,0,57,5
51,-0.300000,115.000000,0.000000,2,0,795375,1167,26.369231,1167,23,0,57,5
51,-0.444444,115.000000,0.000000,2,0,795381,1176,22.369231,1176,19,0,57,5
51,-0.800000,115.000000,0.000000,2,0,795388,1181,18.369231,1181,15,0,57,5
51,-1.500000,115.000000,0.000000,2,0,795395,1183,15.369231,1183,12,0,57,5
51,500,115.000000,0.000000,2,0,795402,1183,13.369231,1183,10,0,57,5
51,500,115.000000,0.000000,2,0,795409,1183,12.369231,1183,9,0,57,5
51,500,115.000000,0.000000,2,0,795416,1183,11.369231,1183,8,0,57,5
51,1.000000,115.000000,0.000000,2,0,795423,1182,10.369231,1182,7,0,57,5
51,1.000000,115.000000,0.000000,2,0,795430,1181,9.369231,1181,6,0,57,5
51,500,115.000000,0.000000,2,0,795437,1180,9.369231,1180,6,0,57,5
51,500,115.000000,0.000000,2,0,795444,1179,9.369231,1179,6,0,57,5
51,500,115.000000,0.000000,2,0,795451,1179,8.369231,1179,5,0,57,5
51,500,115.000000,0.000000,2,0,795458,1178,8.369231,1178,5,0,57,5
51,500,115.000000,0.000000,2,0,795465,1177,8.369231,1177,5,0,57,5
51,500,115.000000,0.000000,2,0,795472,1177,8.369231,1177,5,0,57,5
51,500,115.000000,0.000000,2,0,795479,1177,8.369231,1177,5,0,57,5
51,500,115.000000,0.000000,2,0,795486,1177,8.369231,1177,5,0,57,5
51,500,115.000000,0.000000,2,0,795501,1177,8.369231,1177,5,0,57,5
51,500,115.000000,0.000000,2,0,795510,1177,8.369231,1177,5,0,57,5
51,500,115.000000,0.000000,2,0,795518,1177,8.369231,1177,5,0,57,5
51,500,115.000000,0.000000,2,0,795524,1177,8.369231,1177,5,0,57,5
51,500,115.000000,0.000000,2,0,795530,1177,8.369231,1177,5,0,57,5
51,500,115.000000,0.000000,2,0,795536,1177,8.369231,1177,5,0,57,5
51,500,115.000000,0.000000,2,0,795542,1177,8.369231,1177,5,0,57,5
51,500,115.000000,0.000000,2,0,795548,1177,8.369231,1177,5,0,57,5
51,500,115.000000,0.000000,2,0,795555,1177,8.369231,1177,5,0,57,5
51,500,115.000000,0.000000,2,0,795578,1177,8.369231,1177,5,0,57,5
