51,1000,115.000000,60.000000,2,0,620516,503,14,503,14,0,51,8
51,1000,115.000000,60.000000,2,0,620517,503,14,503,14,0,51,8
51,1000,115.000000,60.000000,2,0,620524,502,14,502,14,0,51,8
51,1000,115.000000,60.000000,2,0,620531,501,14,501,14,0,51,8
51,1000,115.000000,60.000000,2,0,620538,501,14,501,14,0,51,8
51,1000,115.000000,60.000000,2,0,620545,501,14,501,14,0,51,8
51,1000,115.000000,60.000000,2,0,620552,501,14,501,14,0,51,8
51,1000,115.000000,60.000000,2,0,620559,501,14,501,14,0,51,8
51,1000,115.000000,60.000000,2,0,620566,501,14,501,14,0,51,8
51,1000,115.000000,60.000000,2,0,620573,501,14,501,14,0,51,8
51,1000,115.000000,60.000000,2,0,620580,501,14,501,14,0,51,8
51,1000,115.000000,60.000000,2,0,620587,503,14,503,14,0,51,8
51,1000,115.000000,60.000000,2,0,620594,506,14,506,14,0,51,8
51,0.285714,115.000000,60.000000,2,0,620601,513,16,513,16,0,51,8
51,0.300000,115.000000,60.000000,2,0,620608,523,19,523,19,0,51,8
51,0.200000,115.000000,60.000000,2,0,620615,538,22,538,22,0,51,8
51,0.178571,115.000000,60.000000,2,0,620622,566,27,566,27,0,51,8
51,0.100000,115.000000,60.000000,2,0,620629,596,30,596,30,0,51,8
51,0.083333,115.000000,60.000000,2,0,620636,632,33,632,33,0,51,8
51,0.069767,115.000000,60.000000,2,0,620642,675,36,675,36,0,51,8
51,0.078947,115.000000,60.000000,2,0,620650,713,39,713,39,0,51,8
51,0.058824,115.000000,60.000000,2,0,620656,781,43,781,43,0,51,8
51,0.069444,115.000000,60.000000,2,0,620663,853,48,853,48,0,51,8
51,0.035714,115.000000,60.000000,2,0,620670,937,51,937,51,0,51,8
51,0.023256,115.000000,60.000000,2,0,620677,1023,53,1023,53,0,51,8
51,0.035714,115.000000,60.000000,2,0,620685,1107,56,1107,56,0,51,8
51,0.012821,115.000000,60.000000,2,0,620691,1185,57,1185,57,0,51,8
51,1000,115.000000,60.000000,2,0,620698,1232,57,1232,57,0,51,8
51,1000,115.000000,60.000000,2,0,620705,1286,57,1286,57,0,51,8
51,1000,115.000000,60.000000,2,0,620712,1340,57,1340,57,0,51,8
51,1000,115.000000,60.000000,2,0,620719,1386,57,1386,57,0,51,8
51,-0.076923,115.000000,60.000000,2,0,620726,1438,53,1438,53,0,51,8
51,-0.078947,115.000000,60.000000,2,0,620733,1476,50,1476,50,0,51,8
51,-0.148148,115.000000,60.000000,2,0,620741,1503,46,1503,46,0,51,8
51,-0.173913,115.000000,60.000000,2,0,620748,1526,42,1526,42,0,51,8
51,-0.300000,115.000000,60.000000,2,0,620753,1536,39,1536,39,0,51,8
51,-0.444444,115.000000,60.000000,2,0,620760,1545,35,1545,35,0,51,8
51,-1.000000,115.000000,60.000000,2,0,620767,1548,32,1548,32,0,51,8
51,-3.000000,115.000000,60.000000,2,0,620774,1549,29,1549,29,0,51,8
51,1000,115.000000,60.000000,2,0,620781,1549,25,1549,25,0,51,8
51,1000,115.000000,60.000000,2,0,620788,1549,22,1549,22,0,51,8
51,1000,115.000000,60.000000,2,0,620795,1549,19,1549,19,0,51,8
51,3.000000,115.000000,60.000000,2,0,620802,1548,16,1548,16,0,51,8
51,1.500000,115.000000,60.000000,2,0,620810,1546,13,1546,13,0,51,8
51,0.666667,115.000000,60.000000,2,0,620816,1543,11,1543,11,0,51,8
51,0.666667,115.000000,60.000000,2,0,620823,1540,9,1540,9,0,51,8
51,0.666667,115.000000,60.000000,2,0,620830,1537,7,1537,7,0,51,8
51,1.000000,115.000000,60.000000,2,0,620837,1536,6,1536,6,0,51,8
51,1000,115.000000,60.000000,2,0,620844,1536,5,1536,5,0,51,8
51,1000,115.000000,60.000000,2,0,620851,1536,4,1536,4,0,51,8
51,1000,115.000000,60.000000,2,0,620858,1536,3,1536,3,0,51,8
51,1000,115.000000,60.000000,2,0,620865,1536,2,1536,2,0,51,8
51,-1.000000,115.000000,60.000000,2,0,620872,1537,1,1537,1,0,51,8
51,-1.000000,115.000000,60.000000,2,0,620878,1538,0,1538,-1,0,51,8
51,1000,115.000000,60.000000,2,0,620885,1538,0,1538,-2,0,51,8
51,1000,115.000000,60.000000,2,0,620892,1538,0,1538,-3,0,51,8
51,1000,115.000000,60.000000,2,0,620899,1536,0,1536,-3,0,51,8
51,1000,115.000000,60.000000,2,0,620906,1532,0,1532,-4,0,51,8
51,1000,115.000000,60.000000,2,0,620913,1528,0,1528,-5,0,51,8
51,1000,115.000000,60.000000,2,0,620920,1521,0,1521,-7,0,51,8
51,1000,115.000000,60.000000,2,0,620927,1509,0,1509,-9,0,51,8
51,1000,115.000000,60.000000,2,0,620935,1500,0,1500,-11,0,51,8
51,1000,115.000000,60.000000,2,0,620941,1490,0,1490,-12,0,51,8
51,1000,115.000000,60.000000,2,0,620949,1480,0,1480,-14,0,51,8
51,1000,115.000000,60.000000,2,0,620955,1471,0,1471,-14,0,51,8
51,1000,115.000000,60.000000,2,0,620962,1464,0,1464,-15,0,51,8
51,1000,115.000000,60.000000,2,0,620969,1459,0,1459,-15,0,51,8
51,1000,115.000000,60.000000,2,0,620976,1455,0,1455,-15,0,51,8
51,1000,115.000000,60.000000,2,0,620992,1452,0,1452,-15,0,51,8
51,1000,115.000000,60.000000,2,0,621001,1448,0,1448,-15,0,51,8
51,1000,115.000000,60.000000,2,0,621009,1448,0,1448,-15,0,51,8
51,1000,115.000000,60.000000,2,0,621015,1448,0,1448,-15,0,51,8
51,1000,115.000000,60.000000,2,0,621021,1448,0,1448,-15,0,51,8
51,1000,115.000000,60.000000,2,0,621027,1448,0,1448,-15,0,51,8
51,1000,115.000000,60.000000,2,0,621033,1448,0,1448,-15,0,51,8
51,1000,115.000000,60.000000,2,0,621039,1448,0,1448,-15,0,51,8
51,1000,115.000000,60.000000,2,0,621045,1448,0,1448,-15,0,51,8
51,1000,115.000000,60.000000,2,0,621052,1448,0,1448,-15,0,51,8
51,1000,115.000000,60.000000,2,0,621076,1448,0,1448,-15,0,51,8
