51,1000,115.000000,0.000000,0,0,283284740,470,5,470,5,0,7,1
51,1000,115.000000,0.000000,0,0,283284742,470,5,470,5,0,7,1
51,1000,115.000000,0.000000,0,0,283284748,470,5,470,5,0,7,1
51,1000,115.000000,0.000000,0,0,283284754,470,5,470,5,0,7,1
51,1000,115.000000,0.000000,0,0,283284760,470,5,470,5,0,7,1
51,1000,115.000000,0.000000,0,0,283284766,470,5,470,5,0,7,1
51,1000,115.000000,0.000000,0,0,283284772,470,5,470,5,0,7,1
51,1000,115.000000,0.000000,0,0,283284779,470,5,470,5,0,7,1
51,1000,115.000000,0.000000,0,0,283284786,470,5,470,5,0,7,1
51,1000,115.000000,0.000000,0,0,283284793,470,5,470,5,0,7,1
51,1000,115.000000,0.000000,0,0,283284800,470,5,470,5,0,7,1
51,1000,115.000000,0.000000,0,0,283284807,470,5,470,5,0,7,1
51,1000,115.000000,0.000000,0,0,283284814,470,5,470,5,0,7,1
51,1000,115.000000,0.000000,0,0,283284821,471,5,471,5,0,7,1
51,1000,115.000000,0.000000,0,0,283284828,475,5,475,5,0,7,1
51,1000,115.000000,0.000000,0,0,283284835,480,5,480,5,0,7,1
51,1000,115.000000,0.000000,0,0,283284842,490,5,490,5,0,7,1
51,1000,115.000000,0.000000,0,0,283284849,500,5,500,5,0,7,1
51,1000,115.000000,0.000000,0,0,283284855,519,5,519,5,0,7,1
51,1000,115.000000,0.000000,0,0,283284862,537,5,537,5,0,7,1
51,1000,115.000000,0.000000,0,0,283284869,574,5,574,5,0,7,1
51,1000,115.000000,0.000000,0,0,283284877,612,5,612,5,0,7,1
51,1000,115.000000,0.000000,0,0,283284883,655,4,655,4,0,7,1
51,1000,115.000000,0.000000,0,0,283284890,690,2,690,2,0,7,1
51,1000,115.000000,0.000000,0,0,283284897,733,0,733,-1,0,7,1
51,1000,115.000000,0.000000,0,0,283284904,785,0,785,-6,0,7,1
51,1000,115.000000,0.000000,0,0,283284912,836,0,836,-10,0,7,1
51,1000,115.000000,0.000000,0,0,283284919,889,0,889,-15,0,7,1
51,1000,115.000000,0.000000,0,0,283284925,940,0,940,-21,0,7,1
51,1000,115.000000,0.000000,0,0,283284934,978,0,978,-27,0,7,1
51,1000,115.000000,0.000000,0,0,283284940,1052,0,1052,-38,0,7,1
51,1000,115.000000,0.000000,0,0,283284947,1090,0,1090,-46,0,7,1
51,1000,115.000000,0.000000,0,0,283284953,1129,0,1129,-53,0,7,1
51,1000,115.000000,0.000000,0,0,283284960,1166,0,1166,-61,0,7,1
51,1000,115.000000,0.000000,0,0,283284967,1203,0,1203,-70,0,7,1
51,1000,115.000000,0.000000,0,0,283284973,1225,0,1225,-76,0,7,1
51,1000,115.000000,0.000000,0,0,283284981,1248,0,1248,-83,0,7,1
51,1000,115.000000,0.000000,0,0,283284987,1263,0,1263,-88,0,7,1
51,1000,115.000000,0.000000,0,0,283284994,1269,0,1269,-90,0,7,1
51,1000,115.000000,0.000000,0,0,283285001,1274,0,1274,-93,0,7,1
51,1000,115.000000,0.000000,0,0,283285009,1275,0,1275,-94,0,7,1
51,1000,115.000000,0.000000,0,0,283285015,1277,0,1277,-95,0,7,1
51,1000,115.000000,0.000000,0,0,283285022,1277,0,1277,-96,0,7,1
51,1000,115.000000,0.000000,0,0,283285029,1277,0,1277,-97,0,7,1
51,1000,115.000000,0.000000,0,0,283285036,1277,0,1277,-97,0,7,1
51,1000,115.000000,0.000000,0,0,283285043,1277,0,1277,-97,0,7,1
51,1000,115.000000,0.000000,0,0,283285050,1277,0,1277,-97,0,7,1
51,1000,115.000000,0.000000,0,0,283285057,1277,0,1277,-97,0,7,1
51,1000,115.000000,0.000000,0,0,283285064,1277,0,1277,-97,0,7,1
51,1000,115.000000,0.000000,0,0,283285071,1277,0,1277,-97,0,7,1
51,1000,115.000000,0.000000,0,0,283285077,1277,0,1277,-97,0,7,1
51,1000,115.000000,0.000000,0,0,283285093,1277,0,1277,-97,0,7,1
51,1000,115.000000,0.000000,0,0,283285102,1277,0,1277,-97,0,7,1
51,1000,115.000000,0.000000,0,0,283285110,1277,0,1277,-97,0,7,1
51,1000,115.000000,0.000000,0,0,283285116,1277,0,1277,-97,0,7,1
51,1000,115.000000,0.000000,0,0,283285122,1277,0,1277,-97,0,7,1
51,1000,115.000000,0.000000,0,0,283285129,1277,0,1277,-97,0,7,1
51,1000,115.000000,0.000000,0,0,283285135,1277,0,1277,-97,0,7,1
51,1000,115.000000,0.000000,0,0,283285140,1277,0,1277,-97,0,7,1
51,1000,115.000000,0.000000,0,0,283285147,1278,0,1278,-97,0,7,1
51,1000,115.000000,0.000000,0,0,283285154,1280,0,1280,-97,0,7,1
51,1000,115.000000,0.000000,0,0,283285161,1285,0,1285,-97,0,7,1
51,1000,115.000000,0.000000,0,0,283285169,1289,0,1289,-97,0,7,1
51,1000,115.000000,0.000000,0,0,283285175,1294,0,1294,-97,0,7,1
51,1000,115.000000,0.000000,0,0,283285182,1298,0,1298,-97,0,7,1
51,1000,115.000000,0.000000,0,0,283285189,1300,0,1300,-97,0,7,1
51,1000,115.000000,0.000000,0,0,283285196,1301,0,1301,-97,0,7,1
51,1000,115.000000,0.000000,0,0,283285203,1302,0,1302,-97,0,7,1
51,1000,115.000000,0.000000,0,0,283285218,1303,0,1303,-97,0,7,1
51,1000,115.000000,0.000000,0,0,283285227,1303,0,1303,-98,0,7,1
51,1000,115.000000,0.000000,0,0,283285235,1303,0,1303,-98,0,7,1
51,1000,115.000000,0.000000,0,0,283285241,1304,0,1304,-98,0,7,1
51,1000,115.000000,0.000000,0,0,283285248,1306,0,1306,-98,0,7,1
51,1000,115.000000,0.000000,0,0,283285253,1308,0,1308,-98,0,7,1
51,1000,115.000000,0.000000,0,0,283285260,1311,0,1311,-98,0,7,1
51,1000,115.000000,0.000000,0,0,283285266,1316,0,1316,-99,0,7,1
51,1000,115.000000,0.000000,0,0,283285272,1322,0,1322,-100,0,7,1
51,1000,115.000000,0.000000,0,0,283285279,1328,0,1328,-100,0,7,1
51,1000,115.000000,0.000000,0,0,283285286,1338,0,1338,-102,0,7,1
51,1000,115.000000,0.000000,0,0,283285293,1346,0,1346,-103,0,7,1
51,1000,115.000000,0.000000,0,0,283285300,1354,0,1354,-104,0,7,1
51,1000,115.000000,0.000000,0,0,283285307,1361,0,1361,-104,0,7,1
51,1000,115.000000,0.000000,0,0,283285314,1366,0,1366,-105,0,7,1
51,1000,115.000000,0.000000,0,0,283285321,1370,0,1370,-106,0,7,1
51,1000,115.000000,0.000000,0,0,283285328,1373,0,1373,-106,0,7,1
51,1000,115.000000,0.000000,0,0,283285343,1376,0,1376,-107,0,7,1
51,1000,115.000000,0.000000,0,0,283285352,1378,0,1378,-107,0,7,1
51,1000,115.000000,0.000000,0,0,283285360,1378,0,1378,-107,0,7,1
51,1000,115.000000,0.000000,0,0,283285366,1378,0,1378,-107,0,7,1
51,1000,115.000000,0.000000,0,0,283285372,1378,0,1378,-107,0,7,1
51,1000,115.000000,0.000000,0,0,283285378,1378,0,1378,-107,0,7,1
51,1000,115.000000,0.000000,0,0,283285384,1378,0,1378,-107,0,7,1
51,1000,115.000000,0.000000,0,0,283285391,1379,0,1379,-107,0,7,1
51,1000,115.000000,0.000000,0,0,283285397,1380,0,1380,-107,0,7,1
51,1000,115.000000,0.000000,0,0,283285404,1381,0,1381,-107,0,7,1
51,1000,115.000000,0.000000,0,0,283285411,1383,0,1383,-107,0,7,1
51,1000,115.000000,0.000000,0,0,283285418,1386,0,1386,-108,0,7,1
51,1000,115.000000,0.000000,0,0,283285425,1388,0,1388,-108,0,7,1
51,1000,115.000000,0.000000,0,0,283285432,1389,0,1389,-108,0,7,1
51,1000,115.000000,0.000000,0,0,283285439,1390,0,1390,-108,0,7,1
51,1000,115.000000,0.000000,0,0,283285446,1390,0,1390,-108,0,7,1
51,1000,115.000000,0.000000,0,0,283285453,1390,0,1390,-108,0,7,1
51,1000,115.000000,0.000000,0,0,283285469,1390,0,1390,-108,0,7,1
51,1000,115.000000,0.000000,0,0,283285478,1390,0,1390,-108,0,7,1
51,1000,115.000000,0.000000,0,0,283285486,1390,0,1390,-108,0,7,1
51,1000,115.000000,0.000000,0,0,283285492,1390,0,1390,-108,0,7,1
51,1000,115.000000,0.000000,0,0,283285497,1390,0,1390,-108,0,7,1
51,1000,115.000000,0.000000,0,0,283285503,1390,0,1390,-108,0,7,1
51,1000,115.000000,0.000000,0,0,283285509,1390,0,1390,-108,0,7,1
51,1000,115.000000,0.000000,0,0,283285516,1391,0,1391,-108,0,7,1
51,1000,115.000000,0.000000,0,0,283285522,1393,0,1393,-108,0,7,1
51,1000,115.000000,0.000000,0,0,283285529,1395,0,1395,-108,0,7,1
51,1000,115.000000,0.000000,0,0,283285536,1399,0,1399,-109,0,7,1
51,1000,115.000000,0.000000,0,0,283285543,1402,0,1402,-109,0,7,1
51,1000,115.000000,0.000000,0,0,283285550,1404,0,1404,-109,0,7,1
51,1000,115.000000,0.000000,0,0,283285557,1406,0,1406,-110,0,7,1
51,1000,115.000000,0.000000,0,0,283285565,1408,0,1408,-110,0,7,1
51,1000,115.000000,0.000000,0,0,283285571,1409,0,1409,-111,0,7,1
51,1000,115.000000,0.000000,0,0,283285578,1410,0,1410,-111,0,7,1
51,1000,115.000000,0.000000,0,0,283285593,1410,0,1410,-111,0,7,1
51,1000,115.000000,0.000000,0,0,283285602,1411,0,1411,-112,0,7,1
51,1000,115.000000,0.000000,0,0,283285610,1411,0,1411,-112,0,7,1
51,1000,115.000000,0.000000,0,0,283285616,1411,0,1411,-112,0,7,1
51,1000,115.000000,0.000000,0,0,283285623,1411,0,1411,-112,0,7,1
51,1000,115.000000,0.000000,0,0,283285629,1411,0,1411,-112,0,7,1
51,1000,115.000000,0.000000,0,0,283285634,1412,0,1412,-112,0,7,1
51,1000,115.000000,0.000000,0,0,283285641,1414,0,1414,-112,0,7,1
51,1000,115.000000,0.000000,0,0,283285647,1420,0,1420,-112,0,7,1
51,1000,115.000000,0.000000,0,0,283285654,1423,0,1423,-112,0,7,1
51,1000,115.000000,0.000000,0,0,283285662,1425,0,1425,-112,0,7,1
51,1000,115.000000,0.000000,0,0,283285668,1427,0,1427,-112,0,7,1
51,1000,115.000000,0.000000,0,0,283285675,1430,0,1430,-112,0,7,1
51,1000,115.000000,0.000000,0,0,283285682,1431,0,1431,-112,0,7,1
51,1000,115.000000,0.000000,0,0,283285689,1431,0,1431,-113,0,7,1
51,1000,115.000000,0.000000,0,0,283285696,1432,0,1432,-113,0,7,1
51,1000,115.000000,0.000000,0,0,283285703,1433,0,1433,-113,0,7,1
51,1000,115.000000,0.000000,0,0,283285718,1433,0,1433,-113,0,7,1
51,1000,115.000000,0.000000,0,0,283285727,1433,0,1433,-113,0,7,1
51,1000,115.000000,0.000000,0,0,283285735,1433,0,1433,-113,0,7,1
51,1000,115.000000,0.000000,0,0,283285741,1433,0,1433,-113,0,7,1
51,1000,115.000000,0.000000,0,0,283285747,1433,0,1433,-113,0,7,1
51,1000,115.000000,0.000000,0,0,283285753,1433,0,1433,-113,0,7,1
51,1000,115.000000,0.000000,0,0,283285759,1433,0,1433,-113,0,7,1
51,1000,115.000000,0.000000,0,0,283285766,1433,0,1433,-113,0,7,1
51,1000,115.000000,0.000000,0,0,283285772,1433,0,1433,-113,0,7,1
51,1000,115.000000,0.000000,0,0,283285779,1433,0,1433,-113,0,7,1
51,1000,115.000000,0.000000,0,0,283285786,1433,0,1433,-113,0,7,1
51,1000,115.000000,0.000000,0,0,283285793,1433,0,1433,-113,0,7,1
51,1000,115.000000,0.000000,0,0,283285800,1433,0,1433,-113,0,7,1
51,1000,115.000000,0.000000,0,0,283285807,1433,0,1433,-113,0,7,1
51,1000,115.000000,0.000000,0,0,283285814,1433,0,1433,-113,0,7,1
51,1000,115.000000,0.000000,0,0,283285821,1433,0,1433,-113,0,7,1
51,1000,115.000000,0.000000,0,0,283285828,1433,0,1433,-113,0,7,1
51,1000,115.000000,0.000000,0,0,283285866,1433,0,1433,-113,0,7,1
