51,1000,115.000000,30.000000,0,0,283359693,493,0,493,0,0,9,9
51,1000,115.000000,30.000000,0,0,283359694,493,0,493,0,0,9,9
51,1000,115.000000,30.000000,0,0,283359701,493,0,493,0,0,9,9
51,1000,115.000000,30.000000,0,0,283359708,493,0,493,0,0,9,9
51,1000,115.000000,30.000000,0,0,283359715,493,0,493,0,0,9,9
51,1000,115.000000,30.000000,0,0,283359722,493,0,493,0,0,9,9
51,1000,115.000000,30.000000,0,0,283359729,493,0,493,0,0,9,9
51,1000,115.000000,30.000000,0,0,283359736,493,0,493,0,0,9,9
51,1000,115.000000,30.000000,0,0,283359742,493,0,493,0,0,9,9
51,1000,115.000000,30.000000,0,0,283359758,493,0,493,0,0,9,9
51,1000,115.000000,30.000000,0,0,283359768,493,0,493,-2,0,9,9
51,1000,115.000000,30.000000,0,0,283359774,499,0,499,-4,0,9,9
51,1000,115.000000,30.000000,0,0,283359780,508,0,508,-6,0,9,9
51,1000,115.000000,30.000000,0,0,283359787,517,0,517,-7,0,9,9
51,1000,115.000000,30.000000,0,0,283359793,544,0,544,-12,0,9,9
51,1000,115.000000,30.000000,0,0,283359799,561,0,561,-14,0,9,9
51,1000,115.000000,30.000000,0,0,283359805,591,0,591,-17,0,9,9
51,1000,115.000000,30.000000,0,0,283359812,625,0,625,-21,0,9,9
51,1000,115.000000,30.000000,0,0,283359820,671,0,671,-25,0,9,9
51,1000,115.000000,30.000000,0,0,283359826,723,0,723,-29,0,9,9
51,1000,115.000000,30.000000,0,0,283359833,785,0,785,-35,0,9,9
51,1000,115.000000,30.000000,0,0,283359840,853,0,853,-44,0,9,9
51,1000,115.000000,30.000000,0,0,283359847,922,0,922,-51,0,9,9
51,1000,115.000000,30.000000,0,0,283359853,993,0,993,-61,0,9,9
51,1000,115.000000,30.000000,0,0,283359861,1061,0,1061,-73,0,9,9
51,1000,115.000000,30.000000,0,0,283359868,1132,0,1132,-85,0,9,9
51,1000,115.000000,30.000000,0,0,283359883,1206,0,1206,-99,0,9,9
51,1000,115.000000,30.000000,0,0,283359892,1331,0,1331,-122,0,9,9
51,1000,115.000000,30.000000,0,0,283359900,1419,0,1419,-138,0,9,9
51,1000,115.000000,30.000000,0,0,283359906,1460,0,1460,-146,0,9,9
51,1000,115.000000,30.000000,0,0,283359913,1487,0,1487,-152,0,9,9
51,1000,115.000000,30.000000,0,0,283359919,1502,0,1502,-156,0,9,9
51,1000,115.000000,30.000000,0,0,283359925,1510,0,1510,-159,0,9,9
51,1000,115.000000,30.000000,0,0,283359931,1513,0,1513,-160,0,9,9
51,1000,115.000000,30.000000,0,0,283359937,1517,0,1517,-161,0,9,9
51,1000,115.000000,30.000000,0,0,283359944,1517,0,1517,-161,0,9,9
51,1000,115.000000,30.000000,0,0,283359951,1514,0,1514,-161,0,9,9
51,1000,115.000000,30.000000,0,0,283359959,1510,0,1510,-161,0,9,9
51,1000,115.000000,30.000000,0,0,283359965,1506,0,1506,-161,0,9,9
51,1000,115.000000,30.000000,0,0,283359972,1501,0,1501,-161,0,9,9
51,1000,115.000000,30.000000,0,0,283359979,1498,0,1498,-161,0,9,9
51,1000,115.000000,30.000000,0,0,283359986,1495,1,1495,-160,0,9,9
51,1000,115.000000,30.000000,0,0,283359992,1490,2,1490,-159,0,9,9
51,1000,115.000000,30.000000,0,0,283360008,1484,3,1484,-158,0,9,9
51,1000,115.000000,30.000000,0,0,283360017,1484,3,1484,-158,0,9,9
51,1000,115.000000,30.000000,0,0,283360025,1484,3,1484,-158,0,9,9
51,1000,115.000000,30.000000,0,0,283360031,1484,3,1484,-158,0,9,9
51,1000,115.000000,30.000000,0,0,283360037,1484,3,1484,-158,0,9,9
51,1000,115.000000,30.000000,0,0,283360043,1484,3,1484,-158,0,9,9
51,1000,115.000000,30.000000,0,0,283360050,1484,3,1484,-158,0,9,9
51,1000,115.000000,30.000000,0,0,283360056,1484,3,1484,-158,0,9,9
51,1000,115.000000,30.000000,0,0,283360062,1484,3,1484,-158,0,9,9
51,1000,115.000000,30.000000,0,0,283360069,1484,3,1484,-158,0,9,9
51,1000,115.000000,30.000000,0,0,283360076,1484,3,1484,-158,0,9,9
51,1000,115.000000,30.000000,0,0,283360083,1484,3,1484,-158,0,9,9
51,1000,115.000000,30.000000,0,0,283360090,1484,3,1484,-158,0,9,9
51,1000,115.000000,30.000000,0,0,283360097,1484,3,1484,-158,0,9,9
51,1000,115.000000,30.000000,0,0,283360103,1484,3,1484,-158,0,9,9
51,1000,115.000000,30.000000,0,0,283360110,1484,3,1484,-158,0,9,9
51,1000,115.000000,30.000000,0,0,283360117,1484,3,1484,-158,0,9,9
51,1000,115.000000,30.000000,0,0,283360133,1484,3,1484,-158,0,9,9
51,1000,115.000000,30.000000,0,0,283360142,1484,3,1484,-158,0,9,9
51,1000,115.000000,30.000000,0,0,283360150,1484,3,1484,-158,0,9,9
51,1000,115.000000,30.000000,0,0,283360156,1484,3,1484,-158,0,9,9
51,1000,115.000000,30.000000,0,0,283360162,1484,3,1484,-158,0,9,9
51,1000,115.000000,30.000000,0,0,283360168,1484,3,1484,-158,0,9,9
51,1000,115.000000,30.000000,0,0,283360174,1484,3,1484,-158,0,9,9
51,1000,115.000000,30.000000,0,0,283360180,1484,3,1484,-158,0,9,9
51,1000,115.000000,30.000000,0,0,283360187,1484,3,1484,-158,0,9,9
51,1000,115.000000,30.000000,0,0,283360194,1483,3,1483,-158,0,9,9
51,1000,115.000000,30.000000,0,0,283360201,1482,3,1482,-158,0,9,9
51,1000,115.000000,30.000000,0,0,283360208,1481,3,1481,-158,0,9,9
51,1000,115.000000,30.000000,0,0,283360215,1480,3,1480,-158,0,9,9
51,1000,115.000000,30.000000,0,0,283360222,1479,3,1479,-158,0,9,9
51,1000,115.000000,30.000000,0,0,283360229,1479,3,1479,-158,0,9,9
51,1000,115.000000,30.000000,0,0,283360251,1479,3,1479,-158,0,9,9
