61,1000,30.000000,10000.000000,0,0,169255676,466,6,466,6,0,14,2
61,1000,30.000000,10000.000000,0,0,169255677,466,6,466,6,0,14,2
61,1000,30.000000,10000.000000,0,0,169255684,466,6,466,6,0,14,2
61,1000,30.000000,10000.000000,0,0,169255691,466,6,466,6,0,14,2
61,1000,30.000000,10000.000000,0,0,169255698,466,6,466,6,0,14,2
61,1000,30.000000,10000.000000,0,0,169255706,466,6,466,6,0,14,2
61,1000,30.000000,10000.000000,0,0,169255712,466,6,466,6,0,14,2
61,1000,30.000000,10000.000000,0,0,169255718,466,6,466,6,0,14,2
61,1000,30.000000,10000.000000,0,0,169255735,466,6,466,6,0,14,2
61,1000,30.000000,10000.000000,0,0,169255744,466,6,466,6,0,14,2
61,1000,30.000000,10000.000000,0,0,169255752,466,6,466,6,0,14,2
61,1000,30.000000,10000.000000,0,0,169255758,466,6,466,6,0,14,2
61,1000,30.000000,10000.000000,0,0,169255764,466,6,466,6,0,14,2
61,1000,30.000000,10000.000000,0,0,169255770,466,6,466,6,0,14,2
61,1000,30.000000,10000.000000,0,0,169255776,466,6,466,6,0,14,2
61,1000,30.000000,10000.000000,0,0,169255782,466,6,466,6,0,14,2
61,1000,30.000000,10000.000000,0,0,169255788,466,6,466,6,0,14,2
61,1000,30.000000,10000.000000,0,0,169255795,466,6,466,6,0,14,2
61,1000,30.000000,10000.000000,0,0,169255802,468,6,468,6,0,14,2
61,1000,30.000000,10000.000000,0,0,169255809,472,6,472,6,0,14,2
61,1000,30.000000,10000.000000,0,0,169255816,477,6,477,6,0,14,2
61,1000,30.000000,10000.000000,0,0,169255823,484,5,484,5,0,14,2
61,1000,30.000000,10000.000000,0,0,169255830,492,4,492,4,0,14,2
61,1000,30.000000,10000.000000,0,0,169255837,500,3,500,3,0,14,2
61,1000,30.000000,10000.000000,0,0,169255844,515,1,515,1,0,14,2
61,1000,30.000000,10000.000000,0,0,169255851,528,1,528,1,0,14,2
61,1000,30.000000,10000.000000,0,0,169255858,545,0,545,0,0,14,2
61,1000,30.000000,10000.000000,0,0,169255865,563,0,563,-1,0,14,2
61,1000,30.000000,10000.000000,0,0,169255871,584,0,584,-2,0,14,2
61,1000,30.000000,10000.000000,0,0,169255878,603,0,603,-2,0,14,2
61,1000,30.000000,10000.000000,0,0,169255897,629,0,629,-2,0,14,2
61,1000,30.000000,10000.000000,0,0,169255907,705,0,705,-2,0,14,2
61,1000,30.000000,10000.000000,0,0,169255915,752,0,752,-2,0,14,2
61,1000,30.000000,10000.000000,0,0,169255922,789,0,789,-3,0,14,2
61,1000,30.000000,10000.000000,0,0,169255928,827,0,827,-3,0,14,2
61,1000,30.000000,10000.000000,0,0,169255935,860,0,860,-4,0,14,2
61,1000,30.000000,10000.000000,0,0,169255941,884,0,884,-5,0,14,2
61,1000,30.000000,10000.000000,0,0,169255948,922,0,922,-7,0,14,2
61,1000,30.000000,10000.000000,0,0,169255955,957,0,957,-9,0,14,2
61,1000,30.000000,10000.000000,0,0,169255962,986,0,986,-10,0,14,2
61,1000,30.000000,10000.000000,0,0,169255969,1020,0,1020,-11,0,14,2
61,1000,30.000000,10000.000000,0,0,169255984,1050,0,1050,-11,0,14,2
61,1000,30.000000,10000.000000,0,0,169255993,1112,0,1112,-12,0,14,2
61,1000,30.000000,10000.000000,0,0,169256001,1148,0,1148,-12,0,14,2
61,1000,30.000000,10000.000000,0,0,169256008,1167,0,1167,-12,0,14,2
61,1000,30.000000,10000.000000,0,0,169256014,1184,0,1184,-12,0,14,2
61,1000,30.000000,10000.000000,0,0,169256020,1196,0,1196,-12,0,14,2
61,1000,30.000000,10000.000000,0,0,169256026,1208,0,1208,-12,0,14,2
61,1000,30.000000,10000.000000,0,0,169256032,1217,0,1217,-12,0,14,2
61,1000,30.000000,10000.000000,0,0,169256038,1226,0,1226,-12,0,14,2
61,1000,30.000000,10000.000000,0,0,169256045,1233,0,1233,-12,0,14,2
61,1000,30.000000,10000.000000,0,0,169256052,1244,0,1244,-12,0,14,2
61,1000,30.000000,10000.000000,0,0,169256059,1254,0,1254,-12,0,14,2
61,1000,30.000000,10000.000000,0,0,169256068,1264,0,1264,-13,0,14,2
61,1000,30.000000,10000.000000,0,0,169256075,1275,0,1275,-14,0,14,2
61,1000,30.000000,10000.000000,0,0,169256081,1282,0,1282,-14,0,14,2
61,1000,30.000000,10000.000000,0,0,169256087,1290,0,1290,-15,0,14,2
61,1000,30.000000,10000.000000,0,0,169256094,1298,0,1298,-15,0,14,2
61,1000,30.000000,10000.000000,0,0,169256101,1306,0,1306,-15,0,14,2
61,1000,30.000000,10000.000000,0,0,169256107,1315,0,1315,-15,0,14,2
61,1000,30.000000,10000.000000,0,0,169256114,1323,0,1323,-16,0,14,2
61,1000,30.000000,10000.000000,0,0,169256122,1332,0,1332,-16,0,14,2
61,1000,30.000000,10000.000000,0,0,169256128,1340,0,1340,-16,0,14,2
61,1000,30.000000,10000.000000,0,0,169256139,1351,0,1351,-16,0,14,2
61,1000,30.000000,10000.000000,0,0,169256145,1365,0,1365,-16,0,14,2
61,1000,30.000000,10000.000000,0,0,169256151,1373,0,1373,-16,0,14,2
61,1000,30.000000,10000.000000,0,0,169256158,1379,0,1379,-16,0,14,2
61,1000,30.000000,10000.000000,0,0,169256164,1386,0,1386,-16,0,14,2
61,1000,30.000000,10000.000000,0,0,169256170,1390,0,1390,-16,0,14,2
61,1000,30.000000,10000.000000,0,0,169256178,1393,0,1393,-16,0,14,2
61,1000,30.000000,10000.000000,0,0,169256184,1398,0,1398,-16,0,14,2
61,1000,30.000000,10000.000000,0,0,169256191,1400,0,1400,-16,0,14,2
61,1000,30.000000,10000.000000,0,0,169256198,1402,0,1402,-16,0,14,2
61,1000,30.000000,10000.000000,0,0,169256205,1404,0,1404,-16,0,14,2
61,1000,30.000000,10000.000000,0,0,169256213,1406,0,1406,-16,0,14,2
61,1000,30.000000,10000.000000,0,0,169256220,1409,0,1409,-16,0,14,2
61,1000,30.000000,10000.000000,0,0,169256228,1411,0,1411,-16,0,14,2
61,1000,30.000000,10000.000000,0,0,169256236,1413,0,1413,-16,0,14,2
61,1000,30.000000,10000.000000,0,0,169256245,1415,0,1415,-16,0,14,2
61,1000,30.000000,10000.000000,0,0,169256252,1417,0,1417,-16,0,14,2
61,1000,30.000000,10000.000000,0,0,169256259,1418,0,1418,-16,0,14,2
61,1000,30.000000,10000.000000,0,0,169256266,1419,0,1419,-16,0,14,2
61,1000,30.000000,10000.000000,0,0,169256272,1420,0,1420,-16,0,14,2
61,1000,30.000000,10000.000000,0,0,169256278,1420,0,1420,-16,0,14,2
61,1000,30.000000,10000.000000,0,0,169256284,1420,0,1420,-16,0,14,2
61,1000,30.000000,10000.000000,0,0,169256290,1420,0,1420,-16,0,14,2
61,1000,30.000000,10000.000000,0,0,169256298,1420,0,1420,-16,0,14,2
61,1000,30.000000,10000.000000,0,0,169256304,1420,0,1420,-16,0,14,2
61,1000,30.000000,10000.000000,0,0,169256310,1420,0,1420,-16,0,14,2
61,1000,30.000000,10000.000000,0,0,169256317,1420,1,1420,-15,0,14,2
61,1000,30.000000,10000.000000,0,0,169256323,1421,1,1421,-15,0,14,2
61,1000,30.000000,10000.000000,0,0,169256330,1423,1,1423,-15,0,14,2
61,1000,30.000000,10000.000000,0,0,169256337,1425,1,1425,-15,0,14,2
61,1000,30.000000,10000.000000,0,0,169256344,1427,1,1427,-15,0,14,2
61,1000,30.000000,10000.000000,0,0,169256351,1428,1,1428,-15,0,14,2
61,1000,30.000000,10000.000000,0,0,169256358,1430,1,1430,-15,0,14,2
61,1000,30.000000,10000.000000,0,0,169256365,1432,1,1432,-15,0,14,2
61,1000,30.000000,10000.000000,0,0,169256372,1433,1,1433,-15,0,14,2
61,1000,30.000000,10000.000000,0,0,169256379,1434,1,1434,-15,0,14,2
61,1000,30.000000,10000.000000,0,0,169256397,1435,1,1435,-15,0,14,2
61,1000,30.000000,10000.000000,0,0,169256407,1438,1,1438,-15,0,14,2
61,1000,30.000000,10000.000000,0,0,169256415,1441,1,1441,-15,0,14,2
61,1000,30.000000,10000.000000,0,0,169256422,1444,1,1444,-15,0,14,2
61,1000,30.000000,10000.000000,0,0,169256428,1448,1,1448,-15,0,14,2
61,1000,30.000000,10000.000000,0,0,169256434,1451,1,1451,-15,0,14,2
61,1000,30.000000,10000.000000,0,0,169256442,1454,1,1454,-15,0,14,2
61,1000,30.000000,10000.000000,0,0,169256448,1457,1,1457,-15,0,14,2
61,1000,30.000000,10000.000000,0,0,169256455,1459,1,1459,-15,0,14,2
61,1000,30.000000,10000.000000,0,0,169256462,1460,1,1460,-15,0,14,2
61,1000,30.000000,10000.000000,0,0,169256469,1461,1,1461,-15,0,14,2
61,1000,30.000000,10000.000000,0,0,169256476,1461,1,1461,-15,0,14,2
61,1000,30.000000,10000.000000,0,0,169256482,1461,1,1461,-15,0,14,2
61,1000,30.000000,10000.000000,0,0,169256490,1460,2,1460,-14,0,14,2
61,1000,30.000000,10000.000000,0,0,169256497,1459,3,1459,-13,0,14,2
61,1000,30.000000,10000.000000,0,0,169256503,1459,3,1459,-13,0,14,2
61,1000,30.000000,10000.000000,0,0,169256519,1459,3,1459,-13,0,14,2
61,1000,30.000000,10000.000000,0,0,169256528,1459,3,1459,-13,0,14,2
61,1000,30.000000,10000.000000,0,0,169256536,1459,3,1459,-13,0,14,2
61,1000,30.000000,10000.000000,0,0,169256542,1459,3,1459,-13,0,14,2
61,1000,30.000000,10000.000000,0,0,169256549,1459,3,1459,-13,0,14,2
61,1000,30.000000,10000.000000,0,0,169256577,1459,3,1459,-13,0,14,2
