61,1000,30.000000,0.000000,1,0,169444276,452,14,452,14,0,34,0
61,1000,30.000000,0.000000,1,0,169444278,452,14,452,14,0,34,0
61,1000,30.000000,0.000000,1,0,169444285,452,14,452,14,0,34,0
61,1000,30.000000,0.000000,1,0,169444292,452,14,452,14,0,34,0
61,1000,30.000000,0.000000,1,0,169444300,452,14,452,14,0,34,0
61,1000,30.000000,0.000000,1,0,169444307,452,14,452,14,0,34,0
61,1000,30.000000,0.000000,1,0,169444313,452,14,452,14,0,34,0
61,1000,30.000000,0.000000,1,0,169444320,452,14,452,14,0,34,0
61,1000,30.000000,0.000000,1,0,169444327,452,14,452,14,0,34,0
61,1000,30.000000,0.000000,1,0,169444334,451,13,451,13,0,34,0
61,1000,30.000000,0.000000,1,0,169444341,450,13,450,13,0,34,0
61,1000,30.000000,0.000000,1,0,169444348,449,13,449,13,0,34,0
61,1000,30.000000,0.000000,1,0,169444355,448,13,448,13,0,34,0
61,1000,30.000000,0.000000,1,0,169444362,447,13,447,13,0,34,0
61,1000,30.000000,0.000000,1,0,169444369,447,13,447,13,0,34,0
61,1000,30.000000,0.000000,1,0,169444376,447,13,447,13,0,34,0
61,1000,30.000000,0.000000,1,0,169444383,447,13,447,13,0,34,0
61,1000,30.000000,0.000000,1,0,169444389,447,13,447,13,0,34,0
61,1000,30.000000,0.000000,1,0,169444396,447,14,447,14,0,34,0
61,1000,30.000000,0.000000,1,0,169444403,448,14,448,14,0,34,0
61,1000,30.000000,0.000000,1,0,169444410,449,16,449,16,0,34,0
61,1000,30.000000,0.000000,1,0,169444417,451,16,451,16,0,34,0
61,1000,30.000000,0.000000,1,0,169444424,452,16,452,16,0,34,0
61,1000,30.000000,0.000000,1,0,169444431,456,17,456,17,0,34,0
61,1000,30.000000,0.000000,1,0,169444439,458,19,458,19,0,34,0
61,1000,30.000000,0.000000,1,0,169444446,461,21,461,21,0,34,0
61,1000,30.000000,0.000000,1,0,169444452,465,23,465,23,0,34,0
61,1000,30.000000,0.000000,1,0,169444459,469,25,469,25,0,34,0
61,1000,30.000000,0.000000,1,0,169444466,477,27,477,27,0,34,0
61,1000,30.000000,0.000000,1,0,169444473,486,30,486,30,0,34,0
61,1000,30.000000,0.000000,1,0,169444480,498,34,498,34,0,34,0
61,1000,30.000000,0.000000,1,0,169444486,511,37,511,37,0,34,0
61,1000,30.000000,0.000000,1,0,169444493,528,42,528,42,0,34,0
61,1000,30.000000,0.000000,1,0,169444500,545,45,545,45,0,34,0
61,1000,30.000000,0.000000,1,0,169444507,566,49,566,49,0,34,0
61,1000,30.000000,0.000000,1,0,169444514,594,53,594,53,0,34,0
61,1000,30.000000,0.000000,1,0,169444521,622,58,622,58,0,34,0
61,1000,30.000000,0.000000,1,0,169444528,655,62,655,62,0,34,0
61,1000,30.000000,0.000000,1,0,169444535,684,65,684,65,0,34,0
61,1000,30.000000,0.000000,1,0,169444541,724,69,724,69,0,34,0
61,1000,30.000000,0.000000,1,0,169444548,746,71,746,71,0,34,0
61,1000,30.000000,0.000000,1,0,169444555,775,73,775,73,0,34,0
61,1000,30.000000,0.000000,1,0,169444562,811,74,811,74,0,34,0
61,1000,30.000000,0.000000,1,0,169444569,843,75,843,75,0,34,0
61,1000,30.000000,0.000000,1,0,169444576,871,75,871,75,0,34,0
61,1000,30.000000,0.000000,1,0,169444583,904,75,904,75,0,34,0
61,1000,30.000000,0.000000,1,0,169444590,927,76,927,76,0,34,0
61,1000,30.000000,0.000000,1,0,169444597,958,76,958,76,0,34,0
61,1000,30.000000,0.000000,1,0,169444604,987,76,987,76,0,34,0
61,1000,30.000000,0.000000,1,0,169444611,1015,76,1015,76,0,34,0
61,1000,30.000000,0.000000,1,0,169444618,1040,76,1040,76,0,34,0
61,1000,30.000000,0.000000,1,0,169444626,1065,76,1065,76,0,34,0
61,1000,30.000000,0.000000,1,0,169444633,1089,76,1089,76,0,34,0
61,1000,30.000000,0.000000,1,0,169444640,1112,76,1112,76,0,34,0
61,1000,30.000000,0.000000,1,0,169444647,1132,76,1132,76,0,34,0
61,1000,30.000000,0.000000,1,0,169444654,1148,76,1148,76,0,34,0
61,1000,30.000000,0.000000,1,0,169444661,1162,76,1162,76,0,34,0
61,1000,30.000000,0.000000,1,0,169444668,1177,76,1177,76,0,34,0
61,1000,30.000000,0.000000,1,0,169444674,1192,76,1192,76,0,34,0
61,1000,30.000000,0.000000,1,0,169444680,1203,76,1203,76,0,34,0
61,1000,30.000000,0.000000,1,0,169444687,1212,75,1212,75,0,34,0
61,1000,30.000000,0.000000,1,0,169444694,1224,75,1224,75,0,34,0
61,1000,30.000000,0.000000,1,0,169444701,1236,74,1236,74,0,34,0
61,1000,30.000000,0.000000,1,0,169444708,1246,74,1246,74,0,34,0
61,1000,30.000000,0.000000,1,0,169444715,1255,74,1255,74,0,34,0
61,1000,30.000000,0.000000,1,0,169444722,1264,74,1264,74,0,34,0
61,1000,30.000000,0.000000,1,0,169444729,1275,74,1275,74,0,34,0
61,1000,30.000000,0.000000,1,0,169444736,1284,74,1284,74,0,34,0
61,1000,30.000000,0.000000,1,0,169444752,1292,73,1292,73,0,34,0
61,1000,30.000000,0.000000,1,0,169444761,1310,72,1310,72,0,34,0
61,1000,30.000000,0.000000,1,0,169444770,1323,71,1323,71,0,34,0
61,1000,30.000000,0.000000,1,0,169444777,1333,70,1333,70,0,34,0
61,1000,30.000000,0.000000,1,0,169444783,1341,70,1341,70,0,34,0
61,1000,30.000000,0.000000,1,0,169444789,1349,70,1349,70,0,34,0
61,1000,30.000000,0.000000,1,0,169444796,1357,69,1357,69,0,34,0
61,1000,30.000000,0.000000,1,0,169444802,1364,68,1364,68,0,34,0
61,1000,30.000000,0.000000,1,0,169444811,1370,67,1370,67,0,34,0
61,1000,30.000000,0.000000,1,0,169444818,1377,67,1377,67,0,34,0
61,1000,30.000000,0.000000,1,0,169444825,1384,67,1384,67,0,34,0
61,1000,30.000000,0.000000,1,0,169444834,1390,66,1390,66,0,34,0
61,1000,30.000000,0.000000,1,0,169444842,1397,64,1397,64,0,34,0
61,1000,30.000000,0.000000,1,0,169444847,1402,63,1402,63,0,34,0
61,1000,30.000000,0.000000,1,0,169444854,1405,62,1405,62,0,34,0
61,1000,30.000000,0.000000,1,0,169444861,1409,61,1409,61,0,34,0
61,1000,30.000000,0.000000,1,0,169444869,1413,61,1413,61,0,34,0
61,1000,30.000000,0.000000,1,0,169444876,1416,61,1416,61,0,34,0
61,1000,30.000000,0.000000,1,0,169444882,1420,60,1420,60,0,34,0
61,1000,30.000000,0.000000,1,0,169444889,1423,60,1423,60,0,34,0
61,1000,30.000000,0.000000,1,0,169444896,1426,59,1426,59,0,34,0
61,1000,30.000000,0.000000,1,0,169444903,1429,59,1429,59,0,34,0
61,1000,30.000000,0.000000,1,0,169444911,1432,58,1432,58,0,34,0
61,1000,30.000000,0.000000,1,0,169444917,1433,57,1433,57,0,34,0
61,1000,30.000000,0.000000,1,0,169444925,1435,56,1435,56,0,34,0
61,1000,30.000000,0.000000,1,0,169444936,1437,55,1437,55,0,34,0
61,1000,30.000000,0.000000,1,0,169444947,1442,53,1442,53,0,34,0
61,1000,30.000000,0.000000,1,0,169444958,1447,52,1447,52,0,34,0
61,1000,30.000000,0.000000,1,0,169444971,1451,50,1451,50,0,34,0
61,1000,30.000000,0.000000,1,0,169444983,1454,48,1454,48,0,34,0
61,1000,30.000000,0.000000,1,0,169444994,1460,44,1460,44,0,34,0
61,1000,30.000000,0.000000,1,0,169445004,1460,43,1460,43,0,34,0
61,1000,30.000000,0.000000,1,0,169445014,1460,42,1460,42,0,34,0
61,1000,30.000000,0.000000,1,0,169445025,1461,41,1461,41,0,34,0
61,1000,30.000000,0.000000,1,0,169445036,1461,40,1461,40,0,34,0
61,1000,30.000000,0.000000,1,0,169445047,1462,38,1462,38,0,34,0
61,1000,30.000000,0.000000,1,0,169445058,1463,36,1463,36,0,34,0
61,1000,30.000000,0.000000,1,0,169445069,1463,34,1463,34,0,34,0
61,1000,30.000000,0.000000,1,0,169445081,1464,33,1464,33,0,34,0
61,1000,30.000000,0.000000,1,0,169445091,1464,31,1464,31,0,34,0
61,1000,30.000000,0.000000,1,0,169445102,1464,30,1464,30,0,34,0
61,1000,30.000000,0.000000,1,0,169445111,1463,28,1463,28,0,34,0
61,1000,30.000000,0.000000,1,0,169445122,1463,27,1463,27,0,34,0
61,1000,30.000000,0.000000,1,0,169445129,1463,26,1463,26,0,34,0
61,1000,30.000000,0.000000,1,0,169445136,1463,25,1463,25,0,34,0
61,1000,30.000000,0.000000,1,0,169445142,1463,24,1463,24,0,34,0
61,1000,30.000000,0.000000,1,0,169445150,1464,23,1464,23,0,34,0
61,1000,30.000000,0.000000,1,0,169445157,1464,21,1464,21,0,34,0
61,1000,30.000000,0.000000,1,0,169445165,1464,21,1464,21,0,34,0
61,1000,30.000000,0.000000,1,0,169445175,1464,21,1464,21,0,34,0
61,1000,30.000000,0.000000,1,0,169445185,1464,21,1464,21,0,34,0
61,1000,30.000000,0.000000,1,0,169445196,1464,21,1464,21,0,34,0
61,1000,30.000000,0.000000,1,0,169445206,1464,21,1464,21,0,34,0
61,1000,30.000000,0.000000,1,0,169445215,1464,21,1464,21,0,34,0
61,1000,30.000000,0.000000,1,0,169445226,1464,21,1464,21,0,34,0
61,1000,30.000000,0.000000,1,0,169445237,1464,20,1464,20,0,34,0
61,1000,30.000000,0.000000,1,0,169445247,1464,19,1464,19,0,34,0
61,1000,30.000000,0.000000,1,0,169445257,1464,19,1464,19,0,34,0
61,1000,30.000000,0.000000,1,0,169445265,1464,18,1464,18,0,34,0
61,1000,30.000000,0.000000,1,0,169445304,1464,17,1464,17,0,34,0
