100,720,21.600000,43.200000,1,0,868088174,595,0,595,0,0,43,1
100,720,21.600000,43.200000,1,0,868088175,595,0,595,0,0,43,1
100,720,21.600000,43.200000,1,0,868088181,595,0,595,0,0,43,1
100,720,21.600000,43.200000,1,0,868088186,595,0,595,0,0,43,1
100,720,21.600000,43.200000,1,0,868088192,595,0,595,0,0,43,1
100,720,21.600000,43.200000,1,0,868088198,595,0,595,0,0,43,1
100,720,21.600000,43.200000,1,0,868088205,596,0,596,0,0,43,1
100,720,21.600000,43.200000,1,0,868088210,597,0,597,0,0,43,1
100,720,21.600000,43.200000,1,0,868088216,597,0,597,0,0,43,1
100,720,21.600000,43.200000,1,0,868088222,597,0,597,0,0,43,1
100,720,21.600000,43.200000,1,0,868088227,597,0,597,-1,0,43,1
100,720,21.600000,43.200000,1,0,868088232,597,0,597,-1,0,43,1
100,720,21.600000,43.200000,1,0,868088238,597,0,597,-1,0,43,1
100,720,21.600000,43.200000,1,0,868088243,597,0,597,-1,0,43,1
100,720,21.600000,43.200000,1,0,868088249,598,0,598,-1,0,43,1
100,720,21.600000,43.200000,1,0,868088255,599,0,599,-1,0,43,1
100,720,21.600000,43.200000,1,0,868088261,600,0,600,-1,0,43,1
100,720,21.600000,43.200000,1,0,868088266,604,0,604,-2,0,43,1
100,720,21.600000,43.200000,1,0,868088272,609,0,609,-2,0,43,1
100,720,21.600000,43.200000,1,0,868088278,617,0,617,-3,0,43,1
100,720,21.600000,43.200000,1,0,868088283,627,0,627,-5,0,43,1
100,720,21.600000,43.200000,1,0,868088289,640,0,640,-7,0,43,1
100,720,21.600000,43.200000,1,0,868088294,656,0,656,-9,0,43,1
100,720,21.600000,43.200000,1,0,868088300,676,0,676,-11,0,43,1
100,720,21.600000,43.200000,1,0,868088305,703,0,703,-14,0,43,1
100,720,21.600000,43.200000,1,0,868088314,732,0,732,-16,0,43,1
100,720,21.600000,43.200000,1,0,868088320,792,0,792,-21,0,43,1
100,720,21.600000,43.200000,1,0,868088326,827,0,827,-24,0,43,1
100,720,21.600000,43.200000,1,0,868088332,862,0,862,-27,0,43,1
100,720,21.600000,43.200000,1,0,868088338,906,0,906,-30,0,43,1
100,720,21.600000,43.200000,1,0,868088344,937,0,937,-31,0,43,1
100,720,21.600000,43.200000,1,0,868088350,977,0,977,-34,0,43,1
100,720,21.600000,43.200000,1,0,868088356,1011,0,1011,-36,0,43,1
100,720,21.600000,43.200000,1,0,868088364,1047,0,1047,-38,0,43,1
100,720,21.600000,43.200000,1,0,868088372,1098,0,1098,-41,0,43,1
100,720,21.600000,43.200000,1,0,868088379,1149,0,1149,-45,0,43,1
100,720,21.600000,43.200000,1,0,868088386,1182,0,1182,-48,0,43,1
100,720,21.600000,43.200000,1,0,868088392,1209,0,1209,-50,0,43,1
100,720,21.600000,43.200000,1,0,868088399,1231,0,1231,-52,0,43,1
100,720,21.600000,43.200000,1,0,868088405,1247,0,1247,-52,0,43,1
100,720,21.600000,43.200000,1,0,868088411,1254,0,1254,-53,0,43,1
100,720,21.600000,43.200000,1,0,868088416,1259,0,1259,-53,0,43,1
100,720,21.600000,43.200000,1,0,868088424,1265,0,1265,-53,0,43,1
100,720,21.600000,43.200000,1,0,868088430,1265,0,1265,-53,0,43,1
100,720,21.600000,43.200000,1,0,868088436,1265,0,1265,-53,0,43,1
100,720,21.600000,43.200000,1,0,868088441,1265,0,1265,-53,0,43,1
100,720,21.600000,43.200000,1,0,868088447,1265,0,1265,-53,0,43,1
100,720,21.600000,43.200000,1,0,868088453,1265,0,1265,-53,0,43,1
100,720,21.600000,43.200000,1,0,868088459,1265,0,1265,-53,0,43,1
100,720,21.600000,43.200000,1,0,868088464,1265,0,1265,-53,0,43,1
100,720,21.600000,43.200000,1,0,868088470,1265,0,1265,-53,0,43,1
100,720,21.600000,43.200000,1,0,868088475,1265,0,1265,-53,0,43,1
100,720,21.600000,43.200000,1,0,868088481,1265,0,1265,-53,0,43,1
100,720,21.600000,43.200000,1,0,868088487,1265,0,1265,-53,0,43,1
100,720,21.600000,43.200000,1,0,868088492,1265,0,1265,-53,0,43,1
100,720,21.600000,43.200000,1,0,868088498,1266,0,1266,-53,0,43,1
100,720,21.600000,43.200000,1,0,868088504,1267,0,1267,-53,0,43,1
100,720,21.600000,43.200000,1,0,868088510,1268,0,1268,-53,0,43,1
100,720,21.600000,43.200000,1,0,868088515,1268,0,1268,-53,0,43,1
100,720,21.600000,43.200000,1,0,868088521,1269,0,1269,-53,0,43,1
100,720,21.600000,43.200000,1,0,868088527,1271,0,1271,-53,0,43,1
100,720,21.600000,43.200000,1,0,868088534,1273,0,1273,-53,0,43,1
100,720,21.600000,43.200000,1,0,868088539,1274,0,1274,-54,0,43,1
100,720,21.600000,43.200000,1,0,868088545,1275,0,1275,-54,0,43,1
100,720,21.600000,43.200000,1,0,868088551,1276,0,1276,-55,0,43,1
100,720,21.600000,43.200000,1,0,868088558,1277,0,1277,-55,0,43,1
100,720,21.600000,43.200000,1,0,868088563,1277,0,1277,-55,0,43,1
100,720,21.600000,43.200000,1,0,868088569,1277,0,1277,-55,0,43,1
100,720,21.600000,43.200000,1,0,868088575,1278,0,1278,-55,0,43,1
100,720,21.600000,43.200000,1,0,868088581,1278,0,1278,-56,0,43,1
100,720,21.600000,43.200000,1,0,868088586,1279,0,1279,-56,0,43,1
100,720,21.600000,43.200000,1,0,868088592,1281,0,1281,-56,0,43,1
100,720,21.600000,43.200000,1,0,868088597,1285,0,1285,-57,0,43,1
100,720,21.600000,43.200000,1,0,868088603,1289,0,1289,-58,0,43,1
100,720,21.600000,43.200000,1,0,868088609,1294,0,1294,-58,0,43,1
100,720,21.600000,43.200000,1,0,868088615,1300,0,1300,-59,0,43,1
100,720,21.600000,43.200000,1,0,868088621,1307,0,1307,-60,0,43,1
100,720,21.600000,43.200000,1,0,868088626,1314,0,1314,-60,0,43,1
100,720,21.600000,43.200000,1,0,868088632,1320,0,1320,-60,0,43,1
100,720,21.600000,43.200000,1,0,868088639,1325,0,1325,-60,0,43,1
100,720,21.600000,43.200000,1,0,868088645,1328,0,1328,-60,0,43,1
100,720,21.600000,43.200000,1,0,868088650,1329,0,1329,-60,0,43,1
100,720,21.600000,43.200000,1,0,868088656,1330,0,1330,-60,0,43,1
100,720,21.600000,43.200000,1,0,868088661,1331,0,1331,-60,0,43,1
100,720,21.600000,43.200000,1,0,868088667,1332,0,1332,-60,0,43,1
100,720,21.600000,43.200000,1,0,868088672,1333,0,1333,-60,0,43,1
100,720,21.600000,43.200000,1,0,868088678,1334,0,1334,-60,0,43,1
100,720,21.600000,43.200000,1,0,868088683,1334,0,1334,-60,0,43,1
100,720,21.600000,43.200000,1,0,868088689,1334,0,1334,-60,0,43,1
100,720,21.600000,43.200000,1,0,868088694,1334,0,1334,-60,0,43,1
100,720,21.600000,43.200000,1,0,868088700,1334,0,1334,-60,0,43,1
100,720,21.600000,43.200000,1,0,868088706,1333,0,1333,-60,0,43,1
100,720,21.600000,43.200000,1,0,868088711,1331,0,1331,-60,0,43,1
100,720,21.600000,43.200000,1,0,868088717,1330,0,1330,-60,0,43,1
100,720,21.600000,43.200000,1,0,868088723,1328,0,1328,-60,0,43,1
100,720,21.600000,43.200000,1,0,868088728,1327,0,1327,-60,0,43,1
100,720,21.600000,43.200000,1,0,868088733,1326,0,1326,-60,0,43,1
100,720,21.600000,43.200000,1,0,868088739,1325,0,1325,-61,0,43,1
100,720,21.600000,43.200000,1,0,868088745,1324,0,1324,-61,0,43,1
100,720,21.600000,43.200000,1,0,868088752,1322,0,1322,-61,0,43,1
100,720,21.600000,43.200000,1,0,868088758,1321,0,1321,-61,0,43,1
100,720,21.600000,43.200000,1,0,868088764,1321,0,1321,-61,0,43,1
100,720,21.600000,43.200000,1,0,868088770,1321,0,1321,-61,0,43,1
100,720,21.600000,43.200000,1,0,868088776,1321,0,1321,-61,0,43,1
100,720,21.600000,43.200000,1,0,868088781,1321,0,1321,-61,0,43,1
100,720,21.600000,43.200000,1,0,868088787,1321,0,1321,-61,0,43,1
100,720,21.600000,43.200000,1,0,868088792,1321,0,1321,-61,0,43,1
100,720,21.600000,43.200000,1,0,868088798,1321,0,1321,-61,0,43,1
100,720,21.600000,43.200000,1,0,868088803,1321,0,1321,-61,0,43,1
100,720,21.600000,43.200000,1,0,868088809,1321,0,1321,-61,0,43,1
100,720,21.600000,43.200000,1,0,868088814,1321,0,1321,-61,0,43,1
100,720,21.600000,43.200000,1,0,868088820,1321,0,1321,-61,0,43,1
100,720,21.600000,43.200000,1,0,868088825,1321,0,1321,-61,0,43,1
100,720,21.600000,43.200000,1,0,868088831,1321,0,1321,-61,0,43,1
100,720,21.600000,43.200000,1,0,868088836,1321,0,1321,-61,0,43,1
100,720,21.600000,43.200000,1,0,868088842,1321,0,1321,-61,0,43,1
100,720,21.600000,43.200000,1,0,868088847,1321,0,1321,-61,0,43,1
100,720,21.600000,43.200000,1,0,868088853,1321,0,1321,-61,0,43,1
100,720,21.600000,43.200000,1,0,868088861,1321,0,1321,-61,0,43,1
100,720,21.600000,43.200000,1,0,868088867,1321,0,1321,-61,0,43,1
100,720,21.600000,43.200000,1,0,868088875,1321,0,1321,-61,0,43,1
100,720,21.600000,43.200000,1,0,868088882,1321,0,1321,-61,0,43,1
100,720,21.600000,43.200000,1,0,868088888,1321,0,1321,-61,0,43,1
100,720,21.600000,43.200000,1,0,868088893,1321,0,1321,-62,0,43,1
100,720,21.600000,43.200000,1,0,868088899,1321,0,1321,-62,0,43,1
100,720,21.600000,43.200000,1,0,868088904,1321,0,1321,-62,0,43,1
100,720,21.600000,43.200000,1,0,868088909,1321,0,1321,-62,0,43,1
100,720,21.600000,43.200000,1,0,868088915,1321,0,1321,-62,0,43,1
100,720,21.600000,43.200000,1,0,868088920,1321,0,1321,-62,0,43,1
100,720,21.600000,43.200000,1,0,868088927,1321,0,1321,-62,0,43,1
100,720,21.600000,43.200000,1,0,868088932,1321,0,1321,-62,0,43,1
100,720,21.600000,43.200000,1,0,868088938,1321,0,1321,-62,0,43,1
100,720,21.600000,43.200000,1,0,868088943,1321,0,1321,-62,0,43,1
100,720,21.600000,43.200000,1,0,868088949,1321,0,1321,-62,0,43,1
100,720,21.600000,43.200000,1,0,868088954,1321,0,1321,-62,0,43,1
100,720,21.600000,43.200000,1,0,868088960,1321,0,1321,-62,0,43,1
100,720,21.600000,43.200000,1,0,868088967,1321,0,1321,-62,0,43,1
100,720,21.600000,43.200000,1,0,868088974,1321,0,1321,-62,0,43,1
100,720,21.600000,43.200000,1,0,868088980,1321,0,1321,-62,0,43,1
100,720,21.600000,43.200000,1,0,868088991,1321,0,1321,-62,0,43,1
