100,720,21.600000,10000.000000,1,1,867847816,599,0,599,0,1,15,2
100,720,21.600000,10000.000000,1,1,867847817,599,0,599,0,1,15,2
100,720,21.600000,10000.000000,1,1,867847823,599,0,599,0,1,15,2
100,720,21.600000,10000.000000,1,1,867847828,599,0,599,0,1,15,2
100,720,21.600000,10000.000000,1,1,867847834,599,0,599,0,1,15,2
100,720,21.600000,10000.000000,1,1,867847839,599,0,599,0,1,15,2
100,720,21.600000,10000.000000,1,1,867847844,599,0,599,0,1,15,2
100,720,21.600000,10000.000000,1,1,867847850,599,0,599,0,1,15,2
100,720,21.600000,10000.000000,1,1,867847856,599,0,599,0,1,15,2
100,720,21.600000,10000.000000,1,1,867847861,599,0,599,0,1,15,2
100,720,21.600000,10000.000000,1,1,867847866,599,0,599,0,1,15,2
100,720,21.600000,10000.000000,1,1,867847872,599,0,599,0,1,15,2
100,720,21.600000,10000.000000,1,1,867847877,599,0,599,0,1,15,2
100,720,21.600000,10000.000000,1,1,867847883,599,0,599,0,1,15,2
100,720,21.600000,10000.000000,1,1,867847889,599,0,599,0,1,15,2
100,720,21.600000,10000.000000,1,1,867847894,599,0,599,0,1,15,2
100,720,21.600000,10000.000000,1,1,867847900,599,0,599,0,1,15,2
100,720,21.600000,10000.000000,1,1,867847905,600,0,600,0,1,15,2
100,720,21.600000,10000.000000,1,1,867847911,603,1,603,1,1,15,2
100,720,21.600000,10000.000000,1,1,867847918,608,2,608,2,1,15,2
100,720,21.600000,10000.000000,1,1,867847923,617,3,617,3,1,15,2
100,720,21.600000,10000.000000,1,1,867847928,626,3,626,3,1,15,2
100,720,21.600000,10000.000000,1,1,867847935,635,3,635,3,1,15,2
100,720,21.600000,10000.000000,1,1,867847941,651,2,651,2,1,15,2
100,720,21.600000,10000.000000,1,1,867847947,667,1,667,1,1,15,2
100,720,21.600000,10000.000000,1,1,867847953,683,0,683,-1,1,15,2
100,720,21.600000,10000.000000,1,1,867847958,700,0,700,-3,1,15,2
100,720,21.600000,10000.000000,1,1,867847964,728,0,728,-7,1,15,2
100,720,21.600000,10000.000000,1,1,867847970,748,0,748,-10,1,15,2
100,720,21.600000,10000.000000,1,1,867847975,775,0,775,-13,1,15,2
100,720,21.600000,10000.000000,1,1,867847981,809,0,809,-18,1,15,2
100,720,21.600000,10000.000000,1,1,867847986,851,0,851,-24,1,15,2
100,720,21.600000,10000.000000,1,1,867847992,884,0,884,-28,1,15,2
100,720,21.600000,10000.000000,1,1,867847998,918,0,918,-33,1,15,2
100,720,21.600000,10000.000000,1,1,867848003,952,0,952,-38,1,15,2
100,720,21.600000,10000.000000,1,1,867848009,986,0,986,-43,1,15,2
100,720,21.600000,10000.000000,1,1,867848015,1020,0,1020,-48,1,15,2
100,720,21.600000,10000.000000,1,1,867848020,1050,0,1050,-52,1,15,2
100,720,21.600000,10000.000000,1,1,867848027,1079,0,1079,-56,1,15,2
100,720,21.600000,10000.000000,1,1,867848032,1105,0,1105,-60,1,15,2
100,720,21.600000,10000.000000,1,1,867848038,1135,0,1135,-64,1,15,2
100,720,21.600000,10000.000000,1,1,867848043,1156,0,1156,-66,1,15,2
100,720,21.600000,10000.000000,1,1,867848049,1183,0,1183,-70,1,15,2
100,720,21.600000,10000.000000,1,1,867848054,1212,0,1212,-74,1,15,2
100,720,21.600000,10000.000000,1,1,867848060,1231,0,1231,-76,1,15,2
100,720,21.600000,10000.000000,1,1,867848066,1257,0,1257,-79,1,15,2
100,720,21.600000,10000.000000,1,1,867848071,1269,0,1269,-80,1,15,2
100,720,21.600000,10000.000000,1,1,867848077,1281,0,1281,-81,1,15,2
100,720,21.600000,10000.000000,1,1,867848083,1290,0,1290,-81,1,15,2
100,720,21.600000,10000.000000,1,1,867848088,1297,0,1297,-81,1,15,2
100,720,21.600000,10000.000000,1,1,867848094,1298,0,1298,-81,1,15,2
100,720,21.600000,10000.000000,1,1,867848099,1299,0,1299,-81,1,15,2
100,720,21.600000,10000.000000,1,1,867848105,1300,0,1300,-81,1,15,2
100,720,21.600000,10000.000000,1,1,867848110,1301,0,1301,-81,1,15,2
100,720,21.600000,10000.000000,1,1,867848115,1300,0,1300,-81,1,15,2
100,720,21.600000,10000.000000,1,1,867848121,1298,0,1298,-81,1,15,2
100,720,21.600000,10000.000000,1,1,867848127,1295,1,1295,-80,1,15,2
100,720,21.600000,10000.000000,1,1,867848133,1292,1,1292,-80,1,15,2
100,720,21.600000,10000.000000,1,1,867848138,1288,1,1288,-80,1,15,2
100,720,21.600000,10000.000000,1,1,867848144,1284,1,1284,-80,1,15,2
100,720,21.600000,10000.000000,1,1,867848150,1281,1,1281,-80,1,15,2
100,720,21.600000,10000.000000,1,1,867848156,1278,2,1278,-79,1,15,2
100,720,21.600000,10000.000000,1,1,867848162,1277,2,1277,-79,1,15,2
100,720,21.600000,10000.000000,1,1,867848167,1275,2,1275,-79,1,15,2
100,720,21.600000,10000.000000,1,1,867848172,1273,2,1273,-79,1,15,2
100,720,21.600000,10000.000000,1,1,867848178,1271,2,1271,-79,1,15,2
100,720,21.600000,10000.000000,1,1,867848183,1271,2,1271,-79,1,15,2
100,720,21.600000,10000.000000,1,1,867848189,1271,2,1271,-79,1,15,2
100,720,21.600000,10000.000000,1,1,867848194,1271,2,1271,-79,1,15,2
100,720,21.600000,10000.000000,1,1,867848200,1271,2,1271,-79,1,15,2
100,720,21.600000,10000.000000,1,1,867848205,1271,2,1271,-79,1,15,2
100,720,21.600000,10000.000000,1,1,867848211,1271,2,1271,-79,1,15,2
100,720,21.600000,10000.000000,1,1,867848217,1271,2,1271,-79,1,15,2
100,720,21.600000,10000.000000,1,1,867848222,1271,2,1271,-79,1,15,2
100,720,21.600000,10000.000000,1,1,867848228,1272,2,1272,-79,1,15,2
100,720,21.600000,10000.000000,1,1,867848233,1273,2,1273,-79,1,15,2
100,720,21.600000,10000.000000,1,1,867848239,1274,2,1274,-79,1,15,2
100,720,21.600000,10000.000000,1,1,867848245,1275,2,1275,-79,1,15,2
100,720,21.600000,10000.000000,1,1,867848250,1275,2,1275,-79,1,15,2
100,720,21.600000,10000.000000,1,1,867848256,1275,2,1275,-79,1,15,2
100,720,21.600000,10000.000000,1,1,867848261,1275,2,1275,-79,1,15,2
100,720,21.600000,10000.000000,1,1,867848267,1275,2,1275,-79,1,15,2
100,720,21.600000,10000.000000,1,1,867848272,1275,1,1275,-80,1,15,2
100,720,21.600000,10000.000000,1,1,867848278,1276,1,1276,-80,1,15,2
100,720,21.600000,10000.000000,1,1,867848284,1278,1,1278,-80,1,15,2
100,720,21.600000,10000.000000,1,1,867848290,1281,0,1281,-81,1,15,2
100,720,21.600000,10000.000000,1,1,867848295,1285,0,1285,-82,1,15,2
100,720,21.600000,10000.000000,1,1,867848300,1290,0,1290,-83,1,15,2
100,720,21.600000,10000.000000,1,1,867848306,1295,0,1295,-84,1,15,2
100,720,21.600000,10000.000000,1,1,867848312,1300,0,1300,-85,1,15,2
100,720,21.600000,10000.000000,1,1,867848317,1305,0,1305,-86,1,15,2
100,720,21.600000,10000.000000,1,1,867848322,1309,0,1309,-87,1,15,2
100,720,21.600000,10000.000000,1,1,867848328,1313,0,1313,-88,1,15,2
100,720,21.600000,10000.000000,1,1,867848334,1315,0,1315,-89,1,15,2
100,720,21.600000,10000.000000,1,1,867848339,1317,0,1317,-89,1,15,2
100,720,21.600000,10000.000000,1,1,867848345,1319,0,1319,-89,1,15,2
100,720,21.600000,10000.000000,1,1,867848350,1320,0,1320,-89,1,15,2
100,720,21.600000,10000.000000,1,1,867848356,1321,0,1321,-90,1,15,2
100,720,21.600000,10000.000000,1,1,867848362,1321,0,1321,-90,1,15,2
100,720,21.600000,10000.000000,1,1,867848367,1321,0,1321,-90,1,15,2
100,720,21.600000,10000.000000,1,1,867848372,1321,0,1321,-90,1,15,2
100,720,21.600000,10000.000000,1,1,867848378,1321,0,1321,-90,1,15,2
100,720,21.600000,10000.000000,1,1,867848384,1321,0,1321,-90,1,15,2
100,720,21.600000,10000.000000,1,1,867848389,1321,0,1321,-90,1,15,2
100,720,21.600000,10000.000000,1,1,867848395,1321,0,1321,-90,1,15,2
100,720,21.600000,10000.000000,1,1,867848400,1321,0,1321,-90,1,15,2
100,720,21.600000,10000.000000,1,1,867848406,1321,0,1321,-90,1,15,2
100,720,21.600000,10000.000000,1,1,867848411,1321,0,1321,-90,1,15,2
100,720,21.600000,10000.000000,1,1,867848417,1320,0,1320,-90,1,15,2
100,720,21.600000,10000.000000,1,1,867848422,1319,0,1319,-90,1,15,2
100,720,21.600000,10000.000000,1,1,867848427,1318,0,1318,-90,1,15,2
100,720,21.600000,10000.000000,1,1,867848433,1318,0,1318,-90,1,15,2
100,720,21.600000,10000.000000,1,1,867848439,1318,1,1318,-89,1,15,2
100,720,21.600000,10000.000000,1,1,867848444,1318,2,1318,-88,1,15,2
100,720,21.600000,10000.000000,1,1,867848449,1318,2,1318,-88,1,15,2
100,720,21.600000,10000.000000,1,1,867848455,1318,2,1318,-88,1,15,2
100,720,21.600000,10000.000000,1,1,867848461,1318,2,1318,-88,1,15,2
100,720,21.600000,10000.000000,1,1,867848467,1318,2,1318,-88,1,15,2
100,720,21.600000,10000.000000,1,1,867848472,1318,2,1318,-88,1,15,2
100,720,21.600000,10000.000000,1,1,867848483,1318,2,1318,-88,0,15,2
