100,720,21.600000,43.200000,0,0,868226406,600,12,600,12,1,66,1
100,720,21.600000,43.200000,0,0,868226407,600,12,600,12,1,66,1
100,720,21.600000,43.200000,0,0,868226413,600,12,600,12,1,66,1
100,720,21.600000,43.200000,0,0,868226419,600,11,600,11,1,66,1
100,720,21.600000,43.200000,0,0,868226424,600,10,600,10,1,66,1
100,720,21.600000,43.200000,0,0,868226430,600,9,600,9,1,66,1
100,720,21.600000,43.200000,0,0,868226435,600,9,600,9,1,66,1
100,720,21.600000,43.200000,0,0,868226441,600,9,600,9,1,66,1
100,720,21.600000,43.200000,0,0,868226446,600,9,600,9,1,66,1
100,720,21.600000,43.200000,0,0,868226452,600,9,600,9,1,66,1
100,720,21.600000,43.200000,0,0,868226459,600,9,600,9,1,66,1
100,720,21.600000,43.200000,0,0,868226465,600,9,600,9,1,66,1
100,720,21.600000,43.200000,0,0,868226470,600,9,600,9,1,66,1
100,720,21.600000,43.200000,0,0,868226476,600,9,600,9,1,66,1
100,720,21.600000,43.200000,0,0,868226482,601,9,601,9,1,66,1
100,720,21.600000,43.200000,0,0,868226487,606,10,606,10,1,66,1
100,720,21.600000,43.200000,0,0,868226493,611,11,611,11,1,66,1
100,720,21.600000,43.200000,0,0,868226499,618,13,618,13,1,66,1
100,720,21.600000,43.200000,0,0,868226504,627,15,627,15,1,66,1
100,720,21.600000,43.200000,0,0,868226512,637,17,637,17,1,66,1
100,720,21.600000,43.200000,0,0,868226518,657,21,657,21,1,66,1
100,720,21.600000,43.200000,0,0,868226524,677,25,677,25,1,66,1
100,720,21.600000,43.200000,0,0,868226531,700,29,700,29,1,66,1
100,720,21.600000,43.200000,0,0,868226537,725,32,725,32,1,66,1
100,720,21.600000,43.200000,0,0,868226542,754,36,754,36,1,66,1
100,720,21.600000,43.200000,0,0,868226548,788,39,788,39,1,66,1
100,720,21.600000,43.200000,0,0,868226554,821,42,821,42,1,66,1
100,720,21.600000,43.200000,0,0,868226559,851,45,851,45,1,66,1
100,720,21.600000,43.200000,0,0,868226565,890,48,890,48,1,66,1
100,720,21.600000,43.200000,0,0,868226570,931,52,931,52,1,66,1
100,720,21.600000,43.200000,0,0,868226576,969,55,969,55,1,66,1
100,720,21.600000,43.200000,0,0,868226582,1013,59,1013,59,1,66,1
100,720,21.600000,43.200000,0,0,868226588,1053,61,1053,61,1,66,1
100,720,21.600000,43.200000,0,0,868226595,1091,62,1091,62,1,66,1
100,720,21.600000,43.200000,0,0,868226601,1137,63,1137,63,1,66,1
100,720,21.600000,43.200000,0,0,868226606,1171,63,1171,63,1,66,1
100,720,21.600000,43.200000,0,0,868226612,1204,62,1204,62,1,66,1
100,720,21.600000,43.200000,0,0,868226617,1233,60,1233,60,1,66,1
100,720,21.600000,43.200000,0,0,868226623,1258,58,1258,58,1,66,1
100,720,21.600000,43.200000,0,0,868226628,1275,56,1275,56,1,66,1
100,720,21.600000,43.200000,0,0,868226635,1295,51,1295,51,1,66,1
100,720,21.600000,43.200000,0,0,868226640,1308,45,1308,45,1,66,1
100,720,21.600000,43.200000,0,0,868226646,1311,43,1311,43,1,66,1
100,720,21.600000,43.200000,0,0,868226652,1312,41,1312,41,1,66,1
100,720,21.600000,43.200000,0,0,868226658,1312,38,1312,38,1,66,1
100,720,21.600000,43.200000,0,0,868226664,1310,34,1310,34,1,66,1
100,720,21.600000,43.200000,0,0,868226669,1306,31,1306,31,1,66,1
100,720,21.600000,43.200000,0,0,868226675,1303,29,1303,29,1,66,1
100,720,21.600000,43.200000,0,0,868226682,1299,27,1299,27,1,66,1
100,720,21.600000,43.200000,0,0,868226688,1296,25,1296,25,1,66,1
100,720,21.600000,43.200000,0,0,868226695,1295,24,1295,24,1,66,1
100,720,21.600000,43.200000,0,0,868226700,1294,23,1294,23,1,66,1
100,720,21.600000,43.200000,0,0,868226706,1293,22,1293,22,1,66,1
100,720,21.600000,43.200000,0,0,868226712,1292,21,1292,21,1,66,1
100,720,21.600000,43.200000,0,0,868226717,1292,21,1292,21,1,66,1
100,720,21.600000,43.200000,0,0,868226722,1292,21,1292,21,1,66,1
100,720,21.600000,43.200000,0,0,868226728,1292,21,1292,21,1,66,1
100,720,21.600000,43.200000,0,0,868226734,1292,21,1292,21,1,66,1
100,720,21.600000,43.200000,0,0,868226739,1292,21,1292,21,1,66,1
100,720,21.600000,43.200000,0,0,868226745,1292,21,1292,21,1,66,1
100,720,21.600000,43.200000,0,0,868226751,1292,21,1292,21,1,66,1
100,720,21.600000,43.200000,0,0,868226755,1292,21,1292,21,1,66,1
100,720,21.600000,43.200000,0,0,868226761,1292,21,1292,21,1,66,1
100,720,21.600000,43.200000,0,0,868226768,1292,21,1292,21,1,66,1
100,720,21.600000,43.200000,0,0,868226773,1293,20,1293,20,1,66,1
100,720,21.600000,43.200000,0,0,868226780,1295,19,1295,19,1,66,1
100,720,21.600000,43.200000,0,0,868226787,1297,18,1297,18,1,66,1
100,720,21.600000,43.200000,0,0,868226793,1300,17,1300,17,1,66,1
100,720,21.600000,43.200000,0,0,868226799,1302,16,1302,16,1,66,1
100,720,21.600000,43.200000,0,0,868226804,1306,14,1306,14,1,66,1
100,720,21.600000,43.200000,0,0,868226810,1309,13,1309,13,1,66,1
100,720,21.600000,43.200000,0,0,868226815,1311,12,1311,12,1,66,1
100,720,21.600000,43.200000,0,0,868226821,1312,12,1312,12,1,66,1
100,720,21.600000,43.200000,0,0,868226826,1313,12,1313,12,1,66,1
100,720,21.600000,43.200000,0,0,868226832,1314,12,1314,12,1,66,1
100,720,21.600000,43.200000,0,0,868226837,1314,12,1314,12,1,66,1
100,720,21.600000,43.200000,0,0,868226842,1314,12,1314,12,1,66,1
100,720,21.600000,43.200000,0,0,868226848,1314,12,1314,12,1,66,1
100,720,21.600000,43.200000,0,0,868226854,1314,12,1314,12,1,66,1
100,720,21.600000,43.200000,0,0,868226859,1314,12,1314,12,1,66,1
100,720,21.600000,43.200000,0,0,868226865,1314,12,1314,12,1,66,1
100,720,21.600000,43.200000,0,0,868226871,1315,12,1315,12,1,66,1
100,720,21.600000,43.200000,0,0,868226877,1316,12,1316,12,1,66,1
100,720,21.600000,43.200000,0,0,868226882,1317,12,1317,12,1,66,1
100,720,21.600000,43.200000,0,0,868226887,1318,12,1318,12,1,66,1
100,720,21.600000,43.200000,0,0,868226893,1319,12,1319,12,1,66,1
100,720,21.600000,43.200000,0,0,868226899,1320,12,1320,12,1,66,1
100,720,21.600000,43.200000,0,0,868226904,1321,12,1321,12,1,66,1
100,720,21.600000,43.200000,0,0,868226910,1322,12,1322,12,1,66,1
100,720,21.600000,43.200000,0,0,868226915,1323,12,1323,12,1,66,1
100,720,21.600000,43.200000,0,0,868226921,1324,12,1324,12,1,66,1
100,720,21.600000,43.200000,0,0,868226928,1325,11,1325,11,1,66,1
100,720,21.600000,43.200000,0,0,868226934,1326,11,1326,11,1,66,1
100,720,21.600000,43.200000,0,0,868226939,1327,11,1327,11,1,66,1
100,720,21.600000,43.200000,0,0,868226945,1328,11,1328,11,1,66,1
100,720,21.600000,43.200000,0,0,868226950,1328,11,1328,11,1,66,1
100,720,21.600000,43.200000,0,0,868226956,1329,11,1329,11,1,66,1
100,720,21.600000,43.200000,0,0,868226962,1330,11,1330,11,1,66,1
100,720,21.600000,43.200000,0,0,868226967,1330,11,1330,11,1,66,1
100,720,21.600000,43.200000,0,0,868226973,1330,11,1330,11,1,66,1
100,720,21.600000,43.200000,0,0,868226978,1330,11,1330,11,1,66,1
100,720,21.600000,43.200000,0,0,868226984,1330,11,1330,11,1,66,1
100,720,21.600000,43.200000,0,0,868226989,1330,11,1330,11,1,66,1
100,720,21.600000,43.200000,0,0,868226995,1330,11,1330,11,1,66,1
100,720,21.600000,43.200000,0,0,868227001,1330,11,1330,11,1,66,1
100,720,21.600000,43.200000,0,0,868227008,1330,11,1330,11,1,66,1
100,720,21.600000,43.200000,0,0,868227014,1330,11,1330,11,1,66,1
100,720,21.600000,43.200000,0,0,868227020,1330,11,1330,11,1,66,1
100,720,21.600000,43.200000,0,0,868227026,1330,11,1330,11,1,66,1
100,720,21.600000,43.200000,0,0,868227032,1330,11,1330,11,1,66,1
100,720,21.600000,43.200000,0,0,868227040,1330,11,1330,11,1,66,1
100,720,21.600000,43.200000,0,0,868227047,1329,11,1329,11,1,66,1
100,720,21.600000,43.200000,0,0,868227058,1329,11,1329,11,0,66,1
