100,720,21.600000,0.000000,0,0,868227877,597,16,597,16,0,66,2
100,720,21.600000,0.000000,0,0,868227879,597,16,597,16,0,66,2
100,720,21.600000,0.000000,0,0,868227885,597,15,597,15,0,66,2
100,720,21.600000,0.000000,0,0,868227890,597,14,597,14,0,66,2
100,720,21.600000,0.000000,0,0,868227896,597,13,597,13,0,66,2
100,720,21.600000,0.000000,0,0,868227901,597,13,597,13,0,66,2
100,720,21.600000,0.000000,0,0,868227907,597,13,597,13,0,66,2
100,720,21.600000,0.000000,0,0,868227912,598,12,598,12,0,66,2
100,720,21.600000,0.000000,0,0,868227918,599,12,599,12,0,66,2
100,720,21.600000,0.000000,0,0,868227924,600,12,600,12,0,66,2
100,720,21.600000,0.000000,0,0,868227929,601,12,601,12,0,66,2
100,720,21.600000,0.000000,0,0,868227934,602,12,602,12,0,66,2
100,720,21.600000,0.000000,0,0,868227940,603,12,603,12,0,66,2
100,720,21.600000,0.000000,0,0,868227946,605,12,605,12,0,66,2
100,720,21.600000,0.000000,0,0,868227951,608,13,608,13,0,66,2
100,720,21.600000,0.000000,0,0,868227957,612,15,612,15,0,66,2
100,720,21.600000,0.000000,0,0,868227963,617,17,617,17,0,66,2
100,720,21.600000,0.000000,0,0,868227968,623,20,623,20,0,66,2
100,720,21.600000,0.000000,0,0,868227974,630,23,630,23,0,66,2
100,720,21.600000,0.000000,0,0,868227979,640,26,640,26,0,66,2
100,720,21.600000,0.000000,0,0,868227985,649,29,649,29,0,66,2
100,720,21.600000,0.000000,0,0,868227991,665,33,665,33,0,66,2
100,720,21.600000,0.000000,0,0,868227997,687,37,687,37,0,66,2
100,720,21.600000,0.000000,0,0,868228002,709,41,709,41,0,66,2
100,720,21.600000,0.000000,0,0,868228008,733,45,733,45,0,66,2
100,720,21.600000,0.000000,0,0,868228014,756,48,756,48,0,66,2
100,720,21.600000,0.000000,0,0,868228020,783,52,783,52,0,66,2
100,720,21.600000,0.000000,0,0,868228028,813,55,813,55,0,66,2
100,720,21.600000,0.000000,0,0,868228034,851,59,851,59,0,66,2
100,720,21.600000,0.000000,0,0,868228041,892,62,892,62,0,66,2
100,720,21.600000,0.000000,0,0,868228048,937,64,937,64,0,66,2
100,720,21.600000,0.000000,0,0,868228053,988,65,988,65,0,66,2
100,720,21.600000,0.000000,0,0,868228059,1026,65,1026,65,0,66,2
100,720,21.600000,0.000000,0,0,868228065,1060,66,1060,66,0,66,2
100,720,21.600000,0.000000,0,0,868228071,1104,66,1104,66,0,66,2
100,720,21.600000,0.000000,0,0,868228077,1138,65,1138,65,0,66,2
100,720,21.600000,0.000000,0,0,868228082,1172,63,1172,63,0,66,2
100,720,21.600000,0.000000,0,0,868228088,1189,62,1189,62,0,66,2
100,720,21.600000,0.000000,0,0,868228094,1218,60,1218,60,0,66,2
100,720,21.600000,0.000000,0,0,868228100,1250,56,1250,56,0,66,2
100,720,21.600000,0.000000,0,0,868228106,1276,52,1276,52,0,66,2
100,720,21.600000,0.000000,0,0,868228111,1292,48,1292,48,0,66,2
100,720,21.600000,0.000000,0,0,868228117,1302,45,1302,45,0,66,2
100,720,21.600000,0.000000,0,0,868228123,1311,42,1311,42,0,66,2
100,720,21.600000,0.000000,0,0,868228129,1316,38,1316,38,0,66,2
100,720,21.600000,0.000000,0,0,868228135,1317,35,1317,35,0,66,2
100,720,21.600000,0.000000,0,0,868228141,1317,33,1317,33,0,66,2
100,720,21.600000,0.000000,0,0,868228147,1315,31,1315,31,0,66,2
100,720,21.600000,0.000000,0,0,868228153,1312,29,1312,29,0,66,2
100,720,21.600000,0.000000,0,0,868228158,1310,27,1310,27,0,66,2
100,720,21.600000,0.000000,0,0,868228164,1307,26,1307,26,0,66,2
100,720,21.600000,0.000000,0,0,868228169,1305,25,1305,25,0,66,2
100,720,21.600000,0.000000,0,0,868228174,1303,24,1303,24,0,66,2
100,720,21.600000,0.000000,0,0,868228180,1301,23,1301,23,0,66,2
100,720,21.600000,0.000000,0,0,868228185,1300,23,1300,23,0,66,2
100,720,21.600000,0.000000,0,0,868228190,1299,23,1299,23,0,66,2
100,720,21.600000,0.000000,0,0,868228196,1298,23,1298,23,0,66,2
100,720,21.600000,0.000000,0,0,868228202,1298,23,1298,23,0,66,2
100,720,21.600000,0.000000,0,0,868228207,1298,23,1298,23,0,66,2
100,720,21.600000,0.000000,0,0,868228214,1298,23,1298,23,0,66,2
100,720,21.600000,0.000000,0,0,868228219,1298,23,1298,23,0,66,2
100,720,21.600000,0.000000,0,0,868228225,1298,23,1298,23,0,66,2
100,720,21.600000,0.000000,0,0,868228230,1298,23,1298,23,0,66,2
100,720,21.600000,0.000000,0,0,868228236,1298,23,1298,23,0,66,2
100,720,21.600000,0.000000,0,0,868228242,1296,23,1296,23,0,66,2
100,720,21.600000,0.000000,0,0,868228247,1294,23,1294,23,0,66,2
100,720,21.600000,0.000000,0,0,868228253,1292,22,1292,22,0,66,2
100,720,21.600000,0.000000,0,0,868228259,1291,22,1291,22,0,66,2
100,720,21.600000,0.000000,0,0,868228264,1291,21,1291,21,0,66,2
100,720,21.600000,0.000000,0,0,868228270,1291,20,1291,20,0,66,2
100,720,21.600000,0.000000,0,0,868228275,1291,19,1291,19,0,66,2
100,720,21.600000,0.000000,0,0,868228282,1290,19,1290,19,0,66,2
100,720,21.600000,0.000000,0,0,868228287,1290,18,1290,18,0,66,2
100,720,21.600000,0.000000,0,0,868228293,1290,17,1290,17,0,66,2
100,720,21.600000,0.000000,0,0,868228299,1291,16,1291,16,0,66,2
100,720,21.600000,0.000000,0,0,868228304,1292,15,1292,15,0,66,2
100,720,21.600000,0.000000,0,0,868228309,1293,14,1293,14,0,66,2
100,720,21.600000,0.000000,0,0,868228315,1294,13,1294,13,0,66,2
100,720,21.600000,0.000000,0,0,868228320,1296,12,1296,12,0,66,2
100,720,21.600000,0.000000,0,0,868228326,1297,12,1297,12,0,66,2
100,720,21.600000,0.000000,0,0,868228332,1298,11,1298,11,0,66,2
100,720,21.600000,0.000000,0,0,868228337,1299,11,1299,11,0,66,2
100,720,21.600000,0.000000,0,0,868228343,1300,11,1300,11,0,66,2
100,720,21.600000,0.000000,0,0,868228348,1301,11,1301,11,0,66,2
100,720,21.600000,0.000000,0,0,868228353,1302,11,1302,11,0,66,2
100,720,21.600000,0.000000,0,0,868228359,1303,11,1303,11,0,66,2
100,720,21.600000,0.000000,0,0,868228365,1304,11,1304,11,0,66,2
100,720,21.600000,0.000000,0,0,868228370,1305,11,1305,11,0,66,2
100,720,21.600000,0.000000,0,0,868228376,1307,10,1307,10,0,66,2
100,720,21.600000,0.000000,0,0,868228381,1309,9,1309,9,0,66,2
100,720,21.600000,0.000000,0,0,868228387,1311,9,1311,9,0,66,2
100,720,21.600000,0.000000,0,0,868228393,1314,8,1314,8,0,66,2
100,720,21.600000,0.000000,0,0,868228399,1316,8,1316,8,0,66,2
100,720,21.600000,0.000000,0,0,868228404,1318,8,1318,8,0,66,2
100,720,21.600000,0.000000,0,0,868228410,1319,8,1319,8,0,66,2
100,720,21.600000,0.000000,0,0,868228416,1320,8,1320,8,0,66,2
100,720,21.600000,0.000000,0,0,868228421,1321,8,1321,8,0,66,2
100,720,21.600000,0.000000,0,0,868228427,1322,8,1322,8,0,66,2
100,720,21.600000,0.000000,0,0,868228433,1323,7,1323,7,0,66,2
100,720,21.600000,0.000000,0,0,868228438,1324,6,1324,6,0,66,2
100,720,21.600000,0.000000,0,0,868228445,1325,5,1325,5,0,66,2
100,720,21.600000,0.000000,0,0,868228450,1325,5,1325,5,0,66,2
100,720,21.600000,0.000000,0,0,868228455,1325,5,1325,5,0,66,2
100,720,21.600000,0.000000,0,0,868228461,1325,5,1325,5,0,66,2
100,720,21.600000,0.000000,0,0,868228467,1325,5,1325,5,0,66,2
100,720,21.600000,0.000000,0,0,868228472,1325,5,1325,5,0,66,2
100,720,21.600000,0.000000,0,0,868228478,1325,5,1325,5,0,66,2
100,720,21.600000,0.000000,0,0,868228483,1325,5,1325,5,0,66,2
100,720,21.600000,0.000000,0,0,868228489,1325,5,1325,5,0,66,2
100,720,21.600000,0.000000,0,0,868228495,1325,5,1325,5,0,66,2
100,720,21.600000,0.000000,0,0,868228500,1325,5,1325,5,0,66,2
100,720,21.600000,0.000000,0,0,868228506,1325,5,1325,5,0,66,2
100,720,21.600000,0.000000,0,0,868228511,1325,5,1325,5,0,66,2
100,720,21.600000,0.000000,0,0,868228517,1325,5,1325,5,0,66,2
100,720,21.600000,0.000000,0,0,868228522,1325,5,1325,5,0,66,2
100,720,21.600000,0.000000,0,0,868228528,1325,5,1325,5,0,66,2
100,720,21.600000,0.000000,0,0,868228533,1325,5,1325,5,0,66,2
100,720,21.600000,0.000000,0,0,868228539,1325,5,1325,5,0,66,2
100,720,21.600000,0.000000,0,0,868228545,1325,5,1325,5,0,66,2
100,720,21.600000,0.000000,0,0,868228550,1325,5,1325,5,0,66,2
100,720,21.600000,0.000000,0,0,868228555,1325,5,1325,5,0,66,2
100,720,21.600000,0.000000,0,0,868228561,1325,5,1325,5,0,66,2
100,720,21.600000,0.000000,0,0,868228566,1325,5,1325,5,0,66,2
100,720,21.600000,0.000000,0,0,868228572,1325,5,1325,5,0,66,2
100,720,21.600000,0.000000,0,0,868228578,1325,5,1325,5,0,66,2
100,720,21.600000,0.000000,0,0,868228583,1325,5,1325,5,0,66,2
100,720,21.600000,0.000000,0,0,868228589,1325,5,1325,5,0,66,2
100,720,21.600000,0.000000,0,0,868228595,1325,5,1325,5,0,66,2
100,720,21.600000,0.000000,0,0,868228600,1325,5,1325,5,0,66,2
100,720,21.600000,0.000000,0,0,868228605,1325,5,1325,5,0,66,2
100,720,21.600000,0.000000,0,0,868228612,1325,5,1325,5,0,66,2
100,720,21.600000,0.000000,0,0,868228617,1325,5,1325,5,0,66,2
100,720,21.600000,0.000000,0,0,868228627,1325,5,1325,5,0,66,2
