1,350,82.800000,12.276000,0,1,1410000236,785,22,785,22,0,0,26
1,350,82.800000,12.276000,0,1,1410000237,785,22,785,22,0,0,26
1,350,82.800000,12.276000,0,1,1410000243,785,22,785,22,0,0,26
1,350,82.800000,12.276000,0,1,1410000249,785,22,785,22,0,0,26
1,350,82.800000,12.276000,0,1,1410000254,785,22,785,22,0,0,26
1,350,82.800000,12.276000,0,1,1410000260,785,22,785,22,0,0,26
1,350,82.800000,12.276000,0,1,1410000265,785,22,785,22,0,0,26
1,350,82.800000,12.276000,0,1,1410000271,785,22,785,22,0,0,26
1,350,82.800000,12.276000,0,1,1410000276,785,22,785,22,0,0,26
1,350,82.800000,12.276000,0,1,1410000283,785,22,785,22,0,0,26
1,350,82.800000,12.276000,0,1,1410000288,789,22,789,22,0,0,26
1,350,82.800000,12.276000,0,1,1410000294,794,22,794,22,0,0,26
1,350,82.800000,12.276000,0,1,1410000300,802,22,802,22,0,0,26
1,350,82.800000,12.276000,0,1,1410000306,815,22,815,22,0,0,26
1,350,82.800000,12.276000,0,1,1410000312,824,21,824,21,0,0,26
1,350,82.800000,12.276000,0,1,1410000317,837,21,837,21,0,0,26
1,350,82.800000,12.276000,0,1,1410000323,853,21,853,21,0,0,26
1,350,82.800000,12.276000,0,1,1410000328,869,21,869,21,0,0,26
1,350,82.800000,12.276000,0,1,1410000334,884,20,884,20,0,0,26
1,350,82.800000,12.276000,0,1,1410000340,900,18,900,18,0,0,26
1,350,82.800000,12.276000,0,1,1410000346,916,17,916,17,0,0,26
1,350,82.800000,12.276000,0,1,1410000352,929,16,929,16,0,0,26
1,350,82.800000,12.276000,0,1,1410000357,941,15,941,15,0,0,26
1,350,82.800000,12.276000,0,1,1410000364,955,13,955,13,0,0,26
1,350,82.800000,12.276000,0,1,1410000369,968,11,968,11,0,0,26
1,350,82.800000,12.276000,0,1,1410000375,985,8,985,8,0,0,26
1,350,82.800000,12.276000,0,1,1410000380,994,7,994,7,0,0,26
1,350,82.800000,12.276000,0,1,1410000386,1007,5,1007,5,0,0,26
1,350,82.800000,12.276000,0,1,1410000392,1018,3,1018,3,0,0,26
1,350,82.800000,12.276000,0,1,1410000398,1029,2,1029,2,0,0,26
1,350,82.800000,12.276000,0,1,1410000403,1039,1,1039,1,0,0,26
1,350,82.800000,12.276000,0,1,1410000410,1050,0,1050,0,0,0,26
1,350,82.800000,12.276000,0,1,1410000416,1059,0,1059,-1,0,0,26
1,350,82.800000,12.276000,0,1,1410000422,1066,0,1066,-2,0,0,26
1,350,82.800000,12.276000,0,1,1410000428,1076,0,1076,-3,0,0,26
1,350,82.800000,12.276000,0,1,1410000434,1081,0,1081,-3,0,0,26
1,350,82.800000,12.276000,0,1,1410000439,1084,0,1084,-3,0,0,26
1,350,82.800000,12.276000,0,1,1410000445,1087,0,1087,-3,0,0,26
1,350,82.800000,12.276000,0,1,1410000451,1089,0,1089,-3,0,0,26
1,350,82.800000,12.276000,0,1,1410000457,1091,0,1091,-3,0,0,26
1,350,82.800000,12.276000,0,1,1410000463,1092,0,1092,-3,0,0,26
1,350,82.800000,12.276000,0,1,1410000469,1093,0,1093,-3,0,0,26
1,350,82.800000,12.276000,0,1,1410000475,1094,0,1094,-3,0,0,26
1,350,82.800000,12.276000,0,1,1410000480,1096,0,1096,-3,0,0,26
1,350,82.800000,12.276000,0,1,1410000486,1098,0,1098,-3,0,0,26
1,350,82.800000,12.276000,0,1,1410000492,1101,0,1101,-3,0,0,26
1,350,82.800000,12.276000,0,1,1410000498,1105,0,1105,-3,0,0,26
1,350,82.800000,12.276000,0,1,1410000503,1109,0,1109,-3,0,0,26
1,350,82.800000,12.276000,0,1,1410000509,1114,0,1114,-3,0,0,26
1,350,82.800000,12.276000,0,1,1410000515,1118,0,1118,-3,0,0,26
1,350,82.800000,12.276000,0,1,1410000520,1122,0,1122,-3,0,0,26
1,350,82.800000,12.276000,0,1,1410000526,1125,0,1125,-3,0,0,26
1,350,82.800000,12.276000,0,1,1410000532,1128,0,1128,-3,0,0,26
1,350,82.800000,12.276000,0,1,1410000538,1130,0,1130,-3,0,0,26
1,350,82.800000,12.276000,0,1,1410000543,1132,0,1132,-3,0,0,26
1,350,82.800000,12.276000,0,1,1410000549,1134,0,1134,-3,0,0,26
1,350,82.800000,12.276000,0,1,1410000555,1135,0,1135,-3,0,0,26
1,350,82.800000,12.276000,0,1,1410000560,1136,0,1136,-3,0,0,26
1,350,82.800000,12.276000,0,1,1410000567,1137,0,1137,-3,0,0,26
1,350,82.800000,12.276000,0,1,1410000572,1137,0,1137,-3,0,0,26
1,350,82.800000,12.276000,0,1,1410000578,1138,0,1138,-3,0,0,26
1,350,82.800000,12.276000,0,1,1410000584,1139,0,1139,-3,0,0,26
1,350,82.800000,12.276000,0,1,1410000589,1139,0,1139,-3,0,0,26
1,350,82.800000,12.276000,0,1,1410000595,1139,0,1139,-3,0,0,26
1,350,82.800000,12.276000,0,1,1410000601,1139,0,1139,-3,0,0,26
1,350,82.800000,12.276000,0,1,1410000607,1139,0,1139,-3,0,0,26
1,350,82.800000,12.276000,0,1,1410000612,1139,0,1139,-3,0,0,26
1,350,82.800000,12.276000,0,1,1410000618,1139,0,1139,-3,0,0,26
1,350,82.800000,12.276000,0,1,1410000623,1139,0,1139,-3,0,0,26
1,350,82.800000,12.276000,0,1,1410000629,1139,0,1139,-3,0,0,26
1,350,82.800000,12.276000,0,1,1410000635,1139,0,1139,-3,0,0,26
1,350,82.800000,12.276000,0,1,1410000640,1139,0,1139,-3,0,0,26
1,350,82.800000,12.276000,0,1,1410000646,1139,0,1139,-3,0,0,26
1,350,82.800000,12.276000,0,1,1410000652,1139,0,1139,-3,0,0,26
1,350,82.800000,12.276000,0,1,1410000657,1139,0,1139,-3,0,0,26
1,350,82.800000,12.276000,0,1,1410000663,1139,0,1139,-3,0,0,26
1,350,82.800000,12.276000,0,1,1410000668,1139,0,1139,-3,0,0,26
1,350,82.800000,12.276000,0,1,1410000674,1139,0,1139,-3,0,0,26
1,350,82.800000,12.276000,0,1,1410000679,1139,0,1139,-3,0,0,26
1,350,82.800000,12.276000,0,1,1410000685,1139,0,1139,-3,0,0,26
1,350,82.800000,12.276000,0,1,1410000690,1139,0,1139,-3,0,0,26
1,350,82.800000,12.276000,0,1,1410000696,1139,0,1139,-3,0,0,26
1,350,82.800000,12.276000,0,1,1410000702,1139,0,1139,-3,0,0,26
1,350,82.800000,12.276000,0,1,1410000707,1139,0,1139,-3,0,0,26
1,350,82.800000,12.276000,0,1,1410000713,1139,0,1139,-3,0,0,26
1,350,82.800000,12.276000,0,1,1410000719,1139,0,1139,-3,0,0,26
1,350,82.800000,12.276000,0,1,1410000724,1139,0,1139,-3,0,0,26
1,350,82.800000,12.276000,0,1,1410000743,1139,0,1139,-3,0,0,26
