1,700,21.600000,10000.000000,0,1,1410043128,610,22,610,22,0,0,51
1,700,21.600000,10000.000000,0,1,1410043129,610,22,610,22,0,0,51
1,700,21.600000,10000.000000,0,1,1410043135,610,22,610,22,0,0,51
1,700,21.600000,10000.000000,0,1,1410043141,610,22,610,22,0,0,51
1,700,21.600000,10000.000000,0,1,1410043146,610,22,610,22,0,0,51
1,700,21.600000,10000.000000,0,1,1410043151,610,22,610,22,0,0,51
1,700,21.600000,10000.000000,0,1,1410043157,610,22,610,22,0,0,51
1,700,21.600000,10000.000000,0,1,1410043163,610,22,610,22,0,0,51
1,700,21.600000,10000.000000,0,1,1410043168,610,22,610,22,0,0,51
1,700,21.600000,10000.000000,0,1,1410043174,610,22,610,22,0,0,51
1,700,21.600000,10000.000000,0,1,1410043180,610,22,610,22,0,0,51
1,700,21.600000,10000.000000,0,1,1410043185,610,22,610,22,0,0,51
1,700,21.600000,10000.000000,0,1,1410043191,610,22,610,22,0,0,51
1,700,21.600000,10000.000000,0,1,1410043198,612,22,612,22,0,0,51
1,700,21.600000,10000.000000,0,1,1410043204,617,21,617,21,0,0,51
1,700,21.600000,10000.000000,0,1,1410043211,623,21,623,21,0,0,51
1,700,21.600000,10000.000000,0,1,1410043216,637,20,637,20,0,0,51
1,700,21.600000,10000.000000,0,1,1410043222,652,19,652,19,0,0,51
1,700,21.600000,10000.000000,0,1,1410043228,669,18,669,18,0,0,51
1,700,21.600000,10000.000000,0,1,1410043234,683,17,683,17,0,0,51
1,700,21.600000,10000.000000,0,1,1410043239,705,16,705,16,0,0,51
1,700,21.600000,10000.000000,0,1,1410043245,728,15,728,15,0,0,51
1,700,21.600000,10000.000000,0,1,1410043252,754,14,754,14,0,0,51
1,700,21.600000,10000.000000,0,1,1410043257,788,13,788,13,0,0,51
1,700,21.600000,10000.000000,0,1,1410043263,818,11,818,11,0,0,51
1,700,21.600000,10000.000000,0,1,1410043269,850,9,850,9,0,0,51
1,700,21.600000,10000.000000,0,1,1410043275,884,7,884,7,0,0,51
1,700,21.600000,10000.000000,0,1,1410043280,917,4,917,4,0,0,51
1,700,21.600000,10000.000000,0,1,1410043286,951,1,951,1,0,0,51
1,700,21.600000,10000.000000,0,1,1410043291,987,0,987,-2,0,0,51
1,700,21.600000,10000.000000,0,1,1410043297,1020,0,1020,-5,0,0,51
1,700,21.600000,10000.000000,0,1,1410043303,1054,0,1054,-8,0,0,51
1,700,21.600000,10000.000000,0,1,1410043309,1086,0,1086,-11,0,0,51
1,700,21.600000,10000.000000,0,1,1410043315,1117,0,1117,-14,0,0,51
1,700,21.600000,10000.000000,0,1,1410043321,1142,0,1142,-16,0,0,51
1,700,21.600000,10000.000000,0,1,1410043326,1167,0,1167,-18,0,0,51
1,700,21.600000,10000.000000,0,1,1410043332,1190,0,1190,-21,0,0,51
1,700,21.600000,10000.000000,0,1,1410043338,1210,0,1210,-24,0,0,51
1,700,21.600000,10000.000000,0,1,1410043343,1226,0,1226,-26,0,0,51
1,700,21.600000,10000.000000,0,1,1410043349,1239,0,1239,-27,0,0,51
1,700,21.600000,10000.000000,0,1,1410043355,1251,0,1251,-29,0,0,51
1,700,21.600000,10000.000000,0,1,1410043361,1258,0,1258,-30,0,0,51
1,700,21.600000,10000.000000,0,1,1410043367,1261,0,1261,-31,0,0,51
1,700,21.600000,10000.000000,0,1,1410043373,1261,0,1261,-31,0,0,51
1,700,21.600000,10000.000000,0,1,1410043378,1261,0,1261,-31,0,0,51
1,700,21.600000,10000.000000,0,1,1410043384,1261,0,1261,-31,0,0,51
1,700,21.600000,10000.000000,0,1,1410043389,1261,0,1261,-31,0,0,51
1,700,21.600000,10000.000000,0,1,1410043395,1261,0,1261,-31,0,0,51
1,700,21.600000,10000.000000,0,1,1410043401,1260,0,1260,-31,0,0,51
1,700,21.600000,10000.000000,0,1,1410043407,1259,0,1259,-31,0,0,51
1,700,21.600000,10000.000000,0,1,1410043412,1258,1,1258,-30,0,0,51
1,700,21.600000,10000.000000,0,1,1410043418,1257,1,1257,-30,0,0,51
1,700,21.600000,10000.000000,0,1,1410043424,1256,1,1256,-30,0,0,51
1,700,21.600000,10000.000000,0,1,1410043429,1255,1,1255,-30,0,0,51
1,700,21.600000,10000.000000,0,1,1410043435,1254,1,1254,-30,0,0,51
1,700,21.600000,10000.000000,0,1,1410043441,1254,1,1254,-30,0,0,51
1,700,21.600000,10000.000000,0,1,1410043447,1254,1,1254,-30,0,0,51
1,700,21.600000,10000.000000,0,1,1410043452,1254,1,1254,-30,0,0,51
1,700,21.600000,10000.000000,0,1,1410043458,1254,1,1254,-30,0,0,51
1,700,21.600000,10000.000000,0,1,1410043463,1254,1,1254,-30,0,0,51
1,700,21.600000,10000.000000,0,1,1410043469,1254,1,1254,-30,0,0,51
1,700,21.600000,10000.000000,0,1,1410043475,1254,1,1254,-30,0,0,51
1,700,21.600000,10000.000000,0,1,1410043480,1254,1,1254,-30,0,0,51
1,700,21.600000,10000.000000,0,1,1410043486,1254,1,1254,-30,0,0,51
1,700,21.600000,10000.000000,0,1,1410043491,1254,1,1254,-30,0,0,51
1,700,21.600000,10000.000000,0,1,1410043497,1254,1,1254,-30,0,0,51
1,700,21.600000,10000.000000,0,1,1410043503,1254,1,1254,-30,0,0,51
1,700,21.600000,10000.000000,0,1,1410043509,1254,1,1254,-30,0,0,51
1,700,21.600000,10000.000000,0,1,1410043515,1254,1,1254,-30,0,0,51
1,700,21.600000,10000.000000,0,1,1410043521,1254,1,1254,-30,0,0,51
1,700,21.600000,10000.000000,0,1,1410043526,1254,1,1254,-30,0,0,51
1,700,21.600000,10000.000000,0,1,1410043532,1254,1,1254,-30,0,0,51
1,700,21.600000,10000.000000,0,1,1410043538,1255,1,1255,-30,0,0,51
1,700,21.600000,10000.000000,0,1,1410043543,1257,1,1257,-30,0,0,51
1,700,21.600000,10000.000000,0,1,1410043550,1260,1,1260,-30,0,0,51
1,700,21.600000,10000.000000,0,1,1410043555,1263,1,1263,-30,0,0,51
1,700,21.600000,10000.000000,0,1,1410043562,1266,1,1266,-30,0,0,51
1,700,21.600000,10000.000000,0,1,1410043568,1269,0,1269,-31,0,0,51
1,700,21.600000,10000.000000,0,1,1410043574,1271,0,1271,-31,0,0,51
1,700,21.600000,10000.000000,0,1,1410043579,1273,0,1273,-31,0,0,51
1,700,21.600000,10000.000000,0,1,1410043585,1275,0,1275,-31,0,0,51
1,700,21.600000,10000.000000,0,1,1410043591,1278,0,1278,-31,0,0,51
1,700,21.600000,10000.000000,0,1,1410043598,1280,0,1280,-31,0,0,51
1,700,21.600000,10000.000000,0,1,1410043604,1283,0,1283,-32,0,0,51
1,700,21.600000,10000.000000,0,1,1410043610,1286,0,1286,-32,0,0,51
1,700,21.600000,10000.000000,0,1,1410043616,1290,0,1290,-32,0,0,51
1,700,21.600000,10000.000000,0,1,1410043623,1295,0,1295,-32,0,0,51
1,700,21.600000,10000.000000,0,1,1410043629,1300,0,1300,-32,0,0,51
1,700,21.600000,10000.000000,0,1,1410043635,1305,0,1305,-32,0,0,51
1,700,21.600000,10000.000000,0,1,1410043641,1311,0,1311,-32,0,0,51
1,700,21.600000,10000.000000,0,1,1410043647,1318,0,1318,-32,0,0,51
1,700,21.600000,10000.000000,0,1,1410043653,1324,0,1324,-32,0,0,51
1,700,21.600000,10000.000000,0,1,1410043659,1330,0,1330,-32,0,0,51
1,700,21.600000,10000.000000,0,1,1410043665,1334,0,1334,-33,0,0,51
1,700,21.600000,10000.000000,0,1,1410043671,1339,0,1339,-33,0,0,51
1,700,21.600000,10000.000000,0,1,1410043677,1342,0,1342,-33,0,0,51
1,700,21.600000,10000.000000,0,1,1410043683,1343,0,1343,-33,0,0,51
1,700,21.600000,10000.000000,0,1,1410043688,1343,0,1343,-33,0,0,51
1,700,21.600000,10000.000000,0,1,1410043694,1343,0,1343,-33,0,0,51
1,700,21.600000,10000.000000,0,1,1410043700,1343,0,1343,-33,0,0,51
1,700,21.600000,10000.000000,0,1,1410043705,1343,0,1343,-33,0,0,51
1,700,21.600000,10000.000000,0,1,1410043710,1343,0,1343,-33,0,0,51
1,700,21.600000,10000.000000,0,1,1410043716,1342,0,1342,-33,0,0,51
1,700,21.600000,10000.000000,0,1,1410043721,1341,0,1341,-33,0,0,51
1,700,21.600000,10000.000000,0,1,1410043727,1340,1,1340,-32,0,0,51
1,700,21.600000,10000.000000,0,1,1410043733,1339,1,1339,-32,0,0,51
1,700,21.600000,10000.000000,0,1,1410043739,1338,2,1338,-31,0,0,51
1,700,21.600000,10000.000000,0,1,1410043745,1337,2,1337,-31,0,0,51
1,700,21.600000,10000.000000,0,1,1410043750,1336,2,1336,-31,0,0,51
1,700,21.600000,10000.000000,0,1,1410043756,1336,2,1336,-31,0,0,51
1,700,21.600000,10000.000000,0,1,1410043761,1336,2,1336,-31,0,0,51
1,700,21.600000,10000.000000,0,1,1410043767,1335,2,1335,-31,0,0,51
1,700,21.600000,10000.000000,0,1,1410043772,1335,2,1335,-31,0,0,51
1,700,21.600000,10000.000000,0,1,1410043778,1335,2,1335,-31,0,0,51
1,700,21.600000,10000.000000,0,1,1410043784,1334,2,1334,-31,0,0,51
1,700,21.600000,10000.000000,0,1,1410043789,1333,2,1333,-31,0,0,51
1,700,21.600000,10000.000000,0,1,1410043795,1333,3,1333,-30,0,0,51
1,700,21.600000,10000.000000,0,1,1410043801,1332,4,1332,-29,0,0,51
1,700,21.600000,10000.000000,0,1,1410043807,1331,4,1331,-29,0,0,51
1,700,21.600000,10000.000000,0,1,1410043812,1329,4,1329,-29,0,0,51
1,700,21.600000,10000.000000,0,1,1410043818,1328,4,1328,-29,0,0,51
1,700,21.600000,10000.000000,0,1,1410043824,1327,4,1327,-29,0,0,51
1,700,21.600000,10000.000000,0,1,1410043829,1326,4,1326,-29,0,0,51
1,700,21.600000,10000.000000,0,1,1410043834,1325,4,1325,-29,0,0,51
1,700,21.600000,10000.000000,0,1,1410043840,1324,4,1324,-29,0,0,51
1,700,21.600000,10000.000000,0,1,1410043845,1323,4,1323,-29,0,0,51
1,700,21.600000,10000.000000,0,1,1410043851,1322,4,1322,-29,0,0,51
1,700,21.600000,10000.000000,0,1,1410043857,1321,4,1321,-29,0,0,51
1,700,21.600000,10000.000000,0,1,1410043863,1320,4,1320,-29,0,0,51
1,700,21.600000,10000.000000,0,1,1410043870,1318,4,1318,-29,0,0,51
1,700,21.600000,10000.000000,0,1,1410043875,1317,4,1317,-29,0,0,51
1,700,21.600000,10000.000000,0,1,1410043882,1316,4,1316,-29,0,0,51
1,700,21.600000,10000.000000,0,1,1410043888,1316,4,1316,-29,0,0,51
1,700,21.600000,10000.000000,0,1,1410043893,1315,4,1315,-29,0,0,51
1,700,21.600000,10000.000000,0,1,1410043899,1314,4,1314,-29,0,0,51
1,700,21.600000,10000.000000,0,1,1410043905,1314,4,1314,-29,0,0,51
1,700,21.600000,10000.000000,0,1,1410043910,1314,4,1314,-29,0,0,51
1,700,21.600000,10000.000000,0,1,1410043916,1314,4,1314,-29,0,0,51
1,700,21.600000,10000.000000,0,1,1410043922,1314,4,1314,-29,0,0,51
1,700,21.600000,10000.000000,0,1,1410043927,1314,4,1314,-29,0,0,51
1,700,21.600000,10000.000000,0,1,1410043933,1314,4,1314,-29,0,0,51
1,700,21.600000,10000.000000,0,1,1410043939,1314,4,1314,-29,0,0,51
1,700,21.600000,10000.000000,0,1,1410043945,1314,4,1314,-29,0,0,51
1,700,21.600000,10000.000000,0,1,1410043951,1314,4,1314,-29,0,0,51
1,700,21.600000,10000.000000,0,1,1410043956,1314,4,1314,-29,0,0,51
1,700,21.600000,10000.000000,0,1,1410043961,1313,4,1313,-29,0,0,51
1,700,21.600000,10000.000000,0,1,1410043967,1312,4,1312,-29,0,0,51
1,700,21.600000,10000.000000,0,1,1410043973,1311,4,1311,-29,0,0,51
1,700,21.600000,10000.000000,0,1,1410043979,1309,4,1309,-29,0,0,51
1,700,21.600000,10000.000000,0,1,1410043985,1308,4,1308,-29,0,0,51
1,700,21.600000,10000.000000,0,1,1410043990,1307,4,1307,-29,0,0,51
1,700,21.600000,10000.000000,0,1,1410043996,1306,4,1306,-29,0,0,51
1,700,21.600000,10000.000000,0,1,1410044002,1305,4,1305,-29,0,0,51
1,700,21.600000,10000.000000,0,1,1410044007,1305,4,1305,-29,0,0,51
1,700,21.600000,10000.000000,0,1,1410044013,1305,4,1305,-29,0,0,51
1,700,21.600000,10000.000000,0,1,1410044018,1305,4,1305,-29,0,0,51
1,700,21.600000,10000.000000,0,1,1410044024,1305,4,1305,-29,0,0,51
1,700,21.600000,10000.000000,0,1,1410044029,1305,4,1305,-29,0,0,51
1,700,21.600000,10000.000000,0,1,1410044035,1305,4,1305,-29,0,0,51
1,700,21.600000,10000.000000,0,1,1410044054,1305,4,1305,-29,0,0,51
