1,700,21.600000,0.000000,0,1,1410018506,610,22,610,22,0,0,37
1,700,21.600000,0.000000,0,1,1410018507,610,22,610,22,0,0,37
1,700,21.600000,0.000000,0,1,1410018513,610,22,610,22,0,0,37
1,700,21.600000,0.000000,0,1,1410018519,610,22,610,22,0,0,37
1,700,21.600000,0.000000,0,1,1410018525,610,22,610,22,0,0,37
1,700,21.600000,0.000000,0,1,1410018530,610,22,610,22,0,0,37
1,700,21.600000,0.000000,0,1,1410018536,610,22,610,22,0,0,37
1,700,21.600000,0.000000,0,1,1410018541,610,22,610,22,0,0,37
1,700,21.600000,0.000000,0,1,1410018547,610,22,610,22,0,0,37
1,700,21.600000,0.000000,0,1,1410018553,610,22,610,22,0,0,37
1,700,21.600000,0.000000,0,1,1410018558,610,22,610,22,0,0,37
1,700,21.600000,0.000000,0,1,1410018564,610,22,610,22,0,0,37
1,700,21.600000,0.000000,0,1,1410018570,610,22,610,22,0,0,37
1,700,21.600000,0.000000,0,1,1410018575,610,22,610,22,0,0,37
1,700,21.600000,0.000000,0,1,1410018582,610,22,610,22,0,0,37
1,700,21.600000,0.000000,0,1,1410018587,610,22,610,22,0,0,37
1,700,21.600000,0.000000,0,1,1410018593,610,22,610,22,0,0,37
1,700,21.600000,0.000000,0,1,1410018599,610,22,610,22,0,0,37
1,700,21.600000,0.000000,0,1,1410018604,611,22,611,22,0,0,37
1,700,21.600000,0.000000,0,1,1410018610,614,22,614,22,0,0,37
1,700,21.600000,0.000000,0,1,1410018616,622,22,622,22,0,0,37
1,700,21.600000,0.000000,0,1,1410018622,631,21,631,21,0,0,37
1,700,21.600000,0.000000,0,1,1410018627,643,20,643,20,0,0,37
1,700,21.600000,0.000000,0,1,1410018633,660,19,660,19,0,0,37
1,700,21.600000,0.000000,0,1,1410018640,680,17,680,17,0,0,37
1,700,21.600000,0.000000,0,1,1410018646,709,14,709,14,0,0,37
1,700,21.600000,0.000000,0,1,1410018651,735,12,735,12,0,0,37
1,700,21.600000,0.000000,0,1,1410018657,764,10,764,10,0,0,37
1,700,21.600000,0.000000,0,1,1410018663,798,7,798,7,0,0,37
1,700,21.600000,0.000000,0,1,1410018669,831,4,831,4,0,0,37
1,700,21.600000,0.000000,0,1,1410018675,865,2,865,2,0,0,37
1,700,21.600000,0.000000,0,1,1410018680,899,0,899,-1,0,0,37
1,700,21.600000,0.000000,0,1,1410018686,936,0,936,-4,0,0,37
1,700,21.600000,0.000000,0,1,1410018691,975,0,975,-8,0,0,37
1,700,21.600000,0.000000,0,1,1410018697,1012,0,1012,-12,0,0,37
1,700,21.600000,0.000000,0,1,1410018703,1049,0,1049,-16,0,0,37
1,700,21.600000,0.000000,0,1,1410018708,1083,0,1083,-20,0,0,37
1,700,21.600000,0.000000,0,1,1410018715,1117,0,1117,-23,0,0,37
1,700,21.600000,0.000000,0,1,1410018720,1159,0,1159,-28,0,0,37
1,700,21.600000,0.000000,0,1,1410018726,1188,0,1188,-31,0,0,37
1,700,21.600000,0.000000,0,1,1410018732,1262,0,1262,-39,0,0,37
1,700,21.600000,0.000000,0,1,1410018737,1287,0,1287,-41,0,0,37
1,700,21.600000,0.000000,0,1,1410018743,1310,0,1310,-43,0,0,37
1,700,21.600000,0.000000,0,1,1410018749,1330,0,1330,-45,0,0,37
1,700,21.600000,0.000000,0,1,1410018755,1343,0,1343,-46,0,0,37
1,700,21.600000,0.000000,0,1,1410018760,1354,0,1354,-47,0,0,37
1,700,21.600000,0.000000,0,1,1410018767,1361,0,1361,-47,0,0,37
1,700,21.600000,0.000000,0,1,1410018773,1366,0,1366,-47,0,0,37
1,700,21.600000,0.000000,0,1,1410018779,1367,0,1367,-47,0,0,37
1,700,21.600000,0.000000,0,1,1410018786,1368,0,1368,-47,0,0,37
1,700,21.600000,0.000000,0,1,1410018791,1368,0,1368,-47,0,0,37
1,700,21.600000,0.000000,0,1,1410018796,1368,0,1368,-47,0,0,37
1,700,21.600000,0.000000,0,1,1410018802,1368,1,1368,-46,0,0,37
1,700,21.600000,0.000000,0,1,1410018808,1367,2,1367,-45,0,0,37
1,700,21.600000,0.000000,0,1,1410018813,1366,3,1366,-44,0,0,37
1,700,21.600000,0.000000,0,1,1410018819,1365,4,1365,-43,0,0,37
1,700,21.600000,0.000000,0,1,1410018825,1363,5,1363,-42,0,0,37
1,700,21.600000,0.000000,0,1,1410018831,1361,6,1361,-41,0,0,37
1,700,21.600000,0.000000,0,1,1410018836,1361,7,1361,-40,0,0,37
1,700,21.600000,0.000000,0,1,1410018842,1361,8,1361,-39,0,0,37
1,700,21.600000,0.000000,0,1,1410018848,1360,8,1360,-39,0,0,37
1,700,21.600000,0.000000,0,1,1410018853,1360,8,1360,-39,0,0,37
1,700,21.600000,0.000000,0,1,1410018858,1360,8,1360,-39,0,0,37
1,700,21.600000,0.000000,0,1,1410018864,1360,8,1360,-39,0,0,37
1,700,21.600000,0.000000,0,1,1410018870,1360,8,1360,-39,0,0,37
1,700,21.600000,0.000000,0,1,1410018875,1360,8,1360,-39,0,0,37
1,700,21.600000,0.000000,0,1,1410018881,1360,8,1360,-39,0,0,37
1,700,21.600000,0.000000,0,1,1410018886,1360,8,1360,-39,0,0,37
1,700,21.600000,0.000000,0,1,1410018892,1359,8,1359,-39,0,0,37
1,700,21.600000,0.000000,0,1,1410018898,1358,8,1358,-39,0,0,37
1,700,21.600000,0.000000,0,1,1410018903,1357,8,1357,-39,0,0,37
1,700,21.600000,0.000000,0,1,1410018909,1355,8,1355,-39,0,0,37
1,700,21.600000,0.000000,0,1,1410018914,1354,8,1354,-39,0,0,37
1,700,21.600000,0.000000,0,1,1410018920,1353,8,1353,-39,0,0,37
1,700,21.600000,0.000000,0,1,1410018926,1352,8,1352,-39,0,0,37
1,700,21.600000,0.000000,0,1,1410018931,1351,8,1351,-39,0,0,37
1,700,21.600000,0.000000,0,1,1410018937,1351,8,1351,-39,0,0,37
1,700,21.600000,0.000000,0,1,1410018943,1350,8,1350,-39,0,0,37
1,700,21.600000,0.000000,0,1,1410018949,1349,8,1349,-39,0,0,37
1,700,21.600000,0.000000,0,1,1410018954,1348,8,1348,-39,0,0,37
1,700,21.600000,0.000000,0,1,1410018960,1346,8,1346,-39,0,0,37
1,700,21.600000,0.000000,0,1,1410018966,1344,9,1344,-38,0,0,37
1,700,21.600000,0.000000,0,1,1410018972,1342,9,1342,-38,0,0,37
1,700,21.600000,0.000000,0,1,1410018977,1339,9,1339,-38,0,0,37
1,700,21.600000,0.000000,0,1,1410018983,1335,9,1335,-38,0,0,37
1,700,21.600000,0.000000,0,1,1410018989,1330,10,1330,-37,0,0,37
1,700,21.600000,0.000000,0,1,1410018994,1326,10,1326,-37,0,0,37
1,700,21.600000,0.000000,0,1,1410019000,1321,10,1321,-37,0,0,37
1,700,21.600000,0.000000,0,1,1410019006,1316,11,1316,-36,0,0,37
1,700,21.600000,0.000000,0,1,1410019012,1311,11,1311,-36,0,0,37
1,700,21.600000,0.000000,0,1,1410019018,1309,11,1309,-36,0,0,37
1,700,21.600000,0.000000,0,1,1410019024,1307,11,1307,-36,0,0,37
1,700,21.600000,0.000000,0,1,1410019029,1304,11,1304,-36,0,0,37
1,700,21.600000,0.000000,0,1,1410019035,1303,11,1303,-36,0,0,37
1,700,21.600000,0.000000,0,1,1410019040,1302,11,1302,-36,0,0,37
1,700,21.600000,0.000000,0,1,1410019046,1301,11,1301,-36,0,0,37
1,700,21.600000,0.000000,0,1,1410019052,1300,11,1300,-36,0,0,37
1,700,21.600000,0.000000,0,1,1410019057,1299,11,1299,-36,0,0,37
1,700,21.600000,0.000000,0,1,1410019063,1298,11,1298,-36,0,0,37
1,700,21.600000,0.000000,0,1,1410019069,1297,11,1297,-36,0,0,37
1,700,21.600000,0.000000,0,1,1410019074,1297,11,1297,-36,0,0,37
1,700,21.600000,0.000000,0,1,1410019080,1297,11,1297,-36,0,0,37
1,700,21.600000,0.000000,0,1,1410019086,1297,11,1297,-36,0,0,37
1,700,21.600000,0.000000,0,1,1410019092,1297,11,1297,-36,0,0,37
1,700,21.600000,0.000000,0,1,1410019097,1297,11,1297,-36,0,0,37
1,700,21.600000,0.000000,0,1,1410019102,1297,11,1297,-36,0,0,37
1,700,21.600000,0.000000,0,1,1410019108,1297,11,1297,-36,0,0,37
1,700,21.600000,0.000000,0,1,1410019114,1297,11,1297,-36,0,0,37
1,700,21.600000,0.000000,0,1,1410019120,1297,11,1297,-36,0,0,37
1,700,21.600000,0.000000,0,1,1410019125,1297,11,1297,-36,0,0,37
1,700,21.600000,0.000000,0,1,1410019131,1297,11,1297,-36,0,0,37
1,700,21.600000,0.000000,0,1,1410019137,1297,11,1297,-36,0,0,37
1,700,21.600000,0.000000,0,1,1410019143,1297,11,1297,-36,0,0,37
1,700,21.600000,0.000000,0,1,1410019148,1297,11,1297,-36,0,0,37
1,700,21.600000,0.000000,0,1,1410019154,1297,11,1297,-36,0,0,37
1,700,21.600000,0.000000,0,1,1410019159,1297,11,1297,-36,0,0,37
1,700,21.600000,0.000000,0,1,1410019165,1297,11,1297,-36,0,0,37
1,700,21.600000,0.000000,0,1,1410019170,1297,11,1297,-36,0,0,37
1,700,21.600000,0.000000,0,1,1410019176,1297,11,1297,-36,0,0,37
1,700,21.600000,0.000000,0,1,1410019182,1297,11,1297,-36,0,0,37
1,700,21.600000,0.000000,0,1,1410019187,1297,11,1297,-36,0,0,37
1,700,21.600000,0.000000,0,1,1410019193,1297,11,1297,-36,0,0,37
1,700,21.600000,0.000000,0,1,1410019198,1297,11,1297,-36,0,0,37
1,700,21.600000,0.000000,0,1,1410019204,1297,11,1297,-36,0,0,37
1,700,21.600000,0.000000,0,1,1410019210,1297,11,1297,-36,0,0,37
1,700,21.600000,0.000000,0,1,1410019217,1297,11,1297,-36,0,0,37
1,700,21.600000,0.000000,0,1,1410019223,1297,11,1297,-36,0,0,37
1,700,21.600000,0.000000,0,1,1410019229,1297,11,1297,-36,0,0,37
1,700,21.600000,0.000000,0,1,1410019235,1297,11,1297,-36,0,0,37
1,700,21.600000,0.000000,0,1,1410019240,1297,11,1297,-36,0,0,37
1,700,21.600000,0.000000,0,1,1410019246,1297,11,1297,-36,0,0,37
1,700,21.600000,0.000000,0,1,1410019252,1297,11,1297,-36,0,0,37
1,700,21.600000,0.000000,0,1,1410019258,1297,11,1297,-36,0,0,37
1,700,21.600000,0.000000,0,1,1410019263,1297,11,1297,-36,0,0,37
1,700,21.600000,0.000000,0,1,1410019269,1298,11,1298,-36,0,0,37
1,700,21.600000,0.000000,0,1,1410019275,1299,11,1299,-36,0,0,37
1,700,21.600000,0.000000,0,1,1410019281,1300,11,1300,-36,0,0,37
1,700,21.600000,0.000000,0,1,1410019286,1301,11,1301,-36,0,0,37
1,700,21.600000,0.000000,0,1,1410019291,1302,11,1302,-36,0,0,37
1,700,21.600000,0.000000,0,1,1410019297,1303,11,1303,-36,0,0,37
1,700,21.600000,0.000000,0,1,1410019303,1303,11,1303,-36,0,0,37
1,700,21.600000,0.000000,0,1,1410019308,1304,11,1304,-36,0,0,37
1,700,21.600000,0.000000,0,1,1410019314,1305,11,1305,-36,0,0,37
1,700,21.600000,0.000000,0,1,1410019320,1306,11,1306,-36,0,0,37
1,700,21.600000,0.000000,0,1,1410019326,1307,11,1307,-36,0,0,37
1,700,21.600000,0.000000,0,1,1410019331,1308,11,1308,-36,0,0,37
1,700,21.600000,0.000000,0,1,1410019337,1308,11,1308,-36,0,0,37
1,700,21.600000,0.000000,0,1,1410019343,1308,11,1308,-36,0,0,37
1,700,21.600000,0.000000,0,1,1410019348,1309,11,1309,-36,0,0,37
1,700,21.600000,0.000000,0,1,1410019354,1309,11,1309,-36,0,0,37
1,700,21.600000,0.000000,0,1,1410019359,1309,11,1309,-36,0,0,37
1,700,21.600000,0.000000,0,1,1410019365,1309,11,1309,-36,0,0,37
1,700,21.600000,0.000000,0,1,1410019371,1309,11,1309,-36,0,0,37
1,700,21.600000,0.000000,0,1,1410019376,1309,11,1309,-36,0,0,37
1,700,21.600000,0.000000,0,1,1410019382,1309,11,1309,-36,0,0,37
1,700,21.600000,0.000000,0,1,1410019388,1309,11,1309,-36,0,0,37
1,700,21.600000,0.000000,0,1,1410019393,1309,11,1309,-36,0,0,37
1,700,21.600000,0.000000,0,1,1410019399,1309,11,1309,-36,0,0,37
1,700,21.600000,0.000000,0,1,1410019404,1309,11,1309,-36,0,0,37
1,700,21.600000,0.000000,0,1,1410019409,1309,11,1309,-36,0,0,37
1,700,21.600000,0.000000,0,1,1410019416,1309,11,1309,-36,0,0,37
1,700,21.600000,0.000000,0,1,1410019421,1309,11,1309,-36,0,0,37
1,700,21.600000,0.000000,0,1,1410019441,1309,11,1309,-36,0,0,37
