1,700,21.600000,10000.000000,0,0,1410341697,610,0,610,0,0,1,110
1,700,21.600000,10000.000000,0,0,1410341699,610,0,610,0,0,1,110
1,700,21.600000,10000.000000,0,0,1410341704,610,0,610,0,0,1,110
1,700,21.600000,10000.000000,0,0,1410341709,610,0,610,0,0,1,110
1,700,21.600000,10000.000000,0,0,1410341715,610,0,610,0,0,1,110
1,700,21.600000,10000.000000,0,0,1410341721,610,0,610,0,0,1,110
1,700,21.600000,10000.000000,0,0,1410341727,610,0,610,0,0,1,110
1,700,21.600000,10000.000000,0,0,1410341732,610,0,610,0,0,1,110
1,700,21.600000,10000.000000,0,0,1410341738,610,0,610,0,0,1,110
1,700,21.600000,10000.000000,0,0,1410341744,610,0,610,0,0,1,110
1,700,21.600000,10000.000000,0,0,1410341750,610,0,610,0,0,1,110
1,700,21.600000,10000.000000,0,0,1410341756,610,0,610,0,0,1,110
1,700,21.600000,10000.000000,0,0,1410341761,610,0,610,0,0,1,110
1,700,21.600000,10000.000000,0,0,1410341767,610,0,610,0,0,1,110
1,700,21.600000,10000.000000,0,0,1410341773,610,0,610,0,0,1,110
1,700,21.600000,10000.000000,0,0,1410341779,610,0,610,0,0,1,110
1,700,21.600000,10000.000000,0,0,1410341785,610,0,610,0,0,1,110
1,700,21.600000,10000.000000,0,0,1410341791,611,0,611,0,0,1,110
1,700,21.600000,10000.000000,0,0,1410341797,613,0,613,0,0,1,110
1,700,21.600000,10000.000000,0,0,1410341802,620,0,620,0,0,1,110
1,700,21.600000,10000.000000,0,0,1410341808,630,1,630,1,0,1,110
1,700,21.600000,10000.000000,0,0,1410341814,641,2,641,2,0,1,110
1,700,21.600000,10000.000000,0,0,1410341820,653,3,653,3,0,1,110
1,700,21.600000,10000.000000,0,0,1410341825,673,4,673,4,0,1,110
1,700,21.600000,10000.000000,0,0,1410341830,694,5,694,5,0,1,110
1,700,21.600000,10000.000000,0,0,1410341836,718,6,718,6,0,1,110
1,700,21.600000,10000.000000,0,0,1410341842,740,6,740,6,0,1,110
1,700,21.600000,10000.000000,0,0,1410341848,768,7,768,7,0,1,110
1,700,21.600000,10000.000000,0,0,1410341853,796,7,796,7,0,1,110
1,700,21.600000,10000.000000,0,0,1410341859,826,7,826,7,0,1,110
1,700,21.600000,10000.000000,0,0,1410341865,858,7,858,7,0,1,110
1,700,21.600000,10000.000000,0,0,1410341871,898,6,898,6,0,1,110
1,700,21.600000,10000.000000,0,0,1410341877,932,5,932,5,0,1,110
1,700,21.600000,10000.000000,0,0,1410341882,966,4,966,4,0,1,110
1,700,21.600000,10000.000000,0,0,1410341888,1000,3,1000,3,0,1,110
1,700,21.600000,10000.000000,0,0,1410341893,1034,1,1034,1,0,1,110
1,700,21.600000,10000.000000,0,0,1410341899,1068,0,1068,-1,0,1,110
1,700,21.600000,10000.000000,0,0,1410341905,1099,0,1099,-3,0,1,110
1,700,21.600000,10000.000000,0,0,1410341910,1136,0,1136,-5,0,1,110
1,700,21.600000,10000.000000,0,0,1410341916,1165,0,1165,-7,0,1,110
1,700,21.600000,10000.000000,0,0,1410341922,1190,0,1190,-9,0,1,110
1,700,21.600000,10000.000000,0,0,1410341928,1212,0,1212,-11,0,1,110
1,700,21.600000,10000.000000,0,0,1410341934,1237,0,1237,-14,0,1,110
1,700,21.600000,10000.000000,0,0,1410341940,1259,0,1259,-17,0,1,110
1,700,21.600000,10000.000000,0,0,1410341946,1273,0,1273,-19,0,1,110
1,700,21.600000,10000.000000,0,0,1410341951,1285,0,1285,-21,0,1,110
1,700,21.600000,10000.000000,0,0,1410341957,1293,0,1293,-22,0,1,110
1,700,21.600000,10000.000000,0,0,1410341963,1299,0,1299,-22,0,1,110
1,700,21.600000,10000.000000,0,0,1410341969,1302,0,1302,-22,0,1,110
1,700,21.600000,10000.000000,0,0,1410341975,1304,0,1304,-22,0,1,110
1,700,21.600000,10000.000000,0,0,1410341980,1304,0,1304,-22,0,1,110
1,700,21.600000,10000.000000,0,0,1410341986,1304,0,1304,-22,0,1,110
1,700,21.600000,10000.000000,0,0,1410341992,1304,0,1304,-22,0,1,110
1,700,21.600000,10000.000000,0,0,1410341997,1304,0,1304,-22,0,1,110
1,700,21.600000,10000.000000,0,0,1410342003,1304,0,1304,-22,0,1,110
1,700,21.600000,10000.000000,0,0,1410342009,1304,0,1304,-22,0,1,110
1,700,21.600000,10000.000000,0,0,1410342014,1303,0,1303,-22,0,1,110
1,700,21.600000,10000.000000,0,0,1410342020,1302,0,1302,-22,0,1,110
1,700,21.600000,10000.000000,0,0,1410342026,1301,0,1301,-22,0,1,110
1,700,21.600000,10000.000000,0,0,1410342031,1301,0,1301,-22,0,1,110
1,700,21.600000,10000.000000,0,0,1410342037,1301,0,1301,-22,0,1,110
1,700,21.600000,10000.000000,0,0,1410342043,1301,0,1301,-22,0,1,110
1,700,21.600000,10000.000000,0,0,1410342049,1301,0,1301,-22,0,1,110
1,700,21.600000,10000.000000,0,0,1410342054,1301,0,1301,-22,0,1,110
1,700,21.600000,10000.000000,0,0,1410342060,1301,0,1301,-22,0,1,110
1,700,21.600000,10000.000000,0,0,1410342065,1301,0,1301,-22,0,1,110
1,700,21.600000,10000.000000,0,0,1410342071,1301,0,1301,-22,0,1,110
1,700,21.600000,10000.000000,0,0,1410342076,1301,0,1301,-22,0,1,110
1,700,21.600000,10000.000000,0,0,1410342082,1301,0,1301,-22,0,1,110
1,700,21.600000,10000.000000,0,0,1410342087,1301,0,1301,-22,0,1,110
1,700,21.600000,10000.000000,0,0,1410342093,1301,0,1301,-22,0,1,110
1,700,21.600000,10000.000000,0,0,1410342098,1301,0,1301,-22,0,1,110
1,700,21.600000,10000.000000,0,0,1410342104,1301,0,1301,-22,0,1,110
1,700,21.600000,10000.000000,0,0,1410342109,1301,0,1301,-22,0,1,110
1,700,21.600000,10000.000000,0,0,1410342115,1301,0,1301,-22,0,1,110
1,700,21.600000,10000.000000,0,0,1410342121,1301,0,1301,-22,0,1,110
1,700,21.600000,10000.000000,0,0,1410342127,1301,0,1301,-22,0,1,110
1,700,21.600000,10000.000000,0,0,1410342132,1303,0,1303,-22,0,1,110
1,700,21.600000,10000.000000,0,0,1410342138,1305,0,1305,-22,0,1,110
1,700,21.600000,10000.000000,0,0,1410342144,1307,0,1307,-22,0,1,110
1,700,21.600000,10000.000000,0,0,1410342149,1308,0,1308,-22,0,1,110
1,700,21.600000,10000.000000,0,0,1410342155,1310,0,1310,-22,0,1,110
1,700,21.600000,10000.000000,0,0,1410342161,1311,0,1311,-22,0,1,110
1,700,21.600000,10000.000000,0,0,1410342168,1311,0,1311,-22,0,1,110
1,700,21.600000,10000.000000,0,0,1410342174,1311,0,1311,-22,0,1,110
1,700,21.600000,10000.000000,0,0,1410342179,1311,0,1311,-22,0,1,110
1,700,21.600000,10000.000000,0,0,1410342185,1311,0,1311,-22,0,1,110
1,700,21.600000,10000.000000,0,0,1410342191,1311,0,1311,-22,0,1,110
1,700,21.600000,10000.000000,0,0,1410342196,1311,0,1311,-22,0,1,110
1,700,21.600000,10000.000000,0,0,1410342202,1311,0,1311,-22,0,1,110
1,700,21.600000,10000.000000,0,0,1410342208,1311,0,1311,-22,0,1,110
1,700,21.600000,10000.000000,0,0,1410342213,1311,0,1311,-22,0,1,110
1,700,21.600000,10000.000000,0,0,1410342220,1311,0,1311,-22,0,1,110
1,700,21.600000,10000.000000,0,0,1410342225,1311,0,1311,-22,0,1,110
1,700,21.600000,10000.000000,0,0,1410342231,1311,0,1311,-22,0,1,110
1,700,21.600000,10000.000000,0,0,1410342237,1311,0,1311,-22,0,1,110
1,700,21.600000,10000.000000,0,0,1410342243,1311,0,1311,-22,0,1,110
1,700,21.600000,10000.000000,0,0,1410342249,1311,0,1311,-22,0,1,110
1,700,21.600000,10000.000000,0,0,1410342255,1311,0,1311,-22,0,1,110
1,700,21.600000,10000.000000,0,0,1410342261,1311,0,1311,-22,0,1,110
1,700,21.600000,10000.000000,0,0,1410342266,1311,0,1311,-22,0,1,110
1,700,21.600000,10000.000000,0,0,1410342272,1311,0,1311,-22,0,1,110
1,700,21.600000,10000.000000,0,0,1410342278,1311,0,1311,-22,0,1,110
1,700,21.600000,10000.000000,0,0,1410342284,1311,0,1311,-22,0,1,110
1,700,21.600000,10000.000000,0,0,1410342290,1311,0,1311,-22,0,1,110
1,700,21.600000,10000.000000,0,0,1410342296,1311,0,1311,-22,0,1,110
1,700,21.600000,10000.000000,0,0,1410342302,1311,0,1311,-22,0,1,110
1,700,21.600000,10000.000000,0,0,1410342307,1311,0,1311,-22,0,1,110
1,700,21.600000,10000.000000,0,0,1410342313,1311,0,1311,-22,0,1,110
1,700,21.600000,10000.000000,0,0,1410342319,1311,0,1311,-22,0,1,110
1,700,21.600000,10000.000000,0,0,1410342324,1311,0,1311,-22,0,1,110
1,700,21.600000,10000.000000,0,0,1410342343,1311,0,1311,-22,0,1,110
