1,350,21.600000,22.608000,0,0,1410190484,785,0,785,0,0,1,18
1,350,21.600000,22.608000,0,0,1410190486,785,0,785,0,0,1,18
1,350,21.600000,22.608000,0,0,1410190491,785,0,785,0,0,1,18
1,350,21.600000,22.608000,0,0,1410190497,785,0,785,0,0,1,18
1,350,21.600000,22.608000,0,0,1410190502,785,0,785,0,0,1,18
1,350,21.600000,22.608000,0,0,1410190508,785,0,785,0,0,1,18
1,350,21.600000,22.608000,0,0,1410190513,785,0,785,0,0,1,18
1,350,21.600000,22.608000,0,0,1410190519,785,0,785,0,0,1,18
1,350,21.600000,22.608000,0,0,1410190525,786,0,786,0,0,1,18
1,350,21.600000,22.608000,0,0,1410190531,787,0,787,0,0,1,18
1,350,21.600000,22.608000,0,0,1410190537,787,0,787,0,0,1,18
1,350,21.600000,22.608000,0,0,1410190542,787,0,787,0,0,1,18
1,350,21.600000,22.608000,0,0,1410190549,787,0,787,0,0,1,18
1,350,21.600000,22.608000,0,0,1410190555,788,0,788,0,0,1,18
1,350,21.600000,22.608000,0,0,1410190560,789,0,789,0,0,1,18
1,350,21.600000,22.608000,0,0,1410190566,791,0,791,0,0,1,18
1,350,21.600000,22.608000,0,0,1410190571,794,0,794,-1,0,1,18
1,350,21.600000,22.608000,0,0,1410190578,797,0,797,-1,0,1,18
1,350,21.600000,22.608000,0,0,1410190584,805,0,805,-1,0,1,18
1,350,21.600000,22.608000,0,0,1410190589,815,0,815,-2,0,1,18
1,350,21.600000,22.608000,0,0,1410190595,823,0,823,-3,0,1,18
1,350,21.600000,22.608000,0,0,1410190601,834,0,834,-3,0,1,18
1,350,21.600000,22.608000,0,0,1410190607,844,0,844,-3,0,1,18
1,350,21.600000,22.608000,0,0,1410190612,856,0,856,-4,0,1,18
1,350,21.600000,22.608000,0,0,1410190618,873,0,873,-5,0,1,18
1,350,21.600000,22.608000,0,0,1410190624,895,0,895,-6,0,1,18
1,350,21.600000,22.608000,0,0,1410190629,914,0,914,-8,0,1,18
1,350,21.600000,22.608000,0,0,1410190635,936,0,936,-10,0,1,18
1,350,21.600000,22.608000,0,0,1410190641,955,0,955,-12,0,1,18
1,350,21.600000,22.608000,0,0,1410190647,973,0,973,-14,0,1,18
1,350,21.600000,22.608000,0,0,1410190652,990,0,990,-15,0,1,18
1,350,21.600000,22.608000,0,0,1410190658,1011,0,1011,-17,0,1,18
1,350,21.600000,22.608000,0,0,1410190664,1028,0,1028,-19,0,1,18
1,350,21.600000,22.608000,0,0,1410190670,1045,0,1045,-20,0,1,18
1,350,21.600000,22.608000,0,0,1410190676,1062,0,1062,-22,0,1,18
1,350,21.600000,22.608000,0,0,1410190681,1075,0,1075,-23,0,1,18
1,350,21.600000,22.608000,0,0,1410190687,1085,0,1085,-24,0,1,18
1,350,21.600000,22.608000,0,0,1410190692,1094,0,1094,-25,0,1,18
1,350,21.600000,22.608000,0,0,1410190699,1100,0,1100,-25,0,1,18
1,350,21.600000,22.608000,0,0,1410190705,1104,0,1104,-25,0,1,18
1,350,21.600000,22.608000,0,0,1410190711,1106,0,1106,-25,0,1,18
1,350,21.600000,22.608000,0,0,1410190717,1106,0,1106,-25,0,1,18
1,350,21.600000,22.608000,0,0,1410190722,1106,0,1106,-25,0,1,18
1,350,21.600000,22.608000,0,0,1410190728,1106,0,1106,-25,0,1,18
1,350,21.600000,22.608000,0,0,1410190733,1106,0,1106,-25,0,1,18
1,350,21.600000,22.608000,0,0,1410190739,1106,0,1106,-25,0,1,18
1,350,21.600000,22.608000,0,0,1410190745,1106,0,1106,-25,0,1,18
1,350,21.600000,22.608000,0,0,1410190751,1106,0,1106,-25,0,1,18
1,350,21.600000,22.608000,0,0,1410190756,1106,0,1106,-25,0,1,18
1,350,21.600000,22.608000,0,0,1410190762,1106,0,1106,-25,0,1,18
1,350,21.600000,22.608000,0,0,1410190767,1106,0,1106,-25,0,1,18
1,350,21.600000,22.608000,0,0,1410190773,1106,0,1106,-25,0,1,18
1,350,21.600000,22.608000,0,0,1410190778,1106,0,1106,-25,0,1,18
1,350,21.600000,22.608000,0,0,1410190784,1106,0,1106,-25,0,1,18
1,350,21.600000,22.608000,0,0,1410190789,1107,0,1107,-25,0,1,18
1,350,21.600000,22.608000,0,0,1410190795,1108,0,1108,-25,0,1,18
1,350,21.600000,22.608000,0,0,1410190801,1108,0,1108,-25,0,1,18
1,350,21.600000,22.608000,0,0,1410190806,1108,0,1108,-25,0,1,18
1,350,21.600000,22.608000,0,0,1410190812,1108,0,1108,-25,0,1,18
1,350,21.600000,22.608000,0,0,1410190817,1108,0,1108,-25,0,1,18
1,350,21.600000,22.608000,0,0,1410190823,1108,0,1108,-25,0,1,18
1,350,21.600000,22.608000,0,0,1410190829,1108,0,1108,-25,0,1,18
1,350,21.600000,22.608000,0,0,1410190835,1108,0,1108,-25,0,1,18
1,350,21.600000,22.608000,0,0,1410190840,1108,0,1108,-25,0,1,18
1,350,21.600000,22.608000,0,0,1410190846,1108,0,1108,-25,0,1,18
1,350,21.600000,22.608000,0,0,1410190851,1108,0,1108,-25,0,1,18
1,350,21.600000,22.608000,0,0,1410190857,1108,0,1108,-25,0,1,18
1,350,21.600000,22.608000,0,0,1410190863,1108,0,1108,-25,0,1,18
1,350,21.600000,22.608000,0,0,1410190869,1108,0,1108,-25,0,1,18
1,350,21.600000,22.608000,0,0,1410190874,1108,0,1108,-25,0,1,18
1,350,21.600000,22.608000,0,0,1410190880,1108,0,1108,-25,0,1,18
1,350,21.600000,22.608000,0,0,1410190886,1108,0,1108,-25,0,1,18
1,350,21.600000,22.608000,0,0,1410190891,1108,0,1108,-25,0,1,18
1,350,21.600000,22.608000,0,0,1410190897,1108,0,1108,-25,0,1,18
1,350,21.600000,22.608000,0,0,1410190903,1108,0,1108,-25,0,1,18
1,350,21.600000,22.608000,0,0,1410190909,1108,0,1108,-25,0,1,18
1,350,21.600000,22.608000,0,0,1410190914,1108,0,1108,-25,0,1,18
1,350,21.600000,22.608000,0,0,1410190920,1108,0,1108,-25,0,1,18
1,350,21.600000,22.608000,0,0,1410190926,1108,0,1108,-25,0,1,18
1,350,21.600000,22.608000,0,0,1410190931,1108,0,1108,-25,0,1,18
1,350,21.600000,22.608000,0,0,1410190937,1108,0,1108,-25,0,1,18
1,350,21.600000,22.608000,0,0,1410190942,1108,0,1108,-25,0,1,18
1,350,21.600000,22.608000,0,0,1410190949,1109,0,1109,-25,0,1,18
1,350,21.600000,22.608000,0,0,1410190955,1111,0,1111,-25,0,1,18
1,350,21.600000,22.608000,0,0,1410190960,1113,0,1113,-25,0,1,18
1,350,21.600000,22.608000,0,0,1410190966,1116,0,1116,-25,0,1,18
1,350,21.600000,22.608000,0,0,1410190972,1120,0,1120,-25,0,1,18
1,350,21.600000,22.608000,0,0,1410190978,1125,0,1125,-26,0,1,18
1,350,21.600000,22.608000,0,0,1410190984,1130,0,1130,-26,0,1,18
1,350,21.600000,22.608000,0,0,1410190989,1136,0,1136,-26,0,1,18
1,350,21.600000,22.608000,0,0,1410190995,1142,0,1142,-26,0,1,18
1,350,21.600000,22.608000,0,0,1410191000,1147,0,1147,-26,0,1,18
1,350,21.600000,22.608000,0,0,1410191006,1152,0,1152,-26,0,1,18
1,350,21.600000,22.608000,0,0,1410191012,1156,0,1156,-26,0,1,18
1,350,21.600000,22.608000,0,0,1410191017,1159,0,1159,-26,0,1,18
1,350,21.600000,22.608000,0,0,1410191023,1162,0,1162,-26,0,1,18
1,350,21.600000,22.608000,0,0,1410191029,1163,0,1163,-26,0,1,18
1,350,21.600000,22.608000,0,0,1410191034,1164,0,1164,-26,0,1,18
1,350,21.600000,22.608000,0,0,1410191040,1165,0,1165,-26,0,1,18
1,350,21.600000,22.608000,0,0,1410191046,1166,0,1166,-26,0,1,18
1,350,21.600000,22.608000,0,0,1410191051,1166,0,1166,-26,0,1,18
1,350,21.600000,22.608000,0,0,1410191057,1166,0,1166,-26,0,1,18
1,350,21.600000,22.608000,0,0,1410191062,1166,0,1166,-26,0,1,18
1,350,21.600000,22.608000,0,0,1410191068,1165,0,1165,-26,0,1,18
1,350,21.600000,22.608000,0,0,1410191073,1164,0,1164,-26,0,1,18
1,350,21.600000,22.608000,0,0,1410191079,1163,0,1163,-26,0,1,18
1,350,21.600000,22.608000,0,0,1410191085,1162,0,1162,-26,0,1,18
1,350,21.600000,22.608000,0,0,1410191090,1161,0,1161,-26,0,1,18
1,350,21.600000,22.608000,0,0,1410191096,1160,0,1160,-26,0,1,18
1,350,21.600000,22.608000,0,0,1410191101,1159,0,1159,-26,0,1,18
1,350,21.600000,22.608000,0,0,1410191107,1158,0,1158,-26,0,1,18
1,350,21.600000,22.608000,0,0,1410191113,1157,0,1157,-26,0,1,18
1,350,21.600000,22.608000,0,0,1410191119,1157,0,1157,-26,0,1,18
1,350,21.600000,22.608000,0,0,1410191125,1157,0,1157,-26,0,1,18
1,350,21.600000,22.608000,0,0,1410191130,1156,0,1156,-26,0,1,18
1,350,21.600000,22.608000,0,0,1410191136,1156,0,1156,-26,0,1,18
1,350,21.600000,22.608000,0,0,1410191141,1156,0,1156,-26,0,1,18
1,350,21.600000,22.608000,0,0,1410191147,1156,0,1156,-26,0,1,18
1,350,21.600000,22.608000,0,0,1410191152,1155,0,1155,-26,0,1,18
1,350,21.600000,22.608000,0,0,1410191158,1154,0,1154,-26,0,1,18
1,350,21.600000,22.608000,0,0,1410191164,1153,0,1153,-26,0,1,18
1,350,21.600000,22.608000,0,0,1410191169,1152,1,1152,-25,0,1,18
1,350,21.600000,22.608000,0,0,1410191176,1151,1,1151,-25,0,1,18
1,350,21.600000,22.608000,0,0,1410191181,1150,1,1150,-25,0,1,18
1,350,21.600000,22.608000,0,0,1410191187,1149,1,1149,-25,0,1,18
1,350,21.600000,22.608000,0,0,1410191192,1148,1,1148,-25,0,1,18
1,350,21.600000,22.608000,0,0,1410191199,1147,1,1147,-25,0,1,18
1,350,21.600000,22.608000,0,0,1410191205,1146,1,1146,-25,0,1,18
1,350,21.600000,22.608000,0,0,1410191211,1145,1,1145,-25,0,1,18
1,350,21.600000,22.608000,0,0,1410191216,1144,1,1144,-25,0,1,18
1,350,21.600000,22.608000,0,0,1410191222,1143,1,1143,-25,0,1,18
1,350,21.600000,22.608000,0,0,1410191227,1142,1,1142,-25,0,1,18
1,350,21.600000,22.608000,0,0,1410191233,1141,1,1141,-25,0,1,18
1,350,21.600000,22.608000,0,0,1410191239,1140,1,1140,-25,0,1,18
1,350,21.600000,22.608000,0,0,1410191245,1139,1,1139,-25,0,1,18
1,350,21.600000,22.608000,0,0,1410191250,1138,1,1138,-25,0,1,18
1,350,21.600000,22.608000,0,0,1410191256,1137,1,1137,-25,0,1,18
1,350,21.600000,22.608000,0,0,1410191262,1136,1,1136,-25,0,1,18
1,350,21.600000,22.608000,0,0,1410191267,1136,1,1136,-25,0,1,18
1,350,21.600000,22.608000,0,0,1410191273,1135,1,1135,-25,0,1,18
1,350,21.600000,22.608000,0,0,1410191279,1134,1,1134,-25,0,1,18
1,350,21.600000,22.608000,0,0,1410191284,1134,1,1134,-25,0,1,18
1,350,21.600000,22.608000,0,0,1410191290,1134,1,1134,-25,0,1,18
1,350,21.600000,22.608000,0,0,1410191295,1134,1,1134,-25,0,1,18
1,350,21.600000,22.608000,0,0,1410191301,1134,1,1134,-25,0,1,18
1,350,21.600000,22.608000,0,0,1410191307,1134,1,1134,-25,0,1,18
1,350,21.600000,22.608000,0,0,1410191313,1134,1,1134,-25,0,1,18
1,350,21.600000,22.608000,0,0,1410191318,1134,1,1134,-25,0,1,18
1,350,21.600000,22.608000,0,0,1410191323,1134,1,1134,-25,0,1,18
1,350,21.600000,22.608000,0,0,1410191329,1134,1,1134,-25,0,1,18
1,350,21.600000,22.608000,0,0,1410191335,1134,1,1134,-25,0,1,18
1,350,21.600000,22.608000,0,0,1410191341,1134,1,1134,-25,0,1,18
1,350,21.600000,22.608000,0,0,1410191346,1134,1,1134,-25,0,1,18
1,350,21.600000,22.608000,0,0,1410191352,1134,1,1134,-25,0,1,18
1,350,21.600000,22.608000,0,0,1410191358,1134,1,1134,-25,0,1,18
1,350,21.600000,22.608000,0,0,1410191363,1134,1,1134,-25,0,1,18
1,350,21.600000,22.608000,0,0,1410191369,1134,1,1134,-25,0,1,18
1,350,21.600000,22.608000,0,0,1410191375,1134,1,1134,-25,0,1,18
1,350,21.600000,22.608000,0,0,1410191380,1134,1,1134,-25,0,1,18
1,350,21.600000,22.608000,0,0,1410191399,1134,1,1134,-25,0,1,18
