1,700,50.400000,10000.000000,0,0,1410173525,610,0,610,0,0,1,8
1,700,50.400000,10000.000000,0,0,1410173526,610,0,610,0,0,1,8
1,700,50.400000,10000.000000,0,0,1410173532,610,0,610,0,0,1,8
1,700,50.400000,10000.000000,0,0,1410173538,610,0,610,0,0,1,8
1,700,50.400000,10000.000000,0,0,1410173543,610,0,610,0,0,1,8
1,700,50.400000,10000.000000,0,0,1410173549,610,0,610,0,0,1,8
1,700,50.400000,10000.000000,0,0,1410173555,610,0,610,0,0,1,8
1,700,50.400000,10000.000000,0,0,1410173560,610,0,610,0,0,1,8
1,700,50.400000,10000.000000,0,0,1410173566,610,0,610,0,0,1,8
1,700,50.400000,10000.000000,0,0,1410173571,610,0,610,0,0,1,8
1,700,50.400000,10000.000000,0,0,1410173577,610,0,610,0,0,1,8
1,700,50.400000,10000.000000,0,0,1410173583,610,0,610,0,0,1,8
1,700,50.400000,10000.000000,0,0,1410173588,610,0,610,0,0,1,8
1,700,50.400000,10000.000000,0,0,1410173593,610,0,610,0,0,1,8
1,700,50.400000,10000.000000,0,0,1410173599,610,0,610,0,0,1,8
1,700,50.400000,10000.000000,0,0,1410173605,610,0,610,0,0,1,8
1,700,50.400000,10000.000000,0,0,1410173611,610,0,610,0,0,1,8
1,700,50.400000,10000.000000,0,0,1410173617,610,0,610,0,0,1,8
1,700,50.400000,10000.000000,0,0,1410173622,610,0,610,0,0,1,8
1,700,50.400000,10000.000000,0,0,1410173628,610,0,610,0,0,1,8
1,700,50.400000,10000.000000,0,0,1410173634,610,0,610,0,0,1,8
1,700,50.400000,10000.000000,0,0,1410173640,612,1,612,1,0,1,8
1,700,50.400000,10000.000000,0,0,1410173645,616,2,616,2,0,1,8
1,700,50.400000,10000.000000,0,0,1410173651,622,2,622,2,0,1,8
1,700,50.400000,10000.000000,0,0,1410173657,630,2,630,2,0,1,8
1,700,50.400000,10000.000000,0,0,1410173664,640,2,640,2,0,1,8
1,700,50.400000,10000.000000,0,0,1410173669,653,2,653,2,0,1,8
1,700,50.400000,10000.000000,0,0,1410173676,670,2,670,2,0,1,8
1,700,50.400000,10000.000000,0,0,1410173681,689,2,689,2,0,1,8
1,700,50.400000,10000.000000,0,0,1410173687,709,2,709,2,0,1,8
1,700,50.400000,10000.000000,0,0,1410173693,734,2,734,2,0,1,8
1,700,50.400000,10000.000000,0,0,1410173699,762,2,762,2,0,1,8
1,700,50.400000,10000.000000,0,0,1410173704,787,2,787,2,0,1,8
1,700,50.400000,10000.000000,0,0,1410173710,815,1,815,1,0,1,8
1,700,50.400000,10000.000000,0,0,1410173716,841,1,841,1,0,1,8
1,700,50.400000,10000.000000,0,0,1410173721,866,0,866,0,0,1,8
1,700,50.400000,10000.000000,0,0,1410173727,894,0,894,-1,0,1,8
1,700,50.400000,10000.000000,0,0,1410173733,916,0,916,-2,0,1,8
1,700,50.400000,10000.000000,0,0,1410173739,947,0,947,-4,0,1,8
1,700,50.400000,10000.000000,0,0,1410173744,975,0,975,-5,0,1,8
1,700,50.400000,10000.000000,0,0,1410173750,1003,0,1003,-7,0,1,8
1,700,50.400000,10000.000000,0,0,1410173756,1028,0,1028,-9,0,1,8
1,700,50.400000,10000.000000,0,0,1410173761,1050,0,1050,-11,0,1,8
1,700,50.400000,10000.000000,0,0,1410173767,1072,0,1072,-13,0,1,8
1,700,50.400000,10000.000000,0,0,1410173773,1094,0,1094,-16,0,1,8
1,700,50.400000,10000.000000,0,0,1410173778,1114,0,1114,-19,0,1,8
1,700,50.400000,10000.000000,0,0,1410173784,1133,0,1133,-21,0,1,8
1,700,50.400000,10000.000000,0,0,1410173790,1150,0,1150,-23,0,1,8
1,700,50.400000,10000.000000,0,0,1410173795,1167,0,1167,-25,0,1,8
1,700,50.400000,10000.000000,0,0,1410173801,1181,0,1181,-27,0,1,8
1,700,50.400000,10000.000000,0,0,1410173807,1194,0,1194,-29,0,1,8
1,700,50.400000,10000.000000,0,0,1410173813,1203,0,1203,-30,0,1,8
1,700,50.400000,10000.000000,0,0,1410173819,1213,0,1213,-31,0,1,8
1,700,50.400000,10000.000000,0,0,1410173825,1219,0,1219,-32,0,1,8
1,700,50.400000,10000.000000,0,0,1410173830,1222,0,1222,-32,0,1,8
1,700,50.400000,10000.000000,0,0,1410173836,1224,0,1224,-33,0,1,8
1,700,50.400000,10000.000000,0,0,1410173841,1227,0,1227,-34,0,1,8
1,700,50.400000,10000.000000,0,0,1410173848,1228,0,1228,-34,0,1,8
1,700,50.400000,10000.000000,0,0,1410173853,1228,0,1228,-34,0,1,8
1,700,50.400000,10000.000000,0,0,1410173860,1228,0,1228,-34,0,1,8
1,700,50.400000,10000.000000,0,0,1410173866,1228,0,1228,-34,0,1,8
1,700,50.400000,10000.000000,0,0,1410173872,1228,0,1228,-34,0,1,8
1,700,50.400000,10000.000000,0,0,1410173877,1228,0,1228,-34,0,1,8
1,700,50.400000,10000.000000,0,0,1410173883,1228,0,1228,-34,0,1,8
1,700,50.400000,10000.000000,0,0,1410173889,1228,0,1228,-34,0,1,8
1,700,50.400000,10000.000000,0,0,1410173894,1228,0,1228,-34,0,1,8
1,700,50.400000,10000.000000,0,0,1410173900,1228,0,1228,-34,0,1,8
1,700,50.400000,10000.000000,0,0,1410173905,1229,0,1229,-34,0,1,8
1,700,50.400000,10000.000000,0,0,1410173911,1230,0,1230,-34,0,1,8
1,700,50.400000,10000.000000,0,0,1410173917,1231,0,1231,-34,0,1,8
1,700,50.400000,10000.000000,0,0,1410173924,1233,0,1233,-35,0,1,8
1,700,50.400000,10000.000000,0,0,1410173930,1235,0,1235,-35,0,1,8
1,700,50.400000,10000.000000,0,0,1410173936,1236,0,1236,-35,0,1,8
1,700,50.400000,10000.000000,0,0,1410173942,1237,0,1237,-35,0,1,8
1,700,50.400000,10000.000000,0,0,1410173947,1239,0,1239,-35,0,1,8
1,700,50.400000,10000.000000,0,0,1410173952,1239,0,1239,-35,0,1,8
1,700,50.400000,10000.000000,0,0,1410173958,1239,0,1239,-35,0,1,8
1,700,50.400000,10000.000000,0,0,1410173964,1240,0,1240,-35,0,1,8
1,700,50.400000,10000.000000,0,0,1410173969,1240,0,1240,-35,0,1,8
1,700,50.400000,10000.000000,0,0,1410173975,1241,0,1241,-35,0,1,8
1,700,50.400000,10000.000000,0,0,1410173981,1242,0,1242,-35,0,1,8
1,700,50.400000,10000.000000,0,0,1410173987,1244,0,1244,-35,0,1,8
1,700,50.400000,10000.000000,0,0,1410173993,1247,0,1247,-35,0,1,8
1,700,50.400000,10000.000000,0,0,1410173998,1252,0,1252,-35,0,1,8
1,700,50.400000,10000.000000,0,0,1410174004,1256,0,1256,-35,0,1,8
1,700,50.400000,10000.000000,0,0,1410174010,1262,0,1262,-35,0,1,8
1,700,50.400000,10000.000000,0,0,1410174016,1269,0,1269,-35,0,1,8
1,700,50.400000,10000.000000,0,0,1410174021,1274,0,1274,-35,0,1,8
1,700,50.400000,10000.000000,0,0,1410174027,1278,0,1278,-35,0,1,8
1,700,50.400000,10000.000000,0,0,1410174033,1281,0,1281,-35,0,1,8
1,700,50.400000,10000.000000,0,0,1410174039,1283,0,1283,-35,0,1,8
1,700,50.400000,10000.000000,0,0,1410174044,1284,0,1284,-35,0,1,8
1,700,50.400000,10000.000000,0,0,1410174050,1284,0,1284,-35,0,1,8
1,700,50.400000,10000.000000,0,0,1410174055,1284,0,1284,-35,0,1,8
1,700,50.400000,10000.000000,0,0,1410174061,1285,0,1285,-35,0,1,8
1,700,50.400000,10000.000000,0,0,1410174067,1285,0,1285,-35,0,1,8
1,700,50.400000,10000.000000,0,0,1410174072,1285,0,1285,-35,0,1,8
1,700,50.400000,10000.000000,0,0,1410174078,1285,0,1285,-35,0,1,8
1,700,50.400000,10000.000000,0,0,1410174083,1285,0,1285,-35,0,1,8
1,700,50.400000,10000.000000,0,0,1410174089,1285,0,1285,-35,0,1,8
1,700,50.400000,10000.000000,0,0,1410174094,1285,0,1285,-35,0,1,8
1,700,50.400000,10000.000000,0,0,1410174100,1285,0,1285,-35,0,1,8
1,700,50.400000,10000.000000,0,0,1410174105,1285,0,1285,-35,0,1,8
1,700,50.400000,10000.000000,0,0,1410174111,1285,0,1285,-35,0,1,8
1,700,50.400000,10000.000000,0,0,1410174117,1285,0,1285,-35,0,1,8
1,700,50.400000,10000.000000,0,0,1410174122,1285,0,1285,-35,0,1,8
1,700,50.400000,10000.000000,0,0,1410174128,1285,0,1285,-35,0,1,8
1,700,50.400000,10000.000000,0,0,1410174134,1285,0,1285,-35,0,1,8
1,700,50.400000,10000.000000,0,0,1410174138,1285,0,1285,-35,0,1,8
1,700,50.400000,10000.000000,0,0,1410174144,1285,0,1285,-35,0,1,8
1,700,50.400000,10000.000000,0,0,1410174150,1285,0,1285,-35,0,1,8
1,700,50.400000,10000.000000,0,0,1410174155,1285,0,1285,-35,0,1,8
1,700,50.400000,10000.000000,0,0,1410174161,1285,0,1285,-35,0,1,8
1,700,50.400000,10000.000000,0,0,1410174166,1285,0,1285,-35,0,1,8
1,700,50.400000,10000.000000,0,0,1410174172,1285,0,1285,-35,0,1,8
1,700,50.400000,10000.000000,0,0,1410174178,1285,0,1285,-35,0,1,8
1,700,50.400000,10000.000000,0,0,1410174183,1285,0,1285,-35,0,1,8
1,700,50.400000,10000.000000,0,0,1410174189,1285,0,1285,-35,0,1,8
1,700,50.400000,10000.000000,0,0,1410174195,1285,0,1285,-35,0,1,8
1,700,50.400000,10000.000000,0,0,1410174200,1285,0,1285,-35,0,1,8
1,700,50.400000,10000.000000,0,0,1410174206,1286,0,1286,-35,0,1,8
1,700,50.400000,10000.000000,0,0,1410174212,1287,0,1287,-35,0,1,8
1,700,50.400000,10000.000000,0,0,1410174218,1287,0,1287,-35,0,1,8
1,700,50.400000,10000.000000,0,0,1410174224,1287,0,1287,-35,0,1,8
1,700,50.400000,10000.000000,0,0,1410174230,1287,0,1287,-35,0,1,8
1,700,50.400000,10000.000000,0,0,1410174236,1287,0,1287,-35,0,1,8
1,700,50.400000,10000.000000,0,0,1410174242,1287,0,1287,-35,0,1,8
1,700,50.400000,10000.000000,0,0,1410174260,1287,0,1287,-35,0,1,8
