1,700,50.400000,42.984000,1,0,1410532312,610,0,610,0,0,2,99
1,700,50.400000,42.984000,1,0,1410532313,610,0,610,0,0,2,99
1,700,50.400000,42.984000,1,0,1410532319,610,0,610,0,0,2,99
1,700,50.400000,42.984000,1,0,1410532324,610,0,610,0,0,2,99
1,700,50.400000,42.984000,1,0,1410532330,610,0,610,0,0,2,99
1,700,50.400000,42.984000,1,0,1410532335,610,0,610,0,0,2,99
1,700,50.400000,42.984000,1,0,1410532341,610,0,610,0,0,2,99
1,700,50.400000,42.984000,1,0,1410532347,610,0,610,0,0,2,99
1,700,50.400000,42.984000,1,0,1410532352,610,0,610,0,0,2,99
1,700,50.400000,42.984000,1,0,1410532358,610,0,610,0,0,2,99
1,700,50.400000,42.984000,1,0,1410532365,610,0,610,0,0,2,99
1,700,50.400000,42.984000,1,0,1410532370,610,0,610,0,0,2,99
1,700,50.400000,42.984000,1,0,1410532376,610,0,610,0,0,2,99
1,700,50.400000,42.984000,1,0,1410532382,610,0,610,0,0,2,99
1,700,50.400000,42.984000,1,0,1410532387,610,0,610,0,0,2,99
1,700,50.400000,42.984000,1,0,1410532393,610,0,610,0,0,2,99
1,700,50.400000,42.984000,1,0,1410532399,613,0,613,0,0,2,99
1,700,50.400000,42.984000,1,0,1410532405,617,0,617,0,0,2,99
1,700,50.400000,42.984000,1,0,1410532411,623,0,623,0,0,2,99
1,700,50.400000,42.984000,1,0,1410532417,632,0,632,0,0,2,99
1,700,50.400000,42.984000,1,0,1410532423,642,0,642,0,0,2,99
1,700,50.400000,42.984000,1,0,1410532429,653,0,653,0,0,2,99
1,700,50.400000,42.984000,1,0,1410532434,666,0,666,0,0,2,99
1,700,50.400000,42.984000,1,0,1410532440,683,0,683,-1,0,2,99
1,700,50.400000,42.984000,1,0,1410532445,701,0,701,-2,0,2,99
1,700,50.400000,42.984000,1,0,1410532451,719,0,719,-3,0,2,99
1,700,50.400000,42.984000,1,0,1410532457,742,0,742,-5,0,2,99
1,700,50.400000,42.984000,1,0,1410532462,765,0,765,-6,0,2,99
1,700,50.400000,42.984000,1,0,1410532468,787,0,787,-7,0,2,99
1,700,50.400000,42.984000,1,0,1410532474,813,0,813,-8,0,2,99
1,700,50.400000,42.984000,1,0,1410532479,841,0,841,-9,0,2,99
1,700,50.400000,42.984000,1,0,1410532485,869,0,869,-10,0,2,99
1,700,50.400000,42.984000,1,0,1410532491,898,0,898,-11,0,2,99
1,700,50.400000,42.984000,1,0,1410532497,929,0,929,-12,0,2,99
1,700,50.400000,42.984000,1,0,1410532503,966,0,966,-14,0,2,99
1,700,50.400000,42.984000,1,0,1410532508,996,0,996,-15,0,2,99
1,700,50.400000,42.984000,1,0,1410532514,1027,0,1027,-17,0,2,99
1,700,50.400000,42.984000,1,0,1410532519,1057,0,1057,-19,0,2,99
1,700,50.400000,42.984000,1,0,1410532526,1078,0,1078,-21,0,2,99
1,700,50.400000,42.984000,1,0,1410532532,1111,0,1111,-24,0,2,99
1,700,50.400000,42.984000,1,0,1410532537,1136,0,1136,-26,0,2,99
1,700,50.400000,42.984000,1,0,1410532543,1159,0,1159,-28,0,2,99
1,700,50.400000,42.984000,1,0,1410532549,1180,0,1180,-31,0,2,99
1,700,50.400000,42.984000,1,0,1410532555,1200,0,1200,-33,0,2,99
1,700,50.400000,42.984000,1,0,1410532561,1217,0,1217,-34,0,2,99
1,700,50.400000,42.984000,1,0,1410532567,1234,0,1234,-35,0,2,99
1,700,50.400000,42.984000,1,0,1410532573,1250,0,1250,-36,0,2,99
1,700,50.400000,42.984000,1,0,1410532579,1262,0,1262,-36,0,2,99
1,700,50.400000,42.984000,1,0,1410532585,1272,0,1272,-36,0,2,99
1,700,50.400000,42.984000,1,0,1410532590,1280,0,1280,-36,0,2,99
1,700,50.400000,42.984000,1,0,1410532596,1285,0,1285,-36,0,2,99
1,700,50.400000,42.984000,1,0,1410532601,1288,0,1288,-36,0,2,99
1,700,50.400000,42.984000,1,0,1410532607,1289,0,1289,-36,0,2,99
1,700,50.400000,42.984000,1,0,1410532613,1289,0,1289,-36,0,2,99
1,700,50.400000,42.984000,1,0,1410532619,1289,0,1289,-36,0,2,99
1,700,50.400000,42.984000,1,0,1410532625,1289,0,1289,-36,0,2,99
1,700,50.400000,42.984000,1,0,1410532630,1289,0,1289,-36,0,2,99
1,700,50.400000,42.984000,1,0,1410532635,1289,0,1289,-36,0,2,99
1,700,50.400000,42.984000,1,0,1410532642,1289,0,1289,-36,0,2,99
1,700,50.400000,42.984000,1,0,1410532647,1289,0,1289,-36,0,2,99
1,700,50.400000,42.984000,1,0,1410532653,1289,0,1289,-36,0,2,99
1,700,50.400000,42.984000,1,0,1410532658,1289,0,1289,-36,0,2,99
1,700,50.400000,42.984000,1,0,1410532664,1289,0,1289,-36,0,2,99
1,700,50.400000,42.984000,1,0,1410532669,1289,0,1289,-36,0,2,99
1,700,50.400000,42.984000,1,0,1410532675,1289,0,1289,-36,0,2,99
1,700,50.400000,42.984000,1,0,1410532681,1289,0,1289,-36,0,2,99
1,700,50.400000,42.984000,1,0,1410532686,1289,0,1289,-36,0,2,99
1,700,50.400000,42.984000,1,0,1410532692,1289,0,1289,-36,0,2,99
1,700,50.400000,42.984000,1,0,1410532697,1289,0,1289,-36,0,2,99
1,700,50.400000,42.984000,1,0,1410532703,1289,0,1289,-36,0,2,99
1,700,50.400000,42.984000,1,0,1410532708,1289,0,1289,-36,0,2,99
1,700,50.400000,42.984000,1,0,1410532714,1289,0,1289,-36,0,2,99
1,700,50.400000,42.984000,1,0,1410532719,1289,0,1289,-36,0,2,99
1,700,50.400000,42.984000,1,0,1410532725,1289,0,1289,-36,0,2,99
1,700,50.400000,42.984000,1,0,1410532731,1289,0,1289,-36,0,2,99
1,700,50.400000,42.984000,1,0,1410532737,1289,0,1289,-36,0,2,99
1,700,50.400000,42.984000,1,0,1410532742,1289,0,1289,-36,0,2,99
1,700,50.400000,42.984000,1,0,1410532748,1289,0,1289,-36,0,2,99
1,700,50.400000,42.984000,1,0,1410532754,1289,0,1289,-36,0,2,99
1,700,50.400000,42.984000,1,0,1410532759,1289,0,1289,-36,0,2,99
1,700,50.400000,42.984000,1,0,1410532764,1289,0,1289,-36,0,2,99
1,700,50.400000,42.984000,1,0,1410532770,1289,0,1289,-36,0,2,99
1,700,50.400000,42.984000,1,0,1410532776,1289,0,1289,-36,0,2,99
1,700,50.400000,42.984000,1,0,1410532781,1289,0,1289,-36,0,2,99
1,700,50.400000,42.984000,1,0,1410532787,1289,0,1289,-36,0,2,99
1,700,50.400000,42.984000,1,0,1410532792,1289,0,1289,-36,0,2,99
1,700,50.400000,42.984000,1,0,1410532798,1289,0,1289,-36,0,2,99
1,700,50.400000,42.984000,1,0,1410532804,1289,0,1289,-36,0,2,99
1,700,50.400000,42.984000,1,0,1410532809,1289,0,1289,-36,0,2,99
1,700,50.400000,42.984000,1,0,1410532815,1289,0,1289,-36,0,2,99
1,700,50.400000,42.984000,1,0,1410532820,1289,0,1289,-36,0,2,99
1,700,50.400000,42.984000,1,0,1410532826,1289,0,1289,-36,0,2,99
1,700,50.400000,42.984000,1,0,1410532831,1289,0,1289,-36,0,2,99
1,700,50.400000,42.984000,1,0,1410532850,1289,0,1289,-36,0,2,99
