1,700,82.800000,22.608000,0,1,1410634547,610,22,610,22,0,3,42
1,700,82.800000,22.608000,0,1,1410634548,610,22,610,22,0,3,42
1,700,82.800000,22.608000,0,1,1410634554,610,22,610,22,0,3,42
1,700,82.800000,22.608000,0,1,1410634560,610,22,610,22,0,3,42
1,700,82.800000,22.608000,0,1,1410634565,610,22,610,22,0,3,42
1,700,82.800000,22.608000,0,1,1410634571,610,22,610,22,0,3,42
1,700,82.800000,22.608000,0,1,1410634577,611,22,611,22,0,3,42
1,700,82.800000,22.608000,0,1,1410634582,612,22,612,22,0,3,42
1,700,82.800000,22.608000,0,1,1410634588,613,22,613,22,0,3,42
1,700,82.800000,22.608000,0,1,1410634594,614,22,614,22,0,3,42
1,700,82.800000,22.608000,0,1,1410634599,615,22,615,22,0,3,42
1,700,82.800000,22.608000,0,1,1410634605,616,22,616,22,0,3,42
1,700,82.800000,22.608000,0,1,1410634610,619,22,619,22,0,3,42
1,700,82.800000,22.608000,0,1,1410634616,624,22,624,22,0,3,42
1,700,82.800000,22.608000,0,1,1410634622,632,22,632,22,0,3,42
1,700,82.800000,22.608000,0,1,1410634627,644,22,644,22,0,3,42
1,700,82.800000,22.608000,0,1,1410634633,657,22,657,22,0,3,42
1,700,82.800000,22.608000,0,1,1410634639,671,22,671,22,0,3,42
1,700,82.800000,22.608000,0,1,1410634645,688,22,688,22,0,3,42
1,700,82.800000,22.608000,0,1,1410634650,705,22,705,22,0,3,42
1,700,82.800000,22.608000,0,1,1410634656,724,22,724,22,0,3,42
1,700,82.800000,22.608000,0,1,1410634662,743,22,743,22,0,3,42
1,700,82.800000,22.608000,0,1,1410634667,769,22,769,22,0,3,42
1,700,82.800000,22.608000,0,1,1410634673,795,21,795,21,0,3,42
1,700,82.800000,22.608000,0,1,1410634678,821,21,821,21,0,3,42
1,700,82.800000,22.608000,0,1,1410634684,846,21,846,21,0,3,42
1,700,82.800000,22.608000,0,1,1410634690,871,21,871,21,0,3,42
1,700,82.800000,22.608000,0,1,1410634696,901,20,901,20,0,3,42
1,700,82.800000,22.608000,0,1,1410634702,930,19,930,19,0,3,42
1,700,82.800000,22.608000,0,1,1410634708,962,18,962,18,0,3,42
1,700,82.800000,22.608000,0,1,1410634713,992,17,992,17,0,3,42
1,700,82.800000,22.608000,0,1,1410634720,1019,16,1019,16,0,3,42
1,700,82.800000,22.608000,0,1,1410634725,1046,15,1046,15,0,3,42
1,700,82.800000,22.608000,0,1,1410634731,1072,14,1072,14,0,3,42
1,700,82.800000,22.608000,0,1,1410634737,1099,12,1099,12,0,3,42
1,700,82.800000,22.608000,0,1,1410634743,1120,10,1120,10,0,3,42
1,700,82.800000,22.608000,0,1,1410634748,1143,9,1143,9,0,3,42
1,700,82.800000,22.608000,0,1,1410634754,1158,8,1158,8,0,3,42
1,700,82.800000,22.608000,0,1,1410634760,1179,7,1179,7,0,3,42
1,700,82.800000,22.608000,0,1,1410634765,1198,5,1198,5,0,3,42
1,700,82.800000,22.608000,0,1,1410634771,1215,4,1215,4,0,3,42
1,700,82.800000,22.608000,0,1,1410634777,1228,3,1228,3,0,3,42
1,700,82.800000,22.608000,0,1,1410634782,1240,2,1240,2,0,3,42
1,700,82.800000,22.608000,0,1,1410634788,1250,1,1250,1,0,3,42
1,700,82.800000,22.608000,0,1,1410634793,1258,0,1258,0,0,3,42
1,700,82.800000,22.608000,0,1,1410634799,1265,0,1265,0,0,3,42
1,700,82.800000,22.608000,0,1,1410634805,1270,0,1270,0,0,3,42
1,700,82.800000,22.608000,0,1,1410634810,1273,0,1273,0,0,3,42
1,700,82.800000,22.608000,0,1,1410634816,1275,0,1275,0,0,3,42
1,700,82.800000,22.608000,0,1,1410634822,1277,0,1277,0,0,3,42
1,700,82.800000,22.608000,0,1,1410634827,1277,0,1277,-1,0,3,42
1,700,82.800000,22.608000,0,1,1410634833,1277,0,1277,-2,0,3,42
1,700,82.800000,22.608000,0,1,1410634839,1277,0,1277,-3,0,3,42
1,700,82.800000,22.608000,0,1,1410634844,1277,0,1277,-3,0,3,42
1,700,82.800000,22.608000,0,1,1410634850,1277,0,1277,-3,0,3,42
1,700,82.800000,22.608000,0,1,1410634856,1277,0,1277,-3,0,3,42
1,700,82.800000,22.608000,0,1,1410634861,1277,0,1277,-3,0,3,42
1,700,82.800000,22.608000,0,1,1410634866,1277,0,1277,-3,0,3,42
1,700,82.800000,22.608000,0,1,1410634872,1277,0,1277,-3,0,3,42
1,700,82.800000,22.608000,0,1,1410634878,1278,0,1278,-3,0,3,42
1,700,82.800000,22.608000,0,1,1410634884,1279,0,1279,-3,0,3,42
1,700,82.800000,22.608000,0,1,1410634889,1280,0,1280,-3,0,3,42
1,700,82.800000,22.608000,0,1,1410634895,1281,0,1281,-3,0,3,42
1,700,82.800000,22.608000,0,1,1410634901,1282,0,1282,-3,0,3,42
1,700,82.800000,22.608000,0,1,1410634906,1283,0,1283,-3,0,3,42
1,700,82.800000,22.608000,0,1,1410634912,1283,0,1283,-3,0,3,42
1,700,82.800000,22.608000,0,1,1410634917,1283,0,1283,-3,0,3,42
1,700,82.800000,22.608000,0,1,1410634923,1283,0,1283,-3,0,3,42
1,700,82.800000,22.608000,0,1,1410634928,1283,0,1283,-3,0,3,42
1,700,82.800000,22.608000,0,1,1410634934,1283,0,1283,-3,0,3,42
1,700,82.800000,22.608000,0,1,1410634940,1283,0,1283,-3,0,3,42
1,700,82.800000,22.608000,0,1,1410634946,1283,0,1283,-3,0,3,42
1,700,82.800000,22.608000,0,1,1410634952,1284,0,1284,-3,0,3,42
1,700,82.800000,22.608000,0,1,1410634958,1284,0,1284,-3,0,3,42
1,700,82.800000,22.608000,0,1,1410634963,1285,0,1285,-3,0,3,42
1,700,82.800000,22.608000,0,1,1410634969,1286,0,1286,-3,0,3,42
1,700,82.800000,22.608000,0,1,1410634975,1286,0,1286,-3,0,3,42
1,700,82.800000,22.608000,0,1,1410634980,1286,0,1286,-3,0,3,42
1,700,82.800000,22.608000,0,1,1410634985,1286,0,1286,-3,0,3,42
1,700,82.800000,22.608000,0,1,1410634991,1286,0,1286,-3,0,3,42
1,700,82.800000,22.608000,0,1,1410634996,1286,0,1286,-3,0,3,42
1,700,82.800000,22.608000,0,1,1410635002,1286,0,1286,-3,0,3,42
1,700,82.800000,22.608000,0,1,1410635008,1286,0,1286,-3,0,3,42
1,700,82.800000,22.608000,0,1,1410635014,1286,0,1286,-3,0,3,42
1,700,82.800000,22.608000,0,1,1410635020,1286,0,1286,-3,0,3,42
1,700,82.800000,22.608000,0,1,1410635026,1286,0,1286,-3,0,3,42
1,700,82.800000,22.608000,0,1,1410635031,1286,0,1286,-3,0,3,42
1,700,82.800000,22.608000,0,1,1410635037,1286,0,1286,-3,0,3,42
1,700,82.800000,22.608000,0,1,1410635042,1286,0,1286,-3,0,3,42
1,700,82.800000,22.608000,0,1,1410635047,1286,0,1286,-3,0,3,42
1,700,82.800000,22.608000,0,1,1410635053,1286,0,1286,-3,0,3,42
1,700,82.800000,22.608000,0,1,1410635059,1286,0,1286,-3,0,3,42
1,700,82.800000,22.608000,0,1,1410635064,1286,0,1286,-3,0,3,42
1,700,82.800000,22.608000,0,1,1410635070,1286,0,1286,-3,0,3,42
1,700,82.800000,22.608000,0,1,1410635076,1286,0,1286,-3,0,3,42
1,700,82.800000,22.608000,0,1,1410635081,1286,0,1286,-3,0,3,42
1,700,82.800000,22.608000,0,1,1410635087,1286,0,1286,-3,0,3,42
1,700,82.800000,22.608000,0,1,1410635093,1286,0,1286,-3,0,3,42
1,700,82.800000,22.608000,0,1,1410635098,1286,0,1286,-3,0,3,42
1,700,82.800000,22.608000,0,1,1410635104,1286,0,1286,-3,0,3,42
1,700,82.800000,22.608000,0,1,1410635109,1286,0,1286,-3,0,3,42
1,700,82.800000,22.608000,0,1,1410635128,1286,0,1286,-3,0,3,42
