1,700,82.800000,42.984000,1,0,1410963806,610,0,610,0,0,4,113
1,700,82.800000,42.984000,1,0,1410963808,610,0,610,0,0,4,113
1,700,82.800000,42.984000,1,0,1410963814,610,0,610,0,0,4,113
1,700,82.800000,42.984000,1,0,1410963819,610,0,610,0,0,4,113
1,700,82.800000,42.984000,1,0,1410963825,610,0,610,0,0,4,113
1,700,82.800000,42.984000,1,0,1410963831,610,0,610,0,0,4,113
1,700,82.800000,42.984000,1,0,1410963836,610,0,610,0,0,4,113
1,700,82.800000,42.984000,1,0,1410963842,610,0,610,0,0,4,113
1,700,82.800000,42.984000,1,0,1410963847,610,0,610,0,0,4,113
1,700,82.800000,42.984000,1,0,1410963852,610,0,610,0,0,4,113
1,700,82.800000,42.984000,1,0,1410963858,610,0,610,0,0,4,113
1,700,82.800000,42.984000,1,0,1410963863,610,0,610,0,0,4,113
1,700,82.800000,42.984000,1,0,1410963869,610,0,610,0,0,4,113
1,700,82.800000,42.984000,1,0,1410963875,610,0,610,0,0,4,113
1,700,82.800000,42.984000,1,0,1410963880,610,0,610,0,0,4,113
1,700,82.800000,42.984000,1,0,1410963886,610,0,610,0,0,4,113
1,700,82.800000,42.984000,1,0,1410963892,611,0,611,0,0,4,113
1,700,82.800000,42.984000,1,0,1410963897,615,0,615,0,0,4,113
1,700,82.800000,42.984000,1,0,1410963903,620,0,620,0,0,4,113
1,700,82.800000,42.984000,1,0,1410963910,634,0,634,-1,0,4,113
1,700,82.800000,42.984000,1,0,1410963916,650,0,650,-2,0,4,113
1,700,82.800000,42.984000,1,0,1410963922,672,0,672,-3,0,4,113
1,700,82.800000,42.984000,1,0,1410963928,689,0,689,-4,0,4,113
1,700,82.800000,42.984000,1,0,1410963934,709,0,709,-5,0,4,113
1,700,82.800000,42.984000,1,0,1410963940,734,0,734,-6,0,4,113
1,700,82.800000,42.984000,1,0,1410963945,759,0,759,-7,0,4,113
1,700,82.800000,42.984000,1,0,1410963952,788,0,788,-8,0,4,113
1,700,82.800000,42.984000,1,0,1410963957,819,0,819,-10,0,4,113
1,700,82.800000,42.984000,1,0,1410963963,850,0,850,-12,0,4,113
1,700,82.800000,42.984000,1,0,1410963968,884,0,884,-14,0,4,113
1,700,82.800000,42.984000,1,0,1410963974,921,0,921,-16,0,4,113
1,700,82.800000,42.984000,1,0,1410963980,946,0,946,-18,0,4,113
1,700,82.800000,42.984000,1,0,1410963985,983,0,983,-21,0,4,113
1,700,82.800000,42.984000,1,0,1410963991,1022,0,1022,-24,0,4,113
1,700,82.800000,42.984000,1,0,1410963997,1059,0,1059,-27,0,4,113
1,700,82.800000,42.984000,1,0,1410964003,1093,0,1093,-29,0,4,113
1,700,82.800000,42.984000,1,0,1410964008,1126,0,1126,-32,0,4,113
1,700,82.800000,42.984000,1,0,1410964014,1160,0,1160,-35,0,4,113
1,700,82.800000,42.984000,1,0,1410964020,1191,0,1191,-38,0,4,113
1,700,82.800000,42.984000,1,0,1410964026,1219,0,1219,-40,0,4,113
1,700,82.800000,42.984000,1,0,1410964032,1245,0,1245,-42,0,4,113
1,700,82.800000,42.984000,1,0,1410964038,1274,0,1274,-44,0,4,113
1,700,82.800000,42.984000,1,0,1410964043,1294,0,1294,-46,0,4,113
1,700,82.800000,42.984000,1,0,1410964049,1307,0,1307,-47,0,4,113
1,700,82.800000,42.984000,1,0,1410964055,1320,0,1320,-48,0,4,113
1,700,82.800000,42.984000,1,0,1410964060,1329,0,1329,-49,0,4,113
1,700,82.800000,42.984000,1,0,1410964066,1337,0,1337,-50,0,4,113
1,700,82.800000,42.984000,1,0,1410964072,1341,0,1341,-51,0,4,113
1,700,82.800000,42.984000,1,0,1410964078,1342,0,1342,-51,0,4,113
1,700,82.800000,42.984000,1,0,1410964084,1343,0,1343,-51,0,4,113
1,700,82.800000,42.984000,1,0,1410964089,1343,0,1343,-51,0,4,113
1,700,82.800000,42.984000,1,0,1410964094,1343,0,1343,-51,0,4,113
1,700,82.800000,42.984000,1,0,1410964100,1343,0,1343,-51,0,4,113
1,700,82.800000,42.984000,1,0,1410964106,1342,0,1342,-51,0,4,113
1,700,82.800000,42.984000,1,0,1410964111,1341,0,1341,-51,0,4,113
1,700,82.800000,42.984000,1,0,1410964117,1340,0,1340,-51,0,4,113
1,700,82.800000,42.984000,1,0,1410964123,1339,0,1339,-51,0,4,113
1,700,82.800000,42.984000,1,0,1410964129,1338,0,1338,-51,0,4,113
1,700,82.800000,42.984000,1,0,1410964134,1338,0,1338,-51,0,4,113
1,700,82.800000,42.984000,1,0,1410964140,1337,0,1337,-51,0,4,113
1,700,82.800000,42.984000,1,0,1410964146,1336,0,1336,-51,0,4,113
1,700,82.800000,42.984000,1,0,1410964152,1336,0,1336,-51,0,4,113
1,700,82.800000,42.984000,1,0,1410964158,1336,0,1336,-51,0,4,113
1,700,82.800000,42.984000,1,0,1410964164,1336,0,1336,-51,0,4,113
1,700,82.800000,42.984000,1,0,1410964169,1336,0,1336,-51,0,4,113
1,700,82.800000,42.984000,1,0,1410964175,1336,0,1336,-51,0,4,113
1,700,82.800000,42.984000,1,0,1410964182,1336,0,1336,-51,0,4,113
1,700,82.800000,42.984000,1,0,1410964187,1336,0,1336,-51,0,4,113
1,700,82.800000,42.984000,1,0,1410964193,1336,0,1336,-51,0,4,113
1,700,82.800000,42.984000,1,0,1410964199,1336,0,1336,-51,0,4,113
1,700,82.800000,42.984000,1,0,1410964205,1336,0,1336,-51,0,4,113
1,700,82.800000,42.984000,1,0,1410964211,1336,0,1336,-51,0,4,113
1,700,82.800000,42.984000,1,0,1410964216,1336,0,1336,-51,0,4,113
1,700,82.800000,42.984000,1,0,1410964222,1336,0,1336,-51,0,4,113
1,700,82.800000,42.984000,1,0,1410964227,1336,0,1336,-51,0,4,113
1,700,82.800000,42.984000,1,0,1410964233,1336,0,1336,-51,0,4,113
1,700,82.800000,42.984000,1,0,1410964239,1336,0,1336,-51,0,4,113
1,700,82.800000,42.984000,1,0,1410964244,1336,0,1336,-51,0,4,113
1,700,82.800000,42.984000,1,0,1410964250,1336,0,1336,-51,0,4,113
1,700,82.800000,42.984000,1,0,1410964256,1336,0,1336,-51,0,4,113
1,700,82.800000,42.984000,1,0,1410964261,1336,0,1336,-51,0,4,113
1,700,82.800000,42.984000,1,0,1410964267,1336,0,1336,-51,0,4,113
1,700,82.800000,42.984000,1,0,1410964273,1336,0,1336,-51,0,4,113
1,700,82.800000,42.984000,1,0,1410964278,1336,0,1336,-51,0,4,113
1,700,82.800000,42.984000,1,0,1410964284,1336,0,1336,-51,0,4,113
1,700,82.800000,42.984000,1,0,1410964290,1336,0,1336,-51,0,4,113
1,700,82.800000,42.984000,1,0,1410964296,1336,0,1336,-51,0,4,113
1,700,82.800000,42.984000,1,0,1410964314,1336,0,1336,-51,0,4,113
