1,700,82.800000,22.608000,1,0,1410800642,610,0,610,0,0,4,15
1,700,82.800000,22.608000,1,0,1410800644,610,0,610,0,0,4,15
1,700,82.800000,22.608000,1,0,1410800649,610,0,610,0,0,4,15
1,700,82.800000,22.608000,1,0,1410800655,610,0,610,0,0,4,15
1,700,82.800000,22.608000,1,0,1410800661,610,0,610,0,0,4,15
1,700,82.800000,22.608000,1,0,1410800666,610,0,610,0,0,4,15
1,700,82.800000,22.608000,1,0,1410800672,610,0,610,0,0,4,15
1,700,82.800000,22.608000,1,0,1410800677,610,0,610,0,0,4,15
1,700,82.800000,22.608000,1,0,1410800683,610,0,610,0,0,4,15
1,700,82.800000,22.608000,1,0,1410800688,610,0,610,0,0,4,15
1,700,82.800000,22.608000,1,0,1410800693,610,0,610,0,0,4,15
1,700,82.800000,22.608000,1,0,1410800699,610,0,610,0,0,4,15
1,700,82.800000,22.608000,1,0,1410800705,610,0,610,0,0,4,15
1,700,82.800000,22.608000,1,0,1410800710,610,0,610,0,0,4,15
1,700,82.800000,22.608000,1,0,1410800717,610,0,610,0,0,4,15
1,700,82.800000,22.608000,1,0,1410800723,611,0,611,0,0,4,15
1,700,82.800000,22.608000,1,0,1410800728,614,0,614,0,0,4,15
1,700,82.800000,22.608000,1,0,1410800735,620,2,620,2,0,4,15
1,700,82.800000,22.608000,1,0,1410800740,631,4,631,4,0,4,15
1,700,82.800000,22.608000,1,0,1410800746,644,6,644,6,0,4,15
1,700,82.800000,22.608000,1,0,1410800751,658,8,658,8,0,4,15
1,700,82.800000,22.608000,1,0,1410800757,675,9,675,9,0,4,15
1,700,82.800000,22.608000,1,0,1410800763,701,9,701,9,0,4,15
1,700,82.800000,22.608000,1,0,1410800769,720,9,720,9,0,4,15
1,700,82.800000,22.608000,1,0,1410800774,745,10,745,10,0,4,15
1,700,82.800000,22.608000,1,0,1410800780,767,10,767,10,0,4,15
1,700,82.800000,22.608000,1,0,1410800786,793,10,793,10,0,4,15
1,700,82.800000,22.608000,1,0,1410800792,822,10,822,10,0,4,15
1,700,82.800000,22.608000,1,0,1410800798,850,10,850,10,0,4,15
1,700,82.800000,22.608000,1,0,1410800803,887,10,887,10,0,4,15
1,700,82.800000,22.608000,1,0,1410800809,918,10,918,10,0,4,15
1,700,82.800000,22.608000,1,0,1410800815,949,10,949,10,0,4,15
1,700,82.800000,22.608000,1,0,1410800820,981,9,981,9,0,4,15
1,700,82.800000,22.608000,1,0,1410800826,1012,8,1012,8,0,4,15
1,700,82.800000,22.608000,1,0,1410800833,1040,7,1040,7,0,4,15
1,700,82.800000,22.608000,1,0,1410800839,1069,6,1069,6,0,4,15
1,700,82.800000,22.608000,1,0,1410800845,1095,5,1095,5,0,4,15
1,700,82.800000,22.608000,1,0,1410800850,1120,4,1120,4,0,4,15
1,700,82.800000,22.608000,1,0,1410800856,1136,3,1136,3,0,4,15
1,700,82.800000,22.608000,1,0,1410800862,1158,2,1158,2,0,4,15
1,700,82.800000,22.608000,1,0,1410800867,1175,1,1175,1,0,4,15
1,700,82.800000,22.608000,1,0,1410800874,1192,0,1192,-1,0,4,15
1,700,82.800000,22.608000,1,0,1410800880,1212,0,1212,-3,0,4,15
1,700,82.800000,22.608000,1,0,1410800886,1225,0,1225,-4,0,4,15
1,700,82.800000,22.608000,1,0,1410800892,1238,0,1238,-6,0,4,15
1,700,82.800000,22.608000,1,0,1410800898,1246,0,1246,-7,0,4,15
1,700,82.800000,22.608000,1,0,1410800904,1253,0,1253,-8,0,4,15
1,700,82.800000,22.608000,1,0,1410800910,1257,0,1257,-9,0,4,15
1,700,82.800000,22.608000,1,0,1410800915,1259,0,1259,-9,0,4,15
1,700,82.800000,22.608000,1,0,1410800921,1259,0,1259,-9,0,4,15
1,700,82.800000,22.608000,1,0,1410800927,1259,0,1259,-9,0,4,15
1,700,82.800000,22.608000,1,0,1410800932,1259,0,1259,-9,0,4,15
1,700,82.800000,22.608000,1,0,1410800938,1259,0,1259,-9,0,4,15
1,700,82.800000,22.608000,1,0,1410800944,1259,0,1259,-9,0,4,15
1,700,82.800000,22.608000,1,0,1410800949,1259,0,1259,-9,0,4,15
1,700,82.800000,22.608000,1,0,1410800955,1259,0,1259,-9,0,4,15
1,700,82.800000,22.608000,1,0,1410800961,1259,0,1259,-9,0,4,15
1,700,82.800000,22.608000,1,0,1410800966,1259,0,1259,-9,0,4,15
1,700,82.800000,22.608000,1,0,1410800972,1259,0,1259,-9,0,4,15
1,700,82.800000,22.608000,1,0,1410800978,1259,0,1259,-9,0,4,15
1,700,82.800000,22.608000,1,0,1410800984,1259,0,1259,-9,0,4,15
1,700,82.800000,22.608000,1,0,1410800990,1259,0,1259,-9,0,4,15
1,700,82.800000,22.608000,1,0,1410800995,1259,0,1259,-9,0,4,15
1,700,82.800000,22.608000,1,0,1410801001,1259,0,1259,-9,0,4,15
1,700,82.800000,22.608000,1,0,1410801007,1259,0,1259,-9,0,4,15
1,700,82.800000,22.608000,1,0,1410801013,1259,0,1259,-9,0,4,15
1,700,82.800000,22.608000,1,0,1410801019,1259,0,1259,-9,0,4,15
1,700,82.800000,22.608000,1,0,1410801025,1259,0,1259,-9,0,4,15
1,700,82.800000,22.608000,1,0,1410801031,1259,0,1259,-9,0,4,15
1,700,82.800000,22.608000,1,0,1410801037,1259,0,1259,-9,0,4,15
1,700,82.800000,22.608000,1,0,1410801043,1259,0,1259,-9,0,4,15
1,700,82.800000,22.608000,1,0,1410801049,1259,0,1259,-9,0,4,15
1,700,82.800000,22.608000,1,0,1410801054,1259,0,1259,-9,0,4,15
1,700,82.800000,22.608000,1,0,1410801060,1259,0,1259,-9,0,4,15
1,700,82.800000,22.608000,1,0,1410801065,1258,0,1258,-9,0,4,15
1,700,82.800000,22.608000,1,0,1410801071,1257,1,1257,-8,0,4,15
1,700,82.800000,22.608000,1,0,1410801077,1256,2,1256,-7,0,4,15
1,700,82.800000,22.608000,1,0,1410801083,1255,3,1255,-6,0,4,15
1,700,82.800000,22.608000,1,0,1410801088,1255,3,1255,-6,0,4,15
1,700,82.800000,22.608000,1,0,1410801094,1255,3,1255,-6,0,4,15
1,700,82.800000,22.608000,1,0,1410801100,1255,3,1255,-6,0,4,15
1,700,82.800000,22.608000,1,0,1410801106,1255,3,1255,-6,0,4,15
1,700,82.800000,22.608000,1,0,1410801111,1255,3,1255,-6,0,4,15
1,700,82.800000,22.608000,1,0,1410801116,1255,3,1255,-6,0,4,15
1,700,82.800000,22.608000,1,0,1410801122,1255,3,1255,-6,0,4,15
1,700,82.800000,22.608000,1,0,1410801128,1256,3,1256,-6,0,4,15
1,700,82.800000,22.608000,1,0,1410801134,1257,4,1257,-5,0,4,15
1,700,82.800000,22.608000,1,0,1410801139,1259,4,1259,-5,0,4,15
1,700,82.800000,22.608000,1,0,1410801145,1261,4,1261,-5,0,4,15
1,700,82.800000,22.608000,1,0,1410801152,1264,4,1264,-5,0,4,15
1,700,82.800000,22.608000,1,0,1410801157,1268,4,1268,-5,0,4,15
1,700,82.800000,22.608000,1,0,1410801163,1271,4,1271,-5,0,4,15
1,700,82.800000,22.608000,1,0,1410801169,1274,4,1274,-5,0,4,15
1,700,82.800000,22.608000,1,0,1410801175,1277,4,1277,-5,0,4,15
1,700,82.800000,22.608000,1,0,1410801180,1280,4,1280,-5,0,4,15
1,700,82.800000,22.608000,1,0,1410801186,1282,4,1282,-5,0,4,15
1,700,82.800000,22.608000,1,0,1410801192,1284,4,1284,-5,0,4,15
1,700,82.800000,22.608000,1,0,1410801198,1286,4,1286,-5,0,4,15
1,700,82.800000,22.608000,1,0,1410801204,1287,4,1287,-5,0,4,15
1,700,82.800000,22.608000,1,0,1410801210,1288,4,1288,-5,0,4,15
1,700,82.800000,22.608000,1,0,1410801217,1289,4,1289,-5,0,4,15
1,700,82.800000,22.608000,1,0,1410801222,1289,4,1289,-5,0,4,15
1,700,82.800000,22.608000,1,0,1410801228,1289,4,1289,-5,0,4,15
1,700,82.800000,22.608000,1,0,1410801234,1289,4,1289,-5,0,4,15
1,700,82.800000,22.608000,1,0,1410801240,1289,4,1289,-5,0,4,15
1,700,82.800000,22.608000,1,0,1410801245,1289,4,1289,-5,0,4,15
1,700,82.800000,22.608000,1,0,1410801251,1289,4,1289,-5,0,4,15
1,700,82.800000,22.608000,1,0,1410801257,1289,4,1289,-5,0,4,15
1,700,82.800000,22.608000,1,0,1410801276,1289,4,1289,-5,0,4,15
