1,350,50.400000,0.000000,0,1,1411043566,785,22,785,22,0,5,39
1,350,50.400000,0.000000,0,1,1411043568,785,22,785,22,0,5,39
1,350,50.400000,0.000000,0,1,1411043573,785,22,785,22,0,5,39
1,350,50.400000,0.000000,0,1,1411043579,785,22,785,22,0,5,39
1,350,50.400000,0.000000,0,1,1411043585,785,22,785,22,0,5,39
1,350,50.400000,0.000000,0,1,1411043591,785,22,785,22,0,5,39
1,350,50.400000,0.000000,0,1,1411043597,785,22,785,22,0,5,39
1,350,50.400000,0.000000,0,1,1411043603,785,22,785,22,0,5,39
1,350,50.400000,0.000000,0,1,1411043608,785,22,785,22,0,5,39
1,350,50.400000,0.000000,0,1,1411043614,785,22,785,22,0,5,39
1,350,50.400000,0.000000,0,1,1411043620,785,22,785,22,0,5,39
1,350,50.400000,0.000000,0,1,1411043626,785,22,785,22,0,5,39
1,350,50.400000,0.000000,0,1,1411043632,788,21,788,21,0,5,39
1,350,50.400000,0.000000,0,1,1411043639,794,19,794,19,0,5,39
1,350,50.400000,0.000000,0,1,1411043644,805,15,805,15,0,5,39
1,350,50.400000,0.000000,0,1,1411043650,817,11,817,11,0,5,39
1,350,50.400000,0.000000,0,1,1411043656,829,7,829,7,0,5,39
1,350,50.400000,0.000000,0,1,1411043662,848,2,848,2,0,5,39
1,350,50.400000,0.000000,0,1,1411043667,869,0,869,-4,0,5,39
1,350,50.400000,0.000000,0,1,1411043673,892,0,892,-11,0,5,39
1,350,50.400000,0.000000,0,1,1411043679,915,0,915,-17,0,5,39
1,350,50.400000,0.000000,0,1,1411043685,940,0,940,-23,0,5,39
1,350,50.400000,0.000000,0,1,1411043690,965,0,965,-30,0,5,39
1,350,50.400000,0.000000,0,1,1411043696,986,0,986,-36,0,5,39
1,350,50.400000,0.000000,0,1,1411043702,1007,0,1007,-42,0,5,39
1,350,50.400000,0.000000,0,1,1411043708,1028,0,1028,-48,0,5,39
1,350,50.400000,0.000000,0,1,1411043713,1047,0,1047,-53,0,5,39
1,350,50.400000,0.000000,0,1,1411043719,1068,0,1068,-59,0,5,39
1,350,50.400000,0.000000,0,1,1411043725,1084,0,1084,-64,0,5,39
1,350,50.400000,0.000000,0,1,1411043730,1100,0,1100,-69,0,5,39
1,350,50.400000,0.000000,0,1,1411043736,1112,0,1112,-72,0,5,39
1,350,50.400000,0.000000,0,1,1411043742,1121,0,1121,-74,0,5,39
1,350,50.400000,0.000000,0,1,1411043748,1129,0,1129,-76,0,5,39
1,350,50.400000,0.000000,0,1,1411043753,1135,0,1135,-78,0,5,39
1,350,50.400000,0.000000,0,1,1411043759,1139,0,1139,-80,0,5,39
1,350,50.400000,0.000000,0,1,1411043765,1141,0,1141,-81,0,5,39
1,350,50.400000,0.000000,0,1,1411043770,1144,0,1144,-82,0,5,39
1,350,50.400000,0.000000,0,1,1411043776,1147,0,1147,-83,0,5,39
1,350,50.400000,0.000000,0,1,1411043782,1150,0,1150,-84,0,5,39
1,350,50.400000,0.000000,0,1,1411043788,1150,0,1150,-84,0,5,39
1,350,50.400000,0.000000,0,1,1411043794,1150,0,1150,-84,0,5,39
1,350,50.400000,0.000000,0,1,1411043799,1150,0,1150,-84,0,5,39
1,350,50.400000,0.000000,0,1,1411043805,1150,0,1150,-84,0,5,39
1,350,50.400000,0.000000,0,1,1411043810,1150,0,1150,-84,0,5,39
1,350,50.400000,0.000000,0,1,1411043816,1150,0,1150,-84,0,5,39
1,350,50.400000,0.000000,0,1,1411043821,1150,0,1150,-84,0,5,39
1,350,50.400000,0.000000,0,1,1411043827,1150,0,1150,-84,0,5,39
1,350,50.400000,0.000000,0,1,1411043833,1150,0,1150,-84,0,5,39
1,350,50.400000,0.000000,0,1,1411043838,1150,0,1150,-84,0,5,39
1,350,50.400000,0.000000,0,1,1411043844,1150,0,1150,-84,0,5,39
1,350,50.400000,0.000000,0,1,1411043850,1150,0,1150,-84,0,5,39
1,350,50.400000,0.000000,0,1,1411043855,1150,0,1150,-84,0,5,39
1,350,50.400000,0.000000,0,1,1411043862,1150,0,1150,-84,0,5,39
1,350,50.400000,0.000000,0,1,1411043868,1150,0,1150,-84,0,5,39
1,350,50.400000,0.000000,0,1,1411043873,1150,0,1150,-84,0,5,39
1,350,50.400000,0.000000,0,1,1411043878,1150,0,1150,-84,0,5,39
1,350,50.400000,0.000000,0,1,1411043884,1150,0,1150,-84,0,5,39
1,350,50.400000,0.000000,0,1,1411043890,1150,0,1150,-84,0,5,39
1,350,50.400000,0.000000,0,1,1411043895,1150,0,1150,-84,0,5,39
1,350,50.400000,0.000000,0,1,1411043901,1150,0,1150,-84,0,5,39
1,350,50.400000,0.000000,0,1,1411043906,1150,0,1150,-84,0,5,39
1,350,50.400000,0.000000,0,1,1411043912,1150,0,1150,-84,0,5,39
1,350,50.400000,0.000000,0,1,1411043918,1150,0,1150,-85,0,5,39
1,350,50.400000,0.000000,0,1,1411043923,1150,0,1150,-86,0,5,39
1,350,50.400000,0.000000,0,1,1411043929,1150,0,1150,-87,0,5,39
1,350,50.400000,0.000000,0,1,1411043934,1151,0,1151,-87,0,5,39
1,350,50.400000,0.000000,0,1,1411043940,1152,0,1152,-87,0,5,39
1,350,50.400000,0.000000,0,1,1411043946,1153,0,1153,-87,0,5,39
1,350,50.400000,0.000000,0,1,1411043952,1153,0,1153,-87,0,5,39
1,350,50.400000,0.000000,0,1,1411043957,1153,0,1153,-87,0,5,39
1,350,50.400000,0.000000,0,1,1411043963,1153,0,1153,-87,0,5,39
1,350,50.400000,0.000000,0,1,1411043969,1153,0,1153,-87,0,5,39
1,350,50.400000,0.000000,0,1,1411043974,1153,0,1153,-87,0,5,39
1,350,50.400000,0.000000,0,1,1411043980,1153,0,1153,-87,0,5,39
1,350,50.400000,0.000000,0,1,1411043986,1153,0,1153,-87,0,5,39
1,350,50.400000,0.000000,0,1,1411043991,1153,0,1153,-87,0,5,39
1,350,50.400000,0.000000,0,1,1411043996,1153,0,1153,-87,0,5,39
1,350,50.400000,0.000000,0,1,1411044002,1153,0,1153,-87,0,5,39
1,350,50.400000,0.000000,0,1,1411044008,1152,0,1152,-87,0,5,39
1,350,50.400000,0.000000,0,1,1411044014,1151,0,1151,-87,0,5,39
1,350,50.400000,0.000000,0,1,1411044019,1151,0,1151,-87,0,5,39
1,350,50.400000,0.000000,0,1,1411044025,1150,0,1150,-87,0,5,39
1,350,50.400000,0.000000,0,1,1411044031,1149,0,1149,-87,0,5,39
1,350,50.400000,0.000000,0,1,1411044037,1149,0,1149,-87,0,5,39
1,350,50.400000,0.000000,0,1,1411044043,1149,0,1149,-87,0,5,39
1,350,50.400000,0.000000,0,1,1411044049,1149,0,1149,-87,0,5,39
1,350,50.400000,0.000000,0,1,1411044054,1149,0,1149,-87,0,5,39
1,350,50.400000,0.000000,0,1,1411044060,1149,0,1149,-87,0,5,39
1,350,50.400000,0.000000,0,1,1411044065,1149,0,1149,-87,0,5,39
1,350,50.400000,0.000000,0,1,1411044071,1149,0,1149,-87,0,5,39
1,350,50.400000,0.000000,0,1,1411044076,1149,0,1149,-87,0,5,39
1,350,50.400000,0.000000,0,1,1411044082,1149,0,1149,-87,0,5,39
1,350,50.400000,0.000000,0,1,1411044088,1149,0,1149,-87,0,5,39
1,350,50.400000,0.000000,0,1,1411044106,1149,0,1149,-87,0,5,39
