1,350,82.800000,0.000000,1,1,1411027315,785,22,785,22,0,5,29
1,350,82.800000,0.000000,1,1,1411027317,785,22,785,22,0,5,29
1,350,82.800000,0.000000,1,1,1411027322,785,22,785,22,0,5,29
1,350,82.800000,0.000000,1,1,1411027327,785,22,785,22,0,5,29
1,350,82.800000,0.000000,1,1,1411027333,785,22,785,22,0,5,29
1,350,82.800000,0.000000,1,1,1411027339,785,22,785,22,0,5,29
1,350,82.800000,0.000000,1,1,1411027344,785,22,785,22,0,5,29
1,350,82.800000,0.000000,1,1,1411027350,785,22,785,22,0,5,29
1,350,82.800000,0.000000,1,1,1411027355,785,22,785,22,0,5,29
1,350,82.800000,0.000000,1,1,1411027361,785,22,785,22,0,5,29
1,350,82.800000,0.000000,1,1,1411027367,785,22,785,22,0,5,29
1,350,82.800000,0.000000,1,1,1411027372,785,22,785,22,0,5,29
1,350,82.800000,0.000000,1,1,1411027378,785,22,785,22,0,5,29
1,350,82.800000,0.000000,1,1,1411027384,787,21,787,21,0,5,29
1,350,82.800000,0.000000,1,1,1411027390,790,21,790,21,0,5,29
1,350,82.800000,0.000000,1,1,1411027396,797,20,797,20,0,5,29
1,350,82.800000,0.000000,1,1,1411027402,808,19,808,19,0,5,29
1,350,82.800000,0.000000,1,1,1411027407,817,19,817,19,0,5,29
1,350,82.800000,0.000000,1,1,1411027413,831,19,831,19,0,5,29
1,350,82.800000,0.000000,1,1,1411027419,848,18,848,18,0,5,29
1,350,82.800000,0.000000,1,1,1411027426,861,17,861,17,0,5,29
1,350,82.800000,0.000000,1,1,1411027432,882,15,882,15,0,5,29
1,350,82.800000,0.000000,1,1,1411027438,901,13,901,13,0,5,29
1,350,82.800000,0.000000,1,1,1411027443,918,12,918,12,0,5,29
1,350,82.800000,0.000000,1,1,1411027448,935,11,935,11,0,5,29
1,350,82.800000,0.000000,1,1,1411027454,954,9,954,9,0,5,29
1,350,82.800000,0.000000,1,1,1411027460,973,7,973,7,0,5,29
1,350,82.800000,0.000000,1,1,1411027466,994,5,994,5,0,5,29
1,350,82.800000,0.000000,1,1,1411027471,1013,4,1013,4,0,5,29
1,350,82.800000,0.000000,1,1,1411027477,1034,2,1034,2,0,5,29
1,350,82.800000,0.000000,1,1,1411027483,1051,1,1051,1,0,5,29
1,350,82.800000,0.000000,1,1,1411027489,1068,0,1068,0,0,5,29
1,350,82.800000,0.000000,1,1,1411027494,1081,0,1081,0,0,5,29
1,350,82.800000,0.000000,1,1,1411027500,1091,0,1091,0,0,5,29
1,350,82.800000,0.000000,1,1,1411027506,1098,0,1098,0,0,5,29
1,350,82.800000,0.000000,1,1,1411027511,1101,0,1101,0,0,5,29
1,350,82.800000,0.000000,1,1,1411027517,1102,0,1102,0,0,5,29
1,350,82.800000,0.000000,1,1,1411027523,1103,0,1103,0,0,5,29
1,350,82.800000,0.000000,1,1,1411027528,1104,0,1104,0,0,5,29
1,350,82.800000,0.000000,1,1,1411027534,1104,0,1104,0,0,5,29
1,350,82.800000,0.000000,1,1,1411027539,1104,0,1104,0,0,5,29
1,350,82.800000,0.000000,1,1,1411027545,1104,0,1104,0,0,5,29
1,350,82.800000,0.000000,1,1,1411027550,1103,0,1103,0,0,5,29
1,350,82.800000,0.000000,1,1,1411027556,1102,0,1102,0,0,5,29
1,350,82.800000,0.000000,1,1,1411027562,1101,0,1101,0,0,5,29
1,350,82.800000,0.000000,1,1,1411027567,1101,0,1101,0,0,5,29
1,350,82.800000,0.000000,1,1,1411027573,1101,0,1101,0,0,5,29
1,350,82.800000,0.000000,1,1,1411027578,1101,0,1101,0,0,5,29
1,350,82.800000,0.000000,1,1,1411027584,1101,0,1101,0,0,5,29
1,350,82.800000,0.000000,1,1,1411027589,1101,0,1101,0,0,5,29
1,350,82.800000,0.000000,1,1,1411027595,1101,0,1101,0,0,5,29
1,350,82.800000,0.000000,1,1,1411027601,1101,0,1101,0,0,5,29
1,350,82.800000,0.000000,1,1,1411027607,1101,0,1101,0,0,5,29
1,350,82.800000,0.000000,1,1,1411027612,1101,0,1101,0,0,5,29
1,350,82.800000,0.000000,1,1,1411027618,1101,0,1101,0,0,5,29
1,350,82.800000,0.000000,1,1,1411027624,1101,0,1101,0,0,5,29
1,350,82.800000,0.000000,1,1,1411027629,1101,0,1101,0,0,5,29
1,350,82.800000,0.000000,1,1,1411027635,1101,0,1101,0,0,5,29
1,350,82.800000,0.000000,1,1,1411027640,1101,0,1101,0,0,5,29
1,350,82.800000,0.000000,1,1,1411027646,1101,0,1101,0,0,5,29
1,350,82.800000,0.000000,1,1,1411027651,1101,0,1101,0,0,5,29
1,350,82.800000,0.000000,1,1,1411027657,1101,0,1101,0,0,5,29
1,350,82.800000,0.000000,1,1,1411027663,1101,0,1101,0,0,5,29
1,350,82.800000,0.000000,1,1,1411027669,1101,0,1101,0,0,5,29
1,350,82.800000,0.000000,1,1,1411027674,1101,0,1101,0,0,5,29
1,350,82.800000,0.000000,1,1,1411027680,1101,0,1101,0,0,5,29
1,350,82.800000,0.000000,1,1,1411027686,1101,0,1101,0,0,5,29
1,350,82.800000,0.000000,1,1,1411027691,1101,0,1101,0,0,5,29
1,350,82.800000,0.000000,1,1,1411027696,1101,0,1101,0,0,5,29
1,350,82.800000,0.000000,1,1,1411027702,1101,0,1101,0,0,5,29
1,350,82.800000,0.000000,1,1,1411027708,1101,0,1101,0,0,5,29
1,350,82.800000,0.000000,1,1,1411027713,1101,0,1101,0,0,5,29
1,350,82.800000,0.000000,1,1,1411027719,1101,0,1101,0,0,5,29
1,350,82.800000,0.000000,1,1,1411027725,1101,0,1101,0,0,5,29
1,350,82.800000,0.000000,1,1,1411027731,1101,0,1101,0,0,5,29
1,350,82.800000,0.000000,1,1,1411027736,1101,0,1101,0,0,5,29
1,350,82.800000,0.000000,1,1,1411027741,1101,0,1101,0,0,5,29
1,350,82.800000,0.000000,1,1,1411027747,1101,0,1101,0,0,5,29
1,350,82.800000,0.000000,1,1,1411027753,1101,0,1101,0,0,5,29
1,350,82.800000,0.000000,1,1,1411027758,1101,0,1101,0,0,5,29
1,350,82.800000,0.000000,1,1,1411027764,1101,0,1101,0,0,5,29
1,350,82.800000,0.000000,1,1,1411027769,1101,0,1101,0,0,5,29
1,350,82.800000,0.000000,1,1,1411027775,1101,0,1101,0,0,5,29
1,350,82.800000,0.000000,1,1,1411027781,1101,0,1101,0,0,5,29
1,350,82.800000,0.000000,1,1,1411027787,1101,0,1101,0,0,5,29
1,350,82.800000,0.000000,1,1,1411027806,1101,0,1101,0,0,5,29
