1,350,82.800000,22.608000,0,1,1411070203,785,22,785,22,0,5,55
1,350,82.800000,22.608000,0,1,1411070205,785,22,785,22,0,5,55
1,350,82.800000,22.608000,0,1,1411070211,785,22,785,22,0,5,55
1,350,82.800000,22.608000,0,1,1411070217,785,22,785,22,0,5,55
1,350,82.800000,22.608000,0,1,1411070223,785,22,785,22,0,5,55
1,350,82.800000,22.608000,0,1,1411070229,785,22,785,22,0,5,55
1,350,82.800000,22.608000,0,1,1411070235,787,22,787,22,0,5,55
1,350,82.800000,22.608000,0,1,1411070241,791,22,791,22,0,5,55
1,350,82.800000,22.608000,0,1,1411070247,795,22,795,22,0,5,55
1,350,82.800000,22.608000,0,1,1411070253,806,22,806,22,0,5,55
1,350,82.800000,22.608000,0,1,1411070259,812,22,812,22,0,5,55
1,350,82.800000,22.608000,0,1,1411070264,820,22,820,22,0,5,55
1,350,82.800000,22.608000,0,1,1411070270,832,21,832,21,0,5,55
1,350,82.800000,22.608000,0,1,1411070276,845,21,845,21,0,5,55
1,350,82.800000,22.608000,0,1,1411070282,861,21,861,21,0,5,55
1,350,82.800000,22.608000,0,1,1411070288,875,21,875,21,0,5,55
1,350,82.800000,22.608000,0,1,1411070294,892,21,892,21,0,5,55
1,350,82.800000,22.608000,0,1,1411070300,907,21,907,21,0,5,55
1,350,82.800000,22.608000,0,1,1411070306,926,20,926,20,0,5,55
1,350,82.800000,22.608000,0,1,1411070311,943,20,943,20,0,5,55
1,350,82.800000,22.608000,0,1,1411070317,962,20,962,20,0,5,55
1,350,82.800000,22.608000,0,1,1411070323,979,20,979,20,0,5,55
1,350,82.800000,22.608000,0,1,1411070329,992,19,992,19,0,5,55
1,350,82.800000,22.608000,0,1,1411070334,1009,19,1009,19,0,5,55
1,350,82.800000,22.608000,0,1,1411070340,1026,19,1026,19,0,5,55
1,350,82.800000,22.608000,0,1,1411070345,1043,18,1043,18,0,5,55
1,350,82.800000,22.608000,0,1,1411070352,1056,17,1056,17,0,5,55
1,350,82.800000,22.608000,0,1,1411070357,1067,16,1067,16,0,5,55
1,350,82.800000,22.608000,0,1,1411070363,1079,16,1079,16,0,5,55
1,350,82.800000,22.608000,0,1,1411070369,1089,16,1089,16,0,5,55
1,350,82.800000,22.608000,0,1,1411070375,1100,15,1100,15,0,5,55
1,350,82.800000,22.608000,0,1,1411070380,1109,15,1109,15,0,5,55
1,350,82.800000,22.608000,0,1,1411070386,1118,15,1118,15,0,5,55
1,350,82.800000,22.608000,0,1,1411070392,1123,15,1123,15,0,5,55
1,350,82.800000,22.608000,0,1,1411070397,1129,15,1129,15,0,5,55
1,350,82.800000,22.608000,0,1,1411070403,1133,14,1133,14,0,5,55
1,350,82.800000,22.608000,0,1,1411070408,1136,14,1136,14,0,5,55
1,350,82.800000,22.608000,0,1,1411070414,1138,14,1138,14,0,5,55
1,350,82.800000,22.608000,0,1,1411070419,1139,14,1139,14,0,5,55
1,350,82.800000,22.608000,0,1,1411070425,1140,14,1140,14,0,5,55
1,350,82.800000,22.608000,0,1,1411070431,1141,14,1141,14,0,5,55
1,350,82.800000,22.608000,0,1,1411070436,1141,14,1141,14,0,5,55
1,350,82.800000,22.608000,0,1,1411070442,1141,14,1141,14,0,5,55
1,350,82.800000,22.608000,0,1,1411070448,1141,14,1141,14,0,5,55
1,350,82.800000,22.608000,0,1,1411070454,1141,14,1141,14,0,5,55
1,350,82.800000,22.608000,0,1,1411070459,1141,14,1141,14,0,5,55
1,350,82.800000,22.608000,0,1,1411070465,1141,14,1141,14,0,5,55
1,350,82.800000,22.608000,0,1,1411070471,1141,14,1141,14,0,5,55
1,350,82.800000,22.608000,0,1,1411070476,1141,14,1141,14,0,5,55
1,350,82.800000,22.608000,0,1,1411070482,1141,14,1141,14,0,5,55
1,350,82.800000,22.608000,0,1,1411070487,1141,14,1141,14,0,5,55
1,350,82.800000,22.608000,0,1,1411070493,1141,14,1141,14,0,5,55
1,350,82.800000,22.608000,0,1,1411070499,1141,14,1141,14,0,5,55
1,350,82.800000,22.608000,0,1,1411070504,1141,14,1141,14,0,5,55
1,350,82.800000,22.608000,0,1,1411070510,1141,14,1141,14,0,5,55
1,350,82.800000,22.608000,0,1,1411070515,1141,14,1141,14,0,5,55
1,350,82.800000,22.608000,0,1,1411070520,1141,14,1141,14,0,5,55
1,350,82.800000,22.608000,0,1,1411070526,1141,14,1141,14,0,5,55
1,350,82.800000,22.608000,0,1,1411070531,1141,14,1141,14,0,5,55
1,350,82.800000,22.608000,0,1,1411070537,1141,14,1141,14,0,5,55
1,350,82.800000,22.608000,0,1,1411070542,1141,14,1141,14,0,5,55
1,350,82.800000,22.608000,0,1,1411070548,1141,14,1141,14,0,5,55
1,350,82.800000,22.608000,0,1,1411070553,1141,14,1141,14,0,5,55
1,350,82.800000,22.608000,0,1,1411070559,1141,14,1141,14,0,5,55
1,350,82.800000,22.608000,0,1,1411070565,1141,14,1141,14,0,5,55
1,350,82.800000,22.608000,0,1,1411070570,1141,14,1141,14,0,5,55
1,350,82.800000,22.608000,0,1,1411070576,1141,14,1141,14,0,5,55
1,350,82.800000,22.608000,0,1,1411070582,1141,14,1141,14,0,5,55
1,350,82.800000,22.608000,0,1,1411070587,1141,14,1141,14,0,5,55
1,350,82.800000,22.608000,0,1,1411070592,1141,14,1141,14,0,5,55
1,350,82.800000,22.608000,0,1,1411070598,1141,14,1141,14,0,5,55
1,350,82.800000,22.608000,0,1,1411070603,1141,14,1141,14,0,5,55
1,350,82.800000,22.608000,0,1,1411070609,1141,14,1141,14,0,5,55
1,350,82.800000,22.608000,0,1,1411070615,1141,14,1141,14,0,5,55
1,350,82.800000,22.608000,0,1,1411070620,1141,14,1141,14,0,5,55
1,350,82.800000,22.608000,0,1,1411070626,1141,14,1141,14,0,5,55
1,350,82.800000,22.608000,0,1,1411070631,1141,14,1141,14,0,5,55
1,350,82.800000,22.608000,0,1,1411070637,1141,14,1141,14,0,5,55
1,350,82.800000,22.608000,0,1,1411070643,1141,14,1141,14,0,5,55
1,350,82.800000,22.608000,0,1,1411070648,1141,14,1141,14,0,5,55
1,350,82.800000,22.608000,0,1,1411070653,1141,14,1141,14,0,5,55
1,350,82.800000,22.608000,0,1,1411070659,1141,14,1141,14,0,5,55
1,350,82.800000,22.608000,0,1,1411070665,1141,14,1141,14,0,5,55
1,350,82.800000,22.608000,0,1,1411070670,1141,14,1141,14,0,5,55
1,350,82.800000,22.608000,0,1,1411070676,1141,14,1141,14,0,5,55
1,350,82.800000,22.608000,0,1,1411070681,1141,14,1141,14,0,5,55
1,350,82.800000,22.608000,0,1,1411070687,1141,14,1141,14,0,5,55
1,350,82.800000,22.608000,0,1,1411070692,1141,14,1141,14,0,5,55
1,350,82.800000,22.608000,0,1,1411070698,1141,14,1141,14,0,5,55
1,350,82.800000,22.608000,0,1,1411070704,1141,14,1141,14,0,5,55
1,350,82.800000,22.608000,0,1,1411070709,1141,14,1141,14,0,5,55
1,350,82.800000,22.608000,0,1,1411070728,1141,14,1141,14,0,5,55
