1,700,50.400000,12.276000,0,0,1411287599,610,0,610,0,0,6,58
1,700,50.400000,12.276000,0,0,1411287601,610,0,610,0,0,6,58
1,700,50.400000,12.276000,0,0,1411287607,610,0,610,0,0,6,58
1,700,50.400000,12.276000,0,0,1411287612,610,0,610,0,0,6,58
1,700,50.400000,12.276000,0,0,1411287618,610,0,610,0,0,6,58
1,700,50.400000,12.276000,0,0,1411287623,610,0,610,0,0,6,58
1,700,50.400000,12.276000,0,0,1411287629,610,0,610,0,0,6,58
1,700,50.400000,12.276000,0,0,1411287635,610,0,610,0,0,6,58
1,700,50.400000,12.276000,0,0,1411287640,610,0,610,0,0,6,58
1,700,50.400000,12.276000,0,0,1411287646,610,0,610,0,0,6,58
1,700,50.400000,12.276000,0,0,1411287652,610,0,610,0,0,6,58
1,700,50.400000,12.276000,0,0,1411287657,611,0,611,0,0,6,58
1,700,50.400000,12.276000,0,0,1411287663,613,0,613,0,0,6,58
1,700,50.400000,12.276000,0,0,1411287669,617,0,617,0,0,6,58
1,700,50.400000,12.276000,0,0,1411287675,626,0,626,0,0,6,58
1,700,50.400000,12.276000,0,0,1411287680,635,0,635,0,0,6,58
1,700,50.400000,12.276000,0,0,1411287686,643,0,643,0,0,6,58
1,700,50.400000,12.276000,0,0,1411287692,658,0,658,0,0,6,58
1,700,50.400000,12.276000,0,0,1411287698,675,0,675,0,0,6,58
1,700,50.400000,12.276000,0,0,1411287704,691,1,691,1,0,6,58
1,700,50.400000,12.276000,0,0,1411287710,712,1,712,1,0,6,58
1,700,50.400000,12.276000,0,0,1411287716,738,1,738,1,0,6,58
1,700,50.400000,12.276000,0,0,1411287722,763,1,763,1,0,6,58
1,700,50.400000,12.276000,0,0,1411287728,786,1,786,1,0,6,58
1,700,50.400000,12.276000,0,0,1411287733,815,0,815,0,0,6,58
1,700,50.400000,12.276000,0,0,1411287739,845,0,845,-2,0,6,58
1,700,50.400000,12.276000,0,0,1411287745,883,0,883,-3,0,6,58
1,700,50.400000,12.276000,0,0,1411287751,915,0,915,-6,0,6,58
1,700,50.400000,12.276000,0,0,1411287756,948,0,948,-9,0,6,58
1,700,50.400000,12.276000,0,0,1411287762,982,0,982,-12,0,6,58
1,700,50.400000,12.276000,0,0,1411287768,1016,0,1016,-15,0,6,58
1,700,50.400000,12.276000,0,0,1411287774,1046,0,1046,-18,0,6,58
1,700,50.400000,12.276000,0,0,1411287779,1086,0,1086,-23,0,6,58
1,700,50.400000,12.276000,0,0,1411287785,1116,0,1116,-26,0,6,58
1,700,50.400000,12.276000,0,0,1411287791,1143,0,1143,-29,0,6,58
1,700,50.400000,12.276000,0,0,1411287797,1171,0,1171,-33,0,6,58
1,700,50.400000,12.276000,0,0,1411287803,1197,0,1197,-36,0,6,58
1,700,50.400000,12.276000,0,0,1411287809,1223,0,1223,-39,0,6,58
1,700,50.400000,12.276000,0,0,1411287814,1244,0,1244,-42,0,6,58
1,700,50.400000,12.276000,0,0,1411287820,1264,0,1264,-45,0,6,58
1,700,50.400000,12.276000,0,0,1411287826,1285,0,1285,-47,0,6,58
1,700,50.400000,12.276000,0,0,1411287831,1301,0,1301,-49,0,6,58
1,700,50.400000,12.276000,0,0,1411287837,1309,0,1309,-50,0,6,58
1,700,50.400000,12.276000,0,0,1411287844,1313,0,1313,-51,0,6,58
1,700,50.400000,12.276000,0,0,1411287850,1315,0,1315,-51,0,6,58
1,700,50.400000,12.276000,0,0,1411287856,1317,0,1317,-51,0,6,58
1,700,50.400000,12.276000,0,0,1411287861,1317,0,1317,-51,0,6,58
1,700,50.400000,12.276000,0,0,1411287867,1317,0,1317,-51,0,6,58
1,700,50.400000,12.276000,0,0,1411287872,1317,0,1317,-51,0,6,58
1,700,50.400000,12.276000,0,0,1411287877,1317,0,1317,-51,0,6,58
1,700,50.400000,12.276000,0,0,1411287883,1316,0,1316,-51,0,6,58
1,700,50.400000,12.276000,0,0,1411287889,1315,0,1315,-51,0,6,58
1,700,50.400000,12.276000,0,0,1411287895,1315,0,1315,-51,0,6,58
1,700,50.400000,12.276000,0,0,1411287900,1314,0,1314,-51,0,6,58
1,700,50.400000,12.276000,0,0,1411287906,1313,0,1313,-51,0,6,58
1,700,50.400000,12.276000,0,0,1411287911,1313,0,1313,-51,0,6,58
1,700,50.400000,12.276000,0,0,1411287917,1313,0,1313,-51,0,6,58
1,700,50.400000,12.276000,0,0,1411287923,1313,0,1313,-51,0,6,58
1,700,50.400000,12.276000,0,0,1411287928,1313,0,1313,-51,0,6,58
1,700,50.400000,12.276000,0,0,1411287934,1313,0,1313,-51,0,6,58
1,700,50.400000,12.276000,0,0,1411287939,1313,0,1313,-51,0,6,58
1,700,50.400000,12.276000,0,0,1411287945,1313,0,1313,-51,0,6,58
1,700,50.400000,12.276000,0,0,1411287951,1313,0,1313,-51,0,6,58
1,700,50.400000,12.276000,0,0,1411287956,1313,0,1313,-51,0,6,58
1,700,50.400000,12.276000,0,0,1411287962,1313,0,1313,-51,0,6,58
1,700,50.400000,12.276000,0,0,1411287967,1313,0,1313,-51,0,6,58
1,700,50.400000,12.276000,0,0,1411287973,1313,0,1313,-51,0,6,58
1,700,50.400000,12.276000,0,0,1411287979,1313,0,1313,-51,0,6,58
1,700,50.400000,12.276000,0,0,1411287984,1313,0,1313,-51,0,6,58
1,700,50.400000,12.276000,0,0,1411287990,1313,0,1313,-51,0,6,58
1,700,50.400000,12.276000,0,0,1411287996,1313,0,1313,-51,0,6,58
1,700,50.400000,12.276000,0,0,1411288001,1313,0,1313,-51,0,6,58
1,700,50.400000,12.276000,0,0,1411288007,1313,0,1313,-51,0,6,58
1,700,50.400000,12.276000,0,0,1411288012,1313,0,1313,-51,0,6,58
1,700,50.400000,12.276000,0,0,1411288018,1313,0,1313,-51,0,6,58
1,700,50.400000,12.276000,0,0,1411288024,1313,0,1313,-51,0,6,58
1,700,50.400000,12.276000,0,0,1411288029,1313,0,1313,-51,0,6,58
1,700,50.400000,12.276000,0,0,1411288035,1313,0,1313,-51,0,6,58
1,700,50.400000,12.276000,0,0,1411288041,1313,0,1313,-51,0,6,58
1,700,50.400000,12.276000,0,0,1411288046,1313,0,1313,-51,0,6,58
1,700,50.400000,12.276000,0,0,1411288052,1313,0,1313,-51,0,6,58
1,700,50.400000,12.276000,0,0,1411288057,1313,0,1313,-51,0,6,58
1,700,50.400000,12.276000,0,0,1411288062,1313,0,1313,-51,0,6,58
1,700,50.400000,12.276000,0,0,1411288068,1313,0,1313,-51,0,6,58
1,700,50.400000,12.276000,0,0,1411288074,1313,0,1313,-51,0,6,58
1,700,50.400000,12.276000,0,0,1411288079,1312,0,1312,-51,0,6,58
1,700,50.400000,12.276000,0,0,1411288085,1311,0,1311,-51,0,6,58
1,700,50.400000,12.276000,0,0,1411288091,1310,0,1310,-51,0,6,58
1,700,50.400000,12.276000,0,0,1411288097,1310,0,1310,-51,0,6,58
1,700,50.400000,12.276000,0,0,1411288102,1310,0,1310,-51,0,6,58
1,700,50.400000,12.276000,0,0,1411288108,1310,0,1310,-51,0,6,58
1,700,50.400000,12.276000,0,0,1411288114,1310,0,1310,-51,0,6,58
1,700,50.400000,12.276000,0,0,1411288119,1310,0,1310,-51,0,6,58
1,700,50.400000,12.276000,0,0,1411288125,1310,0,1310,-51,0,6,58
1,700,50.400000,12.276000,0,0,1411288130,1310,0,1310,-51,0,6,58
1,700,50.400000,12.276000,0,0,1411288136,1310,0,1310,-51,0,6,58
1,700,50.400000,12.276000,0,0,1411288142,1310,0,1310,-51,0,6,58
1,700,50.400000,12.276000,0,0,1411288161,1310,0,1310,-51,0,6,58
