1,700,82.800000,42.984000,1,1,1411187988,610,22,610,22,0,6,4
1,700,82.800000,42.984000,1,1,1411187990,610,22,610,22,0,6,4
1,700,82.800000,42.984000,1,1,1411187996,610,22,610,22,0,6,4
1,700,82.800000,42.984000,1,1,1411188001,610,22,610,22,0,6,4
1,700,82.800000,42.984000,1,1,1411188006,610,22,610,22,0,6,4
1,700,82.800000,42.984000,1,1,1411188012,610,22,610,22,0,6,4
1,700,82.800000,42.984000,1,1,1411188017,610,22,610,22,0,6,4
1,700,82.800000,42.984000,1,1,1411188023,610,22,610,22,0,6,4
1,700,82.800000,42.984000,1,1,1411188029,610,22,610,22,0,6,4
1,700,82.800000,42.984000,1,1,1411188034,610,22,610,22,0,6,4
1,700,82.800000,42.984000,1,1,1411188040,610,22,610,22,0,6,4
1,700,82.800000,42.984000,1,1,1411188045,610,22,610,22,0,6,4
1,700,82.800000,42.984000,1,1,1411188052,611,22,611,22,0,6,4
1,700,82.800000,42.984000,1,1,1411188058,613,22,613,22,0,6,4
1,700,82.800000,42.984000,1,1,1411188063,617,22,617,22,0,6,4
1,700,82.800000,42.984000,1,1,1411188069,623,23,623,23,0,6,4
1,700,82.800000,42.984000,1,1,1411188075,632,23,632,23,0,6,4
1,700,82.800000,42.984000,1,1,1411188081,644,24,644,24,0,6,4
1,700,82.800000,42.984000,1,1,1411188087,661,25,661,25,0,6,4
1,700,82.800000,42.984000,1,1,1411188093,673,25,673,25,0,6,4
1,700,82.800000,42.984000,1,1,1411188098,690,26,690,26,0,6,4
1,700,82.800000,42.984000,1,1,1411188104,707,26,707,26,0,6,4
1,700,82.800000,42.984000,1,1,1411188110,728,26,728,26,0,6,4
1,700,82.800000,42.984000,1,1,1411188115,752,26,752,26,0,6,4
1,700,82.800000,42.984000,1,1,1411188121,776,26,776,26,0,6,4
1,700,82.800000,42.984000,1,1,1411188126,797,26,797,26,0,6,4
1,700,82.800000,42.984000,1,1,1411188132,823,26,823,26,0,6,4
1,700,82.800000,42.984000,1,1,1411188137,852,26,852,26,0,6,4
1,700,82.800000,42.984000,1,1,1411188143,873,26,873,26,0,6,4
1,700,82.800000,42.984000,1,1,1411188149,901,26,901,26,0,6,4
1,700,82.800000,42.984000,1,1,1411188155,931,26,931,26,0,6,4
1,700,82.800000,42.984000,1,1,1411188160,962,25,962,25,0,6,4
1,700,82.800000,42.984000,1,1,1411188166,992,24,992,24,0,6,4
1,700,82.800000,42.984000,1,1,1411188172,1019,23,1019,23,0,6,4
1,700,82.800000,42.984000,1,1,1411188178,1047,22,1047,22,0,6,4
1,700,82.800000,42.984000,1,1,1411188184,1081,21,1081,21,0,6,4
1,700,82.800000,42.984000,1,1,1411188189,1107,19,1107,19,0,6,4
1,700,82.800000,42.984000,1,1,1411188195,1132,18,1132,18,0,6,4
1,700,82.800000,42.984000,1,1,1411188201,1157,17,1157,17,0,6,4
1,700,82.800000,42.984000,1,1,1411188207,1179,16,1179,16,0,6,4
1,700,82.800000,42.984000,1,1,1411188213,1205,15,1205,15,0,6,4
1,700,82.800000,42.984000,1,1,1411188219,1229,14,1229,14,0,6,4
1,700,82.800000,42.984000,1,1,1411188226,1242,13,1242,13,0,6,4
1,700,82.800000,42.984000,1,1,1411188232,1256,12,1256,12,0,6,4
1,700,82.800000,42.984000,1,1,1411188238,1265,12,1265,12,0,6,4
1,700,82.800000,42.984000,1,1,1411188244,1285,12,1285,12,0,6,4
1,700,82.800000,42.984000,1,1,1411188250,1290,12,1290,12,0,6,4
1,700,82.800000,42.984000,1,1,1411188256,1293,12,1293,12,0,6,4
1,700,82.800000,42.984000,1,1,1411188262,1294,12,1294,12,0,6,4
1,700,82.800000,42.984000,1,1,1411188268,1295,12,1295,12,0,6,4
1,700,82.800000,42.984000,1,1,1411188273,1296,12,1296,12,0,6,4
1,700,82.800000,42.984000,1,1,1411188279,1297,12,1297,12,0,6,4
1,700,82.800000,42.984000,1,1,1411188285,1297,12,1297,12,0,6,4
1,700,82.800000,42.984000,1,1,1411188290,1297,12,1297,12,0,6,4
1,700,82.800000,42.984000,1,1,1411188296,1297,12,1297,12,0,6,4
1,700,82.800000,42.984000,1,1,1411188301,1297,12,1297,12,0,6,4
1,700,82.800000,42.984000,1,1,1411188307,1297,12,1297,12,0,6,4
1,700,82.800000,42.984000,1,1,1411188313,1297,12,1297,12,0,6,4
1,700,82.800000,42.984000,1,1,1411188318,1297,12,1297,12,0,6,4
1,700,82.800000,42.984000,1,1,1411188324,1297,12,1297,12,0,6,4
1,700,82.800000,42.984000,1,1,1411188329,1297,12,1297,12,0,6,4
1,700,82.800000,42.984000,1,1,1411188335,1297,12,1297,12,0,6,4
1,700,82.800000,42.984000,1,1,1411188340,1297,12,1297,12,0,6,4
1,700,82.800000,42.984000,1,1,1411188346,1297,12,1297,12,0,6,4
1,700,82.800000,42.984000,1,1,1411188351,1297,12,1297,12,0,6,4
1,700,82.800000,42.984000,1,1,1411188357,1297,12,1297,12,0,6,4
1,700,82.800000,42.984000,1,1,1411188363,1297,12,1297,12,0,6,4
1,700,82.800000,42.984000,1,1,1411188368,1297,12,1297,12,0,6,4
1,700,82.800000,42.984000,1,1,1411188373,1297,12,1297,12,0,6,4
1,700,82.800000,42.984000,1,1,1411188379,1297,12,1297,12,0,6,4
1,700,82.800000,42.984000,1,1,1411188385,1296,12,1296,12,0,6,4
1,700,82.800000,42.984000,1,1,1411188391,1295,12,1295,12,0,6,4
1,700,82.800000,42.984000,1,1,1411188396,1295,12,1295,12,0,6,4
1,700,82.800000,42.984000,1,1,1411188402,1295,12,1295,12,0,6,4
1,700,82.800000,42.984000,1,1,1411188408,1295,12,1295,12,0,6,4
1,700,82.800000,42.984000,1,1,1411188414,1295,12,1295,12,0,6,4
1,700,82.800000,42.984000,1,1,1411188419,1295,12,1295,12,0,6,4
1,700,82.800000,42.984000,1,1,1411188426,1295,12,1295,12,0,6,4
1,700,82.800000,42.984000,1,1,1411188432,1295,12,1295,12,0,6,4
1,700,82.800000,42.984000,1,1,1411188437,1295,12,1295,12,0,6,4
1,700,82.800000,42.984000,1,1,1411188443,1295,12,1295,12,0,6,4
1,700,82.800000,42.984000,1,1,1411188448,1295,12,1295,12,0,6,4
1,700,82.800000,42.984000,1,1,1411188454,1295,12,1295,12,0,6,4
1,700,82.800000,42.984000,1,1,1411188459,1295,12,1295,12,0,6,4
1,700,82.800000,42.984000,1,1,1411188465,1295,12,1295,12,0,6,4
1,700,82.800000,42.984000,1,1,1411188471,1295,12,1295,12,0,6,4
1,700,82.800000,42.984000,1,1,1411188476,1295,12,1295,12,0,6,4
1,700,82.800000,42.984000,1,1,1411188496,1295,12,1295,12,0,6,4
