1,700,82.800000,22.608000,0,1,1411489742,610,22,610,22,0,7,44
1,700,82.800000,22.608000,0,1,1411489744,610,22,610,22,0,7,44
1,700,82.800000,22.608000,0,1,1411489750,610,22,610,22,0,7,44
1,700,82.800000,22.608000,0,1,1411489756,610,22,610,22,0,7,44
1,700,82.800000,22.608000,0,1,1411489761,610,22,610,22,0,7,44
1,700,82.800000,22.608000,0,1,1411489767,610,22,610,22,0,7,44
1,700,82.800000,22.608000,0,1,1411489772,610,22,610,22,0,7,44
1,700,82.800000,22.608000,0,1,1411489778,610,22,610,22,0,7,44
1,700,82.800000,22.608000,0,1,1411489783,610,22,610,22,0,7,44
1,700,82.800000,22.608000,0,1,1411489789,610,22,610,22,0,7,44
1,700,82.800000,22.608000,0,1,1411489795,610,22,610,22,0,7,44
1,700,82.800000,22.608000,0,1,1411489800,610,22,610,22,0,7,44
1,700,82.800000,22.608000,0,1,1411489806,610,22,610,22,0,7,44
1,700,82.800000,22.608000,0,1,1411489812,610,22,610,22,0,7,44
1,700,82.800000,22.608000,0,1,1411489817,610,22,610,22,0,7,44
1,700,82.800000,22.608000,0,1,1411489823,610,22,610,22,0,7,44
1,700,82.800000,22.608000,0,1,1411489829,611,22,611,22,0,7,44
1,700,82.800000,22.608000,0,1,1411489835,613,22,613,22,0,7,44
1,700,82.800000,22.608000,0,1,1411489840,616,22,616,22,0,7,44
1,700,82.800000,22.608000,0,1,1411489846,622,22,622,22,0,7,44
1,700,82.800000,22.608000,0,1,1411489852,629,22,629,22,0,7,44
1,700,82.800000,22.608000,0,1,1411489858,637,22,637,22,0,7,44
1,700,82.800000,22.608000,0,1,1411489864,646,22,646,22,0,7,44
1,700,82.800000,22.608000,0,1,1411489869,660,22,660,22,0,7,44
1,700,82.800000,22.608000,0,1,1411489875,668,22,668,22,0,7,44
1,700,82.800000,22.608000,0,1,1411489881,685,22,685,22,0,7,44
1,700,82.800000,22.608000,0,1,1411489887,705,22,705,22,0,7,44
1,700,82.800000,22.608000,0,1,1411489892,720,21,720,21,0,7,44
1,700,82.800000,22.608000,0,1,1411489898,744,21,744,21,0,7,44
1,700,82.800000,22.608000,0,1,1411489903,767,20,767,20,0,7,44
1,700,82.800000,22.608000,0,1,1411489909,792,19,792,19,0,7,44
1,700,82.800000,22.608000,0,1,1411489916,820,18,820,18,0,7,44
1,700,82.800000,22.608000,0,1,1411489922,856,17,856,17,0,7,44
1,700,82.800000,22.608000,0,1,1411489928,892,15,892,15,0,7,44
1,700,82.800000,22.608000,0,1,1411489933,920,13,920,13,0,7,44
1,700,82.800000,22.608000,0,1,1411489939,940,12,940,12,0,7,44
1,700,82.800000,22.608000,0,1,1411489945,969,11,969,11,0,7,44
1,700,82.800000,22.608000,0,1,1411489951,1000,9,1000,9,0,7,44
1,700,82.800000,22.608000,0,1,1411489957,1019,8,1019,8,0,7,44
1,700,82.800000,22.608000,0,1,1411489963,1053,6,1053,6,0,7,44
1,700,82.800000,22.608000,0,1,1411489968,1087,4,1087,4,0,7,44
1,700,82.800000,22.608000,0,1,1411489974,1112,3,1112,3,0,7,44
1,700,82.800000,22.608000,0,1,1411489980,1135,2,1135,2,0,7,44
1,700,82.800000,22.608000,0,1,1411489986,1158,0,1158,0,0,7,44
1,700,82.800000,22.608000,0,1,1411489992,1175,0,1175,-1,0,7,44
1,700,82.800000,22.608000,0,1,1411489998,1192,0,1192,-2,0,7,44
1,700,82.800000,22.608000,0,1,1411490004,1212,0,1212,-3,0,7,44
1,700,82.800000,22.608000,0,1,1411490010,1227,0,1227,-4,0,7,44
1,700,82.800000,22.608000,0,1,1411490015,1240,0,1240,-4,0,7,44
1,700,82.800000,22.608000,0,1,1411490021,1250,0,1250,-4,0,7,44
1,700,82.800000,22.608000,0,1,1411490027,1259,0,1259,-4,0,7,44
1,700,82.800000,22.608000,0,1,1411490033,1264,0,1264,-4,0,7,44
1,700,82.800000,22.608000,0,1,1411490039,1268,0,1268,-4,0,7,44
1,700,82.800000,22.608000,0,1,1411490045,1271,0,1271,-4,0,7,44
1,700,82.800000,22.608000,0,1,1411490052,1272,0,1272,-4,0,7,44
1,700,82.800000,22.608000,0,1,1411490058,1273,0,1273,-4,0,7,44
1,700,82.800000,22.608000,0,1,1411490064,1274,0,1274,-4,0,7,44
1,700,82.800000,22.608000,0,1,1411490070,1275,0,1275,-4,0,7,44
1,700,82.800000,22.608000,0,1,1411490076,1275,0,1275,-4,0,7,44
1,700,82.800000,22.608000,0,1,1411490082,1275,0,1275,-4,0,7,44
1,700,82.800000,22.608000,0,1,1411490088,1275,0,1275,-4,0,7,44
1,700,82.800000,22.608000,0,1,1411490094,1275,0,1275,-4,0,7,44
1,700,82.800000,22.608000,0,1,1411490100,1275,0,1275,-4,0,7,44
1,700,82.800000,22.608000,0,1,1411490106,1275,0,1275,-4,0,7,44
1,700,82.800000,22.608000,0,1,1411490112,1275,0,1275,-4,0,7,44
1,700,82.800000,22.608000,0,1,1411490117,1275,0,1275,-4,0,7,44
1,700,82.800000,22.608000,0,1,1411490123,1275,0,1275,-4,0,7,44
1,700,82.800000,22.608000,0,1,1411490128,1275,0,1275,-4,0,7,44
1,700,82.800000,22.608000,0,1,1411490134,1275,0,1275,-4,0,7,44
1,700,82.800000,22.608000,0,1,1411490139,1275,0,1275,-4,0,7,44
1,700,82.800000,22.608000,0,1,1411490145,1275,0,1275,-4,0,7,44
1,700,82.800000,22.608000,0,1,1411490150,1275,0,1275,-4,0,7,44
1,700,82.800000,22.608000,0,1,1411490155,1275,0,1275,-4,0,7,44
1,700,82.800000,22.608000,0,1,1411490161,1275,0,1275,-4,0,7,44
1,700,82.800000,22.608000,0,1,1411490166,1275,0,1275,-4,0,7,44
1,700,82.800000,22.608000,0,1,1411490172,1275,0,1275,-4,0,7,44
1,700,82.800000,22.608000,0,1,1411490177,1275,0,1275,-4,0,7,44
1,700,82.800000,22.608000,0,1,1411490183,1275,0,1275,-4,0,7,44
1,700,82.800000,22.608000,0,1,1411490189,1275,0,1275,-4,0,7,44
1,700,82.800000,22.608000,0,1,1411490195,1275,0,1275,-4,0,7,44
1,700,82.800000,22.608000,0,1,1411490201,1276,0,1276,-4,0,7,44
1,700,82.800000,22.608000,0,1,1411490207,1278,1,1278,-3,0,7,44
1,700,82.800000,22.608000,0,1,1411490213,1279,1,1279,-3,0,7,44
1,700,82.800000,22.608000,0,1,1411490219,1280,2,1280,-2,0,7,44
1,700,82.800000,22.608000,0,1,1411490224,1281,2,1281,-2,0,7,44
1,700,82.800000,22.608000,0,1,1411490230,1282,2,1282,-2,0,7,44
1,700,82.800000,22.608000,0,1,1411490236,1283,2,1283,-2,0,7,44
1,700,82.800000,22.608000,0,1,1411490241,1284,2,1284,-2,0,7,44
1,700,82.800000,22.608000,0,1,1411490247,1285,2,1285,-2,0,7,44
1,700,82.800000,22.608000,0,1,1411490252,1286,2,1286,-2,0,7,44
1,700,82.800000,22.608000,0,1,1411490258,1286,2,1286,-2,0,7,44
1,700,82.800000,22.608000,0,1,1411490264,1286,2,1286,-2,0,7,44
1,700,82.800000,22.608000,0,1,1411490269,1286,2,1286,-2,0,7,44
1,700,82.800000,22.608000,0,1,1411490275,1286,2,1286,-2,0,7,44
1,700,82.800000,22.608000,0,1,1411490281,1286,2,1286,-2,0,7,44
1,700,82.800000,22.608000,0,1,1411490286,1286,2,1286,-2,0,7,44
1,700,82.800000,22.608000,0,1,1411490292,1286,2,1286,-2,0,7,44
1,700,82.800000,22.608000,0,1,1411490298,1286,2,1286,-2,0,7,44
1,700,82.800000,22.608000,0,1,1411490303,1286,2,1286,-2,0,7,44
1,700,82.800000,22.608000,0,1,1411490309,1286,2,1286,-2,0,7,44
1,700,82.800000,22.608000,0,1,1411490315,1286,2,1286,-2,0,7,44
1,700,82.800000,22.608000,0,1,1411490321,1286,2,1286,-2,0,7,44
1,700,82.800000,22.608000,0,1,1411490327,1286,2,1286,-2,0,7,44
1,700,82.800000,22.608000,0,1,1411490332,1286,2,1286,-2,0,7,44
1,700,82.800000,22.608000,0,1,1411490352,1286,2,1286,-2,0,7,44
