1,350,21.600000,0.000000,0,0,1411522149,785,0,785,0,0,7,62
1,350,21.600000,0.000000,0,0,1411522150,785,0,785,0,0,7,62
1,350,21.600000,0.000000,0,0,1411522156,785,0,785,0,0,7,62
1,350,21.600000,0.000000,0,0,1411522161,785,0,785,0,0,7,62
1,350,21.600000,0.000000,0,0,1411522167,785,0,785,0,0,7,62
1,350,21.600000,0.000000,0,0,1411522173,785,0,785,0,0,7,62
1,350,21.600000,0.000000,0,0,1411522178,785,0,785,0,0,7,62
1,350,21.600000,0.000000,0,0,1411522184,785,0,785,-1,0,7,62
1,350,21.600000,0.000000,0,0,1411522190,787,0,787,-1,0,7,62
1,350,21.600000,0.000000,0,0,1411522195,791,0,791,-1,0,7,62
1,350,21.600000,0.000000,0,0,1411522201,798,0,798,-2,0,7,62
1,350,21.600000,0.000000,0,0,1411522208,807,0,807,-3,0,7,62
1,350,21.600000,0.000000,0,0,1411522215,815,0,815,-3,0,7,62
1,350,21.600000,0.000000,0,0,1411522221,832,0,832,-5,0,7,62
1,350,21.600000,0.000000,0,0,1411522227,848,0,848,-6,0,7,62
1,350,21.600000,0.000000,0,0,1411522233,865,0,865,-7,0,7,62
1,350,21.600000,0.000000,0,0,1411522240,891,0,891,-8,0,7,62
1,350,21.600000,0.000000,0,0,1411522245,911,0,911,-9,0,7,62
1,350,21.600000,0.000000,0,0,1411522251,931,0,931,-11,0,7,62
1,350,21.600000,0.000000,0,0,1411522257,951,0,951,-12,0,7,62
1,350,21.600000,0.000000,0,0,1411522262,973,0,973,-13,0,7,62
1,350,21.600000,0.000000,0,0,1411522268,992,0,992,-14,0,7,62
1,350,21.600000,0.000000,0,0,1411522274,1015,0,1015,-16,0,7,62
1,350,21.600000,0.000000,0,0,1411522280,1036,0,1036,-17,0,7,62
1,350,21.600000,0.000000,0,0,1411522285,1056,0,1056,-19,0,7,62
1,350,21.600000,0.000000,0,0,1411522291,1075,0,1075,-21,0,7,62
1,350,21.600000,0.000000,0,0,1411522297,1094,0,1094,-23,0,7,62
1,350,21.600000,0.000000,0,0,1411522302,1110,0,1110,-25,0,7,62
1,350,21.600000,0.000000,0,0,1411522308,1127,0,1127,-26,0,7,62
1,350,21.600000,0.000000,0,0,1411522314,1141,0,1141,-27,0,7,62
1,350,21.600000,0.000000,0,0,1411522319,1154,0,1154,-27,0,7,62
1,350,21.600000,0.000000,0,0,1411522325,1165,0,1165,-28,0,7,62
1,350,21.600000,0.000000,0,0,1411522331,1174,0,1174,-28,0,7,62
1,350,21.600000,0.000000,0,0,1411522336,1181,0,1181,-28,0,7,62
1,350,21.600000,0.000000,0,0,1411522342,1186,0,1186,-29,0,7,62
1,350,21.600000,0.000000,0,0,1411522348,1190,0,1190,-29,0,7,62
1,350,21.600000,0.000000,0,0,1411522353,1192,0,1192,-29,0,7,62
1,350,21.600000,0.000000,0,0,1411522360,1192,0,1192,-29,0,7,62
1,350,21.600000,0.000000,0,0,1411522365,1193,0,1193,-29,0,7,62
1,350,21.600000,0.000000,0,0,1411522371,1194,0,1194,-29,0,7,62
1,350,21.600000,0.000000,0,0,1411522376,1194,0,1194,-29,0,7,62
1,350,21.600000,0.000000,0,0,1411522381,1194,0,1194,-29,0,7,62
1,350,21.600000,0.000000,0,0,1411522387,1194,0,1194,-29,0,7,62
1,350,21.600000,0.000000,0,0,1411522393,1194,0,1194,-29,0,7,62
1,350,21.600000,0.000000,0,0,1411522398,1194,0,1194,-29,0,7,62
1,350,21.600000,0.000000,0,0,1411522404,1194,0,1194,-29,0,7,62
1,350,21.600000,0.000000,0,0,1411522410,1194,0,1194,-29,0,7,62
1,350,21.600000,0.000000,0,0,1411522415,1194,0,1194,-29,0,7,62
1,350,21.600000,0.000000,0,0,1411522422,1194,0,1194,-29,0,7,62
1,350,21.600000,0.000000,0,0,1411522427,1194,0,1194,-29,0,7,62
1,350,21.600000,0.000000,0,0,1411522433,1194,0,1194,-29,0,7,62
1,350,21.600000,0.000000,0,0,1411522439,1194,0,1194,-29,0,7,62
1,350,21.600000,0.000000,0,0,1411522444,1194,0,1194,-29,0,7,62
1,350,21.600000,0.000000,0,0,1411522449,1194,0,1194,-29,0,7,62
1,350,21.600000,0.000000,0,0,1411522455,1193,0,1193,-29,0,7,62
1,350,21.600000,0.000000,0,0,1411522461,1192,0,1192,-29,0,7,62
1,350,21.600000,0.000000,0,0,1411522467,1191,0,1191,-29,0,7,62
1,350,21.600000,0.000000,0,0,1411522473,1189,0,1189,-29,0,7,62
1,350,21.600000,0.000000,0,0,1411522478,1187,0,1187,-29,0,7,62
1,350,21.600000,0.000000,0,0,1411522484,1185,0,1185,-29,0,7,62
1,350,21.600000,0.000000,0,0,1411522490,1183,0,1183,-29,0,7,62
1,350,21.600000,0.000000,0,0,1411522496,1182,0,1182,-29,0,7,62
1,350,21.600000,0.000000,0,0,1411522502,1180,1,1180,-28,0,7,62
1,350,21.600000,0.000000,0,0,1411522508,1178,1,1178,-28,0,7,62
1,350,21.600000,0.000000,0,0,1411522513,1177,1,1177,-28,0,7,62
1,350,21.600000,0.000000,0,0,1411522519,1176,2,1176,-27,0,7,62
1,350,21.600000,0.000000,0,0,1411522525,1174,2,1174,-27,0,7,62
1,350,21.600000,0.000000,0,0,1411522531,1172,2,1172,-27,0,7,62
1,350,21.600000,0.000000,0,0,1411522537,1170,3,1170,-26,0,7,62
1,350,21.600000,0.000000,0,0,1411522542,1168,3,1168,-26,0,7,62
1,350,21.600000,0.000000,0,0,1411522548,1166,3,1166,-26,0,7,62
1,350,21.600000,0.000000,0,0,1411522554,1163,3,1163,-26,0,7,62
1,350,21.600000,0.000000,0,0,1411522560,1160,3,1160,-26,0,7,62
1,350,21.600000,0.000000,0,0,1411522565,1157,3,1157,-26,0,7,62
1,350,21.600000,0.000000,0,0,1411522571,1155,3,1155,-26,0,7,62
1,350,21.600000,0.000000,0,0,1411522576,1153,4,1153,-25,0,7,62
1,350,21.600000,0.000000,0,0,1411522582,1151,4,1151,-25,0,7,62
1,350,21.600000,0.000000,0,0,1411522588,1150,4,1150,-25,0,7,62
1,350,21.600000,0.000000,0,0,1411522594,1149,4,1149,-25,0,7,62
1,350,21.600000,0.000000,0,0,1411522599,1148,4,1148,-25,0,7,62
1,350,21.600000,0.000000,0,0,1411522605,1147,4,1147,-25,0,7,62
1,350,21.600000,0.000000,0,0,1411522611,1147,4,1147,-25,0,7,62
1,350,21.600000,0.000000,0,0,1411522616,1147,4,1147,-25,0,7,62
1,350,21.600000,0.000000,0,0,1411522622,1147,4,1147,-25,0,7,62
1,350,21.600000,0.000000,0,0,1411522628,1147,4,1147,-25,0,7,62
1,350,21.600000,0.000000,0,0,1411522633,1147,4,1147,-25,0,7,62
1,350,21.600000,0.000000,0,0,1411522638,1147,4,1147,-25,0,7,62
1,350,21.600000,0.000000,0,0,1411522644,1147,4,1147,-25,0,7,62
1,350,21.600000,0.000000,0,0,1411522649,1147,4,1147,-25,0,7,62
1,350,21.600000,0.000000,0,0,1411522655,1147,4,1147,-25,0,7,62
1,350,21.600000,0.000000,0,0,1411522661,1147,4,1147,-25,0,7,62
1,350,21.600000,0.000000,0,0,1411522667,1147,4,1147,-25,0,7,62
1,350,21.600000,0.000000,0,0,1411522672,1147,4,1147,-25,0,7,62
1,350,21.600000,0.000000,0,0,1411522678,1147,4,1147,-25,0,7,62
1,350,21.600000,0.000000,0,0,1411522684,1147,4,1147,-25,0,7,62
1,350,21.600000,0.000000,0,0,1411522689,1147,4,1147,-25,0,7,62
1,350,21.600000,0.000000,0,0,1411522695,1147,4,1147,-25,0,7,62
1,350,21.600000,0.000000,0,0,1411522700,1147,4,1147,-25,0,7,62
1,350,21.600000,0.000000,0,0,1411522706,1147,4,1147,-25,0,7,62
1,350,21.600000,0.000000,0,0,1411522712,1147,4,1147,-25,0,7,62
1,350,21.600000,0.000000,0,0,1411522717,1147,4,1147,-25,0,7,62
1,350,21.600000,0.000000,0,0,1411522723,1147,4,1147,-25,0,7,62
1,350,21.600000,0.000000,0,0,1411522729,1147,4,1147,-25,0,7,62
1,350,21.600000,0.000000,0,0,1411522735,1147,4,1147,-25,0,7,62
1,350,21.600000,0.000000,0,0,1411522741,1147,4,1147,-25,0,7,62
1,350,21.600000,0.000000,0,0,1411522747,1147,4,1147,-25,0,7,62
1,350,21.600000,0.000000,0,0,1411522752,1147,4,1147,-25,0,7,62
1,350,21.600000,0.000000,0,0,1411522757,1147,4,1147,-25,0,7,62
1,350,21.600000,0.000000,0,0,1411522763,1147,4,1147,-25,0,7,62
1,350,21.600000,0.000000,0,0,1411522769,1147,4,1147,-25,0,7,62
1,350,21.600000,0.000000,0,0,1411522775,1147,4,1147,-25,0,7,62
1,350,21.600000,0.000000,0,0,1411522780,1147,4,1147,-25,0,7,62
1,350,21.600000,0.000000,0,0,1411522786,1147,4,1147,-25,0,7,62
1,350,21.600000,0.000000,0,0,1411522792,1147,4,1147,-25,0,7,62
1,350,21.600000,0.000000,0,0,1411522797,1147,4,1147,-25,0,7,62
1,350,21.600000,0.000000,0,0,1411522804,1147,4,1147,-25,0,7,62
1,350,21.600000,0.000000,0,0,1411522823,1147,4,1147,-25,1,7,62
