1,350,21.600000,22.608000,1,1,1411518885,785,22,785,22,0,7,60
1,350,21.600000,22.608000,1,1,1411518887,785,22,785,22,0,7,60
1,350,21.600000,22.608000,1,1,1411518892,785,22,785,22,0,7,60
1,350,21.600000,22.608000,1,1,1411518898,785,22,785,22,0,7,60
1,350,21.600000,22.608000,1,1,1411518904,785,22,785,22,0,7,60
1,350,21.600000,22.608000,1,1,1411518910,785,22,785,22,0,7,60
1,350,21.600000,22.608000,1,1,1411518915,785,22,785,22,0,7,60
1,350,21.600000,22.608000,1,1,1411518921,787,22,787,22,0,7,60
1,350,21.600000,22.608000,1,1,1411518927,790,23,790,23,0,7,60
1,350,21.600000,22.608000,1,1,1411518932,795,23,795,23,0,7,60
1,350,21.600000,22.608000,1,1,1411518939,803,23,803,23,0,7,60
1,350,21.600000,22.608000,1,1,1411518945,816,23,816,23,0,7,60
1,350,21.600000,22.608000,1,1,1411518951,833,24,833,24,0,7,60
1,350,21.600000,22.608000,1,1,1411518957,854,24,854,24,0,7,60
1,350,21.600000,22.608000,1,1,1411518963,871,24,871,24,0,7,60
1,350,21.600000,22.608000,1,1,1411518969,892,23,892,23,0,7,60
1,350,21.600000,22.608000,1,1,1411518974,909,23,909,23,0,7,60
1,350,21.600000,22.608000,1,1,1411518980,928,23,928,23,0,7,60
1,350,21.600000,22.608000,1,1,1411518985,947,22,947,22,0,7,60
1,350,21.600000,22.608000,1,1,1411518991,970,21,970,21,0,7,60
1,350,21.600000,22.608000,1,1,1411518997,991,20,991,20,0,7,60
1,350,21.600000,22.608000,1,1,1411519003,1010,19,1010,19,0,7,60
1,350,21.600000,22.608000,1,1,1411519008,1031,18,1031,18,0,7,60
1,350,21.600000,22.608000,1,1,1411519014,1044,18,1044,18,0,7,60
1,350,21.600000,22.608000,1,1,1411519020,1061,17,1061,17,0,7,60
1,350,21.600000,22.608000,1,1,1411519025,1077,16,1077,16,0,7,60
1,350,21.600000,22.608000,1,1,1411519031,1091,15,1091,15,0,7,60
1,350,21.600000,22.608000,1,1,1411519037,1107,14,1107,14,0,7,60
1,350,21.600000,22.608000,1,1,1411519042,1119,14,1119,14,0,7,60
1,350,21.600000,22.608000,1,1,1411519049,1127,13,1127,13,0,7,60
1,350,21.600000,22.608000,1,1,1411519054,1135,13,1135,13,0,7,60
1,350,21.600000,22.608000,1,1,1411519060,1141,13,1141,13,0,7,60
1,350,21.600000,22.608000,1,1,1411519066,1147,13,1147,13,0,7,60
1,350,21.600000,22.608000,1,1,1411519071,1150,13,1150,13,0,7,60
1,350,21.600000,22.608000,1,1,1411519077,1153,13,1153,13,0,7,60
1,350,21.600000,22.608000,1,1,1411519083,1154,13,1154,13,0,7,60
1,350,21.600000,22.608000,1,1,1411519088,1155,13,1155,13,0,7,60
1,350,21.600000,22.608000,1,1,1411519094,1155,13,1155,13,0,7,60
1,350,21.600000,22.608000,1,1,1411519100,1155,13,1155,13,0,7,60
1,350,21.600000,22.608000,1,1,1411519106,1155,13,1155,13,0,7,60
1,350,21.600000,22.608000,1,1,1411519112,1155,13,1155,13,0,7,60
1,350,21.600000,22.608000,1,1,1411519117,1155,13,1155,13,0,7,60
1,350,21.600000,22.608000,1,1,1411519123,1155,13,1155,13,0,7,60
1,350,21.600000,22.608000,1,1,1411519128,1155,13,1155,13,0,7,60
1,350,21.600000,22.608000,1,1,1411519134,1155,13,1155,13,0,7,60
1,350,21.600000,22.608000,1,1,1411519140,1155,13,1155,13,0,7,60
1,350,21.600000,22.608000,1,1,1411519146,1155,13,1155,13,0,7,60
1,350,21.600000,22.608000,1,1,1411519152,1155,13,1155,13,0,7,60
1,350,21.600000,22.608000,1,1,1411519157,1155,13,1155,13,0,7,60
1,350,21.600000,22.608000,1,1,1411519162,1155,13,1155,13,0,7,60
1,350,21.600000,22.608000,1,1,1411519168,1155,13,1155,13,0,7,60
1,350,21.600000,22.608000,1,1,1411519174,1155,13,1155,13,0,7,60
1,350,21.600000,22.608000,1,1,1411519179,1155,13,1155,13,0,7,60
1,350,21.600000,22.608000,1,1,1411519185,1155,13,1155,13,0,7,60
1,350,21.600000,22.608000,1,1,1411519191,1155,13,1155,13,0,7,60
1,350,21.600000,22.608000,1,1,1411519197,1155,13,1155,13,0,7,60
1,350,21.600000,22.608000,1,1,1411519202,1155,13,1155,13,0,7,60
1,350,21.600000,22.608000,1,1,1411519208,1155,13,1155,13,0,7,60
1,350,21.600000,22.608000,1,1,1411519214,1155,13,1155,13,0,7,60
1,350,21.600000,22.608000,1,1,1411519221,1155,13,1155,13,0,7,60
1,350,21.600000,22.608000,1,1,1411519226,1155,13,1155,13,0,7,60
1,350,21.600000,22.608000,1,1,1411519231,1155,13,1155,13,0,7,60
1,350,21.600000,22.608000,1,1,1411519237,1155,13,1155,13,0,7,60
1,350,21.600000,22.608000,1,1,1411519243,1155,13,1155,13,0,7,60
1,350,21.600000,22.608000,1,1,1411519249,1155,13,1155,13,0,7,60
1,350,21.600000,22.608000,1,1,1411519254,1155,13,1155,13,0,7,60
1,350,21.600000,22.608000,1,1,1411519260,1155,13,1155,13,0,7,60
1,350,21.600000,22.608000,1,1,1411519265,1155,13,1155,13,0,7,60
1,350,21.600000,22.608000,1,1,1411519271,1155,13,1155,13,0,7,60
1,350,21.600000,22.608000,1,1,1411519276,1155,13,1155,13,0,7,60
1,350,21.600000,22.608000,1,1,1411519282,1154,13,1154,13,0,7,60
1,350,21.600000,22.608000,1,1,1411519287,1153,13,1153,13,0,7,60
1,350,21.600000,22.608000,1,1,1411519293,1152,13,1152,13,0,7,60
1,350,21.600000,22.608000,1,1,1411519298,1151,13,1151,13,0,7,60
1,350,21.600000,22.608000,1,1,1411519304,1150,13,1150,13,0,7,60
1,350,21.600000,22.608000,1,1,1411519309,1149,13,1149,13,0,7,60
1,350,21.600000,22.608000,1,1,1411519315,1148,13,1148,13,0,7,60
1,350,21.600000,22.608000,1,1,1411519321,1146,13,1146,13,0,7,60
1,350,21.600000,22.608000,1,1,1411519326,1145,13,1145,13,0,7,60
1,350,21.600000,22.608000,1,1,1411519332,1144,13,1144,13,0,7,60
1,350,21.600000,22.608000,1,1,1411519338,1143,13,1143,13,0,7,60
1,350,21.600000,22.608000,1,1,1411519344,1142,13,1142,13,0,7,60
1,350,21.600000,22.608000,1,1,1411519349,1141,13,1141,13,0,7,60
1,350,21.600000,22.608000,1,1,1411519355,1140,13,1140,13,0,7,60
1,350,21.600000,22.608000,1,1,1411519361,1139,13,1139,13,0,7,60
1,350,21.600000,22.608000,1,1,1411519366,1138,13,1138,13,0,7,60
1,350,21.600000,22.608000,1,1,1411519372,1136,13,1136,13,0,7,60
1,350,21.600000,22.608000,1,1,1411519378,1135,13,1135,13,0,7,60
1,350,21.600000,22.608000,1,1,1411519383,1134,13,1134,13,0,7,60
1,350,21.600000,22.608000,1,1,1411519390,1133,13,1133,13,0,7,60
1,350,21.600000,22.608000,1,1,1411519396,1132,13,1132,13,0,7,60
1,350,21.600000,22.608000,1,1,1411519401,1131,13,1131,13,0,7,60
1,350,21.600000,22.608000,1,1,1411519407,1131,13,1131,13,0,7,60
1,350,21.600000,22.608000,1,1,1411519412,1131,13,1131,13,0,7,60
1,350,21.600000,22.608000,1,1,1411519418,1131,13,1131,13,0,7,60
1,350,21.600000,22.608000,1,1,1411519424,1131,13,1131,13,0,7,60
1,350,21.600000,22.608000,1,1,1411519429,1131,13,1131,13,0,7,60
1,350,21.600000,22.608000,1,1,1411519435,1131,13,1131,13,0,7,60
1,350,21.600000,22.608000,1,1,1411519454,1131,13,1131,13,0,7,60
