1,350,82.800000,42.984000,1,1,1411722852,785,22,785,22,0,8,48
1,350,82.800000,42.984000,1,1,1411722854,785,22,785,22,0,8,48
1,350,82.800000,42.984000,1,1,1411722860,785,22,785,22,0,8,48
1,350,82.800000,42.984000,1,1,1411722865,785,22,785,22,0,8,48
1,350,82.800000,42.984000,1,1,1411722871,785,22,785,22,0,8,48
1,350,82.800000,42.984000,1,1,1411722877,785,22,785,22,0,8,48
1,350,82.800000,42.984000,1,1,1411722883,785,22,785,22,0,8,48
1,350,82.800000,42.984000,1,1,1411722889,785,22,785,22,0,8,48
1,350,82.800000,42.984000,1,1,1411722894,785,22,785,22,0,8,48
1,350,82.800000,42.984000,1,1,1411722900,785,22,785,22,0,8,48
1,350,82.800000,42.984000,1,1,1411722905,785,22,785,22,0,8,48
1,350,82.800000,42.984000,1,1,1411722912,787,22,787,22,0,8,48
1,350,82.800000,42.984000,1,1,1411722918,792,22,792,22,0,8,48
1,350,82.800000,42.984000,1,1,1411722924,798,22,798,22,0,8,48
1,350,82.800000,42.984000,1,1,1411722930,807,23,807,23,0,8,48
1,350,82.800000,42.984000,1,1,1411722936,822,24,822,24,0,8,48
1,350,82.800000,42.984000,1,1,1411722942,838,24,838,24,0,8,48
1,350,82.800000,42.984000,1,1,1411722948,852,24,852,24,0,8,48
1,350,82.800000,42.984000,1,1,1411722953,869,25,869,25,0,8,48
1,350,82.800000,42.984000,1,1,1411722959,889,25,889,25,0,8,48
1,350,82.800000,42.984000,1,1,1411722965,908,25,908,25,0,8,48
1,350,82.800000,42.984000,1,1,1411722970,928,25,928,25,0,8,48
1,350,82.800000,42.984000,1,1,1411722977,948,25,948,25,0,8,48
1,350,82.800000,42.984000,1,1,1411722983,970,24,970,24,0,8,48
1,350,82.800000,42.984000,1,1,1411722988,990,22,990,22,0,8,48
1,350,82.800000,42.984000,1,1,1411722994,1009,20,1009,20,0,8,48
1,350,82.800000,42.984000,1,1,1411723000,1029,18,1029,18,0,8,48
1,350,82.800000,42.984000,1,1,1411723005,1046,17,1046,17,0,8,48
1,350,82.800000,42.984000,1,1,1411723011,1062,16,1062,16,0,8,48
1,350,82.800000,42.984000,1,1,1411723017,1074,16,1074,16,0,8,48
1,350,82.800000,42.984000,1,1,1411723022,1089,16,1089,16,0,8,48
1,350,82.800000,42.984000,1,1,1411723028,1102,16,1102,16,0,8,48
1,350,82.800000,42.984000,1,1,1411723034,1114,16,1114,16,0,8,48
1,350,82.800000,42.984000,1,1,1411723040,1122,16,1122,16,0,8,48
1,350,82.800000,42.984000,1,1,1411723045,1131,16,1131,16,0,8,48
1,350,82.800000,42.984000,1,1,1411723051,1137,15,1137,15,0,8,48
1,350,82.800000,42.984000,1,1,1411723056,1143,15,1143,15,0,8,48
1,350,82.800000,42.984000,1,1,1411723062,1147,15,1147,15,0,8,48
1,350,82.800000,42.984000,1,1,1411723068,1150,15,1150,15,0,8,48
1,350,82.800000,42.984000,1,1,1411723073,1152,15,1152,15,0,8,48
1,350,82.800000,42.984000,1,1,1411723079,1155,15,1155,15,0,8,48
1,350,82.800000,42.984000,1,1,1411723085,1156,15,1156,15,0,8,48
1,350,82.800000,42.984000,1,1,1411723091,1157,15,1157,15,0,8,48
1,350,82.800000,42.984000,1,1,1411723096,1158,15,1158,15,0,8,48
1,350,82.800000,42.984000,1,1,1411723102,1158,15,1158,15,0,8,48
1,350,82.800000,42.984000,1,1,1411723107,1158,15,1158,15,0,8,48
1,350,82.800000,42.984000,1,1,1411723113,1157,15,1157,15,0,8,48
1,350,82.800000,42.984000,1,1,1411723119,1156,15,1156,15,0,8,48
1,350,82.800000,42.984000,1,1,1411723124,1155,15,1155,15,0,8,48
1,350,82.800000,42.984000,1,1,1411723130,1154,15,1154,15,0,8,48
1,350,82.800000,42.984000,1,1,1411723136,1154,15,1154,15,0,8,48
1,350,82.800000,42.984000,1,1,1411723141,1153,15,1153,15,0,8,48
1,350,82.800000,42.984000,1,1,1411723148,1152,15,1152,15,0,8,48
1,350,82.800000,42.984000,1,1,1411723153,1152,15,1152,15,0,8,48
1,350,82.800000,42.984000,1,1,1411723159,1152,15,1152,15,0,8,48
1,350,82.800000,42.984000,1,1,1411723165,1152,15,1152,15,0,8,48
1,350,82.800000,42.984000,1,1,1411723170,1152,15,1152,15,0,8,48
1,350,82.800000,42.984000,1,1,1411723176,1152,15,1152,15,0,8,48
1,350,82.800000,42.984000,1,1,1411723182,1152,15,1152,15,0,8,48
1,350,82.800000,42.984000,1,1,1411723188,1152,15,1152,15,0,8,48
1,350,82.800000,42.984000,1,1,1411723194,1152,15,1152,15,0,8,48
1,350,82.800000,42.984000,1,1,1411723200,1152,15,1152,15,0,8,48
1,350,82.800000,42.984000,1,1,1411723206,1152,15,1152,15,0,8,48
1,350,82.800000,42.984000,1,1,1411723212,1152,15,1152,15,0,8,48
1,350,82.800000,42.984000,1,1,1411723219,1152,15,1152,15,0,8,48
1,350,82.800000,42.984000,1,1,1411723224,1152,15,1152,15,0,8,48
1,350,82.800000,42.984000,1,1,1411723230,1152,15,1152,15,0,8,48
1,350,82.800000,42.984000,1,1,1411723235,1152,15,1152,15,0,8,48
1,350,82.800000,42.984000,1,1,1411723240,1152,15,1152,15,0,8,48
1,350,82.800000,42.984000,1,1,1411723246,1152,15,1152,15,0,8,48
1,350,82.800000,42.984000,1,1,1411723252,1152,15,1152,15,0,8,48
1,350,82.800000,42.984000,1,1,1411723271,1152,15,1152,15,0,8,48
