1,700,82.800000,12.276000,0,0,1411734276,610,0,610,0,0,8,55
1,700,82.800000,12.276000,0,0,1411734277,610,0,610,0,0,8,55
1,700,82.800000,12.276000,0,0,1411734284,610,0,610,0,0,8,55
1,700,82.800000,12.276000,0,0,1411734289,610,0,610,0,0,8,55
1,700,82.800000,12.276000,0,0,1411734295,610,0,610,0,0,8,55
1,700,82.800000,12.276000,0,0,1411734301,610,0,610,0,0,8,55
1,700,82.800000,12.276000,0,0,1411734306,610,0,610,0,0,8,55
1,700,82.800000,12.276000,0,0,1411734312,610,0,610,0,0,8,55
1,700,82.800000,12.276000,0,0,1411734318,610,0,610,0,0,8,55
1,700,82.800000,12.276000,0,0,1411734323,610,0,610,0,0,8,55
1,700,82.800000,12.276000,0,0,1411734329,610,0,610,0,0,8,55
1,700,82.800000,12.276000,0,0,1411734334,611,0,611,0,0,8,55
1,700,82.800000,12.276000,0,0,1411734340,614,0,614,-1,0,8,55
1,700,82.800000,12.276000,0,0,1411734346,617,0,617,-2,0,8,55
1,700,82.800000,12.276000,0,0,1411734352,624,0,624,-3,0,8,55
1,700,82.800000,12.276000,0,0,1411734358,630,0,630,-4,0,8,55
1,700,82.800000,12.276000,0,0,1411734364,638,0,638,-5,0,8,55
1,700,82.800000,12.276000,0,0,1411734370,650,0,650,-5,0,8,55
1,700,82.800000,12.276000,0,0,1411734376,667,0,667,-5,0,8,55
1,700,82.800000,12.276000,0,0,1411734382,686,0,686,-5,0,8,55
1,700,82.800000,12.276000,0,0,1411734387,708,0,708,-5,0,8,55
1,700,82.800000,12.276000,0,0,1411734393,731,0,731,-5,0,8,55
1,700,82.800000,12.276000,0,0,1411734398,760,0,760,-5,0,8,55
1,700,82.800000,12.276000,0,0,1411734404,790,0,790,-6,0,8,55
1,700,82.800000,12.276000,0,0,1411734410,824,0,824,-6,0,8,55
1,700,82.800000,12.276000,0,0,1411734415,867,0,867,-7,0,8,55
1,700,82.800000,12.276000,0,0,1411734421,901,0,901,-8,0,8,55
1,700,82.800000,12.276000,0,0,1411734427,927,0,927,-9,0,8,55
1,700,82.800000,12.276000,0,0,1411734433,964,0,964,-11,0,8,55
1,700,82.800000,12.276000,0,0,1411734438,1001,0,1001,-13,0,8,55
1,700,82.800000,12.276000,0,0,1411734444,1032,0,1032,-14,0,8,55
1,700,82.800000,12.276000,0,0,1411734450,1069,0,1069,-16,0,8,55
1,700,82.800000,12.276000,0,0,1411734455,1105,0,1105,-18,0,8,55
1,700,82.800000,12.276000,0,0,1411734461,1147,0,1147,-21,0,8,55
1,700,82.800000,12.276000,0,0,1411734467,1189,0,1189,-25,0,8,55
1,700,82.800000,12.276000,0,0,1411734473,1226,0,1226,-29,0,8,55
1,700,82.800000,12.276000,0,0,1411734479,1254,0,1254,-33,0,8,55
1,700,82.800000,12.276000,0,0,1411734485,1279,0,1279,-37,0,8,55
1,700,82.800000,12.276000,0,0,1411734491,1302,0,1302,-40,0,8,55
1,700,82.800000,12.276000,0,0,1411734498,1319,0,1319,-43,0,8,55
1,700,82.800000,12.276000,0,0,1411734504,1337,0,1337,-47,0,8,55
1,700,82.800000,12.276000,0,0,1411734509,1346,0,1346,-49,0,8,55
1,700,82.800000,12.276000,0,0,1411734515,1352,0,1352,-51,0,8,55
1,700,82.800000,12.276000,0,0,1411734521,1357,0,1357,-53,0,8,55
1,700,82.800000,12.276000,0,0,1411734527,1358,0,1358,-54,0,8,55
1,700,82.800000,12.276000,0,0,1411734532,1359,0,1359,-55,0,8,55
1,700,82.800000,12.276000,0,0,1411734538,1359,0,1359,-55,0,8,55
1,700,82.800000,12.276000,0,0,1411734544,1359,0,1359,-55,0,8,55
1,700,82.800000,12.276000,0,0,1411734550,1359,0,1359,-55,0,8,55
1,700,82.800000,12.276000,0,0,1411734556,1357,0,1357,-55,0,8,55
1,700,82.800000,12.276000,0,0,1411734561,1356,0,1356,-55,0,8,55
1,700,82.800000,12.276000,0,0,1411734568,1354,0,1354,-55,0,8,55
1,700,82.800000,12.276000,0,0,1411734573,1352,0,1352,-55,0,8,55
1,700,82.800000,12.276000,0,0,1411734579,1351,0,1351,-55,0,8,55
1,700,82.800000,12.276000,0,0,1411734584,1350,0,1350,-55,0,8,55
1,700,82.800000,12.276000,0,0,1411734590,1349,0,1349,-55,0,8,55
1,700,82.800000,12.276000,0,0,1411734595,1348,0,1348,-55,0,8,55
1,700,82.800000,12.276000,0,0,1411734601,1347,0,1347,-55,0,8,55
1,700,82.800000,12.276000,0,0,1411734606,1347,0,1347,-55,0,8,55
1,700,82.800000,12.276000,0,0,1411734612,1347,0,1347,-55,0,8,55
1,700,82.800000,12.276000,0,0,1411734618,1347,0,1347,-55,0,8,55
1,700,82.800000,12.276000,0,0,1411734623,1346,0,1346,-55,0,8,55
1,700,82.800000,12.276000,0,0,1411734630,1345,0,1345,-55,0,8,55
1,700,82.800000,12.276000,0,0,1411734636,1345,0,1345,-55,0,8,55
1,700,82.800000,12.276000,0,0,1411734641,1344,0,1344,-55,0,8,55
1,700,82.800000,12.276000,0,0,1411734647,1343,0,1343,-55,0,8,55
1,700,82.800000,12.276000,0,0,1411734653,1343,0,1343,-55,0,8,55
1,700,82.800000,12.276000,0,0,1411734659,1343,0,1343,-55,0,8,55
1,700,82.800000,12.276000,0,0,1411734665,1342,0,1342,-55,0,8,55
1,700,82.800000,12.276000,0,0,1411734671,1342,0,1342,-55,0,8,55
1,700,82.800000,12.276000,0,0,1411734677,1342,0,1342,-55,0,8,55
1,700,82.800000,12.276000,0,0,1411734682,1342,0,1342,-55,0,8,55
1,700,82.800000,12.276000,0,0,1411734688,1341,0,1341,-55,0,8,55
1,700,82.800000,12.276000,0,0,1411734694,1340,0,1340,-55,0,8,55
1,700,82.800000,12.276000,0,0,1411734699,1339,0,1339,-55,0,8,55
1,700,82.800000,12.276000,0,0,1411734705,1337,0,1337,-55,0,8,55
1,700,82.800000,12.276000,0,0,1411734710,1335,0,1335,-55,0,8,55
1,700,82.800000,12.276000,0,0,1411734716,1333,0,1333,-55,0,8,55
1,700,82.800000,12.276000,0,0,1411734722,1330,0,1330,-55,0,8,55
1,700,82.800000,12.276000,0,0,1411734727,1327,0,1327,-55,0,8,55
1,700,82.800000,12.276000,0,0,1411734733,1323,0,1323,-55,0,8,55
1,700,82.800000,12.276000,0,0,1411734739,1319,0,1319,-55,0,8,55
1,700,82.800000,12.276000,0,0,1411734745,1316,0,1316,-55,0,8,55
1,700,82.800000,12.276000,0,0,1411734752,1314,0,1314,-55,0,8,55
1,700,82.800000,12.276000,0,0,1411734758,1312,0,1312,-55,0,8,55
1,700,82.800000,12.276000,0,0,1411734764,1311,0,1311,-55,0,8,55
1,700,82.800000,12.276000,0,0,1411734770,1310,0,1310,-55,0,8,55
1,700,82.800000,12.276000,0,0,1411734775,1309,0,1309,-55,0,8,55
1,700,82.800000,12.276000,0,0,1411734781,1308,0,1308,-55,0,8,55
1,700,82.800000,12.276000,0,0,1411734787,1307,0,1307,-55,0,8,55
1,700,82.800000,12.276000,0,0,1411734792,1306,0,1306,-55,0,8,55
1,700,82.800000,12.276000,0,0,1411734798,1305,0,1305,-55,0,8,55
1,700,82.800000,12.276000,0,0,1411734803,1305,0,1305,-55,0,8,55
1,700,82.800000,12.276000,0,0,1411734809,1305,0,1305,-55,0,8,55
1,700,82.800000,12.276000,0,0,1411734815,1305,0,1305,-55,0,8,55
1,700,82.800000,12.276000,0,0,1411734821,1305,0,1305,-55,0,8,55
1,700,82.800000,12.276000,0,0,1411734826,1305,0,1305,-55,0,8,55
1,700,82.800000,12.276000,0,0,1411734831,1305,0,1305,-55,0,8,55
1,700,82.800000,12.276000,0,0,1411734837,1305,0,1305,-55,0,8,55
1,700,82.800000,12.276000,0,0,1411734843,1305,0,1305,-55,0,8,55
1,700,82.800000,12.276000,0,0,1411734863,1305,0,1305,-55,0,8,55
