1,700,82.800000,22.608000,0,0,1411912930,610,0,610,0,0,9,41
1,700,82.800000,22.608000,0,0,1411912931,610,0,610,0,0,9,41
1,700,82.800000,22.608000,0,0,1411912937,610,0,610,0,0,9,41
1,700,82.800000,22.608000,0,0,1411912943,610,0,610,0,0,9,41
1,700,82.800000,22.608000,0,0,1411912949,610,0,610,0,0,9,41
1,700,82.800000,22.608000,0,0,1411912954,610,0,610,0,0,9,41
1,700,82.800000,22.608000,0,0,1411912960,610,0,610,0,0,9,41
1,700,82.800000,22.608000,0,0,1411912966,610,0,610,0,0,9,41
1,700,82.800000,22.608000,0,0,1411912972,611,0,611,0,0,9,41
1,700,82.800000,22.608000,0,0,1411912977,614,1,614,1,0,9,41
1,700,82.800000,22.608000,0,0,1411912983,618,2,618,2,0,9,41
1,700,82.800000,22.608000,0,0,1411912988,624,4,624,4,0,9,41
1,700,82.800000,22.608000,0,0,1411912994,632,6,632,6,0,9,41
1,700,82.800000,22.608000,0,0,1411913000,644,9,644,9,0,9,41
1,700,82.800000,22.608000,0,0,1411913006,660,12,660,12,0,9,41
1,700,82.800000,22.608000,0,0,1411913012,678,15,678,15,0,9,41
1,700,82.800000,22.608000,0,0,1411913018,699,18,699,18,0,9,41
1,700,82.800000,22.608000,0,0,1411913024,725,21,725,21,0,9,41
1,700,82.800000,22.608000,0,0,1411913030,750,23,750,23,0,9,41
1,700,82.800000,22.608000,0,0,1411913036,776,25,776,25,0,9,41
1,700,82.800000,22.608000,0,0,1411913042,801,26,801,26,0,9,41
1,700,82.800000,22.608000,0,0,1411913048,828,27,828,27,0,9,41
1,700,82.800000,22.608000,0,0,1411913053,859,27,859,27,0,9,41
1,700,82.800000,22.608000,0,0,1411913059,891,27,891,27,0,9,41
1,700,82.800000,22.608000,0,0,1411913065,924,27,924,27,0,9,41
1,700,82.800000,22.608000,0,0,1411913071,955,27,955,27,0,9,41
1,700,82.800000,22.608000,0,0,1411913076,989,27,989,27,0,9,41
1,700,82.800000,22.608000,0,0,1411913082,1020,26,1020,26,0,9,41
1,700,82.800000,22.608000,0,0,1411913088,1043,25,1043,25,0,9,41
1,700,82.800000,22.608000,0,0,1411913093,1073,24,1073,24,0,9,41
1,700,82.800000,22.608000,0,0,1411913099,1101,22,1101,22,0,9,41
1,700,82.800000,22.608000,0,0,1411913105,1128,19,1128,19,0,9,41
1,700,82.800000,22.608000,0,0,1411913110,1151,17,1151,17,0,9,41
1,700,82.800000,22.608000,0,0,1411913116,1171,14,1171,14,0,9,41
1,700,82.800000,22.608000,0,0,1411913121,1191,11,1191,11,0,9,41
1,700,82.800000,22.608000,0,0,1411913127,1208,8,1208,8,0,9,41
1,700,82.800000,22.608000,0,0,1411913133,1222,4,1222,4,0,9,41
1,700,82.800000,22.608000,0,0,1411913138,1233,1,1233,1,0,9,41
1,700,82.800000,22.608000,0,0,1411913144,1240,0,1240,-2,0,9,41
1,700,82.800000,22.608000,0,0,1411913150,1247,0,1247,-5,0,9,41
1,700,82.800000,22.608000,0,0,1411913155,1250,0,1250,-7,0,9,41
1,700,82.800000,22.608000,0,0,1411913161,1251,0,1251,-8,0,9,41
1,700,82.800000,22.608000,0,0,1411913167,1251,0,1251,-9,0,9,41
1,700,82.800000,22.608000,0,0,1411913172,1251,0,1251,-10,0,9,41
1,700,82.800000,22.608000,0,0,1411913178,1251,0,1251,-11,0,9,41
1,700,82.800000,22.608000,0,0,1411913183,1250,0,1250,-12,0,9,41
1,700,82.800000,22.608000,0,0,1411913189,1249,0,1249,-12,0,9,41
1,700,82.800000,22.608000,0,0,1411913195,1248,0,1248,-12,0,9,41
1,700,82.800000,22.608000,0,0,1411913201,1248,0,1248,-12,0,9,41
1,700,82.800000,22.608000,0,0,1411913207,1248,0,1248,-12,0,9,41
1,700,82.800000,22.608000,0,0,1411913215,1248,0,1248,-12,0,9,41
1,700,82.800000,22.608000,0,0,1411913220,1248,0,1248,-12,0,9,41
1,700,82.800000,22.608000,0,0,1411913226,1248,0,1248,-12,0,9,41
1,700,82.800000,22.608000,0,0,1411913231,1248,0,1248,-12,0,9,41
1,700,82.800000,22.608000,0,0,1411913237,1248,0,1248,-12,0,9,41
1,700,82.800000,22.608000,0,0,1411913242,1248,0,1248,-12,0,9,41
1,700,82.800000,22.608000,0,0,1411913248,1248,0,1248,-12,0,9,41
1,700,82.800000,22.608000,0,0,1411913253,1248,0,1248,-12,0,9,41
1,700,82.800000,22.608000,0,0,1411913259,1248,0,1248,-12,0,9,41
1,700,82.800000,22.608000,0,0,1411913265,1248,0,1248,-12,0,9,41
1,700,82.800000,22.608000,0,0,1411913271,1248,0,1248,-12,0,9,41
1,700,82.800000,22.608000,0,0,1411913276,1248,0,1248,-12,0,9,41
1,700,82.800000,22.608000,0,0,1411913282,1248,0,1248,-12,0,9,41
1,700,82.800000,22.608000,0,0,1411913287,1248,0,1248,-12,0,9,41
1,700,82.800000,22.608000,0,0,1411913293,1248,0,1248,-12,0,9,41
1,700,82.800000,22.608000,0,0,1411913298,1248,0,1248,-12,0,9,41
1,700,82.800000,22.608000,0,0,1411913303,1248,0,1248,-12,0,9,41
1,700,82.800000,22.608000,0,0,1411913309,1248,0,1248,-12,0,9,41
1,700,82.800000,22.608000,0,0,1411913315,1248,0,1248,-12,0,9,41
1,700,82.800000,22.608000,0,0,1411913320,1248,0,1248,-12,0,9,41
1,700,82.800000,22.608000,0,0,1411913326,1248,0,1248,-12,0,9,41
1,700,82.800000,22.608000,0,0,1411913332,1249,0,1249,-12,0,9,41
1,700,82.800000,22.608000,0,0,1411913338,1250,0,1250,-12,0,9,41
1,700,82.800000,22.608000,0,0,1411913344,1251,0,1251,-12,0,9,41
1,700,82.800000,22.608000,0,0,1411913349,1252,1,1252,-11,0,9,41
1,700,82.800000,22.608000,0,0,1411913355,1253,1,1253,-11,0,9,41
1,700,82.800000,22.608000,0,0,1411913360,1254,1,1254,-11,0,9,41
1,700,82.800000,22.608000,0,0,1411913366,1255,1,1255,-11,0,9,41
1,700,82.800000,22.608000,0,0,1411913372,1256,2,1256,-10,0,9,41
1,700,82.800000,22.608000,0,0,1411913378,1258,2,1258,-10,0,9,41
1,700,82.800000,22.608000,0,0,1411913384,1260,2,1260,-10,0,9,41
1,700,82.800000,22.608000,0,0,1411913390,1263,3,1263,-9,0,9,41
1,700,82.800000,22.608000,0,0,1411913396,1266,4,1266,-8,0,9,41
1,700,82.800000,22.608000,0,0,1411913401,1270,5,1270,-7,0,9,41
1,700,82.800000,22.608000,0,0,1411913407,1276,6,1276,-6,0,9,41
1,700,82.800000,22.608000,0,0,1411913413,1282,7,1282,-5,0,9,41
1,700,82.800000,22.608000,0,0,1411913418,1288,8,1288,-4,0,9,41
1,700,82.800000,22.608000,0,0,1411913424,1295,8,1295,-4,0,9,41
1,700,82.800000,22.608000,0,0,1411913430,1302,8,1302,-4,0,9,41
1,700,82.800000,22.608000,0,0,1411913436,1308,8,1308,-4,0,9,41
1,700,82.800000,22.608000,0,0,1411913441,1313,9,1313,-3,0,9,41
1,700,82.800000,22.608000,0,0,1411913447,1318,9,1318,-3,0,9,41
1,700,82.800000,22.608000,0,0,1411913453,1322,9,1322,-3,0,9,41
1,700,82.800000,22.608000,0,0,1411913459,1326,9,1326,-3,0,9,41
1,700,82.800000,22.608000,0,0,1411913465,1329,9,1329,-3,0,9,41
1,700,82.800000,22.608000,0,0,1411913470,1330,9,1330,-3,0,9,41
1,700,82.800000,22.608000,0,0,1411913476,1331,9,1331,-3,0,9,41
1,700,82.800000,22.608000,0,0,1411913481,1332,9,1332,-3,0,9,41
1,700,82.800000,22.608000,0,0,1411913487,1333,9,1333,-3,0,9,41
1,700,82.800000,22.608000,0,0,1411913492,1334,9,1334,-3,0,9,41
1,700,82.800000,22.608000,0,0,1411913498,1334,9,1334,-3,0,9,41
1,700,82.800000,22.608000,0,0,1411913504,1333,9,1333,-3,0,9,41
1,700,82.800000,22.608000,0,0,1411913510,1332,9,1332,-3,0,9,41
1,700,82.800000,22.608000,0,0,1411913515,1332,9,1332,-3,0,9,41
1,700,82.800000,22.608000,0,0,1411913521,1332,9,1332,-3,0,9,41
1,700,82.800000,22.608000,0,0,1411913541,1332,9,1332,-3,0,9,41
