110,360,21.600000,0.000000,0,2,1290027199,782,0,782,0,0,45,4
110,360,21.600000,0.000000,0,2,1290027201,782,0,782,0,0,45,4
110,360,21.600000,0.000000,0,2,1290027207,782,0,782,0,0,45,4
110,360,21.600000,0.000000,0,2,1290027212,782,0,782,0,0,45,4
110,360,21.600000,0.000000,0,2,1290027218,782,0,782,-1,0,45,4
110,360,21.600000,0.000000,0,2,1290027223,782,0,782,-1,0,45,4
110,360,21.600000,0.000000,0,2,1290027229,782,0,782,-1,0,45,4
110,360,21.600000,0.000000,0,2,1290027235,782,0,782,-1,0,45,4
110,360,21.600000,0.000000,0,2,1290027240,782,0,782,-1,0,45,4
110,360,21.600000,0.000000,0,2,1290027246,782,0,782,-1,0,45,4
110,360,21.600000,0.000000,0,2,1290027251,782,0,782,-1,0,45,4
110,360,21.600000,0.000000,0,2,1290027257,782,0,782,-1,0,45,4
110,360,21.600000,0.000000,0,2,1290027263,785,0,785,-2,0,45,4
110,360,21.600000,0.000000,0,2,1290027269,792,0,792,-4,0,45,4
110,360,21.600000,0.000000,0,2,1290027275,802,0,802,-6,0,45,4
110,360,21.600000,0.000000,0,2,1290027280,814,0,814,-8,0,45,4
110,360,21.600000,0.000000,0,2,1290027286,830,0,830,-10,0,45,4
110,360,21.600000,0.000000,0,2,1290027292,851,0,851,-12,0,45,4
110,360,21.600000,0.000000,0,2,1290027298,869,0,869,-14,0,45,4
110,360,21.600000,0.000000,0,2,1290027303,888,0,888,-15,0,45,4
110,360,21.600000,0.000000,0,2,1290027309,913,0,913,-17,0,45,4
110,360,21.600000,0.000000,0,2,1290027315,937,0,937,-19,0,45,4
110,360,21.600000,0.000000,0,2,1290027320,954,0,954,-20,0,45,4
110,360,21.600000,0.000000,0,2,1290027326,977,0,977,-21,0,45,4
110,360,21.600000,0.000000,0,2,1290027332,1000,0,1000,-21,0,45,4
110,360,21.600000,0.000000,0,2,1290027338,1013,0,1013,-22,0,45,4
110,360,21.600000,0.000000,0,2,1290027345,1035,0,1035,-23,0,45,4
110,360,21.600000,0.000000,0,2,1290027352,1061,0,1061,-24,0,45,4
110,360,21.600000,0.000000,0,2,1290027358,1076,0,1076,-25,0,45,4
110,360,21.600000,0.000000,0,2,1290027364,1090,0,1090,-27,0,45,4
110,360,21.600000,0.000000,0,2,1290027370,1096,0,1096,-28,0,45,4
110,360,21.600000,0.000000,0,2,1290027375,1101,0,1101,-29,0,45,4
110,360,21.600000,0.000000,0,2,1290027381,1103,0,1103,-30,0,45,4
110,360,21.600000,0.000000,0,2,1290027388,1106,0,1106,-32,0,45,4
110,360,21.600000,0.000000,0,2,1290027393,1106,0,1106,-33,0,45,4
110,360,21.600000,0.000000,0,2,1290027399,1106,0,1106,-35,0,45,4
110,360,21.600000,0.000000,0,2,1290027405,1106,0,1106,-36,0,45,4
110,360,21.600000,0.000000,0,2,1290027412,1105,0,1105,-38,0,45,4
110,360,21.600000,0.000000,0,2,1290027418,1101,0,1101,-40,0,45,4
110,360,21.600000,0.000000,0,2,1290027423,1098,0,1098,-41,0,45,4
110,360,21.600000,0.000000,0,2,1290027429,1096,0,1096,-42,0,45,4
110,360,21.600000,0.000000,0,2,1290027435,1095,0,1095,-43,0,45,4
110,360,21.600000,0.000000,0,2,1290027441,1094,0,1094,-43,0,45,4
110,360,21.600000,0.000000,0,2,1290027447,1093,0,1093,-43,0,45,4
110,360,21.600000,0.000000,0,2,1290027452,1092,0,1092,-43,0,45,4
110,360,21.600000,0.000000,0,2,1290027458,1092,0,1092,-43,0,45,4
110,360,21.600000,0.000000,0,2,1290027463,1092,0,1092,-43,0,45,4
110,360,21.600000,0.000000,0,2,1290027469,1092,0,1092,-43,0,45,4
110,360,21.600000,0.000000,0,2,1290027475,1092,0,1092,-43,0,45,4
110,360,21.600000,0.000000,0,2,1290027480,1092,0,1092,-43,0,45,4
110,360,21.600000,0.000000,0,2,1290027486,1092,0,1092,-43,0,45,4
110,360,21.600000,0.000000,0,2,1290027491,1092,0,1092,-43,0,45,4
110,360,21.600000,0.000000,0,2,1290027497,1092,0,1092,-43,0,45,4
110,360,21.600000,0.000000,0,2,1290027503,1092,0,1092,-43,0,45,4
110,360,21.600000,0.000000,0,2,1290027508,1092,0,1092,-43,0,45,4
110,360,21.600000,0.000000,0,2,1290027514,1092,0,1092,-43,0,45,4
110,360,21.600000,0.000000,0,2,1290027519,1092,0,1092,-43,0,45,4
110,360,21.600000,0.000000,0,2,1290027525,1092,0,1092,-43,0,45,4
110,360,21.600000,0.000000,0,2,1290027530,1092,0,1092,-43,0,45,4
110,360,21.600000,0.000000,0,2,1290027536,1092,0,1092,-43,0,45,4
110,360,21.600000,0.000000,0,2,1290027541,1092,0,1092,-43,0,45,4
110,360,21.600000,0.000000,0,2,1290027547,1092,0,1092,-44,0,45,4
110,360,21.600000,0.000000,0,2,1290027553,1093,0,1093,-44,0,45,4
110,360,21.600000,0.000000,0,2,1290027559,1096,0,1096,-46,0,45,4
110,360,21.600000,0.000000,0,2,1290027565,1100,0,1100,-48,0,45,4
110,360,21.600000,0.000000,0,2,1290027570,1104,0,1104,-50,0,45,4
110,360,21.600000,0.000000,0,2,1290027576,1107,0,1107,-51,0,45,4
110,360,21.600000,0.000000,0,2,1290027581,1110,0,1110,-52,0,45,4
110,360,21.600000,0.000000,0,2,1290027587,1113,0,1113,-53,0,45,4
110,360,21.600000,0.000000,0,2,1290027592,1117,0,1117,-54,0,45,4
110,360,21.600000,0.000000,0,2,1290027598,1120,0,1120,-55,0,45,4
110,360,21.600000,0.000000,0,2,1290027604,1124,0,1124,-56,0,45,4
110,360,21.600000,0.000000,0,2,1290027610,1128,0,1128,-58,0,45,4
110,360,21.600000,0.000000,0,2,1290027615,1131,0,1131,-59,0,45,4
110,360,21.600000,0.000000,0,2,1290027621,1132,0,1132,-60,0,45,4
110,360,21.600000,0.000000,0,2,1290027629,1133,0,1133,-61,0,45,4
110,360,21.600000,0.000000,0,2,1290027634,1135,0,1135,-62,0,45,4
110,360,21.600000,0.000000,0,2,1290027639,1135,0,1135,-62,0,45,4
110,360,21.600000,0.000000,0,2,1290027645,1135,0,1135,-62,0,45,4
110,360,21.600000,0.000000,0,2,1290027651,1135,0,1135,-62,0,45,4
110,360,21.600000,0.000000,0,2,1290027657,1135,0,1135,-62,0,45,4
110,360,21.600000,0.000000,0,2,1290027662,1135,0,1135,-62,0,45,4
110,360,21.600000,0.000000,0,2,1290027668,1135,0,1135,-62,0,45,4
110,360,21.600000,0.000000,0,2,1290027674,1135,0,1135,-62,0,45,4
110,360,21.600000,0.000000,0,2,1290027679,1135,0,1135,-62,0,45,4
110,360,21.600000,0.000000,0,2,1290027685,1135,0,1135,-62,0,45,4
110,360,21.600000,0.000000,0,2,1290027691,1135,0,1135,-62,0,45,4
110,360,21.600000,0.000000,0,2,1290027696,1135,0,1135,-62,0,45,4
110,360,21.600000,0.000000,0,2,1290027703,1135,0,1135,-62,0,45,4
110,360,21.600000,0.000000,0,2,1290027709,1135,0,1135,-62,0,45,4
110,360,21.600000,0.000000,0,2,1290027714,1135,0,1135,-62,0,45,4
110,360,21.600000,0.000000,0,2,1290027720,1135,0,1135,-62,0,45,4
110,360,21.600000,0.000000,0,2,1290027726,1135,0,1135,-62,0,45,4
110,360,21.600000,0.000000,0,2,1290027731,1135,0,1135,-62,0,45,4
110,360,21.600000,0.000000,0,2,1290027737,1135,0,1135,-62,0,45,4
110,360,21.600000,0.000000,0,2,1290027742,1135,0,1135,-62,0,45,4
110,360,21.600000,0.000000,0,2,1290027748,1135,0,1135,-62,0,45,4
110,360,21.600000,0.000000,0,2,1290027753,1135,0,1135,-62,0,45,4
110,360,21.600000,0.000000,0,2,1290027759,1135,0,1135,-62,0,45,4
110,360,21.600000,0.000000,0,2,1290027764,1135,0,1135,-63,0,45,4
110,360,21.600000,0.000000,0,2,1290027770,1135,0,1135,-64,0,45,4
110,360,21.600000,0.000000,0,2,1290027775,1135,0,1135,-64,0,45,4
110,360,21.600000,0.000000,0,2,1290027781,1135,0,1135,-64,0,45,4
110,360,21.600000,0.000000,0,2,1290027787,1135,0,1135,-64,0,45,4
110,360,21.600000,0.000000,0,2,1290027792,1135,0,1135,-64,0,45,4
110,360,21.600000,0.000000,0,2,1290027798,1135,0,1135,-64,0,45,4
110,360,21.600000,0.000000,0,2,1290027803,1135,0,1135,-64,0,45,4
110,360,21.600000,0.000000,0,2,1290027809,1135,0,1135,-64,0,45,4
110,360,21.600000,0.000000,0,2,1290027815,1135,0,1135,-64,0,45,4
110,360,21.600000,0.000000,0,2,1290027827,1135,0,1135,-64,0,45,4
