110,360,21.600000,0.000000,0,2,1290161156,784,0,784,0,0,60,1
110,360,21.600000,0.000000,0,2,1290161157,784,0,784,0,0,60,1
110,360,21.600000,0.000000,0,2,1290161163,784,0,784,0,0,60,1
110,360,21.600000,0.000000,0,2,1290161168,784,0,784,0,0,60,1
110,360,21.600000,0.000000,0,2,1290161174,784,0,784,0,0,60,1
110,360,21.600000,0.000000,0,2,1290161180,784,0,784,0,0,60,1
110,360,21.600000,0.000000,0,2,1290161185,784,0,784,0,0,60,1
110,360,21.600000,0.000000,0,2,1290161191,784,0,784,0,0,60,1
110,360,21.600000,0.000000,0,2,1290161197,784,0,784,0,0,60,1
110,360,21.600000,0.000000,0,2,1290161202,784,0,784,0,0,60,1
110,360,21.600000,0.000000,0,2,1290161207,784,0,784,0,0,60,1
110,360,21.600000,0.000000,0,2,1290161213,784,0,784,0,0,60,1
110,360,21.600000,0.000000,0,2,1290161218,784,0,784,0,0,60,1
110,360,21.600000,0.000000,0,2,1290161224,784,0,784,0,0,60,1
110,360,21.600000,0.000000,0,2,1290161230,784,0,784,0,0,60,1
110,360,21.600000,0.000000,0,2,1290161236,788,0,788,0,0,60,1
110,360,21.600000,0.000000,0,2,1290161242,798,1,798,1,0,60,1
110,360,21.600000,0.000000,0,2,1290161248,809,1,809,1,0,60,1
110,360,21.600000,0.000000,0,2,1290161253,826,1,826,1,0,60,1
110,360,21.600000,0.000000,0,2,1290161259,848,1,848,1,0,60,1
110,360,21.600000,0.000000,0,2,1290161265,869,1,869,1,0,60,1
110,360,21.600000,0.000000,0,2,1290161271,903,1,903,1,0,60,1
110,360,21.600000,0.000000,0,2,1290161277,938,1,938,1,0,60,1
110,360,21.600000,0.000000,0,2,1290161282,964,1,964,1,0,60,1
110,360,21.600000,0.000000,0,2,1290161288,990,0,990,0,0,60,1
110,360,21.600000,0.000000,0,2,1290161294,1024,0,1024,-3,0,60,1
110,360,21.600000,0.000000,0,2,1290161300,1058,0,1058,-6,0,60,1
110,360,21.600000,0.000000,0,2,1290161306,1084,0,1084,-8,0,60,1
110,360,21.600000,0.000000,0,2,1290161311,1115,0,1115,-12,0,60,1
110,360,21.600000,0.000000,0,2,1290161318,1149,0,1149,-17,0,60,1
110,360,21.600000,0.000000,0,2,1290161323,1178,0,1178,-21,0,60,1
110,360,21.600000,0.000000,0,2,1290161329,1198,0,1198,-24,0,60,1
110,360,21.600000,0.000000,0,2,1290161335,1214,0,1214,-27,0,60,1
110,360,21.600000,0.000000,0,2,1290161340,1225,0,1225,-29,0,60,1
110,360,21.600000,0.000000,0,2,1290161346,1233,0,1233,-31,0,60,1
110,360,21.600000,0.000000,0,2,1290161352,1236,0,1236,-32,0,60,1
110,360,21.600000,0.000000,0,2,1290161358,1237,0,1237,-32,0,60,1
110,360,21.600000,0.000000,0,2,1290161363,1237,0,1237,-33,0,60,1
110,360,21.600000,0.000000,0,2,1290161369,1237,0,1237,-33,0,60,1
110,360,21.600000,0.000000,0,2,1290161375,1235,0,1235,-34,0,60,1
110,360,21.600000,0.000000,0,2,1290161382,1230,0,1230,-36,0,60,1
110,360,21.600000,0.000000,0,2,1290161387,1215,0,1215,-40,0,60,1
110,360,21.600000,0.000000,0,2,1290161393,1207,0,1207,-41,0,60,1
110,360,21.600000,0.000000,0,2,1290161398,1202,0,1202,-42,0,60,1
110,360,21.600000,0.000000,0,2,1290161404,1195,0,1195,-42,0,60,1
110,360,21.600000,0.000000,0,2,1290161410,1189,0,1189,-42,0,60,1
110,360,21.600000,0.000000,0,2,1290161415,1186,0,1186,-43,0,60,1
110,360,21.600000,0.000000,0,2,1290161421,1184,0,1184,-43,0,60,1
110,360,21.600000,0.000000,0,2,1290161427,1183,0,1183,-44,0,60,1
110,360,21.600000,0.000000,0,2,1290161433,1182,0,1182,-45,0,60,1
110,360,21.600000,0.000000,0,2,1290161438,1182,0,1182,-45,0,60,1
110,360,21.600000,0.000000,0,2,1290161444,1181,0,1181,-45,0,60,1
110,360,21.600000,0.000000,0,2,1290161450,1180,0,1180,-45,0,60,1
110,360,21.600000,0.000000,0,2,1290161455,1180,0,1180,-45,0,60,1
110,360,21.600000,0.000000,0,2,1290161461,1179,0,1179,-46,0,60,1
110,360,21.600000,0.000000,0,2,1290161467,1178,0,1178,-47,0,60,1
110,360,21.600000,0.000000,0,2,1290161474,1176,0,1176,-48,0,60,1
110,360,21.600000,0.000000,0,2,1290161480,1174,0,1174,-49,0,60,1
110,360,21.600000,0.000000,0,2,1290161485,1173,0,1173,-50,0,60,1
110,360,21.600000,0.000000,0,2,1290161491,1172,0,1172,-51,0,60,1
110,360,21.600000,0.000000,0,2,1290161497,1170,0,1170,-51,0,60,1
110,360,21.600000,0.000000,0,2,1290161502,1168,0,1168,-51,0,60,1
110,360,21.600000,0.000000,0,2,1290161508,1167,0,1167,-52,0,60,1
110,360,21.600000,0.000000,0,2,1290161513,1165,0,1165,-53,0,60,1
110,360,21.600000,0.000000,0,2,1290161519,1164,0,1164,-54,0,60,1
110,360,21.600000,0.000000,0,2,1290161524,1163,0,1163,-55,0,60,1
110,360,21.600000,0.000000,0,2,1290161530,1162,0,1162,-56,0,60,1
110,360,21.600000,0.000000,0,2,1290161536,1161,0,1161,-56,0,60,1
110,360,21.600000,0.000000,0,2,1290161541,1160,0,1160,-56,0,60,1
110,360,21.600000,0.000000,0,2,1290161547,1159,0,1159,-57,0,60,1
110,360,21.600000,0.000000,0,2,1290161553,1158,0,1158,-58,0,60,1
110,360,21.600000,0.000000,0,2,1290161558,1157,0,1157,-59,0,60,1
110,360,21.600000,0.000000,0,2,1290161564,1156,0,1156,-60,0,60,1
110,360,21.600000,0.000000,0,2,1290161570,1155,0,1155,-61,0,60,1
110,360,21.600000,0.000000,0,2,1290161575,1154,0,1154,-62,0,60,1
110,360,21.600000,0.000000,0,2,1290161580,1153,0,1153,-63,0,60,1
110,360,21.600000,0.000000,0,2,1290161586,1153,0,1153,-63,0,60,1
110,360,21.600000,0.000000,0,2,1290161592,1152,0,1152,-63,0,60,1
110,360,21.600000,0.000000,0,2,1290161597,1151,0,1151,-63,0,60,1
110,360,21.600000,0.000000,0,2,1290161603,1151,0,1151,-63,0,60,1
110,360,21.600000,0.000000,0,2,1290161608,1151,0,1151,-63,0,60,1
110,360,21.600000,0.000000,0,2,1290161614,1151,0,1151,-63,0,60,1
110,360,21.600000,0.000000,0,2,1290161619,1151,0,1151,-63,0,60,1
110,360,21.600000,0.000000,0,2,1290161625,1151,0,1151,-63,0,60,1
110,360,21.600000,0.000000,0,2,1290161631,1151,0,1151,-63,0,60,1
110,360,21.600000,0.000000,0,2,1290161636,1151,0,1151,-63,0,60,1
110,360,21.600000,0.000000,0,2,1290161641,1151,0,1151,-63,0,60,1
110,360,21.600000,0.000000,0,2,1290161647,1151,0,1151,-63,0,60,1
110,360,21.600000,0.000000,0,2,1290161652,1150,0,1150,-63,0,60,1
110,360,21.600000,0.000000,0,2,1290161658,1149,0,1149,-64,0,60,1
110,360,21.600000,0.000000,0,2,1290161664,1148,0,1148,-65,0,60,1
110,360,21.600000,0.000000,0,2,1290161669,1148,0,1148,-65,0,60,1
110,360,21.600000,0.000000,0,2,1290161675,1148,0,1148,-65,0,60,1
110,360,21.600000,0.000000,0,2,1290161681,1148,0,1148,-65,0,60,1
110,360,21.600000,0.000000,0,2,1290161687,1148,0,1148,-65,0,60,1
110,360,21.600000,0.000000,0,2,1290161692,1148,0,1148,-65,0,60,1
110,360,21.600000,0.000000,0,2,1290161698,1148,0,1148,-65,0,60,1
110,360,21.600000,0.000000,0,2,1290161704,1148,0,1148,-65,0,60,1
110,360,21.600000,0.000000,0,2,1290161709,1148,0,1148,-65,0,60,1
110,360,21.600000,0.000000,0,2,1290161715,1148,0,1148,-65,0,60,1
110,360,21.600000,0.000000,0,2,1290161720,1148,0,1148,-65,0,60,1
110,360,21.600000,0.000000,0,2,1290161725,1148,0,1148,-65,0,60,1
110,360,21.600000,0.000000,0,2,1290161731,1148,0,1148,-65,0,60,1
110,360,21.600000,0.000000,0,2,1290161737,1148,0,1148,-65,0,60,1
110,360,21.600000,0.000000,0,2,1290161742,1148,0,1148,-65,0,60,1
110,360,21.600000,0.000000,0,2,1290161748,1148,0,1148,-65,0,60,1
110,360,21.600000,0.000000,0,2,1290161766,1148,0,1148,-65,0,60,1
