110,360,21.600000,10000.000000,0,0,1290483406,791,0,791,0,0,93,1
110,360,21.600000,10000.000000,0,0,1290483407,791,0,791,0,0,93,1
110,360,21.600000,10000.000000,0,0,1290483413,791,0,791,0,0,93,1
110,360,21.600000,10000.000000,0,0,1290483419,791,0,791,0,0,93,1
110,360,21.600000,10000.000000,0,0,1290483424,791,0,791,0,0,93,1
110,360,21.600000,10000.000000,0,0,1290483430,791,0,791,0,0,93,1
110,360,21.600000,10000.000000,0,0,1290483435,791,0,791,0,0,93,1
110,360,21.600000,10000.000000,0,0,1290483441,791,0,791,0,0,93,1
110,360,21.600000,10000.000000,0,0,1290483446,791,0,791,0,0,93,1
110,360,21.600000,10000.000000,0,0,1290483452,791,0,791,0,0,93,1
110,360,21.600000,10000.000000,0,0,1290483457,791,0,791,0,0,93,1
110,360,21.600000,10000.000000,0,0,1290483463,791,0,791,0,0,93,1
110,360,21.600000,10000.000000,0,0,1290483469,791,0,791,0,0,93,1
110,360,21.600000,10000.000000,0,0,1290483474,791,0,791,0,0,93,1
110,360,21.600000,10000.000000,0,0,1290483479,791,0,791,0,0,93,1
110,360,21.600000,10000.000000,0,0,1290483485,791,0,791,0,0,93,1
110,360,21.600000,10000.000000,0,0,1290483491,793,0,793,0,0,93,1
110,360,21.600000,10000.000000,0,0,1290483496,797,0,797,-1,0,93,1
110,360,21.600000,10000.000000,0,0,1290483502,802,0,802,-2,0,93,1
110,360,21.600000,10000.000000,0,0,1290483508,807,0,807,-3,0,93,1
110,360,21.600000,10000.000000,0,0,1290483513,817,0,817,-4,0,93,1
110,360,21.600000,10000.000000,0,0,1290483519,830,0,830,-6,0,93,1
110,360,21.600000,10000.000000,0,0,1290483525,844,0,844,-7,0,93,1
110,360,21.600000,10000.000000,0,0,1290483530,859,0,859,-8,0,93,1
110,360,21.600000,10000.000000,0,0,1290483535,880,0,880,-10,0,93,1
110,360,21.600000,10000.000000,0,0,1290483541,901,0,901,-12,0,93,1
110,360,21.600000,10000.000000,0,0,1290483547,923,0,923,-14,0,93,1
110,360,21.600000,10000.000000,0,0,1290483553,949,0,949,-16,0,93,1
110,360,21.600000,10000.000000,0,0,1290483558,974,0,974,-18,0,93,1
110,360,21.600000,10000.000000,0,0,1290483564,1000,0,1000,-20,0,93,1
110,360,21.600000,10000.000000,0,0,1290483570,1026,0,1026,-22,0,93,1
110,360,21.600000,10000.000000,0,0,1290483576,1051,0,1051,-24,0,93,1
110,360,21.600000,10000.000000,0,0,1290483581,1074,0,1074,-25,0,93,1
110,360,21.600000,10000.000000,0,0,1290483587,1096,0,1096,-27,0,93,1
110,360,21.600000,10000.000000,0,0,1290483592,1113,0,1113,-28,0,93,1
110,360,21.600000,10000.000000,0,0,1290483598,1129,0,1129,-29,0,93,1
110,360,21.600000,10000.000000,0,0,1290483603,1141,0,1141,-30,0,93,1
110,360,21.600000,10000.000000,0,0,1290483609,1149,0,1149,-31,0,93,1
110,360,21.600000,10000.000000,0,0,1290483615,1154,0,1154,-32,0,93,1
110,360,21.600000,10000.000000,0,0,1290483620,1157,0,1157,-32,0,93,1
110,360,21.600000,10000.000000,0,0,1290483626,1160,0,1160,-32,0,93,1
110,360,21.600000,10000.000000,0,0,1290483632,1160,0,1160,-32,0,93,1
110,360,21.600000,10000.000000,0,0,1290483638,1160,0,1160,-32,0,93,1
110,360,21.600000,10000.000000,0,0,1290483644,1160,0,1160,-32,0,93,1
110,360,21.600000,10000.000000,0,0,1290483649,1160,0,1160,-33,0,93,1
110,360,21.600000,10000.000000,0,0,1290483655,1160,0,1160,-34,0,93,1
110,360,21.600000,10000.000000,0,0,1290483660,1159,0,1159,-35,0,93,1
110,360,21.600000,10000.000000,0,0,1290483666,1158,0,1158,-36,0,93,1
110,360,21.600000,10000.000000,0,0,1290483672,1157,0,1157,-36,0,93,1
110,360,21.600000,10000.000000,0,0,1290483677,1156,0,1156,-36,0,93,1
110,360,21.600000,10000.000000,0,0,1290483683,1155,0,1155,-36,0,93,1
110,360,21.600000,10000.000000,0,0,1290483689,1154,0,1154,-37,0,93,1
110,360,21.600000,10000.000000,0,0,1290483695,1153,0,1153,-38,0,93,1
110,360,21.600000,10000.000000,0,0,1290483700,1153,0,1153,-38,0,93,1
110,360,21.600000,10000.000000,0,0,1290483705,1153,0,1153,-38,0,93,1
110,360,21.600000,10000.000000,0,0,1290483711,1153,0,1153,-38,0,93,1
110,360,21.600000,10000.000000,0,0,1290483716,1152,0,1152,-38,0,93,1
110,360,21.600000,10000.000000,0,0,1290483722,1151,0,1151,-38,0,93,1
110,360,21.600000,10000.000000,0,0,1290483728,1151,0,1151,-39,0,93,1
110,360,21.600000,10000.000000,0,0,1290483733,1151,0,1151,-40,0,93,1
110,360,21.600000,10000.000000,0,0,1290483739,1150,0,1150,-40,0,93,1
110,360,21.600000,10000.000000,0,0,1290483744,1149,0,1149,-40,0,93,1
110,360,21.600000,10000.000000,0,0,1290483750,1149,0,1149,-40,0,93,1
110,360,21.600000,10000.000000,0,0,1290483755,1149,0,1149,-40,0,93,1
110,360,21.600000,10000.000000,0,0,1290483761,1149,0,1149,-40,0,93,1
110,360,21.600000,10000.000000,0,0,1290483766,1149,0,1149,-40,0,93,1
110,360,21.600000,10000.000000,0,0,1290483772,1149,0,1149,-40,0,93,1
110,360,21.600000,10000.000000,0,0,1290483778,1149,0,1149,-40,0,93,1
110,360,21.600000,10000.000000,0,0,1290483783,1149,0,1149,-40,0,93,1
110,360,21.600000,10000.000000,0,0,1290483789,1149,0,1149,-40,0,93,1
110,360,21.600000,10000.000000,0,0,1290483794,1149,0,1149,-40,0,93,1
110,360,21.600000,10000.000000,0,0,1290483800,1149,0,1149,-40,0,93,1
110,360,21.600000,10000.000000,0,0,1290483805,1149,0,1149,-40,0,93,1
110,360,21.600000,10000.000000,0,0,1290483811,1149,0,1149,-40,0,93,1
110,360,21.600000,10000.000000,0,0,1290483817,1149,0,1149,-40,0,93,1
110,360,21.600000,10000.000000,0,0,1290483822,1149,0,1149,-40,0,93,1
110,360,21.600000,10000.000000,0,0,1290483828,1149,0,1149,-40,0,93,1
110,360,21.600000,10000.000000,0,0,1290483834,1149,0,1149,-40,0,93,1
110,360,21.600000,10000.000000,0,0,1290483839,1149,0,1149,-40,0,93,1
110,360,21.600000,10000.000000,0,0,1290483844,1149,0,1149,-40,0,93,1
110,360,21.600000,10000.000000,0,0,1290483850,1149,0,1149,-40,0,93,1
110,360,21.600000,10000.000000,0,0,1290483855,1149,0,1149,-40,0,93,1
110,360,21.600000,10000.000000,0,0,1290483861,1148,0,1148,-40,0,93,1
110,360,21.600000,10000.000000,0,0,1290483866,1147,0,1147,-40,0,93,1
110,360,21.600000,10000.000000,0,0,1290483872,1146,0,1146,-40,0,93,1
110,360,21.600000,10000.000000,0,0,1290483878,1145,0,1145,-41,0,93,1
110,360,21.600000,10000.000000,0,0,1290483883,1144,0,1144,-41,0,93,1
110,360,21.600000,10000.000000,0,0,1290483889,1143,0,1143,-42,0,93,1
110,360,21.600000,10000.000000,0,0,1290483894,1142,0,1142,-43,0,93,1
110,360,21.600000,10000.000000,0,0,1290483900,1141,0,1141,-43,0,93,1
110,360,21.600000,10000.000000,0,0,1290483906,1140,0,1140,-44,0,93,1
110,360,21.600000,10000.000000,0,0,1290483912,1139,0,1139,-45,0,93,1
110,360,21.600000,10000.000000,0,0,1290483917,1138,0,1138,-46,0,93,1
110,360,21.600000,10000.000000,0,0,1290483923,1137,0,1137,-47,0,93,1
110,360,21.600000,10000.000000,0,0,1290483929,1135,0,1135,-48,0,93,1
110,360,21.600000,10000.000000,0,0,1290483934,1134,0,1134,-48,0,93,1
110,360,21.600000,10000.000000,0,0,1290483940,1134,0,1134,-49,0,93,1
110,360,21.600000,10000.000000,0,0,1290483945,1134,0,1134,-49,0,93,1
110,360,21.600000,10000.000000,0,0,1290483951,1134,0,1134,-49,0,93,1
110,360,21.600000,10000.000000,0,0,1290483965,1134,0,1134,-49,0,93,1
