110,360,21.600000,10000.000000,0,0,1290642041,784,0,784,0,0,109,2
110,360,21.600000,10000.000000,0,0,1290642043,784,0,784,0,0,109,2
110,360,21.600000,10000.000000,0,0,1290642048,784,0,784,0,0,109,2
110,360,21.600000,10000.000000,0,0,1290642054,784,0,784,0,0,109,2
110,360,21.600000,10000.000000,0,0,1290642060,784,0,784,0,0,109,2
110,360,21.600000,10000.000000,0,0,1290642066,785,0,785,0,0,109,2
110,360,21.600000,10000.000000,0,0,1290642072,786,0,786,0,0,109,2
110,360,21.600000,10000.000000,0,0,1290642077,786,0,786,0,0,109,2
110,360,21.600000,10000.000000,0,0,1290642082,786,0,786,0,0,109,2
110,360,21.600000,10000.000000,0,0,1290642088,787,0,787,0,0,109,2
110,360,21.600000,10000.000000,0,0,1290642094,787,0,787,0,0,109,2
110,360,21.600000,10000.000000,0,0,1290642100,791,0,791,0,0,109,2
110,360,21.600000,10000.000000,0,0,1290642108,798,0,798,-1,0,109,2
110,360,21.600000,10000.000000,0,0,1290642114,815,0,815,-3,0,109,2
110,360,21.600000,10000.000000,0,0,1290642120,830,0,830,-4,0,109,2
110,360,21.600000,10000.000000,0,0,1290642126,846,0,846,-5,0,109,2
110,360,21.600000,10000.000000,0,0,1290642131,868,0,868,-6,0,109,2
110,360,21.600000,10000.000000,0,0,1290642137,886,0,886,-6,0,109,2
110,360,21.600000,10000.000000,0,0,1290642143,908,0,908,-6,0,109,2
110,360,21.600000,10000.000000,0,0,1290642149,924,0,924,-6,0,109,2
110,360,21.600000,10000.000000,0,0,1290642154,948,0,948,-6,0,109,2
110,360,21.600000,10000.000000,0,0,1290642160,970,0,970,-6,0,109,2
110,360,21.600000,10000.000000,0,0,1290642166,992,0,992,-6,0,109,2
110,360,21.600000,10000.000000,0,0,1290642171,1014,0,1014,-6,0,109,2
110,360,21.600000,10000.000000,0,0,1290642177,1036,0,1036,-6,0,109,2
110,360,21.600000,10000.000000,0,0,1290642183,1053,0,1053,-6,0,109,2
110,360,21.600000,10000.000000,0,0,1290642188,1072,0,1072,-6,0,109,2
110,360,21.600000,10000.000000,0,0,1290642194,1082,0,1082,-6,0,109,2
110,360,21.600000,10000.000000,0,0,1290642200,1089,0,1089,-6,0,109,2
110,360,21.600000,10000.000000,0,0,1290642205,1093,0,1093,-6,0,109,2
110,360,21.600000,10000.000000,0,0,1290642211,1095,0,1095,-6,0,109,2
110,360,21.600000,10000.000000,0,0,1290642216,1097,0,1097,-6,0,109,2
110,360,21.600000,10000.000000,0,0,1290642222,1099,0,1099,-6,0,109,2
110,360,21.600000,10000.000000,0,0,1290642227,1099,0,1099,-6,0,109,2
110,360,21.600000,10000.000000,0,0,1290642233,1099,0,1099,-6,0,109,2
110,360,21.600000,10000.000000,0,0,1290642238,1099,0,1099,-6,0,109,2
110,360,21.600000,10000.000000,0,0,1290642244,1099,0,1099,-6,0,109,2
110,360,21.600000,10000.000000,0,0,1290642250,1098,0,1098,-7,0,109,2
110,360,21.600000,10000.000000,0,0,1290642255,1097,0,1097,-8,0,109,2
110,360,21.600000,10000.000000,0,0,1290642261,1096,0,1096,-8,0,109,2
110,360,21.600000,10000.000000,0,0,1290642267,1095,0,1095,-8,0,109,2
110,360,21.600000,10000.000000,0,0,1290642274,1094,0,1094,-8,0,109,2
110,360,21.600000,10000.000000,0,0,1290642279,1094,0,1094,-8,0,109,2
110,360,21.600000,10000.000000,0,0,1290642285,1094,0,1094,-8,0,109,2
110,360,21.600000,10000.000000,0,0,1290642291,1094,0,1094,-9,0,109,2
110,360,21.600000,10000.000000,0,0,1290642296,1094,0,1094,-10,0,109,2
110,360,21.600000,10000.000000,0,0,1290642302,1094,0,1094,-11,0,109,2
110,360,21.600000,10000.000000,0,0,1290642308,1094,0,1094,-12,0,109,2
110,360,21.600000,10000.000000,0,0,1290642313,1094,0,1094,-12,0,109,2
110,360,21.600000,10000.000000,0,0,1290642319,1094,0,1094,-12,0,109,2
110,360,21.600000,10000.000000,0,0,1290642324,1095,0,1095,-12,0,109,2
110,360,21.600000,10000.000000,0,0,1290642330,1096,0,1096,-12,0,109,2
110,360,21.600000,10000.000000,0,0,1290642336,1099,0,1099,-13,0,109,2
110,360,21.600000,10000.000000,0,0,1290642342,1103,0,1103,-14,0,109,2
110,360,21.600000,10000.000000,0,0,1290642348,1107,0,1107,-14,0,109,2
110,360,21.600000,10000.000000,0,0,1290642353,1112,0,1112,-16,0,109,2
110,360,21.600000,10000.000000,0,0,1290642359,1118,0,1118,-17,0,109,2
110,360,21.600000,10000.000000,0,0,1290642365,1123,0,1123,-18,0,109,2
110,360,21.600000,10000.000000,0,0,1290642371,1129,0,1129,-19,0,109,2
110,360,21.600000,10000.000000,0,0,1290642377,1135,0,1135,-20,0,109,2
110,360,21.600000,10000.000000,0,0,1290642383,1140,0,1140,-21,0,109,2
110,360,21.600000,10000.000000,0,0,1290642389,1145,0,1145,-22,0,109,2
110,360,21.600000,10000.000000,0,0,1290642395,1148,0,1148,-23,0,109,2
110,360,21.600000,10000.000000,0,0,1290642400,1151,0,1151,-24,0,109,2
110,360,21.600000,10000.000000,0,0,1290642407,1153,0,1153,-25,0,109,2
110,360,21.600000,10000.000000,0,0,1290642413,1155,0,1155,-25,0,109,2
110,360,21.600000,10000.000000,0,0,1290642419,1156,0,1156,-25,0,109,2
110,360,21.600000,10000.000000,0,0,1290642425,1157,0,1157,-25,0,109,2
110,360,21.600000,10000.000000,0,0,1290642430,1157,0,1157,-25,0,109,2
110,360,21.600000,10000.000000,0,0,1290642436,1157,0,1157,-25,0,109,2
110,360,21.600000,10000.000000,0,0,1290642442,1157,0,1157,-25,0,109,2
110,360,21.600000,10000.000000,0,0,1290642447,1157,0,1157,-26,0,109,2
110,360,21.600000,10000.000000,0,0,1290642453,1157,0,1157,-27,0,109,2
110,360,21.600000,10000.000000,0,0,1290642458,1157,0,1157,-28,0,109,2
110,360,21.600000,10000.000000,0,0,1290642463,1157,0,1157,-28,0,109,2
110,360,21.600000,10000.000000,0,0,1290642469,1157,0,1157,-28,0,109,2
110,360,21.600000,10000.000000,0,0,1290642475,1157,0,1157,-28,0,109,2
110,360,21.600000,10000.000000,0,0,1290642481,1157,0,1157,-29,0,109,2
110,360,21.600000,10000.000000,0,0,1290642487,1156,0,1156,-29,0,109,2
110,360,21.600000,10000.000000,0,0,1290642492,1156,0,1156,-29,0,109,2
110,360,21.600000,10000.000000,0,0,1290642497,1156,0,1156,-29,0,109,2
110,360,21.600000,10000.000000,0,0,1290642503,1156,0,1156,-29,0,109,2
110,360,21.600000,10000.000000,0,0,1290642509,1155,0,1155,-30,0,109,2
110,360,21.600000,10000.000000,0,0,1290642514,1154,0,1154,-31,0,109,2
110,360,21.600000,10000.000000,0,0,1290642520,1153,0,1153,-32,0,109,2
110,360,21.600000,10000.000000,0,0,1290642525,1153,0,1153,-33,0,109,2
110,360,21.600000,10000.000000,0,0,1290642531,1153,0,1153,-34,0,109,2
110,360,21.600000,10000.000000,0,0,1290642537,1152,0,1152,-34,0,109,2
110,360,21.600000,10000.000000,0,0,1290642543,1152,0,1152,-34,0,109,2
110,360,21.600000,10000.000000,0,0,1290642548,1152,0,1152,-35,0,109,2
110,360,21.600000,10000.000000,0,0,1290642554,1152,0,1152,-36,0,109,2
110,360,21.600000,10000.000000,0,0,1290642560,1151,0,1151,-36,0,109,2
110,360,21.600000,10000.000000,0,0,1290642565,1151,0,1151,-37,0,109,2
110,360,21.600000,10000.000000,0,0,1290642571,1150,0,1150,-38,0,109,2
110,360,21.600000,10000.000000,0,0,1290642577,1150,0,1150,-38,0,109,2
110,360,21.600000,10000.000000,0,0,1290642582,1150,0,1150,-39,0,109,2
110,360,21.600000,10000.000000,0,0,1290642587,1150,0,1150,-40,0,109,2
110,360,21.600000,10000.000000,0,0,1290642593,1150,0,1150,-40,0,109,2
110,360,21.600000,10000.000000,0,0,1290642599,1149,0,1149,-41,0,109,2
110,360,21.600000,10000.000000,0,0,1290642604,1149,0,1149,-42,0,109,2
110,360,21.600000,10000.000000,0,0,1290642610,1149,0,1149,-42,0,109,2
110,360,21.600000,10000.000000,0,0,1290642616,1149,0,1149,-42,0,109,2
110,360,21.600000,10000.000000,0,0,1290642621,1149,0,1149,-42,0,109,2
110,360,21.600000,10000.000000,0,0,1290642627,1149,0,1149,-42,0,109,2
110,360,21.600000,10000.000000,0,0,1290642633,1149,0,1149,-43,0,109,2
110,360,21.600000,10000.000000,0,0,1290642650,1149,0,1149,-44,0,109,2
