110,360,21.600000,0.000000,0,0,1290609301,783,0,783,0,0,105,5
110,360,21.600000,0.000000,0,0,1290609303,783,0,783,0,0,105,5
110,360,21.600000,0.000000,0,0,1290609308,783,0,783,0,0,105,5
110,360,21.600000,0.000000,0,0,1290609314,783,0,783,-1,0,105,5
110,360,21.600000,0.000000,0,0,1290609319,783,0,783,-2,0,105,5
110,360,21.600000,0.000000,0,0,1290609325,783,0,783,-3,0,105,5
110,360,21.600000,0.000000,0,0,1290609331,783,0,783,-3,0,105,5
110,360,21.600000,0.000000,0,0,1290609336,783,0,783,-3,0,105,5
110,360,21.600000,0.000000,0,0,1290609342,783,0,783,-3,0,105,5
110,360,21.600000,0.000000,0,0,1290609347,783,0,783,-3,0,105,5
110,360,21.600000,0.000000,0,0,1290609353,783,0,783,-3,0,105,5
110,360,21.600000,0.000000,0,0,1290609358,784,0,784,-4,0,105,5
110,360,21.600000,0.000000,0,0,1290609364,785,0,785,-5,0,105,5
110,360,21.600000,0.000000,0,0,1290609370,790,0,790,-7,0,105,5
110,360,21.600000,0.000000,0,0,1290609377,796,0,796,-9,0,105,5
110,360,21.600000,0.000000,0,0,1290609382,807,0,807,-11,0,105,5
110,360,21.600000,0.000000,0,0,1290609388,815,0,815,-12,0,105,5
110,360,21.600000,0.000000,0,0,1290609394,827,0,827,-13,0,105,5
110,360,21.600000,0.000000,0,0,1290609400,846,0,846,-16,0,105,5
110,360,21.600000,0.000000,0,0,1290609406,862,0,862,-18,0,105,5
110,360,21.600000,0.000000,0,0,1290609411,879,0,879,-20,0,105,5
110,360,21.600000,0.000000,0,0,1290609417,902,0,902,-22,0,105,5
110,360,21.600000,0.000000,0,0,1290609423,928,0,928,-24,0,105,5
110,360,21.600000,0.000000,0,0,1290609429,965,0,965,-26,0,105,5
110,360,21.600000,0.000000,0,0,1290609435,999,0,999,-27,0,105,5
110,360,21.600000,0.000000,0,0,1290609441,1026,0,1026,-28,0,105,5
110,360,21.600000,0.000000,0,0,1290609447,1055,0,1055,-29,0,105,5
110,360,21.600000,0.000000,0,0,1290609452,1084,0,1084,-30,0,105,5
110,360,21.600000,0.000000,0,0,1290609458,1109,0,1109,-31,0,105,5
110,360,21.600000,0.000000,0,0,1290609464,1129,0,1129,-31,0,105,5
110,360,21.600000,0.000000,0,0,1290609470,1146,0,1146,-31,0,105,5
110,360,21.600000,0.000000,0,0,1290609475,1158,0,1158,-31,0,105,5
110,360,21.600000,0.000000,0,0,1290609480,1168,0,1168,-31,0,105,5
110,360,21.600000,0.000000,0,0,1290609486,1173,0,1173,-31,0,105,5
110,360,21.600000,0.000000,0,0,1290609492,1176,0,1176,-31,0,105,5
110,360,21.600000,0.000000,0,0,1290609498,1180,0,1180,-31,0,105,5
110,360,21.600000,0.000000,0,0,1290609503,1184,0,1184,-31,0,105,5
110,360,21.600000,0.000000,0,0,1290609509,1188,0,1188,-31,0,105,5
110,360,21.600000,0.000000,0,0,1290609514,1188,0,1188,-31,0,105,5
110,360,21.600000,0.000000,0,0,1290609520,1188,0,1188,-31,0,105,5
110,360,21.600000,0.000000,0,0,1290609526,1186,0,1186,-31,0,105,5
110,360,21.600000,0.000000,0,0,1290609532,1183,0,1183,-31,0,105,5
110,360,21.600000,0.000000,0,0,1290609537,1180,0,1180,-31,0,105,5
110,360,21.600000,0.000000,0,0,1290609543,1176,0,1176,-31,0,105,5
110,360,21.600000,0.000000,0,0,1290609548,1172,0,1172,-31,0,105,5
110,360,21.600000,0.000000,0,0,1290609554,1170,0,1170,-31,0,105,5
110,360,21.600000,0.000000,0,0,1290609560,1169,0,1169,-32,0,105,5
110,360,21.600000,0.000000,0,0,1290609566,1167,0,1167,-33,0,105,5
110,360,21.600000,0.000000,0,0,1290609571,1166,0,1166,-33,0,105,5
110,360,21.600000,0.000000,0,0,1290609577,1166,0,1166,-33,0,105,5
110,360,21.600000,0.000000,0,0,1290609582,1166,0,1166,-33,0,105,5
110,360,21.600000,0.000000,0,0,1290609588,1166,0,1166,-33,0,105,5
110,360,21.600000,0.000000,0,0,1290609594,1166,0,1166,-33,0,105,5
110,360,21.600000,0.000000,0,0,1290609599,1166,0,1166,-33,0,105,5
110,360,21.600000,0.000000,0,0,1290609604,1166,0,1166,-33,0,105,5
110,360,21.600000,0.000000,0,0,1290609610,1166,0,1166,-33,0,105,5
110,360,21.600000,0.000000,0,0,1290609615,1166,0,1166,-33,0,105,5
110,360,21.600000,0.000000,0,0,1290609621,1166,0,1166,-33,0,105,5
110,360,21.600000,0.000000,0,0,1290609626,1166,0,1166,-33,0,105,5
110,360,21.600000,0.000000,0,0,1290609632,1165,0,1165,-34,0,105,5
110,360,21.600000,0.000000,0,0,1290609638,1164,0,1164,-34,0,105,5
110,360,21.600000,0.000000,0,0,1290609644,1161,0,1161,-34,0,105,5
110,360,21.600000,0.000000,0,0,1290609649,1157,0,1157,-34,0,105,5
110,360,21.600000,0.000000,0,0,1290609655,1153,0,1153,-35,0,105,5
110,360,21.600000,0.000000,0,0,1290609660,1148,0,1148,-36,0,105,5
110,360,21.600000,0.000000,0,0,1290609666,1144,0,1144,-36,0,105,5
110,360,21.600000,0.000000,0,0,1290609671,1140,0,1140,-36,0,105,5
110,360,21.600000,0.000000,0,0,1290609678,1139,0,1139,-36,0,105,5
110,360,21.600000,0.000000,0,0,1290609683,1139,0,1139,-37,0,105,5
110,360,21.600000,0.000000,0,0,1290609689,1138,0,1138,-37,0,105,5
110,360,21.600000,0.000000,0,0,1290609696,1138,0,1138,-37,0,105,5
110,360,21.600000,0.000000,0,0,1290609702,1138,0,1138,-37,0,105,5
110,360,21.600000,0.000000,0,0,1290609707,1138,0,1138,-37,0,105,5
110,360,21.600000,0.000000,0,0,1290609713,1138,0,1138,-37,0,105,5
110,360,21.600000,0.000000,0,0,1290609718,1138,0,1138,-37,0,105,5
110,360,21.600000,0.000000,0,0,1290609723,1138,0,1138,-37,0,105,5
110,360,21.600000,0.000000,0,0,1290609729,1138,0,1138,-37,0,105,5
110,360,21.600000,0.000000,0,0,1290609735,1138,0,1138,-37,0,105,5
110,360,21.600000,0.000000,0,0,1290609741,1138,0,1138,-37,0,105,5
110,360,21.600000,0.000000,0,0,1290609746,1138,0,1138,-37,0,105,5
110,360,21.600000,0.000000,0,0,1290609752,1138,0,1138,-37,0,105,5
110,360,21.600000,0.000000,0,0,1290609758,1138,0,1138,-37,0,105,5
110,360,21.600000,0.000000,0,0,1290609763,1138,0,1138,-37,0,105,5
110,360,21.600000,0.000000,0,0,1290609769,1138,0,1138,-37,0,105,5
110,360,21.600000,0.000000,0,0,1290609775,1138,0,1138,-37,0,105,5
110,360,21.600000,0.000000,0,0,1290609780,1138,0,1138,-37,0,105,5
110,360,21.600000,0.000000,0,0,1290609786,1138,0,1138,-37,0,105,5
110,360,21.600000,0.000000,0,0,1290609791,1138,0,1138,-37,0,105,5
110,360,21.600000,0.000000,0,0,1290609797,1138,0,1138,-37,0,105,5
110,360,21.600000,0.000000,0,0,1290609802,1138,0,1138,-37,0,105,5
110,360,21.600000,0.000000,0,0,1290609808,1138,0,1138,-37,0,105,5
110,360,21.600000,0.000000,0,0,1290609813,1138,0,1138,-37,0,105,5
110,360,21.600000,0.000000,0,0,1290609819,1138,0,1138,-37,0,105,5
110,360,21.600000,0.000000,0,0,1290609825,1138,0,1138,-37,0,105,5
110,360,21.600000,0.000000,0,0,1290609838,1138,0,1138,-37,0,105,5
