110,720,21.600000,43.200000,0,3,1289601593,601,2,601,2,0,2,3
110,720,21.600000,43.200000,0,3,1289601595,601,2,601,2,0,2,3
110,720,21.600000,43.200000,0,3,1289601601,602,2,602,2,0,2,3
110,720,21.600000,43.200000,0,3,1289601606,603,2,603,2,0,2,3
110,720,21.600000,43.200000,0,3,1289601612,604,2,604,2,0,2,3
110,720,21.600000,43.200000,0,3,1289601617,604,2,604,2,0,2,3
110,720,21.600000,43.200000,0,3,1289601622,604,2,604,2,0,2,3
110,720,21.600000,43.200000,0,3,1289601628,604,2,604,2,0,2,3
110,720,21.600000,43.200000,0,3,1289601634,604,2,604,2,0,2,3
110,720,21.600000,43.200000,0,3,1289601640,604,2,604,2,0,2,3
110,720,21.600000,43.200000,0,3,1289601646,604,2,604,2,0,2,3
110,720,21.600000,43.200000,0,3,1289601652,604,2,604,2,0,2,3
110,720,21.600000,43.200000,0,3,1289601658,605,2,605,2,0,2,3
110,720,21.600000,43.200000,0,3,1289601666,610,2,610,2,0,2,3
110,720,21.600000,43.200000,0,3,1289601671,625,0,625,0,0,2,3
110,720,21.600000,43.200000,0,3,1289601677,638,0,638,-2,0,2,3
110,720,21.600000,43.200000,0,3,1289601682,655,0,655,-4,0,2,3
110,720,21.600000,43.200000,0,3,1289601688,676,0,676,-7,0,2,3
110,720,21.600000,43.200000,0,3,1289601694,701,0,701,-10,0,2,3
110,720,21.600000,43.200000,0,3,1289601702,734,0,734,-14,0,2,3
110,720,21.600000,43.200000,0,3,1289601708,785,0,785,-18,0,2,3
110,720,21.600000,43.200000,0,3,1289601713,819,0,819,-20,0,2,3
110,720,21.600000,43.200000,0,3,1289601719,857,0,857,-23,0,2,3
110,720,21.600000,43.200000,0,3,1289601725,900,0,900,-27,0,2,3
110,720,21.600000,43.200000,0,3,1289601732,947,0,947,-31,0,2,3
110,720,21.600000,43.200000,0,3,1289601737,998,0,998,-35,0,2,3
110,720,21.600000,43.200000,0,3,1289601743,1032,0,1032,-38,0,2,3
110,720,21.600000,43.200000,0,3,1289601748,1075,0,1075,-41,0,2,3
110,720,21.600000,43.200000,0,3,1289601754,1118,0,1118,-44,0,2,3
110,720,21.600000,43.200000,0,3,1289601760,1156,0,1156,-47,0,2,3
110,720,21.600000,43.200000,0,3,1289601766,1202,0,1202,-51,0,2,3
110,720,21.600000,43.200000,0,3,1289601773,1236,0,1236,-54,0,2,3
110,720,21.600000,43.200000,0,3,1289601778,1271,0,1271,-57,0,2,3
110,720,21.600000,43.200000,0,3,1289601784,1298,0,1298,-60,0,2,3
110,720,21.600000,43.200000,0,3,1289601790,1314,0,1314,-62,0,2,3
110,720,21.600000,43.200000,0,3,1289601795,1329,0,1329,-64,0,2,3
110,720,21.600000,43.200000,0,3,1289601801,1337,0,1337,-66,0,2,3
110,720,21.600000,43.200000,0,3,1289601806,1346,0,1346,-68,0,2,3
110,720,21.600000,43.200000,0,3,1289601812,1356,0,1356,-71,0,2,3
110,720,21.600000,43.200000,0,3,1289601818,1359,0,1359,-72,0,2,3
110,720,21.600000,43.200000,0,3,1289601824,1361,0,1361,-72,0,2,3
110,720,21.600000,43.200000,0,3,1289601829,1361,0,1361,-72,0,2,3
110,720,21.600000,43.200000,0,3,1289601835,1361,0,1361,-72,0,2,3
110,720,21.600000,43.200000,0,3,1289601841,1361,0,1361,-72,0,2,3
110,720,21.600000,43.200000,0,3,1289601847,1359,0,1359,-72,0,2,3
110,720,21.600000,43.200000,0,3,1289601853,1357,0,1357,-73,0,2,3
110,720,21.600000,43.200000,0,3,1289601859,1354,0,1354,-73,0,2,3
110,720,21.600000,43.200000,0,3,1289601865,1350,0,1350,-73,0,2,3
110,720,21.600000,43.200000,0,3,1289601871,1347,0,1347,-73,0,2,3
110,720,21.600000,43.200000,0,3,1289601876,1344,0,1344,-73,0,2,3
110,720,21.600000,43.200000,0,3,1289601882,1343,0,1343,-73,0,2,3
110,720,21.600000,43.200000,0,3,1289601887,1342,0,1342,-73,0,2,3
110,720,21.600000,43.200000,0,3,1289601893,1341,0,1341,-73,0,2,3
110,720,21.600000,43.200000,0,3,1289601899,1341,0,1341,-73,0,2,3
110,720,21.600000,43.200000,0,3,1289601904,1341,0,1341,-74,0,2,3
110,720,21.600000,43.200000,0,3,1289601910,1341,0,1341,-75,0,2,3
110,720,21.600000,43.200000,0,3,1289601915,1341,0,1341,-75,0,2,3
110,720,21.600000,43.200000,0,3,1289601921,1341,0,1341,-75,0,2,3
110,720,21.600000,43.200000,0,3,1289601927,1341,0,1341,-75,0,2,3
110,720,21.600000,43.200000,0,3,1289601932,1341,0,1341,-75,0,2,3
110,720,21.600000,43.200000,0,3,1289601937,1341,0,1341,-75,0,2,3
110,720,21.600000,43.200000,0,3,1289601943,1341,0,1341,-75,0,2,3
110,720,21.600000,43.200000,0,3,1289601948,1341,0,1341,-75,0,2,3
110,720,21.600000,43.200000,0,3,1289601954,1341,0,1341,-75,0,2,3
110,720,21.600000,43.200000,0,3,1289601959,1341,0,1341,-75,0,2,3
110,720,21.600000,43.200000,0,3,1289601966,1340,0,1340,-75,0,2,3
110,720,21.600000,43.200000,0,3,1289601971,1339,0,1339,-75,0,2,3
110,720,21.600000,43.200000,0,3,1289601977,1338,0,1338,-75,0,2,3
110,720,21.600000,43.200000,0,3,1289601982,1338,0,1338,-75,0,2,3
110,720,21.600000,43.200000,0,3,1289601988,1337,0,1337,-75,0,2,3
110,720,21.600000,43.200000,0,3,1289601993,1336,0,1336,-75,0,2,3
110,720,21.600000,43.200000,0,3,1289601998,1336,0,1336,-75,0,2,3
110,720,21.600000,43.200000,0,3,1289602004,1336,0,1336,-75,0,2,3
110,720,21.600000,43.200000,0,3,1289602010,1336,0,1336,-75,0,2,3
110,720,21.600000,43.200000,0,3,1289602015,1336,0,1336,-75,0,2,3
110,720,21.600000,43.200000,0,3,1289602021,1336,0,1336,-75,0,2,3
110,720,21.600000,43.200000,0,3,1289602027,1336,0,1336,-75,0,2,3
110,720,21.600000,43.200000,0,3,1289602032,1336,0,1336,-75,0,2,3
110,720,21.600000,43.200000,0,3,1289602038,1336,0,1336,-75,0,2,3
110,720,21.600000,43.200000,0,3,1289602043,1336,0,1336,-75,0,2,3
110,720,21.600000,43.200000,0,3,1289602049,1336,0,1336,-75,0,2,3
110,720,21.600000,43.200000,0,3,1289602054,1336,0,1336,-75,0,2,3
110,720,21.600000,43.200000,0,3,1289602060,1336,0,1336,-75,0,2,3
110,720,21.600000,43.200000,0,3,1289602066,1335,0,1335,-76,0,2,3
110,720,21.600000,43.200000,0,3,1289602072,1334,0,1334,-77,0,2,3
110,720,21.600000,43.200000,0,3,1289602078,1333,0,1333,-77,0,2,3
110,720,21.600000,43.200000,0,3,1289602083,1332,0,1332,-77,0,2,3
110,720,21.600000,43.200000,0,3,1289602089,1331,0,1331,-78,0,2,3
110,720,21.600000,43.200000,0,3,1289602095,1330,0,1330,-78,0,2,3
110,720,21.600000,43.200000,0,3,1289602100,1329,0,1329,-79,0,2,3
110,720,21.600000,43.200000,0,3,1289602106,1328,0,1328,-80,0,2,3
110,720,21.600000,43.200000,0,3,1289602112,1326,0,1326,-80,0,2,3
110,720,21.600000,43.200000,0,3,1289602118,1323,0,1323,-80,0,2,3
110,720,21.600000,43.200000,0,3,1289602123,1322,0,1322,-81,0,2,3
110,720,21.600000,43.200000,0,3,1289602129,1321,0,1321,-81,0,2,3
110,720,21.600000,43.200000,0,3,1289602134,1320,0,1320,-81,0,2,3
110,720,21.600000,43.200000,0,3,1289602139,1319,0,1319,-81,0,2,3
110,720,21.600000,43.200000,0,3,1289602146,1318,0,1318,-81,0,2,3
110,720,21.600000,43.200000,0,3,1289602152,1318,0,1318,-82,0,2,3
110,720,21.600000,43.200000,0,3,1289602158,1318,0,1318,-83,0,2,3
110,720,21.600000,43.200000,0,3,1289602165,1318,0,1318,-83,0,2,3
110,720,21.600000,43.200000,0,3,1289602183,1318,0,1318,-83,0,2,3
