110,360,21.600000,43.200000,0,0,1290492316,787,0,787,0,0,94,0
110,360,21.600000,43.200000,0,0,1290492317,787,0,787,0,0,94,0
110,360,21.600000,43.200000,0,0,1290492322,787,0,787,0,0,94,0
110,360,21.600000,43.200000,0,0,1290492328,787,0,787,0,0,94,0
110,360,21.600000,43.200000,0,0,1290492334,787,0,787,0,0,94,0
110,360,21.600000,43.200000,0,0,1290492339,787,0,787,0,0,94,0
110,360,21.600000,43.200000,0,0,1290492344,787,0,787,0,0,94,0
110,360,21.600000,43.200000,0,0,1290492350,787,0,787,0,0,94,0
110,360,21.600000,43.200000,0,0,1290492356,787,0,787,0,0,94,0
110,360,21.600000,43.200000,0,0,1290492362,787,0,787,-1,0,94,0
110,360,21.600000,43.200000,0,0,1290492367,787,0,787,-2,0,94,0
110,360,21.600000,43.200000,0,0,1290492373,787,0,787,-3,0,94,0
110,360,21.600000,43.200000,0,0,1290492379,791,0,791,-5,0,94,0
110,360,21.600000,43.200000,0,0,1290492384,798,0,798,-7,0,94,0
110,360,21.600000,43.200000,0,0,1290492391,810,0,810,-10,0,94,0
110,360,21.600000,43.200000,0,0,1290492397,828,0,828,-12,0,94,0
110,360,21.600000,43.200000,0,0,1290492403,844,0,844,-13,0,94,0
110,360,21.600000,43.200000,0,0,1290492409,860,0,860,-13,0,94,0
110,360,21.600000,43.200000,0,0,1290492415,881,0,881,-13,0,94,0
110,360,21.600000,43.200000,0,0,1290492421,907,0,907,-13,0,94,0
110,360,21.600000,43.200000,0,0,1290492427,933,0,933,-14,0,94,0
110,360,21.600000,43.200000,0,0,1290492432,965,0,965,-14,0,94,0
110,360,21.600000,43.200000,0,0,1290492439,991,0,991,-14,0,94,0
110,360,21.600000,43.200000,0,0,1290492445,1025,0,1025,-14,0,94,0
110,360,21.600000,43.200000,0,0,1290492451,1051,0,1051,-14,0,94,0
110,360,21.600000,43.200000,0,0,1290492457,1076,0,1076,-14,0,94,0
110,360,21.600000,43.200000,0,0,1290492462,1101,0,1101,-15,0,94,0
110,360,21.600000,43.200000,0,0,1290492468,1120,0,1120,-16,0,94,0
110,360,21.600000,43.200000,0,0,1290492474,1136,0,1136,-18,0,94,0
110,360,21.600000,43.200000,0,0,1290492480,1151,0,1151,-20,0,94,0
110,360,21.600000,43.200000,0,0,1290492486,1159,0,1159,-21,0,94,0
110,360,21.600000,43.200000,0,0,1290492491,1166,0,1166,-23,0,94,0
110,360,21.600000,43.200000,0,0,1290492497,1170,0,1170,-24,0,94,0
110,360,21.600000,43.200000,0,0,1290492503,1172,0,1172,-25,0,94,0
110,360,21.600000,43.200000,0,0,1290492509,1172,0,1172,-26,0,94,0
110,360,21.600000,43.200000,0,0,1290492514,1173,0,1173,-27,0,94,0
110,360,21.600000,43.200000,0,0,1290492519,1173,0,1173,-28,0,94,0
110,360,21.600000,43.200000,0,0,1290492525,1172,0,1172,-29,0,94,0
110,360,21.600000,43.200000,0,0,1290492531,1171,0,1171,-30,0,94,0
110,360,21.600000,43.200000,0,0,1290492537,1169,0,1169,-30,0,94,0
110,360,21.600000,43.200000,0,0,1290492543,1166,0,1166,-31,0,94,0
110,360,21.600000,43.200000,0,0,1290492549,1163,0,1163,-32,0,94,0
110,360,21.600000,43.200000,0,0,1290492556,1159,0,1159,-33,0,94,0
110,360,21.600000,43.200000,0,0,1290492562,1158,0,1158,-33,0,94,0
110,360,21.600000,43.200000,0,0,1290492567,1156,0,1156,-33,0,94,0
110,360,21.600000,43.200000,0,0,1290492573,1154,0,1154,-33,0,94,0
110,360,21.600000,43.200000,0,0,1290492578,1154,0,1154,-33,0,94,0
110,360,21.600000,43.200000,0,0,1290492583,1154,0,1154,-33,0,94,0
110,360,21.600000,43.200000,0,0,1290492589,1154,0,1154,-33,0,94,0
110,360,21.600000,43.200000,0,0,1290492595,1154,0,1154,-33,0,94,0
110,360,21.600000,43.200000,0,0,1290492600,1154,0,1154,-33,0,94,0
110,360,21.600000,43.200000,0,0,1290492606,1154,0,1154,-33,0,94,0
110,360,21.600000,43.200000,0,0,1290492611,1154,0,1154,-33,0,94,0
110,360,21.600000,43.200000,0,0,1290492617,1154,0,1154,-33,0,94,0
110,360,21.600000,43.200000,0,0,1290492622,1154,0,1154,-33,0,94,0
110,360,21.600000,43.200000,0,0,1290492628,1154,0,1154,-33,0,94,0
110,360,21.600000,43.200000,0,0,1290492634,1154,0,1154,-33,0,94,0
110,360,21.600000,43.200000,0,0,1290492639,1154,0,1154,-33,0,94,0
110,360,21.600000,43.200000,0,0,1290492644,1154,0,1154,-33,0,94,0
110,360,21.600000,43.200000,0,0,1290492650,1153,0,1153,-33,0,94,0
110,360,21.600000,43.200000,0,0,1290492656,1152,0,1152,-33,0,94,0
110,360,21.600000,43.200000,0,0,1290492661,1151,0,1151,-34,0,94,0
110,360,21.600000,43.200000,0,0,1290492667,1150,0,1150,-35,0,94,0
110,360,21.600000,43.200000,0,0,1290492673,1149,0,1149,-36,0,94,0
110,360,21.600000,43.200000,0,0,1290492679,1148,0,1148,-36,0,94,0
110,360,21.600000,43.200000,0,0,1290492685,1148,0,1148,-37,0,94,0
110,360,21.600000,43.200000,0,0,1290492691,1147,0,1147,-37,0,94,0
110,360,21.600000,43.200000,0,0,1290492696,1147,0,1147,-38,0,94,0
110,360,21.600000,43.200000,0,0,1290492704,1147,0,1147,-39,0,94,0
110,360,21.600000,43.200000,0,0,1290492709,1146,0,1146,-39,0,94,0
110,360,21.600000,43.200000,0,0,1290492714,1146,0,1146,-39,0,94,0
110,360,21.600000,43.200000,0,0,1290492720,1146,0,1146,-40,0,94,0
110,360,21.600000,43.200000,0,0,1290492726,1146,0,1146,-41,0,94,0
110,360,21.600000,43.200000,0,0,1290492731,1146,0,1146,-41,0,94,0
110,360,21.600000,43.200000,0,0,1290492737,1145,0,1145,-41,0,94,0
110,360,21.600000,43.200000,0,0,1290492742,1144,0,1144,-41,0,94,0
110,360,21.600000,43.200000,0,0,1290492748,1144,0,1144,-41,0,94,0
110,360,21.600000,43.200000,0,0,1290492754,1143,0,1143,-42,0,94,0
110,360,21.600000,43.200000,0,0,1290492760,1142,0,1142,-42,0,94,0
110,360,21.600000,43.200000,0,0,1290492766,1141,0,1141,-42,0,94,0
110,360,21.600000,43.200000,0,0,1290492772,1140,0,1140,-42,0,94,0
110,360,21.600000,43.200000,0,0,1290492778,1139,0,1139,-42,0,94,0
110,360,21.600000,43.200000,0,0,1290492784,1138,0,1138,-43,0,94,0
110,360,21.600000,43.200000,0,0,1290492790,1137,0,1137,-43,0,94,0
110,360,21.600000,43.200000,0,0,1290492796,1137,0,1137,-44,0,94,0
110,360,21.600000,43.200000,0,0,1290492801,1136,0,1136,-44,0,94,0
110,360,21.600000,43.200000,0,0,1290492807,1135,0,1135,-44,0,94,0
110,360,21.600000,43.200000,0,0,1290492813,1135,0,1135,-44,0,94,0
110,360,21.600000,43.200000,0,0,1290492818,1135,0,1135,-44,0,94,0
110,360,21.600000,43.200000,0,0,1290492831,1135,0,1135,-44,0,94,0
