110,720,21.600000,0.000000,1,0,1290758090,603,5,603,5,0,119,1
110,720,21.600000,0.000000,1,0,1290758092,603,5,603,5,0,119,1
110,720,21.600000,0.000000,1,0,1290758097,603,5,603,5,0,119,1
110,720,21.600000,0.000000,1,0,1290758103,603,5,603,5,0,119,1
110,720,21.600000,0.000000,1,0,1290758109,603,5,603,5,0,119,1
110,720,21.600000,0.000000,1,0,1290758114,603,5,603,5,0,119,1
110,720,21.600000,0.000000,1,0,1290758119,603,5,603,5,0,119,1
110,720,21.600000,0.000000,1,0,1290758125,603,5,603,5,0,119,1
110,720,21.600000,0.000000,1,0,1290758131,603,5,603,5,0,119,1
110,720,21.600000,0.000000,1,0,1290758137,603,5,603,5,0,119,1
110,720,21.600000,0.000000,1,0,1290758142,603,5,603,5,0,119,1
110,720,21.600000,0.000000,1,0,1290758148,603,5,603,5,0,119,1
110,720,21.600000,0.000000,1,0,1290758153,604,5,604,5,0,119,1
110,720,21.600000,0.000000,1,0,1290758159,606,5,606,5,0,119,1
110,720,21.600000,0.000000,1,0,1290758165,609,6,609,6,0,119,1
110,720,21.600000,0.000000,1,0,1290758171,614,7,614,7,0,119,1
110,720,21.600000,0.000000,1,0,1290758176,622,8,622,8,0,119,1
110,720,21.600000,0.000000,1,0,1290758182,631,8,631,8,0,119,1
110,720,21.600000,0.000000,1,0,1290758188,647,9,647,9,0,119,1
110,720,21.600000,0.000000,1,0,1290758194,664,9,664,9,0,119,1
110,720,21.600000,0.000000,1,0,1290758200,689,10,689,10,0,119,1
110,720,21.600000,0.000000,1,0,1290758206,706,11,706,11,0,119,1
110,720,21.600000,0.000000,1,0,1290758211,734,13,734,13,0,119,1
110,720,21.600000,0.000000,1,0,1290758217,768,15,768,15,0,119,1
110,720,21.600000,0.000000,1,0,1290758222,791,16,791,16,0,119,1
110,720,21.600000,0.000000,1,0,1290758228,825,17,825,17,0,119,1
110,720,21.600000,0.000000,1,0,1290758234,867,18,867,18,0,119,1
110,720,21.600000,0.000000,1,0,1290758240,901,19,901,19,0,119,1
110,720,21.600000,0.000000,1,0,1290758246,943,20,943,20,0,119,1
110,720,21.600000,0.000000,1,0,1290758252,977,20,977,20,0,119,1
110,720,21.600000,0.000000,1,0,1290758258,1017,20,1017,20,0,119,1
110,720,21.600000,0.000000,1,0,1290758264,1057,20,1057,20,0,119,1
110,720,21.600000,0.000000,1,0,1290758270,1139,21,1139,21,0,119,1
110,720,21.600000,0.000000,1,0,1290758276,1165,21,1165,21,0,119,1
110,720,21.600000,0.000000,1,0,1290758281,1184,21,1184,21,0,119,1
110,720,21.600000,0.000000,1,0,1290758287,1201,21,1201,21,0,119,1
110,720,21.600000,0.000000,1,0,1290758293,1214,20,1214,20,0,119,1
110,720,21.600000,0.000000,1,0,1290758298,1228,19,1228,19,0,119,1
110,720,21.600000,0.000000,1,0,1290758304,1238,18,1238,18,0,119,1
110,720,21.600000,0.000000,1,0,1290758309,1247,17,1247,17,0,119,1
110,720,21.600000,0.000000,1,0,1290758315,1255,16,1255,16,0,119,1
110,720,21.600000,0.000000,1,0,1290758321,1261,15,1261,15,0,119,1
110,720,21.600000,0.000000,1,0,1290758326,1266,15,1266,15,0,119,1
110,720,21.600000,0.000000,1,0,1290758332,1270,14,1270,14,0,119,1
110,720,21.600000,0.000000,1,0,1290758338,1271,13,1271,13,0,119,1
110,720,21.600000,0.000000,1,0,1290758344,1272,13,1272,13,0,119,1
110,720,21.600000,0.000000,1,0,1290758349,1272,12,1272,12,0,119,1
110,720,21.600000,0.000000,1,0,1290758355,1272,11,1272,11,0,119,1
110,720,21.600000,0.000000,1,0,1290758360,1273,11,1273,11,0,119,1
110,720,21.600000,0.000000,1,0,1290758366,1274,11,1274,11,0,119,1
110,720,21.600000,0.000000,1,0,1290758372,1276,11,1276,11,0,119,1
110,720,21.600000,0.000000,1,0,1290758378,1280,10,1280,10,0,119,1
110,720,21.600000,0.000000,1,0,1290758383,1283,10,1283,10,0,119,1
110,720,21.600000,0.000000,1,0,1290758389,1286,10,1286,10,0,119,1
110,720,21.600000,0.000000,1,0,1290758395,1289,10,1289,10,0,119,1
110,720,21.600000,0.000000,1,0,1290758400,1292,10,1292,10,0,119,1
110,720,21.600000,0.000000,1,0,1290758406,1295,10,1295,10,0,119,1
110,720,21.600000,0.000000,1,0,1290758411,1299,10,1299,10,0,119,1
110,720,21.600000,0.000000,1,0,1290758417,1303,10,1303,10,0,119,1
110,720,21.600000,0.000000,1,0,1290758422,1308,10,1308,10,0,119,1
110,720,21.600000,0.000000,1,0,1290758428,1312,10,1312,10,0,119,1
110,720,21.600000,0.000000,1,0,1290758433,1317,10,1317,10,0,119,1
110,720,21.600000,0.000000,1,0,1290758439,1323,10,1323,10,0,119,1
110,720,21.600000,0.000000,1,0,1290758445,1329,9,1329,9,0,119,1
110,720,21.600000,0.000000,1,0,1290758451,1335,9,1335,9,0,119,1
110,720,21.600000,0.000000,1,0,1290758457,1341,8,1341,8,0,119,1
110,720,21.600000,0.000000,1,0,1290758464,1346,8,1346,8,0,119,1
110,720,21.600000,0.000000,1,0,1290758470,1355,7,1355,7,0,119,1
110,720,21.600000,0.000000,1,0,1290758476,1361,7,1361,7,0,119,1
110,720,21.600000,0.000000,1,0,1290758482,1362,7,1362,7,0,119,1
110,720,21.600000,0.000000,1,0,1290758487,1364,7,1364,7,0,119,1
110,720,21.600000,0.000000,1,0,1290758493,1365,7,1365,7,0,119,1
110,720,21.600000,0.000000,1,0,1290758498,1366,7,1366,7,0,119,1
110,720,21.600000,0.000000,1,0,1290758504,1367,7,1367,7,0,119,1
110,720,21.600000,0.000000,1,0,1290758510,1367,7,1367,7,0,119,1
110,720,21.600000,0.000000,1,0,1290758515,1367,7,1367,7,0,119,1
110,720,21.600000,0.000000,1,0,1290758521,1368,7,1368,7,0,119,1
110,720,21.600000,0.000000,1,0,1290758527,1368,7,1368,7,0,119,1
110,720,21.600000,0.000000,1,0,1290758532,1368,7,1368,7,0,119,1
110,720,21.600000,0.000000,1,0,1290758537,1368,7,1368,7,0,119,1
110,720,21.600000,0.000000,1,0,1290758543,1368,7,1368,7,0,119,1
110,720,21.600000,0.000000,1,0,1290758548,1368,7,1368,7,0,119,1
110,720,21.600000,0.000000,1,0,1290758554,1368,7,1368,7,0,119,1
110,720,21.600000,0.000000,1,0,1290758559,1368,7,1368,7,0,119,1
110,720,21.600000,0.000000,1,0,1290758564,1368,7,1368,7,0,119,1
110,720,21.600000,0.000000,1,0,1290758570,1368,7,1368,7,0,119,1
110,720,21.600000,0.000000,1,0,1290758575,1368,7,1368,7,0,119,1
110,720,21.600000,0.000000,1,0,1290758581,1368,7,1368,7,0,119,1
110,720,21.600000,0.000000,1,0,1290758587,1368,7,1368,7,0,119,1
110,720,21.600000,0.000000,1,0,1290758592,1368,7,1368,7,0,119,1
110,720,21.600000,0.000000,1,0,1290758598,1368,7,1368,7,0,119,1
110,720,21.600000,0.000000,1,0,1290758603,1368,7,1368,7,0,119,1
110,720,21.600000,0.000000,1,0,1290758608,1368,7,1368,7,0,119,1
110,720,21.600000,0.000000,1,0,1290758614,1368,7,1368,7,0,119,1
110,720,21.600000,0.000000,1,0,1290758619,1368,7,1368,7,0,119,1
110,720,21.600000,0.000000,1,0,1290758625,1368,7,1368,7,0,119,1
110,720,21.600000,0.000000,1,0,1290758631,1368,7,1368,7,0,119,1
110,720,21.600000,0.000000,1,0,1290758636,1368,7,1368,7,0,119,1
110,720,21.600000,0.000000,1,0,1290758642,1367,7,1367,7,0,119,1
110,720,21.600000,0.000000,1,0,1290758648,1365,8,1365,8,0,119,1
110,720,21.600000,0.000000,1,0,1290758653,1363,9,1363,9,0,119,1
110,720,21.600000,0.000000,1,0,1290758659,1361,9,1361,9,0,119,1
110,720,21.600000,0.000000,1,0,1290758665,1360,9,1360,9,0,119,1
110,720,21.600000,0.000000,1,0,1290758671,1357,10,1357,10,0,119,1
110,720,21.600000,0.000000,1,0,1290758676,1355,10,1355,10,0,119,1
110,720,21.600000,0.000000,1,0,1290758682,1353,10,1353,10,0,119,1
110,720,21.600000,0.000000,1,0,1290758689,1352,11,1352,11,0,119,1
110,720,21.600000,0.000000,1,0,1290758695,1350,11,1350,11,0,119,1
110,720,21.600000,0.000000,1,0,1290758701,1348,12,1348,12,0,119,1
110,720,21.600000,0.000000,1,0,1290758707,1347,12,1347,12,0,119,1
110,720,21.600000,0.000000,1,0,1290758713,1346,12,1346,12,0,119,1
110,720,21.600000,0.000000,1,0,1290758718,1345,12,1345,12,0,119,1
110,720,21.600000,0.000000,1,0,1290758724,1344,13,1344,13,0,119,1
110,720,21.600000,0.000000,1,0,1290758731,1343,13,1343,13,0,119,1
110,720,21.600000,0.000000,1,0,1290758737,1341,13,1341,13,0,119,1
110,720,21.600000,0.000000,1,0,1290758742,1339,14,1339,14,0,119,1
110,720,21.600000,0.000000,1,0,1290758748,1338,14,1338,14,0,119,1
110,720,21.600000,0.000000,1,0,1290758754,1336,14,1336,14,0,119,1
110,720,21.600000,0.000000,1,0,1290758760,1333,15,1333,15,0,119,1
110,720,21.600000,0.000000,1,0,1290758766,1332,15,1332,15,0,119,1
110,720,21.600000,0.000000,1,0,1290758771,1331,15,1331,15,0,119,1
110,720,21.600000,0.000000,1,0,1290758777,1330,15,1330,15,0,119,1
110,720,21.600000,0.000000,1,0,1290758782,1329,15,1329,15,0,119,1
110,720,21.600000,0.000000,1,0,1290758788,1328,15,1328,15,0,119,1
110,720,21.600000,0.000000,1,0,1290758794,1328,15,1328,15,0,119,1
110,720,21.600000,0.000000,1,0,1290758799,1328,15,1328,15,0,119,1
110,720,21.600000,0.000000,1,0,1290758805,1328,15,1328,15,0,119,1
110,720,21.600000,0.000000,1,0,1290758810,1328,15,1328,15,0,119,1
110,720,21.600000,0.000000,1,0,1290758816,1328,15,1328,15,0,119,1
110,720,21.600000,0.000000,1,0,1290758822,1328,15,1328,15,0,119,1
110,720,21.600000,0.000000,1,0,1290758827,1328,15,1328,15,0,119,1
110,720,21.600000,0.000000,1,0,1290758833,1328,15,1328,15,0,119,1
110,720,21.600000,0.000000,1,0,1290758839,1328,15,1328,15,0,119,1
110,720,21.600000,0.000000,1,0,1290758844,1328,15,1328,15,0,119,1
110,720,21.600000,0.000000,1,0,1290758857,1328,15,1328,15,0,119,1
