110,720,21.600000,0.000000,0,3,1289651742,605,0,605,0,0,7,0
110,720,21.600000,0.000000,0,3,1289651744,605,0,605,0,0,7,0
110,720,21.600000,0.000000,0,3,1289651749,605,0,605,-1,0,7,0
110,720,21.600000,0.000000,0,3,1289651755,605,0,605,-2,0,7,0
110,720,21.600000,0.000000,0,3,1289651761,605,0,605,-3,0,7,0
110,720,21.600000,0.000000,0,3,1289651767,605,0,605,-3,0,7,0
110,720,21.600000,0.000000,0,3,1289651772,605,0,605,-3,0,7,0
110,720,21.600000,0.000000,0,3,1289651778,605,0,605,-3,0,7,0
110,720,21.600000,0.000000,0,3,1289651783,605,0,605,-3,0,7,0
110,720,21.600000,0.000000,0,3,1289651789,605,0,605,-3,0,7,0
110,720,21.600000,0.000000,0,3,1289651794,606,0,606,-3,0,7,0
110,720,21.600000,0.000000,0,3,1289651800,611,1,611,-2,0,7,0
110,720,21.600000,0.000000,0,3,1289651806,619,2,619,-1,0,7,0
110,720,21.600000,0.000000,0,3,1289651812,629,3,629,0,0,7,0
110,720,21.600000,0.000000,0,3,1289651818,643,3,643,0,0,7,0
110,720,21.600000,0.000000,0,3,1289651823,664,2,664,-1,0,7,0
110,720,21.600000,0.000000,0,3,1289651829,681,1,681,-2,0,7,0
110,720,21.600000,0.000000,0,3,1289651835,710,1,710,-2,0,7,0
110,720,21.600000,0.000000,0,3,1289651841,744,1,744,-2,0,7,0
110,720,21.600000,0.000000,0,3,1289651846,770,1,770,-2,0,7,0
110,720,21.600000,0.000000,0,3,1289651852,808,1,808,-2,0,7,0
110,720,21.600000,0.000000,0,3,1289651857,851,0,851,-3,0,7,0
110,720,21.600000,0.000000,0,3,1289651863,889,0,889,-3,0,7,0
110,720,21.600000,0.000000,0,3,1289651869,932,0,932,-4,0,7,0
110,720,21.600000,0.000000,0,3,1289651875,979,0,979,-6,0,7,0
110,720,21.600000,0.000000,0,3,1289651881,1031,0,1031,-9,0,7,0
110,720,21.600000,0.000000,0,3,1289651886,1082,0,1082,-13,0,7,0
110,720,21.600000,0.000000,0,3,1289651892,1132,0,1132,-18,0,7,0
110,720,21.600000,0.000000,0,3,1289651899,1174,0,1174,-23,0,7,0
110,720,21.600000,0.000000,0,3,1289651905,1224,0,1224,-29,0,7,0
110,720,21.600000,0.000000,0,3,1289651910,1262,0,1262,-34,0,7,0
110,720,21.600000,0.000000,0,3,1289651916,1288,0,1288,-38,0,7,0
110,720,21.600000,0.000000,0,3,1289651921,1310,0,1310,-41,0,7,0
110,720,21.600000,0.000000,0,3,1289651927,1325,0,1325,-44,0,7,0
110,720,21.600000,0.000000,0,3,1289651933,1338,0,1338,-47,0,7,0
110,720,21.600000,0.000000,0,3,1289651939,1344,0,1344,-49,0,7,0
110,720,21.600000,0.000000,0,3,1289651945,1345,0,1345,-50,0,7,0
110,720,21.600000,0.000000,0,3,1289651951,1345,0,1345,-52,0,7,0
110,720,21.600000,0.000000,0,3,1289651956,1342,0,1342,-54,0,7,0
110,720,21.600000,0.000000,0,3,1289651962,1339,0,1339,-55,0,7,0
110,720,21.600000,0.000000,0,3,1289651968,1334,0,1334,-58,0,7,0
110,720,21.600000,0.000000,0,3,1289651974,1328,0,1328,-60,0,7,0
110,720,21.600000,0.000000,0,3,1289651979,1323,0,1323,-61,0,7,0
110,720,21.600000,0.000000,0,3,1289651985,1318,0,1318,-62,0,7,0
110,720,21.600000,0.000000,0,3,1289651991,1315,0,1315,-63,0,7,0
110,720,21.600000,0.000000,0,3,1289651996,1313,0,1313,-63,0,7,0
110,720,21.600000,0.000000,0,3,1289652002,1313,0,1313,-64,0,7,0
110,720,21.600000,0.000000,0,3,1289652008,1313,0,1313,-65,0,7,0
110,720,21.600000,0.000000,0,3,1289652013,1313,0,1313,-65,0,7,0
110,720,21.600000,0.000000,0,3,1289652019,1313,0,1313,-65,0,7,0
110,720,21.600000,0.000000,0,3,1289652024,1313,0,1313,-65,0,7,0
110,720,21.600000,0.000000,0,3,1289652030,1313,0,1313,-65,0,7,0
110,720,21.600000,0.000000,0,3,1289652035,1313,0,1313,-65,0,7,0
110,720,21.600000,0.000000,0,3,1289652040,1313,0,1313,-65,0,7,0
110,720,21.600000,0.000000,0,3,1289652046,1313,0,1313,-65,0,7,0
110,720,21.600000,0.000000,0,3,1289652052,1313,0,1313,-65,0,7,0
110,720,21.600000,0.000000,0,3,1289652057,1314,0,1314,-65,0,7,0
110,720,21.600000,0.000000,0,3,1289652063,1314,0,1314,-65,0,7,0
110,720,21.600000,0.000000,0,3,1289652068,1314,0,1314,-65,0,7,0
110,720,21.600000,0.000000,0,3,1289652074,1314,0,1314,-65,0,7,0
110,720,21.600000,0.000000,0,3,1289652080,1314,0,1314,-65,0,7,0
110,720,21.600000,0.000000,0,3,1289652085,1314,0,1314,-65,0,7,0
110,720,21.600000,0.000000,0,3,1289652091,1314,0,1314,-65,0,7,0
110,720,21.600000,0.000000,0,3,1289652096,1314,0,1314,-65,0,7,0
110,720,21.600000,0.000000,0,3,1289652102,1314,0,1314,-65,0,7,0
110,720,21.600000,0.000000,0,3,1289652107,1314,0,1314,-65,0,7,0
110,720,21.600000,0.000000,0,3,1289652113,1314,0,1314,-65,0,7,0
110,720,21.600000,0.000000,0,3,1289652118,1314,0,1314,-65,0,7,0
110,720,21.600000,0.000000,0,3,1289652123,1314,0,1314,-65,0,7,0
110,720,21.600000,0.000000,0,3,1289652129,1314,0,1314,-65,0,7,0
110,720,21.600000,0.000000,0,3,1289652134,1314,0,1314,-65,0,7,0
110,720,21.600000,0.000000,0,3,1289652140,1315,0,1315,-65,0,7,0
110,720,21.600000,0.000000,0,3,1289652146,1317,0,1317,-65,0,7,0
110,720,21.600000,0.000000,0,3,1289652152,1319,0,1319,-66,0,7,0
110,720,21.600000,0.000000,0,3,1289652157,1321,0,1321,-67,0,7,0
110,720,21.600000,0.000000,0,3,1289652162,1322,0,1322,-67,0,7,0
110,720,21.600000,0.000000,0,3,1289652168,1322,0,1322,-68,0,7,0
110,720,21.600000,0.000000,0,3,1289652174,1322,0,1322,-69,0,7,0
110,720,21.600000,0.000000,0,3,1289652179,1322,0,1322,-69,0,7,0
110,720,21.600000,0.000000,0,3,1289652185,1322,0,1322,-69,0,7,0
110,720,21.600000,0.000000,0,3,1289652190,1322,0,1322,-69,0,7,0
110,720,21.600000,0.000000,0,3,1289652196,1322,0,1322,-69,0,7,0
110,720,21.600000,0.000000,0,3,1289652202,1322,0,1322,-69,0,7,0
110,720,21.600000,0.000000,0,3,1289652207,1322,0,1322,-69,0,7,0
110,720,21.600000,0.000000,0,3,1289652212,1322,0,1322,-69,0,7,0
110,720,21.600000,0.000000,0,3,1289652218,1322,0,1322,-69,0,7,0
110,720,21.600000,0.000000,0,3,1289652223,1322,0,1322,-69,0,7,0
110,720,21.600000,0.000000,0,3,1289652229,1322,0,1322,-69,0,7,0
110,720,21.600000,0.000000,0,3,1289652234,1322,0,1322,-69,0,7,0
110,720,21.600000,0.000000,0,3,1289652240,1322,0,1322,-69,0,7,0
110,720,21.600000,0.000000,0,3,1289652245,1322,0,1322,-69,0,7,0
110,720,21.600000,0.000000,0,3,1289652251,1322,0,1322,-69,0,7,0
110,720,21.600000,0.000000,0,3,1289652257,1322,0,1322,-69,0,7,0
110,720,21.600000,0.000000,0,3,1289652262,1322,0,1322,-69,0,7,0
110,720,21.600000,0.000000,0,3,1289652268,1322,0,1322,-69,0,7,0
110,720,21.600000,0.000000,0,3,1289652273,1323,0,1323,-69,0,7,0
110,720,21.600000,0.000000,0,3,1289652279,1323,0,1323,-69,0,7,0
110,720,21.600000,0.000000,0,3,1289652284,1323,0,1323,-69,0,7,0
110,720,21.600000,0.000000,0,3,1289652289,1323,0,1323,-70,0,7,0
110,720,21.600000,0.000000,0,3,1289652295,1323,0,1323,-70,0,7,0
110,720,21.600000,0.000000,0,3,1289652300,1323,0,1323,-70,0,7,0
110,720,21.600000,0.000000,0,3,1289652306,1323,0,1323,-70,0,7,0
110,720,21.600000,0.000000,0,3,1289652312,1323,0,1323,-70,0,7,0
110,720,21.600000,0.000000,0,3,1289652317,1323,0,1323,-70,0,7,0
110,720,21.600000,0.000000,0,3,1289652335,1323,0,1323,-70,0,7,0
