1001,350,20,42,0,1,0,576777862,787,621,787,621,0,18,21,0
1001,350,20,42,0,1,0,576777863,787,621,787,621,0,18,21,0
1001,350,20,42,0,1,0,576777866,787,621,787,621,0,18,21,0
1001,350,20,42,0,1,0,576777869,787,621,787,621,0,18,21,0
1001,350,20,42,0,1,0,576777872,787,621,787,621,0,18,21,0
1001,350,20,42,0,1,0,576777875,787,621,787,621,0,18,21,0
1001,350,20,42,0,1,0,576777878,787,621,787,621,0,18,21,0
1001,350,20,42,0,1,0,576777881,787,621,787,621,0,18,21,0
1001,350,20,42,0,1,0,576777884,787,621,787,621,0,18,21,0
1001,350,20,42,0,1,0,576777888,787,621,787,621,0,18,21,0
1001,350,20,42,0,1,0,576777891,787,621,787,621,0,18,21,0
1001,350,20,42,0,1,0,576777894,787,621,787,621,0,18,21,0
1001,350,20,42,0,1,0,576777897,787,621,787,621,0,18,21,0
1001,350,20,42,0,1,0,576777900,787,621,787,621,0,18,21,0
1001,350,20,42,0,1,0,576777904,787,621,787,621,0,18,21,0
1001,350,20,42,0,1,0,576777907,787,621,787,621,0,18,21,0
1001,350,20,42,0,1,0,576777910,787,621,787,621,0,18,21,0
1001,350,20,42,0,1,0,576777913,787,620,787,620,0,18,21,0
1001,350,20,42,0,1,0,576777917,787,620,787,620,0,18,21,0
1001,350,20,42,0,1,0,576777920,787,619,787,619,0,18,21,0
1001,350,20,42,0,1,0,576777923,788,619,788,619,0,18,21,0
1001,350,20,42,0,1,0,576777926,790,619,790,619,0,18,21,0
1001,350,20,42,0,1,0,576777930,792,618,792,618,0,18,21,0
1001,350,20,42,0,1,0,576777933,795,617,795,617,0,18,21,0
1001,350,20,42,0,1,0,576777936,803,614,803,614,0,18,21,0
1001,350,20,42,0,1,0,576777940,807,613,807,613,0,18,21,0
1001,350,20,42,0,1,0,576777943,811,611,811,611,0,18,21,0
1001,350,20,42,0,1,0,576777946,818,610,818,610,0,18,21,0
1001,350,20,42,0,1,0,576777950,828,610,828,610,0,18,21,0
1001,350,20,42,0,1,0,576777953,842,609,842,609,0,18,21,0
1001,350,20,42,0,1,0,576777956,853,609,853,609,0,18,21,0
1001,350,20,42,0,1,0,576777959,866,608,866,608,0,18,21,0
1001,350,20,42,0,1,0,576777962,880,607,880,607,0,18,21,0
1001,350,20,42,0,1,0,576777965,895,606,895,606,0,18,21,0
1001,350,20,42,0,1,0,576777968,919,605,919,605,0,18,21,0
1001,350,20,42,0,1,0,576777972,943,603,943,603,0,18,21,0
1001,350,20,42,0,1,0,576777975,960,603,960,603,0,18,21,0
1001,350,20,42,0,1,0,576777978,976,602,976,602,0,18,21,0
1001,350,20,42,0,1,0,576777982,993,601,993,601,0,18,21,0
1001,350,20,42,0,1,0,576777985,1009,601,1009,601,0,18,21,0
1001,350,20,42,0,1,0,576777989,1026,601,1026,601,0,18,21,0
1001,350,20,42,0,1,0,576777992,1051,601,1051,601,0,18,21,0
1001,350,20,42,0,1,0,576777995,1067,601,1067,601,0,18,21,0
1001,350,20,42,0,1,0,576777998,1082,601,1082,601,0,18,21,0
1001,350,20,42,0,1,0,576778001,1099,601,1099,601,0,18,21,0
1001,350,20,42,0,1,0,576778004,1120,601,1120,601,0,18,21,0
1001,350,20,42,0,1,0,576778008,1141,601,1141,601,0,18,21,0
1001,350,20,42,0,1,0,576778011,1159,601,1159,601,0,18,21,0
1001,350,20,42,0,1,0,576778014,1170,601,1170,601,0,18,21,0
1001,350,20,42,0,1,0,576778017,1181,601,1181,601,0,18,21,0
1001,350,20,42,0,1,0,576778020,1188,601,1188,601,0,18,21,0
1001,350,20,42,0,1,0,576778024,1192,601,1192,601,0,18,21,0
1001,350,20,42,0,1,0,576778027,1197,602,1197,602,0,18,21,0
1001,350,20,42,0,1,0,576778030,1200,603,1200,603,0,18,21,0
1001,350,20,42,0,1,0,576778033,1201,603,1201,603,0,18,21,0
1001,350,20,42,0,1,0,576778036,1201,604,1201,604,0,18,21,0
1001,350,20,42,0,1,0,576778040,1201,605,1201,605,0,18,21,0
1001,350,20,42,0,1,0,576778044,1200,606,1200,606,0,18,21,0
1001,350,20,42,0,1,0,576778047,1198,607,1198,607,0,18,21,0
1001,350,20,42,0,1,0,576778051,1196,607,1196,607,0,18,21,0
1001,350,20,42,0,1,0,576778054,1194,607,1194,607,0,18,21,0
1001,350,20,42,0,1,0,576778057,1192,607,1192,607,0,18,21,0
1001,350,20,42,0,1,0,576778061,1189,607,1189,607,0,18,21,0
1001,350,20,42,0,1,0,576778064,1184,607,1184,607,0,18,21,0
1001,350,20,42,0,1,0,576778067,1180,608,1180,608,0,18,21,0
1001,350,20,42,0,1,0,576778070,1178,608,1178,608,0,18,21,0
1001,350,20,42,0,1,0,576778073,1175,608,1175,608,0,18,21,0
1001,350,20,42,0,1,0,576778076,1172,608,1172,608,0,18,21,0
1001,350,20,42,0,1,0,576778080,1170,608,1170,608,0,18,21,0
1001,350,20,42,0,1,0,576778083,1167,608,1167,608,0,18,21,0
1001,350,20,42,0,1,0,576778086,1164,608,1164,608,0,18,21,0
1001,350,20,42,0,1,0,576778089,1161,608,1161,608,0,18,21,0
1001,350,20,42,0,1,0,576778092,1159,608,1159,608,0,18,21,0
1001,350,20,42,0,1,0,576778095,1156,608,1156,608,0,18,21,0
1001,350,20,42,0,1,0,576778099,1155,608,1155,608,0,18,21,0
1001,350,20,42,0,1,0,576778103,1154,608,1154,608,0,18,21,0
1001,350,20,42,0,1,0,576778106,1154,609,1154,609,0,18,21,0
1001,350,20,42,0,1,0,576778109,1153,609,1153,609,0,18,21,0
1001,350,20,42,0,1,0,576778112,1153,609,1153,609,0,18,21,0
1001,350,20,42,0,1,0,576778115,1153,609,1153,609,0,18,21,0
1001,350,20,42,0,1,0,576778119,1153,610,1153,610,0,18,21,0
1001,350,20,42,0,1,0,576778122,1153,610,1153,610,0,18,21,0
1001,350,20,42,0,1,0,576778125,1153,611,1153,611,0,18,21,0
1001,350,20,42,0,1,0,576778128,1153,612,1153,612,0,18,21,0
1001,350,20,42,0,1,0,576778131,1153,613,1153,613,0,18,21,0
1001,350,20,42,0,1,0,576778135,1153,613,1153,613,0,18,21,0
1001,350,20,42,0,1,0,576778138,1153,614,1153,614,0,18,21,0
1001,350,20,42,0,1,0,576778142,1152,614,1152,614,0,18,21,0
1001,350,20,42,0,1,0,576778145,1152,615,1152,615,0,18,21,0
1001,350,20,42,0,1,0,576778148,1151,615,1151,615,0,18,21,0
1001,350,20,42,0,1,0,576778151,1151,615,1151,615,0,18,21,0
1001,350,20,42,0,1,0,576778154,1151,615,1151,615,0,18,21,0
1001,350,20,42,0,1,0,576778158,1151,615,1151,615,0,18,21,0
1001,350,20,42,0,1,0,576778161,1150,615,1150,615,0,18,21,0
1001,350,20,42,0,1,0,576778164,1150,615,1150,615,0,18,21,0
1001,350,20,42,0,1,0,576778168,1149,615,1149,615,0,18,21,0
1001,350,20,42,0,1,0,576778171,1149,615,1149,615,0,18,21,0
1001,350,20,42,0,1,0,576778174,1148,616,1148,616,0,18,21,0
1001,350,20,42,0,1,0,576778178,1147,616,1147,616,0,18,21,0
1001,350,20,42,0,1,0,576778181,1147,616,1147,616,0,18,21,0
1001,350,20,42,0,1,0,576778184,1146,616,1146,616,0,18,21,0
1001,350,20,42,0,1,0,576778187,1146,616,1146,616,0,18,21,0
1001,350,20,42,0,1,0,576778191,1145,616,1145,616,0,18,21,0
1001,350,20,42,0,1,0,576778194,1145,616,1145,616,0,18,21,0
1001,350,20,42,0,1,0,576778197,1144,616,1144,616,0,18,21,0
1001,350,20,42,0,1,0,576778200,1144,616,1144,616,0,18,21,0
1001,350,20,42,0,1,0,576778203,1144,616,1144,616,0,18,21,0
1001,350,20,42,0,1,0,576778206,1144,616,1144,616,0,18,21,0
1001,350,20,42,0,1,0,576778209,1144,616,1144,616,0,18,21,0
1001,350,20,42,0,1,0,576778212,1144,616,1144,616,0,18,21,0
1001,350,20,42,0,1,0,576778215,1144,616,1144,616,0,18,21,0
1001,350,20,42,0,1,0,576778219,1144,616,1144,616,0,18,21,0
1001,350,20,42,0,1,0,576778222,1144,616,1144,616,0,18,21,0
1001,350,20,42,0,1,0,576778225,1144,615,1144,615,0,18,21,0
1001,350,20,42,0,1,0,576778228,1144,615,1144,615,0,18,21,0
1001,350,20,42,0,1,0,576778231,1144,615,1144,615,0,18,21,0
1001,350,20,42,0,1,0,576778234,1144,614,1144,614,0,18,21,0
1001,350,20,42,0,1,0,576778237,1144,614,1144,614,0,18,21,0
1001,350,20,42,0,1,0,576778241,1144,614,1144,614,0,18,21,0
1001,350,20,42,0,1,0,576778244,1144,614,1144,614,0,18,21,0
1001,350,20,42,0,1,0,576778248,1144,614,1144,614,0,18,21,0
1001,350,20,42,0,1,0,576778251,1144,614,1144,614,0,18,21,0
1001,350,20,42,0,1,0,576778253,1144,614,1144,614,0,18,21,0
1001,350,20,42,0,1,0,576778256,1144,614,1144,614,0,18,21,0
1001,350,20,42,0,1,0,576778259,1144,614,1144,614,0,18,21,0
1001,350,20,42,0,1,0,576778263,1144,614,1144,614,0,18,21,0
1001,350,20,42,0,1,0,576778266,1144,614,1144,614,0,18,21,0
1001,350,20,42,0,1,0,576778269,1144,614,1144,614,0,18,21,0
1001,350,20,42,0,1,0,576778272,1144,614,1144,614,0,18,21,0
1001,350,20,42,0,1,0,576778276,1144,614,1144,614,0,18,21,0
1001,350,20,42,0,1,0,576778279,1144,614,1144,614,0,18,21,0
1001,350,20,42,0,1,0,576778282,1144,614,1144,614,0,18,21,0
1001,350,20,42,0,1,0,576778285,1144,615,1144,615,0,18,21,0
1001,350,20,42,0,1,0,576778288,1144,615,1144,615,0,18,21,0
1001,350,20,42,0,1,0,576778291,1144,615,1144,615,0,18,21,0
1001,350,20,42,0,1,0,576778294,1144,615,1144,615,0,18,21,0
1001,350,20,42,0,1,0,576778297,1144,615,1144,615,0,18,21,0
1001,350,20,42,0,1,0,576778301,1143,615,1143,615,0,18,21,0
1001,350,20,42,0,1,0,576778304,1143,615,1143,615,0,18,21,0
1001,350,20,42,0,1,0,576778307,1143,615,1143,615,0,18,21,0
1001,350,20,42,0,1,0,576778311,1143,615,1143,615,0,18,21,0
1001,350,20,42,0,1,0,576778314,1143,615,1143,615,0,18,21,0
1001,350,20,42,0,1,0,576778317,1143,615,1143,615,0,18,21,0
1001,350,20,42,0,1,0,576778320,1143,615,1143,615,0,18,21,0
1001,350,20,42,0,1,0,576778323,1143,615,1143,615,0,18,21,0
1001,350,20,42,0,1,0,576778326,1142,615,1142,615,0,18,21,0
1001,350,20,42,0,1,0,576778329,1142,615,1142,615,0,18,21,0
1001,350,20,42,0,1,0,576778333,1142,615,1142,615,0,18,21,0
1001,350,20,42,0,1,0,576778336,1142,615,1142,615,0,18,21,0
1001,350,20,42,0,1,0,576778354,1142,615,1142,615,0,18,21,0
