1001,350,20,0,150,1,0,576911006,789,772,789,772,0,20,35,0
1001,350,20,0,150,1,0,576911006,789,772,789,772,0,20,35,0
1001,350,20,0,150,1,0,576911010,789,772,789,772,0,20,35,0
1001,350,20,0,150,1,0,576911013,789,772,789,772,0,20,35,0
1001,350,20,0,150,1,0,576911016,789,772,789,772,0,20,35,0
1001,350,20,0,150,1,0,576911020,789,772,789,772,0,20,35,0
1001,350,20,0,150,1,0,576911023,789,772,789,772,0,20,35,0
1001,350,20,0,150,1,0,576911026,789,772,789,772,0,20,35,0
1001,350,20,0,150,1,0,576911029,789,772,789,772,0,20,35,0
1001,350,20,0,150,1,0,576911033,789,772,789,772,0,20,35,0
1001,350,20,0,150,1,0,576911036,789,772,789,772,0,20,35,0
1001,350,20,0,150,1,0,576911040,789,772,789,772,0,20,35,0
1001,350,20,0,150,1,0,576911043,789,772,789,772,0,20,35,0
1001,350,20,0,150,1,0,576911046,789,772,789,772,0,20,35,0
1001,350,20,0,150,1,0,576911049,789,772,789,772,0,20,35,0
1001,350,20,0,150,1,0,576911052,789,771,789,771,0,20,35,0
1001,350,20,0,150,1,0,576911055,790,771,790,771,0,20,35,0
1001,350,20,0,150,1,0,576911060,790,771,790,771,0,20,35,0
1001,350,20,0,150,1,0,576911063,792,771,792,771,0,20,35,0
1001,350,20,0,150,1,0,576911066,794,771,794,771,0,20,35,0
1001,350,20,0,150,1,0,576911070,796,770,796,770,0,20,35,0
1001,350,20,0,150,1,0,576911073,800,769,800,769,0,20,35,0
1001,350,20,0,150,1,0,576911077,803,768,803,768,0,20,35,0
1001,350,20,0,150,1,0,576911080,806,767,806,767,0,20,35,0
1001,350,20,0,150,1,0,576911083,810,765,810,765,0,20,35,0
1001,350,20,0,150,1,0,576911087,813,765,813,765,0,20,35,0
1001,350,20,0,150,1,0,576911090,833,764,833,764,0,20,35,0
1001,350,20,0,150,1,0,576911094,845,763,845,763,0,20,35,0
1001,350,20,0,150,1,0,576911097,857,763,857,763,0,20,35,0
1001,350,20,0,150,1,0,576911101,879,762,879,762,0,20,35,0
1001,350,20,0,150,1,0,576911104,913,761,913,761,0,20,35,0
1001,350,20,0,150,1,0,576911108,938,761,938,761,0,20,35,0
1001,350,20,0,150,1,0,576911111,954,761,954,761,0,20,35,0
1001,350,20,0,150,1,0,576911115,972,761,972,761,0,20,35,0
1001,350,20,0,150,1,0,576911118,999,760,999,760,0,20,35,0
1001,350,20,0,150,1,0,576911121,1018,760,1018,760,0,20,35,0
1001,350,20,0,150,1,0,576911125,1046,759,1046,759,0,20,35,0
1001,350,20,0,150,1,0,576911128,1063,759,1063,759,0,20,35,0
1001,350,20,0,150,1,0,576911132,1089,759,1089,759,0,20,35,0
1001,350,20,0,150,1,0,576911135,1108,759,1108,759,0,20,35,0
1001,350,20,0,150,1,0,576911138,1134,759,1134,759,0,20,35,0
1001,350,20,0,150,1,0,576911141,1158,759,1158,759,0,20,35,0
1001,350,20,0,150,1,0,576911146,1174,759,1174,759,0,20,35,0
1001,350,20,0,150,1,0,576911149,1194,759,1194,759,0,20,35,0
1001,350,20,0,150,1,0,576911152,1209,759,1209,759,0,20,35,0
1001,350,20,0,150,1,0,576911155,1227,760,1227,760,0,20,35,0
1001,350,20,0,150,1,0,576911159,1239,762,1239,762,0,20,35,0
1001,350,20,0,150,1,0,576911162,1247,764,1247,764,0,20,35,0
1001,350,20,0,150,1,0,576911165,1253,765,1253,765,0,20,35,0
1001,350,20,0,150,1,0,576911169,1256,767,1256,767,0,20,35,0
1001,350,20,0,150,1,0,576911172,1257,768,1257,768,0,20,35,0
1001,350,20,0,150,1,0,576911175,1258,768,1258,768,0,20,35,0
1001,350,20,0,150,1,0,576911179,1258,769,1258,769,0,20,35,0
1001,350,20,0,150,1,0,576911182,1258,771,1258,771,0,20,35,0
1001,350,20,0,150,1,0,576911185,1257,771,1257,771,0,20,35,0
1001,350,20,0,150,1,0,576911189,1255,772,1255,772,0,20,35,0
1001,350,20,0,150,1,0,576911192,1253,773,1253,773,0,20,35,0
1001,350,20,0,150,1,0,576911196,1249,774,1249,774,0,20,35,0
1001,350,20,0,150,1,0,576911199,1246,774,1246,774,0,20,35,0
1001,350,20,0,150,1,0,576911202,1241,774,1241,774,0,20,35,0
1001,350,20,0,150,1,0,576911205,1235,774,1235,774,0,20,35,0
1001,350,20,0,150,1,0,576911209,1231,774,1231,774,0,20,35,0
1001,350,20,0,150,1,0,576911212,1226,774,1226,774,0,20,35,0
1001,350,20,0,150,1,0,576911215,1221,774,1221,774,0,20,35,0
1001,350,20,0,150,1,0,576911218,1217,774,1217,774,0,20,35,0
1001,350,20,0,150,1,0,576911222,1212,774,1212,774,0,20,35,0
1001,350,20,0,150,1,0,576911225,1209,774,1209,774,0,20,35,0
1001,350,20,0,150,1,0,576911229,1207,774,1207,774,0,20,35,0
1001,350,20,0,150,1,0,576911232,1204,774,1204,774,0,20,35,0
1001,350,20,0,150,1,0,576911235,1201,774,1201,774,0,20,35,0
1001,350,20,0,150,1,0,576911238,1198,773,1198,773,0,20,35,0
1001,350,20,0,150,1,0,576911241,1197,773,1197,773,0,20,35,0
1001,350,20,0,150,1,0,576911245,1196,773,1196,773,0,20,35,0
1001,350,20,0,150,1,0,576911248,1195,773,1195,773,0,20,35,0
1001,350,20,0,150,1,0,576911251,1194,773,1194,773,0,20,35,0
1001,350,20,0,150,1,0,576911255,1194,773,1194,773,0,20,35,0
1001,350,20,0,150,1,0,576911258,1194,773,1194,773,0,20,35,0
1001,350,20,0,150,1,0,576911261,1193,773,1193,773,0,20,35,0
1001,350,20,0,150,1,0,576911265,1193,773,1193,773,0,20,35,0
1001,350,20,0,150,1,0,576911268,1193,773,1193,773,0,20,35,0
1001,350,20,0,150,1,0,576911271,1193,773,1193,773,0,20,35,0
1001,350,20,0,150,1,0,576911274,1192,773,1192,773,0,20,35,0
1001,350,20,0,150,1,0,576911277,1192,773,1192,773,0,20,35,0
1001,350,20,0,150,1,0,576911280,1192,773,1192,773,0,20,35,0
1001,350,20,0,150,1,0,576911284,1192,773,1192,773,0,20,35,0
1001,350,20,0,150,1,0,576911287,1192,774,1192,774,0,20,35,0
1001,350,20,0,150,1,0,576911291,1191,775,1191,775,0,20,35,0
1001,350,20,0,150,1,0,576911294,1191,775,1191,775,0,20,35,0
1001,350,20,0,150,1,0,576911299,1191,777,1191,777,0,20,35,0
1001,350,20,0,150,1,0,576911302,1190,778,1190,778,0,20,35,0
1001,350,20,0,150,1,0,576911305,1189,778,1189,778,0,20,35,0
1001,350,20,0,150,1,0,576911309,1187,779,1187,779,0,20,35,0
1001,350,20,0,150,1,0,576911313,1185,780,1185,780,0,20,35,0
1001,350,20,0,150,1,0,576911316,1183,781,1183,781,0,20,35,0
1001,350,20,0,150,1,0,576911319,1182,781,1182,781,0,20,35,0
1001,350,20,0,150,1,0,576911322,1181,781,1181,781,0,20,35,0
1001,350,20,0,150,1,0,576911326,1179,781,1179,781,0,20,35,0
1001,350,20,0,150,1,0,576911329,1177,781,1177,781,0,20,35,0
1001,350,20,0,150,1,0,576911332,1175,781,1175,781,0,20,35,0
1001,350,20,0,150,1,0,576911336,1173,781,1173,781,0,20,35,0
1001,350,20,0,150,1,0,576911339,1171,781,1171,781,0,20,35,0
1001,350,20,0,150,1,0,576911343,1168,781,1168,781,0,20,35,0
1001,350,20,0,150,1,0,576911346,1166,781,1166,781,0,20,35,0
1001,350,20,0,150,1,0,576911349,1164,781,1164,781,0,20,35,0
1001,350,20,0,150,1,0,576911352,1163,781,1163,781,0,20,35,0
1001,350,20,0,150,1,0,576911356,1162,781,1162,781,0,20,35,0
1001,350,20,0,150,1,0,576911360,1161,781,1161,781,0,20,35,0
1001,350,20,0,150,1,0,576911363,1160,780,1160,780,0,20,35,0
1001,350,20,0,150,1,0,576911367,1160,779,1160,779,0,20,35,0
1001,350,20,0,150,1,0,576911371,1160,779,1160,779,0,20,35,0
1001,350,20,0,150,1,0,576911375,1160,779,1160,779,0,20,35,0
1001,350,20,0,150,1,0,576911378,1160,779,1160,779,0,20,35,0
1001,350,20,0,150,1,0,576911383,1160,779,1160,779,0,20,35,0
1001,350,20,0,150,1,0,576911386,1160,779,1160,779,0,20,35,0
1001,350,20,0,150,1,0,576911391,1160,779,1160,779,0,20,35,0
1001,350,20,0,150,1,0,576911394,1160,779,1160,779,0,20,35,0
1001,350,20,0,150,1,0,576911397,1160,779,1160,779,0,20,35,0
1001,350,20,0,150,1,0,576911402,1159,779,1159,779,0,20,35,0
1001,350,20,0,150,1,0,576911405,1159,779,1159,779,0,20,35,0
1001,350,20,0,150,1,0,576911408,1158,780,1158,780,0,20,35,0
1001,350,20,0,150,1,0,576911413,1158,780,1158,780,0,20,35,0
1001,350,20,0,150,1,0,576911416,1156,781,1156,781,0,20,35,0
1001,350,20,0,150,1,0,576911421,1156,782,1156,782,0,20,35,0
1001,350,20,0,150,1,0,576911424,1153,782,1153,782,0,20,35,0
1001,350,20,0,150,1,0,576911428,1153,782,1153,782,0,20,35,0
1001,350,20,0,150,1,0,576911432,1152,783,1152,783,0,20,35,0
1001,350,20,0,150,1,0,576911436,1150,783,1150,783,0,20,35,0
1001,350,20,0,150,1,0,576911439,1150,783,1150,783,0,20,35,0
1001,350,20,0,150,1,0,576911444,1148,784,1148,784,0,20,35,0
1001,350,20,0,150,1,0,576911447,1147,784,1147,784,0,20,35,0
1001,350,20,0,150,1,0,576911450,1146,784,1146,784,0,20,35,0
1001,350,20,0,150,1,0,576911455,1145,784,1145,784,0,20,35,0
1001,350,20,0,150,1,0,576911458,1144,784,1144,784,0,20,35,0
1001,350,20,0,150,1,0,576911461,1144,784,1144,784,0,20,35,0
1001,350,20,0,150,1,0,576911467,1144,784,1144,784,0,20,35,0
1001,350,20,0,150,1,0,576911471,1144,784,1144,784,0,20,35,0
1001,350,20,0,150,1,0,576911475,1143,784,1143,784,0,20,35,0
1001,350,20,0,150,1,0,576911478,1143,784,1143,784,0,20,35,0
1001,350,20,0,150,1,0,576911482,1143,784,1143,784,0,20,35,0
1001,350,20,0,150,1,0,576911486,1143,784,1143,784,0,20,35,0
1001,350,20,0,150,1,0,576911489,1143,784,1143,784,0,20,35,0
1001,350,20,0,150,1,0,576911494,1143,783,1143,783,0,20,35,0
1001,350,20,0,150,1,0,576911497,1143,783,1143,783,0,20,35,0
1001,350,20,0,150,1,0,576911500,1143,783,1143,783,0,20,35,0
1001,350,20,0,150,1,0,576911505,1143,783,1143,783,0,20,35,0
1001,350,20,0,150,1,0,576911508,1143,783,1143,783,0,20,35,0
1001,350,20,0,150,1,0,576911513,1143,783,1143,783,0,20,35,0
1001,350,20,0,150,1,0,576911516,1143,783,1143,783,0,20,35,0
1001,350,20,0,150,1,0,576911519,1143,783,1143,783,0,20,35,0
1001,350,20,0,150,1,0,576911524,1142,783,1142,783,0,20,35,0
1001,350,20,0,150,1,0,576911527,1140,784,1140,784,0,20,35,0
1001,350,20,0,150,1,0,576911530,1138,785,1138,785,0,20,35,0
1001,350,20,0,150,1,0,576911535,1137,785,1137,785,0,20,35,0
1001,350,20,0,150,1,0,576911539,1136,785,1136,785,0,20,35,0
1001,350,20,0,150,1,0,576911542,1135,785,1135,785,0,20,35,0
1001,350,20,0,150,1,0,576911546,1134,786,1134,786,0,20,35,0
1001,350,20,0,150,1,0,576911550,1133,787,1133,787,0,20,35,0
1001,350,20,0,150,1,0,576911553,1133,787,1133,787,0,20,35,0
1001,350,20,0,150,1,0,576911557,1133,787,1133,787,0,20,35,0
1001,350,20,0,150,1,0,576911561,1133,787,1133,787,0,20,35,0
1001,350,20,0,150,1,0,576911566,1132,788,1132,788,0,20,35,0
1001,350,20,0,150,1,0,576911569,1132,788,1132,788,0,20,35,0
1001,350,20,0,150,1,0,576911572,1132,788,1132,788,0,20,35,0
1001,350,20,0,150,1,0,576911577,1132,788,1132,788,0,20,35,0
1001,350,20,0,150,1,0,576911580,1132,788,1132,788,0,20,35,0
1001,350,20,0,150,1,0,576911583,1132,788,1132,788,0,20,35,0
1001,350,20,0,150,1,0,576911588,1132,788,1132,788,0,20,35,0
1001,350,20,0,150,1,0,576911591,1132,788,1132,788,0,20,35,0
1001,350,20,0,150,1,0,576911594,1132,787,1132,787,0,20,35,0
1001,350,20,0,150,1,0,576911599,1132,786,1132,786,0,20,35,0
1001,350,20,0,150,1,0,576911602,1132,786,1132,786,0,20,35,0
1001,350,20,0,150,1,0,576911605,1133,786,1133,786,0,20,35,0
1001,350,20,0,150,1,0,576911610,1133,786,1133,786,0,20,35,0
1001,350,20,0,150,1,0,576911613,1133,785,1133,785,0,20,35,0
1001,350,20,0,150,1,0,576911617,1133,785,1133,785,0,20,35,0
1001,350,20,0,150,1,0,576911621,1133,785,1133,785,0,20,35,0
1001,350,20,0,150,1,0,576911625,1133,784,1133,784,0,20,35,0
1001,350,20,0,150,1,0,576911628,1133,784,1133,784,0,20,35,0
1001,350,20,0,150,1,0,576911633,1133,784,1133,784,0,20,35,0
1001,350,20,0,150,1,0,576911636,1133,784,1133,784,0,20,35,0
1001,350,20,0,150,1,0,576911639,1133,784,1133,784,0,20,35,0
1001,350,20,0,150,1,0,576911644,1133,784,1133,784,0,20,35,0
1001,350,20,0,150,1,0,576911657,1133,784,1133,784,0,20,35,0
