6,700,50.400000,22.608000,1,1,37037239,610,22,610,22,0,0,65
6,700,50.400000,22.608000,1,1,37037240,610,22,610,22,0,0,65
6,700,50.400000,22.608000,1,1,37037262,618,22,618,22,0,0,65
6,700,50.400000,22.608000,1,1,37037272,656,21,656,21,0,0,65
6,700,50.400000,22.608000,1,1,37037284,682,21,682,21,0,0,65
6,700,50.400000,22.608000,1,1,37037297,752,21,752,21,0,0,65
6,700,50.400000,22.608000,1,1,37037315,802,21,802,21,0,0,65
6,700,50.400000,22.608000,1,1,37037335,905,19,905,19,0,0,65
6,700,50.400000,22.608000,1,1,37037353,1028,12,1028,12,0,0,65
6,700,50.400000,22.608000,1,1,37037364,1134,3,1134,3,0,0,65
6,700,50.400000,22.608000,1,1,37037381,1187,0,1187,-3,0,0,65
6,700,50.400000,22.608000,1,1,37037393,1240,0,1240,-12,0,0,65
6,700,50.400000,22.608000,1,1,37037405,1254,0,1254,-16,0,0,65
6,700,50.400000,22.608000,1,1,37037416,1257,0,1257,-18,0,0,65
6,700,50.400000,22.608000,1,1,37037428,1257,0,1257,-18,0,0,65
6,700,50.400000,22.608000,1,1,37037442,1257,0,1257,-18,0,0,65
6,700,50.400000,22.608000,1,1,37037453,1257,0,1257,-18,0,0,65
6,700,50.400000,22.608000,1,1,37037466,1257,0,1257,-18,0,0,65
6,700,50.400000,22.608000,1,1,37037477,1257,0,1257,-18,0,0,65
6,700,50.400000,22.608000,1,1,37037489,1257,0,1257,-18,0,0,65
6,700,50.400000,22.608000,1,1,37037499,1257,0,1257,-18,0,0,65
6,700,50.400000,22.608000,1,1,37037510,1257,0,1257,-18,0,0,65
6,700,50.400000,22.608000,1,1,37037522,1256,0,1256,-18,0,0,65
6,700,50.400000,22.608000,1,1,37037533,1255,0,1255,-18,0,0,65
6,700,50.400000,22.608000,1,1,37037544,1255,0,1255,-18,0,0,65
6,700,50.400000,22.608000,1,1,37037554,1255,0,1255,-18,0,0,65
6,700,50.400000,22.608000,1,1,37037566,1256,0,1256,-18,0,0,65
6,700,50.400000,22.608000,1,1,37037578,1258,0,1258,-18,0,0,65
6,700,50.400000,22.608000,1,1,37037588,1259,0,1259,-19,0,0,65
6,700,50.400000,22.608000,1,1,37037602,1260,0,1260,-19,0,0,65
6,700,50.400000,22.608000,1,1,37037614,1262,0,1262,-19,0,0,65
6,700,50.400000,22.608000,1,1,37037631,1265,0,1265,-19,0,0,65
6,700,50.400000,22.608000,1,1,37037644,1278,0,1278,-19,0,0,65
6,700,50.400000,22.608000,1,1,37037655,1291,0,1291,-19,0,0,65
6,700,50.400000,22.608000,1,1,37037667,1304,0,1304,-19,0,0,65
6,700,50.400000,22.608000,1,1,37037679,1314,1,1314,-18,0,0,65
6,700,50.400000,22.608000,1,1,37037690,1316,2,1316,-17,0,0,65
6,700,50.400000,22.608000,1,1,37037702,1318,3,1318,-16,0,0,65
6,700,50.400000,22.608000,1,1,37037713,1318,3,1318,-16,0,0,65
6,700,50.400000,22.608000,1,1,37037725,1318,3,1318,-16,0,0,65
6,700,50.400000,22.608000,1,1,37037734,1318,3,1318,-16,0,0,65
6,700,50.400000,22.608000,1,1,37037746,1318,3,1318,-16,0,0,65
6,700,50.400000,22.608000,1,1,37037758,1318,3,1318,-16,0,0,65
6,700,50.400000,22.608000,1,1,37037768,1318,3,1318,-16,0,0,65
