6,350,82.800000,12.276000,1,0,37352717,785,0,785,0,0,2,81
6,350,82.800000,12.276000,1,0,37352718,785,0,785,0,0,2,81
6,350,82.800000,12.276000,1,0,37352730,785,0,785,0,0,2,81
6,350,82.800000,12.276000,1,0,37352742,785,0,785,0,0,2,81
6,350,82.800000,12.276000,1,0,37352753,787,0,787,0,0,2,81
6,350,82.800000,12.276000,1,0,37352764,789,0,789,0,0,2,81
6,350,82.800000,12.276000,1,0,37352775,794,0,794,-1,0,2,81
6,350,82.800000,12.276000,1,0,37352787,802,0,802,-2,0,2,81
6,350,82.800000,12.276000,1,0,37352799,820,0,820,-5,0,2,81
6,350,82.800000,12.276000,1,0,37352812,854,0,854,-9,0,2,81
6,350,82.800000,12.276000,1,0,37352824,900,0,900,-11,0,2,81
6,350,82.800000,12.276000,1,0,37352836,950,0,950,-14,0,2,81
6,350,82.800000,12.276000,1,0,37352848,1006,0,1006,-17,0,2,81
6,350,82.800000,12.276000,1,0,37352860,1060,0,1060,-21,0,2,81
6,350,82.800000,12.276000,1,0,37352872,1103,0,1103,-25,0,2,81
6,350,82.800000,12.276000,1,0,37352885,1128,0,1128,-27,0,2,81
6,350,82.800000,12.276000,1,0,37352896,1142,0,1142,-28,0,2,81
6,350,82.800000,12.276000,1,0,37352907,1145,0,1145,-28,0,2,81
6,350,82.800000,12.276000,1,0,37352919,1148,0,1148,-28,0,2,81
6,350,82.800000,12.276000,1,0,37352930,1147,0,1147,-29,0,2,81
6,350,82.800000,12.276000,1,0,37352942,1144,0,1144,-29,0,2,81
6,350,82.800000,12.276000,1,0,37352953,1142,0,1142,-29,0,2,81
6,350,82.800000,12.276000,1,0,37352965,1142,0,1142,-29,0,2,81
6,350,82.800000,12.276000,1,0,37352976,1142,0,1142,-29,0,2,81
6,350,82.800000,12.276000,1,0,37352987,1143,0,1143,-29,0,2,81
6,350,82.800000,12.276000,1,0,37352999,1143,0,1143,-29,0,2,81
6,350,82.800000,12.276000,1,0,37353011,1143,0,1143,-29,0,2,81
6,350,82.800000,12.276000,1,0,37353023,1143,0,1143,-29,0,2,81
6,350,82.800000,12.276000,1,0,37353033,1143,0,1143,-29,0,2,81
6,350,82.800000,12.276000,1,0,37353043,1143,0,1143,-29,0,2,81
6,350,82.800000,12.276000,1,0,37353056,1143,0,1143,-29,0,2,81
6,350,82.800000,12.276000,1,0,37353067,1143,0,1143,-29,0,2,81
6,350,82.800000,12.276000,1,0,37353079,1143,0,1143,-29,0,2,81
6,350,82.800000,12.276000,1,0,37353090,1144,0,1144,-29,0,2,81
