6,700,50.400000,42.984000,0,1,37501210,610,22,610,22,0,3,79
6,700,50.400000,42.984000,0,1,37501211,610,22,610,22,0,3,79
6,700,50.400000,42.984000,0,1,37501222,610,22,610,22,0,3,79
6,700,50.400000,42.984000,0,1,37501233,610,22,610,22,0,3,79
6,700,50.400000,42.984000,0,1,37501245,611,23,611,23,0,3,79
6,700,50.400000,42.984000,0,1,37501257,615,24,615,24,0,3,79
6,700,50.400000,42.984000,0,1,37501268,626,26,626,26,0,3,79
6,700,50.400000,42.984000,0,1,37501285,646,30,646,30,0,3,79
6,700,50.400000,42.984000,0,1,37501307,696,37,696,37,0,3,79
6,700,50.400000,42.984000,0,1,37501319,840,51,840,51,0,3,79
6,700,50.400000,42.984000,0,1,37501331,927,56,927,56,0,3,79
6,700,50.400000,42.984000,0,1,37501344,1021,57,1021,57,0,3,79
6,700,50.400000,42.984000,0,1,37501355,1135,56,1135,56,0,3,79
6,700,50.400000,42.984000,0,1,37501367,1228,50,1228,50,0,3,79
6,700,50.400000,42.984000,0,1,37501383,1302,41,1302,41,0,3,79
6,700,50.400000,42.984000,0,1,37501395,1364,28,1364,28,0,3,79
6,700,50.400000,42.984000,0,1,37501406,1371,24,1371,24,0,3,79
6,700,50.400000,42.984000,0,1,37501417,1372,20,1372,20,0,3,79
6,700,50.400000,42.984000,0,1,37501428,1370,16,1370,16,0,3,79
6,700,50.400000,42.984000,0,1,37501439,1368,13,1368,13,0,3,79
6,700,50.400000,42.984000,0,1,37501451,1365,12,1365,12,0,3,79
6,700,50.400000,42.984000,0,1,37501465,1363,12,1363,12,0,3,79
6,700,50.400000,42.984000,0,1,37501475,1362,11,1362,11,0,3,79
6,700,50.400000,42.984000,0,1,37501486,1362,11,1362,11,0,3,79
6,700,50.400000,42.984000,0,1,37501498,1362,11,1362,11,0,3,79
6,700,50.400000,42.984000,0,1,37501509,1363,10,1363,10,0,3,79
6,700,50.400000,42.984000,0,1,37501521,1366,8,1366,8,0,3,79
6,700,50.400000,42.984000,0,1,37501537,1368,7,1368,7,0,3,79
6,700,50.400000,42.984000,0,1,37501548,1368,5,1368,5,0,3,79
6,700,50.400000,42.984000,0,1,37501559,1365,2,1365,2,0,3,79
6,700,50.400000,42.984000,0,1,37501571,1361,0,1361,-1,0,3,79
6,700,50.400000,42.984000,0,1,37501584,1358,0,1358,-3,0,3,79
6,700,50.400000,42.984000,0,1,37501600,1356,0,1356,-4,0,3,79
6,700,50.400000,42.984000,0,1,37501613,1353,0,1353,-6,0,3,79
6,700,50.400000,42.984000,0,1,37501630,1347,0,1347,-7,0,3,79
6,700,50.400000,42.984000,0,1,37501653,1334,0,1334,-7,0,3,79
6,700,50.400000,42.984000,0,1,37501665,1307,1,1307,-6,0,3,79
6,700,50.400000,42.984000,0,1,37501676,1300,2,1300,-5,0,3,79
6,700,50.400000,42.984000,0,1,37501687,1299,2,1299,-5,0,3,79
6,700,50.400000,42.984000,0,1,37501697,1299,2,1299,-5,0,3,79
6,700,50.400000,42.984000,0,1,37501708,1299,2,1299,-5,0,3,79
6,700,50.400000,42.984000,0,1,37501720,1300,2,1300,-5,0,3,79
6,700,50.400000,42.984000,0,1,37501732,1301,2,1301,-5,0,3,79
6,700,50.400000,42.984000,0,1,37501744,1303,2,1303,-5,0,3,79
6,700,50.400000,42.984000,0,1,37501754,1303,2,1303,-5,0,3,79
6,700,50.400000,42.984000,0,1,37501766,1303,2,1303,-5,0,3,79
6,700,50.400000,42.984000,0,1,37501777,1303,2,1303,-5,0,3,79
6,700,50.400000,42.984000,0,1,37501788,1303,2,1303,-5,0,3,79
6,700,50.400000,42.984000,0,1,37501799,1303,2,1303,-5,0,3,79
6,700,50.400000,42.984000,0,1,37501810,1303,2,1303,-5,0,3,79
6,700,50.400000,42.984000,0,1,37501821,1303,2,1303,-5,0,3,79
