6,700,82.800000,10000.000000,0,0,37803404,610,0,610,0,0,5,88
6,700,82.800000,10000.000000,0,0,37803405,610,0,610,0,0,5,88
6,700,82.800000,10000.000000,0,0,37803415,611,0,611,0,0,5,88
6,700,82.800000,10000.000000,0,0,37803427,613,0,613,0,0,5,88
6,700,82.800000,10000.000000,0,0,37803438,617,0,617,0,0,5,88
6,700,82.800000,10000.000000,0,0,37803468,623,0,623,0,0,5,88
6,700,82.800000,10000.000000,0,0,37803489,686,0,686,0,0,5,88
6,700,82.800000,10000.000000,0,0,37803500,773,0,773,0,0,5,88
6,700,82.800000,10000.000000,0,0,37803525,832,0,832,-1,0,5,88
6,700,82.800000,10000.000000,0,0,37803538,976,0,976,-8,0,5,88
6,700,82.800000,10000.000000,0,0,37803550,1058,0,1058,-15,0,5,88
6,700,82.800000,10000.000000,0,0,37803564,1125,0,1125,-21,0,5,88
6,700,82.800000,10000.000000,0,0,37803577,1188,0,1188,-27,0,5,88
6,700,82.800000,10000.000000,0,0,37803599,1227,0,1227,-32,0,5,88
6,700,82.800000,10000.000000,0,0,37803613,1253,0,1253,-38,0,5,88
6,700,82.800000,10000.000000,0,0,37803624,1254,0,1254,-39,0,5,88
6,700,82.800000,10000.000000,0,0,37803638,1255,0,1255,-40,0,5,88
6,700,82.800000,10000.000000,0,0,37803650,1255,0,1255,-40,0,5,88
6,700,82.800000,10000.000000,0,0,37803661,1255,0,1255,-40,0,5,88
6,700,82.800000,10000.000000,0,0,37803673,1256,0,1256,-40,0,5,88
6,700,82.800000,10000.000000,0,0,37803688,1259,0,1259,-40,0,5,88
6,700,82.800000,10000.000000,0,0,37803702,1264,0,1264,-41,0,5,88
6,700,82.800000,10000.000000,0,0,37803712,1267,0,1267,-42,0,5,88
6,700,82.800000,10000.000000,0,0,37803723,1267,0,1267,-42,0,5,88
6,700,82.800000,10000.000000,0,0,37803735,1267,0,1267,-42,0,5,88
6,700,82.800000,10000.000000,0,0,37803746,1267,0,1267,-42,0,5,88
6,700,82.800000,10000.000000,0,0,37803757,1266,0,1266,-42,0,5,88
6,700,82.800000,10000.000000,0,0,37803770,1265,0,1265,-42,0,5,88
6,700,82.800000,10000.000000,0,0,37803782,1265,0,1265,-42,0,5,88
6,700,82.800000,10000.000000,0,0,37803794,1266,0,1266,-42,0,5,88
6,700,82.800000,10000.000000,0,0,37803806,1268,0,1268,-42,0,5,88
6,700,82.800000,10000.000000,0,0,37803829,1270,0,1270,-42,0,5,88
6,700,82.800000,10000.000000,0,0,37803842,1271,0,1271,-42,0,5,88
