6,350,21.600000,22.608000,0,0,37791294,785,0,785,0,0,5,78
6,350,21.600000,22.608000,0,0,37791295,785,0,785,0,0,5,78
6,350,21.600000,22.608000,0,0,37791306,785,0,785,0,0,5,78
6,350,21.600000,22.608000,0,0,37791318,787,0,787,0,0,5,78
6,350,21.600000,22.608000,0,0,37791328,790,0,790,0,0,5,78
6,350,21.600000,22.608000,0,0,37791341,797,0,797,0,0,5,78
6,350,21.600000,22.608000,0,0,37791354,816,0,816,0,0,5,78
6,350,21.600000,22.608000,0,0,37791366,841,0,841,0,0,5,78
6,350,21.600000,22.608000,0,0,37791379,876,0,876,-1,0,5,78
6,350,21.600000,22.608000,0,0,37791393,921,0,921,-2,0,5,78
6,350,21.600000,22.608000,0,0,37791405,974,0,974,-6,0,5,78
6,350,21.600000,22.608000,0,0,37791418,1024,0,1024,-10,0,5,78
6,350,21.600000,22.608000,0,0,37791431,1071,0,1071,-14,0,5,78
6,350,21.600000,22.608000,0,0,37791443,1102,0,1102,-17,0,5,78
6,350,21.600000,22.608000,0,0,37791455,1120,0,1120,-18,0,5,78
6,350,21.600000,22.608000,0,0,37791470,1124,0,1124,-19,0,5,78
6,350,21.600000,22.608000,0,0,37791483,1122,0,1122,-20,0,5,78
6,350,21.600000,22.608000,0,0,37791494,1118,0,1118,-20,0,5,78
6,350,21.600000,22.608000,0,0,37791504,1116,0,1116,-20,0,5,78
6,350,21.600000,22.608000,0,0,37791518,1116,0,1116,-20,0,5,78
6,350,21.600000,22.608000,0,0,37791528,1116,0,1116,-20,0,5,78
6,350,21.600000,22.608000,0,0,37791546,1116,0,1116,-20,0,5,78
6,350,21.600000,22.608000,0,0,37791562,1116,0,1116,-20,0,5,78
6,350,21.600000,22.608000,0,0,37791574,1116,0,1116,-20,0,5,78
6,350,21.600000,22.608000,0,0,37791589,1116,0,1116,-20,0,5,78
6,350,21.600000,22.608000,0,0,37791601,1115,0,1115,-20,0,5,78
6,350,21.600000,22.608000,0,0,37791614,1115,0,1115,-20,0,5,78
6,350,21.600000,22.608000,0,0,37791627,1115,0,1115,-20,0,5,78
6,350,21.600000,22.608000,0,0,37791637,1115,0,1115,-20,0,5,78
6,350,21.600000,22.608000,0,0,37791649,1115,0,1115,-20,0,5,78
6,350,21.600000,22.608000,0,0,37791659,1115,0,1115,-20,0,5,78
6,350,21.600000,22.608000,0,0,37791670,1116,0,1116,-20,0,5,78
6,350,21.600000,22.608000,0,0,37791683,1118,0,1118,-20,0,5,78
6,350,21.600000,22.608000,0,0,37791694,1120,0,1120,-20,0,5,78
6,350,21.600000,22.608000,0,0,37791704,1122,0,1122,-20,0,5,78
6,350,21.600000,22.608000,0,0,37791716,1125,0,1125,-20,0,5,78
6,350,21.600000,22.608000,0,0,37791729,1130,0,1130,-20,0,5,78
6,350,21.600000,22.608000,0,0,37791742,1133,0,1133,-20,0,5,78
6,350,21.600000,22.608000,0,0,37791754,1133,0,1133,-20,0,5,78
6,350,21.600000,22.608000,0,0,37791767,1133,0,1133,-20,0,5,78
6,350,21.600000,22.608000,0,0,37791777,1133,0,1133,-20,0,5,78
6,350,21.600000,22.608000,0,0,37791789,1133,0,1133,-20,0,5,78
6,350,21.600000,22.608000,0,0,37791800,1133,0,1133,-20,0,5,78
6,350,21.600000,22.608000,0,0,37791812,1133,0,1133,-20,0,5,78
6,350,21.600000,22.608000,0,0,37791823,1133,0,1133,-20,0,5,78
6,350,21.600000,22.608000,0,0,37791834,1133,0,1133,-20,0,5,78
6,350,21.600000,22.608000,0,0,37791845,1133,0,1133,-20,0,5,78
6,350,21.600000,22.608000,0,0,37791855,1133,0,1133,-20,0,5,78
6,350,21.600000,22.608000,0,0,37791867,1133,0,1133,-20,0,5,78
6,350,21.600000,22.608000,0,0,37791878,1133,0,1133,-20,0,5,78
6,350,21.600000,22.608000,0,0,37791889,1133,0,1133,-20,0,5,78
