6,700,21.600000,42.984000,0,1,37832765,610,22,610,22,0,5,113
6,700,21.600000,42.984000,0,1,37832766,610,22,610,22,0,5,113
6,700,21.600000,42.984000,0,1,37832780,612,22,612,22,0,5,113
6,700,21.600000,42.984000,0,1,37832804,617,22,617,22,0,5,113
6,700,21.600000,42.984000,0,1,37832823,641,22,641,22,0,5,113
6,700,21.600000,42.984000,0,1,37832836,685,22,685,22,0,5,113
6,700,21.600000,42.984000,0,1,37832850,737,25,737,25,0,5,113
6,700,21.600000,42.984000,0,1,37832871,795,29,795,29,0,5,113
6,700,21.600000,42.984000,0,1,37832889,907,34,907,34,0,5,113
6,700,21.600000,42.984000,0,1,37832903,1019,34,1019,34,0,5,113
6,700,21.600000,42.984000,0,1,37832915,1100,34,1100,34,0,5,113
6,700,21.600000,42.984000,0,1,37832929,1156,32,1156,32,0,5,113
6,700,21.600000,42.984000,0,1,37832942,1201,28,1201,28,0,5,113
6,700,21.600000,42.984000,0,1,37832953,1222,24,1222,24,0,5,113
6,700,21.600000,42.984000,0,1,37832965,1233,20,1233,20,0,5,113
6,700,21.600000,42.984000,0,1,37832976,1240,16,1240,16,0,5,113
6,700,21.600000,42.984000,0,1,37832988,1241,14,1241,14,0,5,113
6,700,21.600000,42.984000,0,1,37833001,1241,13,1241,13,0,5,113
6,700,21.600000,42.984000,0,1,37833011,1241,13,1241,13,0,5,113
6,700,21.600000,42.984000,0,1,37833021,1241,13,1241,13,0,5,113
6,700,21.600000,42.984000,0,1,37833032,1241,13,1241,13,0,5,113
6,700,21.600000,42.984000,0,1,37833042,1241,13,1241,13,0,5,113
6,700,21.600000,42.984000,0,1,37833053,1241,13,1241,13,0,5,113
6,700,21.600000,42.984000,0,1,37833064,1241,13,1241,13,0,5,113
6,700,21.600000,42.984000,0,1,37833075,1241,12,1241,12,0,5,113
6,700,21.600000,42.984000,0,1,37833086,1243,12,1243,12,0,5,113
6,700,21.600000,42.984000,0,1,37833098,1245,11,1245,11,0,5,113
6,700,21.600000,42.984000,0,1,37833110,1248,10,1248,10,0,5,113
6,700,21.600000,42.984000,0,1,37833121,1251,9,1251,9,0,5,113
6,700,21.600000,42.984000,0,1,37833133,1255,8,1255,8,0,5,113
6,700,21.600000,42.984000,0,1,37833144,1260,7,1260,7,0,5,113
6,700,21.600000,42.984000,0,1,37833154,1261,7,1261,7,0,5,113
6,700,21.600000,42.984000,0,1,37833164,1263,7,1263,7,0,5,113
6,700,21.600000,42.984000,0,1,37833175,1261,7,1261,7,0,5,113
6,700,21.600000,42.984000,0,1,37833185,1260,7,1260,7,0,5,113
6,700,21.600000,42.984000,0,1,37833196,1260,7,1260,7,0,5,113
6,700,21.600000,42.984000,0,1,37833206,1260,7,1260,7,0,5,113
6,700,21.600000,42.984000,0,1,37833217,1261,7,1261,7,0,5,113
6,700,21.600000,42.984000,0,1,37833229,1264,7,1264,7,0,5,113
6,700,21.600000,42.984000,0,1,37833242,1269,6,1269,6,0,5,113
6,700,21.600000,42.984000,0,1,37833254,1275,5,1275,5,0,5,113
6,700,21.600000,42.984000,0,1,37833268,1285,3,1285,3,0,5,113
6,700,21.600000,42.984000,0,1,37833279,1294,2,1294,2,0,5,113
6,700,21.600000,42.984000,0,1,37833291,1297,2,1297,2,0,5,113
6,700,21.600000,42.984000,0,1,37833303,1298,2,1298,2,0,5,113
6,700,21.600000,42.984000,0,1,37833313,1299,2,1299,2,0,5,113
6,700,21.600000,42.984000,0,1,37833324,1299,2,1299,2,0,5,113
6,700,21.600000,42.984000,0,1,37833336,1299,2,1299,2,0,5,113
6,700,21.600000,42.984000,0,1,37833348,1299,2,1299,2,0,5,113
6,700,21.600000,42.984000,0,1,37833360,1299,2,1299,2,0,5,113
6,700,21.600000,42.984000,0,1,37833371,1299,2,1299,2,0,5,113
6,700,21.600000,42.984000,0,1,37833383,1299,2,1299,2,0,5,113
6,700,21.600000,42.984000,0,1,37833394,1299,2,1299,2,0,5,113
6,700,21.600000,42.984000,0,1,37833405,1299,2,1299,2,0,5,113
6,700,21.600000,42.984000,0,1,37833416,1300,2,1300,2,0,5,113
6,700,21.600000,42.984000,0,1,37833428,1300,2,1300,2,0,5,113
6,700,21.600000,42.984000,0,1,37833439,1301,2,1301,2,0,5,113
6,700,21.600000,42.984000,0,1,37833450,1302,2,1302,2,0,5,113
6,700,21.600000,42.984000,0,1,37833461,1302,2,1302,2,0,5,113
6,700,21.600000,42.984000,0,1,37833472,1302,2,1302,2,0,5,113
6,700,21.600000,42.984000,0,1,37833483,1302,2,1302,2,0,5,113
6,700,21.600000,42.984000,0,1,37833494,1302,2,1302,2,0,5,113
6,700,21.600000,42.984000,0,1,37833505,1302,2,1302,2,0,5,113
6,700,21.600000,42.984000,0,1,37833516,1302,2,1302,2,0,5,113
6,700,21.600000,42.984000,0,1,37833529,1302,2,1302,2,0,5,113
6,700,21.600000,42.984000,0,1,37833540,1302,2,1302,2,0,5,113
