6,350,82.800000,0.000000,1,0,37962541,785,0,785,0,0,6,88
6,350,82.800000,0.000000,1,0,37962542,785,0,785,0,0,6,88
6,350,82.800000,0.000000,1,0,37962553,788,0,788,0,0,6,88
6,350,82.800000,0.000000,1,0,37962568,793,1,793,1,0,6,88
6,350,82.800000,0.000000,1,0,37962580,807,1,807,1,0,6,88
6,350,82.800000,0.000000,1,0,37962595,825,0,825,0,0,6,88
6,350,82.800000,0.000000,1,0,37962608,854,0,854,-1,0,6,88
6,350,82.800000,0.000000,1,0,37962620,886,0,886,-3,0,6,88
6,350,82.800000,0.000000,1,0,37962639,916,0,916,-5,0,6,88
6,350,82.800000,0.000000,1,0,37962654,963,0,963,-10,0,6,88
6,350,82.800000,0.000000,1,0,37962668,1010,0,1010,-16,0,6,88
6,350,82.800000,0.000000,1,0,37962680,1045,0,1045,-22,0,6,88
6,350,82.800000,0.000000,1,0,37962694,1079,0,1079,-28,0,6,88
6,350,82.800000,0.000000,1,0,37962708,1110,0,1110,-34,0,6,88
6,350,82.800000,0.000000,1,0,37962719,1132,0,1132,-38,0,6,88
6,350,82.800000,0.000000,1,0,37962731,1142,0,1142,-40,0,6,88
6,350,82.800000,0.000000,1,0,37962742,1145,0,1145,-41,0,6,88
6,350,82.800000,0.000000,1,0,37962752,1145,0,1145,-42,0,6,88
6,350,82.800000,0.000000,1,0,37962764,1145,0,1145,-43,0,6,88
6,350,82.800000,0.000000,1,0,37962775,1144,0,1144,-43,0,6,88
6,350,82.800000,0.000000,1,0,37962787,1144,0,1144,-43,0,6,88
6,350,82.800000,0.000000,1,0,37962801,1144,0,1144,-43,0,6,88
6,350,82.800000,0.000000,1,0,37962812,1144,0,1144,-43,0,6,88
6,350,82.800000,0.000000,1,0,37962825,1144,0,1144,-43,0,6,88
6,350,82.800000,0.000000,1,0,37962839,1144,0,1144,-43,0,6,88
6,350,82.800000,0.000000,1,0,37962850,1144,0,1144,-43,0,6,88
6,350,82.800000,0.000000,1,0,37962862,1144,0,1144,-43,0,6,88
6,350,82.800000,0.000000,1,0,37962873,1143,0,1143,-43,0,6,88
6,350,82.800000,0.000000,1,0,37962885,1142,0,1142,-43,0,6,88
6,350,82.800000,0.000000,1,0,37962897,1142,0,1142,-43,0,6,88
6,350,82.800000,0.000000,1,0,37962907,1142,0,1142,-43,0,6,88
