6,700,50.400000,42.984000,0,0,37940410,610,0,610,0,0,6,70
6,700,50.400000,42.984000,0,0,37940411,610,0,610,0,0,6,70
6,700,50.400000,42.984000,0,0,37940423,621,1,621,1,0,6,70
6,700,50.400000,42.984000,0,0,37940435,638,1,638,1,0,6,70
6,700,50.400000,42.984000,0,0,37940449,666,2,666,2,0,6,70
6,700,50.400000,42.984000,0,0,37940461,710,3,710,3,0,6,70
6,700,50.400000,42.984000,0,0,37940474,766,4,766,4,0,6,70
6,700,50.400000,42.984000,0,0,37940488,837,5,837,5,0,6,70
6,700,50.400000,42.984000,0,0,37940500,906,4,906,4,0,6,70
6,700,50.400000,42.984000,0,0,37940512,970,0,970,0,0,6,70
6,700,50.400000,42.984000,0,0,37940524,1040,0,1040,-4,0,6,70
6,700,50.400000,42.984000,0,0,37940537,1107,0,1107,-8,0,6,70
6,700,50.400000,42.984000,0,0,37940550,1160,0,1160,-12,0,6,70
6,700,50.400000,42.984000,0,0,37940563,1201,0,1201,-16,0,6,70
6,700,50.400000,42.984000,0,0,37940575,1232,0,1232,-20,0,6,70
6,700,50.400000,42.984000,0,0,37940586,1247,0,1247,-22,0,6,70
6,700,50.400000,42.984000,0,0,37940597,1253,0,1253,-23,0,6,70
6,700,50.400000,42.984000,0,0,37940609,1256,0,1256,-23,0,6,70
6,700,50.400000,42.984000,0,0,37940622,1259,0,1259,-24,0,6,70
6,700,50.400000,42.984000,0,0,37940634,1261,0,1261,-24,0,6,70
6,700,50.400000,42.984000,0,0,37940644,1263,0,1263,-24,0,6,70
6,700,50.400000,42.984000,0,0,37940655,1263,0,1263,-24,0,6,70
6,700,50.400000,42.984000,0,0,37940668,1263,0,1263,-24,0,6,70
6,700,50.400000,42.984000,0,0,37940678,1263,0,1263,-24,0,6,70
6,700,50.400000,42.984000,0,0,37940690,1263,0,1263,-24,0,6,70
6,700,50.400000,42.984000,0,0,37940701,1263,0,1263,-24,0,6,70
6,700,50.400000,42.984000,0,0,37940713,1263,0,1263,-24,0,6,70
6,700,50.400000,42.984000,0,0,37940724,1263,0,1263,-24,0,6,70
6,700,50.400000,42.984000,0,0,37940735,1263,0,1263,-24,0,6,70
6,700,50.400000,42.984000,0,0,37940746,1263,0,1263,-24,0,6,70
6,700,50.400000,42.984000,0,0,37940758,1263,0,1263,-24,0,6,70
6,700,50.400000,42.984000,0,0,37940769,1264,0,1264,-24,0,6,70
6,700,50.400000,42.984000,0,0,37940780,1267,0,1267,-24,0,6,70
6,700,50.400000,42.984000,0,0,37940792,1270,0,1270,-24,0,6,70
6,700,50.400000,42.984000,0,0,37940803,1273,0,1273,-24,0,6,70
6,700,50.400000,42.984000,0,0,37940814,1274,0,1274,-25,0,6,70
6,700,50.400000,42.984000,0,0,37940825,1275,0,1275,-25,0,6,70
6,700,50.400000,42.984000,0,0,37940838,1277,0,1277,-25,0,6,70
6,700,50.400000,42.984000,0,0,37940856,1282,0,1282,-25,0,6,70
6,700,50.400000,42.984000,0,0,37940868,1294,0,1294,-25,0,6,70
6,700,50.400000,42.984000,0,0,37940881,1306,0,1306,-26,0,6,70
6,700,50.400000,42.984000,0,0,37940894,1318,0,1318,-26,0,6,70
6,700,50.400000,42.984000,0,0,37940904,1326,0,1326,-26,0,6,70
6,700,50.400000,42.984000,0,0,37940916,1327,0,1327,-26,0,6,70
6,700,50.400000,42.984000,0,0,37940927,1328,0,1328,-26,0,6,70
6,700,50.400000,42.984000,0,0,37940937,1328,0,1328,-26,0,6,70
