6,350,82.800000,10000.000000,0,1,38086446,785,22,785,22,0,7,70
6,350,82.800000,10000.000000,0,1,38086447,785,22,785,22,0,7,70
6,350,82.800000,10000.000000,0,1,38086460,800,26,800,26,0,7,70
6,350,82.800000,10000.000000,0,1,38086473,818,29,818,29,0,7,70
6,350,82.800000,10000.000000,0,1,38086485,842,32,842,32,0,7,70
6,350,82.800000,10000.000000,0,1,38086497,869,35,869,35,0,7,70
6,350,82.800000,10000.000000,0,1,38086510,899,38,899,38,0,7,70
6,350,82.800000,10000.000000,0,1,38086525,939,40,939,40,0,7,70
6,350,82.800000,10000.000000,0,1,38086558,979,40,979,40,0,7,70
6,350,82.800000,10000.000000,0,1,38086574,1076,30,1076,30,0,7,70
6,350,82.800000,10000.000000,0,1,38086587,1110,24,1110,24,0,7,70
6,350,82.800000,10000.000000,0,1,38086600,1132,19,1132,19,0,7,70
6,350,82.800000,10000.000000,0,1,38086614,1144,15,1144,15,0,7,70
6,350,82.800000,10000.000000,0,1,38086625,1146,14,1146,14,0,7,70
6,350,82.800000,10000.000000,0,1,38086639,1146,13,1146,13,0,7,70
6,350,82.800000,10000.000000,0,1,38086650,1146,12,1146,12,0,7,70
6,350,82.800000,10000.000000,0,1,38086662,1145,11,1145,11,0,7,70
6,350,82.800000,10000.000000,0,1,38086674,1145,11,1145,11,0,7,70
6,350,82.800000,10000.000000,0,1,38086686,1145,11,1145,11,0,7,70
6,350,82.800000,10000.000000,0,1,38086698,1145,11,1145,11,0,7,70
6,350,82.800000,10000.000000,0,1,38086709,1145,11,1145,11,0,7,70
6,350,82.800000,10000.000000,0,1,38086721,1145,11,1145,11,0,7,70
6,350,82.800000,10000.000000,0,1,38086733,1145,10,1145,10,0,7,70
6,350,82.800000,10000.000000,0,1,38086745,1147,9,1147,9,0,7,70
6,350,82.800000,10000.000000,0,1,38086757,1149,8,1149,8,0,7,70
6,350,82.800000,10000.000000,0,1,38086769,1150,7,1150,7,0,7,70
6,350,82.800000,10000.000000,0,1,38086781,1151,6,1151,6,0,7,70
6,350,82.800000,10000.000000,0,1,38086793,1149,6,1149,6,0,7,70
6,350,82.800000,10000.000000,0,1,38086805,1145,6,1145,6,0,7,70
