6,350,50.400000,10000.000000,0,0,38203856,785,0,785,0,0,8,46
6,350,50.400000,10000.000000,0,0,38203857,785,0,785,0,0,8,46
6,350,50.400000,10000.000000,0,0,38203868,785,0,785,0,0,8,46
6,350,50.400000,10000.000000,0,0,38203880,785,0,785,0,0,8,46
6,350,50.400000,10000.000000,0,0,38203892,786,1,786,1,0,8,46
6,350,50.400000,10000.000000,0,0,38203905,790,3,790,3,0,8,46
6,350,50.400000,10000.000000,0,0,38203917,800,5,800,5,0,8,46
6,350,50.400000,10000.000000,0,0,38203951,821,8,821,8,0,8,46
6,350,50.400000,10000.000000,0,0,38203966,955,16,955,16,0,8,46
6,350,50.400000,10000.000000,0,0,38203991,1029,17,1029,17,0,8,46
6,350,50.400000,10000.000000,0,0,38204004,1121,17,1121,17,0,8,46
6,350,50.400000,10000.000000,0,0,38204017,1143,15,1143,15,0,8,46
6,350,50.400000,10000.000000,0,0,38204030,1146,14,1146,14,0,8,46
6,350,50.400000,10000.000000,0,0,38204044,1143,14,1143,14,0,8,46
6,350,50.400000,10000.000000,0,0,38204054,1135,12,1135,12,0,8,46
6,350,50.400000,10000.000000,0,0,38204065,1132,11,1132,11,0,8,46
6,350,50.400000,10000.000000,0,0,38204077,1131,11,1131,11,0,8,46
6,350,50.400000,10000.000000,0,0,38204088,1131,11,1131,11,0,8,46
6,350,50.400000,10000.000000,0,0,38204099,1133,10,1133,10,0,8,46
6,350,50.400000,10000.000000,0,0,38204111,1135,10,1135,10,0,8,46
6,350,50.400000,10000.000000,0,0,38204122,1136,9,1136,9,0,8,46
6,350,50.400000,10000.000000,0,0,38204135,1137,8,1137,8,0,8,46
6,350,50.400000,10000.000000,0,0,38204145,1137,8,1137,8,0,8,46
6,350,50.400000,10000.000000,0,0,38204156,1137,8,1137,8,0,8,46
6,350,50.400000,10000.000000,0,0,38204168,1137,8,1137,8,0,8,46
6,350,50.400000,10000.000000,0,0,38204179,1137,8,1137,8,0,8,46
6,350,50.400000,10000.000000,0,0,38204191,1138,8,1138,8,0,8,46
6,350,50.400000,10000.000000,0,0,38204202,1139,7,1139,7,0,8,46
6,350,50.400000,10000.000000,0,0,38204214,1140,6,1140,6,0,8,46
6,350,50.400000,10000.000000,0,0,38204226,1140,6,1140,6,0,8,46
6,350,50.400000,10000.000000,0,0,38204237,1140,6,1140,6,0,8,46
6,350,50.400000,10000.000000,0,0,38204248,1140,6,1140,6,0,8,46
6,350,50.400000,10000.000000,0,0,38204259,1140,6,1140,6,0,8,46
