6,350,50.400000,42.984000,0,1,38198073,785,22,785,22,0,8,42
6,350,50.400000,42.984000,0,1,38198074,785,22,785,22,0,8,42
6,350,50.400000,42.984000,0,1,38198085,785,22,785,22,0,8,42
6,350,50.400000,42.984000,0,1,38198097,785,22,785,22,0,8,42
6,350,50.400000,42.984000,0,1,38198107,785,22,785,22,0,8,42
6,350,50.400000,42.984000,0,1,38198120,785,22,785,22,0,8,42
6,350,50.400000,42.984000,0,1,38198137,789,22,789,22,0,8,42
6,350,50.400000,42.984000,0,1,38198149,808,23,808,23,0,8,42
6,350,50.400000,42.984000,0,1,38198161,838,25,838,25,0,8,42
6,350,50.400000,42.984000,0,1,38198174,877,26,877,26,0,8,42
6,350,50.400000,42.984000,0,1,38198187,934,28,934,28,0,8,42
6,350,50.400000,42.984000,0,1,38198200,996,28,996,28,0,8,42
6,350,50.400000,42.984000,0,1,38198213,1046,28,1046,28,0,8,42
6,350,50.400000,42.984000,0,1,38198228,1087,27,1087,27,0,8,42
6,350,50.400000,42.984000,0,1,38198240,1117,24,1117,24,0,8,42
6,350,50.400000,42.984000,0,1,38198252,1123,22,1123,22,0,8,42
6,350,50.400000,42.984000,0,1,38198264,1121,20,1121,20,0,8,42
6,350,50.400000,42.984000,0,1,38198275,1116,18,1116,18,0,8,42
6,350,50.400000,42.984000,0,1,38198287,1110,15,1110,15,0,8,42
6,350,50.400000,42.984000,0,1,38198300,1108,14,1108,14,0,8,42
6,350,50.400000,42.984000,0,1,38198312,1108,14,1108,14,0,8,42
6,350,50.400000,42.984000,0,1,38198323,1108,14,1108,14,0,8,42
6,350,50.400000,42.984000,0,1,38198334,1108,13,1108,13,0,8,42
6,350,50.400000,42.984000,0,1,38198347,1109,13,1109,13,0,8,42
6,350,50.400000,42.984000,0,1,38198358,1109,13,1109,13,0,8,42
6,350,50.400000,42.984000,0,1,38198370,1109,13,1109,13,0,8,42
6,350,50.400000,42.984000,0,1,38198380,1109,13,1109,13,0,8,42
6,350,50.400000,42.984000,0,1,38198392,1109,13,1109,13,0,8,42
6,350,50.400000,42.984000,0,1,38198403,1109,13,1109,13,0,8,42
6,350,50.400000,42.984000,0,1,38198415,1110,12,1110,12,0,8,42
6,350,50.400000,42.984000,0,1,38198425,1112,11,1112,11,0,8,42
6,350,50.400000,42.984000,0,1,38198437,1114,10,1114,10,0,8,42
6,350,50.400000,42.984000,0,1,38198448,1114,10,1114,10,0,8,42
6,350,50.400000,42.984000,0,1,38198459,1114,10,1114,10,0,8,42
6,350,50.400000,42.984000,0,1,38198470,1114,10,1114,10,0,8,42
6,350,50.400000,42.984000,0,1,38198481,1114,10,1114,10,0,8,42
