6,700,82.800000,0.000000,0,0,38362918,610,0,610,0,0,9,60
6,700,82.800000,0.000000,0,0,38362919,610,0,610,0,0,9,60
6,700,82.800000,0.000000,0,0,38362930,612,0,612,0,0,9,60
6,700,82.800000,0.000000,0,0,38362945,615,0,615,0,0,9,60
6,700,82.800000,0.000000,0,0,38362958,622,0,622,0,0,9,60
6,700,82.800000,0.000000,0,0,38362969,637,0,637,0,0,9,60
6,700,82.800000,0.000000,0,0,38362981,665,0,665,0,0,9,60
6,700,82.800000,0.000000,0,0,38362995,706,1,706,1,0,9,60
6,700,82.800000,0.000000,0,0,38363010,769,1,769,1,0,9,60
6,700,82.800000,0.000000,0,0,38363023,848,1,848,1,0,9,60
6,700,82.800000,0.000000,0,0,38363035,931,1,931,1,0,9,60
6,700,82.800000,0.000000,0,0,38363050,1014,0,1014,0,0,9,60
6,700,82.800000,0.000000,0,0,38363063,1109,0,1109,-3,0,9,60
6,700,82.800000,0.000000,0,0,38363077,1184,0,1184,-6,0,9,60
6,700,82.800000,0.000000,0,0,38363090,1243,0,1243,-9,0,9,60
6,700,82.800000,0.000000,0,0,38363101,1278,0,1278,-13,0,9,60
6,700,82.800000,0.000000,0,0,38363113,1290,0,1290,-15,0,9,60
6,700,82.800000,0.000000,0,0,38363124,1291,0,1291,-16,0,9,60
6,700,82.800000,0.000000,0,0,38363137,1289,0,1289,-17,0,9,60
6,700,82.800000,0.000000,0,0,38363149,1285,0,1285,-17,0,9,60
6,700,82.800000,0.000000,0,0,38363160,1283,0,1283,-17,0,9,60
6,700,82.800000,0.000000,0,0,38363172,1283,0,1283,-17,0,9,60
6,700,82.800000,0.000000,0,0,38363183,1283,0,1283,-17,0,9,60
6,700,82.800000,0.000000,0,0,38363195,1283,0,1283,-17,0,9,60
6,700,82.800000,0.000000,0,0,38363206,1283,0,1283,-17,0,9,60
6,700,82.800000,0.000000,0,0,38363216,1283,0,1283,-17,0,9,60
6,700,82.800000,0.000000,0,0,38363228,1283,0,1283,-17,0,9,60
6,700,82.800000,0.000000,0,0,38363239,1283,0,1283,-17,0,9,60
6,700,82.800000,0.000000,0,0,38363249,1283,0,1283,-17,0,9,60
6,700,82.800000,0.000000,0,0,38363260,1283,0,1283,-17,0,9,60
6,700,82.800000,0.000000,0,0,38363272,1283,0,1283,-17,0,9,60
6,700,82.800000,0.000000,0,0,38363284,1283,0,1283,-17,0,9,60
6,700,82.800000,0.000000,0,0,38363295,1283,0,1283,-17,0,9,60
6,700,82.800000,0.000000,0,0,38363306,1283,0,1283,-17,0,9,60
6,700,82.800000,0.000000,0,0,38363317,1283,0,1283,-17,0,9,60
