6,350,21.600000,12.276000,1,0,38356848,785,0,785,0,0,9,55
6,350,21.600000,12.276000,1,0,38356849,785,0,785,0,0,9,55
6,350,21.600000,12.276000,1,0,38356861,787,0,787,0,0,9,55
6,350,21.600000,12.276000,1,0,38356874,791,0,791,-1,0,9,55
6,350,21.600000,12.276000,1,0,38356886,798,0,798,-2,0,9,55
6,350,21.600000,12.276000,1,0,38356900,810,0,810,-3,0,9,55
6,350,21.600000,12.276000,1,0,38356913,834,0,834,-5,0,9,55
6,350,21.600000,12.276000,1,0,38356926,865,0,865,-7,0,9,55
6,350,21.600000,12.276000,1,0,38356940,912,0,912,-10,0,9,55
6,350,21.600000,12.276000,1,0,38356952,962,0,962,-14,0,9,55
6,350,21.600000,12.276000,1,0,38356967,1012,0,1012,-19,0,9,55
6,350,21.600000,12.276000,1,0,38356980,1072,0,1072,-27,0,9,55
6,350,21.600000,12.276000,1,0,38356993,1117,0,1117,-33,0,9,55
6,350,21.600000,12.276000,1,0,38357005,1142,0,1142,-37,0,9,55
6,350,21.600000,12.276000,1,0,38357017,1178,0,1178,-42,0,9,55
6,350,21.600000,12.276000,1,0,38357029,1178,0,1178,-43,0,9,55
6,350,21.600000,12.276000,1,0,38357041,1176,0,1176,-43,0,9,55
6,350,21.600000,12.276000,1,0,38357052,1174,0,1174,-43,0,9,55
6,350,21.600000,12.276000,1,0,38357064,1172,0,1172,-43,0,9,55
6,350,21.600000,12.276000,1,0,38357075,1171,0,1171,-43,0,9,55
6,350,21.600000,12.276000,1,0,38357085,1171,0,1171,-43,0,9,55
6,350,21.600000,12.276000,1,0,38357097,1171,0,1171,-43,0,9,55
6,350,21.600000,12.276000,1,0,38357108,1171,0,1171,-43,0,9,55
6,350,21.600000,12.276000,1,0,38357121,1171,0,1171,-43,0,9,55
6,350,21.600000,12.276000,1,0,38357133,1171,0,1171,-43,0,9,55
6,350,21.600000,12.276000,1,0,38357144,1171,0,1171,-43,0,9,55
6,350,21.600000,12.276000,1,0,38357155,1171,0,1171,-43,0,9,55
6,350,21.600000,12.276000,1,0,38357166,1171,0,1171,-43,0,9,55
6,350,21.600000,12.276000,1,0,38357177,1171,0,1171,-43,0,9,55
6,350,21.600000,12.276000,1,0,38357188,1171,0,1171,-43,0,9,55
6,350,21.600000,12.276000,1,0,38357200,1171,0,1171,-43,0,9,55
6,350,21.600000,12.276000,1,0,38357212,1171,0,1171,-43,0,9,55
6,350,21.600000,12.276000,1,0,38357224,1172,0,1172,-43,0,9,55
6,350,21.600000,12.276000,1,0,38357237,1173,0,1173,-43,0,9,55
6,350,21.600000,12.276000,1,0,38357252,1173,0,1173,-43,0,9,55
6,350,21.600000,12.276000,1,0,38357267,1173,0,1173,-43,0,9,55
6,350,21.600000,12.276000,1,0,38357284,1173,0,1173,-43,0,9,55
6,350,21.600000,12.276000,1,0,38357315,1173,0,1173,-43,0,9,55
6,350,21.600000,12.276000,1,0,38357328,1159,0,1159,-44,0,9,55
6,350,21.600000,12.276000,1,0,38357342,1151,0,1151,-45,0,9,55
6,350,21.600000,12.276000,1,0,38357354,1144,0,1144,-45,0,9,55
6,350,21.600000,12.276000,1,0,38357366,1139,0,1139,-46,0,9,55
6,350,21.600000,12.276000,1,0,38357378,1137,0,1137,-46,0,9,55
6,350,21.600000,12.276000,1,0,38357388,1137,0,1137,-46,0,9,55
6,350,21.600000,12.276000,1,0,38357400,1137,0,1137,-46,0,9,55
6,350,21.600000,12.276000,1,0,38357412,1137,0,1137,-46,0,9,55
6,350,21.600000,12.276000,1,0,38357425,1137,0,1137,-46,0,9,55
6,350,21.600000,12.276000,1,0,38357438,1137,0,1137,-46,0,9,55
6,350,21.600000,12.276000,1,0,38357450,1137,0,1137,-46,0,9,55
6,350,21.600000,12.276000,1,0,38357462,1137,0,1137,-46,0,9,55
6,350,21.600000,12.276000,1,0,38357473,1137,0,1137,-46,0,9,55
6,350,21.600000,12.276000,1,0,38357486,1137,0,1137,-46,0,9,55
6,350,21.600000,12.276000,1,0,38357497,1137,0,1137,-46,0,9,55
6,350,21.600000,12.276000,1,0,38357510,1137,0,1137,-46,0,9,55
6,350,21.600000,12.276000,1,0,38357524,1137,0,1137,-47,0,9,55
6,350,21.600000,12.276000,1,0,38357536,1136,0,1136,-48,0,9,55
6,350,21.600000,12.276000,1,0,38357547,1136,0,1136,-48,0,9,55
6,350,21.600000,12.276000,1,0,38357559,1136,0,1136,-48,0,9,55
6,350,21.600000,12.276000,1,0,38357570,1136,0,1136,-48,0,9,55
6,350,21.600000,12.276000,1,0,38357581,1136,0,1136,-48,0,9,55
6,350,21.600000,12.276000,1,0,38357593,1136,0,1136,-48,0,9,55
6,350,21.600000,12.276000,1,0,38357604,1136,0,1136,-48,0,9,55
6,350,21.600000,12.276000,1,0,38357617,1136,0,1136,-48,0,9,55
6,350,21.600000,12.276000,1,0,38357628,1136,0,1136,-48,0,9,55
6,350,21.600000,12.276000,1,0,38357640,1136,0,1136,-48,0,9,55
6,350,21.600000,12.276000,1,0,38357650,1136,0,1136,-48,0,9,55
6,350,21.600000,12.276000,1,0,38357661,1136,0,1136,-48,0,9,55
6,350,21.600000,12.276000,1,0,38357673,1136,0,1136,-48,0,9,55
