107,720,21.600000,10000.000000,1,5,1242549556,611,11.200000,611,11.200000,0,72,5
107,720,21.600000,10000.000000,1,5,1242549557,611,11.200000,611,11.200000,0,72,5
107,720,21.600000,10000.000000,1,5,1242549563,612,11.200000,612,11.200000,0,72,5
107,720,21.600000,10000.000000,1,5,1242549569,612,11.200000,612,11.200000,0,72,5
107,720,21.600000,10000.000000,1,5,1242549574,613,11.200000,613,11.200000,0,72,5
107,720,21.600000,10000.000000,1,5,1242549579,614,11.200000,614,11.200000,0,72,5
107,720,21.600000,10000.000000,1,5,1242549585,614,11.200000,614,11.200000,0,72,5
107,720,21.600000,10000.000000,1,5,1242549591,614,11.200000,614,11.200000,0,72,5
107,720,21.600000,10000.000000,1,5,1242549596,614,11.200000,614,11.200000,0,72,5
107,720,21.600000,10000.000000,1,5,1242549602,615,11.200000,615,11.200000,0,72,5
107,720,21.600000,10000.000000,1,5,1242549607,616,11.200000,616,11.200000,0,72,5
107,720,21.600000,10000.000000,1,5,1242549613,617,11.200000,617,11.200000,0,72,5
107,720,21.600000,10000.000000,1,5,1242549619,617,11.200000,617,11.200000,0,72,5
107,720,21.600000,10000.000000,1,5,1242549625,618,12.200000,618,12.200000,0,72,5
107,720,21.600000,10000.000000,1,5,1242549631,619,12.200000,619,12.200000,0,72,5
107,720,21.600000,10000.000000,1,5,1242549636,619,12.200000,619,12.200000,0,72,5
107,720,21.600000,10000.000000,1,5,1242549642,620,12.200000,620,12.200000,0,72,5
107,720,21.600000,10000.000000,1,5,1242549647,622,13.200000,622,13.200000,0,72,5
107,720,21.600000,10000.000000,1,5,1242549653,625,16.200000,625,16.200000,0,72,5
107,720,21.600000,10000.000000,1,5,1242549659,630,19.200000,630,19.200000,0,72,5
107,720,21.600000,10000.000000,1,5,1242549665,639,23.200000,639,23.200000,0,72,5
107,720,21.600000,10000.000000,1,5,1242549671,648,27.200000,648,27.200000,0,72,5
107,720,21.600000,10000.000000,1,5,1242549676,664,32.200000,664,32.200000,0,72,5
107,720,21.600000,10000.000000,1,5,1242549682,681,36.200000,681,36.200000,0,72,5
107,720,21.600000,10000.000000,1,5,1242549688,700,40.200000,700,40.200000,0,72,5
107,720,21.600000,10000.000000,1,5,1242549694,727,45.200000,727,45.200000,0,72,5
107,720,21.600000,10000.000000,1,5,1242549700,761,50.200000,761,50.200000,0,72,5
107,720,21.600000,10000.000000,1,5,1242549706,798,54.200000,798,54.200000,0,72,5
107,720,21.600000,10000.000000,1,5,1242549711,842,57.200000,842,57.200000,0,72,5
107,720,21.600000,10000.000000,1,5,1242549717,879,59.200000,879,59.200000,0,72,5
107,720,21.600000,10000.000000,1,5,1242549723,922,61.200000,922,61.200000,0,72,5
107,720,21.600000,10000.000000,1,5,1242549728,965,62.200000,965,62.200000,0,72,5
107,720,21.600000,10000.000000,1,5,1242549734,1008,62.200000,1008,62.200000,0,72,5
107,720,21.600000,10000.000000,1,5,1242549740,1051,62.200000,1051,62.200000,0,72,5
107,720,21.600000,10000.000000,1,5,1242549745,1090,63.200000,1090,63.200000,0,72,5
107,720,21.600000,10000.000000,1,5,1242549751,1129,63.200000,1129,63.200000,0,72,5
107,720,21.600000,10000.000000,1,5,1242549757,1167,61.200000,1167,61.200000,0,72,5
107,720,21.600000,10000.000000,1,5,1242549762,1201,59.200000,1201,59.200000,0,72,5
107,720,21.600000,10000.000000,1,5,1242549768,1234,57.200000,1234,57.200000,0,72,5
107,720,21.600000,10000.000000,1,5,1242549773,1259,54.200000,1259,54.200000,0,72,5
107,720,21.600000,10000.000000,1,5,1242549779,1280,51.200000,1280,51.200000,0,72,5
107,720,21.600000,10000.000000,1,5,1242549784,1297,48.200000,1297,48.200000,0,72,5
107,720,21.600000,10000.000000,1,5,1242549790,1307,46.200000,1307,46.200000,0,72,5
107,720,21.600000,10000.000000,1,5,1242549796,1313,44.200000,1313,44.200000,0,72,5
107,720,21.600000,10000.000000,1,5,1242549801,1318,41.200000,1318,41.200000,0,72,5
107,720,21.600000,10000.000000,1,5,1242549807,1320,39.200000,1320,39.200000,0,72,5
107,720,21.600000,10000.000000,1,5,1242549812,1320,36.200000,1320,36.200000,0,72,5
107,720,21.600000,10000.000000,1,5,1242549818,1320,34.200000,1320,34.200000,0,72,5
107,720,21.600000,10000.000000,1,5,1242549824,1319,33.200000,1319,33.200000,0,72,5
107,720,21.600000,10000.000000,1,5,1242549829,1318,31.200000,1318,31.200000,0,72,5
107,720,21.600000,10000.000000,1,5,1242549835,1316,30.200000,1316,30.200000,0,72,5
107,720,21.600000,10000.000000,1,5,1242549841,1314,29.200000,1314,29.200000,0,72,5
107,720,21.600000,10000.000000,1,5,1242549846,1313,28.200000,1313,28.200000,0,72,5
107,720,21.600000,10000.000000,1,5,1242549852,1312,27.200000,1312,27.200000,0,72,5
107,720,21.600000,10000.000000,1,5,1242549857,1311,27.200000,1311,27.200000,0,72,5
107,720,21.600000,10000.000000,1,5,1242549863,1310,27.200000,1310,27.200000,0,72,5
107,720,21.600000,10000.000000,1,5,1242549868,1309,27.200000,1309,27.200000,0,72,5
107,720,21.600000,10000.000000,1,5,1242549874,1309,27.200000,1309,27.200000,0,72,5
107,720,21.600000,10000.000000,1,5,1242549879,1309,27.200000,1309,27.200000,0,72,5
107,720,21.600000,10000.000000,1,5,1242549885,1311,27.200000,1311,27.200000,0,72,5
107,720,21.600000,10000.000000,1,5,1242549891,1314,27.200000,1314,27.200000,0,72,5
107,720,21.600000,10000.000000,1,5,1242549896,1318,27.200000,1318,27.200000,0,72,5
107,720,21.600000,10000.000000,1,5,1242549902,1322,27.200000,1322,27.200000,0,72,5
107,720,21.600000,10000.000000,1,5,1242549908,1327,27.200000,1327,27.200000,0,72,5
107,720,21.600000,10000.000000,1,5,1242549913,1331,27.200000,1331,27.200000,0,72,5
107,720,21.600000,10000.000000,1,5,1242549919,1334,26.200000,1334,26.200000,0,72,5
107,720,21.600000,10000.000000,1,5,1242549924,1337,26.200000,1337,26.200000,0,72,5
107,720,21.600000,10000.000000,1,5,1242549930,1338,25.200000,1338,25.200000,0,72,5
107,720,21.600000,10000.000000,1,5,1242549936,1339,25.200000,1339,25.200000,0,72,5
107,720,21.600000,10000.000000,1,5,1242549941,1341,25.200000,1341,25.200000,0,72,5
107,720,21.600000,10000.000000,1,5,1242549946,1343,25.200000,1343,25.200000,0,72,5
107,720,21.600000,10000.000000,1,5,1242549951,1343,24.200000,1343,24.200000,0,72,5
107,720,21.600000,10000.000000,1,5,1242549957,1343,23.200000,1343,23.200000,0,72,5
107,720,21.600000,10000.000000,1,5,1242549962,1343,22.200000,1343,22.200000,0,72,5
107,720,21.600000,10000.000000,1,5,1242549968,1343,21.200000,1343,21.200000,0,72,5
107,720,21.600000,10000.000000,1,5,1242549974,1342,20.200000,1342,20.200000,0,72,5
107,720,21.600000,10000.000000,1,5,1242549979,1341,20.200000,1341,20.200000,0,72,5
107,720,21.600000,10000.000000,1,5,1242549985,1340,20.200000,1340,20.200000,0,72,5
107,720,21.600000,10000.000000,1,5,1242549991,1339,20.200000,1339,20.200000,0,72,5
107,720,21.600000,10000.000000,1,5,1242549996,1338,20.200000,1338,20.200000,0,72,5
107,720,21.600000,10000.000000,1,5,1242550002,1338,19.200000,1338,19.200000,0,72,5
107,720,21.600000,10000.000000,1,5,1242550007,1338,18.200000,1338,18.200000,0,72,5
107,720,21.600000,10000.000000,1,5,1242550012,1337,18.200000,1337,18.200000,0,72,5
107,720,21.600000,10000.000000,1,5,1242550018,1336,18.200000,1336,18.200000,0,72,5
107,720,21.600000,10000.000000,1,5,1242550024,1336,18.200000,1336,18.200000,0,72,5
107,720,21.600000,10000.000000,1,5,1242550029,1336,18.200000,1336,18.200000,0,72,5
107,720,21.600000,10000.000000,1,5,1242550034,1336,18.200000,1336,18.200000,0,72,5
107,720,21.600000,10000.000000,1,5,1242550040,1336,17.200000,1336,17.200000,0,72,5
107,720,21.600000,10000.000000,1,5,1242550045,1336,16.200000,1336,16.200000,0,72,5
107,720,21.600000,10000.000000,1,5,1242550051,1336,15.200000,1336,15.200000,0,72,5
107,720,21.600000,10000.000000,1,5,1242550056,1336,15.200000,1336,15.200000,0,72,5
107,720,21.600000,10000.000000,1,5,1242550062,1336,15.200000,1336,15.200000,0,72,5
107,720,21.600000,10000.000000,1,5,1242550068,1336,15.200000,1336,15.200000,0,72,5
107,720,21.600000,10000.000000,1,5,1242550073,1335,15.200000,1335,15.200000,0,72,5
107,720,21.600000,10000.000000,1,5,1242550079,1334,15.200000,1334,15.200000,0,72,5
107,720,21.600000,10000.000000,1,5,1242550085,1333,14.200000,1333,14.200000,0,72,5
107,720,21.600000,10000.000000,1,5,1242550090,1331,14.200000,1331,14.200000,0,72,5
107,720,21.600000,10000.000000,1,5,1242550096,1330,14.200000,1330,14.200000,0,72,5
107,720,21.600000,10000.000000,1,5,1242550101,1328,14.200000,1328,14.200000,0,72,5
107,720,21.600000,10000.000000,1,5,1242550107,1327,13.200000,1327,13.200000,0,72,5
107,720,21.600000,10000.000000,1,5,1242550113,1326,13.200000,1326,13.200000,0,72,5
107,720,21.600000,10000.000000,1,5,1242550118,1325,13.200000,1325,13.200000,0,72,5
107,720,21.600000,10000.000000,1,5,1242550124,1324,13.200000,1324,13.200000,0,72,5
107,720,21.600000,10000.000000,1,5,1242550129,1324,12.200000,1324,12.200000,0,72,5
107,720,21.600000,10000.000000,1,5,1242550134,1323,11.200000,1323,11.200000,0,72,5
107,720,21.600000,10000.000000,1,5,1242550140,1323,11.200000,1323,11.200000,0,72,5
107,720,21.600000,10000.000000,1,5,1242550146,1323,10.200000,1323,10.200000,0,72,5
107,720,21.600000,10000.000000,1,5,1242550151,1322,9.200000,1322,9.200000,0,72,5
107,720,21.600000,10000.000000,1,5,1242550157,1321,8.200000,1321,8.200000,0,72,5
107,720,21.600000,10000.000000,1,5,1242550162,1321,7.200000,1321,7.200000,0,72,5
107,720,21.600000,10000.000000,1,5,1242550168,1321,6.200000,1321,6.200000,0,72,5
107,720,21.600000,10000.000000,1,5,1242550173,1321,5.200000,1321,5.200000,0,72,5
107,720,21.600000,10000.000000,1,5,1242550179,1321,4.200000,1321,4.200000,0,72,5
107,720,21.600000,10000.000000,1,5,1242550184,1321,3.200000,1321,3.200000,0,72,5
107,720,21.600000,10000.000000,1,5,1242550190,1321,2.200000,1321,2.200000,0,72,5
107,720,21.600000,10000.000000,1,5,1242550203,1321,1.200000,1321,1.200000,0,72,5
