107,720,21.600000,0.000000,0,5,1242325086,593,0,593,0,0,50,5
107,720,21.600000,0.000000,0,5,1242325087,593,0,593,0,0,50,5
107,720,21.600000,0.000000,0,5,1242325092,593,0,593,0,0,50,5
107,720,21.600000,0.000000,0,5,1242325098,593,0,593,0,0,50,5
107,720,21.600000,0.000000,0,5,1242325103,593,0,593,0,0,50,5
107,720,21.600000,0.000000,0,5,1242325109,593,0,593,0,0,50,5
107,720,21.600000,0.000000,0,5,1242325114,594,0,594,0,0,50,5
107,720,21.600000,0.000000,0,5,1242325120,595,0,595,0,0,50,5
107,720,21.600000,0.000000,0,5,1242325125,597,0,597,0,0,50,5
107,720,21.600000,0.000000,0,5,1242325131,598,0,598,-1,0,50,5
107,720,21.600000,0.000000,0,5,1242325137,599,0,599,-1,0,50,5
107,720,21.600000,0.000000,0,5,1242325142,600,0,600,-1,0,50,5
107,720,21.600000,0.000000,0,5,1242325148,601,0,601,-1,0,50,5
107,720,21.600000,0.000000,0,5,1242325153,602,0,602,-1,0,50,5
107,720,21.600000,0.000000,0,5,1242325159,602,0,602,-1,0,50,5
107,720,21.600000,0.000000,0,5,1242325164,603,0,603,-1,0,50,5
107,720,21.600000,0.000000,0,5,1242325170,604,0,604,-1,0,50,5
107,720,21.600000,0.000000,0,5,1242325175,604,0,604,-1,0,50,5
107,720,21.600000,0.000000,0,5,1242325181,604,0,604,-1,0,50,5
107,720,21.600000,0.000000,0,5,1242325186,604,0,604,-1,0,50,5
107,720,21.600000,0.000000,0,5,1242325192,604,0,604,-1,0,50,5
107,720,21.600000,0.000000,0,5,1242325198,605,0,605,-1,0,50,5
107,720,21.600000,0.000000,0,5,1242325203,606,0,606,-1,0,50,5
107,720,21.600000,0.000000,0,5,1242325209,607,0,607,-1,0,50,5
107,720,21.600000,0.000000,0,5,1242325215,609,0,609,-1,0,50,5
107,720,21.600000,0.000000,0,5,1242325220,612,0,612,-1,0,50,5
107,720,21.600000,0.000000,0,5,1242325226,616,0,616,-1,0,50,5
107,720,21.600000,0.000000,0,5,1242325231,622,0,622,-1,0,50,5
107,720,21.600000,0.000000,0,5,1242325237,630,0,630,-2,0,50,5
107,720,21.600000,0.000000,0,5,1242325243,641,0,641,-2,0,50,5
107,720,21.600000,0.000000,0,5,1242325248,657,0,657,-3,0,50,5
107,720,21.600000,0.000000,0,5,1242325254,674,0,674,-3,0,50,5
107,720,21.600000,0.000000,0,5,1242325260,700,0,700,-3,0,50,5
107,720,21.600000,0.000000,0,5,1242325266,726,0,726,-4,0,50,5
107,720,21.600000,0.000000,0,5,1242325272,752,0,752,-4,0,50,5
107,720,21.600000,0.000000,0,5,1242325278,786,0,786,-5,0,50,5
107,720,21.600000,0.000000,0,5,1242325283,827,0,827,-5,0,50,5
107,720,21.600000,0.000000,0,5,1242325289,861,0,861,-6,0,50,5
107,720,21.600000,0.000000,0,5,1242325294,895,0,895,-7,0,50,5
107,720,21.600000,0.000000,0,5,1242325300,929,0,929,-8,0,50,5
107,720,21.600000,0.000000,0,5,1242325305,954,0,954,-9,0,50,5
107,720,21.600000,0.000000,0,5,1242325311,990,0,990,-10,0,50,5
107,720,21.600000,0.000000,0,5,1242325317,1032,0,1032,-11,0,50,5
107,720,21.600000,0.000000,0,5,1242325322,1074,0,1074,-12,0,50,5
107,720,21.600000,0.000000,0,5,1242325328,1108,0,1108,-13,0,50,5
107,720,21.600000,0.000000,0,5,1242325334,1150,0,1150,-14,0,50,5
107,720,21.600000,0.000000,0,5,1242325340,1176,0,1176,-15,0,50,5
107,720,21.600000,0.000000,0,5,1242325346,1311,0,1201,-16,0,50,5
107,720,21.600000,0.000000,0,5,1242325351,1333,0,1223,-17,0,50,5
107,720,21.600000,0.000000,0,5,1242325356,1350,0,1240,-18,0,50,5
107,720,21.600000,0.000000,0,5,1242325362,1363,0,1253,-19,0,50,5
107,720,21.600000,0.000000,0,5,1242325367,1369,0,1259,-19,0,50,5
107,720,21.600000,0.000000,0,5,1242325373,1372,0,1262,-20,0,50,5
107,720,21.600000,0.000000,0,5,1242325379,1377,0,1267,-21,0,50,5
107,720,21.600000,0.000000,0,5,1242325384,1377,0,1267,-22,0,50,5
107,720,21.600000,0.000000,0,5,1242325390,1377,0,1267,-23,0,50,5
107,720,21.600000,0.000000,0,5,1242325395,1377,0,1267,-24,0,50,5
107,720,21.600000,0.000000,0,5,1242325401,1376,0,1266,-25,0,50,5
107,720,21.600000,0.000000,0,5,1242325406,1375,0,1265,-26,0,50,5
107,720,21.600000,0.000000,0,5,1242325411,1374,0,1264,-27,0,50,5
107,720,21.600000,0.000000,0,5,1242325417,1373,0,1263,-28,0,50,5
107,720,21.600000,0.000000,0,5,1242325423,1372,0,1262,-28,0,50,5
107,720,21.600000,0.000000,0,5,1242325428,1371,0,1261,-28,0,50,5
107,720,21.600000,0.000000,0,5,1242325434,1370,0,1260,-29,0,50,5
107,720,21.600000,0.000000,0,5,1242325439,1369,0,1259,-30,0,50,5
107,720,21.600000,0.000000,0,5,1242325445,1368,0,1258,-31,0,50,5
107,720,21.600000,0.000000,0,5,1242325451,1368,0,1258,-32,0,50,5
107,720,21.600000,0.000000,0,5,1242325456,1368,0,1258,-32,0,50,5
107,720,21.600000,0.000000,0,5,1242325462,1368,0,1258,-32,0,50,5
107,720,21.600000,0.000000,0,5,1242325467,1368,0,1258,-32,0,50,5
107,720,21.600000,0.000000,0,5,1242325472,1368,0,1258,-32,0,50,5
107,720,21.600000,0.000000,0,5,1242325478,1368,0,1258,-32,0,50,5
107,720,21.600000,0.000000,0,5,1242325484,1368,0,1258,-32,0,50,5
107,720,21.600000,0.000000,0,5,1242325489,1368,0,1258,-32,0,50,5
107,720,21.600000,0.000000,0,5,1242325495,1368,0,1258,-32,0,50,5
107,720,21.600000,0.000000,0,5,1242325500,1368,0,1258,-32,0,50,5
107,720,21.600000,0.000000,0,5,1242325506,1368,0,1258,-32,0,50,5
107,720,21.600000,0.000000,0,5,1242325511,1368,0,1258,-32,0,50,5
107,720,21.600000,0.000000,0,5,1242325517,1368,0,1258,-32,0,50,5
107,720,21.600000,0.000000,0,5,1242325523,1368,0,1258,-32,0,50,5
107,720,21.600000,0.000000,0,5,1242325528,1368,0,1258,-33,0,50,5
107,720,21.600000,0.000000,0,5,1242325533,1368,0,1258,-34,0,50,5
107,720,21.600000,0.000000,0,5,1242325539,1368,0,1258,-35,0,50,5
107,720,21.600000,0.000000,0,5,1242325544,1368,0,1258,-35,0,50,5
107,720,21.600000,0.000000,0,5,1242325550,1368,0,1258,-35,0,50,5
107,720,21.600000,0.000000,0,5,1242325555,1368,0,1258,-35,0,50,5
107,720,21.600000,0.000000,0,5,1242325561,1368,0,1258,-35,0,50,5
107,720,21.600000,0.000000,0,5,1242325566,1368,0,1258,-35,0,50,5
107,720,21.600000,0.000000,0,5,1242325572,1367,0,1257,-35,0,50,5
107,720,21.600000,0.000000,0,5,1242325578,1365,0,1255,-35,0,50,5
107,720,21.600000,0.000000,0,5,1242325584,1363,0,1253,-35,0,50,5
107,720,21.600000,0.000000,0,5,1242325589,1361,0,1251,-35,0,50,5
107,720,21.600000,0.000000,0,5,1242325595,1360,0,1250,-35,0,50,5
107,720,21.600000,0.000000,0,5,1242325600,1358,0,1248,-35,0,50,5
107,720,21.600000,0.000000,0,5,1242325606,1356,0,1246,-35,0,50,5
107,720,21.600000,0.000000,0,5,1242325611,1355,0,1245,-35,0,50,5
107,720,21.600000,0.000000,0,5,1242325617,1354,0,1244,-35,0,50,5
107,720,21.600000,0.000000,0,5,1242325622,1353,0,1243,-35,0,50,5
107,720,21.600000,0.000000,0,5,1242325628,1352,0,1242,-35,0,50,5
107,720,21.600000,0.000000,0,5,1242325634,1351,0,1241,-35,0,50,5
107,720,21.600000,0.000000,0,5,1242325640,1351,0,1241,-35,0,50,5
107,720,21.600000,0.000000,0,5,1242325645,1350,0,1240,-35,0,50,5
107,720,21.600000,0.000000,0,5,1242325651,1349,0,1239,-36,0,50,5
107,720,21.600000,0.000000,0,5,1242325656,1348,0,1238,-36,0,50,5
107,720,21.600000,0.000000,0,5,1242325662,1347,0,1237,-36,0,50,5
107,720,21.600000,0.000000,0,5,1242325668,1346,0,1236,-36,0,50,5
107,720,21.600000,0.000000,0,5,1242325673,1346,0,1236,-36,0,50,5
107,720,21.600000,0.000000,0,5,1242325679,1345,0,1235,-36,0,50,5
107,720,21.600000,0.000000,0,5,1242325685,1344,0,1234,-36,0,50,5
107,720,21.600000,0.000000,0,5,1242325691,1344,0,1234,-37,0,50,5
107,720,21.600000,0.000000,0,5,1242325696,1343,0,1233,-37,0,50,5
107,720,21.600000,0.000000,0,5,1242325702,1342,0,1232,-37,0,50,5
107,720,21.600000,0.000000,0,5,1242325707,1341,0,1231,-37,0,50,5
107,720,21.600000,0.000000,0,5,1242325713,1340,0,1230,-38,0,50,5
107,720,21.600000,0.000000,0,5,1242325719,1339,0,1229,-38,0,50,5
107,720,21.600000,0.000000,0,5,1242325724,1338,0,1228,-38,0,50,5
107,720,21.600000,0.000000,0,5,1242325729,1337,0,1227,-39,0,50,5
107,720,21.600000,0.000000,0,5,1242325735,1335,0,1225,-39,0,50,5
107,720,21.600000,0.000000,0,5,1242325741,1334,0,1224,-39,0,50,5
107,720,21.600000,0.000000,0,5,1242325747,1333,0,1223,-39,0,50,5
107,720,21.600000,0.000000,0,5,1242325753,1332,0,1222,-39,0,50,5
107,720,21.600000,0.000000,0,5,1242325759,1332,0,1222,-39,0,50,5
107,720,21.600000,0.000000,0,5,1242325765,1332,0,1222,-40,0,50,5
107,720,21.600000,0.000000,0,5,1242325771,1332,0,1222,-41,0,50,5
107,720,21.600000,0.000000,0,5,1242325776,1332,0,1222,-41,0,50,5
107,720,21.600000,0.000000,0,5,1242325781,1332,0,1222,-41,0,50,5
107,720,21.600000,0.000000,0,5,1242325787,1332,0,1222,-41,0,50,5
107,720,21.600000,0.000000,0,5,1242325792,1332,0,1222,-41,0,50,5
107,720,21.600000,0.000000,0,5,1242325798,1332,0,1222,-41,0,50,5
107,720,21.600000,0.000000,0,5,1242325804,1332,0,1222,-41,0,50,5
107,720,21.600000,0.000000,0,5,1242325809,1332,0,1222,-41,0,50,5
107,720,21.600000,0.000000,0,5,1242325815,1332,0,1222,-41,0,50,5
107,720,21.600000,0.000000,0,5,1242325820,1332,0,1222,-41,0,50,5
107,720,21.600000,0.000000,0,5,1242325826,1332,0,1222,-41,0,50,5
107,720,21.600000,0.000000,0,5,1242325831,1332,0,1222,-41,0,50,5
107,720,21.600000,0.000000,0,5,1242325837,1332,0,1222,-41,0,50,5
107,720,21.600000,0.000000,0,5,1242325843,1331,0,1221,-42,0,50,5
107,720,21.600000,0.000000,0,5,1242325848,1330,0,1220,-42,0,50,5
107,720,21.600000,0.000000,0,5,1242325854,1329,0,1219,-42,0,50,5
107,720,21.600000,0.000000,0,5,1242325859,1328,0,1218,-43,0,50,5
107,720,21.600000,0.000000,0,5,1242325865,1327,0,1217,-44,0,50,5
107,720,21.600000,0.000000,0,5,1242325870,1326,0,1216,-44,0,50,5
107,720,21.600000,0.000000,0,5,1242325876,1326,0,1216,-44,0,50,5
107,720,21.600000,0.000000,0,5,1242325894,1326,0,1216,-44,0,50,5
