107,720,21.600000,43.200000,0,4,1241925217,597,0,597,0,0,12,0
107,720,21.600000,43.200000,0,4,1241925218,597,0,597,0,0,12,0
107,720,21.600000,43.200000,0,4,1241925224,597,0,597,-1,0,12,0
107,720,21.600000,43.200000,0,4,1241925230,597,0,597,-2,0,12,0
107,720,21.600000,43.200000,0,4,1241925235,598,0,598,-2,0,12,0
107,720,21.600000,43.200000,0,4,1241925241,599,0,599,-2,0,12,0
107,720,21.600000,43.200000,0,4,1241925247,599,0,599,-3,0,12,0
107,720,21.600000,43.200000,0,4,1241925253,600,0,600,-3,0,12,0
107,720,21.600000,43.200000,0,4,1241925258,601,0,601,-3,0,12,0
107,720,21.600000,43.200000,0,4,1241925264,603,0,603,-3,0,12,0
107,720,21.600000,43.200000,0,4,1241925270,606,0,606,-3,0,12,0
107,720,21.600000,43.200000,0,4,1241925276,610,0,610,-3,0,12,0
107,720,21.600000,43.200000,0,4,1241925282,616,0,616,-4,0,12,0
107,720,21.600000,43.200000,0,4,1241925287,624,0,624,-5,0,12,0
107,720,21.600000,43.200000,0,4,1241925293,635,0,635,-6,0,12,0
107,720,21.600000,43.200000,0,4,1241925298,651,0,651,-6,0,12,0
107,720,21.600000,43.200000,0,4,1241925304,669,0,669,-7,0,12,0
107,720,21.600000,43.200000,0,4,1241925310,691,0,691,-7,0,12,0
107,720,21.600000,43.200000,0,4,1241925315,708,0,708,-7,0,12,0
107,720,21.600000,43.200000,0,4,1241925320,731,0,731,-7,0,12,0
107,720,21.600000,43.200000,0,4,1241925326,756,0,756,-7,0,12,0
107,720,21.600000,43.200000,0,4,1241925332,790,0,790,-8,0,12,0
107,720,21.600000,43.200000,0,4,1241925337,817,0,817,-9,0,12,0
107,720,21.600000,43.200000,0,4,1241925343,851,0,851,-11,0,12,0
107,720,21.600000,43.200000,0,4,1241925348,885,0,885,-13,0,12,0
107,720,21.600000,43.200000,0,4,1241925354,918,0,918,-15,0,12,0
107,720,21.600000,43.200000,0,4,1241925359,959,0,959,-18,0,12,0
107,720,21.600000,43.200000,0,4,1241925365,993,0,993,-20,0,12,0
107,720,21.600000,43.200000,0,4,1241925371,1037,0,1037,-24,0,12,0
107,720,21.600000,43.200000,0,4,1241925377,1077,0,1077,-28,0,12,0
107,720,21.600000,43.200000,0,4,1241925382,1111,0,1111,-32,0,12,0
107,720,21.600000,43.200000,0,4,1241925387,1145,0,1145,-36,0,12,0
107,720,21.600000,43.200000,0,4,1241925393,1172,0,1172,-39,0,12,0
107,720,21.600000,43.200000,0,4,1241925399,1206,0,1206,-44,0,12,0
107,720,21.600000,43.200000,0,4,1241925404,1229,0,1229,-47,0,12,0
107,720,21.600000,43.200000,0,4,1241925410,1250,0,1250,-50,0,12,0
107,720,21.600000,43.200000,0,4,1241925416,1264,0,1264,-52,0,12,0
107,720,21.600000,43.200000,0,4,1241925421,1275,0,1275,-54,0,12,0
107,720,21.600000,43.200000,0,4,1241925427,1280,0,1280,-56,0,12,0
107,720,21.600000,43.200000,0,4,1241925432,1281,0,1281,-57,0,12,0
107,720,21.600000,43.200000,0,4,1241925438,1281,0,1281,-58,0,12,0
107,720,21.600000,43.200000,0,4,1241925443,1281,0,1281,-59,0,12,0
107,720,21.600000,43.200000,0,4,1241925449,1279,0,1279,-60,0,12,0
107,720,21.600000,43.200000,0,4,1241925455,1277,0,1277,-61,0,12,0
107,720,21.600000,43.200000,0,4,1241925461,1275,0,1275,-62,0,12,0
107,720,21.600000,43.200000,0,4,1241925466,1274,0,1274,-63,0,12,0
107,720,21.600000,43.200000,0,4,1241925472,1273,0,1273,-63,0,12,0
107,720,21.600000,43.200000,0,4,1241925478,1271,0,1271,-64,0,12,0
107,720,21.600000,43.200000,0,4,1241925483,1270,0,1270,-65,0,12,0
107,720,21.600000,43.200000,0,4,1241925488,1269,0,1269,-66,0,12,0
107,720,21.600000,43.200000,0,4,1241925494,1268,0,1268,-67,0,12,0
107,720,21.600000,43.200000,0,4,1241925499,1268,0,1268,-67,0,12,0
107,720,21.600000,43.200000,0,4,1241925505,1268,0,1268,-67,0,12,0
107,720,21.600000,43.200000,0,4,1241925510,1268,0,1268,-67,0,12,0
107,720,21.600000,43.200000,0,4,1241925516,1268,0,1268,-67,0,12,0
107,720,21.600000,43.200000,0,4,1241925521,1268,0,1268,-67,0,12,0
107,720,21.600000,43.200000,0,4,1241925527,1268,0,1268,-67,0,12,0
107,720,21.600000,43.200000,0,4,1241925532,1268,0,1268,-67,0,12,0
107,720,21.600000,43.200000,0,4,1241925538,1268,0,1268,-67,0,12,0
107,720,21.600000,43.200000,0,4,1241925544,1268,0,1268,-67,0,12,0
107,720,21.600000,43.200000,0,4,1241925549,1268,0,1268,-67,0,12,0
107,720,21.600000,43.200000,0,4,1241925555,1268,0,1268,-67,0,12,0
107,720,21.600000,43.200000,0,4,1241925560,1268,0,1268,-68,0,12,0
107,720,21.600000,43.200000,0,4,1241925566,1268,0,1268,-68,0,12,0
107,720,21.600000,43.200000,0,4,1241925571,1268,0,1268,-68,0,12,0
107,720,21.600000,43.200000,0,4,1241925576,1268,0,1268,-68,0,12,0
107,720,21.600000,43.200000,0,4,1241925582,1268,0,1268,-68,0,12,0
107,720,21.600000,43.200000,0,4,1241925588,1268,0,1268,-68,0,12,0
107,720,21.600000,43.200000,0,4,1241925593,1268,0,1268,-69,0,12,0
107,720,21.600000,43.200000,0,4,1241925599,1269,0,1269,-70,0,12,0
107,720,21.600000,43.200000,0,4,1241925605,1273,0,1273,-71,0,12,0
107,720,21.600000,43.200000,0,4,1241925611,1277,0,1277,-73,0,12,0
107,720,21.600000,43.200000,0,4,1241925616,1281,0,1281,-75,0,12,0
107,720,21.600000,43.200000,0,4,1241925622,1285,0,1285,-77,0,12,0
107,720,21.600000,43.200000,0,4,1241925628,1290,0,1290,-79,0,12,0
107,720,21.600000,43.200000,0,4,1241925633,1294,0,1294,-80,0,12,0
107,720,21.600000,43.200000,0,4,1241925638,1298,0,1298,-81,0,12,0
107,720,21.600000,43.200000,0,4,1241925644,1303,0,1303,-83,0,12,0
107,720,21.600000,43.200000,0,4,1241925650,1307,0,1307,-85,0,12,0
107,720,21.600000,43.200000,0,4,1241925655,1311,0,1311,-87,0,12,0
107,720,21.600000,43.200000,0,4,1241925661,1315,0,1315,-88,0,12,0
107,720,21.600000,43.200000,0,4,1241925667,1319,0,1319,-90,0,12,0
107,720,21.600000,43.200000,0,4,1241925674,1323,0,1323,-92,0,12,0
107,720,21.600000,43.200000,0,4,1241925680,1329,0,1329,-94,0,12,0
107,720,21.600000,43.200000,0,4,1241925686,1333,0,1333,-96,0,12,0
107,720,21.600000,43.200000,0,4,1241925692,1337,0,1337,-98,0,12,0
107,720,21.600000,43.200000,0,4,1241925698,1340,0,1340,-99,0,12,0
107,720,21.600000,43.200000,0,4,1241925703,1341,0,1341,-99,0,12,0
107,720,21.600000,43.200000,0,4,1241925709,1342,0,1342,-99,0,12,0
107,720,21.600000,43.200000,0,4,1241925714,1342,0,1342,-100,0,12,0
107,720,21.600000,43.200000,0,4,1241925720,1342,0,1342,-101,0,12,0
107,720,21.600000,43.200000,0,4,1241925725,1342,0,1342,-102,0,12,0
107,720,21.600000,43.200000,0,4,1241925731,1342,0,1342,-102,0,12,0
107,720,21.600000,43.200000,0,4,1241925737,1341,0,1341,-102,0,12,0
107,720,21.600000,43.200000,0,4,1241925743,1339,0,1339,-102,0,12,0
107,720,21.600000,43.200000,0,4,1241925749,1337,0,1337,-102,0,12,0
107,720,21.600000,43.200000,0,4,1241925754,1335,0,1335,-102,0,12,0
107,720,21.600000,43.200000,0,4,1241925760,1334,0,1334,-102,0,12,0
107,720,21.600000,43.200000,0,4,1241925765,1333,0,1333,-102,0,12,0
107,720,21.600000,43.200000,0,4,1241925771,1332,0,1332,-102,0,12,0
107,720,21.600000,43.200000,0,4,1241925776,1331,0,1331,-102,0,12,0
107,720,21.600000,43.200000,0,4,1241925782,1331,0,1331,-102,0,12,0
107,720,21.600000,43.200000,0,4,1241925788,1331,0,1331,-102,0,12,0
107,720,21.600000,43.200000,0,4,1241925793,1331,0,1331,-102,0,12,0
107,720,21.600000,43.200000,0,4,1241925799,1331,0,1331,-102,0,12,0
107,720,21.600000,43.200000,0,4,1241925804,1331,0,1331,-102,0,12,0
107,720,21.600000,43.200000,0,4,1241925810,1331,0,1331,-102,0,12,0
107,720,21.600000,43.200000,0,4,1241925816,1330,0,1330,-102,0,12,0
107,720,21.600000,43.200000,0,4,1241925821,1329,0,1329,-102,0,12,0
107,720,21.600000,43.200000,0,4,1241925826,1328,0,1328,-102,0,12,0
107,720,21.600000,43.200000,0,4,1241925832,1327,0,1327,-102,0,12,0
107,720,21.600000,43.200000,0,4,1241925838,1326,0,1326,-102,0,12,0
107,720,21.600000,43.200000,0,4,1241925843,1325,0,1325,-103,0,12,0
107,720,21.600000,43.200000,0,4,1241925849,1324,0,1324,-103,0,12,0
107,720,21.600000,43.200000,0,4,1241925855,1324,0,1324,-104,0,12,0
107,720,21.600000,43.200000,0,4,1241925860,1323,0,1323,-105,0,12,0
107,720,21.600000,43.200000,0,4,1241925866,1323,0,1323,-105,0,12,0
107,720,21.600000,43.200000,0,4,1241925871,1323,0,1323,-106,0,12,0
107,720,21.600000,43.200000,0,4,1241925877,1323,0,1323,-107,0,12,0
107,720,21.600000,43.200000,0,4,1241925882,1323,0,1323,-108,0,12,0
107,720,21.600000,43.200000,0,4,1241925888,1323,0,1323,-109,0,12,0
107,720,21.600000,43.200000,0,4,1241925893,1323,0,1323,-110,0,12,0
107,720,21.600000,43.200000,0,4,1241925899,1323,0,1323,-111,0,12,0
107,720,21.600000,43.200000,0,4,1241925905,1322,0,1322,-112,0,12,0
107,720,21.600000,43.200000,0,4,1241925911,1322,0,1322,-113,0,12,0
107,720,21.600000,43.200000,0,4,1241925916,1322,0,1322,-114,0,12,0
107,720,21.600000,43.200000,0,4,1241925922,1322,0,1322,-115,0,12,0
107,720,21.600000,43.200000,0,4,1241925928,1322,0,1322,-116,0,12,0
107,720,21.600000,43.200000,0,4,1241925942,1322,0,1322,-116,0,12,0
