107,720,21.600000,0.000000,1,4,1242033677,599,20,599,20,0,22,0
107,720,21.600000,0.000000,1,4,1242033678,599,20,599,20,0,22,0
107,720,21.600000,0.000000,1,4,1242033684,600,20,600,20,0,22,0
107,720,21.600000,0.000000,1,4,1242033690,601,21,601,21,0,22,0
107,720,21.600000,0.000000,1,4,1242033697,602,22,602,22,0,22,0
107,720,21.600000,0.000000,1,4,1242033706,604,23,604,23,0,22,0
107,720,21.600000,0.000000,1,4,1242033712,606,24,606,24,0,22,0
107,720,21.600000,0.000000,1,4,1242033718,608,26,608,26,0,22,0
107,720,21.600000,0.000000,1,4,1242033724,612,28,612,28,0,22,0
107,720,21.600000,0.000000,1,4,1242033730,618,30,618,30,0,22,0
107,720,21.600000,0.000000,1,4,1242033735,629,34,629,34,0,22,0
107,720,21.600000,0.000000,1,4,1242033741,642,38,642,38,0,22,0
107,720,21.600000,0.000000,1,4,1242033747,662,42,662,42,0,22,0
107,720,21.600000,0.000000,1,4,1242033753,696,49,696,49,0,22,0
107,720,21.600000,0.000000,1,4,1242033759,731,55,731,55,0,22,0
107,720,21.600000,0.000000,1,4,1242033764,765,60,765,60,0,22,0
107,720,21.600000,0.000000,1,4,1242033770,799,65,799,65,0,22,0
107,720,21.600000,0.000000,1,4,1242033775,833,69,833,69,0,22,0
107,720,21.600000,0.000000,1,4,1242033781,871,73,871,73,0,22,0
107,720,21.600000,0.000000,1,4,1242033786,905,77,905,77,0,22,0
107,720,21.600000,0.000000,1,4,1242033792,946,82,946,82,0,22,0
107,720,21.600000,0.000000,1,4,1242033798,979,86,979,86,0,22,0
107,720,21.600000,0.000000,1,4,1242033804,1020,90,1020,90,0,22,0
107,720,21.600000,0.000000,1,4,1242033809,1048,92,1048,92,0,22,0
107,720,21.600000,0.000000,1,4,1242033815,1082,94,1082,94,0,22,0
107,720,21.600000,0.000000,1,4,1242033821,1109,95,1109,95,0,22,0
107,720,21.600000,0.000000,1,4,1242033826,1132,95,1132,95,0,22,0
107,720,21.600000,0.000000,1,4,1242033832,1159,96,1159,96,0,22,0
107,720,21.600000,0.000000,1,4,1242033837,1178,95,1178,95,0,22,0
107,720,21.600000,0.000000,1,4,1242033845,1195,93,1195,93,0,22,0
107,720,21.600000,0.000000,1,4,1242033850,1215,89,1215,89,0,22,0
107,720,21.600000,0.000000,1,4,1242033856,1226,86,1226,86,0,22,0
107,720,21.600000,0.000000,1,4,1242033862,1233,82,1233,82,0,22,0
107,720,21.600000,0.000000,1,4,1242033868,1239,77,1239,77,0,22,0
107,720,21.600000,0.000000,1,4,1242033874,1244,70,1244,70,0,22,0
107,720,21.600000,0.000000,1,4,1242033879,1248,63,1248,63,0,22,0
107,720,21.600000,0.000000,1,4,1242033885,1251,56,1251,56,0,22,0
107,720,21.600000,0.000000,1,4,1242033891,1253,49,1253,49,0,22,0
107,720,21.600000,0.000000,1,4,1242033898,1254,42,1254,42,0,22,0
107,720,21.600000,0.000000,1,4,1242033904,1255,32,1255,32,0,22,0
107,720,21.600000,0.000000,1,4,1242033911,1255,23,1255,23,0,22,0
107,720,21.600000,0.000000,1,4,1242033917,1254,15,1254,15,0,22,0
107,720,21.600000,0.000000,1,4,1242033923,1252,8,1252,8,0,22,0
107,720,21.600000,0.000000,1,4,1242033929,1250,2,1250,2,0,22,0
107,720,21.600000,0.000000,1,4,1242033935,1249,0,1249,-4,0,22,0
107,720,21.600000,0.000000,1,4,1242033940,1248,0,1248,-8,0,22,0
107,720,21.600000,0.000000,1,4,1242033946,1248,0,1248,-11,0,22,0
107,720,21.600000,0.000000,1,4,1242033952,1248,0,1248,-14,0,22,0
107,720,21.600000,0.000000,1,4,1242033957,1248,0,1248,-16,0,22,0
107,720,21.600000,0.000000,1,4,1242033963,1248,0,1248,-18,0,22,0
107,720,21.600000,0.000000,1,4,1242033968,1248,0,1248,-20,0,22,0
107,720,21.600000,0.000000,1,4,1242033974,1247,0,1247,-21,0,22,0
107,720,21.600000,0.000000,1,4,1242033980,1247,0,1247,-22,0,22,0
107,720,21.600000,0.000000,1,4,1242033985,1246,0,1246,-23,0,22,0
107,720,21.600000,0.000000,1,4,1242033991,1245,0,1245,-24,0,22,0
107,720,21.600000,0.000000,1,4,1242033997,1245,0,1245,-24,0,22,0
107,720,21.600000,0.000000,1,4,1242034002,1244,0,1244,-25,0,22,0
107,720,21.600000,0.000000,1,4,1242034008,1243,0,1243,-25,0,22,0
107,720,21.600000,0.000000,1,4,1242034013,1243,0,1243,-25,0,22,0
107,720,21.600000,0.000000,1,4,1242034019,1243,0,1243,-25,0,22,0
107,720,21.600000,0.000000,1,4,1242034024,1243,0,1243,-26,0,22,0
107,720,21.600000,0.000000,1,4,1242034030,1243,0,1243,-26,0,22,0
107,720,21.600000,0.000000,1,4,1242034035,1243,0,1243,-26,0,22,0
107,720,21.600000,0.000000,1,4,1242034041,1243,0,1243,-26,0,22,0
107,720,21.600000,0.000000,1,4,1242034046,1243,0,1243,-26,0,22,0
107,720,21.600000,0.000000,1,4,1242034052,1243,0,1243,-26,0,22,0
107,720,21.600000,0.000000,1,4,1242034058,1243,0,1243,-26,0,22,0
107,720,21.600000,0.000000,1,4,1242034063,1243,1,1243,-25,0,22,0
107,720,21.600000,0.000000,1,4,1242034069,1244,1,1244,-25,0,22,0
107,720,21.600000,0.000000,1,4,1242034074,1245,2,1245,-24,0,22,0
107,720,21.600000,0.000000,1,4,1242034080,1246,3,1246,-23,0,22,0
107,720,21.600000,0.000000,1,4,1242034085,1248,3,1248,-23,0,22,0
107,720,21.600000,0.000000,1,4,1242034091,1250,4,1250,-22,0,22,0
107,720,21.600000,0.000000,1,4,1242034097,1253,5,1253,-21,0,22,0
107,720,21.600000,0.000000,1,4,1242034103,1258,6,1258,-20,0,22,0
107,720,21.600000,0.000000,1,4,1242034108,1263,6,1263,-20,0,22,0
107,720,21.600000,0.000000,1,4,1242034114,1269,6,1269,-20,0,22,0
107,720,21.600000,0.000000,1,4,1242034120,1277,6,1277,-20,0,22,0
107,720,21.600000,0.000000,1,4,1242034125,1285,6,1285,-20,0,22,0
107,720,21.600000,0.000000,1,4,1242034131,1293,6,1293,-20,0,22,0
107,720,21.600000,0.000000,1,4,1242034137,1300,6,1300,-20,0,22,0
107,720,21.600000,0.000000,1,4,1242034142,1305,7,1305,-19,0,22,0
107,720,21.600000,0.000000,1,4,1242034147,1308,7,1308,-19,0,22,0
107,720,21.600000,0.000000,1,4,1242034153,1311,8,1311,-18,0,22,0
107,720,21.600000,0.000000,1,4,1242034159,1313,8,1313,-18,0,22,0
107,720,21.600000,0.000000,1,4,1242034164,1314,8,1314,-18,0,22,0
107,720,21.600000,0.000000,1,4,1242034169,1315,8,1315,-18,0,22,0
107,720,21.600000,0.000000,1,4,1242034175,1316,8,1316,-18,0,22,0
107,720,21.600000,0.000000,1,4,1242034181,1316,8,1316,-18,0,22,0
107,720,21.600000,0.000000,1,4,1242034186,1316,8,1316,-18,0,22,0
107,720,21.600000,0.000000,1,4,1242034192,1316,8,1316,-18,0,22,0
107,720,21.600000,0.000000,1,4,1242034198,1316,8,1316,-18,0,22,0
107,720,21.600000,0.000000,1,4,1242034204,1316,8,1316,-18,0,22,0
107,720,21.600000,0.000000,1,4,1242034209,1316,8,1316,-18,0,22,0
107,720,21.600000,0.000000,1,4,1242034214,1316,8,1316,-18,0,22,0
107,720,21.600000,0.000000,1,4,1242034220,1316,8,1316,-18,0,22,0
107,720,21.600000,0.000000,1,4,1242034226,1316,8,1316,-18,0,22,0
107,720,21.600000,0.000000,1,4,1242034231,1316,8,1316,-18,0,22,0
107,720,21.600000,0.000000,1,4,1242034237,1316,8,1316,-18,0,22,0
107,720,21.600000,0.000000,1,4,1242034242,1316,8,1316,-18,0,22,0
107,720,21.600000,0.000000,1,4,1242034248,1316,8,1316,-18,0,22,0
107,720,21.600000,0.000000,1,4,1242034254,1316,8,1316,-18,0,22,0
107,720,21.600000,0.000000,1,4,1242034259,1316,8,1316,-18,0,22,0
107,720,21.600000,0.000000,1,4,1242034265,1316,8,1316,-18,0,22,0
107,720,21.600000,0.000000,1,4,1242034270,1316,8,1316,-18,0,22,0
107,720,21.600000,0.000000,1,4,1242034276,1316,8,1316,-18,0,22,0
107,720,21.600000,0.000000,1,4,1242034281,1316,8,1316,-18,0,22,0
107,720,21.600000,0.000000,1,4,1242034287,1316,8,1316,-18,0,22,0
107,720,21.600000,0.000000,1,4,1242034292,1316,8,1316,-18,0,22,0
107,720,21.600000,0.000000,1,4,1242034298,1316,8,1316,-18,0,22,0
107,720,21.600000,0.000000,1,4,1242034304,1316,8,1316,-18,0,22,0
107,720,21.600000,0.000000,1,4,1242034310,1316,8,1316,-18,0,22,0
107,720,21.600000,0.000000,1,4,1242034315,1316,8,1316,-18,0,22,0
107,720,21.600000,0.000000,1,4,1242034321,1316,8,1316,-18,0,22,0
107,720,21.600000,0.000000,1,4,1242034326,1316,8,1316,-18,0,22,0
107,720,21.600000,0.000000,1,4,1242034331,1316,8,1316,-18,0,22,0
107,720,21.600000,0.000000,1,4,1242034337,1316,8,1316,-18,0,22,0
107,720,21.600000,0.000000,1,4,1242034343,1317,8,1317,-18,0,22,0
107,720,21.600000,0.000000,1,4,1242034348,1318,9,1318,-17,0,22,0
107,720,21.600000,0.000000,1,4,1242034354,1320,10,1320,-16,0,22,0
107,720,21.600000,0.000000,1,4,1242034360,1321,11,1321,-15,0,22,0
107,720,21.600000,0.000000,1,4,1242034365,1322,11,1322,-15,0,22,0
107,720,21.600000,0.000000,1,4,1242034371,1323,11,1323,-15,0,22,0
107,720,21.600000,0.000000,1,4,1242034379,1324,11,1324,-15,0,22,0
107,720,21.600000,0.000000,1,4,1242034385,1324,11,1324,-15,0,22,0
107,720,21.600000,0.000000,1,4,1242034403,1324,11,1324,-15,0,22,0
