107,360,21.600000,10000.000000,0,4,1241955990,779,0,779,0,0,15,1
107,360,21.600000,10000.000000,0,4,1241955992,779,0,779,0,0,15,1
107,360,21.600000,10000.000000,0,4,1241955997,779,0,779,0,0,15,1
107,360,21.600000,10000.000000,0,4,1241956003,779,0,779,0,0,15,1
107,360,21.600000,10000.000000,0,4,1241956008,779,0,779,0,0,15,1
107,360,21.600000,10000.000000,0,4,1241956014,780,0,780,0,0,15,1
107,360,21.600000,10000.000000,0,4,1241956019,781,0,781,0,0,15,1
107,360,21.600000,10000.000000,0,4,1241956025,782,0,782,0,0,15,1
107,360,21.600000,10000.000000,0,4,1241956031,784,0,784,0,0,15,1
107,360,21.600000,10000.000000,0,4,1241956037,787,0,787,-1,0,15,1
107,360,21.600000,10000.000000,0,4,1241956043,794,0,794,-2,0,15,1
107,360,21.600000,10000.000000,0,4,1241956049,801,0,801,-3,0,15,1
107,360,21.600000,10000.000000,0,4,1241956055,812,0,812,-5,0,15,1
107,360,21.600000,10000.000000,0,4,1241956060,823,0,823,-7,0,15,1
107,360,21.600000,10000.000000,0,4,1241956066,837,0,837,-10,0,15,1
107,360,21.600000,10000.000000,0,4,1241956072,854,0,854,-13,0,15,1
107,360,21.600000,10000.000000,0,4,1241956077,873,0,873,-17,0,15,1
107,360,21.600000,10000.000000,0,4,1241956083,895,0,895,-20,0,15,1
107,360,21.600000,10000.000000,0,4,1241956088,913,0,913,-23,0,15,1
107,360,21.600000,10000.000000,0,4,1241956094,937,0,937,-27,0,15,1
107,360,21.600000,10000.000000,0,4,1241956100,960,0,960,-31,0,15,1
107,360,21.600000,10000.000000,0,4,1241956106,988,0,988,-35,0,15,1
107,360,21.600000,10000.000000,0,4,1241956112,1009,0,1009,-38,0,15,1
107,360,21.600000,10000.000000,0,4,1241956118,1035,0,1035,-42,0,15,1
107,360,21.600000,10000.000000,0,4,1241956123,1060,0,1060,-46,0,15,1
107,360,21.600000,10000.000000,0,4,1241956129,1088,0,1088,-50,0,15,1
107,360,21.600000,10000.000000,0,4,1241956134,1113,0,1113,-54,0,15,1
107,360,21.600000,10000.000000,0,4,1241956140,1132,0,1132,-56,0,15,1
107,360,21.600000,10000.000000,0,4,1241956146,1144,0,1144,-58,0,15,1
107,360,21.600000,10000.000000,0,4,1241956151,1161,0,1161,-61,0,15,1
107,360,21.600000,10000.000000,0,4,1241956157,1172,0,1172,-63,0,15,1
107,360,21.600000,10000.000000,0,4,1241956163,1181,0,1181,-65,0,15,1
107,360,21.600000,10000.000000,0,4,1241956168,1188,0,1188,-67,0,15,1
107,360,21.600000,10000.000000,0,4,1241956174,1194,0,1194,-68,0,15,1
107,360,21.600000,10000.000000,0,4,1241956179,1197,0,1197,-70,0,15,1
107,360,21.600000,10000.000000,0,4,1241956185,1198,0,1198,-71,0,15,1
107,360,21.600000,10000.000000,0,4,1241956190,1200,0,1200,-73,0,15,1
107,360,21.600000,10000.000000,0,4,1241956196,1200,0,1200,-74,0,15,1
107,360,21.600000,10000.000000,0,4,1241956202,1199,0,1199,-75,0,15,1
107,360,21.600000,10000.000000,0,4,1241956207,1197,0,1197,-76,0,15,1
107,360,21.600000,10000.000000,0,4,1241956213,1195,0,1195,-76,0,15,1
107,360,21.600000,10000.000000,0,4,1241956219,1193,0,1193,-77,0,15,1
107,360,21.600000,10000.000000,0,4,1241956225,1192,0,1192,-77,0,15,1
107,360,21.600000,10000.000000,0,4,1241956230,1192,0,1192,-77,0,15,1
107,360,21.600000,10000.000000,0,4,1241956236,1191,0,1191,-77,0,15,1
107,360,21.600000,10000.000000,0,4,1241956241,1190,0,1190,-77,0,15,1
107,360,21.600000,10000.000000,0,4,1241956247,1190,0,1190,-77,0,15,1
107,360,21.600000,10000.000000,0,4,1241956252,1190,0,1190,-77,0,15,1
107,360,21.600000,10000.000000,0,4,1241956258,1190,0,1190,-77,0,15,1
107,360,21.600000,10000.000000,0,4,1241956263,1190,0,1190,-77,0,15,1
107,360,21.600000,10000.000000,0,4,1241956269,1190,0,1190,-77,0,15,1
107,360,21.600000,10000.000000,0,4,1241956274,1190,0,1190,-77,0,15,1
107,360,21.600000,10000.000000,0,4,1241956280,1190,0,1190,-77,0,15,1
107,360,21.600000,10000.000000,0,4,1241956286,1190,0,1190,-77,0,15,1
107,360,21.600000,10000.000000,0,4,1241956291,1190,0,1190,-77,0,15,1
107,360,21.600000,10000.000000,0,4,1241956297,1190,0,1190,-77,0,15,1
107,360,21.600000,10000.000000,0,4,1241956302,1190,0,1190,-77,0,15,1
107,360,21.600000,10000.000000,0,4,1241956308,1190,0,1190,-78,0,15,1
107,360,21.600000,10000.000000,0,4,1241956314,1189,0,1189,-78,0,15,1
107,360,21.600000,10000.000000,0,4,1241956320,1188,0,1188,-78,0,15,1
107,360,21.600000,10000.000000,0,4,1241956325,1187,0,1187,-79,0,15,1
107,360,21.600000,10000.000000,0,4,1241956331,1187,0,1187,-79,0,15,1
107,360,21.600000,10000.000000,0,4,1241956337,1187,0,1187,-79,0,15,1
107,360,21.600000,10000.000000,0,4,1241956342,1186,0,1186,-79,0,15,1
107,360,21.600000,10000.000000,0,4,1241956348,1186,0,1186,-79,0,15,1
107,360,21.600000,10000.000000,0,4,1241956354,1186,0,1186,-79,0,15,1
107,360,21.600000,10000.000000,0,4,1241956360,1186,0,1186,-79,0,15,1
107,360,21.600000,10000.000000,0,4,1241956366,1186,0,1186,-80,0,15,1
107,360,21.600000,10000.000000,0,4,1241956372,1185,0,1185,-80,0,15,1
107,360,21.600000,10000.000000,0,4,1241956378,1184,0,1184,-80,0,15,1
107,360,21.600000,10000.000000,0,4,1241956386,1183,0,1183,-81,0,15,1
107,360,21.600000,10000.000000,0,4,1241956391,1181,0,1181,-82,0,15,1
107,360,21.600000,10000.000000,0,4,1241956397,1179,0,1179,-83,0,15,1
107,360,21.600000,10000.000000,0,4,1241956403,1176,0,1176,-84,0,15,1
107,360,21.600000,10000.000000,0,4,1241956409,1173,0,1173,-85,0,15,1
107,360,21.600000,10000.000000,0,4,1241956414,1170,0,1170,-86,0,15,1
107,360,21.600000,10000.000000,0,4,1241956420,1166,0,1166,-87,0,15,1
107,360,21.600000,10000.000000,0,4,1241956426,1162,0,1162,-88,0,15,1
107,360,21.600000,10000.000000,0,4,1241956432,1158,0,1158,-89,0,15,1
107,360,21.600000,10000.000000,0,4,1241956437,1155,0,1155,-90,0,15,1
107,360,21.600000,10000.000000,0,4,1241956443,1153,0,1153,-91,0,15,1
107,360,21.600000,10000.000000,0,4,1241956448,1152,0,1152,-92,0,15,1
107,360,21.600000,10000.000000,0,4,1241956454,1151,0,1151,-92,0,15,1
107,360,21.600000,10000.000000,0,4,1241956460,1151,0,1151,-93,0,15,1
107,360,21.600000,10000.000000,0,4,1241956465,1151,0,1151,-94,0,15,1
107,360,21.600000,10000.000000,0,4,1241956471,1151,0,1151,-95,0,15,1
107,360,21.600000,10000.000000,0,4,1241956476,1151,0,1151,-96,0,15,1
107,360,21.600000,10000.000000,0,4,1241956482,1151,0,1151,-96,0,15,1
107,360,21.600000,10000.000000,0,4,1241956488,1151,0,1151,-97,0,15,1
107,360,21.600000,10000.000000,0,4,1241956493,1151,0,1151,-98,0,15,1
107,360,21.600000,10000.000000,0,4,1241956499,1151,0,1151,-98,0,15,1
107,360,21.600000,10000.000000,0,4,1241956504,1151,0,1151,-99,0,15,1
107,360,21.600000,10000.000000,0,4,1241956509,1151,0,1151,-100,0,15,1
107,360,21.600000,10000.000000,0,4,1241956515,1151,0,1151,-100,0,15,1
107,360,21.600000,10000.000000,0,4,1241956521,1151,0,1151,-100,0,15,1
107,360,21.600000,10000.000000,0,4,1241956526,1151,0,1151,-100,0,15,1
107,360,21.600000,10000.000000,0,4,1241956544,1151,0,1151,-100,0,15,1
