107,720,21.600000,10000.000000,1,4,1242108158,600,11,600,11,0,29,3
107,720,21.600000,10000.000000,1,4,1242108159,600,11,600,11,0,29,3
107,720,21.600000,10000.000000,1,4,1242108165,600,11,600,11,0,29,3
107,720,21.600000,10000.000000,1,4,1242108170,600,11,600,11,0,29,3
107,720,21.600000,10000.000000,1,4,1242108176,600,11,600,11,0,29,3
107,720,21.600000,10000.000000,1,4,1242108181,600,11,600,11,0,29,3
107,720,21.600000,10000.000000,1,4,1242108187,601,11,601,11,0,29,3
107,720,21.600000,10000.000000,1,4,1242108192,602,10,602,10,0,29,3
107,720,21.600000,10000.000000,1,4,1242108198,603,10,603,10,0,29,3
107,720,21.600000,10000.000000,1,4,1242108203,605,10,605,10,0,29,3
107,720,21.600000,10000.000000,1,4,1242108209,607,10,607,10,0,29,3
107,720,21.600000,10000.000000,1,4,1242108215,611,10,611,10,0,29,3
107,720,21.600000,10000.000000,1,4,1242108221,616,10,616,10,0,29,3
107,720,21.600000,10000.000000,1,4,1242108226,622,10,622,10,0,29,3
107,720,21.600000,10000.000000,1,4,1242108232,632,10,632,10,0,29,3
107,720,21.600000,10000.000000,1,4,1242108237,642,11,642,11,0,29,3
107,720,21.600000,10000.000000,1,4,1242108243,653,12,653,12,0,29,3
107,720,21.600000,10000.000000,1,4,1242108248,664,12,664,12,0,29,3
107,720,21.600000,10000.000000,1,4,1242108254,679,13,679,13,0,29,3
107,720,21.600000,10000.000000,1,4,1242108260,702,14,702,14,0,29,3
107,720,21.600000,10000.000000,1,4,1242108265,723,15,723,15,0,29,3
107,720,21.600000,10000.000000,1,4,1242108271,749,16,749,16,0,29,3
107,720,21.600000,10000.000000,1,4,1242108277,785,17,785,17,0,29,3
107,720,21.600000,10000.000000,1,4,1242108282,819,17,819,17,0,29,3
107,720,21.600000,10000.000000,1,4,1242108288,853,18,853,18,0,29,3
107,720,21.600000,10000.000000,1,4,1242108294,904,18,904,18,0,29,3
107,720,21.600000,10000.000000,1,4,1242108299,943,18,943,18,0,29,3
107,720,21.600000,10000.000000,1,4,1242108305,981,18,981,18,0,29,3
107,720,21.600000,10000.000000,1,4,1242108310,1028,17,1028,17,0,29,3
107,720,21.600000,10000.000000,1,4,1242108316,1075,17,1075,17,0,29,3
107,720,21.600000,10000.000000,1,4,1242108322,1117,17,1117,17,0,29,3
107,720,21.600000,10000.000000,1,4,1242108328,1156,17,1156,17,0,29,3
107,720,21.600000,10000.000000,1,4,1242108333,1190,16,1190,16,0,29,3
107,720,21.600000,10000.000000,1,4,1242108339,1216,15,1216,15,0,29,3
107,720,21.600000,10000.000000,1,4,1242108345,1241,13,1241,13,0,29,3
107,720,21.600000,10000.000000,1,4,1242108350,1262,11,1262,11,0,29,3
107,720,21.600000,10000.000000,1,4,1242108356,1278,9,1278,9,0,29,3
107,720,21.600000,10000.000000,1,4,1242108361,1289,8,1289,8,0,29,3
107,720,21.600000,10000.000000,1,4,1242108367,1295,7,1295,7,0,29,3
107,720,21.600000,10000.000000,1,4,1242108372,1296,5,1296,5,0,29,3
107,720,21.600000,10000.000000,1,4,1242108378,1296,4,1296,4,0,29,3
107,720,21.600000,10000.000000,1,4,1242108383,1293,3,1293,3,0,29,3
107,720,21.600000,10000.000000,1,4,1242108389,1288,1,1288,1,0,29,3
107,720,21.600000,10000.000000,1,4,1242108395,1284,0,1284,0,0,29,3
107,720,21.600000,10000.000000,1,4,1242108400,1276,0,1276,-2,0,29,3
107,720,21.600000,10000.000000,1,4,1242108406,1270,0,1270,-3,0,29,3
107,720,21.600000,10000.000000,1,4,1242108412,1263,0,1263,-4,0,29,3
107,720,21.600000,10000.000000,1,4,1242108418,1258,0,1258,-5,0,29,3
107,720,21.600000,10000.000000,1,4,1242108423,1254,0,1254,-5,0,29,3
107,720,21.600000,10000.000000,1,4,1242108429,1253,0,1253,-5,0,29,3
107,720,21.600000,10000.000000,1,4,1242108434,1252,0,1252,-5,0,29,3
107,720,21.600000,10000.000000,1,4,1242108439,1251,0,1251,-5,0,29,3
107,720,21.600000,10000.000000,1,4,1242108445,1251,0,1251,-5,0,29,3
107,720,21.600000,10000.000000,1,4,1242108451,1252,0,1252,-5,0,29,3
107,720,21.600000,10000.000000,1,4,1242108457,1254,1,1254,-4,0,29,3
107,720,21.600000,10000.000000,1,4,1242108463,1256,1,1256,-4,0,29,3
107,720,21.600000,10000.000000,1,4,1242108468,1258,2,1258,-3,0,29,3
107,720,21.600000,10000.000000,1,4,1242108474,1260,2,1260,-3,0,29,3
107,720,21.600000,10000.000000,1,4,1242108479,1261,2,1261,-3,0,29,3
107,720,21.600000,10000.000000,1,4,1242108485,1262,2,1262,-3,0,29,3
107,720,21.600000,10000.000000,1,4,1242108491,1262,3,1262,-2,0,29,3
107,720,21.600000,10000.000000,1,4,1242108496,1262,3,1262,-2,0,29,3
107,720,21.600000,10000.000000,1,4,1242108501,1262,3,1262,-2,0,29,3
107,720,21.600000,10000.000000,1,4,1242108507,1261,3,1261,-2,0,29,3
107,720,21.600000,10000.000000,1,4,1242108512,1261,3,1261,-2,0,29,3
107,720,21.600000,10000.000000,1,4,1242108518,1260,3,1260,-2,0,29,3
107,720,21.600000,10000.000000,1,4,1242108524,1259,3,1259,-2,0,29,3
107,720,21.600000,10000.000000,1,4,1242108529,1259,3,1259,-2,0,29,3
107,720,21.600000,10000.000000,1,4,1242108534,1259,3,1259,-2,0,29,3
107,720,21.600000,10000.000000,1,4,1242108540,1259,3,1259,-2,0,29,3
107,720,21.600000,10000.000000,1,4,1242108546,1259,3,1259,-2,0,29,3
107,720,21.600000,10000.000000,1,4,1242108552,1260,3,1260,-2,0,29,3
107,720,21.600000,10000.000000,1,4,1242108557,1261,3,1261,-2,0,29,3
107,720,21.600000,10000.000000,1,4,1242108563,1262,4,1262,-1,0,29,3
107,720,21.600000,10000.000000,1,4,1242108568,1263,4,1263,-1,0,29,3
107,720,21.600000,10000.000000,1,4,1242108574,1265,5,1265,0,0,29,3
107,720,21.600000,10000.000000,1,4,1242108579,1266,5,1266,0,0,29,3
107,720,21.600000,10000.000000,1,4,1242108585,1267,6,1267,1,0,29,3
107,720,21.600000,10000.000000,1,4,1242108590,1268,6,1268,1,0,29,3
107,720,21.600000,10000.000000,1,4,1242108596,1269,6,1269,1,0,29,3
107,720,21.600000,10000.000000,1,4,1242108602,1270,7,1270,2,0,29,3
107,720,21.600000,10000.000000,1,4,1242108607,1271,7,1271,2,0,29,3
107,720,21.600000,10000.000000,1,4,1242108613,1272,7,1272,2,0,29,3
107,720,21.600000,10000.000000,1,4,1242108618,1274,7,1274,2,0,29,3
107,720,21.600000,10000.000000,1,4,1242108623,1276,7,1276,2,0,29,3
107,720,21.600000,10000.000000,1,4,1242108629,1278,7,1278,2,0,29,3
107,720,21.600000,10000.000000,1,4,1242108635,1281,7,1281,2,0,29,3
107,720,21.600000,10000.000000,1,4,1242108640,1284,7,1284,2,0,29,3
107,720,21.600000,10000.000000,1,4,1242108646,1287,7,1287,2,0,29,3
107,720,21.600000,10000.000000,1,4,1242108651,1291,7,1291,2,0,29,3
107,720,21.600000,10000.000000,1,4,1242108657,1293,7,1293,2,0,29,3
107,720,21.600000,10000.000000,1,4,1242108663,1294,7,1294,2,0,29,3
107,720,21.600000,10000.000000,1,4,1242108668,1295,7,1295,2,0,29,3
107,720,21.600000,10000.000000,1,4,1242108674,1296,7,1296,2,0,29,3
107,720,21.600000,10000.000000,1,4,1242108679,1296,7,1296,2,0,29,3
107,720,21.600000,10000.000000,1,4,1242108684,1296,8,1296,3,0,29,3
107,720,21.600000,10000.000000,1,4,1242108690,1296,9,1296,4,0,29,3
107,720,21.600000,10000.000000,1,4,1242108696,1296,9,1296,4,0,29,3
107,720,21.600000,10000.000000,1,4,1242108702,1297,9,1297,4,0,29,3
107,720,21.600000,10000.000000,1,4,1242108708,1298,9,1298,4,0,29,3
107,720,21.600000,10000.000000,1,4,1242108714,1298,9,1298,4,0,29,3
107,720,21.600000,10000.000000,1,4,1242108720,1299,9,1299,4,0,29,3
107,720,21.600000,10000.000000,1,4,1242108725,1300,9,1300,4,0,29,3
107,720,21.600000,10000.000000,1,4,1242108731,1300,10,1300,5,0,29,3
107,720,21.600000,10000.000000,1,4,1242108737,1301,10,1301,5,0,29,3
107,720,21.600000,10000.000000,1,4,1242108742,1302,10,1302,5,0,29,3
107,720,21.600000,10000.000000,1,4,1242108748,1302,10,1302,5,0,29,3
107,720,21.600000,10000.000000,1,4,1242108753,1302,10,1302,5,0,29,3
107,720,21.600000,10000.000000,1,4,1242108759,1302,10,1302,5,0,29,3
107,720,21.600000,10000.000000,1,4,1242108764,1302,10,1302,5,0,29,3
107,720,21.600000,10000.000000,1,4,1242108770,1303,10,1303,5,0,29,3
107,720,21.600000,10000.000000,1,4,1242108776,1304,10,1304,5,0,29,3
107,720,21.600000,10000.000000,1,4,1242108781,1304,10,1304,5,0,29,3
107,720,21.600000,10000.000000,1,4,1242108787,1304,11,1304,6,0,29,3
107,720,21.600000,10000.000000,1,4,1242108792,1304,12,1304,7,0,29,3
107,720,21.600000,10000.000000,1,4,1242108798,1304,12,1304,7,0,29,3
107,720,21.600000,10000.000000,1,4,1242108804,1304,12,1304,7,0,29,3
107,720,21.600000,10000.000000,1,4,1242108809,1304,12,1304,7,0,29,3
107,720,21.600000,10000.000000,1,4,1242108814,1304,12,1304,7,0,29,3
107,720,21.600000,10000.000000,1,4,1242108820,1304,12,1304,7,0,29,3
107,720,21.600000,10000.000000,1,4,1242108826,1304,12,1304,7,0,29,3
107,720,21.600000,10000.000000,1,4,1242108831,1304,12,1304,7,0,29,3
107,720,21.600000,10000.000000,1,4,1242108837,1304,12,1304,7,0,29,3
107,720,21.600000,10000.000000,1,4,1242108843,1304,12,1304,7,0,29,3
107,720,21.600000,10000.000000,1,4,1242108848,1304,12,1304,7,0,29,3
107,720,21.600000,10000.000000,1,4,1242108854,1305,12,1305,7,0,29,3
107,720,21.600000,10000.000000,1,4,1242108859,1306,12,1306,7,0,29,3
107,720,21.600000,10000.000000,1,4,1242108865,1307,12,1307,7,0,29,3
107,720,21.600000,10000.000000,1,4,1242108871,1309,12,1309,7,0,29,3
107,720,21.600000,10000.000000,1,4,1242108876,1310,12,1310,7,0,29,3
107,720,21.600000,10000.000000,1,4,1242108882,1311,12,1311,7,0,29,3
107,720,21.600000,10000.000000,1,4,1242108887,1313,12,1313,7,0,29,3
107,720,21.600000,10000.000000,1,4,1242108893,1315,12,1315,7,0,29,3
107,720,21.600000,10000.000000,1,4,1242108899,1316,12,1316,7,0,29,3
107,720,21.600000,10000.000000,1,4,1242108904,1317,12,1317,7,0,29,3
107,720,21.600000,10000.000000,1,4,1242108910,1319,12,1319,7,0,29,3
107,720,21.600000,10000.000000,1,4,1242108916,1321,12,1321,7,0,29,3
107,720,21.600000,10000.000000,1,4,1242108921,1323,12,1323,7,0,29,3
107,720,21.600000,10000.000000,1,4,1242108927,1324,12,1324,7,0,29,3
107,720,21.600000,10000.000000,1,4,1242108931,1325,12,1325,7,0,29,3
107,720,21.600000,10000.000000,1,4,1242108937,1326,12,1326,7,0,29,3
107,720,21.600000,10000.000000,1,4,1242108942,1327,12,1327,7,0,29,3
107,720,21.600000,10000.000000,1,4,1242108948,1327,12,1327,7,0,29,3
107,720,21.600000,10000.000000,1,4,1242108953,1327,12,1327,7,0,29,3
107,720,21.600000,10000.000000,1,4,1242108959,1327,12,1327,7,0,29,3
107,720,21.600000,10000.000000,1,4,1242108964,1327,12,1327,7,0,29,3
107,720,21.600000,10000.000000,1,4,1242108970,1327,12,1327,7,0,29,3
107,720,21.600000,10000.000000,1,4,1242108976,1326,12,1326,7,0,29,3
107,720,21.600000,10000.000000,1,4,1242108981,1326,12,1326,7,0,29,3
107,720,21.600000,10000.000000,1,4,1242108999,1325,12,1325,7,0,29,3
