107,720,21.600000,0.000000,1,5,1242541360,607,8.200000,607,8.200000,0,71,5
107,720,21.600000,0.000000,1,5,1242541362,607,8.200000,607,8.200000,0,71,5
107,720,21.600000,0.000000,1,5,1242541367,607,8.200000,607,8.200000,0,71,5
107,720,21.600000,0.000000,1,5,1242541373,606,8.200000,606,8.200000,0,71,5
107,720,21.600000,0.000000,1,5,1242541379,605,8.200000,605,8.200000,0,71,5
107,720,21.600000,0.000000,1,5,1242541384,604,8.200000,604,8.200000,0,71,5
107,720,21.600000,0.000000,1,5,1242541390,604,8.200000,604,8.200000,0,71,5
107,720,21.600000,0.000000,1,5,1242541395,604,8.200000,604,8.200000,0,71,5
107,720,21.600000,0.000000,1,5,1242541400,604,8.200000,604,8.200000,0,71,5
107,720,21.600000,0.000000,1,5,1242541406,604,8.200000,604,8.200000,0,71,5
107,720,21.600000,0.000000,1,5,1242541412,605,8.200000,605,8.200000,0,71,5
107,720,21.600000,0.000000,1,5,1242541418,606,8.200000,606,8.200000,0,71,5
107,720,21.600000,0.000000,1,5,1242541423,607,8.200000,607,8.200000,0,71,5
107,720,21.600000,0.000000,1,5,1242541429,610,8.200000,610,8.200000,0,71,5
107,720,21.600000,0.000000,1,5,1242541435,614,9.200000,614,9.200000,0,71,5
107,720,21.600000,0.000000,1,5,1242541440,620,11.200000,620,11.200000,0,71,5
107,720,21.600000,0.000000,1,5,1242541446,628,12.200000,628,12.200000,0,71,5
107,720,21.600000,0.000000,1,5,1242541453,641,14.200000,641,14.200000,0,71,5
107,720,21.600000,0.000000,1,5,1242541459,658,16.200000,658,16.200000,0,71,5
107,720,21.600000,0.000000,1,5,1242541464,674,19.200000,674,19.200000,0,71,5
107,720,21.600000,0.000000,1,5,1242541471,692,22.200000,692,22.200000,0,71,5
107,720,21.600000,0.000000,1,5,1242541477,722,26.200000,722,26.200000,0,71,5
107,720,21.600000,0.000000,1,5,1242541483,748,30.200000,748,30.200000,0,71,5
107,720,21.600000,0.000000,1,5,1242541488,776,34.200000,776,34.200000,0,71,5
107,720,21.600000,0.000000,1,5,1242541494,801,38.200000,801,38.200000,0,71,5
107,720,21.600000,0.000000,1,5,1242541499,827,41.200000,827,41.200000,0,71,5
107,720,21.600000,0.000000,1,5,1242541505,854,44.200000,854,44.200000,0,71,5
107,720,21.600000,0.000000,1,5,1242541511,877,46.200000,877,46.200000,0,71,5
107,720,21.600000,0.000000,1,5,1242541516,917,48.200000,917,48.200000,0,71,5
107,720,21.600000,0.000000,1,5,1242541522,957,49.200000,957,49.200000,0,71,5
107,720,21.600000,0.000000,1,5,1242541527,1003,49.200000,1003,49.200000,0,71,5
107,720,21.600000,0.000000,1,5,1242541533,1037,50.200000,1037,50.200000,0,71,5
107,720,21.600000,0.000000,1,5,1242541539,1088,50.200000,1088,50.200000,0,71,5
107,720,21.600000,0.000000,1,5,1242541544,1131,50.200000,1131,50.200000,0,71,5
107,720,21.600000,0.000000,1,5,1242541550,1182,50.200000,1182,50.200000,0,71,5
107,720,21.600000,0.000000,1,5,1242541556,1216,50.200000,1216,50.200000,0,71,5
107,720,21.600000,0.000000,1,5,1242541562,1250,49.200000,1250,49.200000,0,71,5
107,720,21.600000,0.000000,1,5,1242541567,1280,47.200000,1280,47.200000,0,71,5
107,720,21.600000,0.000000,1,5,1242541573,1297,46.200000,1297,46.200000,0,71,5
107,720,21.600000,0.000000,1,5,1242541578,1316,44.200000,1316,44.200000,0,71,5
107,720,21.600000,0.000000,1,5,1242541584,1333,42.200000,1333,42.200000,0,71,5
107,720,21.600000,0.000000,1,5,1242541590,1343,41.200000,1343,41.200000,0,71,5
107,720,21.600000,0.000000,1,5,1242541595,1348,39.200000,1348,39.200000,0,71,5
107,720,21.600000,0.000000,1,5,1242541601,1350,38.200000,1350,38.200000,0,71,5
107,720,21.600000,0.000000,1,5,1242541607,1350,36.200000,1350,36.200000,0,71,5
107,720,21.600000,0.000000,1,5,1242541612,1349,35.200000,1349,35.200000,0,71,5
107,720,21.600000,0.000000,1,5,1242541618,1347,33.200000,1347,33.200000,0,71,5
107,720,21.600000,0.000000,1,5,1242541624,1346,31.200000,1346,31.200000,0,71,5
107,720,21.600000,0.000000,1,5,1242541629,1345,29.200000,1345,29.200000,0,71,5
107,720,21.600000,0.000000,1,5,1242541635,1345,28.200000,1345,28.200000,0,71,5
107,720,21.600000,0.000000,1,5,1242541640,1344,27.200000,1344,27.200000,0,71,5
107,720,21.600000,0.000000,1,5,1242541646,1343,26.200000,1343,26.200000,0,71,5
107,720,21.600000,0.000000,1,5,1242541653,1342,25.200000,1342,25.200000,0,71,5
107,720,21.600000,0.000000,1,5,1242541658,1341,25.200000,1341,25.200000,0,71,5
107,720,21.600000,0.000000,1,5,1242541664,1340,25.200000,1340,25.200000,0,71,5
107,720,21.600000,0.000000,1,5,1242541670,1340,25.200000,1340,25.200000,0,71,5
107,720,21.600000,0.000000,1,5,1242541676,1340,25.200000,1340,25.200000,0,71,5
107,720,21.600000,0.000000,1,5,1242541682,1340,25.200000,1340,25.200000,0,71,5
107,720,21.600000,0.000000,1,5,1242541687,1340,25.200000,1340,25.200000,0,71,5
107,720,21.600000,0.000000,1,5,1242541693,1340,25.200000,1340,25.200000,0,71,5
107,720,21.600000,0.000000,1,5,1242541698,1340,25.200000,1340,25.200000,0,71,5
107,720,21.600000,0.000000,1,5,1242541704,1340,25.200000,1340,25.200000,0,71,5
107,720,21.600000,0.000000,1,5,1242541711,1340,25.200000,1340,25.200000,0,71,5
107,720,21.600000,0.000000,1,5,1242541717,1340,25.200000,1340,25.200000,0,71,5
107,720,21.600000,0.000000,1,5,1242541722,1340,25.200000,1340,25.200000,0,71,5
107,720,21.600000,0.000000,1,5,1242541728,1340,25.200000,1340,25.200000,0,71,5
107,720,21.600000,0.000000,1,5,1242541733,1340,25.200000,1340,25.200000,0,71,5
107,720,21.600000,0.000000,1,5,1242541739,1340,25.200000,1340,25.200000,0,71,5
107,720,21.600000,0.000000,1,5,1242541744,1340,25.200000,1340,25.200000,0,71,5
107,720,21.600000,0.000000,1,5,1242541750,1340,24.200000,1340,24.200000,0,71,5
107,720,21.600000,0.000000,1,5,1242541756,1340,24.200000,1340,24.200000,0,71,5
107,720,21.600000,0.000000,1,5,1242541761,1340,24.200000,1340,24.200000,0,71,5
107,720,21.600000,0.000000,1,5,1242541767,1340,24.200000,1340,24.200000,0,71,5
107,720,21.600000,0.000000,1,5,1242541772,1340,24.200000,1340,24.200000,0,71,5
107,720,21.600000,0.000000,1,5,1242541778,1340,24.200000,1340,24.200000,0,71,5
107,720,21.600000,0.000000,1,5,1242541784,1340,24.200000,1340,24.200000,0,71,5
107,720,21.600000,0.000000,1,5,1242541789,1339,24.200000,1339,24.200000,0,71,5
107,720,21.600000,0.000000,1,5,1242541795,1338,24.200000,1338,24.200000,0,71,5
107,720,21.600000,0.000000,1,5,1242541800,1337,24.200000,1337,24.200000,0,71,5
107,720,21.600000,0.000000,1,5,1242541806,1336,24.200000,1336,24.200000,0,71,5
107,720,21.600000,0.000000,1,5,1242541811,1334,24.200000,1334,24.200000,0,71,5
107,720,21.600000,0.000000,1,5,1242541817,1333,23.200000,1333,23.200000,0,71,5
107,720,21.600000,0.000000,1,5,1242541822,1332,23.200000,1332,23.200000,0,71,5
107,720,21.600000,0.000000,1,5,1242541828,1331,22.200000,1331,22.200000,0,71,5
107,720,21.600000,0.000000,1,5,1242541834,1330,22.200000,1330,22.200000,0,71,5
107,720,21.600000,0.000000,1,5,1242541839,1329,22.200000,1329,22.200000,0,71,5
107,720,21.600000,0.000000,1,5,1242541845,1328,21.200000,1328,21.200000,0,71,5
107,720,21.600000,0.000000,1,5,1242541851,1327,20.200000,1327,20.200000,0,71,5
107,720,21.600000,0.000000,1,5,1242541856,1327,20.200000,1327,20.200000,0,71,5
107,720,21.600000,0.000000,1,5,1242541862,1327,20.200000,1327,20.200000,0,71,5
107,720,21.600000,0.000000,1,5,1242541868,1326,19.200000,1326,19.200000,0,71,5
107,720,21.600000,0.000000,1,5,1242541873,1325,19.200000,1325,19.200000,0,71,5
107,720,21.600000,0.000000,1,5,1242541879,1324,19.200000,1324,19.200000,0,71,5
107,720,21.600000,0.000000,1,5,1242541884,1323,18.200000,1323,18.200000,0,71,5
107,720,21.600000,0.000000,1,5,1242541889,1322,18.200000,1322,18.200000,0,71,5
107,720,21.600000,0.000000,1,5,1242541895,1321,18.200000,1321,18.200000,0,71,5
107,720,21.600000,0.000000,1,5,1242541901,1320,18.200000,1320,18.200000,0,71,5
107,720,21.600000,0.000000,1,5,1242541906,1320,17.200000,1320,17.200000,0,71,5
107,720,21.600000,0.000000,1,5,1242541912,1319,16.200000,1319,16.200000,0,71,5
107,720,21.600000,0.000000,1,5,1242541917,1318,16.200000,1318,16.200000,0,71,5
107,720,21.600000,0.000000,1,5,1242541923,1317,16.200000,1317,16.200000,0,71,5
107,720,21.600000,0.000000,1,5,1242541928,1317,15.200000,1317,15.200000,0,71,5
107,720,21.600000,0.000000,1,5,1242541934,1316,15.200000,1316,15.200000,0,71,5
107,720,21.600000,0.000000,1,5,1242541939,1315,15.200000,1315,15.200000,0,71,5
107,720,21.600000,0.000000,1,5,1242541944,1314,15.200000,1314,15.200000,0,71,5
107,720,21.600000,0.000000,1,5,1242541950,1313,15.200000,1313,15.200000,0,71,5
107,720,21.600000,0.000000,1,5,1242541955,1313,15.200000,1313,15.200000,0,71,5
107,720,21.600000,0.000000,1,5,1242541961,1313,14.200000,1313,14.200000,0,71,5
107,720,21.600000,0.000000,1,5,1242541967,1313,13.200000,1313,13.200000,0,71,5
107,720,21.600000,0.000000,1,5,1242541972,1313,13.200000,1313,13.200000,0,71,5
107,720,21.600000,0.000000,1,5,1242541985,1313,13.200000,1313,13.200000,0,71,5
