107,360,21.600000,10000.000000,0,4,1241924059,775,0,775,0,0,11,5
107,360,21.600000,10000.000000,0,4,1241924061,775,0,775,0,0,11,5
107,360,21.600000,10000.000000,0,4,1241924066,775,0,775,0,0,11,5
107,360,21.600000,10000.000000,0,4,1241924074,775,0,775,0,0,11,5
107,360,21.600000,10000.000000,0,4,1241924079,775,0,775,0,0,11,5
107,360,21.600000,10000.000000,0,4,1241924084,775,0,775,0,0,11,5
107,360,21.600000,10000.000000,0,4,1241924090,775,0,775,0,0,11,5
107,360,21.600000,10000.000000,0,4,1241924096,775,0,775,0,0,11,5
107,360,21.600000,10000.000000,0,4,1241924101,775,0,775,0,0,11,5
107,360,21.600000,10000.000000,0,4,1241924107,775,0,775,0,0,11,5
107,360,21.600000,10000.000000,0,4,1241924113,775,0,775,0,0,11,5
107,360,21.600000,10000.000000,0,4,1241924118,776,0,776,0,0,11,5
107,360,21.600000,10000.000000,0,4,1241924124,777,0,777,0,0,11,5
107,360,21.600000,10000.000000,0,4,1241924130,780,0,780,0,0,11,5
107,360,21.600000,10000.000000,0,4,1241924136,787,0,787,0,0,11,5
107,360,21.600000,10000.000000,0,4,1241924141,796,0,796,0,0,11,5
107,360,21.600000,10000.000000,0,4,1241924146,808,0,808,-1,0,11,5
107,360,21.600000,10000.000000,0,4,1241924152,821,0,821,-2,0,11,5
107,360,21.600000,10000.000000,0,4,1241924158,844,0,844,-3,0,11,5
107,360,21.600000,10000.000000,0,4,1241924163,867,0,867,-5,0,11,5
107,360,21.600000,10000.000000,0,4,1241924169,892,0,892,-8,0,11,5
107,360,21.600000,10000.000000,0,4,1241924175,917,0,917,-10,0,11,5
107,360,21.600000,10000.000000,0,4,1241924180,933,0,933,-12,0,11,5
107,360,21.600000,10000.000000,0,4,1241924186,959,0,959,-16,0,11,5
107,360,21.600000,10000.000000,0,4,1241924192,984,0,984,-19,0,11,5
107,360,21.600000,10000.000000,0,4,1241924197,1016,0,1016,-24,0,11,5
107,360,21.600000,10000.000000,0,4,1241924203,1042,0,1042,-28,0,11,5
107,360,21.600000,10000.000000,0,4,1241924208,1059,0,1059,-30,0,11,5
107,360,21.600000,10000.000000,0,4,1241924214,1078,0,1078,-34,0,11,5
107,360,21.600000,10000.000000,0,4,1241924219,1098,0,1098,-38,0,11,5
107,360,21.600000,10000.000000,0,4,1241924225,1114,0,1114,-42,0,11,5
107,360,21.600000,10000.000000,0,4,1241924231,1128,0,1128,-45,0,11,5
107,360,21.600000,10000.000000,0,4,1241924236,1137,0,1137,-48,0,11,5
107,360,21.600000,10000.000000,0,4,1241924242,1144,0,1144,-50,0,11,5
107,360,21.600000,10000.000000,0,4,1241924247,1146,0,1146,-52,0,11,5
107,360,21.600000,10000.000000,0,4,1241924253,1148,0,1148,-54,0,11,5
107,360,21.600000,10000.000000,0,4,1241924259,1148,0,1148,-55,0,11,5
107,360,21.600000,10000.000000,0,4,1241924265,1148,0,1148,-55,0,11,5
107,360,21.600000,10000.000000,0,4,1241924270,1148,0,1148,-56,0,11,5
107,360,21.600000,10000.000000,0,4,1241924275,1147,0,1147,-56,0,11,5
107,360,21.600000,10000.000000,0,4,1241924281,1147,0,1147,-56,0,11,5
107,360,21.600000,10000.000000,0,4,1241924287,1146,0,1146,-56,0,11,5
107,360,21.600000,10000.000000,0,4,1241924293,1145,0,1145,-56,0,11,5
107,360,21.600000,10000.000000,0,4,1241924298,1145,0,1145,-56,0,11,5
107,360,21.600000,10000.000000,0,4,1241924304,1144,0,1144,-56,0,11,5
107,360,21.600000,10000.000000,0,4,1241924309,1143,0,1143,-56,0,11,5
107,360,21.600000,10000.000000,0,4,1241924315,1143,0,1143,-56,0,11,5
107,360,21.600000,10000.000000,0,4,1241924320,1143,0,1143,-56,0,11,5
107,360,21.600000,10000.000000,0,4,1241924326,1143,0,1143,-56,0,11,5
107,360,21.600000,10000.000000,0,4,1241924331,1143,0,1143,-56,0,11,5
107,360,21.600000,10000.000000,0,4,1241924337,1143,0,1143,-56,0,11,5
107,360,21.600000,10000.000000,0,4,1241924342,1143,0,1143,-56,0,11,5
107,360,21.600000,10000.000000,0,4,1241924348,1143,0,1143,-56,0,11,5
107,360,21.600000,10000.000000,0,4,1241924353,1143,0,1143,-56,0,11,5
107,360,21.600000,10000.000000,0,4,1241924359,1143,0,1143,-56,0,11,5
107,360,21.600000,10000.000000,0,4,1241924365,1142,0,1142,-56,0,11,5
107,360,21.600000,10000.000000,0,4,1241924370,1142,0,1142,-57,0,11,5
107,360,21.600000,10000.000000,0,4,1241924376,1142,0,1142,-58,0,11,5
107,360,21.600000,10000.000000,0,4,1241924381,1142,0,1142,-58,0,11,5
107,360,21.600000,10000.000000,0,4,1241924387,1142,0,1142,-58,0,11,5
107,360,21.600000,10000.000000,0,4,1241924392,1142,0,1142,-58,0,11,5
107,360,21.600000,10000.000000,0,4,1241924397,1142,0,1142,-59,0,11,5
107,360,21.600000,10000.000000,0,4,1241924403,1142,0,1142,-60,0,11,5
107,360,21.600000,10000.000000,0,4,1241924408,1142,0,1142,-61,0,11,5
107,360,21.600000,10000.000000,0,4,1241924414,1142,0,1142,-61,0,11,5
107,360,21.600000,10000.000000,0,4,1241924419,1142,0,1142,-61,0,11,5
107,360,21.600000,10000.000000,0,4,1241924425,1142,0,1142,-61,0,11,5
107,360,21.600000,10000.000000,0,4,1241924430,1142,0,1142,-61,0,11,5
107,360,21.600000,10000.000000,0,4,1241924436,1142,0,1142,-61,0,11,5
107,360,21.600000,10000.000000,0,4,1241924441,1142,0,1142,-61,0,11,5
107,360,21.600000,10000.000000,0,4,1241924447,1142,0,1142,-61,0,11,5
107,360,21.600000,10000.000000,0,4,1241924452,1142,0,1142,-61,0,11,5
107,360,21.600000,10000.000000,0,4,1241924457,1142,0,1142,-61,0,11,5
107,360,21.600000,10000.000000,0,4,1241924463,1142,0,1142,-61,0,11,5
107,360,21.600000,10000.000000,0,4,1241924468,1142,0,1142,-61,0,11,5
107,360,21.600000,10000.000000,0,4,1241924474,1142,0,1142,-61,0,11,5
107,360,21.600000,10000.000000,0,4,1241924479,1142,0,1142,-61,0,11,5
107,360,21.600000,10000.000000,0,4,1241924485,1142,0,1142,-61,0,11,5
107,360,21.600000,10000.000000,0,4,1241924491,1142,0,1142,-62,0,11,5
107,360,21.600000,10000.000000,0,4,1241924496,1142,0,1142,-63,0,11,5
107,360,21.600000,10000.000000,0,4,1241924510,1142,0,1142,-63,0,11,5
