2,1120,33.600000,66.864000,0,0,5916711,400,0,400,0,0,0,100
2,1120,33.600000,66.864000,0,0,5916712,400,0,400,0,0,0,100
2,1120,33.600000,66.864000,0,0,5916725,400,0,400,0,0,0,100
2,1120,33.600000,66.864000,0,0,5916737,400,0,400,0,0,0,100
2,1120,33.600000,66.864000,0,0,5916750,400,0,400,0,0,0,100
2,1120,33.600000,66.864000,0,0,5916764,400,0,400,0,0,0,100
2,1120,33.600000,66.864000,0,0,5916777,400,0,400,0,0,0,100
2,1120,33.600000,66.864000,0,0,5916790,400,0,400,0,0,0,100
2,1120,33.600000,66.864000,0,0,5916803,402,0,402,0,0,0,100
2,1120,33.600000,66.864000,0,0,5916817,409,0,409,0,0,0,100
2,1120,33.600000,66.864000,0,0,5916831,421,0,421,0,0,0,100
2,1120,33.600000,66.864000,0,0,5916844,442,0,442,-1,0,0,100
2,1120,33.600000,66.864000,0,0,5916857,472,0,472,-1,0,0,100
2,1120,33.600000,66.864000,0,0,5916871,505,0,505,-1,0,0,100
2,1120,33.600000,66.864000,0,0,5916886,550,0,550,-1,0,0,100
2,1120,33.600000,66.864000,0,0,5916899,600,0,600,-1,0,0,100
2,1120,33.600000,66.864000,0,0,5916912,659,0,659,-1,0,0,100
2,1120,33.600000,66.864000,0,0,5916926,728,1,728,0,0,0,100
2,1120,33.600000,66.864000,0,0,5916940,785,1,785,0,0,0,100
2,1120,33.600000,66.864000,0,0,5916953,862,1,862,0,0,0,100
2,1120,33.600000,66.864000,0,0,5916967,937,0,937,-1,0,0,100
2,1120,33.600000,66.864000,0,0,5916980,1010,0,1010,-3,0,0,100
2,1120,33.600000,66.864000,0,0,5916994,1076,0,1076,-7,0,0,100
2,1120,33.600000,66.864000,0,0,5917007,1141,0,1141,-12,0,0,100
2,1120,33.600000,66.864000,0,0,5917021,1197,0,1197,-17,0,0,100
2,1120,33.600000,66.864000,0,0,5917035,1253,0,1253,-22,0,0,100
2,1120,33.600000,66.864000,0,0,5917049,1300,0,1300,-26,0,0,100
2,1120,33.600000,66.864000,0,0,5917063,1340,0,1340,-28,0,0,100
2,1120,33.600000,66.864000,0,0,5917078,1370,0,1370,-29,0,0,100
2,1120,33.600000,66.864000,0,0,5917091,1393,0,1393,-30,0,0,100
2,1120,33.600000,66.864000,0,0,5917105,1407,0,1407,-30,0,0,100
2,1120,33.600000,66.864000,0,0,5917118,1415,0,1415,-30,0,0,100
2,1120,33.600000,66.864000,0,0,5917131,1417,0,1417,-30,0,0,100
2,1120,33.600000,66.864000,0,0,5917144,1417,0,1417,-30,0,0,100
2,1120,33.600000,66.864000,0,0,5917157,1417,0,1417,-30,0,0,100
2,1120,33.600000,66.864000,0,0,5917170,1417,0,1417,-30,0,0,100
2,1120,33.600000,66.864000,0,0,5917184,1417,0,1417,-30,0,0,100
2,1120,33.600000,66.864000,0,0,5917198,1419,0,1419,-30,0,0,100
2,1120,33.600000,66.864000,0,0,5917211,1424,0,1424,-30,0,0,100
2,1120,33.600000,66.864000,0,0,5917224,1429,0,1429,-30,0,0,100
2,1120,33.600000,66.864000,0,0,5917237,1433,0,1433,-30,0,0,100
2,1120,33.600000,66.864000,0,0,5917250,1436,0,1436,-30,0,0,100
2,1120,33.600000,66.864000,0,0,5917265,1437,0,1437,-30,0,0,100
2,1120,33.600000,66.864000,0,0,5917278,1439,0,1439,-30,0,0,100
2,1120,33.600000,66.864000,0,0,5917292,1444,0,1444,-30,0,0,100
2,1120,33.600000,66.864000,0,0,5917306,1451,0,1451,-30,0,0,100
2,1120,33.600000,66.864000,0,0,5917319,1459,0,1459,-30,0,0,100
2,1120,33.600000,66.864000,0,0,5917333,1466,0,1466,-30,0,0,100
2,1120,33.600000,66.864000,0,0,5917347,1472,0,1472,-30,0,0,100
2,1120,33.600000,66.864000,0,0,5917361,1478,0,1478,-30,0,0,100
2,1120,33.600000,66.864000,0,0,5917374,1486,1,1486,-29,0,0,100
2,1120,33.600000,66.864000,0,0,5917388,1497,3,1497,-27,0,0,100
2,1120,33.600000,66.864000,0,0,5917402,1510,5,1510,-25,0,0,100
2,1120,33.600000,66.864000,0,0,5917415,1524,5,1524,-25,0,0,100
2,1120,33.600000,66.864000,0,0,5917429,1535,6,1535,-24,0,0,100
2,1120,33.600000,66.864000,0,0,5917442,1544,7,1544,-23,0,0,100
2,1120,33.600000,66.864000,0,0,5917457,1550,8,1550,-22,0,0,100
2,1120,33.600000,66.864000,0,0,5917471,1553,8,1553,-22,0,0,100
2,1120,33.600000,66.864000,0,0,5917484,1553,8,1553,-22,0,0,100
2,1120,33.600000,66.864000,0,0,5917497,1553,8,1553,-22,0,0,100
2,1120,33.600000,66.864000,0,0,5917510,1553,8,1553,-22,0,0,100
2,1120,33.600000,66.864000,0,0,5917523,1553,8,1553,-22,0,0,100
2,1120,33.600000,66.864000,0,0,5917537,1553,8,1553,-22,0,0,100
2,1120,33.600000,66.864000,0,0,5917549,1553,8,1553,-22,0,0,100
2,1120,33.600000,66.864000,0,0,5917562,1553,8,1553,-22,0,0,100
2,1120,33.600000,66.864000,0,0,5917575,1553,8,1553,-22,0,0,100
2,1120,33.600000,66.864000,0,0,5917589,1553,8,1553,-22,0,0,100
2,1120,33.600000,66.864000,0,0,5917603,1553,8,1553,-22,0,0,100
2,1120,33.600000,66.864000,0,0,5917617,1553,8,1553,-22,0,0,100
2,1120,33.600000,66.864000,0,0,5917630,1551,8,1551,-22,0,0,100
2,1120,33.600000,66.864000,0,0,5917644,1546,8,1546,-22,0,0,100
2,1120,33.600000,66.864000,0,0,5917658,1537,8,1537,-22,0,0,100
2,1120,33.600000,66.864000,0,0,5917672,1531,9,1531,-21,0,0,100
2,1120,33.600000,66.864000,0,0,5917686,1528,9,1528,-21,0,0,100
2,1120,33.600000,66.864000,0,0,5917700,1526,9,1526,-21,0,0,100
2,1120,33.600000,66.864000,0,0,5917713,1526,9,1526,-21,0,0,100
2,1120,33.600000,66.864000,0,0,5917725,1526,9,1526,-21,0,0,100
2,1120,33.600000,66.864000,0,0,5917740,1526,9,1526,-21,0,0,100
2,1120,33.600000,66.864000,0,0,5917752,1525,9,1525,-21,0,0,100
2,1120,33.600000,66.864000,0,0,5917765,1525,9,1525,-21,0,0,100
2,1120,33.600000,66.864000,0,0,5917778,1525,9,1525,-21,0,0,100
2,1120,33.600000,66.864000,0,0,5917791,1525,9,1525,-21,0,0,100
2,1120,33.600000,66.864000,0,0,5917804,1525,9,1525,-21,0,0,100
2,1120,33.600000,66.864000,0,0,5917817,1525,9,1525,-21,0,0,100
2,1120,33.600000,66.864000,0,0,5917831,1525,9,1525,-21,0,0,100
2,1120,33.600000,66.864000,0,0,5917844,1525,9,1525,-21,0,0,100
2,1120,33.600000,66.864000,0,0,5917857,1525,9,1525,-21,0,0,100
2,1120,33.600000,66.864000,0,0,5917870,1525,9,1525,-21,0,0,100
2,1120,33.600000,66.864000,0,0,5917883,1525,9,1525,-21,0,0,100
2,1120,33.600000,66.864000,0,0,5917896,1525,9,1525,-21,0,0,100
2,1120,33.600000,66.864000,0,0,5917910,1525,9,1525,-21,0,0,100
