2,1120,78.400000,35.168000,0,0,5765494,400,0,400,0,0,0,14
2,1120,78.400000,35.168000,0,0,5765494,400,0,400,0,0,0,14
2,1120,78.400000,35.168000,0,0,5765508,402,0,402,-1,0,0,14
2,1120,78.400000,35.168000,0,0,5765520,405,0,405,-1,0,0,14
2,1120,78.400000,35.168000,0,0,5765534,406,0,406,-2,0,0,14
2,1120,78.400000,35.168000,0,0,5765549,408,0,408,-2,0,0,14
2,1120,78.400000,35.168000,0,0,5765562,410,0,410,-3,0,0,14
2,1120,78.400000,35.168000,0,0,5765574,414,0,414,-3,0,0,14
2,1120,78.400000,35.168000,0,0,5765589,419,0,419,-4,0,0,14
2,1120,78.400000,35.168000,0,0,5765602,430,0,430,-6,0,0,14
2,1120,78.400000,35.168000,0,0,5765616,451,0,451,-8,0,0,14
2,1120,78.400000,35.168000,0,0,5765630,484,0,484,-10,0,0,14
2,1120,78.400000,35.168000,0,0,5765644,528,0,528,-10,0,0,14
2,1120,78.400000,35.168000,0,0,5765657,588,0,588,-10,0,0,14
2,1120,78.400000,35.168000,0,0,5765671,663,0,663,-10,0,0,14
2,1120,78.400000,35.168000,0,0,5765684,738,0,738,-10,0,0,14
2,1120,78.400000,35.168000,0,0,5765698,811,0,811,-11,0,0,14
2,1120,78.400000,35.168000,0,0,5765713,881,0,881,-13,0,0,14
2,1120,78.400000,35.168000,0,0,5765726,950,0,950,-14,0,0,14
2,1120,78.400000,35.168000,0,0,5765740,1014,0,1014,-14,0,0,14
2,1120,78.400000,35.168000,0,0,5765755,1072,0,1072,-15,0,0,14
2,1120,78.400000,35.168000,0,0,5765768,1119,0,1119,-15,0,0,14
2,1120,78.400000,35.168000,0,0,5765782,1152,1,1152,-14,0,0,14
2,1120,78.400000,35.168000,0,0,5765796,1180,4,1180,-11,0,0,14
2,1120,78.400000,35.168000,0,0,5765810,1201,7,1201,-8,0,0,14
2,1120,78.400000,35.168000,0,0,5765825,1214,8,1214,-7,0,0,14
2,1120,78.400000,35.168000,0,0,5765838,1220,9,1220,-6,0,0,14
2,1120,78.400000,35.168000,0,0,5765851,1223,9,1223,-6,0,0,14
2,1120,78.400000,35.168000,0,0,5765864,1226,11,1226,-4,0,0,14
2,1120,78.400000,35.168000,0,0,5765878,1231,12,1231,-3,0,0,14
2,1120,78.400000,35.168000,0,0,5765891,1237,13,1237,-2,0,0,14
2,1120,78.400000,35.168000,0,0,5765905,1245,13,1245,-2,0,0,14
2,1120,78.400000,35.168000,0,0,5765918,1255,13,1255,-2,0,0,14
2,1120,78.400000,35.168000,0,0,5765932,1264,13,1264,-2,0,0,14
2,1120,78.400000,35.168000,0,0,5765945,1272,13,1272,-2,0,0,14
2,1120,78.400000,35.168000,0,0,5765958,1278,13,1278,-2,0,0,14
2,1120,78.400000,35.168000,0,0,5765972,1288,13,1288,-2,0,0,14
2,1120,78.400000,35.168000,0,0,5765986,1304,13,1304,-2,0,0,14
2,1120,78.400000,35.168000,0,0,5766000,1322,12,1322,-3,0,0,14
2,1120,78.400000,35.168000,0,0,5766015,1343,11,1343,-4,0,0,14
2,1120,78.400000,35.168000,0,0,5766028,1362,11,1362,-4,0,0,14
2,1120,78.400000,35.168000,0,0,5766041,1380,10,1380,-5,0,0,14
2,1120,78.400000,35.168000,0,0,5766055,1399,10,1399,-5,0,0,14
2,1120,78.400000,35.168000,0,0,5766070,1417,10,1417,-5,0,0,14
2,1120,78.400000,35.168000,0,0,5766084,1438,10,1438,-5,0,0,14
2,1120,78.400000,35.168000,0,0,5766098,1456,9,1456,-6,0,0,14
2,1120,78.400000,35.168000,0,0,5766111,1466,8,1466,-7,0,0,14
2,1120,78.400000,35.168000,0,0,5766124,1468,7,1468,-8,0,0,14
2,1120,78.400000,35.168000,0,0,5766137,1468,6,1468,-9,0,0,14
2,1120,78.400000,35.168000,0,0,5766150,1468,6,1468,-9,0,0,14
2,1120,78.400000,35.168000,0,0,5766163,1468,6,1468,-9,0,0,14
2,1120,78.400000,35.168000,0,0,5766176,1468,6,1468,-9,0,0,14
2,1120,78.400000,35.168000,0,0,5766190,1468,6,1468,-9,0,0,14
2,1120,78.400000,35.168000,0,0,5766203,1468,6,1468,-9,0,0,14
2,1120,78.400000,35.168000,0,0,5766216,1468,6,1468,-9,0,0,14
2,1120,78.400000,35.168000,0,0,5766231,1468,6,1468,-9,0,0,14
2,1120,78.400000,35.168000,0,0,5766245,1468,6,1468,-9,0,0,14
2,1120,78.400000,35.168000,0,0,5766258,1467,6,1467,-9,0,0,14
2,1120,78.400000,35.168000,0,0,5766270,1467,6,1467,-9,0,0,14
2,1120,78.400000,35.168000,0,0,5766283,1467,6,1467,-9,0,0,14
2,1120,78.400000,35.168000,0,0,5766297,1467,6,1467,-9,0,0,14
2,1120,78.400000,35.168000,0,0,5766310,1467,6,1467,-9,0,0,14
2,1120,78.400000,35.168000,0,0,5766324,1467,6,1467,-9,0,0,14
2,1120,78.400000,35.168000,0,0,5766337,1467,6,1467,-9,0,0,14
2,1120,78.400000,35.168000,0,0,5766350,1467,6,1467,-9,0,0,14
2,1120,78.400000,35.168000,0,0,5766363,1467,6,1467,-9,0,0,14
2,1120,78.400000,35.168000,0,0,5766378,1474,6,1474,-9,0,0,14
2,1120,78.400000,35.168000,0,0,5766392,1493,6,1493,-9,0,0,14
2,1120,78.400000,35.168000,0,0,5766406,1519,7,1519,-8,0,0,14
2,1120,78.400000,35.168000,0,0,5766420,1542,7,1542,-8,0,0,14
2,1120,78.400000,35.168000,0,0,5766433,1557,7,1557,-8,0,0,14
2,1120,78.400000,35.168000,0,0,5766446,1562,7,1562,-8,0,0,14
2,1120,78.400000,35.168000,0,0,5766460,1562,7,1562,-8,0,0,14
2,1120,78.400000,35.168000,0,0,5766474,1561,7,1561,-8,0,0,14
2,1120,78.400000,35.168000,0,0,5766487,1556,6,1556,-9,0,0,14
2,1120,78.400000,35.168000,0,0,5766500,1553,6,1553,-9,0,0,14
2,1120,78.400000,35.168000,0,0,5766513,1553,6,1553,-9,0,0,14
2,1120,78.400000,35.168000,0,0,5766526,1553,6,1553,-9,0,0,14
2,1120,78.400000,35.168000,0,0,5766539,1553,6,1553,-9,0,0,14
2,1120,78.400000,35.168000,0,0,5766553,1553,6,1553,-9,0,0,14
2,1120,78.400000,35.168000,0,0,5766566,1553,6,1553,-9,0,0,14
2,1120,78.400000,35.168000,0,0,5766579,1550,6,1550,-9,0,0,14
2,1120,78.400000,35.168000,0,0,5766592,1543,5,1543,-10,0,0,14
2,1120,78.400000,35.168000,0,0,5766606,1534,5,1534,-10,0,0,14
2,1120,78.400000,35.168000,0,0,5766620,1526,5,1526,-10,0,0,14
2,1120,78.400000,35.168000,0,0,5766633,1521,5,1521,-10,0,0,14
2,1120,78.400000,35.168000,0,0,5766646,1519,5,1519,-10,0,0,14
2,1120,78.400000,35.168000,0,0,5766659,1518,5,1518,-10,0,0,14
2,1120,78.400000,35.168000,0,0,5766673,1518,5,1518,-10,0,0,14
2,1120,78.400000,35.168000,0,0,5766686,1518,5,1518,-10,0,0,14
2,1120,78.400000,35.168000,0,0,5766699,1518,5,1518,-10,0,0,14
2,1120,78.400000,35.168000,0,0,5766712,1518,5,1518,-10,0,0,14
2,1120,78.400000,35.168000,0,0,5766724,1518,5,1518,-10,0,0,14
2,1120,78.400000,35.168000,0,0,5766738,1518,5,1518,-10,0,0,14
2,1120,78.400000,35.168000,0,0,5766750,1518,5,1518,-10,0,0,14
2,1120,78.400000,35.168000,0,0,5766763,1518,5,1518,-10,0,0,14
