2,560,128.800000,10000.000000,1,0,6294135,680,0,680,0,0,2,83
2,560,128.800000,10000.000000,1,0,6294136,680,0,680,0,0,2,83
2,560,128.800000,10000.000000,1,0,6294150,681,0,681,0,0,2,83
2,560,128.800000,10000.000000,1,0,6294163,681,0,681,0,0,2,83
2,560,128.800000,10000.000000,1,0,6294177,681,0,681,0,0,2,83
2,560,128.800000,10000.000000,1,0,6294191,682,0,682,0,0,2,83
2,560,128.800000,10000.000000,1,0,6294203,682,0,682,0,0,2,83
2,560,128.800000,10000.000000,1,0,6294217,684,0,684,0,0,2,83
2,560,128.800000,10000.000000,1,0,6294231,687,0,687,0,0,2,83
2,560,128.800000,10000.000000,1,0,6294244,693,0,693,0,0,2,83
2,560,128.800000,10000.000000,1,0,6294257,706,1,706,1,0,2,83
2,560,128.800000,10000.000000,1,0,6294271,728,1,728,1,0,2,83
2,560,128.800000,10000.000000,1,0,6294285,760,1,760,1,0,2,83
2,560,128.800000,10000.000000,1,0,6294299,806,1,806,1,0,2,83
2,560,128.800000,10000.000000,1,0,6294313,859,0,859,0,0,2,83
2,560,128.800000,10000.000000,1,0,6294326,921,0,921,0,0,2,83
2,560,128.800000,10000.000000,1,0,6294339,984,0,984,0,0,2,83
2,560,128.800000,10000.000000,1,0,6294353,1027,0,1027,-1,0,2,83
2,560,128.800000,10000.000000,1,0,6294368,1058,0,1058,-2,0,2,83
2,560,128.800000,10000.000000,1,0,6294381,1089,0,1089,-2,0,2,83
2,560,128.800000,10000.000000,1,0,6294394,1119,0,1119,-3,0,2,83
2,560,128.800000,10000.000000,1,0,6294407,1143,0,1143,-4,0,2,83
2,560,128.800000,10000.000000,1,0,6294421,1163,0,1163,-4,0,2,83
2,560,128.800000,10000.000000,1,0,6294435,1186,0,1186,-4,0,2,83
2,560,128.800000,10000.000000,1,0,6294448,1202,0,1202,-4,0,2,83
2,560,128.800000,10000.000000,1,0,6294461,1211,0,1211,-4,0,2,83
2,560,128.800000,10000.000000,1,0,6294475,1212,0,1212,-5,0,2,83
2,560,128.800000,10000.000000,1,0,6294487,1212,0,1212,-5,0,2,83
2,560,128.800000,10000.000000,1,0,6294501,1212,0,1212,-5,0,2,83
2,560,128.800000,10000.000000,1,0,6294514,1212,0,1212,-5,0,2,83
2,560,128.800000,10000.000000,1,0,6294527,1212,0,1212,-5,0,2,83
2,560,128.800000,10000.000000,1,0,6294540,1212,0,1212,-5,0,2,83
2,560,128.800000,10000.000000,1,0,6294555,1212,0,1212,-5,0,2,83
2,560,128.800000,10000.000000,1,0,6294568,1212,0,1212,-5,0,2,83
2,560,128.800000,10000.000000,1,0,6294581,1212,0,1212,-5,0,2,83
2,560,128.800000,10000.000000,1,0,6294594,1212,0,1212,-5,0,2,83
2,560,128.800000,10000.000000,1,0,6294607,1212,0,1212,-5,0,2,83
2,560,128.800000,10000.000000,1,0,6294620,1212,0,1212,-5,0,2,83
2,560,128.800000,10000.000000,1,0,6294632,1212,0,1212,-5,0,2,83
