2,1120,128.800000,10000.000000,0,1,7049077,400,33,400,33,0,5,109
2,1120,128.800000,10000.000000,0,1,7049079,400,33,400,33,0,5,109
2,1120,128.800000,10000.000000,0,1,7049092,400,33,400,33,0,5,109
2,1120,128.800000,10000.000000,0,1,7049104,400,34,400,34,0,5,109
2,1120,128.800000,10000.000000,0,1,7049117,401,34,401,34,0,5,109
2,1120,128.800000,10000.000000,0,1,7049131,402,35,402,35,0,5,109
2,1120,128.800000,10000.000000,0,1,7049146,408,38,408,38,0,5,109
2,1120,128.800000,10000.000000,0,1,7049159,427,41,427,41,0,5,109
2,1120,128.800000,10000.000000,0,1,7049172,461,43,461,43,0,5,109
2,1120,128.800000,10000.000000,0,1,7049185,518,46,518,46,0,5,109
2,1120,128.800000,10000.000000,0,1,7049200,606,50,606,50,0,5,109
2,1120,128.800000,10000.000000,0,1,7049214,742,53,742,53,0,5,109
2,1120,128.800000,10000.000000,0,1,7049228,875,55,875,55,0,5,109
2,1120,128.800000,10000.000000,0,1,7049241,1013,56,1013,56,0,5,109
2,1120,128.800000,10000.000000,0,1,7049254,1269,57,1269,57,0,5,109
2,1120,128.800000,10000.000000,0,1,7049268,1358,53,1358,53,0,5,109
2,1120,128.800000,10000.000000,0,1,7049282,1413,47,1413,47,0,5,109
2,1120,128.800000,10000.000000,0,1,7049296,1443,42,1443,42,0,5,109
2,1120,128.800000,10000.000000,0,1,7049309,1456,38,1456,38,0,5,109
2,1120,128.800000,10000.000000,0,1,7049323,1463,35,1463,35,0,5,109
2,1120,128.800000,10000.000000,0,1,7049337,1474,30,1474,30,0,5,109
2,1120,128.800000,10000.000000,0,1,7049349,1489,23,1489,23,0,5,109
2,1120,128.800000,10000.000000,0,1,7049362,1509,16,1509,16,0,5,109
2,1120,128.800000,10000.000000,0,1,7049376,1527,9,1527,9,0,5,109
2,1120,128.800000,10000.000000,0,1,7049389,1546,1,1546,1,0,5,109
2,1120,128.800000,10000.000000,0,1,7049404,1564,0,1564,-7,0,5,109
2,1120,128.800000,10000.000000,0,1,7049417,1581,0,1581,-15,0,5,109
2,1120,128.800000,10000.000000,0,1,7049431,1592,0,1592,-21,0,5,109
2,1120,128.800000,10000.000000,0,1,7049445,1597,0,1597,-23,0,5,109
2,1120,128.800000,10000.000000,0,1,7049458,1597,0,1597,-23,0,5,109
2,1120,128.800000,10000.000000,0,1,7049471,1597,0,1597,-24,0,5,109
2,1120,128.800000,10000.000000,0,1,7049484,1597,0,1597,-24,0,5,109
2,1120,128.800000,10000.000000,0,1,7049498,1596,0,1596,-24,0,5,109
2,1120,128.800000,10000.000000,0,1,7049511,1596,0,1596,-24,0,5,109
2,1120,128.800000,10000.000000,0,1,7049524,1596,0,1596,-24,0,5,109
2,1120,128.800000,10000.000000,0,1,7049537,1596,0,1596,-24,0,5,109
2,1120,128.800000,10000.000000,0,1,7049550,1596,0,1596,-24,0,5,109
2,1120,128.800000,10000.000000,0,1,7049564,1596,0,1596,-24,0,5,109
2,1120,128.800000,10000.000000,0,1,7049577,1595,0,1595,-24,0,5,109
2,1120,128.800000,10000.000000,0,1,7049590,1595,0,1595,-24,0,5,109
2,1120,128.800000,10000.000000,0,1,7049603,1595,0,1595,-24,0,5,109
2,1120,128.800000,10000.000000,0,1,7049615,1595,0,1595,-24,0,5,109
2,1120,128.800000,10000.000000,0,1,7049628,1595,0,1595,-24,0,5,109
2,1120,128.800000,10000.000000,0,1,7049641,1594,0,1594,-24,0,5,109
2,1120,128.800000,10000.000000,0,1,7049654,1594,0,1594,-24,0,5,109
2,1120,128.800000,10000.000000,0,1,7049667,1591,0,1591,-24,0,5,109
2,1120,128.800000,10000.000000,0,1,7049680,1588,1,1588,-23,0,5,109
2,1120,128.800000,10000.000000,0,1,7049693,1586,1,1586,-23,0,5,109
2,1120,128.800000,10000.000000,0,1,7049707,1584,2,1584,-22,0,5,109
2,1120,128.800000,10000.000000,0,1,7049720,1584,2,1584,-22,0,5,109
2,1120,128.800000,10000.000000,0,1,7049733,1583,2,1583,-22,0,5,109
2,1120,128.800000,10000.000000,0,1,7049746,1582,2,1582,-22,0,5,109
2,1120,128.800000,10000.000000,0,1,7049760,1578,2,1578,-22,0,5,109
2,1120,128.800000,10000.000000,0,1,7049773,1573,2,1573,-22,0,5,109
2,1120,128.800000,10000.000000,0,1,7049787,1569,3,1569,-21,0,5,109
2,1120,128.800000,10000.000000,0,1,7049801,1566,4,1566,-20,0,5,109
2,1120,128.800000,10000.000000,0,1,7049814,1561,4,1561,-20,0,5,109
2,1120,128.800000,10000.000000,0,1,7049828,1558,5,1558,-19,0,5,109
2,1120,128.800000,10000.000000,0,1,7049841,1554,5,1554,-19,0,5,109
2,1120,128.800000,10000.000000,0,1,7049854,1550,5,1550,-19,0,5,109
2,1120,128.800000,10000.000000,0,1,7049868,1548,5,1548,-19,0,5,109
2,1120,128.800000,10000.000000,0,1,7049880,1548,5,1548,-19,0,5,109
2,1120,128.800000,10000.000000,0,1,7049894,1548,5,1548,-19,0,5,109
2,1120,128.800000,10000.000000,0,1,7049907,1548,5,1548,-19,0,5,109
2,1120,128.800000,10000.000000,0,1,7049920,1548,5,1548,-19,0,5,109
2,1120,128.800000,10000.000000,0,1,7049933,1548,5,1548,-19,0,5,109
2,1120,128.800000,10000.000000,0,1,7049946,1548,5,1548,-19,0,5,109
2,1120,128.800000,10000.000000,0,1,7049959,1548,5,1548,-19,0,5,109
