2,1120,128.800000,35.168000,0,1,7070674,400,33,400,33,0,6,4
2,1120,128.800000,35.168000,0,1,7070675,400,33,400,33,0,6,4
2,1120,128.800000,35.168000,0,1,7070688,401,34,401,34,0,6,4
2,1120,128.800000,35.168000,0,1,7070702,402,34,402,34,0,6,4
2,1120,128.800000,35.168000,0,1,7070716,403,35,403,35,0,6,4
2,1120,128.800000,35.168000,0,1,7070729,405,36,405,36,0,6,4
2,1120,128.800000,35.168000,0,1,7070743,410,38,410,38,0,6,4
2,1120,128.800000,35.168000,0,1,7070757,421,41,421,41,0,6,4
2,1120,128.800000,35.168000,0,1,7070771,440,44,440,44,0,6,4
2,1120,128.800000,35.168000,0,1,7070784,476,46,476,46,0,6,4
2,1120,128.800000,35.168000,0,1,7070798,533,48,533,48,0,6,4
2,1120,128.800000,35.168000,0,1,7070812,602,53,602,53,0,6,4
2,1120,128.800000,35.168000,0,1,7070826,704,57,704,57,0,6,4
2,1120,128.800000,35.168000,0,1,7070839,811,59,811,59,0,6,4
2,1120,128.800000,35.168000,0,1,7070853,931,60,931,60,0,6,4
2,1120,128.800000,35.168000,0,1,7070867,1053,61,1053,61,0,6,4
2,1120,128.800000,35.168000,0,1,7070881,1172,60,1172,60,0,6,4
2,1120,128.800000,35.168000,0,1,7070896,1277,57,1277,57,0,6,4
2,1120,128.800000,35.168000,0,1,7070909,1384,51,1384,51,0,6,4
2,1120,128.800000,35.168000,0,1,7070923,1465,44,1465,44,0,6,4
2,1120,128.800000,35.168000,0,1,7070937,1520,40,1520,40,0,6,4
2,1120,128.800000,35.168000,0,1,7070950,1568,35,1568,35,0,6,4
2,1120,128.800000,35.168000,0,1,7070964,1594,32,1594,32,0,6,4
2,1120,128.800000,35.168000,0,1,7070977,1609,30,1609,30,0,6,4
2,1120,128.800000,35.168000,0,1,7070991,1613,29,1613,29,0,6,4
2,1120,128.800000,35.168000,0,1,7071005,1614,29,1614,29,0,6,4
2,1120,128.800000,35.168000,0,1,7071018,1616,28,1616,28,0,6,4
2,1120,128.800000,35.168000,0,1,7071031,1617,27,1617,27,0,6,4
2,1120,128.800000,35.168000,0,1,7071044,1618,24,1618,24,0,6,4
2,1120,128.800000,35.168000,0,1,7071057,1618,23,1618,23,0,6,4
2,1120,128.800000,35.168000,0,1,7071070,1620,21,1620,21,0,6,4
2,1120,128.800000,35.168000,0,1,7071083,1622,19,1622,19,0,6,4
2,1120,128.800000,35.168000,0,1,7071096,1624,18,1624,18,0,6,4
2,1120,128.800000,35.168000,0,1,7071109,1625,17,1625,17,0,6,4
2,1120,128.800000,35.168000,0,1,7071122,1626,15,1626,15,0,6,4
2,1120,128.800000,35.168000,0,1,7071137,1626,13,1626,13,0,6,4
2,1120,128.800000,35.168000,0,1,7071150,1622,10,1622,10,0,6,4
2,1120,128.800000,35.168000,0,1,7071164,1614,7,1614,7,0,6,4
2,1120,128.800000,35.168000,0,1,7071178,1600,5,1600,5,0,6,4
2,1120,128.800000,35.168000,0,1,7071191,1579,3,1579,3,0,6,4
2,1120,128.800000,35.168000,0,1,7071204,1557,1,1557,1,0,6,4
2,1120,128.800000,35.168000,0,1,7071218,1539,0,1539,0,0,6,4
2,1120,128.800000,35.168000,0,1,7071232,1528,0,1528,-1,0,6,4
2,1120,128.800000,35.168000,0,1,7071245,1521,0,1521,-2,0,6,4
2,1120,128.800000,35.168000,0,1,7071258,1519,0,1519,-3,0,6,4
2,1120,128.800000,35.168000,0,1,7071271,1519,0,1519,-3,0,6,4
2,1120,128.800000,35.168000,0,1,7071284,1519,0,1519,-3,0,6,4
2,1120,128.800000,35.168000,0,1,7071296,1519,0,1519,-3,0,6,4
2,1120,128.800000,35.168000,0,1,7071309,1519,0,1519,-3,0,6,4
2,1120,128.800000,35.168000,0,1,7071322,1519,0,1519,-3,0,6,4
2,1120,128.800000,35.168000,0,1,7071335,1519,0,1519,-3,0,6,4
2,1120,128.800000,35.168000,0,1,7071349,1519,0,1519,-3,0,6,4
2,1120,128.800000,35.168000,0,1,7071362,1519,0,1519,-3,0,6,4
