2,1120,33.600000,35.168000,1,0,7269255,400,0,400,0,0,7,13
2,1120,33.600000,35.168000,1,0,7269256,400,0,400,0,0,7,13
2,1120,33.600000,35.168000,1,0,7269269,400,0,400,0,0,7,13
2,1120,33.600000,35.168000,1,0,7269283,400,0,400,0,0,7,13
2,1120,33.600000,35.168000,1,0,7269296,400,0,400,0,0,7,13
2,1120,33.600000,35.168000,1,0,7269309,400,0,400,0,0,7,13
2,1120,33.600000,35.168000,1,0,7269322,401,0,401,0,0,7,13
2,1120,33.600000,35.168000,1,0,7269337,405,0,405,-1,0,7,13
2,1120,33.600000,35.168000,1,0,7269351,428,0,428,-2,0,7,13
2,1120,33.600000,35.168000,1,0,7269366,475,0,475,-4,0,7,13
2,1120,33.600000,35.168000,1,0,7269379,552,0,552,-5,0,7,13
2,1120,33.600000,35.168000,1,0,7269392,643,0,643,-6,0,7,13
2,1120,33.600000,35.168000,1,0,7269407,739,0,739,-6,0,7,13
2,1120,33.600000,35.168000,1,0,7269421,865,3,865,-3,0,7,13
2,1120,33.600000,35.168000,1,0,7269435,975,8,975,2,0,7,13
2,1120,33.600000,35.168000,1,0,7269450,1056,10,1056,4,0,7,13
2,1120,33.600000,35.168000,1,0,7269463,1110,11,1110,5,0,7,13
2,1120,33.600000,35.168000,1,0,7269477,1146,11,1146,5,0,7,13
2,1120,33.600000,35.168000,1,0,7269491,1167,11,1167,5,0,7,13
2,1120,33.600000,35.168000,1,0,7269505,1186,11,1186,5,0,7,13
2,1120,33.600000,35.168000,1,0,7269518,1205,11,1205,5,0,7,13
2,1120,33.600000,35.168000,1,0,7269532,1223,9,1223,3,0,7,13
2,1120,33.600000,35.168000,1,0,7269546,1246,5,1246,-1,0,7,13
2,1120,33.600000,35.168000,1,0,7269559,1268,2,1268,-4,0,7,13
2,1120,33.600000,35.168000,1,0,7269573,1289,0,1289,-8,0,7,13
2,1120,33.600000,35.168000,1,0,7269587,1305,0,1305,-11,0,7,13
2,1120,33.600000,35.168000,1,0,7269601,1316,0,1316,-13,0,7,13
2,1120,33.600000,35.168000,1,0,7269614,1324,0,1324,-14,0,7,13
2,1120,33.600000,35.168000,1,0,7269628,1329,0,1329,-15,0,7,13
2,1120,33.600000,35.168000,1,0,7269642,1334,0,1334,-16,0,7,13
2,1120,33.600000,35.168000,1,0,7269655,1338,0,1338,-17,0,7,13
2,1120,33.600000,35.168000,1,0,7269669,1342,0,1342,-17,0,7,13
2,1120,33.600000,35.168000,1,0,7269683,1346,0,1346,-18,0,7,13
2,1120,33.600000,35.168000,1,0,7269696,1353,0,1353,-18,0,7,13
2,1120,33.600000,35.168000,1,0,7269710,1362,0,1362,-18,0,7,13
2,1120,33.600000,35.168000,1,0,7269724,1375,0,1375,-18,0,7,13
2,1120,33.600000,35.168000,1,0,7269739,1388,0,1388,-18,0,7,13
2,1120,33.600000,35.168000,1,0,7269752,1405,0,1405,-18,0,7,13
2,1120,33.600000,35.168000,1,0,7269766,1421,0,1421,-18,0,7,13
2,1120,33.600000,35.168000,1,0,7269780,1435,0,1435,-18,0,7,13
2,1120,33.600000,35.168000,1,0,7269793,1449,1,1449,-17,0,7,13
2,1120,33.600000,35.168000,1,0,7269808,1459,2,1459,-16,0,7,13
2,1120,33.600000,35.168000,1,0,7269822,1465,3,1465,-15,0,7,13
2,1120,33.600000,35.168000,1,0,7269835,1469,3,1469,-15,0,7,13
2,1120,33.600000,35.168000,1,0,7269848,1472,3,1472,-15,0,7,13
2,1120,33.600000,35.168000,1,0,7269862,1474,3,1474,-15,0,7,13
2,1120,33.600000,35.168000,1,0,7269875,1476,3,1476,-15,0,7,13
2,1120,33.600000,35.168000,1,0,7269888,1476,3,1476,-15,0,7,13
2,1120,33.600000,35.168000,1,0,7269901,1477,3,1477,-15,0,7,13
2,1120,33.600000,35.168000,1,0,7269914,1480,3,1480,-15,0,7,13
2,1120,33.600000,35.168000,1,0,7269928,1485,3,1485,-15,0,7,13
2,1120,33.600000,35.168000,1,0,7269941,1494,3,1494,-15,0,7,13
2,1120,33.600000,35.168000,1,0,7269955,1507,3,1507,-15,0,7,13
2,1120,33.600000,35.168000,1,0,7269968,1519,3,1519,-15,0,7,13
2,1120,33.600000,35.168000,1,0,7269982,1525,3,1525,-15,0,7,13
2,1120,33.600000,35.168000,1,0,7269995,1526,3,1526,-15,0,7,13
2,1120,33.600000,35.168000,1,0,7270007,1526,3,1526,-15,0,7,13
2,1120,33.600000,35.168000,1,0,7270020,1526,3,1526,-15,0,7,13
2,1120,33.600000,35.168000,1,0,7270033,1526,3,1526,-15,0,7,13
2,1120,33.600000,35.168000,1,0,7270046,1526,3,1526,-15,0,7,13
2,1120,33.600000,35.168000,1,0,7270059,1526,3,1526,-15,0,7,13
2,1120,33.600000,35.168000,1,0,7270072,1526,3,1526,-15,0,7,13
2,1120,33.600000,35.168000,1,0,7270085,1526,3,1526,-15,0,7,13
2,1120,33.600000,35.168000,1,0,7270099,1526,3,1526,-15,0,7,13
2,1120,33.600000,35.168000,1,0,7270112,1526,3,1526,-15,0,7,13
2,1120,33.600000,35.168000,1,0,7270125,1526,3,1526,-15,0,7,13
2,1120,33.600000,35.168000,1,0,7270138,1526,3,1526,-15,0,7,13
2,1120,33.600000,35.168000,1,0,7270152,1526,3,1526,-15,0,7,13
2,1120,33.600000,35.168000,1,0,7270165,1526,3,1526,-15,0,7,13
2,1120,33.600000,35.168000,1,0,7270178,1526,3,1526,-15,0,7,13
2,1120,33.600000,35.168000,1,0,7270191,1526,3,1526,-15,0,7,13
2,1120,33.600000,35.168000,1,0,7270204,1526,3,1526,-15,0,7,13
2,1120,33.600000,35.168000,1,0,7270216,1526,3,1526,-15,0,7,13
2,1120,33.600000,35.168000,1,0,7270229,1526,3,1526,-15,0,7,13
2,1120,33.600000,35.168000,1,0,7270242,1526,3,1526,-15,0,7,13
2,1120,33.600000,35.168000,1,0,7270255,1526,3,1526,-15,0,7,13
