2,1120,128.800000,35.168000,1,1,7393767,400,33,400,33,0,7,92
2,1120,128.800000,35.168000,1,1,7393768,400,33,400,33,0,7,92
2,1120,128.800000,35.168000,1,1,7393781,400,33,400,33,0,7,92
2,1120,128.800000,35.168000,1,1,7393794,400,33,400,33,0,7,92
2,1120,128.800000,35.168000,1,1,7393807,400,33,400,33,0,7,92
2,1120,128.800000,35.168000,1,1,7393820,400,33,400,33,0,7,92
2,1120,128.800000,35.168000,1,1,7393832,400,33,400,33,0,7,92
2,1120,128.800000,35.168000,1,1,7393845,400,33,400,33,0,7,92
2,1120,128.800000,35.168000,1,1,7393859,400,33,400,33,0,7,92
2,1120,128.800000,35.168000,1,1,7393874,400,33,400,33,0,7,92
2,1120,128.800000,35.168000,1,1,7393888,400,32,400,32,0,7,92
2,1120,128.800000,35.168000,1,1,7393901,404,30,404,30,0,7,92
2,1120,128.800000,35.168000,1,1,7393914,409,29,409,29,0,7,92
2,1120,128.800000,35.168000,1,1,7393929,418,28,418,28,0,7,92
2,1120,128.800000,35.168000,1,1,7393943,433,27,433,27,0,7,92
2,1120,128.800000,35.168000,1,1,7393958,456,26,456,26,0,7,92
2,1120,128.800000,35.168000,1,1,7393972,511,23,511,23,0,7,92
2,1120,128.800000,35.168000,1,1,7393986,546,21,546,21,0,7,92
2,1120,128.800000,35.168000,1,1,7393999,588,18,588,18,0,7,92
2,1120,128.800000,35.168000,1,1,7394012,649,14,649,14,0,7,92
2,1120,128.800000,35.168000,1,1,7394026,725,11,725,11,0,7,92
2,1120,128.800000,35.168000,1,1,7394040,819,8,819,8,0,7,92
2,1120,128.800000,35.168000,1,1,7394053,922,5,922,5,0,7,92
2,1120,128.800000,35.168000,1,1,7394067,1016,3,1016,3,0,7,92
2,1120,128.800000,35.168000,1,1,7394080,1087,2,1087,2,0,7,92
2,1120,128.800000,35.168000,1,1,7394095,1140,0,1140,-1,0,7,92
2,1120,128.800000,35.168000,1,1,7394108,1170,0,1170,-3,0,7,92
2,1120,128.800000,35.168000,1,1,7394121,1184,0,1184,-5,0,7,92
2,1120,128.800000,35.168000,1,1,7394135,1194,0,1194,-5,0,7,92
2,1120,128.800000,35.168000,1,1,7394149,1205,0,1205,-5,0,7,92
2,1120,128.800000,35.168000,1,1,7394163,1222,0,1222,-5,0,7,92
2,1120,128.800000,35.168000,1,1,7394176,1247,1,1247,-4,0,7,92
2,1120,128.800000,35.168000,1,1,7394190,1280,2,1280,-3,0,7,92
2,1120,128.800000,35.168000,1,1,7394204,1325,2,1325,-3,0,7,92
2,1120,128.800000,35.168000,1,1,7394218,1365,2,1365,-3,0,7,92
2,1120,128.800000,35.168000,1,1,7394231,1395,1,1395,-4,0,7,92
2,1120,128.800000,35.168000,1,1,7394245,1417,0,1417,-6,0,7,92
2,1120,128.800000,35.168000,1,1,7394258,1431,0,1431,-9,0,7,92
2,1120,128.800000,35.168000,1,1,7394273,1442,0,1442,-11,0,7,92
2,1120,128.800000,35.168000,1,1,7394286,1451,0,1451,-12,0,7,92
2,1120,128.800000,35.168000,1,1,7394299,1455,0,1455,-13,0,7,92
2,1120,128.800000,35.168000,1,1,7394312,1456,0,1456,-13,0,7,92
2,1120,128.800000,35.168000,1,1,7394326,1456,0,1456,-13,0,7,92
2,1120,128.800000,35.168000,1,1,7394339,1456,0,1456,-13,0,7,92
2,1120,128.800000,35.168000,1,1,7394353,1456,0,1456,-13,0,7,92
2,1120,128.800000,35.168000,1,1,7394366,1458,0,1458,-15,0,7,92
2,1120,128.800000,35.168000,1,1,7394379,1464,0,1464,-16,0,7,92
2,1120,128.800000,35.168000,1,1,7394393,1472,0,1472,-17,0,7,92
2,1120,128.800000,35.168000,1,1,7394407,1482,0,1482,-19,0,7,92
2,1120,128.800000,35.168000,1,1,7394421,1489,0,1489,-19,0,7,92
2,1120,128.800000,35.168000,1,1,7394434,1489,0,1489,-19,0,7,92
2,1120,128.800000,35.168000,1,1,7394447,1489,0,1489,-19,0,7,92
2,1120,128.800000,35.168000,1,1,7394461,1487,0,1487,-20,0,7,92
2,1120,128.800000,35.168000,1,1,7394474,1481,0,1481,-21,0,7,92
2,1120,128.800000,35.168000,1,1,7394487,1480,0,1480,-21,0,7,92
2,1120,128.800000,35.168000,1,1,7394500,1480,0,1480,-21,0,7,92
