2,560,33.600000,35.168000,0,0,7334845,680,0,680,0,0,7,55
2,560,33.600000,35.168000,0,0,7334846,680,0,680,0,0,7,55
2,560,33.600000,35.168000,0,0,7334860,681,0,681,0,0,7,55
2,560,33.600000,35.168000,0,0,7334873,681,0,681,0,0,7,55
2,560,33.600000,35.168000,0,0,7334887,681,0,681,0,0,7,55
2,560,33.600000,35.168000,0,0,7334900,681,0,681,0,0,7,55
2,560,33.600000,35.168000,0,0,7334913,681,0,681,0,0,7,55
2,560,33.600000,35.168000,0,0,7334926,685,2,685,2,0,7,55
2,560,33.600000,35.168000,0,0,7334940,697,5,697,5,0,7,55
2,560,33.600000,35.168000,0,0,7334954,725,10,725,10,0,7,55
2,560,33.600000,35.168000,0,0,7334967,775,16,775,16,0,7,55
2,560,33.600000,35.168000,0,0,7334981,829,21,829,21,0,7,55
2,560,33.600000,35.168000,0,0,7334994,901,28,901,28,0,7,55
2,560,33.600000,35.168000,0,0,7335009,972,35,972,35,0,7,55
2,560,33.600000,35.168000,0,0,7335023,1039,38,1039,38,0,7,55
2,560,33.600000,35.168000,0,0,7335036,1089,38,1089,38,0,7,55
2,560,33.600000,35.168000,0,0,7335050,1124,33,1124,33,0,7,55
2,560,33.600000,35.168000,0,0,7335063,1144,26,1144,26,0,7,55
2,560,33.600000,35.168000,0,0,7335076,1152,21,1152,21,0,7,55
2,560,33.600000,35.168000,0,0,7335089,1155,16,1155,16,0,7,55
2,560,33.600000,35.168000,0,0,7335103,1157,14,1157,14,0,7,55
2,560,33.600000,35.168000,0,0,7335116,1157,12,1157,12,0,7,55
2,560,33.600000,35.168000,0,0,7335129,1158,12,1158,12,0,7,55
2,560,33.600000,35.168000,0,0,7335142,1161,11,1161,11,0,7,55
2,560,33.600000,35.168000,0,0,7335156,1166,11,1166,11,0,7,55
2,560,33.600000,35.168000,0,0,7335169,1174,11,1174,11,0,7,55
2,560,33.600000,35.168000,0,0,7335182,1184,9,1184,9,0,7,55
2,560,33.600000,35.168000,0,0,7335196,1196,7,1196,7,0,7,55
2,560,33.600000,35.168000,0,0,7335209,1204,6,1204,6,0,7,55
2,560,33.600000,35.168000,0,0,7335222,1209,5,1209,5,0,7,55
2,560,33.600000,35.168000,0,0,7335236,1212,4,1212,4,0,7,55
2,560,33.600000,35.168000,0,0,7335249,1215,4,1215,4,0,7,55
2,560,33.600000,35.168000,0,0,7335263,1220,4,1220,4,0,7,55
2,560,33.600000,35.168000,0,0,7335276,1226,3,1226,3,0,7,55
2,560,33.600000,35.168000,0,0,7335289,1230,3,1230,3,0,7,55
2,560,33.600000,35.168000,0,0,7335304,1232,3,1232,3,0,7,55
2,560,33.600000,35.168000,0,0,7335317,1233,3,1233,3,0,7,55
2,560,33.600000,35.168000,0,0,7335330,1233,3,1233,3,0,7,55
2,560,33.600000,35.168000,0,0,7335343,1236,2,1236,2,0,7,55
2,560,33.600000,35.168000,0,0,7335357,1241,0,1241,0,0,7,55
2,560,33.600000,35.168000,0,0,7335371,1247,0,1247,-1,0,7,55
2,560,33.600000,35.168000,0,0,7335383,1250,0,1250,-1,0,7,55
2,560,33.600000,35.168000,0,0,7335396,1250,0,1250,-2,0,7,55
2,560,33.600000,35.168000,0,0,7335409,1250,0,1250,-2,0,7,55
2,560,33.600000,35.168000,0,0,7335424,1250,0,1250,-2,0,7,55
2,560,33.600000,35.168000,0,0,7335438,1250,0,1250,-2,0,7,55
2,560,33.600000,35.168000,0,0,7335451,1250,0,1250,-2,0,7,55
2,560,33.600000,35.168000,0,0,7335463,1250,0,1250,-2,0,7,55
2,560,33.600000,35.168000,0,0,7335476,1250,0,1250,-2,0,7,55
2,560,33.600000,35.168000,0,0,7335490,1250,0,1250,-2,0,7,55
2,560,33.600000,35.168000,0,0,7335502,1250,0,1250,-2,0,7,55
