2,560,78.400000,10000.000000,1,1,7615170,680,33,680,33,0,8,113
2,560,78.400000,10000.000000,1,1,7615171,680,33,680,33,0,8,113
2,560,78.400000,10000.000000,1,1,7615183,680,33,680,33,0,8,113
2,560,78.400000,10000.000000,1,1,7615196,680,33,680,33,0,8,113
2,560,78.400000,10000.000000,1,1,7615210,680,33,680,33,0,8,113
2,560,78.400000,10000.000000,1,1,7615222,680,33,680,33,0,8,113
2,560,78.400000,10000.000000,1,1,7615236,680,33,680,33,0,8,113
2,560,78.400000,10000.000000,1,1,7615248,680,33,680,33,0,8,113
2,560,78.400000,10000.000000,1,1,7615261,680,33,680,33,0,8,113
2,560,78.400000,10000.000000,1,1,7615275,680,33,680,33,0,8,113
2,560,78.400000,10000.000000,1,1,7615288,681,33,681,33,0,8,113
2,560,78.400000,10000.000000,1,1,7615301,684,33,684,33,0,8,113
2,560,78.400000,10000.000000,1,1,7615314,686,33,686,33,0,8,113
2,560,78.400000,10000.000000,1,1,7615328,690,34,690,34,0,8,113
2,560,78.400000,10000.000000,1,1,7615342,700,35,700,35,0,8,113
2,560,78.400000,10000.000000,1,1,7615355,721,36,721,36,0,8,113
2,560,78.400000,10000.000000,1,1,7615369,748,38,748,38,0,8,113
2,560,78.400000,10000.000000,1,1,7615382,788,39,788,39,0,8,113
2,560,78.400000,10000.000000,1,1,7615397,842,39,842,39,0,8,113
2,560,78.400000,10000.000000,1,1,7615411,918,38,918,38,0,8,113
2,560,78.400000,10000.000000,1,1,7615424,1002,35,1002,35,0,8,113
2,560,78.400000,10000.000000,1,1,7615438,1068,33,1068,33,0,8,113
2,560,78.400000,10000.000000,1,1,7615451,1121,31,1121,31,0,8,113
2,560,78.400000,10000.000000,1,1,7615465,1155,29,1155,29,0,8,113
2,560,78.400000,10000.000000,1,1,7615478,1178,29,1178,29,0,8,113
2,560,78.400000,10000.000000,1,1,7615492,1191,28,1191,28,0,8,113
2,560,78.400000,10000.000000,1,1,7615505,1196,27,1196,27,0,8,113
2,560,78.400000,10000.000000,1,1,7615518,1197,27,1197,27,0,8,113
2,560,78.400000,10000.000000,1,1,7615529,1197,27,1197,27,0,8,113
2,560,78.400000,10000.000000,1,1,7615543,1197,27,1197,27,0,8,113
2,560,78.400000,10000.000000,1,1,7615555,1197,27,1197,27,0,8,113
2,560,78.400000,10000.000000,1,1,7615570,1197,26,1197,26,0,8,113
2,560,78.400000,10000.000000,1,1,7615583,1199,24,1199,24,0,8,113
2,560,78.400000,10000.000000,1,1,7615595,1201,22,1201,22,0,8,113
2,560,78.400000,10000.000000,1,1,7615608,1202,21,1202,21,0,8,113
2,560,78.400000,10000.000000,1,1,7615621,1202,21,1202,21,0,8,113
2,560,78.400000,10000.000000,1,1,7615635,1203,21,1203,21,0,8,113
2,560,78.400000,10000.000000,1,1,7615648,1203,21,1203,21,0,8,113
2,560,78.400000,10000.000000,1,1,7615662,1204,20,1204,20,0,8,113
2,560,78.400000,10000.000000,1,1,7615676,1206,19,1206,19,0,8,113
2,560,78.400000,10000.000000,1,1,7615690,1209,18,1209,18,0,8,113
2,560,78.400000,10000.000000,1,1,7615703,1212,15,1212,15,0,8,113
2,560,78.400000,10000.000000,1,1,7615716,1216,14,1216,14,0,8,113
2,560,78.400000,10000.000000,1,1,7615730,1222,11,1222,11,0,8,113
2,560,78.400000,10000.000000,1,1,7615743,1229,9,1229,9,0,8,113
2,560,78.400000,10000.000000,1,1,7615756,1236,7,1236,7,0,8,113
2,560,78.400000,10000.000000,1,1,7615770,1241,6,1241,6,0,8,113
2,560,78.400000,10000.000000,1,1,7615783,1242,6,1242,6,0,8,113
2,560,78.400000,10000.000000,1,1,7615796,1242,6,1242,6,0,8,113
2,560,78.400000,10000.000000,1,1,7615809,1242,6,1242,6,0,8,113
