2,1120,78.400000,35.168000,1,1,7515724,400,33,400,33,0,8,46
2,1120,78.400000,35.168000,1,1,7515724,400,33,400,33,0,8,46
2,1120,78.400000,35.168000,1,1,7515738,402,33,402,33,0,8,46
2,1120,78.400000,35.168000,1,1,7515751,402,33,402,33,0,8,46
2,1120,78.400000,35.168000,1,1,7515765,402,33,402,33,0,8,46
2,1120,78.400000,35.168000,1,1,7515779,402,33,402,33,0,8,46
2,1120,78.400000,35.168000,1,1,7515793,404,34,404,34,0,8,46
2,1120,78.400000,35.168000,1,1,7515806,412,37,412,37,0,8,46
2,1120,78.400000,35.168000,1,1,7515819,434,43,434,43,0,8,46
2,1120,78.400000,35.168000,1,1,7515833,482,53,482,53,0,8,46
2,1120,78.400000,35.168000,1,1,7515846,548,67,548,67,0,8,46
2,1120,78.400000,35.168000,1,1,7515860,650,86,650,86,0,8,46
2,1120,78.400000,35.168000,1,1,7515874,776,107,776,107,0,8,46
2,1120,78.400000,35.168000,1,1,7515887,906,125,906,125,0,8,46
2,1120,78.400000,35.168000,1,1,7515900,1015,135,1015,135,0,8,46
2,1120,78.400000,35.168000,1,1,7515913,1097,140,1097,140,0,8,46
2,1120,78.400000,35.168000,1,1,7515927,1138,140,1138,140,0,8,46
2,1120,78.400000,35.168000,1,1,7515941,1167,136,1167,136,0,8,46
2,1120,78.400000,35.168000,1,1,7515955,1185,130,1185,130,0,8,46
2,1120,78.400000,35.168000,1,1,7515969,1197,124,1197,124,0,8,46
2,1120,78.400000,35.168000,1,1,7515982,1209,117,1209,117,0,8,46
2,1120,78.400000,35.168000,1,1,7515996,1222,110,1222,110,0,8,46
2,1120,78.400000,35.168000,1,1,7516010,1237,101,1237,101,0,8,46
2,1120,78.400000,35.168000,1,1,7516024,1253,93,1253,93,0,8,46
2,1120,78.400000,35.168000,1,1,7516037,1269,85,1269,85,0,8,46
2,1120,78.400000,35.168000,1,1,7516050,1285,78,1285,78,0,8,46
2,1120,78.400000,35.168000,1,1,7516064,1303,71,1303,71,0,8,46
2,1120,78.400000,35.168000,1,1,7516078,1319,66,1319,66,0,8,46
2,1120,78.400000,35.168000,1,1,7516090,1335,62,1335,62,0,8,46
2,1120,78.400000,35.168000,1,1,7516105,1352,59,1352,59,0,8,46
2,1120,78.400000,35.168000,1,1,7516118,1368,56,1368,56,0,8,46
2,1120,78.400000,35.168000,1,1,7516132,1378,55,1378,55,0,8,46
2,1120,78.400000,35.168000,1,1,7516145,1382,54,1382,54,0,8,46
2,1120,78.400000,35.168000,1,1,7516158,1383,53,1383,53,0,8,46
2,1120,78.400000,35.168000,1,1,7516171,1386,51,1386,51,0,8,46
2,1120,78.400000,35.168000,1,1,7516185,1390,49,1390,49,0,8,46
2,1120,78.400000,35.168000,1,1,7516199,1396,47,1396,47,0,8,46
2,1120,78.400000,35.168000,1,1,7516212,1407,43,1407,43,0,8,46
2,1120,78.400000,35.168000,1,1,7516226,1422,38,1422,38,0,8,46
2,1120,78.400000,35.168000,1,1,7516241,1438,33,1438,33,0,8,46
2,1120,78.400000,35.168000,1,1,7516254,1447,29,1447,29,0,8,46
2,1120,78.400000,35.168000,1,1,7516267,1452,27,1452,27,0,8,46
2,1120,78.400000,35.168000,1,1,7516280,1453,25,1453,25,0,8,46
2,1120,78.400000,35.168000,1,1,7516293,1453,25,1453,25,0,8,46
2,1120,78.400000,35.168000,1,1,7516306,1453,25,1453,25,0,8,46
2,1120,78.400000,35.168000,1,1,7516319,1453,25,1453,25,0,8,46
2,1120,78.400000,35.168000,1,1,7516332,1454,24,1454,24,0,8,46
2,1120,78.400000,35.168000,1,1,7516346,1456,23,1456,23,0,8,46
2,1120,78.400000,35.168000,1,1,7516359,1457,21,1457,21,0,8,46
2,1120,78.400000,35.168000,1,1,7516372,1457,20,1457,20,0,8,46
2,1120,78.400000,35.168000,1,1,7516387,1458,20,1458,20,0,8,46
2,1120,78.400000,35.168000,1,1,7516400,1460,19,1460,19,0,8,46
2,1120,78.400000,35.168000,1,1,7516414,1463,18,1463,18,0,8,46
2,1120,78.400000,35.168000,1,1,7516428,1466,15,1466,15,0,8,46
2,1120,78.400000,35.168000,1,1,7516442,1468,13,1468,13,0,8,46
2,1120,78.400000,35.168000,1,1,7516455,1471,12,1471,12,0,8,46
2,1120,78.400000,35.168000,1,1,7516467,1472,11,1472,11,0,8,46
2,1120,78.400000,35.168000,1,1,7516481,1474,10,1474,10,0,8,46
2,1120,78.400000,35.168000,1,1,7516495,1476,8,1476,8,0,8,46
2,1120,78.400000,35.168000,1,1,7516509,1482,6,1482,6,0,8,46
2,1120,78.400000,35.168000,1,1,7516522,1492,4,1492,4,0,8,46
2,1120,78.400000,35.168000,1,1,7516536,1504,2,1504,2,0,8,46
2,1120,78.400000,35.168000,1,1,7516549,1517,0,1517,0,0,8,46
2,1120,78.400000,35.168000,1,1,7516562,1524,0,1524,-1,0,8,46
2,1120,78.400000,35.168000,1,1,7516575,1526,0,1526,-2,0,8,46
2,1120,78.400000,35.168000,1,1,7516589,1526,0,1526,-2,0,8,46
2,1120,78.400000,35.168000,1,1,7516602,1526,0,1526,-3,0,8,46
2,1120,78.400000,35.168000,1,1,7516616,1526,0,1526,-3,0,8,46
2,1120,78.400000,35.168000,1,1,7516629,1526,0,1526,-3,0,8,46
2,1120,78.400000,35.168000,1,1,7516642,1526,0,1526,-3,0,8,46
2,1120,78.400000,35.168000,1,1,7516654,1526,0,1526,-3,0,8,46
