2,560,33.600000,35.168000,1,0,7619731,680,0,680,0,0,8,116
2,560,33.600000,35.168000,1,0,7619732,680,0,680,0,0,8,116
2,560,33.600000,35.168000,1,0,7619745,685,0,685,0,0,8,116
2,560,33.600000,35.168000,1,0,7619758,692,1,692,1,0,8,116
2,560,33.600000,35.168000,1,0,7619772,701,1,701,1,0,8,116
2,560,33.600000,35.168000,1,0,7619785,713,2,713,2,0,8,116
2,560,33.600000,35.168000,1,0,7619799,734,4,734,4,0,8,116
2,560,33.600000,35.168000,1,0,7619812,757,7,757,7,0,8,116
2,560,33.600000,35.168000,1,0,7619826,793,10,793,10,0,8,116
2,560,33.600000,35.168000,1,0,7619840,842,10,842,10,0,8,116
2,560,33.600000,35.168000,1,0,7619854,891,11,891,11,0,8,116
2,560,33.600000,35.168000,1,0,7619867,945,13,945,13,0,8,116
2,560,33.600000,35.168000,1,0,7619881,996,13,996,13,0,8,116
2,560,33.600000,35.168000,1,0,7619896,1041,13,1041,13,0,8,116
2,560,33.600000,35.168000,1,0,7619909,1074,13,1074,13,0,8,116
2,560,33.600000,35.168000,1,0,7619923,1104,12,1104,12,0,8,116
2,560,33.600000,35.168000,1,0,7619937,1136,10,1136,10,0,8,116
2,560,33.600000,35.168000,1,0,7619950,1166,7,1166,7,0,8,116
2,560,33.600000,35.168000,1,0,7619964,1190,5,1190,5,0,8,116
2,560,33.600000,35.168000,1,0,7619977,1213,3,1213,3,0,8,116
2,560,33.600000,35.168000,1,0,7619993,1225,1,1225,1,0,8,116
2,560,33.600000,35.168000,1,0,7620006,1229,1,1229,1,0,8,116
2,560,33.600000,35.168000,1,0,7620020,1229,1,1229,1,0,8,116
2,560,33.600000,35.168000,1,0,7620033,1230,1,1230,1,0,8,116
2,560,33.600000,35.168000,1,0,7620047,1233,0,1233,0,0,8,116
2,560,33.600000,35.168000,1,0,7620060,1238,0,1238,-1,0,8,116
2,560,33.600000,35.168000,1,0,7620075,1243,0,1243,-2,0,8,116
2,560,33.600000,35.168000,1,0,7620088,1246,0,1246,-2,0,8,116
2,560,33.600000,35.168000,1,0,7620101,1248,0,1248,-3,0,8,116
2,560,33.600000,35.168000,1,0,7620115,1251,0,1251,-4,0,8,116
2,560,33.600000,35.168000,1,0,7620129,1256,0,1256,-4,0,8,116
2,560,33.600000,35.168000,1,0,7620142,1261,0,1261,-4,0,8,116
2,560,33.600000,35.168000,1,0,7620155,1263,0,1263,-4,0,8,116
2,560,33.600000,35.168000,1,0,7620168,1263,0,1263,-4,0,8,116
2,560,33.600000,35.168000,1,0,7620181,1263,0,1263,-5,0,8,116
2,560,33.600000,35.168000,1,0,7620195,1261,0,1261,-5,0,8,116
2,560,33.600000,35.168000,1,0,7620208,1260,0,1260,-5,0,8,116
2,560,33.600000,35.168000,1,0,7620221,1260,0,1260,-5,0,8,116
2,560,33.600000,35.168000,1,0,7620234,1260,0,1260,-5,0,8,116
2,560,33.600000,35.168000,1,0,7620247,1260,0,1260,-5,0,8,116
2,560,33.600000,35.168000,1,0,7620259,1260,0,1260,-5,0,8,116
2,560,33.600000,35.168000,1,0,7620273,1260,0,1260,-5,0,8,116
2,560,33.600000,35.168000,1,0,7620286,1258,0,1258,-5,0,8,116
2,560,33.600000,35.168000,1,0,7620300,1256,0,1256,-5,0,8,116
2,560,33.600000,35.168000,1,0,7620313,1252,0,1252,-5,0,8,116
2,560,33.600000,35.168000,1,0,7620326,1248,0,1248,-5,0,8,116
2,560,33.600000,35.168000,1,0,7620340,1244,0,1244,-5,0,8,116
2,560,33.600000,35.168000,1,0,7620353,1239,1,1239,-4,0,8,116
2,560,33.600000,35.168000,1,0,7620366,1238,1,1238,-4,0,8,116
2,560,33.600000,35.168000,1,0,7620379,1238,1,1238,-4,0,8,116
2,560,33.600000,35.168000,1,0,7620392,1238,1,1238,-4,0,8,116
2,560,33.600000,35.168000,1,0,7620405,1238,1,1238,-4,0,8,116
2,560,33.600000,35.168000,1,0,7620418,1238,1,1238,-4,0,8,116
2,560,33.600000,35.168000,1,0,7620431,1238,1,1238,-4,0,8,116
2,560,33.600000,35.168000,1,0,7620445,1238,1,1238,-4,0,8,116
2,560,33.600000,35.168000,1,0,7620458,1238,1,1238,-4,0,8,116
2,560,33.600000,35.168000,1,0,7620471,1238,1,1238,-4,0,8,116
2,560,33.600000,35.168000,1,0,7620484,1238,1,1238,-4,0,8,116
2,560,33.600000,35.168000,1,0,7620497,1238,1,1238,-4,0,8,116
2,560,33.600000,35.168000,1,0,7620510,1238,1,1238,-4,0,8,116
2,560,33.600000,35.168000,1,0,7620522,1238,1,1238,-4,0,8,116
