2,560,128.800000,0.000000,0,1,7685690,680,33,680,33,0,9,45
2,560,128.800000,0.000000,0,1,7685690,680,33,680,33,0,9,45
2,560,128.800000,0.000000,0,1,7685704,681,33,681,33,0,9,45
2,560,128.800000,0.000000,0,1,7685716,682,33,682,33,0,9,45
2,560,128.800000,0.000000,0,1,7685729,682,33,682,33,0,9,45
2,560,128.800000,0.000000,0,1,7685743,682,33,682,33,0,9,45
2,560,128.800000,0.000000,0,1,7685757,686,34,686,34,0,9,45
2,560,128.800000,0.000000,0,1,7685771,698,35,698,35,0,9,45
2,560,128.800000,0.000000,0,1,7685785,727,37,727,37,0,9,45
2,560,128.800000,0.000000,0,1,7685800,772,39,772,39,0,9,45
2,560,128.800000,0.000000,0,1,7685814,830,39,830,39,0,9,45
2,560,128.800000,0.000000,0,1,7685829,897,39,897,39,0,9,45
2,560,128.800000,0.000000,0,1,7685842,959,39,959,39,0,9,45
2,560,128.800000,0.000000,0,1,7685856,1022,39,1022,39,0,9,45
2,560,128.800000,0.000000,0,1,7685869,1084,36,1084,36,0,9,45
2,560,128.800000,0.000000,0,1,7685883,1143,33,1143,33,0,9,45
2,560,128.800000,0.000000,0,1,7685896,1188,30,1188,30,0,9,45
2,560,128.800000,0.000000,0,1,7685910,1212,27,1212,27,0,9,45
2,560,128.800000,0.000000,0,1,7685924,1226,25,1226,25,0,9,45
2,560,128.800000,0.000000,0,1,7685939,1233,24,1233,24,0,9,45
2,560,128.800000,0.000000,0,1,7685952,1240,23,1240,23,0,9,45
2,560,128.800000,0.000000,0,1,7685966,1252,22,1252,22,0,9,45
2,560,128.800000,0.000000,0,1,7685980,1266,20,1266,20,0,9,45
2,560,128.800000,0.000000,0,1,7685995,1278,18,1278,18,0,9,45
2,560,128.800000,0.000000,0,1,7686009,1283,17,1283,17,0,9,45
2,560,128.800000,0.000000,0,1,7686023,1283,16,1283,16,0,9,45
2,560,128.800000,0.000000,0,1,7686037,1283,15,1283,15,0,9,45
2,560,128.800000,0.000000,0,1,7686051,1281,15,1281,15,0,9,45
2,560,128.800000,0.000000,0,1,7686064,1281,14,1281,14,0,9,45
2,560,128.800000,0.000000,0,1,7686078,1281,14,1281,14,0,9,45
2,560,128.800000,0.000000,0,1,7686091,1281,14,1281,14,0,9,45
2,560,128.800000,0.000000,0,1,7686104,1281,14,1281,14,0,9,45
2,560,128.800000,0.000000,0,1,7686117,1280,14,1280,14,0,9,45
2,560,128.800000,0.000000,0,1,7686130,1279,14,1279,14,0,9,45
2,560,128.800000,0.000000,0,1,7686144,1277,13,1277,13,0,9,45
2,560,128.800000,0.000000,0,1,7686157,1273,13,1273,13,0,9,45
2,560,128.800000,0.000000,0,1,7686170,1270,12,1270,12,0,9,45
2,560,128.800000,0.000000,0,1,7686185,1269,11,1269,11,0,9,45
2,560,128.800000,0.000000,0,1,7686197,1269,10,1269,10,0,9,45
2,560,128.800000,0.000000,0,1,7686209,1268,10,1268,10,0,9,45
