2,560,128.800000,19.096000,0,1,7712058,680,33,680,33,0,9,62
2,560,128.800000,19.096000,0,1,7712059,680,33,680,33,0,9,62
2,560,128.800000,19.096000,0,1,7712072,680,33,680,33,0,9,62
2,560,128.800000,19.096000,0,1,7712085,680,33,680,33,0,9,62
2,560,128.800000,19.096000,0,1,7712098,680,33,680,33,0,9,62
2,560,128.800000,19.096000,0,1,7712111,680,33,680,33,0,9,62
2,560,128.800000,19.096000,0,1,7712125,680,33,680,33,0,9,62
2,560,128.800000,19.096000,0,1,7712138,682,33,682,33,0,9,62
2,560,128.800000,19.096000,0,1,7712153,687,33,687,33,0,9,62
2,560,128.800000,19.096000,0,1,7712167,698,33,698,33,0,9,62
2,560,128.800000,19.096000,0,1,7712181,715,33,715,33,0,9,62
2,560,128.800000,19.096000,0,1,7712196,743,33,743,33,0,9,62
2,560,128.800000,19.096000,0,1,7712210,789,33,789,33,0,9,62
2,560,128.800000,19.096000,0,1,7712223,846,33,846,33,0,9,62
2,560,128.800000,19.096000,0,1,7712238,929,33,929,33,0,9,62
2,560,128.800000,19.096000,0,1,7712251,1018,32,1018,32,0,9,62
2,560,128.800000,19.096000,0,1,7712265,1089,31,1089,31,0,9,62
2,560,128.800000,19.096000,0,1,7712279,1132,27,1132,27,0,9,62
2,560,128.800000,19.096000,0,1,7712292,1155,25,1155,25,0,9,62
2,560,128.800000,19.096000,0,1,7712305,1166,24,1166,24,0,9,62
2,560,128.800000,19.096000,0,1,7712318,1172,23,1172,23,0,9,62
2,560,128.800000,19.096000,0,1,7712332,1175,22,1175,22,0,9,62
2,560,128.800000,19.096000,0,1,7712345,1177,21,1177,21,0,9,62
2,560,128.800000,19.096000,0,1,7712359,1179,20,1179,20,0,9,62
2,560,128.800000,19.096000,0,1,7712372,1182,18,1182,18,0,9,62
2,560,128.800000,19.096000,0,1,7712385,1183,16,1183,16,0,9,62
2,560,128.800000,19.096000,0,1,7712399,1184,15,1184,15,0,9,62
2,560,128.800000,19.096000,0,1,7712412,1184,15,1184,15,0,9,62
2,560,128.800000,19.096000,0,1,7712425,1184,14,1184,14,0,9,62
2,560,128.800000,19.096000,0,1,7712439,1185,14,1185,14,0,9,62
2,560,128.800000,19.096000,0,1,7712452,1185,12,1185,12,0,9,62
2,560,128.800000,19.096000,0,1,7712466,1186,10,1186,10,0,9,62
2,560,128.800000,19.096000,0,1,7712479,1187,9,1187,9,0,9,62
2,560,128.800000,19.096000,0,1,7712493,1188,7,1188,7,0,9,62
2,560,128.800000,19.096000,0,1,7712506,1191,5,1191,5,0,9,62
2,560,128.800000,19.096000,0,1,7712521,1195,3,1195,3,0,9,62
2,560,128.800000,19.096000,0,1,7712536,1203,0,1203,0,0,9,62
2,560,128.800000,19.096000,0,1,7712550,1210,0,1210,-2,0,9,62
2,560,128.800000,19.096000,0,1,7712563,1214,0,1214,-3,0,9,62
2,560,128.800000,19.096000,0,1,7712576,1215,0,1215,-4,0,9,62
2,560,128.800000,19.096000,0,1,7712589,1215,0,1215,-4,0,9,62
2,560,128.800000,19.096000,0,1,7712602,1215,0,1215,-4,0,9,62
