2,560,33.600000,19.096000,1,0,7657617,680,0,680,0,0,9,25
2,560,33.600000,19.096000,1,0,7657618,680,0,680,0,0,9,25
2,560,33.600000,19.096000,1,0,7657630,681,0,681,0,0,9,25
2,560,33.600000,19.096000,1,0,7657643,681,0,681,0,0,9,25
2,560,33.600000,19.096000,1,0,7657656,681,0,681,0,0,9,25
2,560,33.600000,19.096000,1,0,7657670,682,0,682,0,0,9,25
2,560,33.600000,19.096000,1,0,7657683,683,0,683,0,0,9,25
2,560,33.600000,19.096000,1,0,7657697,687,0,687,0,0,9,25
2,560,33.600000,19.096000,1,0,7657710,693,0,693,0,0,9,25
2,560,33.600000,19.096000,1,0,7657725,704,1,704,1,0,9,25
2,560,33.600000,19.096000,1,0,7657738,721,2,721,2,0,9,25
2,560,33.600000,19.096000,1,0,7657751,744,3,744,3,0,9,25
2,560,33.600000,19.096000,1,0,7657765,777,3,777,3,0,9,25
2,560,33.600000,19.096000,1,0,7657778,820,3,820,3,0,9,25
2,560,33.600000,19.096000,1,0,7657793,882,3,882,3,0,9,25
2,560,33.600000,19.096000,1,0,7657806,951,3,951,3,0,9,25
2,560,33.600000,19.096000,1,0,7657819,1009,3,1009,3,0,9,25
2,560,33.600000,19.096000,1,0,7657834,1056,1,1056,1,0,9,25
2,560,33.600000,19.096000,1,0,7657847,1093,0,1093,0,0,9,25
2,560,33.600000,19.096000,1,0,7657861,1120,0,1120,0,0,9,25
2,560,33.600000,19.096000,1,0,7657875,1139,0,1139,-2,0,9,25
2,560,33.600000,19.096000,1,0,7657888,1157,0,1157,-3,0,9,25
2,560,33.600000,19.096000,1,0,7657902,1170,0,1170,-4,0,9,25
2,560,33.600000,19.096000,1,0,7657916,1179,0,1179,-5,0,9,25
2,560,33.600000,19.096000,1,0,7657929,1185,0,1185,-5,0,9,25
2,560,33.600000,19.096000,1,0,7657943,1189,0,1189,-5,0,9,25
2,560,33.600000,19.096000,1,0,7657958,1190,0,1190,-5,0,9,25
2,560,33.600000,19.096000,1,0,7657971,1190,0,1190,-5,0,9,25
2,560,33.600000,19.096000,1,0,7657984,1190,0,1190,-5,0,9,25
2,560,33.600000,19.096000,1,0,7657996,1190,0,1190,-5,0,9,25
2,560,33.600000,19.096000,1,0,7658009,1190,0,1190,-5,0,9,25
2,560,33.600000,19.096000,1,0,7658022,1190,0,1190,-5,0,9,25
2,560,33.600000,19.096000,1,0,7658035,1190,0,1190,-5,0,9,25
2,560,33.600000,19.096000,1,0,7658049,1190,0,1190,-5,0,9,25
2,560,33.600000,19.096000,1,0,7658061,1190,0,1190,-5,0,9,25
2,560,33.600000,19.096000,1,0,7658074,1190,0,1190,-5,0,9,25
2,560,33.600000,19.096000,1,0,7658088,1190,0,1190,-5,0,9,25
2,560,33.600000,19.096000,1,0,7658102,1190,0,1190,-5,0,9,25
2,560,33.600000,19.096000,1,0,7658115,1193,0,1193,-6,0,9,25
2,560,33.600000,19.096000,1,0,7658129,1203,0,1203,-6,0,9,25
2,560,33.600000,19.096000,1,0,7658143,1224,0,1224,-8,0,9,25
2,560,33.600000,19.096000,1,0,7658157,1243,0,1243,-8,0,9,25
2,560,33.600000,19.096000,1,0,7658170,1258,0,1258,-8,0,9,25
2,560,33.600000,19.096000,1,0,7658183,1264,0,1264,-8,0,9,25
2,560,33.600000,19.096000,1,0,7658197,1265,0,1265,-8,0,9,25
2,560,33.600000,19.096000,1,0,7658210,1265,0,1265,-8,0,9,25
2,560,33.600000,19.096000,1,0,7658223,1265,0,1265,-8,0,9,25
2,560,33.600000,19.096000,1,0,7658236,1265,0,1265,-8,0,9,25
2,560,33.600000,19.096000,1,0,7658250,1265,0,1265,-8,0,9,25
2,560,33.600000,19.096000,1,0,7658263,1262,0,1262,-8,0,9,25
2,560,33.600000,19.096000,1,0,7658276,1259,0,1259,-8,0,9,25
2,560,33.600000,19.096000,1,0,7658289,1257,0,1257,-8,0,9,25
2,560,33.600000,19.096000,1,0,7658301,1256,0,1256,-8,0,9,25
2,560,33.600000,19.096000,1,0,7658315,1256,0,1256,-8,0,9,25
2,560,33.600000,19.096000,1,0,7658329,1256,0,1256,-8,0,9,25
2,560,33.600000,19.096000,1,0,7658342,1256,0,1256,-8,0,9,25
2,560,33.600000,19.096000,1,0,7658356,1255,0,1255,-8,0,9,25
2,560,33.600000,19.096000,1,0,7658370,1255,0,1255,-8,0,9,25
2,560,33.600000,19.096000,1,0,7658384,1253,0,1253,-8,0,9,25
2,560,33.600000,19.096000,1,0,7658397,1251,0,1251,-8,0,9,25
2,560,33.600000,19.096000,1,0,7658410,1249,1,1249,-7,0,9,25
2,560,33.600000,19.096000,1,0,7658423,1249,2,1249,-6,0,9,25
2,560,33.600000,19.096000,1,0,7658436,1249,2,1249,-6,0,9,25
2,560,33.600000,19.096000,1,0,7658450,1249,2,1249,-6,0,9,25
2,560,33.600000,19.096000,1,0,7658462,1249,2,1249,-6,0,9,25
2,560,33.600000,19.096000,1,0,7658475,1248,2,1248,-6,0,9,25
2,560,33.600000,19.096000,1,0,7658488,1248,2,1248,-6,0,9,25
2,560,33.600000,19.096000,1,0,7658503,1248,2,1248,-6,0,9,25
2,560,33.600000,19.096000,1,0,7658516,1247,2,1247,-6,0,9,25
2,560,33.600000,19.096000,1,0,7658529,1247,2,1247,-6,0,9,25
2,560,33.600000,19.096000,1,0,7658542,1247,2,1247,-6,0,9,25
2,560,33.600000,19.096000,1,0,7658556,1247,2,1247,-6,0,9,25
2,560,33.600000,19.096000,1,0,7658570,1247,2,1247,-6,0,9,25
2,560,33.600000,19.096000,1,0,7658583,1247,2,1247,-6,0,9,25
2,560,33.600000,19.096000,1,0,7658596,1247,2,1247,-6,0,9,25
