63,1000,30.000000,0.000000,1,0,170774642,470,19,470,19,1,30,2
63,1000,30.000000,0.000000,1,0,170774644,470,19,470,19,1,30,2
63,1000,30.000000,0.000000,1,0,170774650,470,19,470,19,1,30,2
63,1000,30.000000,0.000000,1,0,170774657,470,19,470,19,1,30,2
63,1000,30.000000,0.000000,1,0,170774663,470,19,470,19,1,30,2
63,1000,30.000000,0.000000,1,0,170774678,470,19,470,19,1,30,2
63,1000,30.000000,0.000000,1,0,170774688,470,19,470,19,1,30,2
63,1000,30.000000,0.000000,1,0,170774695,470,19,470,19,1,30,2
63,1000,30.000000,0.000000,1,0,170774702,470,19,470,19,1,30,2
63,1000,30.000000,0.000000,1,0,170774708,470,19,470,19,1,30,2
63,1000,30.000000,0.000000,1,0,170774714,470,19,470,19,1,30,2
63,1000,30.000000,0.000000,1,0,170774720,470,19,470,19,1,30,2
63,1000,30.000000,0.000000,1,0,170774726,470,20,470,20,1,30,2
63,1000,30.000000,0.000000,1,0,170774732,471,20,471,20,1,30,2
63,1000,30.000000,0.000000,1,0,170774739,472,21,472,21,1,30,2
63,1000,30.000000,0.000000,1,0,170774746,475,23,475,23,1,30,2
63,1000,30.000000,0.000000,1,0,170774753,480,26,480,26,1,30,2
63,1000,30.000000,0.000000,1,0,170774760,496,33,496,33,1,30,2
63,1000,30.000000,0.000000,1,0,170774767,507,37,507,37,1,30,2
63,1000,30.000000,0.000000,1,0,170774774,526,43,526,43,1,30,2
63,1000,30.000000,0.000000,1,0,170774781,549,51,549,51,1,30,2
63,1000,30.000000,0.000000,1,0,170774788,576,59,576,59,1,30,2
63,1000,30.000000,0.000000,1,0,170774795,607,68,607,68,1,30,2
63,1000,30.000000,0.000000,1,0,170774802,642,78,642,78,1,30,2
63,1000,30.000000,0.000000,1,0,170774809,681,89,681,89,1,30,2
63,1000,30.000000,0.000000,1,0,170774816,734,100,734,100,1,30,2
63,1000,30.000000,0.000000,1,0,170774822,787,109,787,109,1,30,2
63,1000,30.000000,0.000000,1,0,170774829,841,117,841,117,1,30,2
63,1000,30.000000,0.000000,1,0,170774836,899,122,899,122,1,30,2
63,1000,30.000000,0.000000,1,0,170774844,1003,129,1003,129,1,30,2
63,1000,30.000000,0.000000,1,0,170774850,1045,129,1045,129,1,30,2
63,1000,30.000000,0.000000,1,0,170774858,1095,129,1095,129,1,30,2
63,1000,30.000000,0.000000,1,0,170774866,1154,127,1154,127,1,30,2
63,1000,30.000000,0.000000,1,0,170774872,1204,123,1204,123,1,30,2
63,1000,30.000000,0.000000,1,0,170774878,1241,118,1241,118,1,30,2
63,1000,30.000000,0.000000,1,0,170774885,1277,111,1277,111,1,30,2
63,1000,30.000000,0.000000,1,0,170774892,1309,103,1309,103,1,30,2
63,1000,30.000000,0.000000,1,0,170774899,1333,96,1333,96,1,30,2
63,1000,30.000000,0.000000,1,0,170774906,1354,89,1354,89,1,30,2
63,1000,30.000000,0.000000,1,0,170774913,1369,83,1369,83,1,30,2
63,1000,30.000000,0.000000,1,0,170774920,1377,78,1377,78,1,30,2
63,1000,30.000000,0.000000,1,0,170774927,1384,74,1384,74,1,30,2
63,1000,30.000000,0.000000,1,0,170774934,1387,71,1387,71,1,30,2
63,1000,30.000000,0.000000,1,0,170774941,1389,68,1389,68,1,30,2
63,1000,30.000000,0.000000,1,0,170774948,1391,65,1391,65,1,30,2
63,1000,30.000000,0.000000,1,0,170774954,1392,62,1392,62,1,30,2
63,1000,30.000000,0.000000,1,0,170774962,1393,60,1393,60,1,30,2
63,1000,30.000000,0.000000,1,0,170774969,1393,57,1393,57,1,30,2
63,1000,30.000000,0.000000,1,0,170774975,1394,56,1394,56,1,30,2
63,1000,30.000000,0.000000,1,0,170774982,1394,54,1394,54,1,30,2
63,1000,30.000000,0.000000,1,0,170774989,1394,52,1394,52,1,30,2
63,1000,30.000000,0.000000,1,0,170774996,1394,50,1394,50,1,30,2
63,1000,30.000000,0.000000,1,0,170775003,1394,49,1394,49,1,30,2
63,1000,30.000000,0.000000,1,0,170775010,1395,47,1395,47,1,30,2
63,1000,30.000000,0.000000,1,0,170775017,1395,46,1395,46,1,30,2
63,1000,30.000000,0.000000,1,0,170775024,1396,44,1396,44,1,30,2
63,1000,30.000000,0.000000,1,0,170775031,1397,43,1397,43,1,30,2
63,1000,30.000000,0.000000,1,0,170775038,1398,41,1398,41,1,30,2
63,1000,30.000000,0.000000,1,0,170775054,1399,40,1399,40,1,30,2
63,1000,30.000000,0.000000,1,0,170775063,1401,38,1401,38,1,30,2
63,1000,30.000000,0.000000,1,0,170775071,1401,37,1401,37,1,30,2
63,1000,30.000000,0.000000,1,0,170775077,1401,37,1401,37,1,30,2
63,1000,30.000000,0.000000,1,0,170775083,1401,37,1401,37,1,30,2
63,1000,30.000000,0.000000,1,0,170775088,1401,37,1401,37,1,30,2
63,1000,30.000000,0.000000,1,0,170775094,1401,37,1401,37,1,30,2
63,1000,30.000000,0.000000,1,0,170775100,1402,37,1402,37,1,30,2
63,1000,30.000000,0.000000,1,0,170775107,1403,37,1403,37,1,30,2
63,1000,30.000000,0.000000,1,0,170775115,1404,37,1404,37,1,30,2
63,1000,30.000000,0.000000,1,0,170775121,1407,37,1407,37,1,30,2
63,1000,30.000000,0.000000,1,0,170775128,1409,37,1409,37,1,30,2
63,1000,30.000000,0.000000,1,0,170775135,1413,37,1413,37,1,30,2
63,1000,30.000000,0.000000,1,0,170775142,1418,37,1418,37,1,30,2
63,1000,30.000000,0.000000,1,0,170775149,1423,36,1423,36,1,30,2
63,1000,30.000000,0.000000,1,0,170775156,1427,36,1427,36,1,30,2
63,1000,30.000000,0.000000,1,0,170775163,1431,35,1431,35,1,30,2
63,1000,30.000000,0.000000,1,0,170775170,1435,35,1435,35,1,30,2
63,1000,30.000000,0.000000,1,0,170775177,1438,34,1438,34,1,30,2
63,1000,30.000000,0.000000,1,0,170775183,1441,34,1441,34,1,30,2
63,1000,30.000000,0.000000,1,0,170775190,1444,34,1444,34,1,30,2
63,1000,30.000000,0.000000,1,0,170775197,1446,34,1446,34,1,30,2
63,1000,30.000000,0.000000,1,0,170775213,1448,33,1448,33,1,30,2
63,1000,30.000000,0.000000,1,0,170775222,1451,33,1451,33,1,30,2
63,1000,30.000000,0.000000,1,0,170775230,1451,33,1451,33,1,30,2
63,1000,30.000000,0.000000,1,0,170775236,1451,33,1451,33,1,30,2
63,1000,30.000000,0.000000,1,0,170775242,1451,32,1451,32,1,30,2
63,1000,30.000000,0.000000,1,0,170775248,1451,32,1451,32,1,30,2
63,1000,30.000000,0.000000,1,0,170775254,1451,32,1451,32,1,30,2
63,1000,30.000000,0.000000,1,0,170775260,1451,32,1451,32,1,30,2
63,1000,30.000000,0.000000,1,0,170775267,1451,32,1451,32,1,30,2
63,1000,30.000000,0.000000,1,0,170775274,1451,32,1451,32,1,30,2
63,1000,30.000000,0.000000,1,0,170775281,1451,32,1451,32,1,30,2
63,1000,30.000000,0.000000,1,0,170775288,1451,32,1451,32,1,30,2
63,1000,30.000000,0.000000,1,0,170775304,1451,32,1451,32,1,30,2
63,1000,30.000000,0.000000,1,0,170775313,1451,32,1451,32,1,30,2
63,1000,30.000000,0.000000,1,0,170775321,1451,32,1451,32,1,30,2
63,1000,30.000000,0.000000,1,0,170775327,1451,32,1451,32,1,30,2
63,1000,30.000000,0.000000,1,0,170775334,1451,31,1451,31,1,30,2
63,1000,30.000000,0.000000,1,0,170775339,1451,31,1451,31,1,30,2
63,1000,30.000000,0.000000,1,0,170775369,1451,30,1451,30,0,30,2
