53,500,30.000000,30.000000,1,0,6068518,712,17,712,17,0,13,13
53,500,30.000000,30.000000,1,0,6068519,712,17,712,17,0,13,13
53,500,30.000000,30.000000,1,0,6068526,712,17,712,17,0,13,13
53,500,30.000000,30.000000,1,0,6068533,712,17,712,17,0,13,13
53,500,30.000000,30.000000,1,0,6068540,712,17,712,17,0,13,13
53,500,30.000000,30.000000,1,0,6068556,712,17,712,17,0,13,13
53,500,30.000000,30.000000,1,0,6068565,712,17,712,17,0,13,13
53,500,30.000000,30.000000,1,0,6068573,713,17,713,17,0,13,13
53,500,30.000000,30.000000,1,0,6068579,714,17,714,17,0,13,13
53,500,30.000000,30.000000,1,0,6068585,715,19,715,19,0,13,13
53,500,30.000000,30.000000,1,0,6068591,717,20,717,20,0,13,13
53,500,30.000000,30.000000,1,0,6068598,720,23,720,23,0,13,13
53,500,30.000000,30.000000,1,0,6068604,726,26,726,26,0,13,13
53,500,30.000000,30.000000,1,0,6068611,733,30,733,30,0,13,13
53,500,30.000000,30.000000,1,0,6068620,742,35,742,35,0,13,13
53,500,30.000000,30.000000,1,0,6068627,764,45,764,45,0,13,13
53,500,30.000000,30.000000,1,0,6068635,782,52,782,52,0,13,13
53,500,30.000000,30.000000,1,0,6068641,811,62,811,62,0,13,13
53,500,30.000000,30.000000,1,0,6068647,832,69,832,69,0,13,13
53,500,30.000000,30.000000,1,0,6068653,856,75,856,75,0,13,13
53,500,30.000000,30.000000,1,0,6068659,880,80,880,80,0,13,13
53,500,30.000000,30.000000,1,0,6068665,910,84,910,84,0,13,13
53,500,30.000000,30.000000,1,0,6068672,933,86,933,86,0,13,13
53,500,30.000000,30.000000,1,0,6068679,971,88,971,88,0,13,13
53,500,30.000000,30.000000,1,0,6068686,1001,88,1001,88,0,13,13
53,500,30.000000,30.000000,1,0,6068693,1035,88,1035,88,0,13,13
53,500,30.000000,30.000000,1,0,6068700,1060,86,1060,86,0,13,13
53,500,30.000000,30.000000,1,0,6068706,1090,82,1090,82,0,13,13
53,500,30.000000,30.000000,1,0,6068714,1120,78,1120,78,0,13,13
53,500,30.000000,30.000000,1,0,6068720,1147,71,1147,71,0,13,13
53,500,30.000000,30.000000,1,0,6068728,1168,64,1168,64,0,13,13
53,500,30.000000,30.000000,1,0,6068734,1193,55,1193,55,0,13,13
53,500,30.000000,30.000000,1,0,6068741,1205,48,1205,48,0,13,13
53,500,30.000000,30.000000,1,0,6068748,1211,44,1211,44,0,13,13
53,500,30.000000,30.000000,1,0,6068755,1214,41,1214,41,0,13,13
53,500,30.000000,30.000000,1,0,6068762,1216,37,1216,37,0,13,13
53,500,30.000000,30.000000,1,0,6068769,1216,33,1216,33,0,13,13
53,500,30.000000,30.000000,1,0,6068776,1215,29,1215,29,0,13,13
53,500,30.000000,30.000000,1,0,6068783,1212,27,1212,27,0,13,13
53,500,30.000000,30.000000,1,0,6068790,1211,26,1211,26,0,13,13
53,500,30.000000,30.000000,1,0,6068797,1210,25,1210,25,0,13,13
53,500,30.000000,30.000000,1,0,6068804,1209,24,1209,24,0,13,13
53,500,30.000000,30.000000,1,0,6068811,1207,23,1207,23,0,13,13
53,500,30.000000,30.000000,1,0,6068818,1206,23,1206,23,0,13,13
53,500,30.000000,30.000000,1,0,6068825,1204,23,1204,23,0,13,13
53,500,30.000000,30.000000,1,0,6068831,1203,23,1203,23,0,13,13
53,500,30.000000,30.000000,1,0,6068839,1202,23,1202,23,0,13,13
53,500,30.000000,30.000000,1,0,6068845,1201,23,1201,23,0,13,13
53,500,30.000000,30.000000,1,0,6068853,1200,23,1200,23,0,13,13
53,500,30.000000,30.000000,1,0,6068859,1200,23,1200,23,0,13,13
53,500,30.000000,30.000000,1,0,6068866,1200,23,1200,23,0,13,13
53,500,30.000000,30.000000,1,0,6068873,1200,23,1200,23,0,13,13
53,500,30.000000,30.000000,1,0,6068880,1200,23,1200,23,0,13,13
53,500,30.000000,30.000000,1,0,6068887,1200,23,1200,23,0,13,13
53,500,30.000000,30.000000,1,0,6068894,1200,23,1200,23,0,13,13
53,500,30.000000,30.000000,1,0,6068901,1200,23,1200,23,0,13,13
53,500,30.000000,30.000000,1,0,6068908,1200,23,1200,23,0,13,13
53,500,30.000000,30.000000,1,0,6068915,1200,23,1200,23,0,13,13
53,500,30.000000,30.000000,1,0,6068931,1200,23,1200,23,0,13,13
53,500,30.000000,30.000000,1,0,6068940,1200,23,1200,23,0,13,13
53,500,30.000000,30.000000,1,0,6068948,1199,23,1199,23,0,13,13
53,500,30.000000,30.000000,1,0,6068954,1199,23,1199,23,0,13,13
53,500,30.000000,30.000000,1,0,6068960,1199,23,1199,23,0,13,13
53,500,30.000000,30.000000,1,0,6068967,1199,23,1199,23,0,13,13
53,500,30.000000,30.000000,1,0,6068972,1199,23,1199,23,0,13,13
53,500,30.000000,30.000000,1,0,6068978,1199,23,1199,23,0,13,13
53,500,30.000000,30.000000,1,0,6068985,1199,23,1199,23,0,13,13
53,500,30.000000,30.000000,1,0,6068991,1199,23,1199,23,0,13,13
53,500,30.000000,30.000000,1,0,6069021,1199,23,1199,23,0,13,13
