53,500,115.000000,10000.000000,0,0,6599066,728,0,728,0,0,31,15
53,500,115.000000,10000.000000,0,0,6599068,728,0,728,0,0,31,15
53,500,115.000000,10000.000000,0,0,6599075,728,0,728,-1,0,31,15
53,500,115.000000,10000.000000,0,0,6599081,729,0,729,-2,0,31,15
53,500,115.000000,10000.000000,0,0,6599087,730,0,730,-3,0,31,15
53,500,115.000000,10000.000000,0,0,6599094,731,0,731,-5,0,31,15
53,500,115.000000,10000.000000,0,0,6599100,733,0,733,-6,0,31,15
53,500,115.000000,10000.000000,0,0,6599106,735,0,735,-7,0,31,15
53,500,115.000000,10000.000000,0,0,6599113,739,0,739,-9,0,31,15
53,500,115.000000,10000.000000,0,0,6599119,745,0,745,-11,0,31,15
53,500,115.000000,10000.000000,0,0,6599125,752,0,752,-13,0,31,15
53,500,115.000000,10000.000000,0,0,6599132,766,0,766,-16,0,31,15
53,500,115.000000,10000.000000,0,0,6599139,781,0,781,-18,0,31,15
53,500,115.000000,10000.000000,0,0,6599147,797,0,797,-20,0,31,15
53,500,115.000000,10000.000000,0,0,6599153,816,0,816,-22,0,31,15
53,500,115.000000,10000.000000,0,0,6599160,844,0,844,-24,0,31,15
53,500,115.000000,10000.000000,0,0,6599167,873,0,873,-26,0,31,15
53,500,115.000000,10000.000000,0,0,6599174,911,0,911,-30,0,31,15
53,500,115.000000,10000.000000,0,0,6599181,940,0,940,-33,0,31,15
53,500,115.000000,10000.000000,0,0,6599188,979,0,979,-36,0,31,15
53,500,115.000000,10000.000000,0,0,6599196,1013,0,1013,-40,0,31,15
53,500,115.000000,10000.000000,0,0,6599202,1059,0,1059,-46,0,31,15
53,500,115.000000,10000.000000,0,0,6599210,1092,0,1092,-50,0,31,15
53,500,115.000000,10000.000000,0,0,6599216,1139,0,1139,-56,0,31,15
53,500,115.000000,10000.000000,0,0,6599223,1164,0,1164,-60,0,31,15
53,500,115.000000,10000.000000,0,0,6599229,1193,0,1193,-64,0,31,15
53,500,115.000000,10000.000000,0,0,6599236,1215,0,1215,-67,0,31,15
53,500,115.000000,10000.000000,0,0,6599243,1232,0,1232,-69,0,31,15
53,500,115.000000,10000.000000,0,0,6599250,1241,0,1241,-71,0,31,15
53,500,115.000000,10000.000000,0,0,6599257,1248,0,1248,-72,0,31,15
53,500,115.000000,10000.000000,0,0,6599264,1251,0,1251,-73,0,31,15
53,500,115.000000,10000.000000,0,0,6599271,1252,0,1252,-73,0,31,15
53,500,115.000000,10000.000000,0,0,6599278,1253,0,1253,-73,0,31,15
53,500,115.000000,10000.000000,0,0,6599285,1253,0,1253,-73,0,31,15
53,500,115.000000,10000.000000,0,0,6599301,1253,0,1253,-73,0,31,15
53,500,115.000000,10000.000000,0,0,6599310,1253,0,1253,-73,0,31,15
53,500,115.000000,10000.000000,0,0,6599318,1252,1,1252,-72,0,31,15
53,500,115.000000,10000.000000,0,0,6599325,1252,1,1252,-72,0,31,15
53,500,115.000000,10000.000000,0,0,6599331,1252,1,1252,-72,0,31,15
53,500,115.000000,10000.000000,0,0,6599337,1252,1,1252,-72,0,31,15
53,500,115.000000,10000.000000,0,0,6599343,1252,1,1252,-72,0,31,15
53,500,115.000000,10000.000000,0,0,6599348,1252,1,1252,-72,0,31,15
53,500,115.000000,10000.000000,0,0,6599355,1251,1,1251,-72,0,31,15
53,500,115.000000,10000.000000,0,0,6599361,1250,1,1250,-72,0,31,15
53,500,115.000000,10000.000000,0,0,6599368,1250,1,1250,-72,0,31,15
53,500,115.000000,10000.000000,0,0,6599375,1249,1,1249,-72,0,31,15
53,500,115.000000,10000.000000,0,0,6599382,1248,1,1248,-72,0,31,15
53,500,115.000000,10000.000000,0,0,6599389,1247,1,1247,-72,0,31,15
53,500,115.000000,10000.000000,0,0,6599396,1246,1,1246,-72,0,31,15
53,500,115.000000,10000.000000,0,0,6599403,1245,1,1245,-72,0,31,15
53,500,115.000000,10000.000000,0,0,6599410,1245,1,1245,-72,0,31,15
53,500,115.000000,10000.000000,0,0,6599426,1245,1,1245,-72,0,31,15
53,500,115.000000,10000.000000,0,0,6599435,1245,1,1245,-72,0,31,15
53,500,115.000000,10000.000000,0,0,6599441,1244,1,1244,-72,0,31,15
53,500,115.000000,10000.000000,0,0,6599447,1242,1,1242,-72,0,31,15
53,500,115.000000,10000.000000,0,0,6599453,1240,1,1240,-72,0,31,15
53,500,115.000000,10000.000000,0,0,6599459,1238,0,1238,-73,0,31,15
53,500,115.000000,10000.000000,0,0,6599466,1236,0,1236,-73,0,31,15
53,500,115.000000,10000.000000,0,0,6599473,1234,0,1234,-73,0,31,15
53,500,115.000000,10000.000000,0,0,6599480,1231,0,1231,-73,0,31,15
53,500,115.000000,10000.000000,0,0,6599486,1228,0,1228,-73,0,31,15
53,500,115.000000,10000.000000,0,0,6599493,1227,0,1227,-73,0,31,15
53,500,115.000000,10000.000000,0,0,6599500,1226,0,1226,-74,0,31,15
53,500,115.000000,10000.000000,0,0,6599532,1225,0,1225,-75,0,31,15
