53,1000,30.000000,30.000000,0,0,6576437,457,0,457,0,1,30,19
53,1000,30.000000,30.000000,0,0,6576438,457,0,457,0,1,30,19
53,1000,30.000000,30.000000,0,0,6576445,457,0,457,0,1,30,19
53,1000,30.000000,30.000000,0,0,6576461,457,0,457,0,1,30,19
53,1000,30.000000,30.000000,0,0,6576470,457,0,457,0,1,30,19
53,1000,30.000000,30.000000,0,0,6576478,457,0,457,0,1,30,19
53,1000,30.000000,30.000000,0,0,6576484,457,0,457,0,1,30,19
53,1000,30.000000,30.000000,0,0,6576491,456,0,456,-1,1,30,19
53,1000,30.000000,30.000000,0,0,6576497,457,0,457,-3,1,30,19
53,1000,30.000000,30.000000,0,0,6576503,459,0,459,-4,1,30,19
53,1000,30.000000,30.000000,0,0,6576509,462,0,462,-6,1,30,19
53,1000,30.000000,30.000000,0,0,6576516,470,0,470,-8,1,30,19
53,1000,30.000000,30.000000,0,0,6576522,482,0,482,-10,1,30,19
53,1000,30.000000,30.000000,0,0,6576529,496,0,496,-12,1,30,19
53,1000,30.000000,30.000000,0,0,6576536,514,0,514,-13,1,30,19
53,1000,30.000000,30.000000,0,0,6576543,542,0,542,-13,1,30,19
53,1000,30.000000,30.000000,0,0,6576549,581,0,581,-13,1,30,19
53,1000,30.000000,30.000000,0,0,6576556,624,0,624,-13,1,30,19
53,1000,30.000000,30.000000,0,0,6576563,672,0,672,-13,1,30,19
53,1000,30.000000,30.000000,0,0,6576570,724,0,724,-14,1,30,19
53,1000,30.000000,30.000000,0,0,6576586,775,0,775,-16,1,30,19
53,1000,30.000000,30.000000,0,0,6576595,896,0,896,-24,1,30,19
53,1000,30.000000,30.000000,0,0,6576603,981,0,981,-33,1,30,19
53,1000,30.000000,30.000000,0,0,6576609,1047,0,1047,-41,1,30,19
53,1000,30.000000,30.000000,0,0,6576616,1112,0,1112,-50,1,30,19
53,1000,30.000000,30.000000,0,0,6576622,1162,0,1162,-59,1,30,19
53,1000,30.000000,30.000000,0,0,6576628,1202,0,1202,-66,1,30,19
53,1000,30.000000,30.000000,0,0,6576634,1238,0,1238,-74,1,30,19
53,1000,30.000000,30.000000,0,0,6576640,1275,0,1275,-83,1,30,19
53,1000,30.000000,30.000000,0,0,6576648,1312,0,1312,-93,1,30,19
53,1000,30.000000,30.000000,0,0,6576654,1340,0,1340,-101,1,30,19
53,1000,30.000000,30.000000,0,0,6576661,1368,0,1368,-110,1,30,19
53,1000,30.000000,30.000000,0,0,6576667,1383,0,1383,-115,1,30,19
53,1000,30.000000,30.000000,0,0,6576675,1398,0,1398,-120,1,30,19
53,1000,30.000000,30.000000,0,0,6576681,1407,0,1407,-125,1,30,19
53,1000,30.000000,30.000000,0,0,6576688,1410,0,1410,-128,1,30,19
53,1000,30.000000,30.000000,0,0,6576695,1411,0,1411,-130,1,30,19
53,1000,30.000000,30.000000,0,0,6576711,1411,0,1411,-131,1,30,19
53,1000,30.000000,30.000000,0,0,6576720,1411,0,1411,-134,1,30,19
53,1000,30.000000,30.000000,0,0,6576728,1409,0,1409,-134,1,30,19
53,1000,30.000000,30.000000,0,0,6576734,1408,0,1408,-134,1,30,19
53,1000,30.000000,30.000000,0,0,6576740,1407,0,1407,-134,1,30,19
53,1000,30.000000,30.000000,0,0,6576747,1407,0,1407,-134,1,30,19
53,1000,30.000000,30.000000,0,0,6576753,1406,0,1406,-134,1,30,19
53,1000,30.000000,30.000000,0,0,6576759,1405,0,1405,-134,1,30,19
53,1000,30.000000,30.000000,0,0,6576765,1403,0,1403,-134,1,30,19
53,1000,30.000000,30.000000,0,0,6576772,1401,0,1401,-134,1,30,19
53,1000,30.000000,30.000000,0,0,6576779,1398,1,1398,-133,1,30,19
53,1000,30.000000,30.000000,0,0,6576785,1396,2,1396,-132,1,30,19
53,1000,30.000000,30.000000,0,0,6576792,1394,2,1394,-132,1,30,19
53,1000,30.000000,30.000000,0,0,6576799,1393,2,1393,-132,1,30,19
53,1000,30.000000,30.000000,0,0,6576806,1392,2,1392,-132,1,30,19
53,1000,30.000000,30.000000,0,0,6576813,1391,2,1391,-132,1,30,19
53,1000,30.000000,30.000000,0,0,6576820,1391,2,1391,-132,1,30,19
53,1000,30.000000,30.000000,0,0,6576827,1390,2,1390,-132,1,30,19
53,1000,30.000000,30.000000,0,0,6576834,1389,2,1389,-132,1,30,19
53,1000,30.000000,30.000000,0,0,6576841,1387,2,1387,-132,1,30,19
53,1000,30.000000,30.000000,0,0,6576848,1385,1,1385,-133,1,30,19
53,1000,30.000000,30.000000,0,0,6576855,1383,0,1383,-134,1,30,19
53,1000,30.000000,30.000000,0,0,6576871,1380,0,1380,-135,1,30,19
53,1000,30.000000,30.000000,0,0,6576880,1372,0,1372,-138,1,30,19
53,1000,30.000000,30.000000,0,0,6576888,1366,0,1366,-141,1,30,19
53,1000,30.000000,30.000000,0,0,6576894,1362,0,1362,-143,1,30,19
53,1000,30.000000,30.000000,0,0,6576901,1360,0,1360,-144,1,30,19
53,1000,30.000000,30.000000,0,0,6576907,1360,0,1360,-145,1,30,19
53,1000,30.000000,30.000000,0,0,6576913,1360,0,1360,-145,1,30,19
53,1000,30.000000,30.000000,0,0,6576919,1360,0,1360,-146,1,30,19
53,1000,30.000000,30.000000,0,0,6576925,1360,0,1360,-148,1,30,19
53,1000,30.000000,30.000000,0,0,6576931,1361,0,1361,-149,1,30,19
53,1000,30.000000,30.000000,0,0,6576938,1364,0,1364,-150,1,30,19
53,1000,30.000000,30.000000,0,0,6576945,1367,0,1367,-151,1,30,19
53,1000,30.000000,30.000000,0,0,6576952,1371,0,1371,-151,1,30,19
53,1000,30.000000,30.000000,0,0,6576959,1375,0,1375,-152,1,30,19
53,1000,30.000000,30.000000,0,0,6576966,1381,0,1381,-152,1,30,19
53,1000,30.000000,30.000000,0,0,6576973,1388,0,1388,-154,1,30,19
53,1000,30.000000,30.000000,0,0,6576980,1396,0,1396,-156,1,30,19
53,1000,30.000000,30.000000,0,0,6576996,1407,0,1407,-158,1,30,19
53,1000,30.000000,30.000000,0,0,6577005,1427,0,1427,-162,1,30,19
53,1000,30.000000,30.000000,0,0,6577013,1437,0,1437,-163,1,30,19
53,1000,30.000000,30.000000,0,0,6577020,1442,0,1442,-164,1,30,19
53,1000,30.000000,30.000000,0,0,6577026,1445,0,1445,-164,1,30,19
53,1000,30.000000,30.000000,0,0,6577032,1448,0,1448,-164,1,30,19
53,1000,30.000000,30.000000,0,0,6577038,1451,0,1451,-165,1,30,19
53,1000,30.000000,30.000000,0,0,6577044,1454,0,1454,-166,1,30,19
53,1000,30.000000,30.000000,0,0,6577050,1455,0,1455,-166,1,30,19
53,1000,30.000000,30.000000,0,0,6577056,1456,0,1456,-166,1,30,19
53,1000,30.000000,30.000000,0,0,6577063,1456,0,1456,-166,1,30,19
53,1000,30.000000,30.000000,0,0,6577070,1456,0,1456,-166,1,30,19
53,1000,30.000000,30.000000,0,0,6577077,1456,0,1456,-166,1,30,19
53,1000,30.000000,30.000000,0,0,6577084,1456,0,1456,-166,1,30,19
53,1000,30.000000,30.000000,0,0,6577091,1456,0,1456,-166,1,30,19
53,1000,30.000000,30.000000,0,0,6577098,1456,0,1456,-166,1,30,19
53,1000,30.000000,30.000000,0,0,6577105,1457,0,1457,-166,1,30,19
53,1000,30.000000,30.000000,0,0,6577112,1457,0,1457,-166,1,30,19
53,1000,30.000000,30.000000,0,0,6577119,1457,0,1457,-166,1,30,19
53,1000,30.000000,30.000000,0,0,6577126,1457,0,1457,-166,1,30,19
53,1000,30.000000,30.000000,0,0,6577133,1458,0,1458,-166,1,30,19
53,1000,30.000000,30.000000,0,0,6577140,1459,0,1459,-166,1,30,19
53,1000,30.000000,30.000000,0,0,6577147,1461,0,1461,-166,1,30,19
53,1000,30.000000,30.000000,0,0,6577154,1462,0,1462,-166,1,30,19
53,1000,30.000000,30.000000,0,0,6577161,1462,0,1462,-167,1,30,19
53,1000,30.000000,30.000000,0,0,6577168,1462,0,1462,-168,1,30,19
53,1000,30.000000,30.000000,0,0,6577175,1462,0,1462,-168,1,30,19
53,1000,30.000000,30.000000,0,0,6577181,1462,0,1462,-168,1,30,19
53,1000,30.000000,30.000000,0,0,6577188,1462,0,1462,-168,1,30,19
53,1000,30.000000,30.000000,0,0,6577195,1462,0,1462,-168,1,30,19
53,1000,30.000000,30.000000,0,0,6577202,1462,0,1462,-168,1,30,19
53,1000,30.000000,30.000000,0,0,6577209,1461,0,1461,-168,1,30,19
53,1000,30.000000,30.000000,0,0,6577216,1459,0,1459,-168,1,30,19
53,1000,30.000000,30.000000,0,0,6577223,1458,0,1458,-168,1,30,19
53,1000,30.000000,30.000000,0,0,6577230,1457,0,1457,-168,1,30,19
53,1000,30.000000,30.000000,0,0,6577246,1457,1,1457,-167,1,30,19
53,1000,30.000000,30.000000,0,0,6577256,1457,1,1457,-167,1,30,19
53,1000,30.000000,30.000000,0,0,6577263,1457,1,1457,-167,1,30,19
53,1000,30.000000,30.000000,0,0,6577270,1457,1,1457,-167,1,30,19
53,1000,30.000000,30.000000,0,0,6577276,1457,1,1457,-167,1,30,19
53,1000,30.000000,30.000000,0,0,6577282,1457,1,1457,-167,1,30,19
53,1000,30.000000,30.000000,0,0,6577288,1457,1,1457,-167,1,30,19
53,1000,30.000000,30.000000,0,0,6577315,1457,1,1457,-167,0,30,19
