53,1000,30.000000,0.000000,2,0,6919329,459,17,459,17,0,42,10
53,1000,30.000000,0.000000,2,0,6919330,459,17,459,17,0,42,10
53,1000,30.000000,0.000000,2,0,6919336,459,17,459,17,0,42,10
53,1000,30.000000,0.000000,2,0,6919342,459,17,459,17,0,42,10
53,1000,30.000000,0.000000,2,0,6919348,459,17,459,17,0,42,10
53,1000,30.000000,0.000000,2,0,6919355,459,17,459,17,0,42,10
53,1000,30.000000,0.000000,2,0,6919362,459,17,459,17,0,42,10
53,1000,30.000000,0.000000,2,0,6919369,459,17,459,17,0,42,10
53,1000,30.000000,0.000000,2,0,6919376,459,17,459,17,0,42,10
53,1000,30.000000,0.000000,2,0,6919383,460,17,460,17,0,42,10
53,1000,30.000000,0.000000,2,0,6919390,461,17,461,17,0,42,10
53,1000,30.000000,0.000000,2,0,6919397,464,17,464,17,0,42,10
53,0.250000,30.000000,0.000000,2,0,6919404,468,18,468,18,0,42,10
53,0.200000,30.000000,0.000000,2,0,6919411,473,19,473,19,0,42,10
53,0.230769,30.000000,0.000000,2,0,6919421,486,22,486,22,0,42,10
53,0.307692,30.000000,0.000000,2,0,6919429,512,30,512,30,0,42,10
53,0.228571,30.000000,0.000000,2,0,6919436,547,38,547,38,0,42,10
53,0.205128,30.000000,0.000000,2,0,6919442,586,46,586,46,0,42,10
53,0.206897,30.000000,0.000000,2,0,6919448,615,52,615,52,0,42,10
53,0.236842,30.000000,0.000000,2,0,6919455,653,61,653,61,0,42,10
53,0.229508,30.000000,0.000000,2,0,6919462,714,75,714,75,0,42,10
53,0.188679,30.000000,0.000000,2,0,6919467,767,85,767,85,0,42,10
53,0.186047,30.000000,0.000000,2,0,6919474,810,93,810,93,0,42,10
53,0.129630,30.000000,0.000000,2,0,6919480,864,100,864,100,0,42,10
53,0.081633,30.000000,0.000000,2,0,6919487,913,104,913,104,0,42,10
53,0.086957,30.000000,0.000000,2,0,6919494,982,110,982,110,0,42,10
53,0.052632,30.000000,0.000000,2,0,6919501,1039,113,1039,113,0,42,10
53,0.015625,30.000000,0.000000,2,0,6919508,1103,114,1103,114,0,42,10
53,1000,30.000000,0.000000,2,0,6919515,1170,114,1170,114,0,42,10
53,-0.070175,30.000000,0.000000,2,0,6919522,1227,110,1227,110,0,42,10
53,-0.120690,30.000000,0.000000,2,0,6919529,1285,103,1285,103,0,42,10
53,-0.151515,30.000000,0.000000,2,0,6919536,1351,93,1351,93,0,42,10
53,-0.166667,30.000000,0.000000,2,0,6919552,1399,85,1399,85,0,42,10
53,-0.250000,30.000000,0.000000,2,0,6919561,1499,60,1499,60,0,42,10
53,-0.372093,30.000000,0.000000,2,0,6919569,1542,44,1542,44,0,42,10
53,-0.531250,30.000000,0.000000,2,0,6919576,1574,27,1574,27,0,42,10
53,-0.666667,30.000000,0.000000,2,0,6919582,1589,17,1589,17,0,42,10
53,-0.900000,30.000000,0.000000,2,0,6919588,1599,8,1599,8,0,42,10
53,-1.166667,30.000000,0.000000,2,0,6919593,1605,1,1605,1,0,42,10
53,-0.250000,30.000000,0.000000,2,0,6919602,1609,0,1609,-7,0,42,10
53,1000,30.000000,0.000000,2,0,6919608,1612,0,1612,-20,0,42,10
53,1000,30.000000,0.000000,2,0,6919616,1612,0,1612,-28,0,42,10
53,1000,30.000000,0.000000,2,0,6919622,1607,0,1607,-39,0,42,10
53,1000,30.000000,0.000000,2,0,6919628,1599,0,1599,-50,0,42,10
53,1000,30.000000,0.000000,2,0,6919636,1589,0,1589,-60,0,42,10
53,1000,30.000000,0.000000,2,0,6919642,1571,0,1571,-72,0,42,10
53,1000,30.000000,0.000000,2,0,6919648,1553,0,1553,-83,0,42,10
53,1000,30.000000,0.000000,2,0,6919655,1540,0,1540,-90,0,42,10
53,1000,30.000000,0.000000,2,0,6919661,1517,0,1517,-100,0,42,10
53,1000,30.000000,0.000000,2,0,6919677,1489,0,1489,-109,0,42,10
53,1000,30.000000,0.000000,2,0,6919686,1446,0,1431,-126,0,42,10
53,1000,30.000000,0.000000,2,0,6919694,1446,0,1404,-134,0,42,10
53,1000,30.000000,0.000000,2,0,6919700,1446,0,1388,-139,0,42,10
53,1000,30.000000,0.000000,2,0,6919707,1446,0,1379,-141,0,42,10
53,1000,30.000000,0.000000,2,0,6919713,1446,0,1369,-144,0,42,10
53,1000,30.000000,0.000000,2,0,6919719,1446,0,1361,-146,0,42,10
53,1000,30.000000,0.000000,2,0,6919725,1446,0,1355,-149,0,42,10
53,1000,30.000000,0.000000,2,0,6919731,1446,0,1350,-151,0,42,10
53,1000,30.000000,0.000000,2,0,6919737,1446,0,1346,-152,0,42,10
53,1000,30.000000,0.000000,2,0,6919744,1446,0,1343,-153,0,42,10
53,1000,30.000000,0.000000,2,0,6919751,1446,0,1342,-154,0,42,10
53,1000,30.000000,0.000000,2,0,6919758,1446,0,1340,-155,0,42,10
53,1000,30.000000,0.000000,2,0,6919782,1446,0,1340,-156,0,42,10
