53,1000,115.000000,0.000000,2,0,7031295,466,3,466,3,0,46,15
53,1000,115.000000,0.000000,2,0,7031297,466,3,466,3,0,46,15
53,1000,115.000000,0.000000,2,0,7031304,466,4,466,4,0,46,15
53,1000,115.000000,0.000000,2,0,7031311,466,5,466,5,0,46,15
53,1000,115.000000,0.000000,2,0,7031318,466,5,466,5,0,46,15
53,1000,115.000000,0.000000,2,0,7031325,467,5,467,5,0,46,15
53,1000,115.000000,0.000000,2,0,7031332,468,5,468,5,0,46,15
53,1000,115.000000,0.000000,2,0,7031339,469,5,469,5,0,46,15
53,1000,115.000000,0.000000,2,0,7031346,470,5,470,5,0,46,15
53,0.333333,115.000000,0.000000,2,0,7031353,473,6,473,6,0,46,15
53,1000,115.000000,0.000000,2,0,7031360,479,6,479,6,0,46,15
53,0.111111,115.000000,0.000000,2,0,7031367,488,7,488,7,0,46,15
53,0.214286,115.000000,0.000000,2,0,7031374,502,10,502,10,0,46,15
53,0.250000,115.000000,0.000000,2,0,7031380,518,14,518,14,0,46,15
53,0.250000,115.000000,0.000000,2,0,7031394,542,20,542,20,0,46,15
53,0.320513,115.000000,0.000000,2,0,7031402,620,45,620,45,0,46,15
53,0.333333,115.000000,0.000000,2,0,7031409,671,62,671,62,0,46,15
53,0.354839,115.000000,0.000000,2,0,7031415,733,84,733,84,0,46,15
53,0.333333,115.000000,0.000000,2,0,7031423,775,98,775,98,0,46,15
53,0.303030,115.000000,0.000000,2,0,7031430,841,118,841,118,0,46,15
53,0.319444,115.000000,0.000000,2,0,7031436,913,141,913,141,0,46,15
53,0.297297,115.000000,0.000000,2,0,7031443,987,163,987,163,0,46,15
53,0.264706,115.000000,0.000000,2,0,7031450,1055,181,1055,181,0,46,15
53,0.238095,115.000000,0.000000,2,0,7031457,1118,196,1118,196,0,46,15
53,0.185714,115.000000,0.000000,2,0,7031464,1188,209,1188,209,0,46,15
53,0.166667,115.000000,0.000000,2,0,7031471,1254,220,1254,220,0,46,15
53,0.091954,115.000000,0.000000,2,0,7031487,1341,228,1341,228,0,46,15
53,0.027778,115.000000,0.000000,2,0,7031496,1485,232,1485,232,0,46,15
53,-0.063492,115.000000,0.000000,2,0,7031504,1548,228,1548,228,0,46,15
53,-0.163636,115.000000,0.000000,2,0,7031511,1603,219,1603,219,0,46,15
53,-0.219512,115.000000,0.000000,2,0,7031517,1644,210,1644,210,0,46,15
53,-0.333333,115.000000,0.000000,2,0,7031523,1668,202,1668,202,0,46,15
53,-0.444444,115.000000,0.000000,2,0,7031529,1686,194,1686,194,0,46,15
53,-0.590909,115.000000,0.000000,2,0,7031535,1708,181,1708,181,0,46,15
53,-0.818182,115.000000,0.000000,2,0,7031541,1719,172,1719,172,0,46,15
53,-1.363636,115.000000,0.000000,2,0,7031548,1730,157,1730,157,0,46,15
53,-2.166667,115.000000,0.000000,2,0,7031554,1736,144,1736,144,0,46,15
53,-12.000000,115.000000,0.000000,2,0,7031561,1737,132,1737,132,0,46,15
53,3.000000,115.000000,0.000000,2,0,7031568,1732,117,1732,117,0,46,15
53,1.500000,115.000000,0.000000,2,0,7031575,1720,99,1720,99,0,46,15
53,1.000000,115.000000,0.000000,2,0,7031583,1705,84,1705,84,0,46,15
53,0.800000,115.000000,0.000000,2,0,7031589,1680,64,1680,64,0,46,15
53,0.642857,115.000000,0.000000,2,0,7031596,1652,46,1652,46,0,46,15
53,0.512195,115.000000,0.000000,2,0,7031603,1611,25,1611,25,0,46,15
53,0.409091,115.000000,0.000000,2,0,7031611,1589,16,1589,16,0,46,15
53,0.355556,115.000000,0.000000,2,0,7031617,1544,0,1544,-1,0,46,15
53,1000,115.000000,0.000000,2,0,7031623,1512,0,1512,-12,0,46,15
53,1000,115.000000,0.000000,2,0,7031631,1480,0,1480,-22,0,46,15
53,1000,115.000000,0.000000,2,0,7031637,1451,0,1451,-32,0,46,15
53,1000,115.000000,0.000000,2,0,7031644,1431,0,1431,-39,0,46,15
53,1000,115.000000,0.000000,2,0,7031652,1413,0,1413,-46,0,46,15
53,1000,115.000000,0.000000,2,0,7031676,1404,0,1389,-56,0,46,15
