53,500,115.000000,0.000000,2,0,7313234,732,0,732,0,0,57,7
53,500,115.000000,0.000000,2,0,7313235,732,0,732,0,0,57,7
53,500,115.000000,0.000000,2,0,7313242,731,0,731,0,0,57,7
53,500,115.000000,0.000000,2,0,7313249,730,0,730,0,0,57,7
53,500,115.000000,0.000000,2,0,7313256,729,0,729,0,0,57,7
53,500,115.000000,0.000000,2,0,7313272,728,0,728,0,0,57,7
53,500,115.000000,0.000000,2,0,7313281,727,0,727,0,0,57,7
53,500,115.000000,0.000000,2,0,7313289,726,0,726,0,0,57,7
53,500,115.000000,0.000000,2,0,7313295,726,0,726,0,0,57,7
53,500,115.000000,0.000000,2,0,7313301,726,2,726,2,0,57,7
53,500,115.000000,0.000000,2,0,7313307,726,3,726,3,0,57,7
53,2.000000,115.000000,0.000000,2,0,7313313,727,5,727,5,0,57,7
53,1.000000,115.000000,0.000000,2,0,7313319,729,7,729,7,0,57,7
53,1.000000,115.000000,0.000000,2,0,7313326,733,11,733,11,0,57,7
53,0.666667,115.000000,0.000000,2,0,7313332,739,15,739,15,0,57,7
53,0.571429,115.000000,0.000000,2,0,7313339,753,23,753,23,0,57,7
53,0.529412,115.000000,0.000000,2,0,7313347,770,32,770,32,0,57,7
53,0.454545,115.000000,0.000000,2,0,7313354,792,42,792,42,0,57,7
53,0.333333,115.000000,0.000000,2,0,7313361,819,51,819,51,0,57,7
53,0.315789,115.000000,0.000000,2,0,7313367,838,57,838,57,0,57,7
53,0.185185,115.000000,0.000000,2,0,7313374,865,62,865,62,0,57,7
53,0.172414,115.000000,0.000000,2,0,7313381,894,67,894,67,0,57,7
53,0.117647,115.000000,0.000000,2,0,7313397,928,71,928,71,0,57,7
53,0.046875,115.000000,0.000000,2,0,7313406,992,74,992,74,0,57,7
53,500,115.000000,0.000000,2,0,7313414,1033,74,1033,74,0,57,7
53,-0.103448,115.000000,0.000000,2,0,7313420,1062,71,1062,71,0,57,7
53,-0.117647,115.000000,0.000000,2,0,7313426,1079,69,1079,69,0,57,7
53,-0.222222,115.000000,0.000000,2,0,7313432,1097,65,1097,65,0,57,7
53,-0.250000,115.000000,0.000000,2,0,7313438,1105,63,1105,63,0,57,7
53,-0.666667,115.000000,0.000000,2,0,7313445,1111,59,1111,59,0,57,7
53,-0.800000,115.000000,0.000000,2,0,7313451,1116,55,1116,55,0,57,7
53,-1.333333,115.000000,0.000000,2,0,7313459,1119,51,1119,51,0,57,7
53,-7.000000,115.000000,0.000000,2,0,7313467,1120,44,1120,44,0,57,7
53,-5.000000,115.000000,0.000000,2,0,7313474,1121,39,1121,39,0,57,7
53,500,115.000000,0.000000,2,0,7313480,1121,34,1121,34,0,57,7
53,500,115.000000,0.000000,2,0,7313486,1121,31.600000,1121,30,0,57,7
53,5.000000,115.000000,0.000000,2,0,7313492,1120,31.600000,1120,25,0,57,7
53,4.000000,115.000000,0.000000,2,0,7313499,1119,31.600000,1119,21,0,57,7
53,4.000000,115.000000,0.000000,2,0,7313506,1118,31.600000,1118,17,0,57,7
53,500,115.000000,0.000000,2,0,7313522,1118,31.600000,1118,13,0,57,7
53,500,115.000000,0.000000,2,0,7313531,1118,31.600000,1118,6,0,57,7
53,-1.333333,115.000000,0.000000,2,0,7313539,1121,31.600000,1121,2,0,57,7
53,-1.000000,115.000000,0.000000,2,0,7313546,1124,31.600000,1124,-1,0,57,7
53,-1.000000,115.000000,0.000000,2,0,7313552,1127,31.600000,1127,-4,0,57,7
53,-1.000000,115.000000,0.000000,2,0,7313558,1129,31.600000,1129,-6,0,57,7
53,-1.000000,115.000000,0.000000,2,0,7313564,1130,31.600000,1130,-7,0,57,7
53,-1.000000,115.000000,0.000000,2,0,7313570,1131,31.600000,1131,-8,0,57,7
53,-1.000000,115.000000,0.000000,2,0,7313576,1132,31.600000,1132,-9,0,57,7
53,-1.000000,115.000000,0.000000,2,0,7313582,1133,31.600000,1133,-10,0,57,7
53,500,115.000000,0.000000,2,0,7313589,1133,31.600000,1133,-11,0,57,7
53,500,115.000000,0.000000,2,0,7313596,1132,31.600000,1132,-11,0,57,7
53,500,115.000000,0.000000,2,0,7313620,1130,31.600000,1130,-11,1,57,7
