53,500,30.000000,90.000000,2,0,7199653,706,16.600000,706,16.600000,0,53,1
53,500,30.000000,90.000000,2,0,7199654,706,16.600000,706,16.600000,0,53,1
53,500,30.000000,90.000000,2,0,7199661,706,16.600000,706,16.600000,0,53,1
53,500,30.000000,90.000000,2,0,7199668,706,16.600000,706,16.600000,0,53,1
53,500,30.000000,90.000000,2,0,7199675,706,16.600000,706,16.600000,0,53,1
53,500,30.000000,90.000000,2,0,7199682,706,16.600000,706,16.600000,0,53,1
53,500,30.000000,90.000000,2,0,7199689,706,16.600000,706,16.600000,0,53,1
53,500,30.000000,90.000000,2,0,7199696,706,16.600000,706,16.600000,0,53,1
53,500,30.000000,90.000000,2,0,7199712,706,16.600000,706,16.600000,0,53,1
53,500,30.000000,90.000000,2,0,7199721,706,16.600000,706,16.600000,0,53,1
53,500,30.000000,90.000000,2,0,7199728,706,17.600000,706,17.600000,0,53,1
53,1.000000,30.000000,90.000000,2,0,7199735,708,19.600000,708,19.600000,0,53,1
53,1.000000,30.000000,90.000000,2,0,7199741,710,21.600000,710,21.600000,0,53,1
53,0.800000,30.000000,90.000000,2,0,7199747,715,25.600000,715,25.600000,0,53,1
53,0.666667,30.000000,90.000000,2,0,7199753,721,29.600000,721,29.600000,0,53,1
53,0.444444,30.000000,90.000000,2,0,7199760,730,33.600000,730,33.600000,0,53,1
53,0.363636,30.000000,90.000000,2,0,7199766,741,37.600000,741,37.600000,0,53,1
53,0.333333,30.000000,90.000000,2,0,7199772,762,44.600000,762,44.600000,0,53,1
53,0.250000,30.000000,90.000000,2,0,7199780,786,50.600000,786,50.600000,0,53,1
53,0.227273,30.000000,90.000000,2,0,7199787,808,55.600000,808,55.600000,0,53,1
53,0.236842,30.000000,90.000000,2,0,7199794,846,64.600000,846,64.600000,0,53,1
53,0.137931,30.000000,90.000000,2,0,7199800,875,68.600000,875,68.600000,0,53,1
53,0.130435,30.000000,90.000000,2,0,7199807,898,71.600000,898,71.600000,0,53,1
53,0.100000,30.000000,90.000000,2,0,7199814,928,74.600000,928,74.600000,0,53,1
53,0.068966,30.000000,90.000000,2,0,7199821,957,76.600000,957,76.600000,0,53,1
53,0.034483,30.000000,90.000000,2,0,7199828,986,77.600000,986,77.600000,0,53,1
53,500,30.000000,90.000000,2,0,7199835,1017,77.600000,1017,77.600000,0,53,1
53,-0.047619,30.000000,90.000000,2,0,7199842,1038,76.600000,1038,76.600000,0,53,1
53,-0.181818,30.000000,90.000000,2,0,7199849,1060,72.600000,1060,72.600000,0,53,1
53,-0.238095,30.000000,90.000000,2,0,7199856,1081,67.600000,1081,67.600000,0,53,1
53,-0.217391,30.000000,90.000000,2,0,7199863,1104,62.600000,1104,62.600000,0,53,1
53,-0.277778,30.000000,90.000000,2,0,7199870,1122,57.600000,1122,57.600000,0,53,1
53,-0.368421,30.000000,90.000000,2,0,7199877,1141,50.600000,1141,50.600000,0,53,1
53,-0.454545,30.000000,90.000000,2,0,7199884,1152,45.600000,1152,45.600000,0,53,1
53,-0.562500,30.000000,90.000000,2,0,7199891,1168,36.600000,1168,36.600000,0,53,1
53,-0.750000,30.000000,90.000000,2,0,7199897,1176,30.600000,1176,30.600000,0,53,1
53,-1.250000,30.000000,90.000000,2,0,7199904,1180,25.600000,1180,25.600000,0,53,1
53,-4.000000,30.000000,90.000000,2,0,7199911,1181,21.600000,1181,21.600000,0,53,1
53,500,30.000000,90.000000,2,0,7199918,1181,17.600000,1181,17.600000,0,53,1
53,1.500000,30.000000,90.000000,2,0,7199925,1179,14.600000,1179,14.600000,0,53,1
53,1.000000,30.000000,90.000000,2,0,7199932,1176,11.600000,1176,11.600000,0,53,1
53,0.666667,30.000000,90.000000,2,0,7199939,1173,9.600000,1173,9.600000,0,53,1
53,0.666667,30.000000,90.000000,2,0,7199946,1170,7.600000,1170,7.600000,0,53,1
53,2.000000,30.000000,90.000000,2,0,7199953,1169,5.600000,1169,5.600000,0,53,1
53,500,30.000000,90.000000,2,0,7199960,1167,5.600000,1167,5.600000,0,53,1
53,500,30.000000,90.000000,2,0,7199967,1166,5.600000,1166,5.600000,0,53,1
53,500,30.000000,90.000000,2,0,7199974,1166,4.600000,1166,4.600000,0,53,1
53,500,30.000000,90.000000,2,0,7199981,1165,4.600000,1165,4.600000,0,53,1
53,500,30.000000,90.000000,2,0,7199997,1164,4.600000,1164,4.600000,0,53,1
53,500,30.000000,90.000000,2,0,7200005,1164,4.600000,1164,4.600000,0,53,1
53,-1.000000,30.000000,90.000000,2,0,7200011,1165,3.600000,1165,3.600000,0,53,1
53,500,30.000000,90.000000,2,0,7200017,1166,3.600000,1166,3.600000,0,53,1
53,-1.000000,30.000000,90.000000,2,0,7200023,1167,2.600000,1167,2.600000,0,53,1
53,500,30.000000,90.000000,2,0,7200029,1168,2.600000,1168,2.600000,0,53,1
53,500,30.000000,90.000000,2,0,7200036,1168,1.600000,1168,1.600000,0,53,1
53,500,30.000000,90.000000,2,0,7200043,1168,0.600000,1168,0.600000,0,53,1
53,500,30.000000,90.000000,2,0,7200050,1168,0.600000,1168,0.600000,0,53,1
53,500,30.000000,90.000000,2,0,7200057,1169,0.600000,1169,0.600000,0,53,1
53,500,30.000000,90.000000,2,0,7200064,1170,0.600000,1170,0.600000,0,53,1
53,500,30.000000,90.000000,2,0,7200071,1171,0.600000,1171,0.600000,0,53,1
53,500,30.000000,90.000000,2,0,7200078,1172,0.600000,1172,0.600000,0,53,1
53,500,30.000000,90.000000,2,0,7200085,1172,0.600000,1172,0.600000,0,53,1
53,500,30.000000,90.000000,2,0,7200092,1174,0.600000,1174,0.600000,0,53,1
53,500,30.000000,90.000000,2,0,7200099,1177,0.600000,1177,0.600000,0,53,1
53,0.250000,30.000000,90.000000,2,0,7200106,1181,1.600000,1181,1.600000,0,53,1
53,0.250000,30.000000,90.000000,2,0,7200113,1185,2.600000,1185,2.600000,0,53,1
53,0.166667,30.000000,90.000000,2,0,7200120,1191,3.600000,1191,3.600000,0,53,1
53,0.166667,30.000000,90.000000,2,0,7200128,1197,4.600000,1197,4.600000,0,53,1
53,0.200000,30.000000,90.000000,2,0,7200134,1202,5.600000,1202,5.600000,0,53,1
53,500,30.000000,90.000000,2,0,7200141,1205,5.600000,1205,5.600000,0,53,1
53,0.333333,30.000000,90.000000,2,0,7200147,1208,6.600000,1208,6.600000,0,53,1
53,500,30.000000,90.000000,2,0,7200154,1211,6.600000,1211,6.600000,0,53,1
53,500,30.000000,90.000000,2,0,7200161,1213,6.600000,1213,6.600000,0,53,1
53,500,30.000000,90.000000,2,0,7200169,1214,6.600000,1214,6.600000,0,53,1
53,500,30.000000,90.000000,2,0,7200175,1214,6.600000,1214,6.600000,0,53,1
53,500,30.000000,90.000000,2,0,7200182,1214,7.600000,1214,7.600000,0,53,1
53,500,30.000000,90.000000,2,0,7200189,1214,8.600000,1214,8.600000,0,53,1
53,500,30.000000,90.000000,2,0,7200196,1212,8.600000,1212,8.600000,0,53,1
53,500,30.000000,90.000000,2,0,7200212,1210,8.600000,1210,8.600000,0,53,1
53,500,30.000000,90.000000,2,0,7200221,1208,8.600000,1208,8.600000,0,53,1
53,500,30.000000,90.000000,2,0,7200229,1208,8.600000,1208,8.600000,0,53,1
53,500,30.000000,90.000000,2,0,7200235,1208,8.600000,1208,8.600000,0,53,1
53,500,30.000000,90.000000,2,0,7200241,1208,8.600000,1208,8.600000,0,53,1
53,500,30.000000,90.000000,2,0,7200248,1209,8.600000,1209,8.600000,0,53,1
53,500,30.000000,90.000000,2,0,7200254,1210,8.600000,1210,8.600000,0,53,1
53,0.500000,30.000000,90.000000,2,0,7200260,1212,9.600000,1212,9.600000,0,53,1
53,0.500000,30.000000,90.000000,2,0,7200281,1214,10.600000,1214,10.600000,0,53,1
