53,1000,115.000000,0.000000,2,0,7319873,497,19,497,19,0,57,12
53,1000,115.000000,0.000000,2,0,7319875,497,19,497,19,0,57,12
53,1000,115.000000,0.000000,2,0,7319881,498,19,498,19,0,57,12
53,1000,115.000000,0.000000,2,0,7319888,499,19,499,19,0,57,12
53,1000,115.000000,0.000000,2,0,7319895,500,19,500,19,0,57,12
53,0.500000,115.000000,0.000000,2,0,7319902,502,20,502,20,0,57,12
53,0.500000,115.000000,0.000000,2,0,7319909,504,21,504,21,0,57,12
53,0.333333,115.000000,0.000000,2,0,7319916,507,22,507,22,0,57,12
53,0.400000,115.000000,0.000000,2,0,7319922,512,24,512,24,0,57,12
53,0.500000,115.000000,0.000000,2,0,7319929,516,26,516,26,0,57,12
53,0.333333,115.000000,0.000000,2,0,7319936,525,29,525,29,0,57,12
53,0.250000,115.000000,0.000000,2,0,7319943,537,32,537,32,0,57,12
53,0.333333,115.000000,0.000000,2,0,7319950,555,38,555,38,0,57,12
53,0.375000,115.000000,0.000000,2,0,7319957,571,44,571,44,0,57,12
53,0.222222,115.000000,0.000000,2,0,7319964,598,50,598,50,0,57,12
53,0.185185,115.000000,0.000000,2,0,7319971,652,60,652,60,0,57,12
53,0.191489,115.000000,0.000000,2,0,7319978,699,69,699,69,0,57,12
53,0.122449,115.000000,0.000000,2,0,7319985,748,75,748,75,0,57,12
53,0.098039,115.000000,0.000000,2,0,7319992,799,80,799,80,0,57,12
53,0.058824,115.000000,0.000000,2,0,7319999,850,83,850,83,0,57,12
53,0.018868,115.000000,0.000000,2,0,7320007,903,84,903,84,0,57,12
53,1000,115.000000,0.000000,2,0,7320013,955,84,955,84,0,57,12
53,-0.037037,115.000000,0.000000,2,0,7320020,1009,82,1009,82,0,57,12
53,-0.098361,115.000000,0.000000,2,0,7320027,1070,76,1070,76,0,57,12
53,-0.084746,115.000000,0.000000,2,0,7320034,1129,71,1129,71,0,57,12
53,-0.133333,115.000000,0.000000,2,0,7320041,1174,65,1174,65,0,57,12
53,-0.156863,115.000000,0.000000,2,0,7320047,1225,57,1225,57,0,57,12
53,-0.194444,115.000000,0.000000,2,0,7320054,1261,50,1261,50,0,57,12
53,-0.185185,115.000000,0.000000,2,0,7320061,1288,45,1288,45,0,57,12
53,-0.242424,115.000000,0.000000,2,0,7320068,1321,37,1321,37,0,57,12
53,-0.260870,115.000000,0.000000,2,0,7320076,1344,31,1344,31,0,57,12
53,-0.333333,115.000000,0.000000,2,0,7320082,1368,31.600000,1368,23,0,57,12
53,-0.357143,115.000000,0.000000,2,0,7320089,1382,31.600000,1382,18,0,57,12
53,-0.400000,115.000000,0.000000,2,0,7320096,1392,31.600000,1392,14,0,57,12
53,-0.444444,115.000000,0.000000,2,0,7320112,1401,31.600000,1401,10,0,57,12
53,-0.666667,115.000000,0.000000,2,0,7320112,1402.500000,31.600000,1410,4,0,57,12
53,-0.666667,115.000000,0.000000,2,0,7320112,1404,31.600000,1410,4,0,57,12
53,-0.666667,115.000000,0.000000,2,0,7320121,1410,25.933333,1410,4,0,57,12
53,-3.000000,115.000000,0.000000,2,0,7320129,1411,22.933333,1411,1,0,57,12
53,-1.000000,115.000000,0.000000,2,0,7320136,1412,21.933333,1412,0,0,57,12
53,1000,115.000000,0.000000,2,0,7320142,1412,19.933333,1412,-2,0,57,12
53,1000,115.000000,0.000000,2,0,7320148,1412,18.933333,1412,-3,0,57,12
53,1.000000,115.000000,0.000000,2,0,7320154,1411,17.933333,1411,-4,0,57,12
53,1.000000,115.000000,0.000000,2,0,7320160,1410,16.933333,1410,-5,0,57,12
53,1.000000,115.000000,0.000000,2,0,7320166,1409,15.933333,1409,-6,0,57,12
53,1.000000,115.000000,0.000000,2,0,7320172,1408,14.933333,1408,-7,0,57,12
53,1.000000,115.000000,0.000000,2,0,7320180,1407,13.933333,1407,-8,0,57,12
53,1.000000,115.000000,0.000000,2,0,7320187,1406,12.933333,1406,-9,0,57,12
53,1000,115.000000,0.000000,2,0,7320193,1406,11.933333,1406,-10,0,57,12
53,1000,115.000000,0.000000,2,0,7320200,1406,9.933333,1406,-12,0,57,12
53,1000,115.000000,0.000000,2,0,7320207,1406,8.933333,1406,-13,0,57,12
53,1000,115.000000,0.000000,2,0,7320214,1406,7.933333,1406,-14,0,57,12
53,1.000000,115.000000,0.000000,2,0,7320221,1405,6.933333,1405,-15,0,57,12
53,0.500000,115.000000,0.000000,2,0,7320228,1404,5.933333,1403,-16,0,57,12
53,0.333333,115.000000,0.000000,2,0,7320235,1404,4.933333,1400,-17,0,57,12
53,0.250000,115.000000,0.000000,2,0,7320242,1404,3.933333,1396,-18,0,57,12
53,1000,115.000000,0.000000,2,0,7320249,1404,3.933333,1392,-18,0,57,12
53,0.250000,115.000000,0.000000,2,0,7320256,1404,2.933333,1388,-19,0,57,12
53,1000,115.000000,0.000000,2,0,7320272,1404,2.933333,1387,-19,0,57,12
53,1000,115.000000,0.000000,2,0,7320281,1404,1.933333,1387,-20,0,57,12
53,1000,115.000000,0.000000,2,0,7320288,1404,0.933333,1387,-21,0,57,12
53,1000,115.000000,0.000000,2,0,7320294,1404,0.933333,1387,-21,0,57,12
53,1000,115.000000,0.000000,2,0,7320300,1404,0.933333,1387,-21,0,57,12
53,1000,115.000000,0.000000,2,0,7320306,1404,0.933333,1387,-21,0,57,12
53,1000,115.000000,0.000000,2,0,7320312,1404,0.933333,1387,-21,0,57,12
53,1000,115.000000,0.000000,2,0,7320319,1405,0.933333,1388,-21,0,57,12
53,1000,115.000000,0.000000,2,0,7320342,1405,0.933333,1388,-21,0,57,12
