53,1000,30.000000,60.000000,2,0,7181626,470,16,470,16,0,52,6
53,1000,30.000000,60.000000,2,0,7181627,470,16,470,16,0,52,6
53,1000,30.000000,60.000000,2,0,7181634,470,16,470,16,0,52,6
53,1000,30.000000,60.000000,2,0,7181641,470,16,470,16,0,52,6
53,1000,30.000000,60.000000,2,0,7181657,470,16,470,16,0,52,6
53,1000,30.000000,60.000000,2,0,7181666,470,17,470,17,0,52,6
53,-1.000000,30.000000,60.000000,2,0,7181674,469,18,469,18,0,52,6
53,1000,30.000000,60.000000,2,0,7181680,469,19,469,19,0,52,6
53,1000,30.000000,60.000000,2,0,7181687,469,20,469,20,0,52,6
53,1000,30.000000,60.000000,2,0,7181693,469,21,469,21,0,52,6
53,1000,30.000000,60.000000,2,0,7181699,469,23,469,23,0,52,6
53,3.000000,30.000000,60.000000,2,0,7181705,470,26,470,26,0,52,6
53,1.500000,30.000000,60.000000,2,0,7181711,472,29,472,29,0,52,6
53,0.750000,30.000000,60.000000,2,0,7181717,476,32,476,32,0,52,6
53,1.000000,30.000000,60.000000,2,0,7181724,483,39,483,39,0,52,6
53,0.666667,30.000000,60.000000,2,0,7181731,492,45,492,45,0,52,6
53,0.615385,30.000000,60.000000,2,0,7181738,505,53,505,53,0,52,6
53,0.500000,30.000000,60.000000,2,0,7181745,525,63,525,63,0,52,6
53,0.500000,30.000000,60.000000,2,0,7181752,549,75,549,75,0,52,6
53,0.392857,30.000000,60.000000,2,0,7181759,577,86,577,86,0,52,6
53,0.351351,30.000000,60.000000,2,0,7181766,614,99,614,99,0,52,6
53,0.285714,30.000000,60.000000,2,0,7181782,663,113,663,113,0,52,6
53,0.227273,30.000000,60.000000,2,0,7181791,795,143,795,143,0,52,6
53,0.156250,30.000000,60.000000,2,0,7181799,891,158,891,158,0,52,6
53,0.095238,30.000000,60.000000,2,0,7181805,996,168,996,168,0,52,6
53,0.043478,30.000000,60.000000,2,0,7181811,1065,171,1065,171,0,52,6
53,1000,30.000000,60.000000,2,0,7181818,1122,171,1122,171,0,52,6
53,1000,30.000000,60.000000,2,0,7181824,1188,171,1188,171,0,52,6
53,-0.053571,30.000000,60.000000,2,0,7181830,1244,168,1244,168,0,52,6
53,-0.098039,30.000000,60.000000,2,0,7181836,1295,163,1295,163,0,52,6
53,-0.177419,30.000000,60.000000,2,0,7181843,1357,152,1357,152,0,52,6
53,-0.196078,30.000000,60.000000,2,0,7181850,1408,142,1408,142,0,52,6
53,-0.268293,30.000000,60.000000,2,0,7181856,1449,131,1449,131,0,52,6
53,-0.307692,30.000000,60.000000,2,0,7181863,1488,119,1488,119,0,52,6
53,-0.344828,30.000000,60.000000,2,0,7181870,1517,109,1517,109,0,52,6
53,-0.481481,30.000000,60.000000,2,0,7181877,1544,96,1544,96,0,52,6
53,-0.666667,30.000000,60.000000,2,0,7181887,1559,86,1559,86,0,52,6
53,-0.937500,30.000000,60.000000,2,0,7181895,1575,71,1575,71,0,52,6
53,-2.000000,30.000000,60.000000,2,0,7181912,1579,63,1579,63,0,52,6
53,14.000000,30.000000,60.000000,2,0,7181922,1578,49,1578,49,0,52,6
53,1.000000,30.000000,60.000000,2,0,7181930,1571,42,1571,42,0,52,6
53,0.666667,30.000000,60.000000,2,0,7181936,1565,38,1565,38,0,52,6
53,0.666667,30.000000,60.000000,2,0,7181942,1562,36,1562,36,0,52,6
53,0.500000,30.000000,60.000000,2,0,7181949,1560,35,1560,35,0,52,6
53,0.333333,30.000000,60.000000,2,0,7181955,1557,34,1557,34,0,52,6
53,1000,30.000000,60.000000,2,0,7181962,1555,34,1555,34,0,52,6
53,1000,30.000000,60.000000,2,0,7181968,1554,34,1554,34,0,52,6
53,1000,30.000000,60.000000,2,0,7181974,1553,34,1553,34,0,52,6
53,1000,30.000000,60.000000,2,0,7181981,1553,33,1553,33,0,52,6
53,1000,30.000000,60.000000,2,0,7181988,1553,33,1553,33,0,52,6
53,1000,30.000000,60.000000,2,0,7181995,1553,32,1553,32,0,52,6
53,-1.000000,30.000000,60.000000,2,0,7182002,1554,31,1554,31,0,52,6
53,-1.000000,30.000000,60.000000,2,0,7182009,1555,30,1555,30,0,52,6
53,1000,30.000000,60.000000,2,0,7182016,1555,29,1555,29,0,52,6
53,1000,30.000000,60.000000,2,0,7182032,1555,27,1555,27,0,52,6
53,1.666667,30.000000,60.000000,2,0,7182041,1552,22,1552,22,0,52,6
53,0.400000,30.000000,60.000000,2,0,7182049,1547,20,1547,20,0,52,6
53,0.400000,30.000000,60.000000,2,0,7182055,1542,18,1542,18,0,52,6
53,0.400000,30.000000,60.000000,2,0,7182062,1537,16,1537,16,0,52,6
53,0.400000,30.000000,60.000000,2,0,7182068,1532,14,1532,14,0,52,6
53,0.333333,30.000000,60.000000,2,0,7182074,1529,13,1529,13,0,52,6
53,0.500000,30.000000,60.000000,2,0,7182080,1527,12,1527,12,0,52,6
53,0.500000,30.000000,60.000000,2,0,7182087,1525,11,1525,11,0,52,6
53,1000,30.000000,60.000000,2,0,7182092,1522,11,1522,11,0,52,6
53,1000,30.000000,60.000000,2,0,7182099,1520,11,1520,11,0,52,6
53,0.333333,30.000000,60.000000,2,0,7182106,1517,10,1517,10,0,52,6
53,0.333333,30.000000,60.000000,2,0,7182113,1514,9,1514,9,0,52,6
53,1000,30.000000,60.000000,2,0,7182120,1511,9,1511,9,0,52,6
53,1000,30.000000,60.000000,2,0,7182127,1508,9,1508,9,0,52,6
53,1000,30.000000,60.000000,2,0,7182134,1505,9,1505,9,0,52,6
53,0.500000,30.000000,60.000000,2,0,7182141,1503,8,1503,8,0,52,6
53,1000,30.000000,60.000000,2,0,7182156,1500,8,1500,8,0,52,6
53,1000,30.000000,60.000000,2,0,7182166,1495,8,1495,8,0,52,6
53,-0.250000,30.000000,60.000000,2,0,7182174,1491,9,1491,9,0,52,6
53,-0.250000,30.000000,60.000000,2,0,7182180,1487,10,1487,10,0,52,6
53,1000,30.000000,60.000000,2,0,7182186,1485,10,1485,10,0,52,6
53,1000,30.000000,60.000000,2,0,7182192,1483,10,1483,10,0,52,6
53,1000,30.000000,60.000000,2,0,7182198,1482,10,1482,10,0,52,6
53,1000,30.000000,60.000000,2,0,7182204,1480,10,1480,10,0,52,6
53,1000,30.000000,60.000000,2,0,7182211,1479,10,1479,10,0,52,6
53,1000,30.000000,60.000000,2,0,7182217,1478,10,1478,10,0,52,6
53,1000,30.000000,60.000000,2,0,7182224,1478,10,1478,10,0,52,6
53,1000,30.000000,60.000000,2,0,7182231,1478,10,1478,10,0,52,6
53,1000,30.000000,60.000000,2,0,7182238,1478,10,1478,10,0,52,6
53,1000,30.000000,60.000000,2,0,7182245,1478,10,1478,10,0,52,6
53,1000,30.000000,60.000000,2,0,7182252,1478,10,1478,10,0,52,6
53,1000,30.000000,60.000000,2,0,7182259,1478,10,1478,10,0,52,6
53,1000,30.000000,60.000000,2,0,7182266,1478,10,1478,10,0,52,6
53,1000,30.000000,60.000000,2,0,7182273,1478,10,1478,10,0,52,6
53,-1.000000,30.000000,60.000000,2,0,7182280,1477,11,1477,11,0,52,6
53,1000,30.000000,60.000000,2,0,7182287,1475,11,1475,11,0,52,6
53,-1.000000,30.000000,60.000000,2,0,7182294,1474,12,1474,12,0,52,6
53,-0.500000,30.000000,60.000000,2,0,7182301,1472,13,1472,13,0,52,6
53,-1.000000,30.000000,60.000000,2,0,7182312,1471,14,1471,14,0,52,6
53,-0.500000,30.000000,60.000000,2,0,7182318,1469,15,1469,15,0,52,6
53,1000,30.000000,60.000000,2,0,7182324,1469,15,1469,15,0,52,6
53,1000,30.000000,60.000000,2,0,7182330,1468,15,1468,15,0,52,6
53,1000,30.000000,60.000000,2,0,7182336,1467,15,1467,15,0,52,6
53,1000,30.000000,60.000000,2,0,7182342,1466,15,1466,15,0,52,6
53,1000,30.000000,60.000000,2,0,7182349,1466,16,1466,16,0,52,6
53,1000,30.000000,60.000000,2,0,7182356,1466,17,1466,17,0,52,6
53,1000,30.000000,60.000000,2,0,7182363,1466,17,1466,17,0,52,6
53,1000,30.000000,60.000000,2,0,7182370,1466,17,1466,17,0,52,6
53,1000,30.000000,60.000000,2,0,7182377,1466,17,1466,17,0,52,6
53,1000,30.000000,60.000000,2,0,7182384,1466,17,1466,17,0,52,6
53,1000,30.000000,60.000000,2,0,7182391,1466,17,1466,17,0,52,6
53,1000,30.000000,60.000000,2,0,7182407,1466,17,1466,17,0,52,6
53,1000,30.000000,60.000000,2,0,7182416,1465,17,1465,17,0,52,6
53,1000,30.000000,60.000000,2,0,7182446,1465,17,1465,17,0,52,6
