53,1000,115.000000,60.000000,2,0,7237149,458,5.600000,458,5.600000,0,54,9
53,1000,115.000000,60.000000,2,0,7237151,458,5.600000,458,5.600000,0,54,9
53,1000,115.000000,60.000000,2,0,7237159,459,5.600000,459,5.600000,0,54,9
53,1000,115.000000,60.000000,2,0,7237166,459,5.600000,459,5.600000,0,54,9
53,1000,115.000000,60.000000,2,0,7237172,460,5.600000,460,5.600000,0,54,9
53,1000,115.000000,60.000000,2,0,7237178,460,5.600000,460,5.600000,0,54,9
53,1000,115.000000,60.000000,2,0,7237183,460,6.600000,460,6.600000,0,54,9
53,1000,115.000000,60.000000,2,0,7237189,460,8.600000,460,8.600000,0,54,9
53,1.000000,115.000000,60.000000,2,0,7237196,461,9.600000,461,9.600000,0,54,9
53,3.000000,115.000000,60.000000,2,0,7237202,462,12.600000,462,12.600000,0,54,9
53,0.750000,115.000000,60.000000,2,0,7237209,466,15.600000,466,15.600000,0,54,9
53,0.714286,115.000000,60.000000,2,0,7237216,473,20.600000,473,20.600000,0,54,9
53,0.266667,115.000000,60.000000,2,0,7237223,488,24.600000,488,24.600000,0,54,9
53,0.250000,115.000000,60.000000,2,0,7237230,516,31.600000,516,31.600000,0,54,9
53,0.179487,115.000000,60.000000,2,0,7237237,555,38.600000,555,38.600000,0,54,9
53,0.181818,115.000000,60.000000,2,0,7237244,610,48.600000,610,48.600000,0,54,9
53,0.155172,115.000000,60.000000,2,0,7237251,668,57.600000,668,57.600000,0,54,9
53,0.142857,115.000000,60.000000,2,0,7237258,724,65.600000,724,65.600000,0,54,9
53,0.145455,115.000000,60.000000,2,0,7237265,779,73.600000,779,73.600000,0,54,9
53,0.112903,115.000000,60.000000,2,0,7237272,841,80.600000,841,80.600000,0,54,9
53,0.057971,115.000000,60.000000,2,0,7237278,910,84.600000,910,84.600000,0,54,9
53,0.077922,115.000000,60.000000,2,0,7237286,987,90.600000,987,90.600000,0,54,9
53,0.061728,115.000000,60.000000,2,0,7237292,1068,95.600000,1068,95.600000,0,54,9
53,0.014706,115.000000,60.000000,2,0,7237299,1136,96.600000,1136,96.600000,0,54,9
53,0.023810,115.000000,60.000000,2,0,7237306,1220,98.600000,1220,98.600000,0,54,9
53,-0.025000,115.000000,60.000000,2,0,7237313,1300,96.600000,1300,96.600000,0,54,9
53,-0.074627,115.000000,60.000000,2,0,7237320,1367,91.600000,1367,91.600000,0,54,9
53,-0.067797,115.000000,60.000000,2,0,7237327,1426,87.600000,1426,87.600000,0,54,9
53,-0.096154,115.000000,60.000000,2,0,7237334,1478,82.600000,1478,82.600000,0,54,9
53,-0.130435,115.000000,60.000000,2,0,7237341,1524,76.600000,1524,76.600000,0,54,9
53,-0.205882,115.000000,60.000000,2,0,7237348,1558,69.600000,1558,69.600000,0,54,9
53,-0.291667,115.000000,60.000000,2,0,7237355,1582,62.600000,1582,62.600000,0,54,9
53,-0.400000,115.000000,60.000000,2,0,7237362,1597,56.600000,1597,56.600000,0,54,9
53,-0.714286,115.000000,60.000000,2,0,7237369,1611,46.600000,1611,46.600000,0,54,9
53,-1.285714,115.000000,60.000000,2,0,7237376,1618,37.600000,1618,37.600000,0,54,9
53,-2.333333,115.000000,60.000000,2,0,7237384,1621,30.600000,1621,30.600000,0,54,9
53,-7.000000,115.000000,60.000000,2,0,7237389,1622,23.600000,1622,23.600000,0,54,9
53,1000,115.000000,60.000000,2,0,7237396,1622,19.600000,1622,19.600000,0,54,9
53,4.000000,115.000000,60.000000,2,0,7237403,1621,15.600000,1621,15.600000,0,54,9
53,4.000000,115.000000,60.000000,2,0,7237410,1620,11.600000,1620,11.600000,0,54,9
53,3.000000,115.000000,60.000000,2,0,7237417,1619,8.600000,1619,8.600000,0,54,9
53,1.500000,115.000000,60.000000,2,0,7237424,1617,5.600000,1617,5.600000,0,54,9
53,1.000000,115.000000,60.000000,2,0,7237431,1616,4.600000,1616,4.600000,0,54,9
53,1.000000,115.000000,60.000000,2,0,7237438,1615,3.600000,1615,3.600000,0,54,9
53,1000,115.000000,60.000000,2,0,7237445,1614,3.600000,1614,3.600000,0,54,9
53,1000,115.000000,60.000000,2,0,7237452,1613,3.600000,1613,3.600000,0,54,9
53,1000,115.000000,60.000000,2,0,7237459,1613,2.600000,1613,2.600000,0,54,9
53,1000,115.000000,60.000000,2,0,7237466,1612,2.600000,1612,2.600000,0,54,9
53,1000,115.000000,60.000000,2,0,7237482,1612,2.600000,1612,2.600000,0,54,9
53,0.500000,115.000000,60.000000,2,0,7237491,1610,1.600000,1610,1.600000,0,54,9
53,0.533333,115.000000,60.000000,2,0,7237499,1607,0,1607,-0.400000,0,54,9
53,1000,115.000000,60.000000,2,0,7237506,1604,0,1604,-1.400000,0,54,9
53,1000,115.000000,60.000000,2,0,7237512,1601,0,1601,-1.400000,0,54,9
53,1000,115.000000,60.000000,2,0,7237518,1597,0,1597,-2.400000,0,54,9
53,1000,115.000000,60.000000,2,0,7237524,1593,0,1593,-2.400000,0,54,9
53,1000,115.000000,60.000000,2,0,7237530,1588,0,1588,-2.400000,0,54,9
53,1000,115.000000,60.000000,2,0,7237536,1580,0,1580,-2.400000,0,54,9
53,1000,115.000000,60.000000,2,0,7237542,1573,0,1573,-2.400000,0,54,9
53,1000,115.000000,60.000000,2,0,7237549,1562,0,1562,-2.400000,0,54,9
53,-0.100000,115.000000,60.000000,2,0,7237556,1542,2,1542,-0.400000,0,54,9
53,-0.176471,115.000000,60.000000,2,0,7237563,1525,5,1525,2.600000,0,54,9
53,-0.142857,115.000000,60.000000,2,0,7237570,1504,8,1504,5.600000,0,54,9
53,-0.133333,115.000000,60.000000,2,0,7237577,1489,10,1489,7.600000,0,54,9
53,-0.071429,115.000000,60.000000,2,0,7237584,1475,11,1475,8.600000,0,54,9
53,-0.250000,115.000000,60.000000,2,0,7237591,1467,13,1467,10.600000,0,54,9
53,1000,115.000000,60.000000,2,0,7237607,1461,13,1461,10.600000,0,54,9
53,-0.111111,115.000000,60.000000,2,0,7237616,1452,14,1452,11.600000,0,54,9
53,1000,115.000000,60.000000,2,0,7237624,1450,14,1450,11.600000,0,54,9
53,1000,115.000000,60.000000,2,0,7237630,1450,14,1450,11.600000,0,54,9
53,1000,115.000000,60.000000,2,0,7237637,1450,14,1450,11.600000,0,54,9
53,1000,115.000000,60.000000,2,0,7237643,1450,14,1450,11.600000,0,54,9
53,1000,115.000000,60.000000,2,0,7237649,1450,14,1450,11.600000,0,54,9
53,1000,115.000000,60.000000,2,0,7237654,1450,14,1450,11.600000,0,54,9
53,1000,115.000000,60.000000,2,0,7237660,1450,14,1450,11.600000,0,54,9
53,1000,115.000000,60.000000,2,0,7237667,1450,14,1450,11.600000,0,54,9
53,1000,115.000000,60.000000,2,0,7237674,1450,14,1450,11.600000,0,54,9
53,1000,115.000000,60.000000,2,0,7237697,1450,14,1450,11.600000,0,54,9
