53,1000,115.000000,60.000000,1,0,5870381,488,14,488,14,0,6,3
53,1000,115.000000,60.000000,1,0,5870383,488,14,488,14,0,6,3
53,1000,115.000000,60.000000,1,0,5870389,488,14,488,14,0,6,3
53,1000,115.000000,60.000000,1,0,5870396,488,14,488,14,0,6,3
53,1000,115.000000,60.000000,1,0,5870402,488,14,488,14,0,6,3
53,1000,115.000000,60.000000,1,0,5870408,488,14,488,14,0,6,3
53,1000,115.000000,60.000000,1,0,5870414,488,14,488,14,0,6,3
53,1000,115.000000,60.000000,1,0,5870420,489,15,489,15,0,6,3
53,1000,115.000000,60.000000,1,0,5870426,490,15,490,15,0,6,3
53,1000,115.000000,60.000000,1,0,5870433,493,16,493,16,0,6,3
53,1000,115.000000,60.000000,1,0,5870440,496,17,496,17,0,6,3
53,1000,115.000000,60.000000,1,0,5870447,504,19,504,19,0,6,3
53,1000,115.000000,60.000000,1,0,5870454,513,22,513,22,0,6,3
53,1000,115.000000,60.000000,1,0,5870461,528,26,528,26,0,6,3
53,1000,115.000000,60.000000,1,0,5870468,547,29,547,29,0,6,3
53,1000,115.000000,60.000000,1,0,5870475,575,35,575,35,0,6,3
53,1000,115.000000,60.000000,1,0,5870482,608,39,608,39,0,6,3
53,1000,115.000000,60.000000,1,0,5870489,641,44,641,44,0,6,3
53,1000,115.000000,60.000000,1,0,5870496,682,47,682,47,0,6,3
53,1000,115.000000,60.000000,1,0,5870503,727,50,727,50,0,6,3
53,1000,115.000000,60.000000,1,0,5870510,766,52,766,52,0,6,3
53,1000,115.000000,60.000000,1,0,5870517,812,54,812,54,0,6,3
53,1000,115.000000,60.000000,1,0,5870524,863,55,863,55,0,6,3
53,1000,115.000000,60.000000,1,0,5870530,906,55,906,55,0,6,3
53,1000,115.000000,60.000000,1,0,5870538,956,55,956,55,0,6,3
53,1000,115.000000,60.000000,1,0,5870544,1026,55,1026,55,0,6,3
53,1000,115.000000,60.000000,1,0,5870552,1069,55,1069,55,0,6,3
53,1000,115.000000,60.000000,1,0,5870559,1120,53,1120,53,0,6,3
53,1000,115.000000,60.000000,1,0,5870566,1159,51,1159,51,0,6,3
53,1000,115.000000,60.000000,1,0,5870572,1200,48,1200,48,0,6,3
53,1000,115.000000,60.000000,1,0,5870579,1231,47,1231,47,0,6,3
53,1000,115.000000,60.000000,1,0,5870586,1259,44,1259,44,0,6,3
53,1000,115.000000,60.000000,1,0,5870593,1278,42,1278,42,0,6,3
53,1000,115.000000,60.000000,1,0,5870600,1299,40,1299,40,0,6,3
53,1000,115.000000,60.000000,1,0,5870607,1316,38,1316,38,0,6,3
53,1000,115.000000,60.000000,1,0,5870614,1329,35,1329,35,0,6,3
53,1000,115.000000,60.000000,1,0,5870621,1339,33,1339,33,0,6,3
53,1000,115.000000,60.000000,1,0,5870628,1348,31,1348,31,0,6,3
53,1000,115.000000,60.000000,1,0,5870635,1353,30,1353,30,0,6,3
53,1000,115.000000,60.000000,1,0,5870642,1356,29,1356,29,0,6,3
53,1000,115.000000,60.000000,1,0,5870649,1357,29,1357,29,0,6,3
53,1000,115.000000,60.000000,1,0,5870656,1359,27,1359,27,0,6,3
53,1000,115.000000,60.000000,1,0,5870663,1361,25,1361,25,0,6,3
53,1000,115.000000,60.000000,1,0,5870670,1361,25,1361,25,0,6,3
53,1000,115.000000,60.000000,1,0,5870676,1361,25,1361,25,0,6,3
53,1000,115.000000,60.000000,1,0,5870683,1361,24,1361,24,0,6,3
53,1000,115.000000,60.000000,1,0,5870691,1361,24,1361,24,0,6,3
53,1000,115.000000,60.000000,1,0,5870697,1361,23,1361,23,0,6,3
53,1000,115.000000,60.000000,1,0,5870704,1360,23,1360,23,0,6,3
53,1000,115.000000,60.000000,1,0,5870711,1360,22,1360,22,0,6,3
53,1000,115.000000,60.000000,1,0,5870719,1360,21,1360,21,0,6,3
53,1000,115.000000,60.000000,1,0,5870725,1360,20,1360,20,0,6,3
53,1000,115.000000,60.000000,1,0,5870741,1360,19,1360,19,0,6,3
53,1000,115.000000,60.000000,1,0,5870750,1363,18,1363,18,0,6,3
53,1000,115.000000,60.000000,1,0,5870758,1366,17,1366,17,0,6,3
53,1000,115.000000,60.000000,1,0,5870764,1367,17,1367,17,0,6,3
53,1000,115.000000,60.000000,1,0,5870771,1369,17,1369,17,0,6,3
53,1000,115.000000,60.000000,1,0,5870777,1370,17,1370,17,0,6,3
53,1000,115.000000,60.000000,1,0,5870783,1371,17,1371,17,0,6,3
53,1000,115.000000,60.000000,1,0,5870789,1373,17,1373,17,0,6,3
53,1000,115.000000,60.000000,1,0,5870795,1374,17,1374,17,0,6,3
53,1000,115.000000,60.000000,1,0,5870801,1377,17,1377,17,0,6,3
53,1000,115.000000,60.000000,1,0,5870808,1380,17,1380,17,0,6,3
53,1000,115.000000,60.000000,1,0,5870815,1383,17,1383,17,0,6,3
53,1000,115.000000,60.000000,1,0,5870822,1386,17,1386,17,0,6,3
53,1000,115.000000,60.000000,1,0,5870829,1390,17,1390,17,0,6,3
53,1000,115.000000,60.000000,1,0,5870836,1393,17,1393,17,0,6,3
53,1000,115.000000,60.000000,1,0,5870843,1397,17,1397,17,0,6,3
53,1000,115.000000,60.000000,1,0,5870850,1400,17,1400,17,0,6,3
53,1000,115.000000,60.000000,1,0,5870857,1403,18,1403,18,0,6,3
53,1000,115.000000,60.000000,1,0,5870864,1405,18,1405,18,0,6,3
53,1000,115.000000,60.000000,1,0,5870872,1406,18,1406,18,0,6,3
53,1000,115.000000,60.000000,1,0,5870878,1408,18,1408,18,0,6,3
53,1000,115.000000,60.000000,1,0,5870885,1408,18,1408,18,0,6,3
53,1000,115.000000,60.000000,1,0,5870919,1409,18,1409,18,0,6,3
