53,500,30.000000,90.000000,1,0,5871710,710,20,710,20,0,6,4
53,500,30.000000,90.000000,1,0,5871711,710,20,710,20,0,6,4
53,500,30.000000,90.000000,1,0,5871718,710,20,710,20,0,6,4
53,500,30.000000,90.000000,1,0,5871725,710,20,710,20,0,6,4
53,500,30.000000,90.000000,1,0,5871732,710,20,710,20,0,6,4
53,500,30.000000,90.000000,1,0,5871739,710,20,710,20,0,6,4
53,500,30.000000,90.000000,1,0,5871746,710,20,710,20,0,6,4
53,500,30.000000,90.000000,1,0,5871753,710,20,710,20,0,6,4
53,500,30.000000,90.000000,1,0,5871760,711,20,711,20,0,6,4
53,500,30.000000,90.000000,1,0,5871767,711,20,711,20,0,6,4
53,500,30.000000,90.000000,1,0,5871773,711,20,711,20,0,6,4
53,500,30.000000,90.000000,1,0,5871781,712,21,712,21,0,6,4
53,500,30.000000,90.000000,1,0,5871788,715,22,715,22,0,6,4
53,500,30.000000,90.000000,1,0,5871795,718,23,718,23,0,6,4
53,500,30.000000,90.000000,1,0,5871801,723,25,723,25,0,6,4
53,500,30.000000,90.000000,1,0,5871809,730,27,730,27,0,6,4
53,500,30.000000,90.000000,1,0,5871815,739,30,739,30,0,6,4
53,500,30.000000,90.000000,1,0,5871823,748,32,748,32,0,6,4
53,500,30.000000,90.000000,1,0,5871829,772,35,772,35,0,6,4
53,500,30.000000,90.000000,1,0,5871836,794,37,794,37,0,6,4
53,500,30.000000,90.000000,1,0,5871844,815,39,815,39,0,6,4
53,500,30.000000,90.000000,1,0,5871851,843,41,843,41,0,6,4
53,500,30.000000,90.000000,1,0,5871858,872,44,872,44,0,6,4
53,500,30.000000,90.000000,1,0,5871864,902,46,902,46,0,6,4
53,500,30.000000,90.000000,1,0,5871871,918,47,918,47,0,6,4
53,500,30.000000,90.000000,1,0,5871878,940,49,940,49,0,6,4
53,500,30.000000,90.000000,1,0,5871885,968,50,968,50,0,6,4
53,500,30.000000,90.000000,1,0,5871892,989,51,989,51,0,6,4
53,500,30.000000,90.000000,1,0,5871899,1015,52,1015,52,0,6,4
53,500,30.000000,90.000000,1,0,5871905,1034,52,1034,52,0,6,4
53,500,30.000000,90.000000,1,0,5871913,1058,52,1058,52,0,6,4
53,500,30.000000,90.000000,1,0,5871919,1083,52,1083,52,0,6,4
53,500,30.000000,90.000000,1,0,5871926,1101,52,1101,52,0,6,4
53,500,30.000000,90.000000,1,0,5871933,1147,51,1147,51,0,6,4
53,500,30.000000,90.000000,1,0,5871940,1165,49,1165,49,0,6,4
53,500,30.000000,90.000000,1,0,5871956,1181,47,1181,47,0,6,4
53,500,30.000000,90.000000,1,0,5871965,1202,44,1202,44,0,6,4
53,500,30.000000,90.000000,1,0,5871971,1213,42,1213,42,0,6,4
53,500,30.000000,90.000000,1,0,5871979,1218,41,1218,41,0,6,4
53,500,30.000000,90.000000,1,0,5871985,1221,39,1221,39,0,6,4
53,500,30.000000,90.000000,1,0,5871991,1222,38,1222,38,0,6,4
53,500,30.000000,90.000000,1,0,5871997,1223,37,1223,37,0,6,4
53,500,30.000000,90.000000,1,0,5872004,1224,36,1224,36,0,6,4
53,500,30.000000,90.000000,1,0,5872010,1225,34,1225,34,0,6,4
53,500,30.000000,90.000000,1,0,5872026,1225,33,1225,33,0,6,4
53,500,30.000000,90.000000,1,0,5872035,1225,31,1225,31,0,6,4
53,500,30.000000,90.000000,1,0,5872043,1225,30,1225,30,0,6,4
53,500,30.000000,90.000000,1,0,5872050,1224,29,1224,29,0,6,4
53,500,30.000000,90.000000,1,0,5872055,1224,28,1224,28,0,6,4
53,500,30.000000,90.000000,1,0,5872062,1224,28,1224,28,0,6,4
53,500,30.000000,90.000000,1,0,5872067,1224,28,1224,28,0,6,4
53,500,30.000000,90.000000,1,0,5872073,1224,28,1224,28,0,6,4
53,500,30.000000,90.000000,1,0,5872079,1224,27,1224,27,0,6,4
53,500,30.000000,90.000000,1,0,5872086,1224,26,1224,26,0,6,4
53,500,30.000000,90.000000,1,0,5872093,1224,25,1224,25,0,6,4
53,500,30.000000,90.000000,1,0,5872100,1224,23,1224,23,0,6,4
53,500,30.000000,90.000000,1,0,5872107,1226,22,1226,22,0,6,4
53,500,30.000000,90.000000,1,0,5872115,1229,21,1229,21,0,6,4
53,500,30.000000,90.000000,1,0,5872121,1231,20,1231,20,0,6,4
53,500,30.000000,90.000000,1,0,5872128,1233,19,1233,19,0,6,4
53,500,30.000000,90.000000,1,0,5872135,1234,19,1234,19,0,6,4
53,500,30.000000,90.000000,1,0,5872151,1235,18,1235,18,0,6,4
53,500,30.000000,90.000000,1,0,5872160,1235,18,1235,18,0,6,4
53,500,30.000000,90.000000,1,0,5872168,1235,17,1235,17,0,6,4
53,500,30.000000,90.000000,1,0,5872174,1234,17,1234,17,0,6,4
53,500,30.000000,90.000000,1,0,5872180,1233,17,1233,17,0,6,4
53,500,30.000000,90.000000,1,0,5872186,1232,17,1232,17,0,6,4
53,500,30.000000,90.000000,1,0,5872192,1231,17,1231,17,0,6,4
53,500,30.000000,90.000000,1,0,5872199,1230,17,1230,17,0,6,4
53,500,30.000000,90.000000,1,0,5872205,1229,17,1229,17,0,6,4
53,500,30.000000,90.000000,1,0,5872211,1228,18,1228,18,0,6,4
53,500,30.000000,90.000000,1,0,5872218,1228,18,1228,18,0,6,4
53,500,30.000000,90.000000,1,0,5872225,1227,19,1227,19,0,6,4
53,500,30.000000,90.000000,1,0,5872232,1226,20,1226,20,0,6,4
53,500,30.000000,90.000000,1,0,5872239,1225,20,1225,20,0,6,4
53,500,30.000000,90.000000,1,0,5872246,1225,21,1225,21,0,6,4
53,500,30.000000,90.000000,1,0,5872253,1223,21,1223,21,0,6,4
53,500,30.000000,90.000000,1,0,5872260,1221,22,1221,22,0,6,4
53,500,30.000000,90.000000,1,0,5872267,1219,22,1219,22,0,6,4
53,500,30.000000,90.000000,1,0,5872273,1214,23,1214,23,0,6,4
53,500,30.000000,90.000000,1,0,5872281,1213,23,1213,23,0,6,4
53,500,30.000000,90.000000,1,0,5872288,1213,23,1213,23,0,6,4
53,500,30.000000,90.000000,1,0,5872295,1212,23,1212,23,0,6,4
53,500,30.000000,90.000000,1,0,5872301,1211,23,1211,23,0,6,4
53,500,30.000000,90.000000,1,0,5872308,1210,23,1210,23,0,6,4
53,500,30.000000,90.000000,1,0,5872315,1210,23,1210,23,0,6,4
53,500,30.000000,90.000000,1,0,5872322,1210,23,1210,23,0,6,4
53,500,30.000000,90.000000,1,0,5872346,1210,23,1210,23,0,6,4
