53,1000,30.000000,30.000000,1,0,5901428,465,19,465,19,0,7,4
53,1000,30.000000,30.000000,1,0,5901430,465,19,465,19,0,7,4
53,1000,30.000000,30.000000,1,0,5901438,465,19,465,19,0,7,4
53,1000,30.000000,30.000000,1,0,5901444,465,19,465,19,0,7,4
53,1000,30.000000,30.000000,1,0,5901450,465,19,465,19,0,7,4
53,1000,30.000000,30.000000,1,0,5901456,465,19,465,19,0,7,4
53,1000,30.000000,30.000000,1,0,5901462,465,19,465,19,0,7,4
53,1000,30.000000,30.000000,1,0,5901468,465,19,465,19,0,7,4
53,1000,30.000000,30.000000,1,0,5901474,465,19,465,19,0,7,4
53,1000,30.000000,30.000000,1,0,5901482,466,19,466,19,0,7,4
53,1000,30.000000,30.000000,1,0,5901488,468,21,468,21,0,7,4
53,1000,30.000000,30.000000,1,0,5901495,471,24,471,24,0,7,4
53,1000,30.000000,30.000000,1,0,5901502,475,28,475,28,0,7,4
53,1000,30.000000,30.000000,1,0,5901509,485,35,485,35,0,7,4
53,1000,30.000000,30.000000,1,0,5901516,494,40,494,40,0,7,4
53,1000,30.000000,30.000000,1,0,5901523,514,49,514,49,0,7,4
53,1000,30.000000,30.000000,1,0,5901531,542,60,542,60,0,7,4
53,1000,30.000000,30.000000,1,0,5901540,572,69,572,69,0,7,4
53,1000,30.000000,30.000000,1,0,5901548,622,83,622,83,0,7,4
53,1000,30.000000,30.000000,1,0,5901554,663,92,663,92,0,7,4
53,1000,30.000000,30.000000,1,0,5901562,708,101,708,101,0,7,4
53,1000,30.000000,30.000000,1,0,5901570,766,109,766,109,0,7,4
53,1000,30.000000,30.000000,1,0,5901578,826,115,826,115,0,7,4
53,1000,30.000000,30.000000,1,0,5901585,892,119,892,119,0,7,4
53,1000,30.000000,30.000000,1,0,5901593,960,120,960,120,0,7,4
53,1000,30.000000,30.000000,1,0,5901600,1038,120,1038,120,0,7,4
53,1000,30.000000,30.000000,1,0,5901606,1107,118,1107,118,0,7,4
53,1000,30.000000,30.000000,1,0,5901613,1152,114,1152,114,0,7,4
53,1000,30.000000,30.000000,1,0,5901621,1216,107,1216,107,0,7,4
53,1000,30.000000,30.000000,1,0,5901627,1282,96,1282,96,0,7,4
53,1000,30.000000,30.000000,1,0,5901634,1336,86,1336,86,0,7,4
53,1000,30.000000,30.000000,1,0,5901641,1387,74,1387,74,0,7,4
53,1000,30.000000,30.000000,1,0,5901648,1429,63,1429,63,0,7,4
53,1000,30.000000,30.000000,1,0,5901655,1466,50,1466,50,0,7,4
53,1000,30.000000,30.000000,1,0,5901662,1491,39,1491,39,0,7,4
53,1000,30.000000,30.000000,1,0,5901669,1504,32,1504,32,0,7,4
53,1000,30.000000,30.000000,1,0,5901676,1511,27,1511,27,0,7,4
53,1000,30.000000,30.000000,1,0,5901683,1513,23,1513,23,0,7,4
53,1000,30.000000,30.000000,1,0,5901690,1513,20,1513,20,0,7,4
53,1000,30.000000,30.000000,1,0,5901696,1512,18,1512,18,0,7,4
53,1000,30.000000,30.000000,1,0,5901703,1508,17,1508,17,0,7,4
53,1000,30.000000,30.000000,1,0,5901710,1504,16,1504,16,0,7,4
53,1000,30.000000,30.000000,1,0,5901717,1500,16,1500,16,0,7,4
53,1000,30.000000,30.000000,1,0,5901724,1497,16,1497,16,0,7,4
53,1000,30.000000,30.000000,1,0,5901731,1494,16,1494,16,0,7,4
53,1000,30.000000,30.000000,1,0,5901738,1492,16,1492,16,0,7,4
53,1000,30.000000,30.000000,1,0,5901745,1489,16,1489,16,0,7,4
53,1000,30.000000,30.000000,1,0,5901752,1486,16,1486,16,0,7,4
53,1000,30.000000,30.000000,1,0,5901759,1484,16,1484,16,0,7,4
53,1000,30.000000,30.000000,1,0,5901766,1483,16,1483,16,0,7,4
53,1000,30.000000,30.000000,1,0,5901773,1481,16,1481,16,0,7,4
53,1000,30.000000,30.000000,1,0,5901780,1479,15,1479,15,0,7,4
53,1000,30.000000,30.000000,1,0,5901788,1477,14,1477,14,0,7,4
53,1000,30.000000,30.000000,1,0,5901794,1475,14,1475,14,0,7,4
53,1000,30.000000,30.000000,1,0,5901801,1473,14,1473,14,0,7,4
53,1000,30.000000,30.000000,1,0,5901808,1472,13,1472,13,0,7,4
53,1000,30.000000,30.000000,1,0,5901815,1471,13,1471,13,0,7,4
53,1000,30.000000,30.000000,1,0,5901822,1470,13,1470,13,0,7,4
53,1000,30.000000,30.000000,1,0,5901828,1469,13,1469,13,0,7,4
53,1000,30.000000,30.000000,1,0,5901835,1469,11,1469,11,0,7,4
53,1000,30.000000,30.000000,1,0,5901843,1469,9,1469,9,0,7,4
53,1000,30.000000,30.000000,1,0,5901850,1469,8,1469,8,0,7,4
53,1000,30.000000,30.000000,1,0,5901856,1469,7,1469,7,0,7,4
53,1000,30.000000,30.000000,1,0,5901863,1468,6,1468,6,0,7,4
53,1000,30.000000,30.000000,1,0,5901870,1467,6,1467,6,0,7,4
53,1000,30.000000,30.000000,1,0,5901886,1466,6,1466,6,0,7,4
53,1000,30.000000,30.000000,1,0,5901895,1464,5,1464,5,0,7,4
53,1000,30.000000,30.000000,1,0,5901903,1464,5,1464,5,0,7,4
53,1000,30.000000,30.000000,1,0,5901910,1464,5,1464,5,0,7,4
53,1000,30.000000,30.000000,1,0,5901915,1464,6,1464,6,0,7,4
53,1000,30.000000,30.000000,1,0,5901921,1464,7,1464,7,0,7,4
53,1000,30.000000,30.000000,1,0,5901927,1464,8,1464,8,0,7,4
53,1000,30.000000,30.000000,1,0,5901933,1464,9,1464,9,0,7,4
53,1000,30.000000,30.000000,1,0,5901940,1465,10,1465,10,0,7,4
53,1000,30.000000,30.000000,1,0,5901956,1466,10,1466,10,0,7,4
53,1000,30.000000,30.000000,1,0,5901965,1466,11,1466,11,0,7,4
53,1000,30.000000,30.000000,1,0,5901973,1466,11,1466,11,0,7,4
53,1000,30.000000,30.000000,1,0,5901979,1466,11,1466,11,0,7,4
53,1000,30.000000,30.000000,1,0,5901985,1466,11,1466,11,0,7,4
53,1000,30.000000,30.000000,1,0,5902008,1466,11,1466,11,0,7,4
