102,720,21.600000,10000.000000,0,1,872435703,597,6,597,6,0,30,2
102,720,21.600000,10000.000000,0,1,872435705,597,6,597,6,0,30,2
102,720,21.600000,10000.000000,0,1,872435711,597,6,597,6,0,30,2
102,720,21.600000,10000.000000,0,1,872435716,597,6,597,6,0,30,2
102,720,21.600000,10000.000000,0,1,872435722,597,6,597,6,0,30,2
102,720,21.600000,10000.000000,0,1,872435728,597,6,597,6,0,30,2
102,720,21.600000,10000.000000,0,1,872435733,597,6,597,6,0,30,2
102,720,21.600000,10000.000000,0,1,872435739,597,6,597,6,0,30,2
102,720,21.600000,10000.000000,0,1,872435744,597,6,597,6,0,30,2
102,720,21.600000,10000.000000,0,1,872435750,597,6,597,6,0,30,2
102,720,21.600000,10000.000000,0,1,872435755,597,6,597,6,0,30,2
102,720,21.600000,10000.000000,0,1,872435761,597,6,597,6,0,30,2
102,720,21.600000,10000.000000,0,1,872435767,597,6,597,6,0,30,2
102,720,21.600000,10000.000000,0,1,872435772,597,6,597,6,0,30,2
102,720,21.600000,10000.000000,0,1,872435778,597,6,597,6,0,30,2
102,720,21.600000,10000.000000,0,1,872435784,598,7,598,7,0,30,2
102,720,21.600000,10000.000000,0,1,872435791,600,9,600,9,0,30,2
102,720,21.600000,10000.000000,0,1,872435797,607,13,607,13,0,30,2
102,720,21.600000,10000.000000,0,1,872435802,616,17,616,17,0,30,2
102,720,21.600000,10000.000000,0,1,872435808,626,21,626,21,0,30,2
102,720,21.600000,10000.000000,0,1,872435813,638,24,638,24,0,30,2
102,720,21.600000,10000.000000,0,1,872435819,659,30,659,30,0,30,2
102,720,21.600000,10000.000000,0,1,872435825,676,34,676,34,0,30,2
102,720,21.600000,10000.000000,0,1,872435830,702,38,702,38,0,30,2
102,720,21.600000,10000.000000,0,1,872435836,729,42,729,42,0,30,2
102,720,21.600000,10000.000000,0,1,872435842,763,46,763,46,0,30,2
102,720,21.600000,10000.000000,0,1,872435849,797,49,797,49,0,30,2
102,720,21.600000,10000.000000,0,1,872435855,846,52,846,52,0,30,2
102,720,21.600000,10000.000000,0,1,872435861,901,54,901,54,0,30,2
102,720,21.600000,10000.000000,0,1,872435867,944,54,944,54,0,30,2
102,720,21.600000,10000.000000,0,1,872435872,982,55,982,55,0,30,2
102,720,21.600000,10000.000000,0,1,872435878,1024,55,1024,55,0,30,2
102,720,21.600000,10000.000000,0,1,872435884,1062,54,1062,54,0,30,2
102,720,21.600000,10000.000000,0,1,872435889,1100,52,1100,52,0,30,2
102,720,21.600000,10000.000000,0,1,872435895,1129,49,1129,49,0,30,2
102,720,21.600000,10000.000000,0,1,872435901,1163,45,1163,45,0,30,2
102,720,21.600000,10000.000000,0,1,872435906,1197,41,1197,41,0,30,2
102,720,21.600000,10000.000000,0,1,872435912,1222,36,1222,36,0,30,2
102,720,21.600000,10000.000000,0,1,872435917,1246,30,1246,30,0,30,2
102,720,21.600000,10000.000000,0,1,872435923,1266,24,1266,24,0,30,2
102,720,21.600000,10000.000000,0,1,872435928,1279,18,1279,18,0,30,2
102,720,21.600000,10000.000000,0,1,872435934,1283,15,1283,15,0,30,2
102,720,21.600000,10000.000000,0,1,872435940,1284,12,1284,12,0,30,2
102,720,21.600000,10000.000000,0,1,872435946,1284,10,1284,10,0,30,2
102,720,21.600000,10000.000000,0,1,872435952,1282,8,1282,8,0,30,2
102,720,21.600000,10000.000000,0,1,872435957,1280,7,1280,7,0,30,2
102,720,21.600000,10000.000000,0,1,872435963,1278,7,1278,7,0,30,2
102,720,21.600000,10000.000000,0,1,872435969,1275,6,1275,6,0,30,2
102,720,21.600000,10000.000000,0,1,872435978,1273,6,1273,6,0,30,2
102,720,21.600000,10000.000000,0,1,872435983,1272,6,1272,6,0,30,2
102,720,21.600000,10000.000000,0,1,872435989,1271,6,1271,6,0,30,2
102,720,21.600000,10000.000000,0,1,872435995,1270,6,1270,6,0,30,2
102,720,21.600000,10000.000000,0,1,872436001,1270,6,1270,6,0,30,2
102,720,21.600000,10000.000000,0,1,872436007,1270,6,1270,6,0,30,2
102,720,21.600000,10000.000000,0,1,872436012,1270,6,1270,6,0,30,2
102,720,21.600000,10000.000000,0,1,872436018,1270,6,1270,6,0,30,2
102,720,21.600000,10000.000000,0,1,872436023,1270,6,1270,6,0,30,2
102,720,21.600000,10000.000000,0,1,872436030,1270,6,1270,6,0,30,2
102,720,21.600000,10000.000000,0,1,872436036,1272,6,1272,6,0,30,2
102,720,21.600000,10000.000000,0,1,872436041,1273,6,1273,6,0,30,2
102,720,21.600000,10000.000000,0,1,872436047,1274,6,1274,6,0,30,2
102,720,21.600000,10000.000000,0,1,872436053,1275,6,1275,6,0,30,2
102,720,21.600000,10000.000000,0,1,872436058,1275,7,1275,7,0,30,2
102,720,21.600000,10000.000000,0,1,872436064,1275,8,1275,8,0,30,2
102,720,21.600000,10000.000000,0,1,872436070,1275,8,1275,8,0,30,2
102,720,21.600000,10000.000000,0,1,872436076,1275,8,1275,8,0,30,2
102,720,21.600000,10000.000000,0,1,872436085,1276,8,1276,8,0,30,2
102,720,21.600000,10000.000000,0,1,872436090,1277,8,1277,8,0,30,2
102,720,21.600000,10000.000000,0,1,872436096,1278,8,1278,8,0,30,2
102,720,21.600000,10000.000000,0,1,872436102,1278,8,1278,8,0,30,2
102,720,21.600000,10000.000000,0,1,872436108,1279,8,1279,8,0,30,2
102,720,21.600000,10000.000000,0,1,872436113,1280,8,1280,8,0,30,2
102,720,21.600000,10000.000000,0,1,872436119,1281,9,1281,9,0,30,2
102,720,21.600000,10000.000000,0,1,872436125,1283,9,1283,9,0,30,2
102,720,21.600000,10000.000000,0,1,872436130,1285,9,1285,9,0,30,2
102,720,21.600000,10000.000000,0,1,872436136,1287,9,1287,9,0,30,2
102,720,21.600000,10000.000000,0,1,872436141,1289,9,1289,9,0,30,2
102,720,21.600000,10000.000000,0,1,872436147,1290,9,1290,9,0,30,2
102,720,21.600000,10000.000000,0,1,872436153,1292,10,1292,10,0,30,2
102,720,21.600000,10000.000000,0,1,872436159,1295,11,1295,11,0,30,2
102,720,21.600000,10000.000000,0,1,872436164,1298,12,1298,12,0,30,2
102,720,21.600000,10000.000000,0,1,872436170,1303,13,1303,13,0,30,2
102,720,21.600000,10000.000000,0,1,872436175,1307,15,1307,15,0,30,2
102,720,21.600000,10000.000000,0,1,872436181,1310,17,1310,17,0,30,2
102,720,21.600000,10000.000000,0,1,872436188,1314,19,1314,19,0,30,2
102,720,21.600000,10000.000000,0,1,872436194,1318,21,1318,21,0,30,2
102,720,21.600000,10000.000000,0,1,872436200,1321,22,1321,22,0,30,2
102,720,21.600000,10000.000000,0,1,872436206,1323,23,1323,23,0,30,2
102,720,21.600000,10000.000000,0,1,872436211,1324,24,1324,24,0,30,2
102,720,21.600000,10000.000000,0,1,872436217,1324,24,1324,24,0,30,2
102,720,21.600000,10000.000000,0,1,872436222,1324,24,1324,24,0,30,2
102,720,21.600000,10000.000000,0,1,872436228,1324,24,1324,24,0,30,2
102,720,21.600000,10000.000000,0,1,872436233,1324,24,1324,24,0,30,2
102,720,21.600000,10000.000000,0,1,872436238,1324,24,1324,24,0,30,2
102,720,21.600000,10000.000000,0,1,872436244,1324,24,1324,24,0,30,2
102,720,21.600000,10000.000000,0,1,872436250,1324,24,1324,24,0,30,2
102,720,21.600000,10000.000000,0,1,872436255,1324,24,1324,24,0,30,2
102,720,21.600000,10000.000000,0,1,872436261,1324,24,1324,24,0,30,2
102,720,21.600000,10000.000000,0,1,872436267,1324,24,1324,24,0,30,2
102,720,21.600000,10000.000000,0,1,872436272,1324,24,1324,24,0,30,2
102,720,21.600000,10000.000000,0,1,872436278,1324,24,1324,24,0,30,2
102,720,21.600000,10000.000000,0,1,872436283,1324,24,1324,24,0,30,2
102,720,21.600000,10000.000000,0,1,872436289,1324,24,1324,24,0,30,2
102,720,21.600000,10000.000000,0,1,872436295,1324,24,1324,24,0,30,2
102,720,21.600000,10000.000000,0,1,872436301,1324,24,1324,24,0,30,2
102,720,21.600000,10000.000000,0,1,872436307,1324,24,1324,24,0,30,2
102,720,21.600000,10000.000000,0,1,872436312,1324,24,1324,24,0,30,2
102,720,21.600000,10000.000000,0,1,872436318,1324,24,1324,24,0,30,2
102,720,21.600000,10000.000000,0,1,872436323,1324,24,1324,24,0,30,2
102,720,21.600000,10000.000000,0,1,872436329,1324,24,1324,24,0,30,2
102,720,21.600000,10000.000000,0,1,872436335,1324,24,1324,24,0,30,2
102,720,21.600000,10000.000000,0,1,872436341,1324,24,1324,24,0,30,2
102,720,21.600000,10000.000000,0,1,872436346,1324,24,1324,24,0,30,2
102,720,21.600000,10000.000000,0,1,872436352,1325,24,1325,24,0,30,2
102,720,21.600000,10000.000000,0,1,872436357,1326,24,1326,24,0,30,2
102,720,21.600000,10000.000000,0,1,872436363,1327,24,1327,24,0,30,2
102,720,21.600000,10000.000000,0,1,872436368,1327,24,1327,24,0,30,2
102,720,21.600000,10000.000000,0,1,872436374,1327,24,1327,24,0,30,2
102,720,21.600000,10000.000000,0,1,872436380,1327,23,1327,23,0,30,2
102,720,21.600000,10000.000000,0,1,872436386,1327,23,1327,23,0,30,2
102,720,21.600000,10000.000000,0,1,872436391,1327,23,1327,23,0,30,2
102,720,21.600000,10000.000000,0,1,872436397,1327,23,1327,23,0,30,2
102,720,21.600000,10000.000000,0,1,872436402,1327,23,1327,23,0,30,2
102,720,21.600000,10000.000000,0,1,872436409,1327,22,1327,22,0,30,2
102,720,21.600000,10000.000000,0,1,872436415,1327,22,1327,22,0,30,2
102,720,21.600000,10000.000000,0,1,872436421,1327,22,1327,22,0,30,2
102,720,21.600000,10000.000000,0,1,872436427,1327,22,1327,22,0,30,2
102,720,21.600000,10000.000000,0,1,872436433,1327,22,1327,22,0,30,2
102,720,21.600000,10000.000000,0,1,872436439,1327,22,1327,22,0,30,2
102,720,21.600000,10000.000000,0,1,872436444,1327,22,1327,22,0,30,2
102,720,21.600000,10000.000000,0,1,872436450,1327,22,1327,22,0,30,2
102,720,21.600000,10000.000000,0,1,872436461,1326,22,1326,22,0,30,2
