102,720,21.600000,10000.000000,1,0,872502095,596,0,596,0,0,40,0
102,720,21.600000,10000.000000,1,0,872502097,596,0,596,0,0,40,0
102,720,21.600000,10000.000000,1,0,872502102,596,0,596,0,0,40,0
102,720,21.600000,10000.000000,1,0,872502107,596,0,596,0,0,40,0
102,720,21.600000,10000.000000,1,0,872502113,596,0,596,0,0,40,0
102,720,21.600000,10000.000000,1,0,872502118,596,0,596,0,0,40,0
102,720,21.600000,10000.000000,1,0,872502124,596,0,596,0,0,40,0
102,720,21.600000,10000.000000,1,0,872502129,596,0,596,0,0,40,0
102,720,21.600000,10000.000000,1,0,872502135,596,0,596,0,0,40,0
102,720,21.600000,10000.000000,1,0,872502141,596,0,596,0,0,40,0
102,720,21.600000,10000.000000,1,0,872502146,596,0,596,0,0,40,0
102,720,21.600000,10000.000000,1,0,872502151,596,0,596,0,0,40,0
102,720,21.600000,10000.000000,1,0,872502157,596,0,596,0,0,40,0
102,720,21.600000,10000.000000,1,0,872502162,596,0,596,0,0,40,0
102,720,21.600000,10000.000000,1,0,872502168,596,0,596,0,0,40,0
102,720,21.600000,10000.000000,1,0,872502174,597,0,597,0,0,40,0
102,720,21.600000,10000.000000,1,0,872502180,602,0,602,0,0,40,0
102,720,21.600000,10000.000000,1,0,872502185,609,0,609,-2,0,40,0
102,720,21.600000,10000.000000,1,0,872502191,616,0,616,-3,0,40,0
102,720,21.600000,10000.000000,1,0,872502197,626,0,626,-4,0,40,0
102,720,21.600000,10000.000000,1,0,872502203,639,0,639,-5,0,40,0
102,720,21.600000,10000.000000,1,0,872502208,661,0,661,-6,0,40,0
102,720,21.600000,10000.000000,1,0,872502214,678,0,678,-8,0,40,0
102,720,21.600000,10000.000000,1,0,872502219,707,0,707,-11,0,40,0
102,720,21.600000,10000.000000,1,0,872502225,735,0,735,-14,0,40,0
102,720,21.600000,10000.000000,1,0,872502231,765,0,765,-17,0,40,0
102,720,21.600000,10000.000000,1,0,872502237,799,0,799,-20,0,40,0
102,720,21.600000,10000.000000,1,0,872502242,837,0,837,-23,0,40,0
102,720,21.600000,10000.000000,1,0,872502250,878,0,878,-27,0,40,0
102,720,21.600000,10000.000000,1,0,872502256,935,0,935,-32,0,40,0
102,720,21.600000,10000.000000,1,0,872502261,973,0,973,-35,0,40,0
102,720,21.600000,10000.000000,1,0,872502267,1011,0,1011,-38,0,40,0
102,720,21.600000,10000.000000,1,0,872502273,1051,0,1051,-41,0,40,0
102,720,21.600000,10000.000000,1,0,872502278,1091,0,1091,-45,0,40,0
102,720,21.600000,10000.000000,1,0,872502283,1125,0,1125,-48,0,40,0
102,720,21.600000,10000.000000,1,0,872502289,1148,0,1148,-49,0,40,0
102,720,21.600000,10000.000000,1,0,872502295,1182,0,1182,-52,0,40,0
102,720,21.600000,10000.000000,1,0,872502300,1205,0,1205,-53,0,40,0
102,720,21.600000,10000.000000,1,0,872502306,1227,0,1227,-55,0,40,0
102,720,21.600000,10000.000000,1,0,872502311,1243,0,1243,-56,0,40,0
102,720,21.600000,10000.000000,1,0,872502317,1252,0,1252,-56,0,40,0
102,720,21.600000,10000.000000,1,0,872502323,1261,0,1261,-57,0,40,0
102,720,21.600000,10000.000000,1,0,872502329,1268,0,1268,-57,0,40,0
102,720,21.600000,10000.000000,1,0,872502334,1272,0,1272,-57,0,40,0
102,720,21.600000,10000.000000,1,0,872502340,1273,0,1273,-58,0,40,0
102,720,21.600000,10000.000000,1,0,872502345,1274,0,1274,-59,0,40,0
102,720,21.600000,10000.000000,1,0,872502350,1275,0,1275,-60,0,40,0
102,720,21.600000,10000.000000,1,0,872502356,1276,0,1276,-61,0,40,0
102,720,21.600000,10000.000000,1,0,872502362,1276,0,1276,-61,0,40,0
102,720,21.600000,10000.000000,1,0,872502368,1275,0,1275,-61,0,40,0
102,720,21.600000,10000.000000,1,0,872502373,1273,0,1273,-62,0,40,0
102,720,21.600000,10000.000000,1,0,872502379,1271,0,1271,-62,0,40,0
102,720,21.600000,10000.000000,1,0,872502385,1270,0,1270,-62,0,40,0
102,720,21.600000,10000.000000,1,0,872502390,1269,0,1269,-63,0,40,0
102,720,21.600000,10000.000000,1,0,872502396,1268,0,1268,-63,0,40,0
102,720,21.600000,10000.000000,1,0,872502401,1267,0,1267,-63,0,40,0
102,720,21.600000,10000.000000,1,0,872502407,1266,0,1266,-63,0,40,0
102,720,21.600000,10000.000000,1,0,872502411,1266,0,1266,-63,0,40,0
102,720,21.600000,10000.000000,1,0,872502417,1266,0,1266,-63,0,40,0
102,720,21.600000,10000.000000,1,0,872502423,1266,0,1266,-63,0,40,0
102,720,21.600000,10000.000000,1,0,872502429,1266,0,1266,-63,0,40,0
102,720,21.600000,10000.000000,1,0,872502434,1266,0,1266,-63,0,40,0
102,720,21.600000,10000.000000,1,0,872502440,1266,0,1266,-63,0,40,0
102,720,21.600000,10000.000000,1,0,872502445,1266,0,1266,-63,0,40,0
102,720,21.600000,10000.000000,1,0,872502451,1266,0,1266,-63,0,40,0
102,720,21.600000,10000.000000,1,0,872502456,1266,0,1266,-63,0,40,0
102,720,21.600000,10000.000000,1,0,872502462,1266,0,1266,-63,0,40,0
102,720,21.600000,10000.000000,1,0,872502468,1266,0,1266,-63,0,40,0
102,720,21.600000,10000.000000,1,0,872502473,1266,0,1266,-63,0,40,0
102,720,21.600000,10000.000000,1,0,872502479,1266,0,1266,-63,0,40,0
102,720,21.600000,10000.000000,1,0,872502485,1266,0,1266,-63,0,40,0
102,720,21.600000,10000.000000,1,0,872502490,1268,0,1268,-64,0,40,0
102,720,21.600000,10000.000000,1,0,872502496,1269,0,1269,-65,0,40,0
102,720,21.600000,10000.000000,1,0,872502502,1271,0,1271,-67,0,40,0
102,720,21.600000,10000.000000,1,0,872502507,1273,0,1273,-68,0,40,0
102,720,21.600000,10000.000000,1,0,872502513,1274,0,1274,-68,0,40,0
102,720,21.600000,10000.000000,1,0,872502519,1275,0,1275,-69,0,40,0
102,720,21.600000,10000.000000,1,0,872502524,1277,0,1277,-70,0,40,0
102,720,21.600000,10000.000000,1,0,872502530,1280,0,1280,-72,0,40,0
102,720,21.600000,10000.000000,1,0,872502535,1284,0,1284,-73,0,40,0
102,720,21.600000,10000.000000,1,0,872502541,1288,0,1288,-74,0,40,0
102,720,21.600000,10000.000000,1,0,872502547,1293,0,1293,-76,0,40,0
102,720,21.600000,10000.000000,1,0,872502552,1298,0,1298,-77,0,40,0
102,720,21.600000,10000.000000,1,0,872502558,1303,0,1303,-78,0,40,0
102,720,21.600000,10000.000000,1,0,872502564,1307,0,1307,-79,0,40,0
102,720,21.600000,10000.000000,1,0,872502569,1310,0,1310,-79,0,40,0
102,720,21.600000,10000.000000,1,0,872502577,1312,0,1312,-80,0,40,0
102,720,21.600000,10000.000000,1,0,872502582,1313,0,1313,-80,0,40,0
102,720,21.600000,10000.000000,1,0,872502588,1315,0,1315,-80,0,40,0
102,720,21.600000,10000.000000,1,0,872502594,1315,0,1315,-80,0,40,0
102,720,21.600000,10000.000000,1,0,872502600,1315,0,1315,-80,0,40,0
102,720,21.600000,10000.000000,1,0,872502606,1315,0,1315,-80,0,40,0
102,720,21.600000,10000.000000,1,0,872502611,1315,0,1315,-80,0,40,0
102,720,21.600000,10000.000000,1,0,872502616,1315,0,1315,-80,0,40,0
102,720,21.600000,10000.000000,1,0,872502622,1315,0,1315,-80,0,40,0
102,720,21.600000,10000.000000,1,0,872502628,1315,0,1315,-80,0,40,0
102,720,21.600000,10000.000000,1,0,872502633,1315,0,1315,-80,0,40,0
102,720,21.600000,10000.000000,1,0,872502639,1315,0,1315,-80,0,40,0
102,720,21.600000,10000.000000,1,0,872502645,1315,0,1315,-80,0,40,0
102,720,21.600000,10000.000000,1,0,872502650,1314,0,1314,-80,0,40,0
102,720,21.600000,10000.000000,1,0,872502655,1313,0,1313,-80,0,40,0
102,720,21.600000,10000.000000,1,0,872502661,1313,0,1313,-80,0,40,0
102,720,21.600000,10000.000000,1,0,872502667,1313,0,1313,-80,0,40,0
102,720,21.600000,10000.000000,1,0,872502672,1313,1,1313,-79,0,40,0
102,720,21.600000,10000.000000,1,0,872502678,1313,1,1313,-79,0,40,0
102,720,21.600000,10000.000000,1,0,872502685,1313,1,1313,-79,0,40,0
102,720,21.600000,10000.000000,1,0,872502690,1313,1,1313,-79,0,40,0
102,720,21.600000,10000.000000,1,0,872502696,1313,1,1313,-79,0,40,0
102,720,21.600000,10000.000000,1,0,872502702,1313,1,1313,-79,0,40,0
102,720,21.600000,10000.000000,1,0,872502707,1313,1,1313,-79,0,40,0
102,720,21.600000,10000.000000,1,0,872502713,1313,1,1313,-79,0,40,0
102,720,21.600000,10000.000000,1,0,872502718,1313,1,1313,-79,0,40,0
102,720,21.600000,10000.000000,1,0,872502723,1313,1,1313,-79,0,40,0
102,720,21.600000,10000.000000,1,0,872502729,1313,1,1313,-79,0,40,0
102,720,21.600000,10000.000000,1,0,872502734,1313,1,1313,-79,0,40,0
102,720,21.600000,10000.000000,1,0,872502740,1313,1,1313,-79,0,40,0
102,720,21.600000,10000.000000,1,0,872502745,1313,1,1313,-79,0,40,0
102,720,21.600000,10000.000000,1,0,872502751,1313,1,1313,-79,0,40,0
102,720,21.600000,10000.000000,1,0,872502756,1313,1,1313,-79,0,40,0
102,720,21.600000,10000.000000,1,0,872502762,1313,1,1313,-79,0,40,0
102,720,21.600000,10000.000000,1,0,872502767,1313,1,1313,-79,0,40,0
102,720,21.600000,10000.000000,1,0,872502773,1313,1,1313,-79,0,40,0
102,720,21.600000,10000.000000,1,0,872502779,1313,1,1313,-79,0,40,0
102,720,21.600000,10000.000000,1,0,872502791,1313,1,1313,-79,0,40,0
