108,360,21.600000,43.200000,0,4,1243399268,777,0,777,0,0,63,4
108,360,21.600000,43.200000,0,4,1243399269,777,0,777,0,0,63,4
108,360,21.600000,43.200000,0,4,1243399275,777,0,777,-1,0,63,4
108,360,21.600000,43.200000,0,4,1243399280,777,0,777,-1,0,63,4
108,360,21.600000,43.200000,0,4,1243399286,777,0,777,-1,0,63,4
108,360,21.600000,43.200000,0,4,1243399291,778,0,778,-1,0,63,4
108,360,21.600000,43.200000,0,4,1243399297,779,0,779,-1,0,63,4
108,360,21.600000,43.200000,0,4,1243399303,780,0,780,-1,0,63,4
108,360,21.600000,43.200000,0,4,1243399308,781,0,781,-1,0,63,4
108,360,21.600000,43.200000,0,4,1243399313,781,0,781,-1,0,63,4
108,360,21.600000,43.200000,0,4,1243399319,782,0,782,-1,0,63,4
108,360,21.600000,43.200000,0,4,1243399324,783,0,783,-1,0,63,4
108,360,21.600000,43.200000,0,4,1243399330,784,0,784,-1,0,63,4
108,360,21.600000,43.200000,0,4,1243399336,785,1,785,0,0,63,4
108,360,21.600000,43.200000,0,4,1243399342,788,2,788,1,0,63,4
108,360,21.600000,43.200000,0,4,1243399348,793,3,793,2,0,63,4
108,360,21.600000,43.200000,0,4,1243399354,800,3,800,2,0,63,4
108,360,21.600000,43.200000,0,4,1243399360,808,3,808,2,0,63,4
108,360,21.600000,43.200000,0,4,1243399365,815,3,815,2,0,63,4
108,360,21.600000,43.200000,0,4,1243399371,827,4,827,3,0,63,4
108,360,21.600000,43.200000,0,4,1243399376,839,4,839,3,0,63,4
108,360,21.600000,43.200000,0,4,1243399382,855,4,855,3,0,63,4
108,360,21.600000,43.200000,0,4,1243399387,872,4,872,3,0,63,4
108,360,21.600000,43.200000,0,4,1243399393,887,4,887,3,0,63,4
108,360,21.600000,43.200000,0,4,1243399399,906,4,906,3,0,63,4
108,360,21.600000,43.200000,0,4,1243399404,923,3,923,2,0,63,4
108,360,21.600000,43.200000,0,4,1243399410,940,2,940,1,0,63,4
108,360,21.600000,43.200000,0,4,1243399415,957,0,957,-1,0,63,4
108,360,21.600000,43.200000,0,4,1243399421,974,0,974,-3,0,63,4
108,360,21.600000,43.200000,0,4,1243399426,987,0,987,-4,0,63,4
108,360,21.600000,43.200000,0,4,1243399432,1003,0,1003,-6,0,63,4
108,360,21.600000,43.200000,0,4,1243399437,1015,0,1015,-8,0,63,4
108,360,21.600000,43.200000,0,4,1243399443,1029,0,1029,-10,0,63,4
108,360,21.600000,43.200000,0,4,1243399448,1038,0,1038,-12,0,63,4
108,360,21.600000,43.200000,0,4,1243399454,1045,0,1045,-14,0,63,4
108,360,21.600000,43.200000,0,4,1243399460,1054,0,1054,-16,0,63,4
108,360,21.600000,43.200000,0,4,1243399465,1059,0,1059,-17,0,63,4
108,360,21.600000,43.200000,0,4,1243399471,1066,0,1066,-19,0,63,4
108,360,21.600000,43.200000,0,4,1243399476,1073,0,1073,-21,0,63,4
108,360,21.600000,43.200000,0,4,1243399482,1081,0,1081,-23,0,63,4
108,360,21.600000,43.200000,0,4,1243399488,1089,0,1089,-25,0,63,4
108,360,21.600000,43.200000,0,4,1243399493,1095,0,1095,-26,0,63,4
108,360,21.600000,43.200000,0,4,1243399498,1103,0,1103,-28,0,63,4
108,360,21.600000,43.200000,0,4,1243399504,1110,0,1110,-30,0,63,4
108,360,21.600000,43.200000,0,4,1243399509,1117,0,1117,-31,0,63,4
108,360,21.600000,43.200000,0,4,1243399515,1123,0,1123,-32,0,63,4
108,360,21.600000,43.200000,0,4,1243399521,1127,0,1127,-33,0,63,4
108,360,21.600000,43.200000,0,4,1243399527,1130,0,1130,-33,0,63,4
108,360,21.600000,43.200000,0,4,1243399532,1131,0,1131,-33,0,63,4
108,360,21.600000,43.200000,0,4,1243399538,1132,0,1132,-33,0,63,4
108,360,21.600000,43.200000,0,4,1243399543,1132,0,1132,-34,0,63,4
108,360,21.600000,43.200000,0,4,1243399549,1133,0,1133,-35,0,63,4
108,360,21.600000,43.200000,0,4,1243399554,1134,0,1134,-35,0,63,4
108,360,21.600000,43.200000,0,4,1243399560,1134,0,1134,-35,0,63,4
108,360,21.600000,43.200000,0,4,1243399565,1134,0,1134,-36,0,63,4
108,360,21.600000,43.200000,0,4,1243399571,1135,0,1135,-36,0,63,4
108,360,21.600000,43.200000,0,4,1243399576,1135,0,1135,-36,0,63,4
108,360,21.600000,43.200000,0,4,1243399582,1135,0,1135,-36,0,63,4
108,360,21.600000,43.200000,0,4,1243399587,1136,0,1136,-36,0,63,4
108,360,21.600000,43.200000,0,4,1243399593,1136,0,1136,-36,0,63,4
108,360,21.600000,43.200000,0,4,1243399598,1136,0,1136,-36,0,63,4
108,360,21.600000,43.200000,0,4,1243399603,1137,0,1137,-37,0,63,4
108,360,21.600000,43.200000,0,4,1243399609,1138,0,1138,-37,0,63,4
108,360,21.600000,43.200000,0,4,1243399615,1139,0,1139,-38,0,63,4
108,360,21.600000,43.200000,0,4,1243399621,1140,0,1140,-38,0,63,4
108,360,21.600000,43.200000,0,4,1243399626,1141,0,1141,-38,0,63,4
108,360,21.600000,43.200000,0,4,1243399632,1142,0,1142,-39,0,63,4
108,360,21.600000,43.200000,0,4,1243399638,1143,0,1143,-40,0,63,4
108,360,21.600000,43.200000,0,4,1243399643,1144,0,1144,-40,0,63,4
108,360,21.600000,43.200000,0,4,1243399648,1145,0,1145,-40,0,63,4
108,360,21.600000,43.200000,0,4,1243399654,1145,0,1145,-41,0,63,4
108,360,21.600000,43.200000,0,4,1243399660,1146,0,1146,-41,0,63,4
108,360,21.600000,43.200000,0,4,1243399665,1147,0,1147,-41,0,63,4
108,360,21.600000,43.200000,0,4,1243399671,1148,0,1148,-41,0,63,4
108,360,21.600000,43.200000,0,4,1243399676,1148,0,1148,-41,0,63,4
108,360,21.600000,43.200000,0,4,1243399681,1148,0,1148,-41,0,63,4
108,360,21.600000,43.200000,0,4,1243399687,1148,0,1148,-41,0,63,4
108,360,21.600000,43.200000,0,4,1243399693,1148,0,1148,-41,0,63,4
108,360,21.600000,43.200000,0,4,1243399698,1148,0,1148,-41,0,63,4
108,360,21.600000,43.200000,0,4,1243399704,1148,0,1148,-42,0,63,4
108,360,21.600000,43.200000,0,4,1243399710,1148,0,1148,-42,0,63,4
108,360,21.600000,43.200000,0,4,1243399716,1148,0,1148,-42,0,63,4
108,360,21.600000,43.200000,0,4,1243399722,1148,0,1148,-42,0,63,4
108,360,21.600000,43.200000,0,4,1243399728,1148,0,1148,-42,0,63,4
108,360,21.600000,43.200000,0,4,1243399733,1148,0,1148,-42,0,63,4
108,360,21.600000,43.200000,0,4,1243399739,1148,0,1148,-43,0,63,4
108,360,21.600000,43.200000,0,4,1243399744,1148,0,1148,-43,0,63,4
108,360,21.600000,43.200000,0,4,1243399750,1148,0,1148,-43,0,63,4
108,360,21.600000,43.200000,0,4,1243399755,1149,0,1149,-43,0,63,4
108,360,21.600000,43.200000,0,4,1243399761,1150,0,1150,-43,0,63,4
108,360,21.600000,43.200000,0,4,1243399767,1151,0,1151,-43,0,63,4
108,360,21.600000,43.200000,0,4,1243399773,1152,0,1152,-43,0,63,4
108,360,21.600000,43.200000,0,4,1243399778,1152,0,1152,-43,0,63,4
108,360,21.600000,43.200000,0,4,1243399784,1152,0,1152,-43,0,63,4
108,360,21.600000,43.200000,0,4,1243399789,1152,0,1152,-43,0,63,4
108,360,21.600000,43.200000,0,4,1243399803,1153,0,1153,-43,1,63,4
