108,360,21.600000,10000.000000,0,5,1242946273,784,0,784,0,1,20,3
108,360,21.600000,10000.000000,0,5,1242946275,784,0,784,0,1,20,3
108,360,21.600000,10000.000000,0,5,1242946280,784,0,784,0,1,20,3
108,360,21.600000,10000.000000,0,5,1242946286,784,0,784,0,1,20,3
108,360,21.600000,10000.000000,0,5,1242946291,784,0,784,0,1,20,3
108,360,21.600000,10000.000000,0,5,1242946297,784,0,784,0,1,20,3
108,360,21.600000,10000.000000,0,5,1242946302,784,0,784,0,1,20,3
108,360,21.600000,10000.000000,0,5,1242946308,784,0,784,0,1,20,3
108,360,21.600000,10000.000000,0,5,1242946314,784,0,784,0,1,20,3
108,360,21.600000,10000.000000,0,5,1242946319,784,0,784,0,1,20,3
108,360,21.600000,10000.000000,0,5,1242946324,784,0,784,0,1,20,3
108,360,21.600000,10000.000000,0,5,1242946330,784,0,784,0,1,20,3
108,360,21.600000,10000.000000,0,5,1242946335,784,0,784,0,1,20,3
108,360,21.600000,10000.000000,0,5,1242946341,785,0,785,0,1,20,3
108,360,21.600000,10000.000000,0,5,1242946347,787,0,787,0,1,20,3
108,360,21.600000,10000.000000,0,5,1242946352,790,1,790,1,1,20,3
108,360,21.600000,10000.000000,0,5,1242946358,794,2,794,2,1,20,3
108,360,21.600000,10000.000000,0,5,1242946363,799,3,799,3,1,20,3
108,360,21.600000,10000.000000,0,5,1242946369,806,4,806,4,1,20,3
108,360,21.600000,10000.000000,0,5,1242946375,814,4,814,4,1,20,3
108,360,21.600000,10000.000000,0,5,1242946380,825,4,825,4,1,20,3
108,360,21.600000,10000.000000,0,5,1242946385,835,4,835,4,1,20,3
108,360,21.600000,10000.000000,0,5,1242946391,846,4,846,4,1,20,3
108,360,21.600000,10000.000000,0,5,1242946397,864,4,864,4,1,20,3
108,360,21.600000,10000.000000,0,5,1242946403,881,4,881,4,1,20,3
108,360,21.600000,10000.000000,0,5,1242946408,900,4,900,4,1,20,3
108,360,21.600000,10000.000000,0,5,1242946414,922,3,922,3,1,20,3
108,360,21.600000,10000.000000,0,5,1242946420,944,2,944,2,1,20,3
108,360,21.600000,10000.000000,0,5,1242946425,965,0,965,0,1,20,3
108,360,21.600000,10000.000000,0,5,1242946431,982,0,982,-1,1,20,3
108,360,21.600000,10000.000000,0,5,1242946437,1001,0,1001,-2,1,20,3
108,360,21.600000,10000.000000,0,5,1242946442,1018,0,1018,-4,1,20,3
108,360,21.600000,10000.000000,0,5,1242946447,1029,0,1029,-5,1,20,3
108,360,21.600000,10000.000000,0,5,1242946453,1038,0,1038,-6,1,20,3
108,360,21.600000,10000.000000,0,5,1242946459,1045,0,1045,-7,1,20,3
108,360,21.600000,10000.000000,0,5,1242946465,1050,0,1050,-8,1,20,3
108,360,21.600000,10000.000000,0,5,1242946470,1052,0,1052,-9,1,20,3
108,360,21.600000,10000.000000,0,5,1242946476,1055,0,1055,-10,1,20,3
108,360,21.600000,10000.000000,0,5,1242946481,1055,0,1055,-11,1,20,3
108,360,21.600000,10000.000000,0,5,1242946487,1055,0,1055,-11,1,20,3
108,360,21.600000,10000.000000,0,5,1242946492,1055,0,1055,-11,1,20,3
108,360,21.600000,10000.000000,0,5,1242946498,1055,0,1055,-12,1,20,3
108,360,21.600000,10000.000000,0,5,1242946504,1055,0,1055,-13,1,20,3
108,360,21.600000,10000.000000,0,5,1242946509,1055,0,1055,-14,1,20,3
108,360,21.600000,10000.000000,0,5,1242946514,1055,0,1055,-15,1,20,3
108,360,21.600000,10000.000000,0,5,1242946520,1054,0,1054,-15,1,20,3
108,360,21.600000,10000.000000,0,5,1242946525,1053,0,1053,-15,1,20,3
108,360,21.600000,10000.000000,0,5,1242946531,1053,0,1053,-16,1,20,3
108,360,21.600000,10000.000000,0,5,1242946536,1053,0,1053,-16,1,20,3
108,360,21.600000,10000.000000,0,5,1242946542,1053,0,1053,-16,1,20,3
108,360,21.600000,10000.000000,0,5,1242946548,1053,0,1053,-16,1,20,3
108,360,21.600000,10000.000000,0,5,1242946553,1054,0,1054,-17,1,20,3
108,360,21.600000,10000.000000,0,5,1242946559,1055,0,1055,-17,1,20,3
108,360,21.600000,10000.000000,0,5,1242946564,1056,0,1056,-17,1,20,3
108,360,21.600000,10000.000000,0,5,1242946570,1058,0,1058,-17,1,20,3
108,360,21.600000,10000.000000,0,5,1242946576,1060,0,1060,-17,1,20,3
108,360,21.600000,10000.000000,0,5,1242946581,1062,0,1062,-17,1,20,3
108,360,21.600000,10000.000000,0,5,1242946587,1063,0,1063,-18,1,20,3
108,360,21.600000,10000.000000,0,5,1242946592,1064,0,1064,-18,1,20,3
108,360,21.600000,10000.000000,0,5,1242946598,1065,0,1065,-19,1,20,3
108,360,21.600000,10000.000000,0,5,1242946603,1065,0,1065,-19,1,20,3
108,360,21.600000,10000.000000,0,5,1242946609,1065,0,1065,-19,1,20,3
108,360,21.600000,10000.000000,0,5,1242946614,1065,0,1065,-19,1,20,3
108,360,21.600000,10000.000000,0,5,1242946620,1065,0,1065,-19,1,20,3
108,360,21.600000,10000.000000,0,5,1242946625,1064,0,1064,-19,1,20,3
108,360,21.600000,10000.000000,0,5,1242946630,1063,0,1063,-19,1,20,3
108,360,21.600000,10000.000000,0,5,1242946636,1063,0,1063,-19,1,20,3
108,360,21.600000,10000.000000,0,5,1242946641,1063,0,1063,-19,1,20,3
108,360,21.600000,10000.000000,0,5,1242946647,1063,0,1063,-19,1,20,3
108,360,21.600000,10000.000000,0,5,1242946653,1063,0,1063,-19,1,20,3
108,360,21.600000,10000.000000,0,5,1242946658,1065,0,1065,-19,1,20,3
108,360,21.600000,10000.000000,0,5,1242946664,1068,0,1068,-20,1,20,3
108,360,21.600000,10000.000000,0,5,1242946669,1071,0,1071,-21,1,20,3
108,360,21.600000,10000.000000,0,5,1242946675,1074,0,1074,-22,1,20,3
108,360,21.600000,10000.000000,0,5,1242946680,1077,0,1077,-23,1,20,3
108,360,21.600000,10000.000000,0,5,1242946686,1079,0,1079,-24,1,20,3
108,360,21.600000,10000.000000,0,5,1242946691,1082,0,1082,-24,1,20,3
108,360,21.600000,10000.000000,0,5,1242946698,1085,0,1085,-26,1,20,3
108,360,21.600000,10000.000000,0,5,1242946704,1089,0,1089,-27,1,20,3
108,360,21.600000,10000.000000,0,5,1242946710,1093,0,1093,-29,1,20,3
108,360,21.600000,10000.000000,0,5,1242946717,1097,0,1097,-31,1,20,3
108,360,21.600000,10000.000000,0,5,1242946722,1102,0,1102,-34,1,20,3
108,360,21.600000,10000.000000,0,5,1242946728,1107,0,1107,-36,1,20,3
108,360,21.600000,10000.000000,0,5,1242946734,1112,0,1112,-38,1,20,3
108,360,21.600000,10000.000000,0,5,1242946739,1116,0,1116,-40,1,20,3
108,360,21.600000,10000.000000,0,5,1242946745,1120,0,1120,-42,1,20,3
108,360,21.600000,10000.000000,0,5,1242946751,1123,0,1123,-43,1,20,3
108,360,21.600000,10000.000000,0,5,1242946756,1125,0,1125,-43,1,20,3
108,360,21.600000,10000.000000,0,5,1242946762,1126,0,1126,-43,1,20,3
108,360,21.600000,10000.000000,0,5,1242946767,1127,0,1127,-43,1,20,3
108,360,21.600000,10000.000000,0,5,1242946773,1128,0,1128,-43,1,20,3
108,360,21.600000,10000.000000,0,5,1242946779,1129,0,1129,-43,1,20,3
108,360,21.600000,10000.000000,0,5,1242946784,1129,0,1129,-43,1,20,3
108,360,21.600000,10000.000000,0,5,1242946790,1129,0,1129,-43,1,20,3
108,360,21.600000,10000.000000,0,5,1242946795,1129,0,1129,-43,1,20,3
108,360,21.600000,10000.000000,0,5,1242946801,1129,0,1129,-43,1,20,3
108,360,21.600000,10000.000000,0,5,1242946806,1129,0,1129,-43,1,20,3
108,360,21.600000,10000.000000,0,5,1242946812,1130,0,1130,-43,1,20,3
108,360,21.600000,10000.000000,0,5,1242946818,1131,0,1131,-43,1,20,3
108,360,21.600000,10000.000000,0,5,1242946822,1131,0,1131,-43,1,20,3
108,360,21.600000,10000.000000,0,5,1242946828,1131,0,1131,-43,1,20,3
108,360,21.600000,10000.000000,0,5,1242946834,1131,0,1131,-43,1,20,3
108,360,21.600000,10000.000000,0,5,1242946840,1131,0,1131,-43,1,20,3
108,360,21.600000,10000.000000,0,5,1242946845,1131,0,1131,-43,1,20,3
108,360,21.600000,10000.000000,0,5,1242946851,1131,0,1131,-43,1,20,3
108,360,21.600000,10000.000000,0,5,1242946857,1131,0,1131,-43,1,20,3
108,360,21.600000,10000.000000,0,5,1242946862,1131,0,1131,-43,1,20,3
108,360,21.600000,10000.000000,0,5,1242946868,1131,0,1131,-43,1,20,3
108,360,21.600000,10000.000000,0,5,1242946874,1131,0,1131,-43,1,20,3
108,360,21.600000,10000.000000,0,5,1242946879,1131,0,1131,-43,1,20,3
108,360,21.600000,10000.000000,0,5,1242946884,1131,0,1131,-43,1,20,3
108,360,21.600000,10000.000000,0,5,1242946890,1131,0,1131,-43,1,20,3
108,360,21.600000,10000.000000,0,5,1242946895,1131,0,1131,-43,1,20,3
108,360,21.600000,10000.000000,0,5,1242946901,1131,0,1131,-43,1,20,3
108,360,21.600000,10000.000000,0,5,1242946906,1131,0,1131,-43,1,20,3
108,360,21.600000,10000.000000,0,5,1242946912,1131,0,1131,-43,1,20,3
108,360,21.600000,10000.000000,0,5,1242946918,1131,0,1131,-43,1,20,3
108,360,21.600000,10000.000000,0,5,1242946923,1131,0,1131,-43,1,20,3
108,360,21.600000,10000.000000,0,5,1242946928,1131,0,1131,-43,1,20,3
108,360,21.600000,10000.000000,0,5,1242946934,1131,0,1131,-43,1,20,3
108,360,21.600000,10000.000000,0,5,1242946940,1131,0,1131,-43,1,20,3
108,360,21.600000,10000.000000,0,5,1242946945,1131,0,1131,-43,1,20,3
108,360,21.600000,10000.000000,0,5,1242946950,1131,0,1131,-43,1,20,3
108,360,21.600000,10000.000000,0,5,1242946956,1131,0,1131,-43,1,20,3
108,360,21.600000,10000.000000,0,5,1242946961,1131,0,1131,-43,1,20,3
108,360,21.600000,10000.000000,0,5,1242946967,1132,0,1132,-43,1,20,3
108,360,21.600000,10000.000000,0,5,1242946972,1133,0,1133,-43,1,20,3
108,360,21.600000,10000.000000,0,5,1242946979,1134,0,1134,-43,1,20,3
108,360,21.600000,10000.000000,0,5,1242946984,1135,0,1135,-43,1,20,3
108,360,21.600000,10000.000000,0,5,1242946990,1136,0,1136,-43,1,20,3
108,360,21.600000,10000.000000,0,5,1242946996,1137,0,1137,-43,1,20,3
108,360,21.600000,10000.000000,0,5,1242947001,1138,0,1138,-44,1,20,3
108,360,21.600000,10000.000000,0,5,1242947006,1139,0,1139,-44,1,20,3
108,360,21.600000,10000.000000,0,5,1242947012,1140,0,1140,-45,1,20,3
108,360,21.600000,10000.000000,0,5,1242947018,1141,0,1141,-45,1,20,3
108,360,21.600000,10000.000000,0,5,1242947038,1142,0,1142,-45,0,20,3
