108,720,21.600000,0.000000,1,4,1243478355,593,12,593,12,0,70,4
108,720,21.600000,0.000000,1,4,1243478357,593,12,593,12,0,70,4
108,720,21.600000,0.000000,1,4,1243478363,593,12,593,12,0,70,4
108,720,21.600000,0.000000,1,4,1243478368,593,12,593,12,0,70,4
108,720,21.600000,0.000000,1,4,1243478373,593,12,593,12,0,70,4
108,720,21.600000,0.000000,1,4,1243478379,593,12,593,12,0,70,4
108,720,21.600000,0.000000,1,4,1243478384,594,12,594,12,0,70,4
108,720,21.600000,0.000000,1,4,1243478390,595,12,595,12,0,70,4
108,720,21.600000,0.000000,1,4,1243478396,595,12,595,12,0,70,4
108,720,21.600000,0.000000,1,4,1243478402,596,12,596,12,0,70,4
108,720,21.600000,0.000000,1,4,1243478408,596,12,596,12,0,70,4
108,720,21.600000,0.000000,1,4,1243478414,597,12,597,12,0,70,4
108,720,21.600000,0.000000,1,4,1243478419,598,12,598,12,0,70,4
108,720,21.600000,0.000000,1,4,1243478425,598,12,598,12,0,70,4
108,720,21.600000,0.000000,1,4,1243478431,599,12,599,12,0,70,4
108,720,21.600000,0.000000,1,4,1243478436,600,12,600,12,0,70,4
108,720,21.600000,0.000000,1,4,1243478441,602,12,602,12,0,70,4
108,720,21.600000,0.000000,1,4,1243478448,605,13,605,13,0,70,4
108,720,21.600000,0.000000,1,4,1243478453,612,16,612,16,0,70,4
108,720,21.600000,0.000000,1,4,1243478459,619,18,619,18,0,70,4
108,720,21.600000,0.000000,1,4,1243478465,626,20,626,20,0,70,4
108,720,21.600000,0.000000,1,4,1243478471,636,23,636,23,0,70,4
108,720,21.600000,0.000000,1,4,1243478477,656,29,656,29,0,70,4
108,720,21.600000,0.000000,1,4,1243478485,669,32,669,32,0,70,4
108,720,21.600000,0.000000,1,4,1243478491,698,37,698,37,0,70,4
108,720,21.600000,0.000000,1,4,1243478496,723,40,723,40,0,70,4
108,720,21.600000,0.000000,1,4,1243478502,749,43,749,43,0,70,4
108,720,21.600000,0.000000,1,4,1243478508,775,46,775,46,0,70,4
108,720,21.600000,0.000000,1,4,1243478513,802,48,802,48,0,70,4
108,720,21.600000,0.000000,1,4,1243478519,836,50,836,50,0,70,4
108,720,21.600000,0.000000,1,4,1243478525,879,52,879,52,0,70,4
108,720,21.600000,0.000000,1,4,1243478530,913,52,913,52,0,70,4
108,720,21.600000,0.000000,1,4,1243478536,955,53,955,53,0,70,4
108,720,21.600000,0.000000,1,4,1243478542,988,53,988,53,0,70,4
108,720,21.600000,0.000000,1,4,1243478548,1022,52,1022,52,0,70,4
108,720,21.600000,0.000000,1,4,1243478553,1071,50,1071,50,0,70,4
108,720,21.600000,0.000000,1,4,1243478559,1105,48,1105,48,0,70,4
108,720,21.600000,0.000000,1,4,1243478565,1139,46,1139,46,0,70,4
108,720,21.600000,0.000000,1,4,1243478570,1167,43,1167,43,0,70,4
108,720,21.600000,0.000000,1,4,1243478576,1192,40,1192,40,0,70,4
108,720,21.600000,0.000000,1,4,1243478581,1217,37,1217,37,0,70,4
108,720,21.600000,0.000000,1,4,1243478587,1229,35,1229,35,0,70,4
108,720,21.600000,0.000000,1,4,1243478593,1241,33,1241,33,0,70,4
108,720,21.600000,0.000000,1,4,1243478598,1248,31,1248,31,0,70,4
108,720,21.600000,0.000000,1,4,1243478604,1253,29,1253,29,0,70,4
108,720,21.600000,0.000000,1,4,1243478610,1255,27,1255,27,0,70,4
108,720,21.600000,0.000000,1,4,1243478615,1256,25,1256,25,0,70,4
108,720,21.600000,0.000000,1,4,1243478620,1256,23,1256,23,0,70,4
108,720,21.600000,0.000000,1,4,1243478626,1256,22,1256,22,0,70,4
108,720,21.600000,0.000000,1,4,1243478631,1254,21,1254,21,0,70,4
108,720,21.600000,0.000000,1,4,1243478637,1253,20,1253,20,0,70,4
108,720,21.600000,0.000000,1,4,1243478643,1251,19,1251,19,0,70,4
108,720,21.600000,0.000000,1,4,1243478648,1250,18,1250,18,0,70,4
108,720,21.600000,0.000000,1,4,1243478654,1249,17,1249,17,0,70,4
108,720,21.600000,0.000000,1,4,1243478660,1248,17,1248,17,0,70,4
108,720,21.600000,0.000000,1,4,1243478665,1248,16,1248,16,0,70,4
108,720,21.600000,0.000000,1,4,1243478671,1248,15,1248,15,0,70,4
108,720,21.600000,0.000000,1,4,1243478677,1248,15,1248,15,0,70,4
108,720,21.600000,0.000000,1,4,1243478683,1249,15,1249,15,0,70,4
108,720,21.600000,0.000000,1,4,1243478690,1251,15,1251,15,0,70,4
108,720,21.600000,0.000000,1,4,1243478696,1252,14,1252,14,0,70,4
108,720,21.600000,0.000000,1,4,1243478702,1253,14,1253,14,0,70,4
108,720,21.600000,0.000000,1,4,1243478709,1254,14,1254,14,0,70,4
108,720,21.600000,0.000000,1,4,1243478715,1254,14,1254,14,0,70,4
108,720,21.600000,0.000000,1,4,1243478720,1254,14,1254,14,0,70,4
108,720,21.600000,0.000000,1,4,1243478726,1254,14,1254,14,0,70,4
108,720,21.600000,0.000000,1,4,1243478731,1254,14,1254,14,0,70,4
108,720,21.600000,0.000000,1,4,1243478737,1254,14,1254,14,0,70,4
108,720,21.600000,0.000000,1,4,1243478742,1254,14,1254,14,0,70,4
108,720,21.600000,0.000000,1,4,1243478747,1255,13,1255,13,0,70,4
108,720,21.600000,0.000000,1,4,1243478753,1256,13,1256,13,0,70,4
108,720,21.600000,0.000000,1,4,1243478759,1257,12,1257,12,0,70,4
108,720,21.600000,0.000000,1,4,1243478765,1258,12,1258,12,0,70,4
108,720,21.600000,0.000000,1,4,1243478770,1259,11,1259,11,0,70,4
108,720,21.600000,0.000000,1,4,1243478776,1260,11,1260,11,0,70,4
108,720,21.600000,0.000000,1,4,1243478782,1261,10,1261,10,0,70,4
108,720,21.600000,0.000000,1,4,1243478787,1261,9,1261,9,0,70,4
108,720,21.600000,0.000000,1,4,1243478793,1261,9,1261,9,0,70,4
108,720,21.600000,0.000000,1,4,1243478798,1262,9,1262,9,0,70,4
108,720,21.600000,0.000000,1,4,1243478804,1262,8,1262,8,0,70,4
108,720,21.600000,0.000000,1,4,1243478809,1262,8,1262,8,0,70,4
108,720,21.600000,0.000000,1,4,1243478815,1263,7,1263,7,0,70,4
108,720,21.600000,0.000000,1,4,1243478820,1264,6,1264,6,0,70,4
108,720,21.600000,0.000000,1,4,1243478826,1266,6,1266,6,0,70,4
108,720,21.600000,0.000000,1,4,1243478832,1268,6,1268,6,0,70,4
108,720,21.600000,0.000000,1,4,1243478837,1272,5,1272,5,0,70,4
108,720,21.600000,0.000000,1,4,1243478843,1275,4,1275,4,0,70,4
108,720,21.600000,0.000000,1,4,1243478849,1279,3,1279,3,0,70,4
108,720,21.600000,0.000000,1,4,1243478855,1282,2,1282,2,0,70,4
108,720,21.600000,0.000000,1,4,1243478861,1286,1,1286,1,0,70,4
108,720,21.600000,0.000000,1,4,1243478867,1290,0,1290,0,0,70,4
108,720,21.600000,0.000000,1,4,1243478873,1295,0,1295,-1,0,70,4
108,720,21.600000,0.000000,1,4,1243478879,1299,0,1299,-1,0,70,4
108,720,21.600000,0.000000,1,4,1243478885,1303,0,1303,-1,0,70,4
108,720,21.600000,0.000000,1,4,1243478891,1306,0,1306,-2,0,70,4
108,720,21.600000,0.000000,1,4,1243478896,1308,0,1308,-2,0,70,4
108,720,21.600000,0.000000,1,4,1243478902,1310,0,1310,-2,0,70,4
108,720,21.600000,0.000000,1,4,1243478908,1312,0,1312,-2,0,70,4
108,720,21.600000,0.000000,1,4,1243478913,1313,0,1313,-2,0,70,4
108,720,21.600000,0.000000,1,4,1243478919,1314,0,1314,-2,0,70,4
108,720,21.600000,0.000000,1,4,1243478924,1315,0,1315,-2,0,70,4
108,720,21.600000,0.000000,1,4,1243478929,1316,0,1316,-2,0,70,4
108,720,21.600000,0.000000,1,4,1243478935,1317,1,1317,-1,0,70,4
108,720,21.600000,0.000000,1,4,1243478941,1318,1,1318,-1,0,70,4
108,720,21.600000,0.000000,1,4,1243478947,1319,2,1319,0,0,70,4
108,720,21.600000,0.000000,1,4,1243478952,1320,2,1320,0,0,70,4
108,720,21.600000,0.000000,1,4,1243478958,1320,2,1320,0,0,70,4
108,720,21.600000,0.000000,1,4,1243478964,1320,2,1320,0,0,70,4
108,720,21.600000,0.000000,1,4,1243478969,1321,3,1321,1,0,70,4
108,720,21.600000,0.000000,1,4,1243478975,1322,3,1322,1,0,70,4
108,720,21.600000,0.000000,1,4,1243478980,1323,3,1323,1,0,70,4
108,720,21.600000,0.000000,1,4,1243478986,1323,4,1323,2,0,70,4
108,720,21.600000,0.000000,1,4,1243478992,1323,4,1323,2,0,70,4
108,720,21.600000,0.000000,1,4,1243478997,1324,4,1324,2,0,70,4
108,720,21.600000,0.000000,1,4,1243479003,1324,5,1324,3,0,70,4
108,720,21.600000,0.000000,1,4,1243479009,1324,5,1324,3,0,70,4
108,720,21.600000,0.000000,1,4,1243479014,1324,5,1324,3,0,70,4
108,720,21.600000,0.000000,1,4,1243479020,1324,5,1324,3,0,70,4
108,720,21.600000,0.000000,1,4,1243479026,1324,5,1324,3,0,70,4
108,720,21.600000,0.000000,1,4,1243479031,1324,6,1324,4,0,70,4
108,720,21.600000,0.000000,1,4,1243479037,1324,7,1324,5,0,70,4
108,720,21.600000,0.000000,1,4,1243479043,1325,8,1325,6,0,70,4
108,720,21.600000,0.000000,1,4,1243479048,1326,9,1326,7,0,70,4
108,720,21.600000,0.000000,1,4,1243479054,1327,10,1327,8,0,70,4
108,720,21.600000,0.000000,1,4,1243479059,1327,10,1327,8,0,70,4
108,720,21.600000,0.000000,1,4,1243479065,1328,11,1328,9,0,70,4
108,720,21.600000,0.000000,1,4,1243479070,1329,12,1329,10,0,70,4
108,720,21.600000,0.000000,1,4,1243479076,1330,12,1330,10,0,70,4
108,720,21.600000,0.000000,1,4,1243479082,1331,12,1331,10,0,70,4
108,720,21.600000,0.000000,1,4,1243479087,1331,13,1331,11,0,70,4
108,720,21.600000,0.000000,1,4,1243479093,1331,13,1331,11,0,70,4
108,720,21.600000,0.000000,1,4,1243479099,1332,13,1332,11,0,70,4
108,720,21.600000,0.000000,1,4,1243479104,1333,13,1333,11,0,70,4
108,720,21.600000,0.000000,1,4,1243479110,1333,14,1333,12,0,70,4
108,720,21.600000,0.000000,1,4,1243479115,1333,15,1333,13,0,70,4
108,720,21.600000,0.000000,1,4,1243479120,1333,16,1333,14,0,70,4
108,720,21.600000,0.000000,1,4,1243479126,1333,17,1333,15,0,70,4
108,720,21.600000,0.000000,1,4,1243479132,1333,18,1333,16,0,70,4
108,720,21.600000,0.000000,1,4,1243479138,1333,19,1333,17,0,70,4
108,720,21.600000,0.000000,1,4,1243479144,1334,19,1334,17,0,70,4
108,720,21.600000,0.000000,1,4,1243479150,1334,20,1334,18,0,70,4
108,720,21.600000,0.000000,1,4,1243479156,1334,21,1334,19,0,70,4
108,720,21.600000,0.000000,1,4,1243479162,1334,21,1334,19,0,70,4
108,720,21.600000,0.000000,1,4,1243479167,1334,21,1334,19,0,70,4
108,720,21.600000,0.000000,1,4,1243479173,1334,21,1334,19,0,70,4
108,720,21.600000,0.000000,1,4,1243479178,1334,21,1334,19,0,70,4
108,720,21.600000,0.000000,1,4,1243479184,1334,21,1334,19,0,70,4
108,720,21.600000,0.000000,1,4,1243479189,1334,21,1334,19,0,70,4
108,720,21.600000,0.000000,1,4,1243479195,1334,21,1334,19,0,70,4
108,720,21.600000,0.000000,1,4,1243479201,1334,21,1334,19,0,70,4
108,720,21.600000,0.000000,1,4,1243479206,1334,21,1334,19,0,70,4
108,720,21.600000,0.000000,1,4,1243479212,1334,21,1334,19,0,70,4
108,720,21.600000,0.000000,1,4,1243479217,1334,21,1334,19,0,70,4
108,720,21.600000,0.000000,1,4,1243479223,1334,21,1334,19,0,70,4
108,720,21.600000,0.000000,1,4,1243479228,1334,21,1334,19,0,70,4
108,720,21.600000,0.000000,1,4,1243479234,1334,21,1334,19,0,70,4
108,720,21.600000,0.000000,1,4,1243479239,1334,21,1334,19,0,70,4
108,720,21.600000,0.000000,1,4,1243479245,1334,21,1334,19,0,70,4
108,720,21.600000,0.000000,1,4,1243479250,1334,21,1334,19,0,70,4
108,720,21.600000,0.000000,1,4,1243479269,1334,21,1334,19,1,70,4
