108,360,21.600000,43.200000,0,5,1242949346,778,0,778,0,0,20,5
108,360,21.600000,43.200000,0,5,1242949348,778,0,778,0,0,20,5
108,360,21.600000,43.200000,0,5,1242949353,778,0,778,0,0,20,5
108,360,21.600000,43.200000,0,5,1242949359,778,0,778,0,0,20,5
108,360,21.600000,43.200000,0,5,1242949364,778,0,778,0,0,20,5
108,360,21.600000,43.200000,0,5,1242949370,778,0,778,0,0,20,5
108,360,21.600000,43.200000,0,5,1242949375,778,0,778,0,0,20,5
108,360,21.600000,43.200000,0,5,1242949381,778,0,778,0,0,20,5
108,360,21.600000,43.200000,0,5,1242949386,778,0,778,0,0,20,5
108,360,21.600000,43.200000,0,5,1242949392,778,0,778,0,0,20,5
108,360,21.600000,43.200000,0,5,1242949397,778,0,778,0,0,20,5
108,360,21.600000,43.200000,0,5,1242949403,778,0,778,0,0,20,5
108,360,21.600000,43.200000,0,5,1242949408,778,0,778,0,0,20,5
108,360,21.600000,43.200000,0,5,1242949414,778,0,778,0,0,20,5
108,360,21.600000,43.200000,0,5,1242949419,779,0,779,0,0,20,5
108,360,21.600000,43.200000,0,5,1242949425,781,1,781,1,0,20,5
108,360,21.600000,43.200000,0,5,1242949431,786,1,786,1,0,20,5
108,360,21.600000,43.200000,0,5,1242949436,790,1,790,1,0,20,5
108,360,21.600000,43.200000,0,5,1242949442,796,1,796,1,0,20,5
108,360,21.600000,43.200000,0,5,1242949448,805,1,805,1,0,20,5
108,360,21.600000,43.200000,0,5,1242949453,816,1,816,1,0,20,5
108,360,21.600000,43.200000,0,5,1242949459,829,1,829,1,0,20,5
108,360,21.600000,43.200000,0,5,1242949465,846,1,846,1,0,20,5
108,360,21.600000,43.200000,0,5,1242949470,860,1,860,1,0,20,5
108,360,21.600000,43.200000,0,5,1242949476,877,0,877,0,0,20,5
108,360,21.600000,43.200000,0,5,1242949481,894,0,894,-1,0,20,5
108,360,21.600000,43.200000,0,5,1242949487,918,0,918,-3,0,20,5
108,360,21.600000,43.200000,0,5,1242949492,940,0,940,-5,0,20,5
108,360,21.600000,43.200000,0,5,1242949498,1088,0,966,-7,0,20,5
108,360,21.600000,43.200000,0,5,1242949504,1114,0,992,-10,0,20,5
108,360,21.600000,43.200000,0,5,1242949510,1141,0,1019,-13,0,20,5
108,360,21.600000,43.200000,0,5,1242949516,1160,0,1038,-14,0,20,5
108,360,21.600000,43.200000,0,5,1242949521,1179,0,1057,-16,0,20,5
108,360,21.600000,43.200000,0,5,1242949527,1198,0,1076,-18,0,20,5
108,360,21.600000,43.200000,0,5,1242949532,1219,0,1097,-20,0,20,5
108,360,21.600000,43.200000,0,5,1242949538,1240,0,1118,-22,0,20,5
108,360,21.600000,43.200000,0,5,1242949544,1254,0,1132,-23,0,20,5
108,360,21.600000,43.200000,0,5,1242949551,1266,0,1144,-25,0,20,5
108,360,21.600000,43.200000,0,5,1242949557,1275,0,1153,-27,0,20,5
108,360,21.600000,43.200000,0,5,1242949563,1278,0,1156,-28,0,20,5
108,360,21.600000,43.200000,0,5,1242949568,1279,0,1157,-29,0,20,5
108,360,21.600000,43.200000,0,5,1242949574,1280,0,1158,-30,0,20,5
108,360,21.600000,43.200000,0,5,1242949579,1280,0,1158,-31,0,20,5
108,360,21.600000,43.200000,0,5,1242949585,1280,0,1158,-32,0,20,5
108,360,21.600000,43.200000,0,5,1242949590,1279,0,1157,-33,0,20,5
108,360,21.600000,43.200000,0,5,1242949596,1278,0,1156,-34,0,20,5
108,360,21.600000,43.200000,0,5,1242949602,1276,0,1154,-35,0,20,5
108,360,21.600000,43.200000,0,5,1242949607,1273,0,1151,-36,0,20,5
108,360,21.600000,43.200000,0,5,1242949613,1270,0,1148,-37,0,20,5
108,360,21.600000,43.200000,0,5,1242949618,1268,0,1146,-37,0,20,5
108,360,21.600000,43.200000,0,5,1242949624,1266,0,1144,-38,0,20,5
108,360,21.600000,43.200000,0,5,1242949630,1265,0,1143,-38,0,20,5
108,360,21.600000,43.200000,0,5,1242949636,1265,0,1143,-38,0,20,5
108,360,21.600000,43.200000,0,5,1242949641,1264,0,1142,-38,0,20,5
108,360,21.600000,43.200000,0,5,1242949647,1263,0,1141,-38,0,20,5
108,360,21.600000,43.200000,0,5,1242949653,1263,0,1141,-38,0,20,5
108,360,21.600000,43.200000,0,5,1242949658,1262,0,1140,-38,0,20,5
108,360,21.600000,43.200000,0,5,1242949664,1261,0,1139,-39,0,20,5
108,360,21.600000,43.200000,0,5,1242949669,1260,0,1138,-39,0,20,5
108,360,21.600000,43.200000,0,5,1242949675,1257,0,1135,-40,0,20,5
108,360,21.600000,43.200000,0,5,1242949680,1254,0,1132,-40,0,20,5
108,360,21.600000,43.200000,0,5,1242949686,1250,0,1128,-40,0,20,5
108,360,21.600000,43.200000,0,5,1242949692,1245,0,1123,-40,0,20,5
108,360,21.600000,43.200000,0,5,1242949698,1238,0,1116,-40,0,20,5
108,360,21.600000,43.200000,0,5,1242949705,1232,0,1110,-40,0,20,5
108,360,21.600000,43.200000,0,5,1242949711,1223,0,1101,-40,0,20,5
108,360,21.600000,43.200000,0,5,1242949718,1216,0,1094,-40,0,20,5
108,360,21.600000,43.200000,0,5,1242949724,1204,0,1082,-40,0,20,5
108,360,21.600000,43.200000,0,5,1242949730,1199,0,1077,-40,0,20,5
108,360,21.600000,43.200000,0,5,1242949735,1192,0,1070,-40,0,20,5
108,360,21.600000,43.200000,0,5,1242949741,1187,0,1065,-40,0,20,5
108,360,21.600000,43.200000,0,5,1242949746,1183,0,1061,-41,0,20,5
108,360,21.600000,43.200000,0,5,1242949752,1179,0,1057,-41,0,20,5
108,360,21.600000,43.200000,0,5,1242949758,1176,0,1054,-41,0,20,5
108,360,21.600000,43.200000,0,5,1242949764,1174,0,1052,-42,0,20,5
108,360,21.600000,43.200000,0,5,1242949769,1173,0,1051,-42,0,20,5
108,360,21.600000,43.200000,0,5,1242949775,1171,0,1049,-42,0,20,5
108,360,21.600000,43.200000,0,5,1242949781,1170,0,1048,-42,0,20,5
108,360,21.600000,43.200000,0,5,1242949786,1169,0,1047,-42,0,20,5
108,360,21.600000,43.200000,0,5,1242949792,1168,0,1046,-42,0,20,5
108,360,21.600000,43.200000,0,5,1242949797,1167,0,1045,-43,0,20,5
108,360,21.600000,43.200000,0,5,1242949802,1167,0,1045,-43,0,20,5
108,360,21.600000,43.200000,0,5,1242949808,1166,0,1044,-43,0,20,5
108,360,21.600000,43.200000,0,5,1242949814,1165,0,1043,-43,0,20,5
108,360,21.600000,43.200000,0,5,1242949819,1165,0,1043,-44,0,20,5
108,360,21.600000,43.200000,0,5,1242949825,1164,0,1042,-44,0,20,5
108,360,21.600000,43.200000,0,5,1242949830,1163,0,1041,-44,0,20,5
108,360,21.600000,43.200000,0,5,1242949836,1162,0,1040,-45,0,20,5
108,360,21.600000,43.200000,0,5,1242949841,1161,0,1039,-45,0,20,5
108,360,21.600000,43.200000,0,5,1242949847,1160,0,1038,-46,0,20,5
108,360,21.600000,43.200000,0,5,1242949852,1158,0,1036,-46,0,20,5
108,360,21.600000,43.200000,0,5,1242949858,1155,0,1033,-46,0,20,5
108,360,21.600000,43.200000,0,5,1242949863,1151,0,1029,-46,0,20,5
108,360,21.600000,43.200000,0,5,1242949869,1148,0,1026,-46,0,20,5
108,360,21.600000,43.200000,0,5,1242949875,1146,0,1024,-47,0,20,5
108,360,21.600000,43.200000,0,5,1242949880,1144,0,1022,-47,0,20,5
108,360,21.600000,43.200000,0,5,1242949886,1143,0,1021,-47,0,20,5
108,360,21.600000,43.200000,0,5,1242949892,1142,0,1020,-48,0,20,5
108,360,21.600000,43.200000,0,5,1242949898,1140,0,1018,-49,0,20,5
108,360,21.600000,43.200000,0,5,1242949903,1139,0,1017,-49,0,20,5
108,360,21.600000,43.200000,0,5,1242949909,1138,0,1016,-49,0,20,5
108,360,21.600000,43.200000,0,5,1242949914,1137,0,1015,-49,0,20,5
108,360,21.600000,43.200000,0,5,1242949919,1137,0,1015,-49,0,20,5
108,360,21.600000,43.200000,0,5,1242949925,1137,0,1015,-49,0,20,5
108,360,21.600000,43.200000,0,5,1242949930,1137,0,1015,-49,0,20,5
108,360,21.600000,43.200000,0,5,1242949936,1137,0,1015,-49,0,20,5
108,360,21.600000,43.200000,0,5,1242949942,1137,0,1015,-49,0,20,5
108,360,21.600000,43.200000,0,5,1242949948,1137,0,1015,-49,0,20,5
108,360,21.600000,43.200000,0,5,1242949953,1137,0,1015,-49,0,20,5
108,360,21.600000,43.200000,0,5,1242949959,1137,0,1015,-49,0,20,5
108,360,21.600000,43.200000,0,5,1242949964,1136,0,1014,-49,0,20,5
108,360,21.600000,43.200000,0,5,1242949970,1136,0,1014,-50,0,20,5
108,360,21.600000,43.200000,0,5,1242949976,1135,0,1013,-50,0,20,5
108,360,21.600000,43.200000,0,5,1242949981,1134,0,1012,-50,0,20,5
108,360,21.600000,43.200000,0,5,1242949987,1133,0,1011,-50,0,20,5
108,360,21.600000,43.200000,0,5,1242949992,1132,0,1010,-50,0,20,5
108,360,21.600000,43.200000,0,5,1242949998,1131,0,1009,-50,0,20,5
108,360,21.600000,43.200000,0,5,1242950003,1131,0,1009,-50,0,20,5
108,360,21.600000,43.200000,0,5,1242950009,1131,0,1009,-50,0,20,5
108,360,21.600000,43.200000,0,5,1242950014,1131,0,1009,-51,0,20,5
108,360,21.600000,43.200000,0,5,1242950020,1131,0,1009,-51,0,20,5
108,360,21.600000,43.200000,0,5,1242950026,1131,0,1009,-51,0,20,5
108,360,21.600000,43.200000,0,5,1242950031,1131,0,1009,-51,0,20,5
108,360,21.600000,43.200000,0,5,1242950037,1131,0,1009,-51,0,20,5
108,360,21.600000,43.200000,0,5,1242950042,1131,0,1009,-51,0,20,5
108,360,21.600000,43.200000,0,5,1242950055,1131,0,1009,-51,0,20,5
