108,360,21.600000,0.000000,0,5,1242806274,782,0,782,0,0,6,0
108,360,21.600000,0.000000,0,5,1242806275,782,0,782,0,0,6,0
108,360,21.600000,0.000000,0,5,1242806281,782,0,782,0,0,6,0
108,360,21.600000,0.000000,0,5,1242806286,782,0,782,0,0,6,0
108,360,21.600000,0.000000,0,5,1242806292,782,0,782,0,0,6,0
108,360,21.600000,0.000000,0,5,1242806297,782,0,782,0,0,6,0
108,360,21.600000,0.000000,0,5,1242806302,782,0,782,0,0,6,0
108,360,21.600000,0.000000,0,5,1242806308,783,0,783,0,0,6,0
108,360,21.600000,0.000000,0,5,1242806313,784,0,784,0,0,6,0
108,360,21.600000,0.000000,0,5,1242806319,785,0,785,0,0,6,0
108,360,21.600000,0.000000,0,5,1242806325,785,0,785,0,0,6,0
108,360,21.600000,0.000000,0,5,1242806330,785,0,785,-1,0,6,0
108,360,21.600000,0.000000,0,5,1242806336,786,0,786,-1,0,6,0
108,360,21.600000,0.000000,0,5,1242806342,789,0,789,-2,0,6,0
108,360,21.600000,0.000000,0,5,1242806348,795,0,795,-4,0,6,0
108,360,21.600000,0.000000,0,5,1242806353,802,0,802,-6,0,6,0
108,360,21.600000,0.000000,0,5,1242806359,816,0,816,-7,0,6,0
108,360,21.600000,0.000000,0,5,1242806364,830,0,830,-9,0,6,0
108,360,21.600000,0.000000,0,5,1242806370,841,0,841,-9,0,6,0
108,360,21.600000,0.000000,0,5,1242806376,864,0,864,-11,0,6,0
108,360,21.600000,0.000000,0,5,1242806381,885,0,885,-12,0,6,0
108,360,21.600000,0.000000,0,5,1242806387,908,0,908,-13,0,6,0
108,360,21.600000,0.000000,0,5,1242806393,933,0,933,-14,0,6,0
108,360,21.600000,0.000000,0,5,1242806398,958,0,958,-14,0,6,0
108,360,21.600000,0.000000,0,5,1242806404,984,0,984,-15,0,6,0
108,360,21.600000,0.000000,0,5,1242806410,1131,0,1019,-15,0,6,0
108,360,21.600000,0.000000,0,5,1242806415,1157,0,1045,-15,0,6,0
108,360,21.600000,0.000000,0,5,1242806421,1185,0,1073,-16,0,6,0
108,360,21.600000,0.000000,0,5,1242806426,1209,0,1097,-16,0,6,0
108,360,21.600000,0.000000,0,5,1242806432,1231,0,1119,-16,0,6,0
108,360,21.600000,0.000000,0,5,1242806437,1248,0,1136,-16,0,6,0
108,360,21.600000,0.000000,0,5,1242806443,1259,0,1147,-16,0,6,0
108,360,21.600000,0.000000,0,5,1242806449,1264,0,1152,-16,0,6,0
108,360,21.600000,0.000000,0,5,1242806454,1264,0,1152,-16,0,6,0
108,360,21.600000,0.000000,0,5,1242806460,1264,0,1152,-16,0,6,0
108,360,21.600000,0.000000,0,5,1242806466,1262,0,1150,-16,0,6,0
108,360,21.600000,0.000000,0,5,1242806471,1259,0,1147,-16,0,6,0
108,360,21.600000,0.000000,0,5,1242806477,1254,0,1142,-17,0,6,0
108,360,21.600000,0.000000,0,5,1242806482,1249,0,1137,-18,0,6,0
108,360,21.600000,0.000000,0,5,1242806488,1241,0,1129,-20,0,6,0
108,360,21.600000,0.000000,0,5,1242806493,1234,0,1122,-21,0,6,0
108,360,21.600000,0.000000,0,5,1242806499,1227,0,1115,-22,0,6,0
108,360,21.600000,0.000000,0,5,1242806504,1217,0,1105,-23,0,6,0
108,360,21.600000,0.000000,0,5,1242806510,1210,0,1098,-24,0,6,0
108,360,21.600000,0.000000,0,5,1242806516,1204,0,1092,-25,0,6,0
108,360,21.600000,0.000000,0,5,1242806522,1198,0,1086,-26,0,6,0
108,360,21.600000,0.000000,0,5,1242806528,1196,0,1084,-26,0,6,0
108,360,21.600000,0.000000,0,5,1242806533,1195,0,1083,-26,0,6,0
108,360,21.600000,0.000000,0,5,1242806539,1194,0,1082,-27,0,6,0
108,360,21.600000,0.000000,0,5,1242806544,1193,0,1081,-28,0,6,0
108,360,21.600000,0.000000,0,5,1242806550,1192,0,1080,-29,0,6,0
108,360,21.600000,0.000000,0,5,1242806555,1192,0,1080,-29,0,6,0
108,360,21.600000,0.000000,0,5,1242806561,1192,0,1080,-29,0,6,0
108,360,21.600000,0.000000,0,5,1242806566,1192,0,1080,-29,0,6,0
108,360,21.600000,0.000000,0,5,1242806572,1192,0,1080,-29,0,6,0
108,360,21.600000,0.000000,0,5,1242806578,1192,0,1080,-29,0,6,0
108,360,21.600000,0.000000,0,5,1242806583,1192,0,1080,-29,0,6,0
108,360,21.600000,0.000000,0,5,1242806589,1192,0,1080,-29,0,6,0
108,360,21.600000,0.000000,0,5,1242806594,1192,0,1080,-29,0,6,0
108,360,21.600000,0.000000,0,5,1242806599,1192,0,1080,-29,0,6,0
108,360,21.600000,0.000000,0,5,1242806605,1191,0,1079,-29,0,6,0
108,360,21.600000,0.000000,0,5,1242806610,1190,0,1078,-30,0,6,0
108,360,21.600000,0.000000,0,5,1242806616,1189,0,1077,-31,0,6,0
108,360,21.600000,0.000000,0,5,1242806622,1188,0,1076,-31,0,6,0
108,360,21.600000,0.000000,0,5,1242806627,1186,0,1074,-31,0,6,0
108,360,21.600000,0.000000,0,5,1242806633,1185,0,1073,-32,0,6,0
108,360,21.600000,0.000000,0,5,1242806639,1185,0,1073,-33,0,6,0
108,360,21.600000,0.000000,0,5,1242806644,1184,0,1072,-34,0,6,0
108,360,21.600000,0.000000,0,5,1242806650,1183,0,1071,-35,0,6,0
108,360,21.600000,0.000000,0,5,1242806655,1182,0,1070,-35,0,6,0
108,360,21.600000,0.000000,0,5,1242806661,1181,0,1069,-36,0,6,0
108,360,21.600000,0.000000,0,5,1242806667,1180,0,1068,-37,0,6,0
108,360,21.600000,0.000000,0,5,1242806672,1179,0,1067,-37,0,6,0
108,360,21.600000,0.000000,0,5,1242806678,1177,0,1065,-37,0,6,0
108,360,21.600000,0.000000,0,5,1242806683,1175,0,1063,-37,0,6,0
108,360,21.600000,0.000000,0,5,1242806689,1173,0,1061,-37,0,6,0
108,360,21.600000,0.000000,0,5,1242806695,1172,0,1060,-37,0,6,0
108,360,21.600000,0.000000,0,5,1242806702,1171,0,1059,-37,0,6,0
108,360,21.600000,0.000000,0,5,1242806709,1170,0,1058,-37,0,6,0
108,360,21.600000,0.000000,0,5,1242806714,1169,0,1057,-38,0,6,0
108,360,21.600000,0.000000,0,5,1242806720,1168,0,1056,-39,0,6,0
108,360,21.600000,0.000000,0,5,1242806726,1167,0,1055,-39,0,6,0
108,360,21.600000,0.000000,0,5,1242806732,1166,0,1054,-39,0,6,0
108,360,21.600000,0.000000,0,5,1242806737,1166,0,1054,-39,0,6,0
108,360,21.600000,0.000000,0,5,1242806742,1165,0,1053,-39,0,6,0
108,360,21.600000,0.000000,0,5,1242806748,1164,0,1052,-39,0,6,0
108,360,21.600000,0.000000,0,5,1242806754,1163,0,1051,-39,0,6,0
108,360,21.600000,0.000000,0,5,1242806760,1162,0,1050,-39,0,6,0
108,360,21.600000,0.000000,0,5,1242806766,1159,0,1047,-40,0,6,0
108,360,21.600000,0.000000,0,5,1242806772,1156,0,1044,-40,0,6,0
108,360,21.600000,0.000000,0,5,1242806778,1155,0,1043,-40,0,6,0
108,360,21.600000,0.000000,0,5,1242806786,1154,0,1042,-40,0,6,0
108,360,21.600000,0.000000,0,5,1242806792,1152,0,1040,-40,0,6,0
108,360,21.600000,0.000000,0,5,1242806798,1151,0,1039,-41,0,6,0
108,360,21.600000,0.000000,0,5,1242806803,1150,0,1038,-42,0,6,0
108,360,21.600000,0.000000,0,5,1242806809,1150,0,1038,-42,0,6,0
108,360,21.600000,0.000000,0,5,1242806814,1149,0,1037,-42,0,6,0
108,360,21.600000,0.000000,0,5,1242806820,1148,0,1036,-42,0,6,0
108,360,21.600000,0.000000,0,5,1242806826,1148,0,1036,-42,0,6,0
108,360,21.600000,0.000000,0,5,1242806831,1148,0,1036,-42,0,6,0
108,360,21.600000,0.000000,0,5,1242806837,1148,0,1036,-42,0,6,0
108,360,21.600000,0.000000,0,5,1242806843,1148,0,1036,-42,0,6,0
108,360,21.600000,0.000000,0,5,1242806848,1148,0,1036,-42,0,6,0
108,360,21.600000,0.000000,0,5,1242806854,1148,0,1036,-43,0,6,0
108,360,21.600000,0.000000,0,5,1242806860,1148,0,1036,-44,0,6,0
108,360,21.600000,0.000000,0,5,1242806866,1148,0,1036,-45,0,6,0
108,360,21.600000,0.000000,0,5,1242806872,1148,0,1036,-45,0,6,0
108,360,21.600000,0.000000,0,5,1242806878,1148,0,1036,-45,0,6,0
108,360,21.600000,0.000000,0,5,1242806883,1149,0,1037,-45,0,6,0
108,360,21.600000,0.000000,0,5,1242806897,1149,0,1037,-45,0,6,0
