108,360,21.600000,0.000000,1,5,1243079908,771,6.200000,771,6.200000,0,34,0
108,360,21.600000,0.000000,1,5,1243079909,771,6.200000,771,6.200000,0,34,0
108,360,21.600000,0.000000,1,5,1243079915,771,6.200000,771,6.200000,0,34,0
108,360,21.600000,0.000000,1,5,1243079921,771,6.200000,771,6.200000,0,34,0
108,360,21.600000,0.000000,1,5,1243079927,771,6.200000,771,6.200000,0,34,0
108,360,21.600000,0.000000,1,5,1243079932,772,6.200000,772,6.200000,0,34,0
108,360,21.600000,0.000000,1,5,1243079938,773,6.200000,773,6.200000,0,34,0
108,360,21.600000,0.000000,1,5,1243079944,774,7.200000,774,7.200000,0,34,0
108,360,21.600000,0.000000,1,5,1243079950,775,8.200000,775,8.200000,0,34,0
108,360,21.600000,0.000000,1,5,1243079955,776,9.200000,776,9.200000,0,34,0
108,360,21.600000,0.000000,1,5,1243079960,777,10.200000,777,10.200000,0,34,0
108,360,21.600000,0.000000,1,5,1243079966,778,11.200000,778,11.200000,0,34,0
108,360,21.600000,0.000000,1,5,1243079972,780,12.200000,780,12.200000,0,34,0
108,360,21.600000,0.000000,1,5,1243079980,781,13.200000,781,13.200000,0,34,0
108,360,21.600000,0.000000,1,5,1243079986,784,15.200000,784,15.200000,0,34,0
108,360,21.600000,0.000000,1,5,1243079991,786,17.200000,786,17.200000,0,34,0
108,360,21.600000,0.000000,1,5,1243079998,788,19.200000,788,19.200000,0,34,0
108,360,21.600000,0.000000,1,5,1243080003,793,22.200000,793,22.200000,0,34,0
108,360,21.600000,0.000000,1,5,1243080009,797,25.200000,797,25.200000,0,34,0
108,360,21.600000,0.000000,1,5,1243080014,804,28.200000,804,28.200000,0,34,0
108,360,21.600000,0.000000,1,5,1243080020,812,32.200000,812,32.200000,0,34,0
108,360,21.600000,0.000000,1,5,1243080026,822,35.200000,822,35.200000,0,34,0
108,360,21.600000,0.000000,1,5,1243080031,835,38.200000,835,38.200000,0,34,0
108,360,21.600000,0.000000,1,5,1243080037,848,41.200000,848,41.200000,0,34,0
108,360,21.600000,0.000000,1,5,1243080042,869,44.200000,869,44.200000,0,34,0
108,360,21.600000,0.000000,1,5,1243080048,892,47.200000,892,47.200000,0,34,0
108,360,21.600000,0.000000,1,5,1243080053,916,49.200000,916,49.200000,0,34,0
108,360,21.600000,0.000000,1,5,1243080059,946,51.200000,946,51.200000,0,34,0
108,360,21.600000,0.000000,1,5,1243080065,963,51.200000,963,51.200000,0,34,0
108,360,21.600000,0.000000,1,5,1243080070,988,51.200000,988,51.200000,0,34,0
108,360,21.600000,0.000000,1,5,1243080076,1021,52.200000,1021,52.200000,0,34,0
108,360,21.600000,0.000000,1,5,1243080081,1045,52.200000,1045,52.200000,0,34,0
108,360,21.600000,0.000000,1,5,1243080087,1073,52.200000,1073,52.200000,0,34,0
108,360,21.600000,0.000000,1,5,1243080093,1103,51.200000,1103,51.200000,0,34,0
108,360,21.600000,0.000000,1,5,1243080099,1120,50.200000,1120,50.200000,0,34,0
108,360,21.600000,0.000000,1,5,1243080104,1139,49.200000,1139,49.200000,0,34,0
108,360,21.600000,0.000000,1,5,1243080110,1155,48.200000,1155,48.200000,0,34,0
108,360,21.600000,0.000000,1,5,1243080115,1171,47.200000,1171,47.200000,0,34,0
108,360,21.600000,0.000000,1,5,1243080121,1181,46.200000,1181,46.200000,0,34,0
108,360,21.600000,0.000000,1,5,1243080127,1186,45.200000,1186,45.200000,0,34,0
108,360,21.600000,0.000000,1,5,1243080132,1187,45.200000,1187,45.200000,0,34,0
108,360,21.600000,0.000000,1,5,1243080137,1188,44.200000,1188,44.200000,0,34,0
108,360,21.600000,0.000000,1,5,1243080143,1188,43.200000,1188,43.200000,0,34,0
108,360,21.600000,0.000000,1,5,1243080149,1185,42.200000,1185,42.200000,0,34,0
108,360,21.600000,0.000000,1,5,1243080155,1180,40.200000,1180,40.200000,0,34,0
108,360,21.600000,0.000000,1,5,1243080160,1175,39.200000,1175,39.200000,0,34,0
108,360,21.600000,0.000000,1,5,1243080166,1170,38.200000,1170,38.200000,0,34,0
108,360,21.600000,0.000000,1,5,1243080172,1166,37.200000,1166,37.200000,0,34,0
108,360,21.600000,0.000000,1,5,1243080177,1163,36.200000,1163,36.200000,0,34,0
108,360,21.600000,0.000000,1,5,1243080183,1161,35.200000,1161,35.200000,0,34,0
108,360,21.600000,0.000000,1,5,1243080189,1159,34.200000,1159,34.200000,0,34,0
108,360,21.600000,0.000000,1,5,1243080194,1158,33.200000,1158,33.200000,0,34,0
108,360,21.600000,0.000000,1,5,1243080199,1158,33.200000,1158,33.200000,0,34,0
108,360,21.600000,0.000000,1,5,1243080205,1158,32.200000,1158,32.200000,0,34,0
108,360,21.600000,0.000000,1,5,1243080210,1159,31.200000,1159,31.200000,0,34,0
108,360,21.600000,0.000000,1,5,1243080216,1160,29.200000,1160,29.200000,0,34,0
108,360,21.600000,0.000000,1,5,1243080221,1161,28.200000,1161,28.200000,0,34,0
108,360,21.600000,0.000000,1,5,1243080227,1162,27.200000,1162,27.200000,0,34,0
108,360,21.600000,0.000000,1,5,1243080233,1163,26.200000,1163,26.200000,0,34,0
108,360,21.600000,0.000000,1,5,1243080238,1164,25.200000,1164,25.200000,0,34,0
108,360,21.600000,0.000000,1,5,1243080244,1164,24.200000,1164,24.200000,0,34,0
108,360,21.600000,0.000000,1,5,1243080250,1164,23.200000,1164,23.200000,0,34,0
108,360,21.600000,0.000000,1,5,1243080255,1164,22.200000,1164,22.200000,0,34,0
108,360,21.600000,0.000000,1,5,1243080261,1164,21.200000,1164,21.200000,0,34,0
108,360,21.600000,0.000000,1,5,1243080266,1163,20.200000,1163,20.200000,0,34,0
108,360,21.600000,0.000000,1,5,1243080271,1162,19.200000,1162,19.200000,0,34,0
108,360,21.600000,0.000000,1,5,1243080277,1160,18.200000,1160,18.200000,0,34,0
108,360,21.600000,0.000000,1,5,1243080283,1158,17.200000,1158,17.200000,0,34,0
108,360,21.600000,0.000000,1,5,1243080288,1156,16.200000,1156,16.200000,0,34,0
108,360,21.600000,0.000000,1,5,1243080294,1154,15.200000,1154,15.200000,0,34,0
108,360,21.600000,0.000000,1,5,1243080300,1152,14.200000,1152,14.200000,0,34,0
108,360,21.600000,0.000000,1,5,1243080305,1151,14.200000,1151,14.200000,0,34,0
108,360,21.600000,0.000000,1,5,1243080311,1149,13.200000,1149,13.200000,0,34,0
108,360,21.600000,0.000000,1,5,1243080316,1149,13.200000,1149,13.200000,0,34,0
108,360,21.600000,0.000000,1,5,1243080323,1148,13.200000,1148,13.200000,0,34,0
108,360,21.600000,0.000000,1,5,1243080329,1147,12.200000,1147,12.200000,0,34,0
108,360,21.600000,0.000000,1,5,1243080335,1147,12.200000,1147,12.200000,0,34,0
108,360,21.600000,0.000000,1,5,1243080340,1147,12.200000,1147,12.200000,0,34,0
108,360,21.600000,0.000000,1,5,1243080346,1147,12.200000,1147,12.200000,0,34,0
108,360,21.600000,0.000000,1,5,1243080352,1147,12.200000,1147,12.200000,0,34,0
108,360,21.600000,0.000000,1,5,1243080358,1147,12.200000,1147,12.200000,0,34,0
108,360,21.600000,0.000000,1,5,1243080364,1147,12.200000,1147,12.200000,0,34,0
108,360,21.600000,0.000000,1,5,1243080369,1147,12.200000,1147,12.200000,0,34,0
108,360,21.600000,0.000000,1,5,1243080375,1147,12.200000,1147,12.200000,0,34,0
108,360,21.600000,0.000000,1,5,1243080380,1147,12.200000,1147,12.200000,0,34,0
108,360,21.600000,0.000000,1,5,1243080386,1147,12.200000,1147,12.200000,0,34,0
108,360,21.600000,0.000000,1,5,1243080391,1147,12.200000,1147,12.200000,0,34,0
108,360,21.600000,0.000000,1,5,1243080397,1147,12.200000,1147,12.200000,0,34,0
108,360,21.600000,0.000000,1,5,1243080402,1146,11.200000,1146,11.200000,0,34,0
108,360,21.600000,0.000000,1,5,1243080408,1145,11.200000,1145,11.200000,0,34,0
108,360,21.600000,0.000000,1,5,1243080414,1144,11.200000,1144,11.200000,0,34,0
108,360,21.600000,0.000000,1,5,1243080420,1143,11.200000,1143,11.200000,0,34,0
108,360,21.600000,0.000000,1,5,1243080425,1142,11.200000,1142,11.200000,0,34,0
108,360,21.600000,0.000000,1,5,1243080431,1141,11.200000,1141,11.200000,0,34,0
108,360,21.600000,0.000000,1,5,1243080436,1140,11.200000,1140,11.200000,0,34,0
108,360,21.600000,0.000000,1,5,1243080442,1139,11.200000,1139,11.200000,0,34,0
108,360,21.600000,0.000000,1,5,1243080448,1139,10.200000,1139,10.200000,0,34,0
108,360,21.600000,0.000000,1,5,1243080453,1139,9.200000,1139,9.200000,0,34,0
108,360,21.600000,0.000000,1,5,1243080458,1139,8.200000,1139,8.200000,0,34,0
108,360,21.600000,0.000000,1,5,1243080464,1139,7.200000,1139,7.200000,0,34,0
108,360,21.600000,0.000000,1,5,1243080470,1139,7.200000,1139,7.200000,0,34,0
108,360,21.600000,0.000000,1,5,1243080483,1139,7.200000,1139,7.200000,0,34,0
