108,360,21.600000,0.000000,1,4,1243470731,777,12,777,12,0,70,0
108,360,21.600000,0.000000,1,4,1243470733,777,12,777,12,0,70,0
108,360,21.600000,0.000000,1,4,1243470738,777,12,777,12,0,70,0
108,360,21.600000,0.000000,1,4,1243470743,777,12,777,12,0,70,0
108,360,21.600000,0.000000,1,4,1243470749,777,12,777,12,0,70,0
108,360,21.600000,0.000000,1,4,1243470754,778,12,778,12,0,70,0
108,360,21.600000,0.000000,1,4,1243470760,778,12,778,12,0,70,0
108,360,21.600000,0.000000,1,4,1243470766,778,12,778,12,0,70,0
108,360,21.600000,0.000000,1,4,1243470771,778,12,778,12,0,70,0
108,360,21.600000,0.000000,1,4,1243470777,778,12,778,12,0,70,0
108,360,21.600000,0.000000,1,4,1243470783,778,12,778,12,0,70,0
108,360,21.600000,0.000000,1,4,1243470789,779,12,779,12,0,70,0
108,360,21.600000,0.000000,1,4,1243470795,780,13,780,13,0,70,0
108,360,21.600000,0.000000,1,4,1243470800,781,14,781,14,0,70,0
108,360,21.600000,0.000000,1,4,1243470806,783,15,783,15,0,70,0
108,360,21.600000,0.000000,1,4,1243470812,785,16,785,16,0,70,0
108,360,21.600000,0.000000,1,4,1243470817,789,17,789,17,0,70,0
108,360,21.600000,0.000000,1,4,1243470823,793,19,793,19,0,70,0
108,360,21.600000,0.000000,1,4,1243470829,799,21,799,21,0,70,0
108,360,21.600000,0.000000,1,4,1243470835,806,22,806,22,0,70,0
108,360,21.600000,0.000000,1,4,1243470841,815,25,815,25,0,70,0
108,360,21.600000,0.000000,1,4,1243470848,827,27,827,27,0,70,0
108,360,21.600000,0.000000,1,4,1243470853,849,31,849,31,0,70,0
108,360,21.600000,0.000000,1,4,1243470859,866,33,866,33,0,70,0
108,360,21.600000,0.000000,1,4,1243470864,888,35,888,35,0,70,0
108,360,21.600000,0.000000,1,4,1243470870,907,37,907,37,0,70,0
108,360,21.600000,0.000000,1,4,1243470875,931,38,931,38,0,70,0
108,360,21.600000,0.000000,1,4,1243470881,957,39,957,39,0,70,0
108,360,21.600000,0.000000,1,4,1243470887,982,40,982,40,0,70,0
108,360,21.600000,0.000000,1,4,1243470892,1007,41,1007,41,0,70,0
108,360,21.600000,0.000000,1,4,1243470898,1028,42,1028,42,0,70,0
108,360,21.600000,0.000000,1,4,1243470904,1049,42,1049,42,0,70,0
108,360,21.600000,0.000000,1,4,1243470909,1062,42,1062,42,0,70,0
108,360,21.600000,0.000000,1,4,1243470915,1079,42,1079,42,0,70,0
108,360,21.600000,0.000000,1,4,1243470921,1092,42,1092,42,0,70,0
108,360,21.600000,0.000000,1,4,1243470926,1106,42,1106,42,0,70,0
108,360,21.600000,0.000000,1,4,1243470932,1113,41,1113,41,0,70,0
108,360,21.600000,0.000000,1,4,1243470938,1119,40,1119,40,0,70,0
108,360,21.600000,0.000000,1,4,1243470943,1124,38,1124,38,0,70,0
108,360,21.600000,0.000000,1,4,1243470949,1127,36,1127,36,0,70,0
108,360,21.600000,0.000000,1,4,1243470955,1128,35,1128,35,0,70,0
108,360,21.600000,0.000000,1,4,1243470960,1129,34,1129,34,0,70,0
108,360,21.600000,0.000000,1,4,1243470966,1130,33,1130,33,0,70,0
108,360,21.600000,0.000000,1,4,1243470971,1131,31,1131,31,0,70,0
108,360,21.600000,0.000000,1,4,1243470977,1132,30,1132,30,0,70,0
108,360,21.600000,0.000000,1,4,1243470983,1133,29,1133,29,0,70,0
108,360,21.600000,0.000000,1,4,1243470988,1134,28,1134,28,0,70,0
108,360,21.600000,0.000000,1,4,1243470993,1136,26,1136,26,0,70,0
108,360,21.600000,0.000000,1,4,1243470999,1138,25,1138,25,0,70,0
108,360,21.600000,0.000000,1,4,1243471004,1141,24,1141,24,0,70,0
108,360,21.600000,0.000000,1,4,1243471010,1144,23,1144,23,0,70,0
108,360,21.600000,0.000000,1,4,1243471015,1146,23,1146,23,0,70,0
108,360,21.600000,0.000000,1,4,1243471021,1149,23,1149,23,0,70,0
108,360,21.600000,0.000000,1,4,1243471027,1151,23,1151,23,0,70,0
108,360,21.600000,0.000000,1,4,1243471032,1153,23,1153,23,0,70,0
108,360,21.600000,0.000000,1,4,1243471038,1154,22,1154,22,0,70,0
108,360,21.600000,0.000000,1,4,1243471043,1155,22,1155,22,0,70,0
108,360,21.600000,0.000000,1,4,1243471049,1156,22,1156,22,0,70,0
108,360,21.600000,0.000000,1,4,1243471054,1156,21,1156,21,0,70,0
108,360,21.600000,0.000000,1,4,1243471060,1156,21,1156,21,0,70,0
108,360,21.600000,0.000000,1,4,1243471065,1156,21,1156,21,0,70,0
108,360,21.600000,0.000000,1,4,1243471071,1156,21,1156,21,0,70,0
108,360,21.600000,0.000000,1,4,1243471076,1156,21,1156,21,0,70,0
108,360,21.600000,0.000000,1,4,1243471082,1156,21,1156,21,0,70,0
108,360,21.600000,0.000000,1,4,1243471087,1156,21,1156,21,0,70,0
108,360,21.600000,0.000000,1,4,1243471093,1156,21,1156,21,0,70,0
108,360,21.600000,0.000000,1,4,1243471099,1157,21,1157,21,0,70,0
108,360,21.600000,0.000000,1,4,1243471105,1158,21,1158,21,0,70,0
108,360,21.600000,0.000000,1,4,1243471110,1158,20,1158,20,0,70,0
108,360,21.600000,0.000000,1,4,1243471115,1159,19,1159,19,0,70,0
108,360,21.600000,0.000000,1,4,1243471121,1160,18,1160,18,0,70,0
108,360,21.600000,0.000000,1,4,1243471126,1160,18,1160,18,0,70,0
108,360,21.600000,0.000000,1,4,1243471132,1160,18,1160,18,0,70,0
108,360,21.600000,0.000000,1,4,1243471138,1160,18,1160,18,0,70,0
108,360,21.600000,0.000000,1,4,1243471144,1160,18,1160,18,0,70,0
108,360,21.600000,0.000000,1,4,1243471149,1160,17,1160,17,0,70,0
108,360,21.600000,0.000000,1,4,1243471156,1160,16,1160,16,0,70,0
108,360,21.600000,0.000000,1,4,1243471161,1159,16,1159,16,0,70,0
108,360,21.600000,0.000000,1,4,1243471167,1158,15,1158,15,0,70,0
108,360,21.600000,0.000000,1,4,1243471173,1157,14,1157,14,0,70,0
108,360,21.600000,0.000000,1,4,1243471178,1157,14,1157,14,0,70,0
108,360,21.600000,0.000000,1,4,1243471183,1157,13,1157,13,0,70,0
108,360,21.600000,0.000000,1,4,1243471189,1156,12,1156,12,0,70,0
108,360,21.600000,0.000000,1,4,1243471195,1155,12,1155,12,0,70,0
108,360,21.600000,0.000000,1,4,1243471201,1154,11,1154,11,0,70,0
108,360,21.600000,0.000000,1,4,1243471206,1153,11,1153,11,0,70,0
108,360,21.600000,0.000000,1,4,1243471212,1152,10,1152,10,0,70,0
108,360,21.600000,0.000000,1,4,1243471218,1151,10,1151,10,0,70,0
108,360,21.600000,0.000000,1,4,1243471223,1149,10,1149,10,0,70,0
108,360,21.600000,0.000000,1,4,1243471229,1148,10,1148,10,0,70,0
108,360,21.600000,0.000000,1,4,1243471235,1147,10,1147,10,0,70,0
108,360,21.600000,0.000000,1,4,1243471240,1146,10,1146,10,0,70,0
108,360,21.600000,0.000000,1,4,1243471245,1145,10,1145,10,0,70,0
108,360,21.600000,0.000000,1,4,1243471251,1144,10,1144,10,0,70,0
108,360,21.600000,0.000000,1,4,1243471257,1144,11,1144,11,0,70,0
108,360,21.600000,0.000000,1,4,1243471262,1143,11,1143,11,0,70,0
108,360,21.600000,0.000000,1,4,1243471268,1142,12,1142,12,0,70,0
108,360,21.600000,0.000000,1,4,1243471273,1141,13,1141,13,0,70,0
108,360,21.600000,0.000000,1,4,1243471279,1140,14,1140,14,0,70,0
108,360,21.600000,0.000000,1,4,1243471284,1139,15,1139,15,0,70,0
108,360,21.600000,0.000000,1,4,1243471290,1138,16,1138,16,0,70,0
108,360,21.600000,0.000000,1,4,1243471295,1138,16,1138,16,0,70,0
108,360,21.600000,0.000000,1,4,1243471300,1138,16,1138,16,0,70,0
108,360,21.600000,0.000000,1,4,1243471306,1137,16,1137,16,0,70,0
108,360,21.600000,0.000000,1,4,1243471312,1136,16,1136,16,0,70,0
108,360,21.600000,0.000000,1,4,1243471317,1135,16,1135,16,0,70,0
108,360,21.600000,0.000000,1,4,1243471323,1134,16,1134,16,0,70,0
108,360,21.600000,0.000000,1,4,1243471328,1134,16,1134,16,0,70,0
108,360,21.600000,0.000000,1,4,1243471334,1134,16,1134,16,0,70,0
108,360,21.600000,0.000000,1,4,1243471340,1134,16,1134,16,0,70,0
108,360,21.600000,0.000000,1,4,1243471345,1134,16,1134,16,0,70,0
108,360,21.600000,0.000000,1,4,1243471351,1134,16,1134,16,0,70,0
108,360,21.600000,0.000000,1,4,1243471356,1134,16,1134,16,0,70,0
108,360,21.600000,0.000000,1,4,1243471369,1134,16,1134,16,0,70,0
