108,720,21.600000,10000.000000,0,5,1242784922,600,0,600,0,0,4,0
108,720,21.600000,10000.000000,0,5,1242784924,600,0,600,0,0,4,0
108,720,21.600000,10000.000000,0,5,1242784929,601,0,601,0,0,4,0
108,720,21.600000,10000.000000,0,5,1242784935,602,0,602,0,0,4,0
108,720,21.600000,10000.000000,0,5,1242784940,602,0,602,0,0,4,0
108,720,21.600000,10000.000000,0,5,1242784946,602,0,602,0,0,4,0
108,720,21.600000,10000.000000,0,5,1242784951,602,0,602,0,0,4,0
108,720,21.600000,10000.000000,0,5,1242784957,602,0,602,0,0,4,0
108,720,21.600000,10000.000000,0,5,1242784963,602,0,602,0,0,4,0
108,720,21.600000,10000.000000,0,5,1242784968,602,0,602,0,0,4,0
108,720,21.600000,10000.000000,0,5,1242784973,602,0,602,0,0,4,0
108,720,21.600000,10000.000000,0,5,1242784979,602,0,602,0,0,4,0
108,720,21.600000,10000.000000,0,5,1242784984,603,0,603,0,0,4,0
108,720,21.600000,10000.000000,0,5,1242784990,604,0,604,0,0,4,0
108,720,21.600000,10000.000000,0,5,1242784996,608,0,608,0,0,4,0
108,720,21.600000,10000.000000,0,5,1242785003,614,0,614,0,0,4,0
108,720,21.600000,10000.000000,0,5,1242785008,624,0,624,-1,0,4,0
108,720,21.600000,10000.000000,0,5,1242785014,636,0,636,-2,0,4,0
108,720,21.600000,10000.000000,0,5,1242785020,650,0,650,-3,0,4,0
108,720,21.600000,10000.000000,0,5,1242785026,671,0,671,-4,0,4,0
108,720,21.600000,10000.000000,0,5,1242785031,688,0,688,-6,0,4,0
108,720,21.600000,10000.000000,0,5,1242785037,708,0,708,-8,0,4,0
108,720,21.600000,10000.000000,0,5,1242785044,728,0,728,-10,0,4,0
108,720,21.600000,10000.000000,0,5,1242785050,769,0,769,-12,0,4,0
108,720,21.600000,10000.000000,0,5,1242785055,795,0,795,-13,0,4,0
108,720,21.600000,10000.000000,0,5,1242785061,824,0,824,-14,0,4,0
108,720,21.600000,10000.000000,0,5,1242785067,858,0,858,-15,0,4,0
108,720,21.600000,10000.000000,0,5,1242785072,885,0,885,-15,0,4,0
108,720,21.600000,10000.000000,0,5,1242785078,919,0,919,-17,0,4,0
108,720,21.600000,10000.000000,0,5,1242785083,953,0,953,-19,0,4,0
108,720,21.600000,10000.000000,0,5,1242785089,985,0,985,-22,0,4,0
108,720,21.600000,10000.000000,0,5,1242785094,1012,0,1012,-25,0,4,0
108,720,21.600000,10000.000000,0,5,1242785100,1046,0,1046,-29,0,4,0
108,720,21.600000,10000.000000,0,5,1242785106,1072,0,1072,-32,0,4,0
108,720,21.600000,10000.000000,0,5,1242785111,1098,0,1098,-36,0,4,0
108,720,21.600000,10000.000000,0,5,1242785117,1125,0,1125,-40,0,4,0
108,720,21.600000,10000.000000,0,5,1242785122,1148,0,1148,-43,0,4,0
108,720,21.600000,10000.000000,0,5,1242785128,1170,0,1170,-46,0,4,0
108,720,21.600000,10000.000000,0,5,1242785134,1186,0,1186,-48,0,4,0
108,720,21.600000,10000.000000,0,5,1242785140,1196,0,1196,-49,0,4,0
108,720,21.600000,10000.000000,0,5,1242785145,1207,0,1207,-51,0,4,0
108,720,21.600000,10000.000000,0,5,1242785151,1211,0,1211,-52,0,4,0
108,720,21.600000,10000.000000,0,5,1242785156,1213,0,1213,-52,0,4,0
108,720,21.600000,10000.000000,0,5,1242785161,1213,0,1213,-53,0,4,0
108,720,21.600000,10000.000000,0,5,1242785167,1213,0,1213,-54,0,4,0
108,720,21.600000,10000.000000,0,5,1242785173,1213,0,1213,-54,0,4,0
108,720,21.600000,10000.000000,0,5,1242785178,1213,0,1213,-55,0,4,0
108,720,21.600000,10000.000000,0,5,1242785184,1213,0,1213,-56,0,4,0
108,720,21.600000,10000.000000,0,5,1242785190,1213,0,1213,-56,0,4,0
108,720,21.600000,10000.000000,0,5,1242785195,1213,0,1213,-56,0,4,0
108,720,21.600000,10000.000000,0,5,1242785201,1213,0,1213,-56,0,4,0
108,720,21.600000,10000.000000,0,5,1242785206,1213,0,1213,-56,0,4,0
108,720,21.600000,10000.000000,0,5,1242785212,1213,0,1213,-56,0,4,0
108,720,21.600000,10000.000000,0,5,1242785217,1213,0,1213,-56,0,4,0
108,720,21.600000,10000.000000,0,5,1242785222,1213,0,1213,-56,0,4,0
108,720,21.600000,10000.000000,0,5,1242785228,1214,0,1214,-56,0,4,0
108,720,21.600000,10000.000000,0,5,1242785233,1215,0,1215,-56,0,4,0
108,720,21.600000,10000.000000,0,5,1242785239,1216,0,1216,-56,0,4,0
108,720,21.600000,10000.000000,0,5,1242785245,1217,0,1217,-56,0,4,0
108,720,21.600000,10000.000000,0,5,1242785250,1218,0,1218,-56,0,4,0
108,720,21.600000,10000.000000,0,5,1242785256,1218,0,1218,-56,0,4,0
108,720,21.600000,10000.000000,0,5,1242785262,1218,0,1218,-56,0,4,0
108,720,21.600000,10000.000000,0,5,1242785268,1218,0,1218,-57,0,4,0
108,720,21.600000,10000.000000,0,5,1242785273,1218,0,1218,-57,0,4,0
108,720,21.600000,10000.000000,0,5,1242785279,1218,0,1218,-57,0,4,0
108,720,21.600000,10000.000000,0,5,1242785284,1218,0,1218,-57,0,4,0
108,720,21.600000,10000.000000,0,5,1242785289,1218,0,1218,-57,0,4,0
108,720,21.600000,10000.000000,0,5,1242785295,1218,0,1218,-57,0,4,0
108,720,21.600000,10000.000000,0,5,1242785301,1219,0,1219,-57,0,4,0
108,720,21.600000,10000.000000,0,5,1242785307,1222,0,1222,-57,0,4,0
108,720,21.600000,10000.000000,0,5,1242785312,1228,0,1228,-57,0,4,0
108,720,21.600000,10000.000000,0,5,1242785318,1234,0,1234,-57,0,4,0
108,720,21.600000,10000.000000,0,5,1242785324,1242,0,1242,-58,0,4,0
108,720,21.600000,10000.000000,0,5,1242785329,1248,0,1248,-59,0,4,0
108,720,21.600000,10000.000000,0,5,1242785335,1256,0,1256,-60,0,4,0
108,720,21.600000,10000.000000,0,5,1242785340,1263,0,1263,-60,0,4,0
108,720,21.600000,10000.000000,0,5,1242785346,1267,0,1267,-60,0,4,0
108,720,21.600000,10000.000000,0,5,1242785352,1271,0,1271,-60,0,4,0
108,720,21.600000,10000.000000,0,5,1242785358,1273,0,1273,-60,0,4,0
108,720,21.600000,10000.000000,0,5,1242785363,1275,0,1275,-60,0,4,0
108,720,21.600000,10000.000000,0,5,1242785369,1276,0,1276,-61,0,4,0
108,720,21.600000,10000.000000,0,5,1242785375,1277,0,1277,-61,0,4,0
108,720,21.600000,10000.000000,0,5,1242785380,1278,0,1278,-61,0,4,0
108,720,21.600000,10000.000000,0,5,1242785386,1279,0,1279,-61,0,4,0
108,720,21.600000,10000.000000,0,5,1242785391,1279,0,1279,-61,0,4,0
108,720,21.600000,10000.000000,0,5,1242785397,1279,0,1279,-61,0,4,0
108,720,21.600000,10000.000000,0,5,1242785403,1279,0,1279,-61,0,4,0
108,720,21.600000,10000.000000,0,5,1242785408,1279,0,1279,-61,0,4,0
108,720,21.600000,10000.000000,0,5,1242785413,1280,0,1280,-61,0,4,0
108,720,21.600000,10000.000000,0,5,1242785419,1281,0,1281,-61,0,4,0
108,720,21.600000,10000.000000,0,5,1242785425,1281,0,1281,-61,0,4,0
108,720,21.600000,10000.000000,0,5,1242785430,1281,0,1281,-62,0,4,0
108,720,21.600000,10000.000000,0,5,1242785436,1282,0,1282,-62,0,4,0
108,720,21.600000,10000.000000,0,5,1242785442,1282,0,1282,-62,0,4,0
108,720,21.600000,10000.000000,0,5,1242785448,1284,0,1284,-63,0,4,0
108,720,21.600000,10000.000000,0,5,1242785454,1286,0,1286,-64,0,4,0
108,720,21.600000,10000.000000,0,5,1242785459,1287,0,1287,-65,0,4,0
108,720,21.600000,10000.000000,0,5,1242785464,1289,0,1289,-66,0,4,0
108,720,21.600000,10000.000000,0,5,1242785470,1292,0,1292,-68,0,4,0
108,720,21.600000,10000.000000,0,5,1242785476,1294,0,1294,-69,0,4,0
108,720,21.600000,10000.000000,0,5,1242785481,1296,0,1296,-69,0,4,0
108,720,21.600000,10000.000000,0,5,1242785487,1298,0,1298,-70,0,4,0
108,720,21.600000,10000.000000,0,5,1242785494,1300,0,1300,-71,0,4,0
108,720,21.600000,10000.000000,0,5,1242785500,1301,0,1301,-72,0,4,0
108,720,21.600000,10000.000000,0,5,1242785506,1302,0,1302,-72,0,4,0
108,720,21.600000,10000.000000,0,5,1242785511,1303,0,1303,-72,0,4,0
108,720,21.600000,10000.000000,0,5,1242785517,1304,0,1304,-72,0,4,0
108,720,21.600000,10000.000000,0,5,1242785522,1304,0,1304,-72,0,4,0
108,720,21.600000,10000.000000,0,5,1242785528,1304,0,1304,-72,0,4,0
108,720,21.600000,10000.000000,0,5,1242785534,1304,0,1304,-72,0,4,0
108,720,21.600000,10000.000000,0,5,1242785539,1304,0,1304,-72,0,4,0
108,720,21.600000,10000.000000,0,5,1242785545,1304,0,1304,-72,0,4,0
108,720,21.600000,10000.000000,0,5,1242785551,1304,0,1304,-72,0,4,0
108,720,21.600000,10000.000000,0,5,1242785556,1304,0,1304,-72,0,4,0
108,720,21.600000,10000.000000,0,5,1242785562,1304,0,1304,-72,0,4,0
108,720,21.600000,10000.000000,0,5,1242785567,1304,0,1304,-72,0,4,0
108,720,21.600000,10000.000000,0,5,1242785573,1304,0,1304,-72,0,4,0
108,720,21.600000,10000.000000,0,5,1242785578,1304,0,1304,-72,0,4,0
108,720,21.600000,10000.000000,0,5,1242785583,1304,0,1304,-72,0,4,0
108,720,21.600000,10000.000000,0,5,1242785589,1304,0,1304,-72,0,4,0
108,720,21.600000,10000.000000,0,5,1242785594,1304,0,1304,-72,0,4,0
108,720,21.600000,10000.000000,0,5,1242785600,1304,0,1304,-72,0,4,0
108,720,21.600000,10000.000000,0,5,1242785606,1305,0,1305,-72,0,4,0
108,720,21.600000,10000.000000,0,5,1242785611,1306,0,1306,-73,0,4,0
108,720,21.600000,10000.000000,0,5,1242785617,1307,0,1307,-73,0,4,0
108,720,21.600000,10000.000000,0,5,1242785623,1308,0,1308,-73,0,4,0
108,720,21.600000,10000.000000,0,5,1242785628,1309,0,1309,-73,0,4,0
108,720,21.600000,10000.000000,0,5,1242785634,1310,0,1310,-74,0,4,0
108,720,21.600000,10000.000000,0,5,1242785652,1310,0,1310,-74,0,4,0
