108,360,21.600000,10000.000000,0,5,1242959299,782,0,782,0,0,21,5
108,360,21.600000,10000.000000,0,5,1242959301,782,0,782,0,0,21,5
108,360,21.600000,10000.000000,0,5,1242959307,782,0,782,0,0,21,5
108,360,21.600000,10000.000000,0,5,1242959312,782,0,782,0,0,21,5
108,360,21.600000,10000.000000,0,5,1242959318,782,0,782,0,0,21,5
108,360,21.600000,10000.000000,0,5,1242959324,782,0,782,0,0,21,5
108,360,21.600000,10000.000000,0,5,1242959329,782,0,782,0,0,21,5
108,360,21.600000,10000.000000,0,5,1242959335,782,0,782,0,0,21,5
108,360,21.600000,10000.000000,0,5,1242959340,782,0,782,0,0,21,5
108,360,21.600000,10000.000000,0,5,1242959345,782,0,782,0,0,21,5
108,360,21.600000,10000.000000,0,5,1242959351,782,0,782,0,0,21,5
108,360,21.600000,10000.000000,0,5,1242959356,782,0,782,0,0,21,5
108,360,21.600000,10000.000000,0,5,1242959362,782,0,782,0,0,21,5
108,360,21.600000,10000.000000,0,5,1242959367,782,0,782,0,0,21,5
108,360,21.600000,10000.000000,0,5,1242959373,782,0,782,0,0,21,5
108,360,21.600000,10000.000000,0,5,1242959379,782,0,782,0,0,21,5
108,360,21.600000,10000.000000,0,5,1242959384,783,0,783,0,0,21,5
108,360,21.600000,10000.000000,0,5,1242959390,784,0,784,0,0,21,5
108,360,21.600000,10000.000000,0,5,1242959396,785,0,785,0,0,21,5
108,360,21.600000,10000.000000,0,5,1242959402,789,1,789,1,0,21,5
108,360,21.600000,10000.000000,0,5,1242959407,793,1,793,1,0,21,5
108,360,21.600000,10000.000000,0,5,1242959413,799,1,799,1,0,21,5
108,360,21.600000,10000.000000,0,5,1242959419,807,1,807,1,0,21,5
108,360,21.600000,10000.000000,0,5,1242959424,816,1,816,1,0,21,5
108,360,21.600000,10000.000000,0,5,1242959430,825,2,825,2,0,21,5
108,360,21.600000,10000.000000,0,5,1242959436,836,3,836,3,0,21,5
108,360,21.600000,10000.000000,0,5,1242959442,852,4,852,4,0,21,5
108,360,21.600000,10000.000000,0,5,1242959447,865,4,865,4,0,21,5
108,360,21.600000,10000.000000,0,5,1242959454,883,4,883,4,0,21,5
108,360,21.600000,10000.000000,0,5,1242959460,912,3,912,3,0,21,5
108,360,21.600000,10000.000000,0,5,1242959466,933,1,933,1,0,21,5
108,360,21.600000,10000.000000,0,5,1242959471,962,0,962,-2,0,21,5
108,360,21.600000,10000.000000,0,5,1242959477,986,0,986,-5,0,21,5
108,360,21.600000,10000.000000,0,5,1242959483,1010,0,1010,-7,0,21,5
108,360,21.600000,10000.000000,0,5,1242959488,1035,0,1035,-9,0,21,5
108,360,21.600000,10000.000000,0,5,1242959494,1058,0,1058,-11,0,21,5
108,360,21.600000,10000.000000,0,5,1242959500,1080,0,1080,-14,0,21,5
108,360,21.600000,10000.000000,0,5,1242959505,1101,0,1101,-17,0,21,5
108,360,21.600000,10000.000000,0,5,1242959511,1117,0,1117,-19,0,21,5
108,360,21.600000,10000.000000,0,5,1242959516,1130,0,1130,-21,0,21,5
108,360,21.600000,10000.000000,0,5,1242959522,1145,0,1145,-24,0,21,5
108,360,21.600000,10000.000000,0,5,1242959527,1155,0,1155,-26,0,21,5
108,360,21.600000,10000.000000,0,5,1242959533,1162,0,1162,-28,0,21,5
108,360,21.600000,10000.000000,0,5,1242959539,1166,0,1166,-30,0,21,5
108,360,21.600000,10000.000000,0,5,1242959544,1167,0,1167,-31,0,21,5
108,360,21.600000,10000.000000,0,5,1242959550,1167,0,1167,-32,0,21,5
108,360,21.600000,10000.000000,0,5,1242959555,1167,0,1167,-33,0,21,5
108,360,21.600000,10000.000000,0,5,1242959561,1167,0,1167,-34,0,21,5
108,360,21.600000,10000.000000,0,5,1242959567,1167,0,1167,-35,0,21,5
108,360,21.600000,10000.000000,0,5,1242959572,1165,0,1165,-36,0,21,5
108,360,21.600000,10000.000000,0,5,1242959578,1163,0,1163,-37,0,21,5
108,360,21.600000,10000.000000,0,5,1242959584,1162,0,1162,-38,0,21,5
108,360,21.600000,10000.000000,0,5,1242959589,1160,0,1160,-39,0,21,5
108,360,21.600000,10000.000000,0,5,1242959595,1159,0,1159,-39,0,21,5
108,360,21.600000,10000.000000,0,5,1242959600,1158,0,1158,-39,0,21,5
108,360,21.600000,10000.000000,0,5,1242959606,1157,0,1157,-39,0,21,5
108,360,21.600000,10000.000000,0,5,1242959611,1156,0,1156,-39,0,21,5
108,360,21.600000,10000.000000,0,5,1242959617,1155,0,1155,-40,0,21,5
108,360,21.600000,10000.000000,0,5,1242959622,1154,0,1154,-40,0,21,5
108,360,21.600000,10000.000000,0,5,1242959628,1153,0,1153,-40,0,21,5
108,360,21.600000,10000.000000,0,5,1242959634,1152,0,1152,-40,0,21,5
108,360,21.600000,10000.000000,0,5,1242959640,1150,0,1150,-40,0,21,5
108,360,21.600000,10000.000000,0,5,1242959645,1148,0,1148,-40,0,21,5
108,360,21.600000,10000.000000,0,5,1242959651,1147,0,1147,-40,0,21,5
108,360,21.600000,10000.000000,0,5,1242959656,1145,0,1145,-40,0,21,5
108,360,21.600000,10000.000000,0,5,1242959662,1143,0,1143,-41,0,21,5
108,360,21.600000,10000.000000,0,5,1242959668,1142,0,1142,-41,0,21,5
108,360,21.600000,10000.000000,0,5,1242959674,1141,0,1141,-41,0,21,5
108,360,21.600000,10000.000000,0,5,1242959679,1140,0,1140,-41,0,21,5
108,360,21.600000,10000.000000,0,5,1242959685,1140,0,1140,-41,0,21,5
108,360,21.600000,10000.000000,0,5,1242959690,1140,0,1140,-41,0,21,5
108,360,21.600000,10000.000000,0,5,1242959697,1140,0,1140,-41,0,21,5
108,360,21.600000,10000.000000,0,5,1242959702,1140,0,1140,-41,0,21,5
108,360,21.600000,10000.000000,0,5,1242959708,1140,0,1140,-41,0,21,5
108,360,21.600000,10000.000000,0,5,1242959717,1140,0,1140,-41,0,21,5
108,360,21.600000,10000.000000,0,5,1242959722,1140,0,1140,-41,0,21,5
108,360,21.600000,10000.000000,0,5,1242959728,1140,0,1140,-41,0,21,5
108,360,21.600000,10000.000000,0,5,1242959734,1140,0,1140,-41,0,21,5
108,360,21.600000,10000.000000,0,5,1242959739,1140,0,1140,-41,0,21,5
108,360,21.600000,10000.000000,0,5,1242959745,1140,0,1140,-41,0,21,5
108,360,21.600000,10000.000000,0,5,1242959751,1140,0,1140,-41,0,21,5
108,360,21.600000,10000.000000,0,5,1242959756,1140,0,1140,-41,0,21,5
108,360,21.600000,10000.000000,0,5,1242959763,1139,0,1139,-41,0,21,5
108,360,21.600000,10000.000000,0,5,1242959769,1138,0,1138,-41,0,21,5
108,360,21.600000,10000.000000,0,5,1242959775,1137,0,1137,-41,0,21,5
108,360,21.600000,10000.000000,0,5,1242959780,1136,0,1136,-42,0,21,5
108,360,21.600000,10000.000000,0,5,1242959786,1136,0,1136,-42,0,21,5
108,360,21.600000,10000.000000,0,5,1242959791,1136,0,1136,-42,0,21,5
108,360,21.600000,10000.000000,0,5,1242959797,1136,0,1136,-42,0,21,5
108,360,21.600000,10000.000000,0,5,1242959802,1136,0,1136,-42,0,21,5
108,360,21.600000,10000.000000,0,5,1242959808,1136,0,1136,-42,0,21,5
108,360,21.600000,10000.000000,0,5,1242959821,1136,0,1136,-42,0,21,5
