108,720,21.600000,0.000000,1,4,1243438435,599,15,599,15,0,67,0
108,720,21.600000,0.000000,1,4,1243438437,599,15,599,15,0,67,0
108,720,21.600000,0.000000,1,4,1243438442,600,15,600,15,0,67,0
108,720,21.600000,0.000000,1,4,1243438448,601,15,601,15,0,67,0
108,720,21.600000,0.000000,1,4,1243438454,602,15,602,15,0,67,0
108,720,21.600000,0.000000,1,4,1243438459,603,15,603,15,0,67,0
108,720,21.600000,0.000000,1,4,1243438465,604,16,604,16,0,67,0
108,720,21.600000,0.000000,1,4,1243438470,606,16,606,16,0,67,0
108,720,21.600000,0.000000,1,4,1243438476,608,17,608,17,0,67,0
108,720,21.600000,0.000000,1,4,1243438482,610,17,610,17,0,67,0
108,720,21.600000,0.000000,1,4,1243438487,613,17,613,17,0,67,0
108,720,21.600000,0.000000,1,4,1243438493,615,18,615,18,0,67,0
108,720,21.600000,0.000000,1,4,1243438498,618,20,618,20,0,67,0
108,720,21.600000,0.000000,1,4,1243438504,621,21,621,21,0,67,0
108,720,21.600000,0.000000,1,4,1243438510,624,24,624,24,0,67,0
108,720,21.600000,0.000000,1,4,1243438515,630,28,630,28,0,67,0
108,720,21.600000,0.000000,1,4,1243438521,633,30,633,30,0,67,0
108,720,21.600000,0.000000,1,4,1243438527,640,33,640,33,0,67,0
108,720,21.600000,0.000000,1,4,1243438533,651,39,651,39,0,67,0
108,720,21.600000,0.000000,1,4,1243438538,662,44,662,44,0,67,0
108,720,21.600000,0.000000,1,4,1243438544,671,48,671,48,0,67,0
108,720,21.600000,0.000000,1,4,1243438550,682,52,682,52,0,67,0
108,720,21.600000,0.000000,1,4,1243438556,698,59,698,59,0,67,0
108,720,21.600000,0.000000,1,4,1243438561,714,64,714,64,0,67,0
108,720,21.600000,0.000000,1,4,1243438567,733,69,733,69,0,67,0
108,720,21.600000,0.000000,1,4,1243438573,756,73,756,73,0,67,0
108,720,21.600000,0.000000,1,4,1243438578,781,77,781,77,0,67,0
108,720,21.600000,0.000000,1,4,1243438584,809,81,809,81,0,67,0
108,720,21.600000,0.000000,1,4,1243438590,842,85,842,85,0,67,0
108,720,21.600000,0.000000,1,4,1243438595,862,87,862,87,0,67,0
108,720,21.600000,0.000000,1,4,1243438601,896,90,896,90,0,67,0
108,720,21.600000,0.000000,1,4,1243438606,939,91,939,91,0,67,0
108,720,21.600000,0.000000,1,4,1243438612,973,92,973,92,0,67,0
108,720,21.600000,0.000000,1,4,1243438618,1016,93,1016,93,0,67,0
108,720,21.600000,0.000000,1,4,1243438623,1050,93,1050,93,0,67,0
108,720,21.600000,0.000000,1,4,1243438628,1086,93,1086,93,0,67,0
108,720,21.600000,0.000000,1,4,1243438634,1113,93,1113,93,0,67,0
108,720,21.600000,0.000000,1,4,1243438640,1153,92,1153,92,0,67,0
108,720,21.600000,0.000000,1,4,1243438645,1196,91,1196,91,0,67,0
108,720,21.600000,0.000000,1,4,1243438651,1230,89,1230,89,0,67,0
108,720,21.600000,0.000000,1,4,1243438657,1263,86,1263,86,0,67,0
108,720,21.600000,0.000000,1,4,1243438663,1297,82,1297,82,0,67,0
108,720,21.600000,0.000000,1,4,1243438670,1323,79,1323,79,0,67,0
108,720,21.600000,0.000000,1,4,1243438676,1348,76,1348,76,0,67,0
108,720,21.600000,0.000000,1,4,1243438681,1369,73,1369,73,0,67,0
108,720,21.600000,0.000000,1,4,1243438687,1384,70,1384,70,0,67,0
108,720,21.600000,0.000000,1,4,1243438693,1392,68,1392,68,0,67,0
108,720,21.600000,0.000000,1,4,1243438700,1398,66,1398,66,0,67,0
108,720,21.600000,0.000000,1,4,1243438706,1402,63,1402,63,0,67,0
108,720,21.600000,0.000000,1,4,1243438713,1402,62,1402,62,0,67,0
108,720,21.600000,0.000000,1,4,1243438720,1402,60,1402,60,0,67,0
108,720,21.600000,0.000000,1,4,1243438726,1400,58,1400,58,0,67,0
108,720,21.600000,0.000000,1,4,1243438732,1397,57,1397,57,0,67,0
108,720,21.600000,0.000000,1,4,1243438737,1394,56,1394,56,0,67,0
108,720,21.600000,0.000000,1,4,1243438742,1391,56,1391,56,0,67,0
108,720,21.600000,0.000000,1,4,1243438748,1388,55,1388,55,0,67,0
108,720,21.600000,0.000000,1,4,1243438754,1387,55,1387,55,0,67,0
108,720,21.600000,0.000000,1,4,1243438759,1386,55,1386,55,0,67,0
108,720,21.600000,0.000000,1,4,1243438765,1385,54,1385,54,0,67,0
108,720,21.600000,0.000000,1,4,1243438771,1384,53,1384,53,0,67,0
108,720,21.600000,0.000000,1,4,1243438776,1384,53,1384,53,0,67,0
108,720,21.600000,0.000000,1,4,1243438782,1384,53,1384,53,0,67,0
108,720,21.600000,0.000000,1,4,1243438787,1384,53,1384,53,0,67,0
108,720,21.600000,0.000000,1,4,1243438793,1384,53,1384,53,0,67,0
108,720,21.600000,0.000000,1,4,1243438799,1385,53,1385,53,0,67,0
108,720,21.600000,0.000000,1,4,1243438805,1385,52,1385,52,0,67,0
108,720,21.600000,0.000000,1,4,1243438810,1385,52,1385,52,0,67,0
108,720,21.600000,0.000000,1,4,1243438815,1385,52,1385,52,0,67,0
108,720,21.600000,0.000000,1,4,1243438821,1385,52,1385,52,0,67,0
108,720,21.600000,0.000000,1,4,1243438826,1385,52,1385,52,0,67,0
108,720,21.600000,0.000000,1,4,1243438832,1385,52,1385,52,0,67,0
108,720,21.600000,0.000000,1,4,1243438838,1385,51,1385,51,0,67,0
108,720,21.600000,0.000000,1,4,1243438844,1384,50,1384,50,0,67,0
108,720,21.600000,0.000000,1,4,1243438850,1383,50,1383,50,0,67,0
108,720,21.600000,0.000000,1,4,1243438856,1382,49,1382,49,0,67,0
108,720,21.600000,0.000000,1,4,1243438862,1381,48,1381,48,0,67,0
108,720,21.600000,0.000000,1,4,1243438867,1379,47,1379,47,0,67,0
108,720,21.600000,0.000000,1,4,1243438872,1376,46,1376,46,0,67,0
108,720,21.600000,0.000000,1,4,1243438878,1373,45,1373,45,0,67,0
108,720,21.600000,0.000000,1,4,1243438884,1370,44,1370,44,0,67,0
108,720,21.600000,0.000000,1,4,1243438890,1368,44,1368,44,0,67,0
108,720,21.600000,0.000000,1,4,1243438895,1366,43,1366,43,0,67,0
108,720,21.600000,0.000000,1,4,1243438901,1364,43,1364,43,0,67,0
108,720,21.600000,0.000000,1,4,1243438907,1362,42,1362,42,0,67,0
108,720,21.600000,0.000000,1,4,1243438912,1359,41,1359,41,0,67,0
108,720,21.600000,0.000000,1,4,1243438918,1356,40,1356,40,0,67,0
108,720,21.600000,0.000000,1,4,1243438924,1354,39,1354,39,0,67,0
108,720,21.600000,0.000000,1,4,1243438929,1353,38,1353,38,0,67,0
108,720,21.600000,0.000000,1,4,1243438936,1351,37,1351,37,0,67,0
108,720,21.600000,0.000000,1,4,1243438942,1349,35,1349,35,0,67,0
108,720,21.600000,0.000000,1,4,1243438947,1347,34,1347,34,0,67,0
108,720,21.600000,0.000000,1,4,1243438953,1346,34,1346,34,0,67,0
108,720,21.600000,0.000000,1,4,1243438959,1345,34,1345,34,0,67,0
108,720,21.600000,0.000000,1,4,1243438965,1344,34,1344,34,0,67,0
108,720,21.600000,0.000000,1,4,1243438970,1343,33,1343,33,0,67,0
108,720,21.600000,0.000000,1,4,1243438976,1342,33,1342,33,0,67,0
108,720,21.600000,0.000000,1,4,1243438982,1341,33,1341,33,0,67,0
108,720,21.600000,0.000000,1,4,1243438987,1340,32,1340,32,0,67,0
108,720,21.600000,0.000000,1,4,1243438993,1340,32,1340,32,0,67,0
108,720,21.600000,0.000000,1,4,1243438999,1340,31,1340,31,0,67,0
108,720,21.600000,0.000000,1,4,1243439004,1340,30,1340,30,0,67,0
108,720,21.600000,0.000000,1,4,1243439010,1339,30,1339,30,0,67,0
108,720,21.600000,0.000000,1,4,1243439016,1338,30,1338,30,0,67,0
108,720,21.600000,0.000000,1,4,1243439021,1338,29,1338,29,0,67,0
108,720,21.600000,0.000000,1,4,1243439027,1338,29,1338,29,0,67,0
108,720,21.600000,0.000000,1,4,1243439032,1338,29,1338,29,0,67,0
108,720,21.600000,0.000000,1,4,1243439038,1338,29,1338,29,0,67,0
108,720,21.600000,0.000000,1,4,1243439043,1338,28,1338,28,0,67,0
108,720,21.600000,0.000000,1,4,1243439049,1338,27,1338,27,0,67,0
108,720,21.600000,0.000000,1,4,1243439055,1338,26,1338,26,0,67,0
108,720,21.600000,0.000000,1,4,1243439060,1337,26,1337,26,0,67,0
108,720,21.600000,0.000000,1,4,1243439065,1336,26,1336,26,0,67,0
108,720,21.600000,0.000000,1,4,1243439071,1335,26,1335,26,0,67,0
108,720,21.600000,0.000000,1,4,1243439077,1335,25,1335,25,0,67,0
108,720,21.600000,0.000000,1,4,1243439083,1335,24,1335,24,0,67,0
108,720,21.600000,0.000000,1,4,1243439088,1334,24,1334,24,0,67,0
108,720,21.600000,0.000000,1,4,1243439094,1334,24,1334,24,0,67,0
108,720,21.600000,0.000000,1,4,1243439099,1333,24,1333,24,0,67,0
108,720,21.600000,0.000000,1,4,1243439105,1333,23,1333,23,0,67,0
108,720,21.600000,0.000000,1,4,1243439110,1332,23,1332,23,0,67,0
108,720,21.600000,0.000000,1,4,1243439116,1331,23,1331,23,0,67,0
108,720,21.600000,0.000000,1,4,1243439121,1331,22,1331,22,0,67,0
108,720,21.600000,0.000000,1,4,1243439127,1331,22,1331,22,0,67,0
108,720,21.600000,0.000000,1,4,1243439132,1330,22,1330,22,0,67,0
108,720,21.600000,0.000000,1,4,1243439138,1330,21,1330,21,0,67,0
108,720,21.600000,0.000000,1,4,1243439143,1330,21,1330,21,0,67,0
108,720,21.600000,0.000000,1,4,1243439149,1329,21,1329,21,0,67,0
108,720,21.600000,0.000000,1,4,1243439155,1329,20,1329,20,0,67,0
108,720,21.600000,0.000000,1,4,1243439160,1329,20,1329,20,0,67,0
108,720,21.600000,0.000000,1,4,1243439166,1329,19,1329,19,0,67,0
108,720,21.600000,0.000000,1,4,1243439172,1328,18,1328,18,0,67,0
108,720,21.600000,0.000000,1,4,1243439177,1328,17,1328,17,0,67,0
108,720,21.600000,0.000000,1,4,1243439182,1328,16,1328,16,0,67,0
108,720,21.600000,0.000000,1,4,1243439188,1328,15,1328,15,0,67,0
108,720,21.600000,0.000000,1,4,1243439194,1328,15,1328,15,0,67,0
108,720,21.600000,0.000000,1,4,1243439199,1328,14,1328,14,0,67,0
108,720,21.600000,0.000000,1,4,1243439205,1328,13,1328,13,0,67,0
108,720,21.600000,0.000000,1,4,1243439211,1328,13,1328,13,0,67,0
108,720,21.600000,0.000000,1,4,1243439217,1328,12,1328,12,0,67,0
108,720,21.600000,0.000000,1,4,1243439222,1328,11,1328,11,0,67,0
108,720,21.600000,0.000000,1,4,1243439228,1328,11,1328,11,0,67,0
108,720,21.600000,0.000000,1,4,1243439233,1328,11,1328,11,0,67,0
108,720,21.600000,0.000000,1,4,1243439239,1328,11,1328,11,0,67,0
108,720,21.600000,0.000000,1,4,1243439244,1328,11,1328,11,0,67,0
108,720,21.600000,0.000000,1,4,1243439249,1328,11,1328,11,0,67,0
108,720,21.600000,0.000000,1,4,1243439268,1328,11,1328,11,0,67,0
