108,360,21.600000,10000.000000,0,4,1243223270,782,0,782,0,0,47,5
108,360,21.600000,10000.000000,0,4,1243223271,782,0,782,0,0,47,5
108,360,21.600000,10000.000000,0,4,1243223277,782,0,782,0,0,47,5
108,360,21.600000,10000.000000,0,4,1243223282,782,0,782,0,0,47,5
108,360,21.600000,10000.000000,0,4,1243223288,782,0,782,0,0,47,5
108,360,21.600000,10000.000000,0,4,1243223293,782,0,782,0,0,47,5
108,360,21.600000,10000.000000,0,4,1243223299,782,0,782,0,0,47,5
108,360,21.600000,10000.000000,0,4,1243223305,782,0,782,0,0,47,5
108,360,21.600000,10000.000000,0,4,1243223310,782,0,782,0,0,47,5
108,360,21.600000,10000.000000,0,4,1243223316,782,0,782,0,0,47,5
108,360,21.600000,10000.000000,0,4,1243223321,782,0,782,0,0,47,5
108,360,21.600000,10000.000000,0,4,1243223326,782,0,782,0,0,47,5
108,360,21.600000,10000.000000,0,4,1243223332,782,0,782,0,0,47,5
108,360,21.600000,10000.000000,0,4,1243223338,782,0,782,0,0,47,5
108,360,21.600000,10000.000000,0,4,1243223343,782,0,782,0,0,47,5
108,360,21.600000,10000.000000,0,4,1243223349,782,0,782,0,0,47,5
108,360,21.600000,10000.000000,0,4,1243223355,783,0,783,0,0,47,5
108,360,21.600000,10000.000000,0,4,1243223363,786,0,786,0,0,47,5
108,360,21.600000,10000.000000,0,4,1243223369,794,1,794,1,0,47,5
108,360,21.600000,10000.000000,0,4,1243223375,801,2,801,2,0,47,5
108,360,21.600000,10000.000000,0,4,1243223380,810,3,810,3,0,47,5
108,360,21.600000,10000.000000,0,4,1243223386,817,4,817,4,0,47,5
108,360,21.600000,10000.000000,0,4,1243223391,826,5,826,5,0,47,5
108,360,21.600000,10000.000000,0,4,1243223397,839,5,839,5,0,47,5
108,360,21.600000,10000.000000,0,4,1243223402,853,5,853,5,0,47,5
108,360,21.600000,10000.000000,0,4,1243223408,868,6,868,6,0,47,5
108,360,21.600000,10000.000000,0,4,1243223413,884,6,884,6,0,47,5
108,360,21.600000,10000.000000,0,4,1243223419,906,6,906,6,0,47,5
108,360,21.600000,10000.000000,0,4,1243223425,932,6,932,6,0,47,5
108,360,21.600000,10000.000000,0,4,1243223431,958,4,958,4,0,47,5
108,360,21.600000,10000.000000,0,4,1243223436,984,1,984,1,0,47,5
108,360,21.600000,10000.000000,0,4,1243223442,1010,0,1010,-2,0,47,5
108,360,21.600000,10000.000000,0,4,1243223447,1035,0,1035,-5,0,47,5
108,360,21.600000,10000.000000,0,4,1243223452,1060,0,1060,-8,0,47,5
108,360,21.600000,10000.000000,0,4,1243223458,1085,0,1085,-11,0,47,5
108,360,21.600000,10000.000000,0,4,1243223464,1104,0,1104,-13,0,47,5
108,360,21.600000,10000.000000,0,4,1243223469,1121,0,1121,-15,0,47,5
108,360,21.600000,10000.000000,0,4,1243223475,1138,0,1138,-17,0,47,5
108,360,21.600000,10000.000000,0,4,1243223481,1153,0,1153,-18,0,47,5
108,360,21.600000,10000.000000,0,4,1243223486,1169,0,1169,-20,0,47,5
108,360,21.600000,10000.000000,0,4,1243223492,1179,0,1179,-21,0,47,5
108,360,21.600000,10000.000000,0,4,1243223497,1188,0,1188,-22,0,47,5
108,360,21.600000,10000.000000,0,4,1243223503,1193,0,1193,-23,0,47,5
108,360,21.600000,10000.000000,0,4,1243223508,1196,0,1196,-24,0,47,5
108,360,21.600000,10000.000000,0,4,1243223514,1197,0,1197,-24,0,47,5
108,360,21.600000,10000.000000,0,4,1243223519,1197,0,1197,-25,0,47,5
108,360,21.600000,10000.000000,0,4,1243223525,1197,0,1197,-26,0,47,5
108,360,21.600000,10000.000000,0,4,1243223530,1196,0,1196,-27,0,47,5
108,360,21.600000,10000.000000,0,4,1243223536,1193,0,1193,-28,0,47,5
108,360,21.600000,10000.000000,0,4,1243223542,1189,0,1189,-29,0,47,5
108,360,21.600000,10000.000000,0,4,1243223548,1186,0,1186,-30,0,47,5
108,360,21.600000,10000.000000,0,4,1243223554,1182,0,1182,-31,0,47,5
108,360,21.600000,10000.000000,0,4,1243223560,1178,0,1178,-31,0,47,5
108,360,21.600000,10000.000000,0,4,1243223565,1175,0,1175,-31,0,47,5
108,360,21.600000,10000.000000,0,4,1243223570,1173,0,1173,-31,0,47,5
108,360,21.600000,10000.000000,0,4,1243223576,1172,0,1172,-32,0,47,5
108,360,21.600000,10000.000000,0,4,1243223581,1172,0,1172,-32,0,47,5
108,360,21.600000,10000.000000,0,4,1243223587,1172,0,1172,-32,0,47,5
108,360,21.600000,10000.000000,0,4,1243223592,1171,0,1171,-33,0,47,5
108,360,21.600000,10000.000000,0,4,1243223598,1171,0,1171,-33,0,47,5
108,360,21.600000,10000.000000,0,4,1243223604,1171,0,1171,-33,0,47,5
108,360,21.600000,10000.000000,0,4,1243223609,1171,0,1171,-33,0,47,5
108,360,21.600000,10000.000000,0,4,1243223614,1171,0,1171,-33,0,47,5
108,360,21.600000,10000.000000,0,4,1243223620,1171,0,1171,-33,0,47,5
108,360,21.600000,10000.000000,0,4,1243223625,1171,0,1171,-33,0,47,5
108,360,21.600000,10000.000000,0,4,1243223631,1171,0,1171,-33,0,47,5
108,360,21.600000,10000.000000,0,4,1243223636,1171,0,1171,-33,0,47,5
108,360,21.600000,10000.000000,0,4,1243223641,1171,0,1171,-33,0,47,5
108,360,21.600000,10000.000000,0,4,1243223647,1171,0,1171,-33,0,47,5
108,360,21.600000,10000.000000,0,4,1243223652,1171,0,1171,-33,0,47,5
108,360,21.600000,10000.000000,0,4,1243223658,1171,0,1171,-33,0,47,5
108,360,21.600000,10000.000000,0,4,1243223664,1171,0,1171,-33,0,47,5
108,360,21.600000,10000.000000,0,4,1243223669,1171,0,1171,-33,0,47,5
108,360,21.600000,10000.000000,0,4,1243223674,1171,0,1171,-33,0,47,5
108,360,21.600000,10000.000000,0,4,1243223680,1171,0,1171,-33,0,47,5
108,360,21.600000,10000.000000,0,4,1243223686,1170,0,1170,-33,0,47,5
108,360,21.600000,10000.000000,0,4,1243223691,1170,0,1170,-34,0,47,5
108,360,21.600000,10000.000000,0,4,1243223697,1170,0,1170,-34,0,47,5
108,360,21.600000,10000.000000,0,4,1243223703,1169,0,1169,-34,0,47,5
108,360,21.600000,10000.000000,0,4,1243223710,1168,0,1168,-34,0,47,5
108,360,21.600000,10000.000000,0,4,1243223716,1167,0,1167,-34,0,47,5
108,360,21.600000,10000.000000,0,4,1243223721,1166,0,1166,-35,0,47,5
108,360,21.600000,10000.000000,0,4,1243223727,1165,0,1165,-36,0,47,5
108,360,21.600000,10000.000000,0,4,1243223732,1165,0,1165,-36,0,47,5
108,360,21.600000,10000.000000,0,4,1243223738,1164,0,1164,-36,0,47,5
108,360,21.600000,10000.000000,0,4,1243223746,1163,0,1163,-36,0,47,5
108,360,21.600000,10000.000000,0,4,1243223752,1162,0,1162,-37,0,47,5
108,360,21.600000,10000.000000,0,4,1243223757,1161,0,1161,-38,0,47,5
108,360,21.600000,10000.000000,0,4,1243223763,1160,0,1160,-38,0,47,5
108,360,21.600000,10000.000000,0,4,1243223769,1159,0,1159,-39,0,47,5
108,360,21.600000,10000.000000,0,4,1243223774,1158,0,1158,-39,0,47,5
108,360,21.600000,10000.000000,0,4,1243223780,1157,0,1157,-39,0,47,5
108,360,21.600000,10000.000000,0,4,1243223786,1156,0,1156,-40,0,47,5
108,360,21.600000,10000.000000,0,4,1243223792,1154,0,1154,-41,0,47,5
108,360,21.600000,10000.000000,0,4,1243223797,1152,0,1152,-42,0,47,5
108,360,21.600000,10000.000000,0,4,1243223803,1150,0,1150,-43,0,47,5
108,360,21.600000,10000.000000,0,4,1243223808,1149,0,1149,-44,0,47,5
108,360,21.600000,10000.000000,0,4,1243223814,1148,0,1148,-45,0,47,5
108,360,21.600000,10000.000000,0,4,1243223819,1146,0,1146,-46,0,47,5
108,360,21.600000,10000.000000,0,4,1243223824,1145,0,1145,-47,0,47,5
108,360,21.600000,10000.000000,0,4,1243223830,1145,0,1145,-47,0,47,5
108,360,21.600000,10000.000000,0,4,1243223836,1145,0,1145,-47,0,47,5
108,360,21.600000,10000.000000,0,4,1243223841,1145,0,1145,-47,0,47,5
108,360,21.600000,10000.000000,0,4,1243223846,1145,0,1145,-47,0,47,5
108,360,21.600000,10000.000000,0,4,1243223852,1145,0,1145,-47,0,47,5
108,360,21.600000,10000.000000,0,4,1243223858,1145,0,1145,-48,0,47,5
108,360,21.600000,10000.000000,0,4,1243223863,1144,0,1144,-48,0,47,5
108,360,21.600000,10000.000000,0,4,1243223869,1143,0,1143,-48,0,47,5
108,360,21.600000,10000.000000,0,4,1243223875,1142,0,1142,-48,0,47,5
108,360,21.600000,10000.000000,0,4,1243223880,1142,0,1142,-48,0,47,5
108,360,21.600000,10000.000000,0,4,1243223885,1142,0,1142,-48,0,47,5
108,360,21.600000,10000.000000,0,4,1243223891,1142,0,1142,-48,0,47,5
108,360,21.600000,10000.000000,0,4,1243223896,1142,0,1142,-48,0,47,5
108,360,21.600000,10000.000000,0,4,1243223915,1142,0,1142,-48,0,47,5
