108,720,21.600000,43.200000,0,4,1243211386,604,0,604,0,0,46,3
108,720,21.600000,43.200000,0,4,1243211388,604,0,604,0,0,46,3
108,720,21.600000,43.200000,0,4,1243211393,603,0,603,0,0,46,3
108,720,21.600000,43.200000,0,4,1243211399,603,0,603,0,0,46,3
108,720,21.600000,43.200000,0,4,1243211404,603,0,603,0,0,46,3
108,720,21.600000,43.200000,0,4,1243211410,603,0,603,0,0,46,3
108,720,21.600000,43.200000,0,4,1243211415,603,0,603,0,0,46,3
108,720,21.600000,43.200000,0,4,1243211420,603,0,603,0,0,46,3
108,720,21.600000,43.200000,0,4,1243211426,603,0,603,0,0,46,3
108,720,21.600000,43.200000,0,4,1243211431,603,0,603,0,0,46,3
108,720,21.600000,43.200000,0,4,1243211437,603,0,603,0,0,46,3
108,720,21.600000,43.200000,0,4,1243211442,603,0,603,0,0,46,3
108,720,21.600000,43.200000,0,4,1243211448,603,0,603,0,0,46,3
108,720,21.600000,43.200000,0,4,1243211454,603,0,603,0,0,46,3
108,720,21.600000,43.200000,0,4,1243211460,605,0,605,0,0,46,3
108,720,21.600000,43.200000,0,4,1243211466,611,0,611,0,0,46,3
108,720,21.600000,43.200000,0,4,1243211471,619,0,619,-1,0,46,3
108,720,21.600000,43.200000,0,4,1243211476,627,0,627,-3,0,46,3
108,720,21.600000,43.200000,0,4,1243211482,639,0,639,-4,0,46,3
108,720,21.600000,43.200000,0,4,1243211488,656,0,656,-5,0,46,3
108,720,21.600000,43.200000,0,4,1243211493,673,0,673,-5,0,46,3
108,720,21.600000,43.200000,0,4,1243211499,689,0,689,-6,0,46,3
108,720,21.600000,43.200000,0,4,1243211504,709,0,709,-6,0,46,3
108,720,21.600000,43.200000,0,4,1243211510,731,0,731,-7,0,46,3
108,720,21.600000,43.200000,0,4,1243211516,753,0,753,-8,0,46,3
108,720,21.600000,43.200000,0,4,1243211521,775,0,775,-9,0,46,3
108,720,21.600000,43.200000,0,4,1243211527,792,0,792,-10,0,46,3
108,720,21.600000,43.200000,0,4,1243211532,822,0,822,-11,0,46,3
108,720,21.600000,43.200000,0,4,1243211537,843,0,843,-12,0,46,3
108,720,21.600000,43.200000,0,4,1243211543,867,0,867,-14,0,46,3
108,720,21.600000,43.200000,0,4,1243211549,901,0,901,-16,0,46,3
108,720,21.600000,43.200000,0,4,1243211554,935,0,935,-18,0,46,3
108,720,21.600000,43.200000,0,4,1243211560,969,0,969,-21,0,46,3
108,720,21.600000,43.200000,0,4,1243211565,1003,0,1003,-24,0,46,3
108,720,21.600000,43.200000,0,4,1243211571,1036,0,1036,-27,0,46,3
108,720,21.600000,43.200000,0,4,1243211577,1070,0,1070,-31,0,46,3
108,720,21.600000,43.200000,0,4,1243211582,1104,0,1104,-35,0,46,3
108,720,21.600000,43.200000,0,4,1243211589,1133,0,1133,-38,0,46,3
108,720,21.600000,43.200000,0,4,1243211594,1163,0,1163,-41,0,46,3
108,720,21.600000,43.200000,0,4,1243211599,1191,0,1191,-44,0,46,3
108,720,21.600000,43.200000,0,4,1243211605,1212,0,1212,-47,0,46,3
108,720,21.600000,43.200000,0,4,1243211611,1232,0,1232,-50,0,46,3
108,720,21.600000,43.200000,0,4,1243211617,1249,0,1249,-53,0,46,3
108,720,21.600000,43.200000,0,4,1243211622,1264,0,1264,-55,0,46,3
108,720,21.600000,43.200000,0,4,1243211628,1275,0,1275,-57,0,46,3
108,720,21.600000,43.200000,0,4,1243211634,1284,0,1284,-59,0,46,3
108,720,21.600000,43.200000,0,4,1243211640,1291,0,1291,-61,0,46,3
108,720,21.600000,43.200000,0,4,1243211645,1297,0,1297,-62,0,46,3
108,720,21.600000,43.200000,0,4,1243211651,1304,0,1304,-64,0,46,3
108,720,21.600000,43.200000,0,4,1243211660,1308,0,1308,-65,0,46,3
108,720,21.600000,43.200000,0,4,1243211665,1311,0,1311,-66,0,46,3
108,720,21.600000,43.200000,0,4,1243211670,1314,0,1314,-67,0,46,3
108,720,21.600000,43.200000,0,4,1243211676,1317,0,1317,-68,0,46,3
108,720,21.600000,43.200000,0,4,1243211683,1317,0,1317,-68,0,46,3
108,720,21.600000,43.200000,0,4,1243211689,1315,0,1315,-68,0,46,3
108,720,21.600000,43.200000,0,4,1243211695,1313,0,1313,-68,0,46,3
108,720,21.600000,43.200000,0,4,1243211701,1311,0,1311,-69,0,46,3
108,720,21.600000,43.200000,0,4,1243211708,1309,0,1309,-69,0,46,3
108,720,21.600000,43.200000,0,4,1243211714,1307,0,1307,-69,0,46,3
108,720,21.600000,43.200000,0,4,1243211720,1306,0,1306,-69,0,46,3
108,720,21.600000,43.200000,0,4,1243211725,1305,0,1305,-69,0,46,3
108,720,21.600000,43.200000,0,4,1243211731,1305,0,1305,-69,0,46,3
108,720,21.600000,43.200000,0,4,1243211736,1305,0,1305,-69,0,46,3
108,720,21.600000,43.200000,0,4,1243211742,1305,0,1305,-69,0,46,3
108,720,21.600000,43.200000,0,4,1243211748,1305,0,1305,-69,0,46,3
108,720,21.600000,43.200000,0,4,1243211754,1305,0,1305,-69,0,46,3
108,720,21.600000,43.200000,0,4,1243211759,1305,0,1305,-69,0,46,3
108,720,21.600000,43.200000,0,4,1243211765,1305,0,1305,-69,0,46,3
108,720,21.600000,43.200000,0,4,1243211771,1305,0,1305,-69,0,46,3
108,720,21.600000,43.200000,0,4,1243211776,1305,0,1305,-69,0,46,3
108,720,21.600000,43.200000,0,4,1243211782,1305,0,1305,-69,0,46,3
108,720,21.600000,43.200000,0,4,1243211788,1304,0,1304,-69,0,46,3
108,720,21.600000,43.200000,0,4,1243211793,1303,0,1303,-69,0,46,3
108,720,21.600000,43.200000,0,4,1243211799,1303,0,1303,-69,0,46,3
108,720,21.600000,43.200000,0,4,1243211804,1303,0,1303,-69,0,46,3
108,720,21.600000,43.200000,0,4,1243211810,1303,0,1303,-69,0,46,3
108,720,21.600000,43.200000,0,4,1243211816,1303,0,1303,-69,0,46,3
108,720,21.600000,43.200000,0,4,1243211821,1303,0,1303,-69,0,46,3
108,720,21.600000,43.200000,0,4,1243211827,1303,0,1303,-69,0,46,3
108,720,21.600000,43.200000,0,4,1243211832,1303,0,1303,-69,0,46,3
108,720,21.600000,43.200000,0,4,1243211838,1303,0,1303,-69,0,46,3
108,720,21.600000,43.200000,0,4,1243211843,1303,0,1303,-69,0,46,3
108,720,21.600000,43.200000,0,4,1243211848,1303,0,1303,-69,0,46,3
108,720,21.600000,43.200000,0,4,1243211854,1303,0,1303,-69,0,46,3
108,720,21.600000,43.200000,0,4,1243211860,1303,0,1303,-70,0,46,3
108,720,21.600000,43.200000,0,4,1243211866,1303,0,1303,-70,0,46,3
108,720,21.600000,43.200000,0,4,1243211872,1303,0,1303,-70,0,46,3
108,720,21.600000,43.200000,0,4,1243211878,1303,0,1303,-70,0,46,3
108,720,21.600000,43.200000,0,4,1243211883,1303,0,1303,-70,0,46,3
108,720,21.600000,43.200000,0,4,1243211889,1303,0,1303,-70,0,46,3
108,720,21.600000,43.200000,0,4,1243211894,1303,0,1303,-70,0,46,3
108,720,21.600000,43.200000,0,4,1243211900,1303,0,1303,-70,0,46,3
108,720,21.600000,43.200000,0,4,1243211905,1303,0,1303,-70,0,46,3
108,720,21.600000,43.200000,0,4,1243211910,1303,0,1303,-70,0,46,3
108,720,21.600000,43.200000,0,4,1243211916,1303,0,1303,-70,0,46,3
108,720,21.600000,43.200000,0,4,1243211921,1303,0,1303,-70,0,46,3
108,720,21.600000,43.200000,0,4,1243211927,1303,0,1303,-70,0,46,3
108,720,21.600000,43.200000,0,4,1243211933,1303,0,1303,-70,0,46,3
108,720,21.600000,43.200000,0,4,1243211938,1303,0,1303,-70,0,46,3
108,720,21.600000,43.200000,0,4,1243211944,1303,0,1303,-70,0,46,3
108,720,21.600000,43.200000,0,4,1243211949,1303,0,1303,-70,0,46,3
108,720,21.600000,43.200000,0,4,1243211955,1303,0,1303,-70,0,46,3
108,720,21.600000,43.200000,0,4,1243211960,1304,0,1304,-70,0,46,3
108,720,21.600000,43.200000,0,4,1243211966,1304,0,1304,-70,0,46,3
108,720,21.600000,43.200000,0,4,1243211971,1304,0,1304,-71,0,46,3
108,720,21.600000,43.200000,0,4,1243211977,1304,0,1304,-72,0,46,3
108,720,21.600000,43.200000,0,4,1243211982,1304,0,1304,-72,0,46,3
108,720,21.600000,43.200000,0,4,1243211988,1304,0,1304,-72,0,46,3
108,720,21.600000,43.200000,0,4,1243211994,1304,0,1304,-72,0,46,3
108,720,21.600000,43.200000,0,4,1243211999,1305,0,1305,-72,0,46,3
108,720,21.600000,43.200000,0,4,1243212005,1306,0,1306,-72,0,46,3
108,720,21.600000,43.200000,0,4,1243212010,1307,0,1307,-73,0,46,3
108,720,21.600000,43.200000,0,4,1243212016,1308,0,1308,-73,0,46,3
108,720,21.600000,43.200000,0,4,1243212022,1309,0,1309,-74,0,46,3
108,720,21.600000,43.200000,0,4,1243212028,1310,0,1310,-74,0,46,3
108,720,21.600000,43.200000,0,4,1243212033,1311,0,1311,-75,0,46,3
108,720,21.600000,43.200000,0,4,1243212038,1312,0,1312,-75,0,46,3
108,720,21.600000,43.200000,0,4,1243212044,1313,0,1313,-75,0,46,3
108,720,21.600000,43.200000,0,4,1243212050,1314,0,1314,-76,0,46,3
108,720,21.600000,43.200000,0,4,1243212055,1315,0,1315,-77,0,46,3
108,720,21.600000,43.200000,0,4,1243212061,1316,0,1316,-77,0,46,3
108,720,21.600000,43.200000,0,4,1243212081,1316,0,1316,-77,0,46,3
