106,360,21.600000,10000.000000,0,5,1237601714,781,3,781,3,0,66,1
106,360,21.600000,10000.000000,0,5,1237601715,781,3,781,3,0,66,1
106,360,21.600000,10000.000000,0,5,1237601721,781,3,781,3,0,66,1
106,360,21.600000,10000.000000,0,5,1237601726,781,3,781,3,0,66,1
106,360,21.600000,10000.000000,0,5,1237601732,781,3,781,3,0,66,1
106,360,21.600000,10000.000000,0,5,1237601738,781,3,781,3,0,66,1
106,360,21.600000,10000.000000,0,5,1237601743,781,3,781,3,0,66,1
106,360,21.600000,10000.000000,0,5,1237601748,781,3,781,3,0,66,1
106,360,21.600000,10000.000000,0,5,1237601754,781,3,781,3,0,66,1
106,360,21.600000,10000.000000,0,5,1237601759,781,3,781,3,0,66,1
106,360,21.600000,10000.000000,0,5,1237601765,781,3,781,3,0,66,1
106,360,21.600000,10000.000000,0,5,1237601771,781,3,781,3,0,66,1
106,360,21.600000,10000.000000,0,5,1237601776,783,3,783,3,0,66,1
106,360,21.600000,10000.000000,0,5,1237601782,788,3,788,3,0,66,1
106,360,21.600000,10000.000000,0,5,1237601788,795,2,795,2,0,66,1
106,360,21.600000,10000.000000,0,5,1237601793,805,0,805,0,0,66,1
106,360,21.600000,10000.000000,0,5,1237601799,816,0,816,-2,0,66,1
106,360,21.600000,10000.000000,0,5,1237601804,829,0,829,-4,0,66,1
106,360,21.600000,10000.000000,0,5,1237601810,850,0,850,-5,0,66,1
106,360,21.600000,10000.000000,0,5,1237601815,873,0,873,-7,0,66,1
106,360,21.600000,10000.000000,0,5,1237601821,900,0,900,-10,0,66,1
106,360,21.600000,10000.000000,0,5,1237601827,926,0,926,-12,0,66,1
106,360,21.600000,10000.000000,0,5,1237601832,956,0,956,-15,0,66,1
106,360,21.600000,10000.000000,0,5,1237601838,982,0,982,-17,0,66,1
106,360,21.600000,10000.000000,0,5,1237601844,1012,0,1012,-19,0,66,1
106,360,21.600000,10000.000000,0,5,1237601850,1039,0,1039,-21,0,66,1
106,360,21.600000,10000.000000,0,5,1237601855,1080,0,1080,-23,0,66,1
106,360,21.600000,10000.000000,0,5,1237601861,1110,0,1110,-25,0,66,1
106,360,21.600000,10000.000000,0,5,1237601866,1133,0,1133,-26,0,66,1
106,360,21.600000,10000.000000,0,5,1237601872,1158,0,1158,-26,0,66,1
106,360,21.600000,10000.000000,0,5,1237601878,1171,0,1171,-26,0,66,1
106,360,21.600000,10000.000000,0,5,1237601883,1180,0,1180,-26,0,66,1
106,360,21.600000,10000.000000,0,5,1237601889,1184,0,1184,-26,0,66,1
106,360,21.600000,10000.000000,0,5,1237601895,1185,0,1185,-26,0,66,1
106,360,21.600000,10000.000000,0,5,1237601902,1186,0,1186,-26,0,66,1
106,360,21.600000,10000.000000,0,5,1237601908,1183,0,1183,-26,0,66,1
106,360,21.600000,10000.000000,0,5,1237601914,1180,0,1180,-26,0,66,1
106,360,21.600000,10000.000000,0,5,1237601919,1177,0,1177,-26,0,66,1
106,360,21.600000,10000.000000,0,5,1237601924,1172,0,1172,-26,0,66,1
106,360,21.600000,10000.000000,0,5,1237601930,1167,0,1167,-26,0,66,1
106,360,21.600000,10000.000000,0,5,1237601935,1161,0,1161,-26,0,66,1
106,360,21.600000,10000.000000,0,5,1237601942,1157,0,1157,-26,0,66,1
106,360,21.600000,10000.000000,0,5,1237601947,1153,0,1153,-26,0,66,1
106,360,21.600000,10000.000000,0,5,1237601953,1152,0,1152,-26,0,66,1
106,360,21.600000,10000.000000,0,5,1237601958,1150,0,1150,-26,0,66,1
106,360,21.600000,10000.000000,0,5,1237601964,1148,0,1148,-26,0,66,1
106,360,21.600000,10000.000000,0,5,1237601969,1147,0,1147,-26,0,66,1
106,360,21.600000,10000.000000,0,5,1237601974,1146,0,1146,-26,0,66,1
106,360,21.600000,10000.000000,0,5,1237601980,1145,0,1145,-26,0,66,1
106,360,21.600000,10000.000000,0,5,1237601986,1145,0,1145,-26,0,66,1
106,360,21.600000,10000.000000,0,5,1237601991,1145,0,1145,-27,0,66,1
106,360,21.600000,10000.000000,0,5,1237601996,1144,0,1144,-28,0,66,1
106,360,21.600000,10000.000000,0,5,1237602002,1143,0,1143,-28,0,66,1
106,360,21.600000,10000.000000,0,5,1237602007,1143,0,1143,-29,0,66,1
106,360,21.600000,10000.000000,0,5,1237602013,1143,0,1143,-30,0,66,1
106,360,21.600000,10000.000000,0,5,1237602019,1143,0,1143,-30,0,66,1
106,360,21.600000,10000.000000,0,5,1237602024,1143,0,1143,-30,0,66,1
106,360,21.600000,10000.000000,0,5,1237602029,1143,0,1143,-30,0,66,1
106,360,21.600000,10000.000000,0,5,1237602035,1143,0,1143,-30,0,66,1
106,360,21.600000,10000.000000,0,5,1237602041,1143,0,1143,-30,0,66,1
106,360,21.600000,10000.000000,0,5,1237602046,1143,0,1143,-30,0,66,1
106,360,21.600000,10000.000000,0,5,1237602052,1143,0,1143,-30,0,66,1
106,360,21.600000,10000.000000,0,5,1237602057,1143,0,1143,-30,0,66,1
106,360,21.600000,10000.000000,0,5,1237602062,1143,0,1143,-30,0,66,1
106,360,21.600000,10000.000000,0,5,1237602068,1143,0,1143,-30,0,66,1
106,360,21.600000,10000.000000,0,5,1237602074,1143,0,1143,-30,0,66,1
106,360,21.600000,10000.000000,0,5,1237602079,1143,0,1143,-30,0,66,1
106,360,21.600000,10000.000000,0,5,1237602085,1143,0,1143,-30,0,66,1
106,360,21.600000,10000.000000,0,5,1237602091,1143,0,1143,-30,0,66,1
106,360,21.600000,10000.000000,0,5,1237602097,1142,0,1142,-31,0,66,1
106,360,21.600000,10000.000000,0,5,1237602103,1141,0,1141,-32,0,66,1
106,360,21.600000,10000.000000,0,5,1237602108,1140,0,1140,-33,0,66,1
106,360,21.600000,10000.000000,0,5,1237602113,1139,0,1139,-33,0,66,1
106,360,21.600000,10000.000000,0,5,1237602119,1139,0,1139,-34,0,66,1
106,360,21.600000,10000.000000,0,5,1237602124,1138,0,1138,-35,0,66,1
106,360,21.600000,10000.000000,0,5,1237602130,1137,0,1137,-36,0,66,1
106,360,21.600000,10000.000000,0,5,1237602135,1137,0,1137,-36,0,66,1
106,360,21.600000,10000.000000,0,5,1237602141,1137,0,1137,-37,0,66,1
106,360,21.600000,10000.000000,0,5,1237602146,1137,0,1137,-38,0,66,1
106,360,21.600000,10000.000000,0,5,1237602152,1137,0,1137,-38,0,66,1
106,360,21.600000,10000.000000,0,5,1237602158,1137,0,1137,-38,0,66,1
106,360,21.600000,10000.000000,0,5,1237602163,1137,0,1137,-38,0,66,1
106,360,21.600000,10000.000000,0,5,1237602169,1137,0,1137,-38,0,66,1
106,360,21.600000,10000.000000,0,5,1237602174,1137,0,1137,-38,0,66,1
106,360,21.600000,10000.000000,0,5,1237602179,1137,0,1137,-38,0,66,1
106,360,21.600000,10000.000000,0,5,1237602185,1137,0,1137,-38,0,66,1
106,360,21.600000,10000.000000,0,5,1237602191,1137,0,1137,-38,0,66,1
106,360,21.600000,10000.000000,0,5,1237602196,1137,0,1137,-38,0,66,1
106,360,21.600000,10000.000000,0,5,1237602202,1137,0,1137,-38,0,66,1
106,360,21.600000,10000.000000,0,5,1237602216,1137,0,1137,-38,0,66,1
