106,360,21.600000,0.000000,1,5,1237354645,779,14,779,14,0,44,5
106,360,21.600000,0.000000,1,5,1237354647,779,14,779,14,0,44,5
106,360,21.600000,0.000000,1,5,1237354653,780,14,780,14,0,44,5
106,360,21.600000,0.000000,1,5,1237354658,780,14,780,14,0,44,5
106,360,21.600000,0.000000,1,5,1237354664,780,14,780,14,0,44,5
106,360,21.600000,0.000000,1,5,1237354669,780,14,780,14,0,44,5
106,360,21.600000,0.000000,1,5,1237354675,780,14,780,14,0,44,5
106,360,21.600000,0.000000,1,5,1237354681,780,14,780,14,0,44,5
106,360,21.600000,0.000000,1,5,1237354686,780,14,780,14,0,44,5
106,360,21.600000,0.000000,1,5,1237354692,780,14,780,14,0,44,5
106,360,21.600000,0.000000,1,5,1237354697,780,14,780,14,0,44,5
106,360,21.600000,0.000000,1,5,1237354706,780,14,780,14,0,44,5
106,360,21.600000,0.000000,1,5,1237354712,780,14,780,14,0,44,5
106,360,21.600000,0.000000,1,5,1237354718,781,15,781,15,0,44,5
106,360,21.600000,0.000000,1,5,1237354724,783,16,783,16,0,44,5
106,360,21.600000,0.000000,1,5,1237354729,786,18,786,18,0,44,5
106,360,21.600000,0.000000,1,5,1237354735,792,21,792,21,0,44,5
106,360,21.600000,0.000000,1,5,1237354741,804,25,804,25,0,44,5
106,360,21.600000,0.000000,1,5,1237354747,819,29,819,29,0,44,5
106,360,21.600000,0.000000,1,5,1237354753,832,32,832,32,0,44,5
106,360,21.600000,0.000000,1,5,1237354758,850,36,850,36,0,44,5
106,360,21.600000,0.000000,1,5,1237354764,874,40,874,40,0,44,5
106,360,21.600000,0.000000,1,5,1237354770,899,43,899,43,0,44,5
106,360,21.600000,0.000000,1,5,1237354776,932,48,932,48,0,44,5
106,360,21.600000,0.000000,1,5,1237354781,959,51,959,51,0,44,5
106,360,21.600000,0.000000,1,5,1237354787,986,54,986,54,0,44,5
106,360,21.600000,0.000000,1,5,1237354793,1013,57,1013,57,0,44,5
106,360,21.600000,0.000000,1,5,1237354801,1047,61,1047,61,0,44,5
106,360,21.600000,0.000000,1,5,1237354807,1098,64,1098,64,0,44,5
106,360,21.600000,0.000000,1,5,1237354812,1119,65,1119,65,0,44,5
106,360,21.600000,0.000000,1,5,1237354818,1144,66,1144,66,0,44,5
106,360,21.600000,0.000000,1,5,1237354824,1165,66,1165,66,0,44,5
106,360,21.600000,0.000000,1,5,1237354829,1183,67,1183,67,0,44,5
106,360,21.600000,0.000000,1,5,1237354835,1194,67,1194,67,0,44,5
106,360,21.600000,0.000000,1,5,1237354841,1199,66,1199,66,0,44,5
106,360,21.600000,0.000000,1,5,1237354846,1202,64,1202,64,0,44,5
106,360,21.600000,0.000000,1,5,1237354852,1203,63,1203,63,0,44,5
106,360,21.600000,0.000000,1,5,1237354858,1202,61,1202,61,0,44,5
106,360,21.600000,0.000000,1,5,1237354863,1200,58,1200,58,0,44,5
106,360,21.600000,0.000000,1,5,1237354870,1198,56,1198,56,0,44,5
106,360,21.600000,0.000000,1,5,1237354875,1195,52,1195,52,0,44,5
106,360,21.600000,0.000000,1,5,1237354880,1193,49,1193,49,0,44,5
106,360,21.600000,0.000000,1,5,1237354886,1190,47,1190,47,0,44,5
106,360,21.600000,0.000000,1,5,1237354892,1187,44,1187,44,0,44,5
106,360,21.600000,0.000000,1,5,1237354898,1184,40,1184,40,0,44,5
106,360,21.600000,0.000000,1,5,1237354904,1180,37,1180,37,0,44,5
106,360,21.600000,0.000000,1,5,1237354910,1178,35,1178,35,0,44,5
106,360,21.600000,0.000000,1,5,1237354916,1176,33,1176,33,0,44,5
106,360,21.600000,0.000000,1,5,1237354921,1175,31,1175,31,0,44,5
106,360,21.600000,0.000000,1,5,1237354927,1175,29,1175,29,0,44,5
106,360,21.600000,0.000000,1,5,1237354933,1175,28,1175,28,0,44,5
106,360,21.600000,0.000000,1,5,1237354938,1175,27,1175,27,0,44,5
106,360,21.600000,0.000000,1,5,1237354943,1175,26,1175,26,0,44,5
106,360,21.600000,0.000000,1,5,1237354949,1175,25,1175,25,0,44,5
106,360,21.600000,0.000000,1,5,1237354955,1175,24,1175,24,0,44,5
106,360,21.600000,0.000000,1,5,1237354960,1175,23,1175,23,0,44,5
106,360,21.600000,0.000000,1,5,1237354966,1175,22,1175,22,0,44,5
106,360,21.600000,0.000000,1,5,1237354972,1175,21,1175,21,0,44,5
106,360,21.600000,0.000000,1,5,1237354978,1175,20,1175,20,0,44,5
106,360,21.600000,0.000000,1,5,1237354983,1175,19,1175,19,0,44,5
106,360,21.600000,0.000000,1,5,1237354989,1175,18,1175,18,0,44,5
106,360,21.600000,0.000000,1,5,1237354994,1175,18,1175,18,0,44,5
106,360,21.600000,0.000000,1,5,1237355000,1175,17,1175,17,0,44,5
106,360,21.600000,0.000000,1,5,1237355005,1174,16,1174,16,0,44,5
106,360,21.600000,0.000000,1,5,1237355011,1173,15,1173,15,0,44,5
106,360,21.600000,0.000000,1,5,1237355016,1172,15,1172,15,0,44,5
106,360,21.600000,0.000000,1,5,1237355022,1171,14,1171,14,0,44,5
106,360,21.600000,0.000000,1,5,1237355027,1170,13,1170,13,0,44,5
106,360,21.600000,0.000000,1,5,1237355033,1170,12,1170,12,0,44,5
106,360,21.600000,0.000000,1,5,1237355039,1169,11,1169,11,0,44,5
106,360,21.600000,0.000000,1,5,1237355044,1169,10,1169,10,0,44,5
106,360,21.600000,0.000000,1,5,1237355050,1168,10,1168,10,0,44,5
106,360,21.600000,0.000000,1,5,1237355056,1167,10,1167,10,0,44,5
106,360,21.600000,0.000000,1,5,1237355061,1166,9,1166,9,0,44,5
106,360,21.600000,0.000000,1,5,1237355067,1164,9,1164,9,0,44,5
106,360,21.600000,0.000000,1,5,1237355073,1162,9,1162,9,0,44,5
106,360,21.600000,0.000000,1,5,1237355078,1160,9,1160,9,0,44,5
106,360,21.600000,0.000000,1,5,1237355084,1158,9,1158,9,0,44,5
106,360,21.600000,0.000000,1,5,1237355089,1156,9,1156,9,0,44,5
106,360,21.600000,0.000000,1,5,1237355095,1153,8,1153,8,0,44,5
106,360,21.600000,0.000000,1,5,1237355100,1151,7,1151,7,0,44,5
106,360,21.600000,0.000000,1,5,1237355106,1148,7,1148,7,0,44,5
106,360,21.600000,0.000000,1,5,1237355111,1146,7,1146,7,0,44,5
106,360,21.600000,0.000000,1,5,1237355117,1144,6,1144,6,0,44,5
106,360,21.600000,0.000000,1,5,1237355123,1143,5,1143,5,0,44,5
106,360,21.600000,0.000000,1,5,1237355128,1142,5,1142,5,0,44,5
106,360,21.600000,0.000000,1,5,1237355133,1141,5,1141,5,0,44,5
106,360,21.600000,0.000000,1,5,1237355139,1141,5,1141,5,0,44,5
106,360,21.600000,0.000000,1,5,1237355144,1141,5,1141,5,0,44,5
106,360,21.600000,0.000000,1,5,1237355150,1140,4,1140,4,0,44,5
106,360,21.600000,0.000000,1,5,1237355155,1139,3,1139,3,0,44,5
106,360,21.600000,0.000000,1,5,1237355161,1139,3,1139,3,0,44,5
106,360,21.600000,0.000000,1,5,1237355167,1138,3,1138,3,0,44,5
106,360,21.600000,0.000000,1,5,1237355172,1137,2,1137,2,0,44,5
106,360,21.600000,0.000000,1,5,1237355178,1136,1,1136,1,0,44,5
106,360,21.600000,0.000000,1,5,1237355184,1135,0,1135,0,0,44,5
106,360,21.600000,0.000000,1,5,1237355189,1135,0,1135,0,0,44,5
106,360,21.600000,0.000000,1,5,1237355194,1134,0,1134,0,0,44,5
106,360,21.600000,0.000000,1,5,1237355199,1133,0,1133,0,0,44,5
106,360,21.600000,0.000000,1,5,1237355205,1132,0,1132,0,0,44,5
106,360,21.600000,0.000000,1,5,1237355210,1132,0,1132,0,0,44,5
106,360,21.600000,0.000000,1,5,1237355216,1132,0,1132,0,0,44,5
106,360,21.600000,0.000000,1,5,1237355221,1132,0,1132,0,0,44,5
106,360,21.600000,0.000000,1,5,1237355227,1132,0,1132,0,0,44,5
106,360,21.600000,0.000000,1,5,1237355233,1132,0,1132,0,0,44,5
106,360,21.600000,0.000000,1,5,1237355238,1132,0,1132,0,0,44,5
106,360,21.600000,0.000000,1,5,1237355243,1132,0,1132,0,0,44,5
106,360,21.600000,0.000000,1,5,1237355249,1132,0,1132,0,0,44,5
106,360,21.600000,0.000000,1,5,1237355254,1132,0,1132,0,0,44,5
106,360,21.600000,0.000000,1,5,1237355260,1132,0,1132,0,0,44,5
106,360,21.600000,0.000000,1,5,1237355266,1132,0,1132,0,0,44,5
106,360,21.600000,0.000000,1,5,1237355279,1132,0,1132,0,0,44,5
