106,720,21.600000,43.200000,1,5,1237397408,601,8,601,8,0,48,3
106,720,21.600000,43.200000,1,5,1237397409,601,8,601,8,0,48,3
106,720,21.600000,43.200000,1,5,1237397415,602,8,602,8,0,48,3
106,720,21.600000,43.200000,1,5,1237397420,603,8,603,8,0,48,3
106,720,21.600000,43.200000,1,5,1237397425,603,8,603,8,0,48,3
106,720,21.600000,43.200000,1,5,1237397431,603,8,603,8,0,48,3
106,720,21.600000,43.200000,1,5,1237397437,603,8,603,8,0,48,3
106,720,21.600000,43.200000,1,5,1237397442,603,8,603,8,0,48,3
106,720,21.600000,43.200000,1,5,1237397448,603,8,603,8,0,48,3
106,720,21.600000,43.200000,1,5,1237397454,603,8,603,8,0,48,3
106,720,21.600000,43.200000,1,5,1237397459,603,8,603,8,0,48,3
106,720,21.600000,43.200000,1,5,1237397466,604,8,604,8,0,48,3
106,720,21.600000,43.200000,1,5,1237397472,604,8,604,8,0,48,3
106,720,21.600000,43.200000,1,5,1237397478,604,8,604,8,0,48,3
106,720,21.600000,43.200000,1,5,1237397483,604,9,604,9,0,48,3
106,720,21.600000,43.200000,1,5,1237397489,605,10,605,10,0,48,3
106,720,21.600000,43.200000,1,5,1237397495,609,12,609,12,0,48,3
106,720,21.600000,43.200000,1,5,1237397501,614,15,614,15,0,48,3
106,720,21.600000,43.200000,1,5,1237397507,623,19,623,19,0,48,3
106,720,21.600000,43.200000,1,5,1237397513,634,24,634,24,0,48,3
106,720,21.600000,43.200000,1,5,1237397518,648,29,648,29,0,48,3
106,720,21.600000,43.200000,1,5,1237397524,667,35,667,35,0,48,3
106,720,21.600000,43.200000,1,5,1237397533,690,41,690,41,0,48,3
106,720,21.600000,43.200000,1,5,1237397538,741,51,741,51,0,48,3
106,720,21.600000,43.200000,1,5,1237397544,785,57,785,57,0,48,3
106,720,21.600000,43.200000,1,5,1237397550,826,61,826,61,0,48,3
106,720,21.600000,43.200000,1,5,1237397556,883,65,883,65,0,48,3
106,720,21.600000,43.200000,1,5,1237397561,934,68,934,68,0,48,3
106,720,21.600000,43.200000,1,5,1237397567,978,69,978,69,0,48,3
106,720,21.600000,43.200000,1,5,1237397573,1024,71,1024,71,0,48,3
106,720,21.600000,43.200000,1,5,1237397579,1081,72,1081,72,0,48,3
106,720,21.600000,43.200000,1,5,1237397585,1121,73,1121,73,0,48,3
106,720,21.600000,43.200000,1,5,1237397591,1154,73,1154,73,0,48,3
106,720,21.600000,43.200000,1,5,1237397596,1181,73,1181,73,0,48,3
106,720,21.600000,43.200000,1,5,1237397602,1204,73,1204,73,0,48,3
106,720,21.600000,43.200000,1,5,1237397607,1231,71,1231,71,0,48,3
106,720,21.600000,43.200000,1,5,1237397616,1246,68,1246,68,0,48,3
106,720,21.600000,43.200000,1,5,1237397622,1266,62,1266,62,0,48,3
106,720,21.600000,43.200000,1,5,1237397628,1273,59,1273,59,0,48,3
106,720,21.600000,43.200000,1,5,1237397633,1278,55,1278,55,0,48,3
106,720,21.600000,43.200000,1,5,1237397639,1281,52,1281,52,0,48,3
106,720,21.600000,43.200000,1,5,1237397644,1281,48,1281,48,0,48,3
106,720,21.600000,43.200000,1,5,1237397650,1281,45,1281,45,0,48,3
106,720,21.600000,43.200000,1,5,1237397656,1280,43,1280,43,0,48,3
106,720,21.600000,43.200000,1,5,1237397661,1278,40,1278,40,0,48,3
106,720,21.600000,43.200000,1,5,1237397667,1275,37,1275,37,0,48,3
106,720,21.600000,43.200000,1,5,1237397673,1272,35,1272,35,0,48,3
106,720,21.600000,43.200000,1,5,1237397678,1270,33,1270,33,0,48,3
106,720,21.600000,43.200000,1,5,1237397684,1268,32,1268,32,0,48,3
106,720,21.600000,43.200000,1,5,1237397689,1268,31,1268,31,0,48,3
106,720,21.600000,43.200000,1,5,1237397695,1268,30,1268,30,0,48,3
106,720,21.600000,43.200000,1,5,1237397700,1268,29,1268,29,0,48,3
106,720,21.600000,43.200000,1,5,1237397706,1268,28,1268,28,0,48,3
106,720,21.600000,43.200000,1,5,1237397712,1268,27,1268,27,0,48,3
106,720,21.600000,43.200000,1,5,1237397718,1269,25,1269,25,0,48,3
106,720,21.600000,43.200000,1,5,1237397724,1271,24,1271,24,0,48,3
106,720,21.600000,43.200000,1,5,1237397729,1274,22,1274,22,0,48,3
106,720,21.600000,43.200000,1,5,1237397735,1279,21,1279,21,0,48,3
106,720,21.600000,43.200000,1,5,1237397740,1284,19,1284,19,0,48,3
106,720,21.600000,43.200000,1,5,1237397746,1292,17,1292,17,0,48,3
106,720,21.600000,43.200000,1,5,1237397752,1299,15,1299,15,0,48,3
106,720,21.600000,43.200000,1,5,1237397758,1306,13,1306,13,0,48,3
106,720,21.600000,43.200000,1,5,1237397764,1310,12,1310,12,0,48,3
106,720,21.600000,43.200000,1,5,1237397769,1313,11,1313,11,0,48,3
106,720,21.600000,43.200000,1,5,1237397775,1314,10,1314,10,0,48,3
106,720,21.600000,43.200000,1,5,1237397781,1316,9,1316,9,0,48,3
106,720,21.600000,43.200000,1,5,1237397787,1317,9,1317,9,0,48,3
106,720,21.600000,43.200000,1,5,1237397792,1318,9,1318,9,0,48,3
106,720,21.600000,43.200000,1,5,1237397797,1319,8,1319,8,0,48,3
106,720,21.600000,43.200000,1,5,1237397803,1320,7,1320,7,0,48,3
106,720,21.600000,43.200000,1,5,1237397808,1320,7,1320,7,0,48,3
106,720,21.600000,43.200000,1,5,1237397814,1320,7,1320,7,0,48,3
106,720,21.600000,43.200000,1,5,1237397820,1320,7,1320,7,0,48,3
106,720,21.600000,43.200000,1,5,1237397825,1320,7,1320,7,0,48,3
106,720,21.600000,43.200000,1,5,1237397831,1321,7,1321,7,0,48,3
106,720,21.600000,43.200000,1,5,1237397836,1322,7,1322,7,0,48,3
106,720,21.600000,43.200000,1,5,1237397842,1322,7,1322,7,0,48,3
106,720,21.600000,43.200000,1,5,1237397848,1322,7,1322,7,0,48,3
106,720,21.600000,43.200000,1,5,1237397854,1323,7,1323,7,0,48,3
106,720,21.600000,43.200000,1,5,1237397859,1325,7,1325,7,0,48,3
106,720,21.600000,43.200000,1,5,1237397865,1326,7,1326,7,0,48,3
106,720,21.600000,43.200000,1,5,1237397871,1327,7,1327,7,0,48,3
106,720,21.600000,43.200000,1,5,1237397877,1328,7,1328,7,0,48,3
106,720,21.600000,43.200000,1,5,1237397882,1329,7,1329,7,0,48,3
106,720,21.600000,43.200000,1,5,1237397888,1330,7,1330,7,0,48,3
106,720,21.600000,43.200000,1,5,1237397893,1330,7,1330,7,0,48,3
106,720,21.600000,43.200000,1,5,1237397898,1330,7,1330,7,0,48,3
106,720,21.600000,43.200000,1,5,1237397904,1330,7,1330,7,0,48,3
106,720,21.600000,43.200000,1,5,1237397909,1330,7,1330,7,0,48,3
106,720,21.600000,43.200000,1,5,1237397914,1330,7,1330,7,0,48,3
106,720,21.600000,43.200000,1,5,1237397920,1330,7,1330,7,0,48,3
106,720,21.600000,43.200000,1,5,1237397925,1330,7,1330,7,0,48,3
106,720,21.600000,43.200000,1,5,1237397931,1330,7,1330,7,0,48,3
106,720,21.600000,43.200000,1,5,1237397937,1330,7,1330,7,0,48,3
106,720,21.600000,43.200000,1,5,1237397942,1330,7,1330,7,0,48,3
106,720,21.600000,43.200000,1,5,1237397948,1330,7,1330,7,0,48,3
106,720,21.600000,43.200000,1,5,1237397954,1330,7,1330,7,0,48,3
106,720,21.600000,43.200000,1,5,1237397959,1330,7,1330,7,0,48,3
106,720,21.600000,43.200000,1,5,1237397965,1330,7,1330,7,0,48,3
106,720,21.600000,43.200000,1,5,1237397971,1330,7,1330,7,0,48,3
106,720,21.600000,43.200000,1,5,1237397976,1329,7,1329,7,0,48,3
106,720,21.600000,43.200000,1,5,1237397981,1328,7,1328,7,0,48,3
106,720,21.600000,43.200000,1,5,1237397987,1327,8,1327,8,0,48,3
106,720,21.600000,43.200000,1,5,1237397992,1327,8,1327,8,0,48,3
106,720,21.600000,43.200000,1,5,1237397998,1327,8,1327,8,0,48,3
106,720,21.600000,43.200000,1,5,1237398003,1326,8,1326,8,0,48,3
106,720,21.600000,43.200000,1,5,1237398009,1325,8,1325,8,0,48,3
106,720,21.600000,43.200000,1,5,1237398014,1324,8,1324,8,0,48,3
106,720,21.600000,43.200000,1,5,1237398020,1323,8,1323,8,0,48,3
106,720,21.600000,43.200000,1,5,1237398025,1323,8,1323,8,0,48,3
106,720,21.600000,43.200000,1,5,1237398031,1323,8,1323,8,0,48,3
106,720,21.600000,43.200000,1,5,1237398036,1323,8,1323,8,0,48,3
106,720,21.600000,43.200000,1,5,1237398041,1323,8,1323,8,0,48,3
106,720,21.600000,43.200000,1,5,1237398047,1323,8,1323,8,0,48,3
106,720,21.600000,43.200000,1,5,1237398053,1323,8,1323,8,0,48,3
106,720,21.600000,43.200000,1,5,1237398058,1323,8,1323,8,0,48,3
106,720,21.600000,43.200000,1,5,1237398064,1323,8,1323,8,0,48,3
106,720,21.600000,43.200000,1,5,1237398070,1323,8,1323,8,0,48,3
106,720,21.600000,43.200000,1,5,1237398075,1323,8,1323,8,0,48,3
106,720,21.600000,43.200000,1,5,1237398081,1322,8,1322,8,0,48,3
106,720,21.600000,43.200000,1,5,1237398087,1321,9,1321,9,0,48,3
106,720,21.600000,43.200000,1,5,1237398101,1320,10,1320,10,0,48,3
