106,360,21.600000,43.200000,1,5,1237486819,779,13.200000,779,13.200000,0,55,0
106,360,21.600000,43.200000,1,5,1237486820,779,13.200000,779,13.200000,0,55,0
106,360,21.600000,43.200000,1,5,1237486826,779,13.200000,779,13.200000,0,55,0
106,360,21.600000,43.200000,1,5,1237486831,779,13.200000,779,13.200000,0,55,0
106,360,21.600000,43.200000,1,5,1237486836,779,13.200000,779,13.200000,0,55,0
106,360,21.600000,43.200000,1,5,1237486842,780,13.200000,780,13.200000,0,55,0
106,360,21.600000,43.200000,1,5,1237486848,781,13.200000,781,13.200000,0,55,0
106,360,21.600000,43.200000,1,5,1237486853,782,13.200000,782,13.200000,0,55,0
106,360,21.600000,43.200000,1,5,1237486859,783,13.200000,783,13.200000,0,55,0
106,360,21.600000,43.200000,1,5,1237486864,784,13.200000,784,13.200000,0,55,0
106,360,21.600000,43.200000,1,5,1237486870,785,13.200000,785,13.200000,0,55,0
106,360,21.600000,43.200000,1,5,1237486876,786,13.200000,786,13.200000,0,55,0
106,360,21.600000,43.200000,1,5,1237486882,787,14.200000,787,14.200000,0,55,0
106,360,21.600000,43.200000,1,5,1237486887,788,14.200000,788,14.200000,0,55,0
106,360,21.600000,43.200000,1,5,1237486893,789,15.200000,789,15.200000,0,55,0
106,360,21.600000,43.200000,1,5,1237486898,790,15.200000,790,15.200000,0,55,0
106,360,21.600000,43.200000,1,5,1237486904,791,15.200000,791,15.200000,0,55,0
106,360,21.600000,43.200000,1,5,1237486910,793,16.200000,793,16.200000,0,55,0
106,360,21.600000,43.200000,1,5,1237486916,796,17.200000,796,17.200000,0,55,0
106,360,21.600000,43.200000,1,5,1237486921,799,19.200000,799,19.200000,0,55,0
106,360,21.600000,43.200000,1,5,1237486927,803,22.200000,803,22.200000,0,55,0
106,360,21.600000,43.200000,1,5,1237486933,809,26.200000,809,26.200000,0,55,0
106,360,21.600000,43.200000,1,5,1237486938,817,30.200000,817,30.200000,0,55,0
106,360,21.600000,43.200000,1,5,1237486946,827,34.200000,827,34.200000,0,55,0
106,360,21.600000,43.200000,1,5,1237486951,850,41.200000,850,41.200000,0,55,0
106,360,21.600000,43.200000,1,5,1237486957,867,46.200000,867,46.200000,0,55,0
106,360,21.600000,43.200000,1,5,1237486962,888,53.200000,888,53.200000,0,55,0
106,360,21.600000,43.200000,1,5,1237486968,912,60.200000,912,60.200000,0,55,0
106,360,21.600000,43.200000,1,5,1237486974,934,65.200000,934,65.200000,0,55,0
106,360,21.600000,43.200000,1,5,1237486979,967,73.200000,967,73.200000,0,55,0
106,360,21.600000,43.200000,1,5,1237486985,1001,81.200000,1001,81.200000,0,55,0
106,360,21.600000,43.200000,1,5,1237486991,1035,88.200000,1035,88.200000,0,55,0
106,360,21.600000,43.200000,1,5,1237486998,1062,94.200000,1062,94.200000,0,55,0
106,360,21.600000,43.200000,1,5,1237487004,1086,98.200000,1086,98.200000,0,55,0
106,360,21.600000,43.200000,1,5,1237487010,1103,100.200000,1103,100.200000,0,55,0
106,360,21.600000,43.200000,1,5,1237487015,1120,101.200000,1120,101.200000,0,55,0
106,360,21.600000,43.200000,1,5,1237487020,1132,101.200000,1132,101.200000,0,55,0
106,360,21.600000,43.200000,1,5,1237487026,1142,100.200000,1142,100.200000,0,55,0
106,360,21.600000,43.200000,1,5,1237487032,1148,97.200000,1148,97.200000,0,55,0
106,360,21.600000,43.200000,1,5,1237487038,1150,93.200000,1150,93.200000,0,55,0
106,360,21.600000,43.200000,1,5,1237487043,1150,87.200000,1150,87.200000,0,55,0
106,360,21.600000,43.200000,1,5,1237487049,1149,81.200000,1149,81.200000,0,55,0
106,360,21.600000,43.200000,1,5,1237487055,1147,74.200000,1147,74.200000,0,55,0
106,360,21.600000,43.200000,1,5,1237487062,1144,68.200000,1144,68.200000,0,55,0
106,360,21.600000,43.200000,1,5,1237487068,1140,57.200000,1140,57.200000,0,55,0
106,360,21.600000,43.200000,1,5,1237487073,1138,51.200000,1138,51.200000,0,55,0
106,360,21.600000,43.200000,1,5,1237487079,1137,46.200000,1137,46.200000,0,55,0
106,360,21.600000,43.200000,1,5,1237487084,1136,41.200000,1136,41.200000,0,55,0
106,360,21.600000,43.200000,1,5,1237487090,1136,37.200000,1136,37.200000,0,55,0
106,360,21.600000,43.200000,1,5,1237487096,1138,33.200000,1138,33.200000,0,55,0
106,360,21.600000,43.200000,1,5,1237487102,1139,30.200000,1139,30.200000,0,55,0
106,360,21.600000,43.200000,1,5,1237487107,1141,27.200000,1141,27.200000,0,55,0
106,360,21.600000,43.200000,1,5,1237487113,1143,26.200000,1143,26.200000,0,55,0
106,360,21.600000,43.200000,1,5,1237487119,1146,25.200000,1146,25.200000,0,55,0
106,360,21.600000,43.200000,1,5,1237487125,1148,24.200000,1148,24.200000,0,55,0
106,360,21.600000,43.200000,1,5,1237487131,1151,23.200000,1151,23.200000,0,55,0
106,360,21.600000,43.200000,1,5,1237487136,1154,22.200000,1154,22.200000,0,55,0
106,360,21.600000,43.200000,1,5,1237487142,1156,22.200000,1156,22.200000,0,55,0
106,360,21.600000,43.200000,1,5,1237487147,1158,22.200000,1158,22.200000,0,55,0
106,360,21.600000,43.200000,1,5,1237487153,1161,22.200000,1161,22.200000,0,55,0
106,360,21.600000,43.200000,1,5,1237487158,1162,22.200000,1162,22.200000,0,55,0
106,360,21.600000,43.200000,1,5,1237487164,1163,22.200000,1163,22.200000,0,55,0
106,360,21.600000,43.200000,1,5,1237487169,1164,22.200000,1164,22.200000,0,55,0
106,360,21.600000,43.200000,1,5,1237487175,1164,22.200000,1164,22.200000,0,55,0
106,360,21.600000,43.200000,1,5,1237487180,1163,22.200000,1163,22.200000,0,55,0
106,360,21.600000,43.200000,1,5,1237487187,1161,22.200000,1161,22.200000,0,55,0
106,360,21.600000,43.200000,1,5,1237487192,1158,22.200000,1158,22.200000,0,55,0
106,360,21.600000,43.200000,1,5,1237487198,1155,23.200000,1155,23.200000,0,55,0
106,360,21.600000,43.200000,1,5,1237487204,1153,23.200000,1153,23.200000,0,55,0
106,360,21.600000,43.200000,1,5,1237487209,1151,24.200000,1151,24.200000,0,55,0
106,360,21.600000,43.200000,1,5,1237487215,1150,24.200000,1150,24.200000,0,55,0
106,360,21.600000,43.200000,1,5,1237487220,1149,24.200000,1149,24.200000,0,55,0
106,360,21.600000,43.200000,1,5,1237487226,1148,24.200000,1148,24.200000,0,55,0
106,360,21.600000,43.200000,1,5,1237487232,1147,24.200000,1147,24.200000,0,55,0
106,360,21.600000,43.200000,1,5,1237487237,1147,24.200000,1147,24.200000,0,55,0
106,360,21.600000,43.200000,1,5,1237487242,1147,24.200000,1147,24.200000,0,55,0
106,360,21.600000,43.200000,1,5,1237487248,1147,24.200000,1147,24.200000,0,55,0
106,360,21.600000,43.200000,1,5,1237487254,1147,24.200000,1147,24.200000,0,55,0
106,360,21.600000,43.200000,1,5,1237487259,1147,24.200000,1147,24.200000,0,55,0
106,360,21.600000,43.200000,1,5,1237487265,1147,24.200000,1147,24.200000,0,55,0
106,360,21.600000,43.200000,1,5,1237487270,1147,24.200000,1147,24.200000,0,55,0
106,360,21.600000,43.200000,1,5,1237487275,1146,24.200000,1146,24.200000,0,55,0
106,360,21.600000,43.200000,1,5,1237487281,1145,24.200000,1145,24.200000,0,55,0
106,360,21.600000,43.200000,1,5,1237487286,1145,24.200000,1145,24.200000,0,55,0
106,360,21.600000,43.200000,1,5,1237487292,1145,24.200000,1145,24.200000,0,55,0
106,360,21.600000,43.200000,1,5,1237487297,1145,23.200000,1145,23.200000,0,55,0
106,360,21.600000,43.200000,1,5,1237487303,1144,23.200000,1144,23.200000,0,55,0
106,360,21.600000,43.200000,1,5,1237487309,1143,22.200000,1143,22.200000,0,55,0
106,360,21.600000,43.200000,1,5,1237487314,1142,21.200000,1142,21.200000,0,55,0
106,360,21.600000,43.200000,1,5,1237487320,1141,21.200000,1141,21.200000,0,55,0
106,360,21.600000,43.200000,1,5,1237487326,1140,21.200000,1140,21.200000,0,55,0
106,360,21.600000,43.200000,1,5,1237487331,1140,20.200000,1140,20.200000,0,55,0
106,360,21.600000,43.200000,1,5,1237487336,1140,20.200000,1140,20.200000,0,55,0
106,360,21.600000,43.200000,1,5,1237487342,1139,20.200000,1139,20.200000,0,55,0
106,360,21.600000,43.200000,1,5,1237487347,1138,20.200000,1138,20.200000,0,55,0
106,360,21.600000,43.200000,1,5,1237487353,1138,20.200000,1138,20.200000,0,55,0
106,360,21.600000,43.200000,1,5,1237487358,1138,20.200000,1138,20.200000,0,55,0
106,360,21.600000,43.200000,1,5,1237487364,1138,20.200000,1138,20.200000,0,55,0
106,360,21.600000,43.200000,1,5,1237487377,1138,20.200000,1138,20.200000,0,55,0
