106,720,21.600000,0.000000,1,5,1237500360,608,10,608,10,0,56,3
106,720,21.600000,0.000000,1,5,1237500361,608,10,608,10,0,56,3
106,720,21.600000,0.000000,1,5,1237500367,608,10,608,10,0,56,3
106,720,21.600000,0.000000,1,5,1237500373,608,10,608,10,0,56,3
106,720,21.600000,0.000000,1,5,1237500378,608,10,608,10,0,56,3
106,720,21.600000,0.000000,1,5,1237500384,608,10,608,10,0,56,3
106,720,21.600000,0.000000,1,5,1237500389,608,10,608,10,0,56,3
106,720,21.600000,0.000000,1,5,1237500394,608,10,608,10,0,56,3
106,720,21.600000,0.000000,1,5,1237500400,608,10,608,10,0,56,3
106,720,21.600000,0.000000,1,5,1237500406,608,10,608,10,0,56,3
106,720,21.600000,0.000000,1,5,1237500411,608,10,608,10,0,56,3
106,720,21.600000,0.000000,1,5,1237500417,608,10,608,10,0,56,3
106,720,21.600000,0.000000,1,5,1237500422,610,11,610,11,0,56,3
106,720,21.600000,0.000000,1,5,1237500428,614,13,614,13,0,56,3
106,720,21.600000,0.000000,1,5,1237500434,619,15,619,15,0,56,3
106,720,21.600000,0.000000,1,5,1237500439,627,18,627,18,0,56,3
106,720,21.600000,0.000000,1,5,1237500445,640,21,640,21,0,56,3
106,720,21.600000,0.000000,1,5,1237500450,653,23,653,23,0,56,3
106,720,21.600000,0.000000,1,5,1237500456,670,26,670,26,0,56,3
106,720,21.600000,0.000000,1,5,1237500462,696,31,696,31,0,56,3
106,720,21.600000,0.000000,1,5,1237500468,727,36,727,36,0,56,3
106,720,21.600000,0.000000,1,5,1237500474,760,42,760,42,0,56,3
106,720,21.600000,0.000000,1,5,1237500479,802,49,802,49,0,56,3
106,720,21.600000,0.000000,1,5,1237500484,836,53,836,53,0,56,3
106,720,21.600000,0.000000,1,5,1237500490,883,58,883,58,0,56,3
106,720,21.600000,0.000000,1,5,1237500496,926,61,926,61,0,56,3
106,720,21.600000,0.000000,1,5,1237500503,973,64,973,64,0,56,3
106,720,21.600000,0.000000,1,5,1237500508,1011,66,1011,66,0,56,3
106,720,21.600000,0.000000,1,5,1237500515,1048,68,1048,68,0,56,3
106,720,21.600000,0.000000,1,5,1237500520,1081,69,1081,69,0,56,3
106,720,21.600000,0.000000,1,5,1237500526,1103,70,1103,70,0,56,3
106,720,21.600000,0.000000,1,5,1237500531,1129,70,1129,70,0,56,3
106,720,21.600000,0.000000,1,5,1237500537,1150,70,1150,70,0,56,3
106,720,21.600000,0.000000,1,5,1237500542,1169,68,1169,68,0,56,3
106,720,21.600000,0.000000,1,5,1237500548,1189,65,1189,65,0,56,3
106,720,21.600000,0.000000,1,5,1237500554,1201,63,1201,63,0,56,3
106,720,21.600000,0.000000,1,5,1237500559,1211,60,1211,60,0,56,3
106,720,21.600000,0.000000,1,5,1237500565,1218,56,1218,56,0,56,3
106,720,21.600000,0.000000,1,5,1237500571,1223,52,1223,52,0,56,3
106,720,21.600000,0.000000,1,5,1237500576,1226,49,1226,49,0,56,3
106,720,21.600000,0.000000,1,5,1237500584,1228,46,1228,46,0,56,3
106,720,21.600000,0.000000,1,5,1237500590,1230,43,1230,43,0,56,3
106,720,21.600000,0.000000,1,5,1237500595,1231,40,1231,40,0,56,3
106,720,21.600000,0.000000,1,5,1237500600,1232,38,1232,38,0,56,3
106,720,21.600000,0.000000,1,5,1237500606,1233,37,1233,37,0,56,3
106,720,21.600000,0.000000,1,5,1237500611,1234,35,1234,35,0,56,3
106,720,21.600000,0.000000,1,5,1237500617,1234,34,1234,34,0,56,3
106,720,21.600000,0.000000,1,5,1237500623,1234,33,1234,33,0,56,3
106,720,21.600000,0.000000,1,5,1237500629,1235,32,1235,32,0,56,3
106,720,21.600000,0.000000,1,5,1237500635,1236,32,1236,32,0,56,3
106,720,21.600000,0.000000,1,5,1237500640,1237,31,1237,31,0,56,3
106,720,21.600000,0.000000,1,5,1237500646,1239,31,1239,31,0,56,3
106,720,21.600000,0.000000,1,5,1237500652,1243,29,1243,29,0,56,3
106,720,21.600000,0.000000,1,5,1237500658,1246,28,1246,28,0,56,3
106,720,21.600000,0.000000,1,5,1237500663,1251,26,1251,26,0,56,3
106,720,21.600000,0.000000,1,5,1237500668,1256,24,1256,24,0,56,3
106,720,21.600000,0.000000,1,5,1237500674,1261,23.200000,1261,22,0,56,3
106,720,21.600000,0.000000,1,5,1237500680,1266,23.200000,1266,20,0,56,3
106,720,21.600000,0.000000,1,5,1237500686,1271,23.200000,1271,19,0,56,3
106,720,21.600000,0.000000,1,5,1237500691,1275,23.200000,1275,18,0,56,3
106,720,21.600000,0.000000,1,5,1237500697,1279,23.200000,1279,17,0,56,3
106,720,21.600000,0.000000,1,5,1237500704,1280,23.200000,1280,17,0,56,3
106,720,21.600000,0.000000,1,5,1237500710,1282,23.200000,1282,17,0,56,3
106,720,21.600000,0.000000,1,5,1237500715,1283,23.200000,1283,17,0,56,3
106,720,21.600000,0.000000,1,5,1237500721,1283,23.200000,1283,17,0,56,3
106,720,21.600000,0.000000,1,5,1237500726,1283,23.200000,1283,17,0,56,3
106,720,21.600000,0.000000,1,5,1237500732,1284,23.200000,1284,17,0,56,3
106,720,21.600000,0.000000,1,5,1237500737,1284,23.200000,1284,17,0,56,3
106,720,21.600000,0.000000,1,5,1237500743,1285,23.200000,1285,17,0,56,3
106,720,21.600000,0.000000,1,5,1237500750,1286,23.200000,1286,17,0,56,3
106,720,21.600000,0.000000,1,5,1237500756,1289,23.200000,1289,17,0,56,3
106,720,21.600000,0.000000,1,5,1237500762,1292,23.200000,1292,17,0,56,3
106,720,21.600000,0.000000,1,5,1237500768,1296,23.200000,1296,17,0,56,3
106,720,21.600000,0.000000,1,5,1237500774,1300,23.200000,1300,17,0,56,3
106,720,21.600000,0.000000,1,5,1237500779,1305,23.200000,1305,17,0,56,3
106,720,21.600000,0.000000,1,5,1237500785,1309,23.200000,1309,17,0,56,3
106,720,21.600000,0.000000,1,5,1237500791,1315,23.200000,1315,17,0,56,3
106,720,21.600000,0.000000,1,5,1237500796,1319,23.200000,1319,17,0,56,3
106,720,21.600000,0.000000,1,5,1237500802,1323,23.200000,1323,17,0,56,3
106,720,21.600000,0.000000,1,5,1237500807,1325,23.200000,1325,17,0,56,3
106,720,21.600000,0.000000,1,5,1237500813,1326,23.200000,1326,17,0,56,3
106,720,21.600000,0.000000,1,5,1237500819,1328,23.200000,1328,17,0,56,3
106,720,21.600000,0.000000,1,5,1237500824,1328,23.200000,1328,17,0,56,3
106,720,21.600000,0.000000,1,5,1237500830,1328,23.200000,1328,17,0,56,3
106,720,21.600000,0.000000,1,5,1237500835,1328,23.200000,1328,17,0,56,3
106,720,21.600000,0.000000,1,5,1237500841,1328,23.200000,1328,17,0,56,3
106,720,21.600000,0.000000,1,5,1237500846,1328,23.200000,1328,17,0,56,3
106,720,21.600000,0.000000,1,5,1237500852,1328,23.200000,1328,17,0,56,3
106,720,21.600000,0.000000,1,5,1237500857,1328,23.200000,1328,17,0,56,3
106,720,21.600000,0.000000,1,5,1237500863,1328,22.200000,1328,16,0,56,3
106,720,21.600000,0.000000,1,5,1237500868,1328,21.200000,1328,15,0,56,3
106,720,21.600000,0.000000,1,5,1237500874,1328,21.200000,1328,15,0,56,3
106,720,21.600000,0.000000,1,5,1237500879,1328,21.200000,1328,15,0,56,3
106,720,21.600000,0.000000,1,5,1237500885,1328,21.200000,1328,15,0,56,3
106,720,21.600000,0.000000,1,5,1237500890,1328,20.200000,1328,14,0,56,3
106,720,21.600000,0.000000,1,5,1237500896,1328,19.200000,1328,13,0,56,3
106,720,21.600000,0.000000,1,5,1237500902,1328,18.200000,1328,12,0,56,3
106,720,21.600000,0.000000,1,5,1237500907,1328,17.200000,1328,11,0,56,3
106,720,21.600000,0.000000,1,5,1237500913,1328,16.200000,1328,10,0,56,3
106,720,21.600000,0.000000,1,5,1237500918,1328,15.200000,1328,9,0,56,3
106,720,21.600000,0.000000,1,5,1237500924,1329,15.200000,1329,9,0,56,3
106,720,21.600000,0.000000,1,5,1237500929,1329,14.200000,1329,8,0,56,3
106,720,21.600000,0.000000,1,5,1237500935,1329,13.200000,1329,7,0,56,3
106,720,21.600000,0.000000,1,5,1237500940,1329,13.200000,1329,7,0,56,3
106,720,21.600000,0.000000,1,5,1237500946,1330,12.200000,1330,6,0,56,3
106,720,21.600000,0.000000,1,5,1237500951,1331,11.200000,1331,5,0,56,3
106,720,21.600000,0.000000,1,5,1237500957,1332,10.200000,1332,4,0,56,3
106,720,21.600000,0.000000,1,5,1237500963,1332,9.200000,1332,3,0,56,3
106,720,21.600000,0.000000,1,5,1237500968,1333,8.200000,1333,2,0,56,3
106,720,21.600000,0.000000,1,5,1237500973,1333,7.200000,1333,1,0,56,3
106,720,21.600000,0.000000,1,5,1237500979,1333,6.200000,1333,0,0,56,3
106,720,21.600000,0.000000,1,5,1237500984,1333,5.200000,1333,-1,0,56,3
106,720,21.600000,0.000000,1,5,1237500990,1333,5.200000,1333,-1,0,56,3
106,720,21.600000,0.000000,1,5,1237500995,1333,5.200000,1333,-1,0,56,3
106,720,21.600000,0.000000,1,5,1237501001,1333,5.200000,1333,-1,0,56,3
106,720,21.600000,0.000000,1,5,1237501007,1333,5.200000,1333,-1,0,56,3
106,720,21.600000,0.000000,1,5,1237501012,1333,5.200000,1333,-1,0,56,3
106,720,21.600000,0.000000,1,5,1237501018,1333,5.200000,1333,-1,0,56,3
106,720,21.600000,0.000000,1,5,1237501023,1332,5.200000,1332,-1,0,56,3
106,720,21.600000,0.000000,1,5,1237501029,1332,4.200000,1332,-2,0,56,3
106,720,21.600000,0.000000,1,5,1237501034,1332,3.200000,1332,-3,0,56,3
106,720,21.600000,0.000000,1,5,1237501039,1331,3.200000,1331,-3,0,56,3
106,720,21.600000,0.000000,1,5,1237501045,1330,3.200000,1330,-3,0,56,3
106,720,21.600000,0.000000,1,5,1237501050,1329,3.200000,1329,-3,0,56,3
106,720,21.600000,0.000000,1,5,1237501056,1329,3.200000,1329,-3,0,56,3
106,720,21.600000,0.000000,1,5,1237501061,1329,2.200000,1329,-4,0,56,3
106,720,21.600000,0.000000,1,5,1237501081,1329,1.200000,1329,-5,0,56,3
