106,360,21.600000,10000.000000,1,4,1236898398,788,15,788,15,0,12,3
106,360,21.600000,10000.000000,1,4,1236898399,788,15,788,15,0,12,3
106,360,21.600000,10000.000000,1,4,1236898405,788,15,788,15,0,12,3
106,360,21.600000,10000.000000,1,4,1236898411,789,15,789,15,0,12,3
106,360,21.600000,10000.000000,1,4,1236898417,789,15,789,15,0,12,3
106,360,21.600000,10000.000000,1,4,1236898422,789,15,789,15,0,12,3
106,360,21.600000,10000.000000,1,4,1236898428,789,15,789,15,0,12,3
106,360,21.600000,10000.000000,1,4,1236898434,789,15,789,15,0,12,3
106,360,21.600000,10000.000000,1,4,1236898439,789,15,789,15,0,12,3
106,360,21.600000,10000.000000,1,4,1236898445,789,15,789,15,0,12,3
106,360,21.600000,10000.000000,1,4,1236898450,789,15,789,15,0,12,3
106,360,21.600000,10000.000000,1,4,1236898456,789,15,789,15,0,12,3
106,360,21.600000,10000.000000,1,4,1236898462,789,15,789,15,0,12,3
106,360,21.600000,10000.000000,1,4,1236898467,789,16,789,16,0,12,3
106,360,21.600000,10000.000000,1,4,1236898473,790,16,790,16,0,12,3
106,360,21.600000,10000.000000,1,4,1236898479,792,17,792,17,0,12,3
106,360,21.600000,10000.000000,1,4,1236898484,796,19,796,19,0,12,3
106,360,21.600000,10000.000000,1,4,1236898490,802,22,802,22,0,12,3
106,360,21.600000,10000.000000,1,4,1236898496,810,24,810,24,0,12,3
106,360,21.600000,10000.000000,1,4,1236898502,823,27,823,27,0,12,3
106,360,21.600000,10000.000000,1,4,1236898508,838,30,838,30,0,12,3
106,360,21.600000,10000.000000,1,4,1236898513,859,34,859,34,0,12,3
106,360,21.600000,10000.000000,1,4,1236898519,875,37,875,37,0,12,3
106,360,21.600000,10000.000000,1,4,1236898526,891,40,891,40,0,12,3
106,360,21.600000,10000.000000,1,4,1236898531,916,44,916,44,0,12,3
106,360,21.600000,10000.000000,1,4,1236898537,940,47,940,47,0,12,3
106,360,21.600000,10000.000000,1,4,1236898542,964,50,964,50,0,12,3
106,360,21.600000,10000.000000,1,4,1236898548,987,51,987,51,0,12,3
106,360,21.600000,10000.000000,1,4,1236898553,1013,52,1013,52,0,12,3
106,360,21.600000,10000.000000,1,4,1236898559,1042,52,1042,52,0,12,3
106,360,21.600000,10000.000000,1,4,1236898565,1063,52,1063,52,0,12,3
106,360,21.600000,10000.000000,1,4,1236898570,1084,52,1084,52,0,12,3
106,360,21.600000,10000.000000,1,4,1236898576,1100,51,1100,51,0,12,3
106,360,21.600000,10000.000000,1,4,1236898582,1111,49,1111,49,0,12,3
106,360,21.600000,10000.000000,1,4,1236898587,1117,47,1117,47,0,12,3
106,360,21.600000,10000.000000,1,4,1236898593,1119,46,1119,46,0,12,3
106,360,21.600000,10000.000000,1,4,1236898598,1119,45,1119,45,0,12,3
106,360,21.600000,10000.000000,1,4,1236898603,1119,43,1119,43,0,12,3
106,360,21.600000,10000.000000,1,4,1236898609,1118,41,1118,41,0,12,3
106,360,21.600000,10000.000000,1,4,1236898614,1117,40,1117,40,0,12,3
106,360,21.600000,10000.000000,1,4,1236898620,1115,38,1115,38,0,12,3
106,360,21.600000,10000.000000,1,4,1236898626,1114,37,1114,37,0,12,3
106,360,21.600000,10000.000000,1,4,1236898631,1112,36,1112,36,0,12,3
106,360,21.600000,10000.000000,1,4,1236898637,1111,35,1111,35,0,12,3
106,360,21.600000,10000.000000,1,4,1236898643,1110,34,1110,34,0,12,3
106,360,21.600000,10000.000000,1,4,1236898648,1110,34,1110,34,0,12,3
106,360,21.600000,10000.000000,1,4,1236898654,1110,34,1110,34,0,12,3
106,360,21.600000,10000.000000,1,4,1236898660,1110,33,1110,33,0,12,3
106,360,21.600000,10000.000000,1,4,1236898665,1110,33,1110,33,0,12,3
106,360,21.600000,10000.000000,1,4,1236898670,1111,32,1111,32,0,12,3
106,360,21.600000,10000.000000,1,4,1236898676,1112,31,1112,31,0,12,3
106,360,21.600000,10000.000000,1,4,1236898682,1113,30,1113,30,0,12,3
106,360,21.600000,10000.000000,1,4,1236898687,1115,29,1115,29,0,12,3
106,360,21.600000,10000.000000,1,4,1236898693,1116,28,1116,28,0,12,3
106,360,21.600000,10000.000000,1,4,1236898700,1116,28,1116,28,0,12,3
106,360,21.600000,10000.000000,1,4,1236898706,1117,27,1117,27,0,12,3
106,360,21.600000,10000.000000,1,4,1236898711,1117,26,1117,26,0,12,3
106,360,21.600000,10000.000000,1,4,1236898717,1117,26,1117,26,0,12,3
106,360,21.600000,10000.000000,1,4,1236898722,1118,26,1118,26,0,12,3
106,360,21.600000,10000.000000,1,4,1236898728,1119,25,1119,25,0,12,3
106,360,21.600000,10000.000000,1,4,1236898733,1120,24,1120,24,0,12,3
106,360,21.600000,10000.000000,1,4,1236898738,1121,23,1121,23,0,12,3
106,360,21.600000,10000.000000,1,4,1236898744,1122,23,1122,23,0,12,3
106,360,21.600000,10000.000000,1,4,1236898750,1123,22,1123,22,0,12,3
106,360,21.600000,10000.000000,1,4,1236898756,1124,21,1124,21,0,12,3
106,360,21.600000,10000.000000,1,4,1236898761,1125,20,1125,20,0,12,3
106,360,21.600000,10000.000000,1,4,1236898767,1127,18,1127,18,0,12,3
106,360,21.600000,10000.000000,1,4,1236898773,1129,16,1129,16,0,12,3
106,360,21.600000,10000.000000,1,4,1236898779,1132,14,1132,14,0,12,3
106,360,21.600000,10000.000000,1,4,1236898784,1135,12,1135,12,0,12,3
106,360,21.600000,10000.000000,1,4,1236898789,1137,10,1137,10,0,12,3
106,360,21.600000,10000.000000,1,4,1236898795,1139,9,1139,9,0,12,3
106,360,21.600000,10000.000000,1,4,1236898801,1140,9,1140,9,0,12,3
106,360,21.600000,10000.000000,1,4,1236898806,1140,8,1140,8,0,12,3
106,360,21.600000,10000.000000,1,4,1236898812,1140,7,1140,7,0,12,3
106,360,21.600000,10000.000000,1,4,1236898817,1140,6,1140,6,0,12,3
106,360,21.600000,10000.000000,1,4,1236898823,1140,5,1140,5,0,12,3
106,360,21.600000,10000.000000,1,4,1236898829,1140,4,1140,4,0,12,3
106,360,21.600000,10000.000000,1,4,1236898834,1140,4,1140,4,0,12,3
106,360,21.600000,10000.000000,1,4,1236898840,1141,4,1141,4,0,12,3
106,360,21.600000,10000.000000,1,4,1236898846,1142,4,1142,4,0,12,3
106,360,21.600000,10000.000000,1,4,1236898852,1142,4,1142,4,0,12,3
106,360,21.600000,10000.000000,1,4,1236898857,1143,4,1143,4,0,12,3
106,360,21.600000,10000.000000,1,4,1236898863,1144,4,1144,4,0,12,3
106,360,21.600000,10000.000000,1,4,1236898868,1144,4,1144,4,0,12,3
106,360,21.600000,10000.000000,1,4,1236898874,1144,4,1144,4,0,12,3
106,360,21.600000,10000.000000,1,4,1236898879,1144,4,1144,4,0,12,3
106,360,21.600000,10000.000000,1,4,1236898885,1144,4,1144,4,0,12,3
106,360,21.600000,10000.000000,1,4,1236898890,1144,4,1144,4,0,12,3
106,360,21.600000,10000.000000,1,4,1236898896,1144,4,1144,4,0,12,3
106,360,21.600000,10000.000000,1,4,1236898902,1144,4,1144,4,0,12,3
106,360,21.600000,10000.000000,1,4,1236898907,1144,4,1144,4,0,12,3
106,360,21.600000,10000.000000,1,4,1236898913,1144,4,1144,4,0,12,3
106,360,21.600000,10000.000000,1,4,1236898918,1144,4,1144,4,0,12,3
106,360,21.600000,10000.000000,1,4,1236898923,1144,4,1144,4,0,12,3
106,360,21.600000,10000.000000,1,4,1236898929,1144,4,1144,4,0,12,3
106,360,21.600000,10000.000000,1,4,1236898934,1144,4,1144,4,0,12,3
106,360,21.600000,10000.000000,1,4,1236898940,1144,4,1144,4,0,12,3
106,360,21.600000,10000.000000,1,4,1236898945,1144,4,1144,4,0,12,3
106,360,21.600000,10000.000000,1,4,1236898951,1144,4,1144,4,0,12,3
106,360,21.600000,10000.000000,1,4,1236898957,1144,4,1144,4,0,12,3
106,360,21.600000,10000.000000,1,4,1236898962,1144,4,1144,4,0,12,3
106,360,21.600000,10000.000000,1,4,1236898968,1144,4,1144,4,0,12,3
106,360,21.600000,10000.000000,1,4,1236898973,1144,4,1144,4,0,12,3
106,360,21.600000,10000.000000,1,4,1236898978,1144,4,1144,4,0,12,3
106,360,21.600000,10000.000000,1,4,1236898984,1144,4,1144,4,0,12,3
106,360,21.600000,10000.000000,1,4,1236898989,1144,4,1144,4,0,12,3
106,360,21.600000,10000.000000,1,4,1236898995,1144,4,1144,4,0,12,3
106,360,21.600000,10000.000000,1,4,1236899001,1144,4,1144,4,0,12,3
106,360,21.600000,10000.000000,1,4,1236899006,1144,4,1144,4,0,12,3
106,360,21.600000,10000.000000,1,4,1236899012,1144,4,1144,4,0,12,3
106,360,21.600000,10000.000000,1,4,1236899017,1144,4,1144,4,0,12,3
106,360,21.600000,10000.000000,1,4,1236899023,1144,4,1144,4,0,12,3
106,360,21.600000,10000.000000,1,4,1236899028,1144,4,1144,4,0,12,3
106,360,21.600000,10000.000000,1,4,1236899033,1144,4,1144,4,0,12,3
106,360,21.600000,10000.000000,1,4,1236899039,1144,4,1144,4,0,12,3
106,360,21.600000,10000.000000,1,4,1236899058,1144,4,1144,4,0,12,3
