106,360,21.600000,43.200000,0,5,1237659077,789,0,789,0,0,71,4
106,360,21.600000,43.200000,0,5,1237659078,789,0,789,0,0,71,4
106,360,21.600000,43.200000,0,5,1237659084,789,0,789,0,0,71,4
106,360,21.600000,43.200000,0,5,1237659089,789,0,789,0,0,71,4
106,360,21.600000,43.200000,0,5,1237659095,789,0,789,0,0,71,4
106,360,21.600000,43.200000,0,5,1237659100,789,0,789,0,0,71,4
106,360,21.600000,43.200000,0,5,1237659105,789,0,789,0,0,71,4
106,360,21.600000,43.200000,0,5,1237659111,789,0,789,0,0,71,4
106,360,21.600000,43.200000,0,5,1237659116,789,0,789,0,0,71,4
106,360,21.600000,43.200000,0,5,1237659122,789,0,789,0,0,71,4
106,360,21.600000,43.200000,0,5,1237659127,789,0,789,0,0,71,4
106,360,21.600000,43.200000,0,5,1237659133,789,0,789,0,0,71,4
106,360,21.600000,43.200000,0,5,1237659138,789,0,789,0,0,71,4
106,360,21.600000,43.200000,0,5,1237659144,789,0,789,0,0,71,4
106,360,21.600000,43.200000,0,5,1237659150,789,0,789,0,0,71,4
106,360,21.600000,43.200000,0,5,1237659155,789,0,789,0,0,71,4
106,360,21.600000,43.200000,0,5,1237659161,789,0,789,0,0,71,4
106,360,21.600000,43.200000,0,5,1237659166,789,0,789,0,0,71,4
106,360,21.600000,43.200000,0,5,1237659172,789,0,789,0,0,71,4
106,360,21.600000,43.200000,0,5,1237659177,789,0,789,0,0,71,4
106,360,21.600000,43.200000,0,5,1237659183,789,0,789,0,0,71,4
106,360,21.600000,43.200000,0,5,1237659189,790,0,790,0,0,71,4
106,360,21.600000,43.200000,0,5,1237659194,794,0,794,0,0,71,4
106,360,21.600000,43.200000,0,5,1237659200,800,0,800,-1,0,71,4
106,360,21.600000,43.200000,0,5,1237659206,809,0,809,-3,0,71,4
106,360,21.600000,43.200000,0,5,1237659212,824,0,824,-5,0,71,4
106,360,21.600000,43.200000,0,5,1237659218,842,0,842,-8,0,71,4
106,360,21.600000,43.200000,0,5,1237659223,864,0,864,-11,0,71,4
106,360,21.600000,43.200000,0,5,1237659228,889,0,889,-15,0,71,4
106,360,21.600000,43.200000,0,5,1237659234,916,0,916,-18,0,71,4
106,360,21.600000,43.200000,0,5,1237659240,933,0,933,-20,0,71,4
106,360,21.600000,43.200000,0,5,1237659245,1088,0,967,-24,0,71,4
106,360,21.600000,43.200000,0,5,1237659251,1115,0,994,-27,0,71,4
106,360,21.600000,43.200000,0,5,1237659256,1149,0,1028,-30,0,71,4
106,360,21.600000,43.200000,0,5,1237659262,1179,0,1058,-31,0,71,4
106,360,21.600000,43.200000,0,5,1237659268,1205,0,1084,-32,0,71,4
106,360,21.600000,43.200000,0,5,1237659274,1231,0,1110,-32,0,71,4
106,360,21.600000,43.200000,0,5,1237659280,1257,0,1136,-32,0,71,4
106,360,21.600000,43.200000,0,5,1237659285,1274,0,1153,-32,0,71,4
106,360,21.600000,43.200000,0,5,1237659291,1283,0,1162,-32,0,71,4
106,360,21.600000,43.200000,0,5,1237659296,1288,1,1167,-31,0,71,4
106,360,21.600000,43.200000,0,5,1237659302,1289,1,1168,-31,0,71,4
106,360,21.600000,43.200000,0,5,1237659308,1291,2,1170,-30,0,71,4
106,360,21.600000,43.200000,0,5,1237659314,1289,3,1168,-29,0,71,4
106,360,21.600000,43.200000,0,5,1237659320,1285,3,1164,-29,0,71,4
106,360,21.600000,43.200000,0,5,1237659326,1279,3,1158,-29,0,71,4
106,360,21.600000,43.200000,0,5,1237659331,1272,3,1151,-29,0,71,4
106,360,21.600000,43.200000,0,5,1237659339,1263,3,1142,-29,0,71,4
106,360,21.600000,43.200000,0,5,1237659344,1253,2,1132,-30,0,71,4
106,360,21.600000,43.200000,0,5,1237659349,1244,1,1123,-31,0,71,4
106,360,21.600000,43.200000,0,5,1237659355,1239,0,1118,-32,0,71,4
106,360,21.600000,43.200000,0,5,1237659361,1235,0,1114,-32,0,71,4
106,360,21.600000,43.200000,0,5,1237659366,1233,0,1112,-33,0,71,4
106,360,21.600000,43.200000,0,5,1237659372,1230,0,1109,-35,0,71,4
106,360,21.600000,43.200000,0,5,1237659377,1227,0,1106,-37,0,71,4
106,360,21.600000,43.200000,0,5,1237659383,1227,0,1106,-37,0,71,4
106,360,21.600000,43.200000,0,5,1237659388,1226,0,1105,-37,0,71,4
106,360,21.600000,43.200000,0,5,1237659394,1225,0,1104,-37,0,71,4
106,360,21.600000,43.200000,0,5,1237659400,1224,0,1103,-37,0,71,4
106,360,21.600000,43.200000,0,5,1237659406,1223,0,1102,-38,0,71,4
106,360,21.600000,43.200000,0,5,1237659411,1222,0,1101,-39,0,71,4
106,360,21.600000,43.200000,0,5,1237659418,1220,0,1099,-40,0,71,4
106,360,21.600000,43.200000,0,5,1237659424,1217,0,1096,-41,0,71,4
106,360,21.600000,43.200000,0,5,1237659429,1214,0,1093,-41,0,71,4
106,360,21.600000,43.200000,0,5,1237659435,1210,0,1089,-42,0,71,4
106,360,21.600000,43.200000,0,5,1237659441,1204,0,1083,-42,0,71,4
106,360,21.600000,43.200000,0,5,1237659446,1199,0,1078,-43,0,71,4
106,360,21.600000,43.200000,0,5,1237659452,1193,0,1072,-44,0,71,4
106,360,21.600000,43.200000,0,5,1237659458,1186,0,1065,-45,0,71,4
106,360,21.600000,43.200000,0,5,1237659464,1181,0,1060,-46,0,71,4
106,360,21.600000,43.200000,0,5,1237659469,1177,0,1056,-47,0,71,4
106,360,21.600000,43.200000,0,5,1237659475,1174,0,1053,-48,0,71,4
106,360,21.600000,43.200000,0,5,1237659480,1172,0,1051,-49,0,71,4
106,360,21.600000,43.200000,0,5,1237659486,1172,0,1051,-50,0,71,4
106,360,21.600000,43.200000,0,5,1237659491,1171,0,1050,-50,0,71,4
106,360,21.600000,43.200000,0,5,1237659497,1170,0,1049,-50,0,71,4
106,360,21.600000,43.200000,0,5,1237659503,1170,0,1049,-50,0,71,4
106,360,21.600000,43.200000,0,5,1237659508,1170,0,1049,-50,0,71,4
106,360,21.600000,43.200000,0,5,1237659514,1170,0,1049,-50,0,71,4
106,360,21.600000,43.200000,0,5,1237659519,1170,0,1049,-50,0,71,4
106,360,21.600000,43.200000,0,5,1237659525,1170,0,1049,-50,0,71,4
106,360,21.600000,43.200000,0,5,1237659530,1169,0,1048,-50,0,71,4
106,360,21.600000,43.200000,0,5,1237659535,1169,0,1048,-50,0,71,4
106,360,21.600000,43.200000,0,5,1237659541,1168,0,1047,-50,0,71,4
106,360,21.600000,43.200000,0,5,1237659547,1167,0,1046,-50,0,71,4
106,360,21.600000,43.200000,0,5,1237659552,1167,0,1046,-50,0,71,4
106,360,21.600000,43.200000,0,5,1237659558,1167,0,1046,-51,0,71,4
106,360,21.600000,43.200000,0,5,1237659563,1167,0,1046,-52,0,71,4
106,360,21.600000,43.200000,0,5,1237659569,1167,0,1046,-52,0,71,4
106,360,21.600000,43.200000,0,5,1237659574,1167,0,1046,-52,0,71,4
106,360,21.600000,43.200000,0,5,1237659580,1167,0,1046,-52,0,71,4
106,360,21.600000,43.200000,0,5,1237659586,1167,0,1046,-52,0,71,4
106,360,21.600000,43.200000,0,5,1237659591,1166,0,1045,-52,0,71,4
106,360,21.600000,43.200000,0,5,1237659596,1165,0,1044,-52,0,71,4
106,360,21.600000,43.200000,0,5,1237659602,1165,0,1044,-52,0,71,4
106,360,21.600000,43.200000,0,5,1237659607,1164,0,1043,-53,0,71,4
106,360,21.600000,43.200000,0,5,1237659613,1163,0,1042,-53,0,71,4
106,360,21.600000,43.200000,0,5,1237659619,1163,0,1042,-53,0,71,4
106,360,21.600000,43.200000,0,5,1237659624,1162,0,1041,-54,0,71,4
106,360,21.600000,43.200000,0,5,1237659629,1161,0,1040,-54,0,71,4
106,360,21.600000,43.200000,0,5,1237659635,1160,0,1039,-54,0,71,4
106,360,21.600000,43.200000,0,5,1237659640,1159,0,1038,-55,0,71,4
106,360,21.600000,43.200000,0,5,1237659646,1159,0,1038,-56,0,71,4
106,360,21.600000,43.200000,0,5,1237659652,1159,0,1038,-56,0,71,4
106,360,21.600000,43.200000,0,5,1237659657,1158,0,1037,-57,0,71,4
106,360,21.600000,43.200000,0,5,1237659662,1157,0,1036,-58,0,71,4
106,360,21.600000,43.200000,0,5,1237659668,1157,0,1036,-59,0,71,4
106,360,21.600000,43.200000,0,5,1237659673,1156,0,1035,-60,0,71,4
106,360,21.600000,43.200000,0,5,1237659679,1155,0,1034,-61,0,71,4
106,360,21.600000,43.200000,0,5,1237659685,1154,0,1033,-62,0,71,4
106,360,21.600000,43.200000,0,5,1237659690,1153,0,1032,-62,0,71,4
106,360,21.600000,43.200000,0,5,1237659696,1152,0,1031,-63,0,71,4
106,360,21.600000,43.200000,0,5,1237659703,1152,0,1031,-63,0,71,4
106,360,21.600000,43.200000,0,5,1237659708,1152,0,1031,-63,0,71,4
106,360,21.600000,43.200000,0,5,1237659714,1152,0,1031,-63,0,71,4
106,360,21.600000,43.200000,0,5,1237659720,1152,0,1031,-63,0,71,4
106,360,21.600000,43.200000,0,5,1237659725,1151,0,1030,-63,0,71,4
106,360,21.600000,43.200000,0,5,1237659730,1150,0,1029,-63,0,71,4
106,360,21.600000,43.200000,0,5,1237659736,1150,0,1029,-64,0,71,4
106,360,21.600000,43.200000,0,5,1237659741,1150,0,1029,-65,0,71,4
106,360,21.600000,43.200000,0,5,1237659747,1150,0,1029,-66,0,71,4
106,360,21.600000,43.200000,0,5,1237659753,1150,0,1029,-66,0,71,4
106,360,21.600000,43.200000,0,5,1237659759,1150,0,1029,-66,0,71,4
106,360,21.600000,43.200000,0,5,1237659765,1150,0,1029,-66,0,71,4
106,360,21.600000,43.200000,0,5,1237659773,1150,0,1029,-66,0,71,4
106,360,21.600000,43.200000,0,5,1237659779,1150,0,1029,-66,0,71,4
106,360,21.600000,43.200000,0,5,1237659784,1150,0,1029,-66,0,71,4
106,360,21.600000,43.200000,0,5,1237659789,1150,0,1029,-66,0,71,4
106,360,21.600000,43.200000,0,5,1237659795,1150,0,1029,-66,0,71,4
106,360,21.600000,43.200000,0,5,1237659801,1150,0,1029,-66,0,71,4
106,360,21.600000,43.200000,0,5,1237659820,1150,0,1029,-66,0,71,4
