106,720,21.600000,10000.000000,1,4,1236896696,603,16,603,16,0,12,2
106,720,21.600000,10000.000000,1,4,1236896697,603,16,603,16,0,12,2
106,720,21.600000,10000.000000,1,4,1236896703,603,16,603,16,0,12,2
106,720,21.600000,10000.000000,1,4,1236896708,603,16,603,16,0,12,2
106,720,21.600000,10000.000000,1,4,1236896714,603,16,603,16,0,12,2
106,720,21.600000,10000.000000,1,4,1236896720,603,16,603,16,0,12,2
106,720,21.600000,10000.000000,1,4,1236896725,603,16,603,16,0,12,2
106,720,21.600000,10000.000000,1,4,1236896731,603,16,603,16,0,12,2
106,720,21.600000,10000.000000,1,4,1236896737,603,16,603,16,0,12,2
106,720,21.600000,10000.000000,1,4,1236896742,603,16,603,16,0,12,2
106,720,21.600000,10000.000000,1,4,1236896747,603,16,603,16,0,12,2
106,720,21.600000,10000.000000,1,4,1236896753,604,16,604,16,0,12,2
106,720,21.600000,10000.000000,1,4,1236896759,605,16,605,16,0,12,2
106,720,21.600000,10000.000000,1,4,1236896765,606,16,606,16,0,12,2
106,720,21.600000,10000.000000,1,4,1236896771,607,18,607,18,0,12,2
106,720,21.600000,10000.000000,1,4,1236896776,610,20,610,20,0,12,2
106,720,21.600000,10000.000000,1,4,1236896782,614,23,614,23,0,12,2
106,720,21.600000,10000.000000,1,4,1236896787,621,27,621,27,0,12,2
106,720,21.600000,10000.000000,1,4,1236896794,632,31,632,31,0,12,2
106,720,21.600000,10000.000000,1,4,1236896799,649,36,649,36,0,12,2
106,720,21.600000,10000.000000,1,4,1236896805,670,41,670,41,0,12,2
106,720,21.600000,10000.000000,1,4,1236896810,690,45,690,45,0,12,2
106,720,21.600000,10000.000000,1,4,1236896816,720,50,720,50,0,12,2
106,720,21.600000,10000.000000,1,4,1236896823,766,56,766,56,0,12,2
106,720,21.600000,10000.000000,1,4,1236896829,812,61,812,61,0,12,2
106,720,21.600000,10000.000000,1,4,1236896835,852,64,852,64,0,12,2
106,720,21.600000,10000.000000,1,4,1236896841,895,67,895,67,0,12,2
106,720,21.600000,10000.000000,1,4,1236896847,943,70,943,70,0,12,2
106,720,21.600000,10000.000000,1,4,1236896853,981,72,981,72,0,12,2
106,720,21.600000,10000.000000,1,4,1236896859,1021,73,1021,73,0,12,2
106,720,21.600000,10000.000000,1,4,1236896865,1055,73,1055,73,0,12,2
106,720,21.600000,10000.000000,1,4,1236896870,1101,73,1101,73,0,12,2
106,720,21.600000,10000.000000,1,4,1236896876,1135,73,1135,73,0,12,2
106,720,21.600000,10000.000000,1,4,1236896882,1169,71,1169,71,0,12,2
106,720,21.600000,10000.000000,1,4,1236896889,1209,67,1209,67,0,12,2
106,720,21.600000,10000.000000,1,4,1236896895,1243,64,1243,64,0,12,2
106,720,21.600000,10000.000000,1,4,1236896901,1266,61,1266,61,0,12,2
106,720,21.600000,10000.000000,1,4,1236896906,1279,59,1279,59,0,12,2
106,720,21.600000,10000.000000,1,4,1236896912,1287,58,1287,58,0,12,2
106,720,21.600000,10000.000000,1,4,1236896918,1293,57,1293,57,0,12,2
106,720,21.600000,10000.000000,1,4,1236896923,1295,56,1295,56,0,12,2
106,720,21.600000,10000.000000,1,4,1236896929,1298,55,1298,55,0,12,2
106,720,21.600000,10000.000000,1,4,1236896934,1298,55,1298,55,0,12,2
106,720,21.600000,10000.000000,1,4,1236896939,1298,55,1298,55,0,12,2
106,720,21.600000,10000.000000,1,4,1236896945,1298,55,1298,55,0,12,2
106,720,21.600000,10000.000000,1,4,1236896950,1298,55,1298,55,0,12,2
106,720,21.600000,10000.000000,1,4,1236896956,1298,55,1298,55,0,12,2
106,720,21.600000,10000.000000,1,4,1236896962,1298,55,1298,55,0,12,2
106,720,21.600000,10000.000000,1,4,1236896967,1298,54,1298,54,0,12,2
106,720,21.600000,10000.000000,1,4,1236896973,1299,54,1299,54,0,12,2
106,720,21.600000,10000.000000,1,4,1236896979,1302,53,1302,53,0,12,2
106,720,21.600000,10000.000000,1,4,1236896985,1306,52,1306,52,0,12,2
106,720,21.600000,10000.000000,1,4,1236896990,1312,51,1312,51,0,12,2
106,720,21.600000,10000.000000,1,4,1236896995,1321,50,1321,50,0,12,2
106,720,21.600000,10000.000000,1,4,1236897001,1330,49,1330,49,0,12,2
106,720,21.600000,10000.000000,1,4,1236897007,1338,48,1338,48,0,12,2
106,720,21.600000,10000.000000,1,4,1236897012,1344,48,1344,48,0,12,2
106,720,21.600000,10000.000000,1,4,1236897018,1347,48,1347,48,0,12,2
106,720,21.600000,10000.000000,1,4,1236897024,1349,48,1349,48,0,12,2
106,720,21.600000,10000.000000,1,4,1236897029,1350,47,1350,47,0,12,2
106,720,21.600000,10000.000000,1,4,1236897035,1350,47,1350,47,0,12,2
106,720,21.600000,10000.000000,1,4,1236897041,1350,47,1350,47,0,12,2
106,720,21.600000,10000.000000,1,4,1236897047,1350,47,1350,47,0,12,2
106,720,21.600000,10000.000000,1,4,1236897052,1350,47,1350,47,0,12,2
106,720,21.600000,10000.000000,1,4,1236897057,1350,47,1350,47,0,12,2
106,720,21.600000,10000.000000,1,4,1236897063,1350,47,1350,47,0,12,2
106,720,21.600000,10000.000000,1,4,1236897068,1350,47,1350,47,0,12,2
106,720,21.600000,10000.000000,1,4,1236897074,1350,47,1350,47,0,12,2
106,720,21.600000,10000.000000,1,4,1236897080,1350,47,1350,47,0,12,2
106,720,21.600000,10000.000000,1,4,1236897086,1350,46,1350,46,0,12,2
106,720,21.600000,10000.000000,1,4,1236897092,1350,45,1350,45,0,12,2
106,720,21.600000,10000.000000,1,4,1236897097,1350,44,1350,44,0,12,2
106,720,21.600000,10000.000000,1,4,1236897103,1349,43,1349,43,0,12,2
106,720,21.600000,10000.000000,1,4,1236897109,1348,42,1348,42,0,12,2
106,720,21.600000,10000.000000,1,4,1236897115,1347,41,1347,41,0,12,2
106,720,21.600000,10000.000000,1,4,1236897120,1346,40,1346,40,0,12,2
106,720,21.600000,10000.000000,1,4,1236897125,1345,39,1345,39,0,12,2
106,720,21.600000,10000.000000,1,4,1236897131,1344,38,1344,38,0,12,2
106,720,21.600000,10000.000000,1,4,1236897136,1343,37,1343,37,0,12,2
106,720,21.600000,10000.000000,1,4,1236897142,1341,37,1341,37,0,12,2
106,720,21.600000,10000.000000,1,4,1236897148,1340,36,1340,36,0,12,2
106,720,21.600000,10000.000000,1,4,1236897153,1339,36,1339,36,0,12,2
106,720,21.600000,10000.000000,1,4,1236897159,1338,35,1338,35,0,12,2
106,720,21.600000,10000.000000,1,4,1236897164,1337,35,1337,35,0,12,2
106,720,21.600000,10000.000000,1,4,1236897170,1336,35,1336,35,0,12,2
106,720,21.600000,10000.000000,1,4,1236897175,1335,35,1335,35,0,12,2
106,720,21.600000,10000.000000,1,4,1236897180,1334,35,1334,35,0,12,2
106,720,21.600000,10000.000000,1,4,1236897186,1334,34,1334,34,0,12,2
106,720,21.600000,10000.000000,1,4,1236897192,1333,34,1333,34,0,12,2
106,720,21.600000,10000.000000,1,4,1236897197,1333,33,1333,33,0,12,2
106,720,21.600000,10000.000000,1,4,1236897203,1333,32,1333,32,0,12,2
106,720,21.600000,10000.000000,1,4,1236897209,1333,31,1333,31,0,12,2
106,720,21.600000,10000.000000,1,4,1236897214,1332,30,1332,30,0,12,2
106,720,21.600000,10000.000000,1,4,1236897220,1332,30,1332,30,0,12,2
106,720,21.600000,10000.000000,1,4,1236897226,1332,30,1332,30,0,12,2
106,720,21.600000,10000.000000,1,4,1236897231,1332,29,1332,29,0,12,2
106,720,21.600000,10000.000000,1,4,1236897237,1332,28,1332,28,0,12,2
106,720,21.600000,10000.000000,1,4,1236897242,1332,27,1332,27,0,12,2
106,720,21.600000,10000.000000,1,4,1236897249,1331,26,1331,26,0,12,2
106,720,21.600000,10000.000000,1,4,1236897255,1331,25,1331,25,0,12,2
106,720,21.600000,10000.000000,1,4,1236897260,1330,24,1330,24,0,12,2
106,720,21.600000,10000.000000,1,4,1236897266,1329,24,1329,24,0,12,2
106,720,21.600000,10000.000000,1,4,1236897271,1328,24,1328,24,0,12,2
106,720,21.600000,10000.000000,1,4,1236897277,1327,24,1327,24,0,12,2
106,720,21.600000,10000.000000,1,4,1236897282,1326,24,1326,24,0,12,2
106,720,21.600000,10000.000000,1,4,1236897288,1326,23,1326,23,0,12,2
106,720,21.600000,10000.000000,1,4,1236897293,1325,22,1325,22,0,12,2
106,720,21.600000,10000.000000,1,4,1236897299,1325,22,1325,22,0,12,2
106,720,21.600000,10000.000000,1,4,1236897304,1324,22,1324,22,0,12,2
106,720,21.600000,10000.000000,1,4,1236897309,1323,22,1323,22,0,12,2
106,720,21.600000,10000.000000,1,4,1236897315,1323,22,1323,22,0,12,2
106,720,21.600000,10000.000000,1,4,1236897320,1323,21,1323,21,0,12,2
106,720,21.600000,10000.000000,1,4,1236897326,1323,20,1323,20,0,12,2
106,720,21.600000,10000.000000,1,4,1236897331,1323,20,1323,20,0,12,2
106,720,21.600000,10000.000000,1,4,1236897337,1323,20,1323,20,0,12,2
106,720,21.600000,10000.000000,1,4,1236897342,1323,20,1323,20,0,12,2
106,720,21.600000,10000.000000,1,4,1236897348,1323,20,1323,20,0,12,2
106,720,21.600000,10000.000000,1,4,1236897353,1323,20,1323,20,0,12,2
106,720,21.600000,10000.000000,1,4,1236897359,1323,20,1323,20,0,12,2
106,720,21.600000,10000.000000,1,4,1236897364,1323,20,1323,20,0,12,2
106,720,21.600000,10000.000000,1,4,1236897369,1323,20,1323,20,0,12,2
106,720,21.600000,10000.000000,1,4,1236897375,1323,20,1323,20,0,12,2
106,720,21.600000,10000.000000,1,4,1236897380,1323,20,1323,20,0,12,2
106,720,21.600000,10000.000000,1,4,1236897386,1323,20,1323,20,0,12,2
106,720,21.600000,10000.000000,1,4,1236897391,1323,20,1323,20,0,12,2
106,720,21.600000,10000.000000,1,4,1236897397,1323,20,1323,20,0,12,2
106,720,21.600000,10000.000000,1,4,1236897402,1323,20,1323,20,0,12,2
106,720,21.600000,10000.000000,1,4,1236897408,1323,19,1323,19,0,12,2
106,720,21.600000,10000.000000,1,4,1236897414,1322,19,1322,19,0,12,2
106,720,21.600000,10000.000000,1,4,1236897419,1321,19,1321,19,0,12,2
106,720,21.600000,10000.000000,1,4,1236897425,1321,18,1321,18,0,12,2
106,720,21.600000,10000.000000,1,4,1236897430,1321,17,1321,17,0,12,2
106,720,21.600000,10000.000000,1,4,1236897436,1321,16,1321,16,0,12,2
106,720,21.600000,10000.000000,1,4,1236897442,1320,15,1320,15,0,12,2
106,720,21.600000,10000.000000,1,4,1236897447,1320,14,1320,14,0,12,2
106,720,21.600000,10000.000000,1,4,1236897453,1320,13,1320,13,0,12,2
106,720,21.600000,10000.000000,1,4,1236897458,1320,12,1320,12,0,12,2
106,720,21.600000,10000.000000,1,4,1236897464,1320,11,1320,11,0,12,2
106,720,21.600000,10000.000000,1,4,1236897469,1320,11,1320,11,0,12,2
106,720,21.600000,10000.000000,1,4,1236897475,1320,10,1320,10,0,12,2
106,720,21.600000,10000.000000,1,4,1236897481,1320,9,1320,9,0,12,2
106,720,21.600000,10000.000000,1,4,1236897486,1320,9,1320,9,0,12,2
106,720,21.600000,10000.000000,1,4,1236897491,1320,9,1320,9,0,12,2
106,720,21.600000,10000.000000,1,4,1236897510,1320,9,1320,9,0,12,2
