106,360,21.600000,0.000000,0,4,1237034044,783,0,783,0,0,23,2
106,360,21.600000,0.000000,0,4,1237034045,783,0,783,0,0,23,2
106,360,21.600000,0.000000,0,4,1237034051,783,1,783,1,0,23,2
106,360,21.600000,0.000000,0,4,1237034057,783,2,783,2,0,23,2
106,360,21.600000,0.000000,0,4,1237034062,783,2,783,2,0,23,2
106,360,21.600000,0.000000,0,4,1237034068,783,2,783,2,0,23,2
106,360,21.600000,0.000000,0,4,1237034073,783,2,783,2,0,23,2
106,360,21.600000,0.000000,0,4,1237034079,783,2,783,2,0,23,2
106,360,21.600000,0.000000,0,4,1237034085,783,2,783,2,0,23,2
106,360,21.600000,0.000000,0,4,1237034090,783,2,783,2,0,23,2
106,360,21.600000,0.000000,0,4,1237034096,783,2,783,2,0,23,2
106,360,21.600000,0.000000,0,4,1237034101,783,2,783,2,0,23,2
106,360,21.600000,0.000000,0,4,1237034106,783,2,783,2,0,23,2
106,360,21.600000,0.000000,0,4,1237034111,783,2,783,2,0,23,2
106,360,21.600000,0.000000,0,4,1237034117,783,2,783,2,0,23,2
106,360,21.600000,0.000000,0,4,1237034123,784,2,784,2,0,23,2
106,360,21.600000,0.000000,0,4,1237034129,786,2,786,2,0,23,2
106,360,21.600000,0.000000,0,4,1237034135,791,0,791,0,0,23,2
106,360,21.600000,0.000000,0,4,1237034141,798,0,798,-2,0,23,2
106,360,21.600000,0.000000,0,4,1237034147,813,0,813,-6,0,23,2
106,360,21.600000,0.000000,0,4,1237034152,826,0,826,-9,0,23,2
106,360,21.600000,0.000000,0,4,1237034157,843,0,843,-12,0,23,2
106,360,21.600000,0.000000,0,4,1237034163,867,0,867,-16,0,23,2
106,360,21.600000,0.000000,0,4,1237034169,897,0,897,-20,0,23,2
106,360,21.600000,0.000000,0,4,1237034174,930,0,930,-24,0,23,2
106,360,21.600000,0.000000,0,4,1237034180,965,0,965,-27,0,23,2
106,360,21.600000,0.000000,0,4,1237034185,1006,0,1006,-31,0,23,2
106,360,21.600000,0.000000,0,4,1237034191,1040,0,1040,-33,0,23,2
106,360,21.600000,0.000000,0,4,1237034197,1078,0,1078,-37,0,23,2
106,360,21.600000,0.000000,0,4,1237034202,1123,0,1123,-40,0,23,2
106,360,21.600000,0.000000,0,4,1237034208,1157,0,1157,-42,0,23,2
106,360,21.600000,0.000000,0,4,1237034214,1191,0,1191,-43,0,23,2
106,360,21.600000,0.000000,0,4,1237034219,1224,0,1224,-44,0,23,2
106,360,21.600000,0.000000,0,4,1237034225,1245,0,1245,-45,0,23,2
106,360,21.600000,0.000000,0,4,1237034230,1269,0,1269,-45,0,23,2
106,360,21.600000,0.000000,0,4,1237034236,1280,0,1280,-46,0,23,2
106,360,21.600000,0.000000,0,4,1237034241,1289,0,1289,-46,0,23,2
106,360,21.600000,0.000000,0,4,1237034247,1291,0,1291,-46,0,23,2
106,360,21.600000,0.000000,0,4,1237034252,1293,0,1293,-46,0,23,2
106,360,21.600000,0.000000,0,4,1237034258,1295,0,1295,-46,0,23,2
106,360,21.600000,0.000000,0,4,1237034264,1295,0,1295,-46,0,23,2
106,360,21.600000,0.000000,0,4,1237034269,1295,0,1295,-46,0,23,2
106,360,21.600000,0.000000,0,4,1237034275,1295,0,1295,-47,0,23,2
106,360,21.600000,0.000000,0,4,1237034280,1294,0,1294,-47,0,23,2
106,360,21.600000,0.000000,0,4,1237034286,1292,0,1292,-47,0,23,2
106,360,21.600000,0.000000,0,4,1237034291,1290,0,1290,-47,0,23,2
106,360,21.600000,0.000000,0,4,1237034297,1289,0,1289,-47,0,23,2
106,360,21.600000,0.000000,0,4,1237034302,1287,0,1287,-47,0,23,2
106,360,21.600000,0.000000,0,4,1237034308,1285,0,1285,-47,0,23,2
106,360,21.600000,0.000000,0,4,1237034314,1283,0,1283,-47,0,23,2
106,360,21.600000,0.000000,0,4,1237034319,1281,0,1281,-47,0,23,2
106,360,21.600000,0.000000,0,4,1237034325,1280,0,1280,-47,0,23,2
106,360,21.600000,0.000000,0,4,1237034330,1279,0,1279,-47,0,23,2
106,360,21.600000,0.000000,0,4,1237034336,1278,0,1278,-47,0,23,2
106,360,21.600000,0.000000,0,4,1237034342,1276,0,1276,-48,0,23,2
106,360,21.600000,0.000000,0,4,1237034347,1275,0,1275,-48,0,23,2
106,360,21.600000,0.000000,0,4,1237034353,1274,0,1274,-49,0,23,2
106,360,21.600000,0.000000,0,4,1237034358,1273,0,1273,-50,0,23,2
106,360,21.600000,0.000000,0,4,1237034364,1273,0,1273,-50,0,23,2
106,360,21.600000,0.000000,0,4,1237034369,1273,0,1273,-50,0,23,2
106,360,21.600000,0.000000,0,4,1237034375,1273,0,1273,-51,0,23,2
106,360,21.600000,0.000000,0,4,1237034381,1272,0,1272,-51,0,23,2
106,360,21.600000,0.000000,0,4,1237034387,1271,0,1271,-52,0,23,2
106,360,21.600000,0.000000,0,4,1237034392,1270,0,1270,-53,0,23,2
106,360,21.600000,0.000000,0,4,1237034398,1269,0,1269,-54,0,23,2
106,360,21.600000,0.000000,0,4,1237034403,1268,0,1268,-55,0,23,2
106,360,21.600000,0.000000,0,4,1237034409,1267,0,1267,-56,0,23,2
106,360,21.600000,0.000000,0,4,1237034414,1266,0,1266,-58,0,23,2
106,360,21.600000,0.000000,0,4,1237034420,1265,0,1265,-60,0,23,2
106,360,21.600000,0.000000,0,4,1237034426,1262,0,1262,-62,0,23,2
106,360,21.600000,0.000000,0,4,1237034432,1258,0,1258,-64,0,23,2
106,360,21.600000,0.000000,0,4,1237034438,1254,0,1254,-66,0,23,2
106,360,21.600000,0.000000,0,4,1237034444,1250,0,1250,-68,0,23,2
106,360,21.600000,0.000000,0,4,1237034449,1244,0,1244,-72,0,23,2
106,360,21.600000,0.000000,0,4,1237034456,1239,0,1239,-75,0,23,2
106,360,21.600000,0.000000,0,4,1237034462,1232,0,1232,-78,0,23,2
106,360,21.600000,0.000000,0,4,1237034467,1226,0,1226,-81,0,23,2
106,360,21.600000,0.000000,0,4,1237034473,1219,0,1219,-84,0,23,2
106,360,21.600000,0.000000,0,4,1237034479,1211,0,1211,-87,0,23,2
106,360,21.600000,0.000000,0,4,1237034484,1203,0,1203,-90,0,23,2
106,360,21.600000,0.000000,0,4,1237034490,1197,0,1197,-92,0,23,2
106,360,21.600000,0.000000,0,4,1237034496,1192,0,1192,-94,0,23,2
106,360,21.600000,0.000000,0,4,1237034501,1188,0,1188,-95,0,23,2
106,360,21.600000,0.000000,0,4,1237034507,1185,0,1185,-96,0,23,2
106,360,21.600000,0.000000,0,4,1237034512,1183,0,1183,-97,0,23,2
106,360,21.600000,0.000000,0,4,1237034518,1182,0,1182,-98,0,23,2
106,360,21.600000,0.000000,0,4,1237034523,1181,0,1181,-98,0,23,2
106,360,21.600000,0.000000,0,4,1237034529,1181,0,1181,-98,0,23,2
106,360,21.600000,0.000000,0,4,1237034534,1181,0,1181,-98,0,23,2
106,360,21.600000,0.000000,0,4,1237034540,1181,0,1181,-98,0,23,2
106,360,21.600000,0.000000,0,4,1237034545,1181,0,1181,-98,0,23,2
106,360,21.600000,0.000000,0,4,1237034551,1181,0,1181,-98,0,23,2
106,360,21.600000,0.000000,0,4,1237034557,1181,0,1181,-98,0,23,2
106,360,21.600000,0.000000,0,4,1237034562,1181,0,1181,-98,0,23,2
106,360,21.600000,0.000000,0,4,1237034568,1181,0,1181,-98,0,23,2
106,360,21.600000,0.000000,0,4,1237034573,1181,0,1181,-98,0,23,2
106,360,21.600000,0.000000,0,4,1237034579,1181,0,1181,-98,0,23,2
106,360,21.600000,0.000000,0,4,1237034585,1180,0,1180,-98,0,23,2
106,360,21.600000,0.000000,0,4,1237034590,1179,0,1179,-98,0,23,2
106,360,21.600000,0.000000,0,4,1237034595,1178,0,1178,-98,0,23,2
106,360,21.600000,0.000000,0,4,1237034601,1177,0,1177,-98,0,23,2
106,360,21.600000,0.000000,0,4,1237034606,1176,0,1176,-98,0,23,2
106,360,21.600000,0.000000,0,4,1237034612,1176,0,1176,-98,0,23,2
106,360,21.600000,0.000000,0,4,1237034617,1175,0,1175,-98,0,23,2
106,360,21.600000,0.000000,0,4,1237034623,1174,0,1174,-99,0,23,2
106,360,21.600000,0.000000,0,4,1237034628,1174,0,1174,-99,0,23,2
106,360,21.600000,0.000000,0,4,1237034634,1174,0,1174,-99,0,23,2
106,360,21.600000,0.000000,0,4,1237034640,1173,0,1173,-100,0,23,2
106,360,21.600000,0.000000,0,4,1237034645,1173,0,1173,-100,0,23,2
106,360,21.600000,0.000000,0,4,1237034651,1172,0,1172,-101,0,23,2
106,360,21.600000,0.000000,0,4,1237034656,1171,0,1171,-102,0,23,2
106,360,21.600000,0.000000,0,4,1237034662,1170,0,1170,-102,0,23,2
106,360,21.600000,0.000000,0,4,1237034668,1169,0,1169,-102,0,23,2
106,360,21.600000,0.000000,0,4,1237034673,1169,0,1169,-103,0,23,2
106,360,21.600000,0.000000,0,4,1237034679,1169,0,1169,-103,0,23,2
106,360,21.600000,0.000000,0,4,1237034684,1169,0,1169,-103,0,23,2
106,360,21.600000,0.000000,0,4,1237034690,1169,0,1169,-103,0,23,2
106,360,21.600000,0.000000,0,4,1237034696,1169,0,1169,-103,0,23,2
106,360,21.600000,0.000000,0,4,1237034702,1169,0,1169,-103,0,23,2
106,360,21.600000,0.000000,0,4,1237034709,1169,0,1169,-103,0,23,2
106,360,21.600000,0.000000,0,4,1237034714,1169,0,1169,-103,0,23,2
106,360,21.600000,0.000000,0,4,1237034720,1169,0,1169,-103,0,23,2
106,360,21.600000,0.000000,0,4,1237034725,1168,0,1168,-103,0,23,2
106,360,21.600000,0.000000,0,4,1237034731,1167,0,1167,-103,0,23,2
106,360,21.600000,0.000000,0,4,1237034736,1166,0,1166,-104,0,23,2
106,360,21.600000,0.000000,0,4,1237034742,1164,0,1164,-105,0,23,2
106,360,21.600000,0.000000,0,4,1237034748,1161,0,1161,-106,0,23,2
106,360,21.600000,0.000000,0,4,1237034753,1158,0,1158,-107,0,23,2
106,360,21.600000,0.000000,0,4,1237034759,1155,0,1155,-108,0,23,2
106,360,21.600000,0.000000,0,4,1237034765,1153,0,1153,-109,0,23,2
106,360,21.600000,0.000000,0,4,1237034770,1151,0,1151,-109,0,23,2
106,360,21.600000,0.000000,0,4,1237034776,1150,0,1150,-110,0,23,2
106,360,21.600000,0.000000,0,4,1237034781,1150,0,1150,-110,0,23,2
106,360,21.600000,0.000000,0,4,1237034787,1150,0,1150,-111,0,23,2
106,360,21.600000,0.000000,0,4,1237034792,1150,0,1150,-112,0,23,2
106,360,21.600000,0.000000,0,4,1237034798,1150,0,1150,-112,0,23,2
106,360,21.600000,0.000000,0,4,1237034803,1150,0,1150,-112,0,23,2
106,360,21.600000,0.000000,0,4,1237034809,1150,0,1150,-112,0,23,2
106,360,21.600000,0.000000,0,4,1237034815,1150,0,1150,-112,0,23,2
106,360,21.600000,0.000000,0,4,1237034820,1150,0,1150,-112,0,23,2
106,360,21.600000,0.000000,0,4,1237034826,1150,0,1150,-112,0,23,2
106,360,21.600000,0.000000,0,4,1237034831,1150,0,1150,-112,0,23,2
106,360,21.600000,0.000000,0,4,1237034837,1150,0,1150,-112,0,23,2
106,360,21.600000,0.000000,0,4,1237034842,1150,0,1150,-112,0,23,2
106,360,21.600000,0.000000,0,4,1237034848,1150,0,1150,-112,0,23,2
106,360,21.600000,0.000000,0,4,1237034854,1150,0,1150,-112,0,23,2
106,360,21.600000,0.000000,0,4,1237034859,1150,0,1150,-112,0,23,2
106,360,21.600000,0.000000,0,4,1237034865,1150,0,1150,-112,0,23,2
106,360,21.600000,0.000000,0,4,1237034870,1150,0,1150,-112,0,23,2
106,360,21.600000,0.000000,0,4,1237034876,1150,0,1150,-112,0,23,2
106,360,21.600000,0.000000,0,4,1237034882,1150,0,1150,-112,0,23,2
106,360,21.600000,0.000000,0,4,1237034887,1150,0,1150,-112,0,23,2
106,360,21.600000,0.000000,0,4,1237034893,1150,0,1150,-112,0,23,2
106,360,21.600000,0.000000,0,4,1237034898,1150,0,1150,-112,0,23,2
106,360,21.600000,0.000000,0,4,1237034904,1150,0,1150,-112,0,23,2
106,360,21.600000,0.000000,0,4,1237034909,1150,0,1150,-112,0,23,2
106,360,21.600000,0.000000,0,4,1237034915,1150,0,1150,-112,0,23,2
106,360,21.600000,0.000000,0,4,1237034920,1150,0,1150,-112,0,23,2
106,360,21.600000,0.000000,0,4,1237034926,1150,0,1150,-112,0,23,2
106,360,21.600000,0.000000,0,4,1237034932,1150,0,1150,-112,0,23,2
106,360,21.600000,0.000000,0,4,1237034938,1150,0,1150,-112,0,23,2
106,360,21.600000,0.000000,0,4,1237034957,1150,0,1150,-112,0,23,2
