2,1120,78.400000,19.096000,0,0,6258169,400,0,400,0,0,2,61
2,1120,78.400000,19.096000,0,0,6258169,400,0,400,0,0,2,61
2,1120,78.400000,19.096000,0,0,6258182,401,0,401,0,0,2,61
2,1120,78.400000,19.096000,0,0,6258195,402,0,402,0,0,2,61
2,1120,78.400000,19.096000,0,0,6258209,403,0,403,0,0,2,61
2,1120,78.400000,19.096000,0,0,6258223,405,0,405,0,0,2,61
2,1120,78.400000,19.096000,0,0,6258236,409,0,409,0,0,2,61
2,1120,78.400000,19.096000,0,0,6258250,414,0,414,0,0,2,61
2,1120,78.400000,19.096000,0,0,6258264,421,0,421,0,0,2,61
2,1120,78.400000,19.096000,0,0,6258277,436,0,436,0,0,2,61
2,1120,78.400000,19.096000,0,0,6258291,457,0,457,-1,0,2,61
2,1120,78.400000,19.096000,0,0,6258304,482,0,482,-2,0,2,61
2,1120,78.400000,19.096000,0,0,6258318,510,0,510,-4,0,2,61
2,1120,78.400000,19.096000,0,0,6258331,551,0,551,-5,0,2,61
2,1120,78.400000,19.096000,0,0,6258344,606,0,606,-8,0,2,61
2,1120,78.400000,19.096000,0,0,6258358,673,0,673,-12,0,2,61
2,1120,78.400000,19.096000,0,0,6258371,761,0,761,-16,0,2,61
2,1120,78.400000,19.096000,0,0,6258384,849,0,849,-20,0,2,61
2,1120,78.400000,19.096000,0,0,6258397,933,0,933,-24,0,2,61
2,1120,78.400000,19.096000,0,0,6258412,1007,0,1007,-29,0,2,61
2,1120,78.400000,19.096000,0,0,6258428,1080,0,1080,-35,0,2,61
2,1120,78.400000,19.096000,0,0,6258443,1146,0,1146,-39,0,2,61
2,1120,78.400000,19.096000,0,0,6258456,1200,0,1200,-41,0,2,61
2,1120,78.400000,19.096000,0,0,6258470,1240,0,1240,-44,0,2,61
2,1120,78.400000,19.096000,0,0,6258484,1274,0,1274,-46,0,2,61
2,1120,78.400000,19.096000,0,0,6258498,1295,0,1295,-48,0,2,61
2,1120,78.400000,19.096000,0,0,6258511,1311,0,1311,-50,0,2,61
2,1120,78.400000,19.096000,0,0,6258525,1325,0,1325,-51,0,2,61
2,1120,78.400000,19.096000,0,0,6258539,1339,0,1339,-52,0,2,61
2,1120,78.400000,19.096000,0,0,6258552,1351,0,1351,-52,0,2,61
2,1120,78.400000,19.096000,0,0,6258567,1362,0,1362,-52,0,2,61
2,1120,78.400000,19.096000,0,0,6258580,1372,0,1372,-53,0,2,61
2,1120,78.400000,19.096000,0,0,6258594,1383,0,1383,-53,0,2,61
2,1120,78.400000,19.096000,0,0,6258606,1388,0,1388,-54,0,2,61
2,1120,78.400000,19.096000,0,0,6258619,1389,0,1389,-54,0,2,61
2,1120,78.400000,19.096000,0,0,6258632,1390,0,1390,-54,0,2,61
2,1120,78.400000,19.096000,0,0,6258646,1390,0,1390,-54,0,2,61
2,1120,78.400000,19.096000,0,0,6258659,1393,0,1393,-54,0,2,61
2,1120,78.400000,19.096000,0,0,6258673,1399,0,1399,-54,0,2,61
2,1120,78.400000,19.096000,0,0,6258687,1407,0,1407,-54,0,2,61
2,1120,78.400000,19.096000,0,0,6258701,1419,0,1419,-54,0,2,61
2,1120,78.400000,19.096000,0,0,6258714,1432,0,1432,-54,0,2,61
2,1120,78.400000,19.096000,0,0,6258728,1446,0,1446,-55,0,2,61
2,1120,78.400000,19.096000,0,0,6258742,1458,0,1458,-56,0,2,61
2,1120,78.400000,19.096000,0,0,6258756,1468,0,1468,-57,0,2,61
2,1120,78.400000,19.096000,0,0,6258769,1475,0,1475,-58,0,2,61
2,1120,78.400000,19.096000,0,0,6258782,1477,0,1477,-58,0,2,61
2,1120,78.400000,19.096000,0,0,6258796,1477,0,1477,-58,0,2,61
2,1120,78.400000,19.096000,0,0,6258809,1477,0,1477,-58,0,2,61
2,1120,78.400000,19.096000,0,0,6258823,1479,0,1479,-58,0,2,61
2,1120,78.400000,19.096000,0,0,6258837,1488,0,1488,-58,0,2,61
2,1120,78.400000,19.096000,0,0,6258851,1501,0,1501,-58,0,2,61
2,1120,78.400000,19.096000,0,0,6258865,1516,0,1516,-59,0,2,61
2,1120,78.400000,19.096000,0,0,6258878,1525,0,1525,-60,0,2,61
2,1120,78.400000,19.096000,0,0,6258892,1528,0,1528,-60,0,2,61
2,1120,78.400000,19.096000,0,0,6258905,1528,0,1528,-60,0,2,61
2,1120,78.400000,19.096000,0,0,6258919,1528,0,1528,-60,0,2,61
2,1120,78.400000,19.096000,0,0,6258932,1528,0,1528,-60,0,2,61
2,1120,78.400000,19.096000,0,0,6258945,1528,0,1528,-60,0,2,61
2,1120,78.400000,19.096000,0,0,6258959,1528,0,1528,-60,0,2,61
2,1120,78.400000,19.096000,0,0,6258973,1528,0,1528,-60,0,2,61
2,1120,78.400000,19.096000,0,0,6258986,1528,0,1528,-60,0,2,61
2,1120,78.400000,19.096000,0,0,6258999,1528,0,1528,-60,0,2,61
2,1120,78.400000,19.096000,0,0,6259012,1527,0,1527,-60,0,2,61
2,1120,78.400000,19.096000,0,0,6259026,1527,0,1527,-60,0,2,61
2,1120,78.400000,19.096000,0,0,6259039,1527,0,1527,-60,0,2,61
2,1120,78.400000,19.096000,0,0,6259052,1527,0,1527,-60,0,2,61
2,1120,78.400000,19.096000,0,0,6259065,1527,0,1527,-60,0,2,61
2,1120,78.400000,19.096000,0,0,6259078,1527,0,1527,-60,0,2,61
2,1120,78.400000,19.096000,0,0,6259091,1527,0,1527,-60,0,2,61
2,1120,78.400000,19.096000,0,0,6259103,1527,0,1527,-60,0,2,61
