2,1120,78.400000,66.864000,0,0,6464666,400,0,400,0,0,3,70
2,1120,78.400000,66.864000,0,0,6464667,400,0,400,0,0,3,70
2,1120,78.400000,66.864000,0,0,6464681,403,0,403,0,0,3,70
2,1120,78.400000,66.864000,0,0,6464694,406,1,406,1,0,3,70
2,1120,78.400000,66.864000,0,0,6464707,411,2,411,2,0,3,70
2,1120,78.400000,66.864000,0,0,6464721,417,2,417,2,0,3,70
2,1120,78.400000,66.864000,0,0,6464735,425,3,425,3,0,3,70
2,1120,78.400000,66.864000,0,0,6464748,437,3,437,3,0,3,70
2,1120,78.400000,66.864000,0,0,6464763,450,5,450,5,0,3,70
2,1120,78.400000,66.864000,0,0,6464776,478,6,478,6,0,3,70
2,1120,78.400000,66.864000,0,0,6464790,517,7,517,7,0,3,70
2,1120,78.400000,66.864000,0,0,6464803,562,7,562,7,0,3,70
2,1120,78.400000,66.864000,0,0,6464817,626,9,626,9,0,3,70
2,1120,78.400000,66.864000,0,0,6464831,696,10,696,10,0,3,70
2,1120,78.400000,66.864000,0,0,6464844,786,11,786,11,0,3,70
2,1120,78.400000,66.864000,0,0,6464858,884,12,884,12,0,3,70
2,1120,78.400000,66.864000,0,0,6464873,981,13,981,13,0,3,70
2,1120,78.400000,66.864000,0,0,6464886,1078,13,1078,13,0,3,70
2,1120,78.400000,66.864000,0,0,6464900,1154,13,1154,13,0,3,70
2,1120,78.400000,66.864000,0,0,6464913,1231,13,1231,13,0,3,70
2,1120,78.400000,66.864000,0,0,6464927,1294,13,1294,13,0,3,70
2,1120,78.400000,66.864000,0,0,6464941,1336,13,1336,13,0,3,70
2,1120,78.400000,66.864000,0,0,6464954,1374,13,1374,13,0,3,70
2,1120,78.400000,66.864000,0,0,6464968,1399,13,1399,13,0,3,70
2,1120,78.400000,66.864000,0,0,6464982,1421,13,1421,13,0,3,70
2,1120,78.400000,66.864000,0,0,6464995,1444,13,1444,13,0,3,70
2,1120,78.400000,66.864000,0,0,6465009,1464,13,1464,13,0,3,70
2,1120,78.400000,66.864000,0,0,6465023,1484,13,1484,13,0,3,70
2,1120,78.400000,66.864000,0,0,6465036,1500,12,1500,12,0,3,70
2,1120,78.400000,66.864000,0,0,6465049,1506,11,1506,11,0,3,70
2,1120,78.400000,66.864000,0,0,6465062,1506,11,1506,11,0,3,70
2,1120,78.400000,66.864000,0,0,6465076,1506,11,1506,11,0,3,70
2,1120,78.400000,66.864000,0,0,6465090,1506,11,1506,11,0,3,70
2,1120,78.400000,66.864000,0,0,6465104,1506,11,1506,11,0,3,70
2,1120,78.400000,66.864000,0,0,6465117,1506,11,1506,11,0,3,70
2,1120,78.400000,66.864000,0,0,6465131,1508,10,1508,10,0,3,70
2,1120,78.400000,66.864000,0,0,6465145,1512,9,1512,9,0,3,70
2,1120,78.400000,66.864000,0,0,6465158,1519,8,1519,8,0,3,70
2,1120,78.400000,66.864000,0,0,6465172,1528,8,1528,8,0,3,70
2,1120,78.400000,66.864000,0,0,6465185,1532,7,1532,7,0,3,70
2,1120,78.400000,66.864000,0,0,6465199,1532,7,1532,7,0,3,70
2,1120,78.400000,66.864000,0,0,6465212,1532,7,1532,7,0,3,70
2,1120,78.400000,66.864000,0,0,6465224,1531,6,1531,6,0,3,70
2,1120,78.400000,66.864000,0,0,6465238,1531,6,1531,6,0,3,70
2,1120,78.400000,66.864000,0,0,6465251,1531,6,1531,6,0,3,70
2,1120,78.400000,66.864000,0,0,6465264,1531,6,1531,6,0,3,70
2,1120,78.400000,66.864000,0,0,6465277,1531,6,1531,6,0,3,70
2,1120,78.400000,66.864000,0,0,6465290,1531,6,1531,6,0,3,70
