2,560,33.600000,19.096000,1,0,6408947,680,0,680,0,0,3,33
2,560,33.600000,19.096000,1,0,6408948,680,0,680,0,0,3,33
2,560,33.600000,19.096000,1,0,6408961,684,0,684,0,0,3,33
2,560,33.600000,19.096000,1,0,6408974,688,2,688,2,0,3,33
2,560,33.600000,19.096000,1,0,6408987,691,3,691,3,0,3,33
2,560,33.600000,19.096000,1,0,6409000,694,3,694,3,0,3,33
2,560,33.600000,19.096000,1,0,6409013,696,3,696,3,0,3,33
2,560,33.600000,19.096000,1,0,6409027,702,4,702,4,0,3,33
2,560,33.600000,19.096000,1,0,6409040,713,6,713,6,0,3,33
2,560,33.600000,19.096000,1,0,6409054,734,7,734,7,0,3,33
2,560,33.600000,19.096000,1,0,6409068,767,7,767,7,0,3,33
2,560,33.600000,19.096000,1,0,6409082,812,7,812,7,0,3,33
2,560,33.600000,19.096000,1,0,6409095,868,7,868,7,0,3,33
2,560,33.600000,19.096000,1,0,6409108,916,7,916,7,0,3,33
2,560,33.600000,19.096000,1,0,6409122,963,7,963,7,0,3,33
2,560,33.600000,19.096000,1,0,6409136,1008,7,1008,7,0,3,33
2,560,33.600000,19.096000,1,0,6409149,1045,6,1045,6,0,3,33
2,560,33.600000,19.096000,1,0,6409163,1069,4,1069,4,0,3,33
2,560,33.600000,19.096000,1,0,6409177,1085,3,1085,3,0,3,33
2,560,33.600000,19.096000,1,0,6409191,1099,2,1099,2,0,3,33
2,560,33.600000,19.096000,1,0,6409204,1107,2,1107,2,0,3,33
2,560,33.600000,19.096000,1,0,6409218,1114,2,1114,2,0,3,33
2,560,33.600000,19.096000,1,0,6409232,1122,1,1122,1,0,3,33
2,560,33.600000,19.096000,1,0,6409246,1132,1,1132,1,0,3,33
2,560,33.600000,19.096000,1,0,6409260,1148,1,1148,1,0,3,33
2,560,33.600000,19.096000,1,0,6409274,1174,1,1174,1,0,3,33
2,560,33.600000,19.096000,1,0,6409288,1205,1,1205,1,0,3,33
2,560,33.600000,19.096000,1,0,6409302,1246,1,1246,1,0,3,33
2,560,33.600000,19.096000,1,0,6409316,1278,0,1278,0,0,3,33
2,560,33.600000,19.096000,1,0,6409329,1292,0,1292,0,0,3,33
2,560,33.600000,19.096000,1,0,6409343,1294,0,1294,-1,0,3,33
2,560,33.600000,19.096000,1,0,6409356,1292,0,1292,-1,0,3,33
2,560,33.600000,19.096000,1,0,6409369,1288,0,1288,-2,0,3,33
2,560,33.600000,19.096000,1,0,6409382,1285,0,1285,-2,0,3,33
2,560,33.600000,19.096000,1,0,6409396,1284,0,1284,-2,0,3,33
2,560,33.600000,19.096000,1,0,6409408,1284,0,1284,-2,0,3,33
2,560,33.600000,19.096000,1,0,6409422,1284,0,1284,-2,0,3,33
2,560,33.600000,19.096000,1,0,6409436,1283,0,1283,-2,0,3,33
2,560,33.600000,19.096000,1,0,6409449,1281,0,1281,-2,0,3,33
2,560,33.600000,19.096000,1,0,6409461,1280,0,1280,-2,0,3,33
2,560,33.600000,19.096000,1,0,6409474,1278,0,1278,-2,0,3,33
2,560,33.600000,19.096000,1,0,6409487,1278,0,1278,-2,0,3,33
2,560,33.600000,19.096000,1,0,6409501,1277,0,1277,-2,0,3,33
2,560,33.600000,19.096000,1,0,6409514,1277,0,1277,-2,0,3,33
2,560,33.600000,19.096000,1,0,6409528,1277,0,1277,-2,0,3,33
2,560,33.600000,19.096000,1,0,6409541,1277,0,1277,-2,0,3,33
2,560,33.600000,19.096000,1,0,6409553,1277,0,1277,-2,0,3,33
2,560,33.600000,19.096000,1,0,6409566,1277,0,1277,-2,0,3,33
2,560,33.600000,19.096000,1,0,6409581,1276,0,1276,-2,0,3,33
2,560,33.600000,19.096000,1,0,6409594,1275,0,1275,-2,0,3,33
2,560,33.600000,19.096000,1,0,6409607,1273,0,1273,-2,0,3,33
2,560,33.600000,19.096000,1,0,6409621,1270,0,1270,-2,0,3,33
2,560,33.600000,19.096000,1,0,6409634,1266,1,1266,-1,0,3,33
2,560,33.600000,19.096000,1,0,6409647,1262,1,1262,-1,0,3,33
2,560,33.600000,19.096000,1,0,6409660,1259,2,1259,0,0,3,33
2,560,33.600000,19.096000,1,0,6409674,1256,2,1256,0,0,3,33
2,560,33.600000,19.096000,1,0,6409687,1252,3,1252,1,0,3,33
2,560,33.600000,19.096000,1,0,6409700,1248,4,1248,2,0,3,33
2,560,33.600000,19.096000,1,0,6409713,1245,4,1245,2,0,3,33
2,560,33.600000,19.096000,1,0,6409727,1242,4,1242,2,0,3,33
2,560,33.600000,19.096000,1,0,6409740,1239,4,1239,2,0,3,33
2,560,33.600000,19.096000,1,0,6409753,1236,4,1236,2,0,3,33
2,560,33.600000,19.096000,1,0,6409766,1235,5,1235,3,0,3,33
2,560,33.600000,19.096000,1,0,6409780,1235,5,1235,3,0,3,33
2,560,33.600000,19.096000,1,0,6409793,1235,5,1235,3,0,3,33
2,560,33.600000,19.096000,1,0,6409806,1235,5,1235,3,0,3,33
2,560,33.600000,19.096000,1,0,6409819,1235,5,1235,3,0,3,33
2,560,33.600000,19.096000,1,0,6409831,1235,5,1235,3,0,3,33
2,560,33.600000,19.096000,1,0,6409844,1235,5,1235,3,0,3,33
2,560,33.600000,19.096000,1,0,6409858,1235,5,1235,3,0,3,33
2,560,33.600000,19.096000,1,0,6409871,1235,5,1235,3,0,3,33
2,560,33.600000,19.096000,1,0,6409884,1235,5,1235,3,0,3,33
2,560,33.600000,19.096000,1,0,6409897,1235,5,1235,3,0,3,33
2,560,33.600000,19.096000,1,0,6409910,1235,5,1235,3,0,3,33
2,560,33.600000,19.096000,1,0,6409924,1235,5,1235,3,0,3,33
