2,560,33.600000,10000.000000,0,0,6462756,680,0,680,0,0,3,69
2,560,33.600000,10000.000000,0,0,6462757,680,0,680,0,0,3,69
2,560,33.600000,10000.000000,0,0,6462770,681,0,681,0,0,3,69
2,560,33.600000,10000.000000,0,0,6462782,681,0,681,0,0,3,69
2,560,33.600000,10000.000000,0,0,6462795,682,0,682,0,0,3,69
2,560,33.600000,10000.000000,0,0,6462809,682,0,682,0,0,3,69
2,560,33.600000,10000.000000,0,0,6462822,682,0,682,0,0,3,69
2,560,33.600000,10000.000000,0,0,6462835,685,0,685,0,0,3,69
2,560,33.600000,10000.000000,0,0,6462850,695,2,695,2,0,3,69
2,560,33.600000,10000.000000,0,0,6462863,714,3,714,3,0,3,69
2,560,33.600000,10000.000000,0,0,6462877,743,5,743,5,0,3,69
2,560,33.600000,10000.000000,0,0,6462889,789,5,789,5,0,3,69
2,560,33.600000,10000.000000,0,0,6462903,848,5,848,5,0,3,69
2,560,33.600000,10000.000000,0,0,6462917,922,5,922,5,0,3,69
2,560,33.600000,10000.000000,0,0,6462932,991,5,991,5,0,3,69
2,560,33.600000,10000.000000,0,0,6462945,1070,5,1070,5,0,3,69
2,560,33.600000,10000.000000,0,0,6462958,1145,5,1145,5,0,3,69
2,560,33.600000,10000.000000,0,0,6462971,1203,5,1203,5,0,3,69
2,560,33.600000,10000.000000,0,0,6462985,1234,4,1234,4,0,3,69
2,560,33.600000,10000.000000,0,0,6462997,1242,3,1242,3,0,3,69
2,560,33.600000,10000.000000,0,0,6463010,1242,3,1242,3,0,3,69
2,560,33.600000,10000.000000,0,0,6463023,1242,3,1242,3,0,3,69
2,560,33.600000,10000.000000,0,0,6463036,1242,3,1242,3,0,3,69
2,560,33.600000,10000.000000,0,0,6463049,1242,3,1242,3,0,3,69
2,560,33.600000,10000.000000,0,0,6463063,1242,3,1242,3,0,3,69
2,560,33.600000,10000.000000,0,0,6463077,1242,2,1242,2,0,3,69
2,560,33.600000,10000.000000,0,0,6463090,1242,2,1242,2,0,3,69
2,560,33.600000,10000.000000,0,0,6463103,1242,2,1242,2,0,3,69
2,560,33.600000,10000.000000,0,0,6463116,1242,2,1242,2,0,3,69
2,560,33.600000,10000.000000,0,0,6463129,1242,2,1242,2,0,3,69
2,560,33.600000,10000.000000,0,0,6463143,1242,2,1242,2,0,3,69
2,560,33.600000,10000.000000,0,0,6463155,1242,2,1242,2,0,3,69
2,560,33.600000,10000.000000,0,0,6463168,1242,2,1242,2,0,3,69
2,560,33.600000,10000.000000,0,0,6463181,1242,2,1242,2,0,3,69
2,560,33.600000,10000.000000,0,0,6463195,1242,2,1242,2,0,3,69
2,560,33.600000,10000.000000,0,0,6463208,1242,2,1242,2,0,3,69
2,560,33.600000,10000.000000,0,0,6463222,1242,2,1242,2,0,3,69
2,560,33.600000,10000.000000,0,0,6463236,1242,2,1242,2,0,3,69
2,560,33.600000,10000.000000,0,0,6463250,1242,2,1242,2,0,3,69
2,560,33.600000,10000.000000,0,0,6463262,1242,2,1242,2,0,3,69
2,560,33.600000,10000.000000,0,0,6463276,1242,2,1242,2,0,3,69
2,560,33.600000,10000.000000,0,0,6463289,1242,2,1242,2,0,3,69
2,560,33.600000,10000.000000,0,0,6463302,1242,2,1242,2,0,3,69
