2,1120,33.600000,19.096000,1,0,6513564,400,0,400,0,0,3,103
2,1120,33.600000,19.096000,1,0,6513565,400,0,400,0,0,3,103
2,1120,33.600000,19.096000,1,0,6513578,400,0,400,0,0,3,103
2,1120,33.600000,19.096000,1,0,6513591,400,0,400,0,0,3,103
2,1120,33.600000,19.096000,1,0,6513604,400,0,400,0,0,3,103
2,1120,33.600000,19.096000,1,0,6513616,400,0,400,0,0,3,103
2,1120,33.600000,19.096000,1,0,6513629,401,0,401,0,0,3,103
2,1120,33.600000,19.096000,1,0,6513643,403,0,403,0,0,3,103
2,1120,33.600000,19.096000,1,0,6513657,410,0,410,0,0,3,103
2,1120,33.600000,19.096000,1,0,6513670,422,0,422,0,0,3,103
2,1120,33.600000,19.096000,1,0,6513684,448,0,448,0,0,3,103
2,1120,33.600000,19.096000,1,0,6513698,482,0,482,0,0,3,103
2,1120,33.600000,19.096000,1,0,6513712,528,2,528,2,0,3,103
2,1120,33.600000,19.096000,1,0,6513726,586,3,586,3,0,3,103
2,1120,33.600000,19.096000,1,0,6513740,647,3,647,3,0,3,103
2,1120,33.600000,19.096000,1,0,6513753,716,3,716,3,0,3,103
2,1120,33.600000,19.096000,1,0,6513766,781,3,781,3,0,3,103
2,1120,33.600000,19.096000,1,0,6513781,850,4,850,4,0,3,103
2,1120,33.600000,19.096000,1,0,6513794,912,4,912,4,0,3,103
2,1120,33.600000,19.096000,1,0,6513809,979,5,979,5,0,3,103
2,1120,33.600000,19.096000,1,0,6513823,1038,5,1038,5,0,3,103
2,1120,33.600000,19.096000,1,0,6513837,1089,5,1089,5,0,3,103
2,1120,33.600000,19.096000,1,0,6513851,1143,5,1143,5,0,3,103
2,1120,33.600000,19.096000,1,0,6513865,1195,5,1195,5,0,3,103
2,1120,33.600000,19.096000,1,0,6513878,1236,5,1236,5,0,3,103
2,1120,33.600000,19.096000,1,0,6513891,1271,4,1271,4,0,3,103
2,1120,33.600000,19.096000,1,0,6513905,1304,4,1304,4,0,3,103
2,1120,33.600000,19.096000,1,0,6513918,1338,4,1338,4,0,3,103
2,1120,33.600000,19.096000,1,0,6513933,1365,4,1365,4,0,3,103
2,1120,33.600000,19.096000,1,0,6513946,1395,5,1395,5,0,3,103
2,1120,33.600000,19.096000,1,0,6513960,1416,5,1416,5,0,3,103
2,1120,33.600000,19.096000,1,0,6513973,1433,6,1433,6,0,3,103
2,1120,33.600000,19.096000,1,0,6513987,1444,6,1444,6,0,3,103
2,1120,33.600000,19.096000,1,0,6514001,1452,6,1452,6,0,3,103
2,1120,33.600000,19.096000,1,0,6514014,1457,6,1457,6,0,3,103
2,1120,33.600000,19.096000,1,0,6514027,1459,6,1459,6,0,3,103
2,1120,33.600000,19.096000,1,0,6514040,1461,6,1461,6,0,3,103
2,1120,33.600000,19.096000,1,0,6514054,1466,7,1466,7,0,3,103
2,1120,33.600000,19.096000,1,0,6514068,1475,7,1475,7,0,3,103
2,1120,33.600000,19.096000,1,0,6514081,1486,7,1486,7,0,3,103
2,1120,33.600000,19.096000,1,0,6514094,1496,7,1496,7,0,3,103
2,1120,33.600000,19.096000,1,0,6514107,1507,7,1507,7,0,3,103
2,1120,33.600000,19.096000,1,0,6514121,1514,7,1514,7,0,3,103
2,1120,33.600000,19.096000,1,0,6514134,1517,7,1517,7,0,3,103
2,1120,33.600000,19.096000,1,0,6514147,1517,7,1517,7,0,3,103
2,1120,33.600000,19.096000,1,0,6514161,1517,7,1517,7,0,3,103
2,1120,33.600000,19.096000,1,0,6514174,1517,7,1517,7,0,3,103
2,1120,33.600000,19.096000,1,0,6514187,1517,7,1517,7,0,3,103
2,1120,33.600000,19.096000,1,0,6514200,1517,7,1517,7,0,3,103
2,1120,33.600000,19.096000,1,0,6514213,1517,7,1517,7,0,3,103
2,1120,33.600000,19.096000,1,0,6514226,1517,7,1517,7,0,3,103
2,1120,33.600000,19.096000,1,0,6514240,1517,7,1517,7,0,3,103
2,1120,33.600000,19.096000,1,0,6514253,1517,7,1517,7,0,3,103
2,1120,33.600000,19.096000,1,0,6514266,1517,7,1517,7,0,3,103
2,1120,33.600000,19.096000,1,0,6514279,1517,7,1517,7,0,3,103
2,1120,33.600000,19.096000,1,0,6514293,1517,7,1517,7,0,3,103
2,1120,33.600000,19.096000,1,0,6514307,1517,7,1517,7,0,3,103
2,1120,33.600000,19.096000,1,0,6514321,1517,7,1517,7,0,3,103
2,1120,33.600000,19.096000,1,0,6514334,1517,7,1517,7,0,3,103
2,1120,33.600000,19.096000,1,0,6514347,1517,7,1517,7,0,3,103
2,1120,33.600000,19.096000,1,0,6514360,1517,7,1517,7,0,3,103
