2,560,33.600000,66.864000,1,0,6668089,680,0,680,0,0,4,80
2,560,33.600000,66.864000,1,0,6668090,680,0,680,0,0,4,80
2,560,33.600000,66.864000,1,0,6668103,681,0,681,0,0,4,80
2,560,33.600000,66.864000,1,0,6668116,681,0,681,0,0,4,80
2,560,33.600000,66.864000,1,0,6668130,681,0,681,0,0,4,80
2,560,33.600000,66.864000,1,0,6668143,681,0,681,0,0,4,80
2,560,33.600000,66.864000,1,0,6668156,681,0,681,0,0,4,80
2,560,33.600000,66.864000,1,0,6668169,681,0,681,0,0,4,80
2,560,33.600000,66.864000,1,0,6668182,681,0,681,0,0,4,80
2,560,33.600000,66.864000,1,0,6668197,685,0,685,0,0,4,80
2,560,33.600000,66.864000,1,0,6668211,693,0,693,0,0,4,80
2,560,33.600000,66.864000,1,0,6668226,700,0,700,0,0,4,80
2,560,33.600000,66.864000,1,0,6668239,708,0,708,0,0,4,80
2,560,33.600000,66.864000,1,0,6668252,719,0,719,-1,0,4,80
2,560,33.600000,66.864000,1,0,6668266,735,0,735,-2,0,4,80
2,560,33.600000,66.864000,1,0,6668280,760,0,760,-3,0,4,80
2,560,33.600000,66.864000,1,0,6668293,793,0,793,-4,0,4,80
2,560,33.600000,66.864000,1,0,6668307,831,0,831,-5,0,4,80
2,560,33.600000,66.864000,1,0,6668321,886,0,886,-6,0,4,80
2,560,33.600000,66.864000,1,0,6668334,939,0,939,-7,0,4,80
2,560,33.600000,66.864000,1,0,6668348,1003,0,1003,-10,0,4,80
2,560,33.600000,66.864000,1,0,6668362,1060,0,1060,-13,0,4,80
2,560,33.600000,66.864000,1,0,6668376,1104,0,1104,-16,0,4,80
2,560,33.600000,66.864000,1,0,6668389,1132,0,1132,-19,0,4,80
2,560,33.600000,66.864000,1,0,6668403,1150,0,1150,-21,0,4,80
2,560,33.600000,66.864000,1,0,6668418,1161,0,1161,-22,0,4,80
2,560,33.600000,66.864000,1,0,6668432,1167,0,1167,-23,0,4,80
2,560,33.600000,66.864000,1,0,6668445,1172,0,1172,-24,0,4,80
2,560,33.600000,66.864000,1,0,6668459,1174,0,1174,-24,0,4,80
2,560,33.600000,66.864000,1,0,6668472,1174,0,1174,-24,0,4,80
2,560,33.600000,66.864000,1,0,6668484,1174,0,1174,-24,0,4,80
2,560,33.600000,66.864000,1,0,6668498,1174,0,1174,-24,0,4,80
2,560,33.600000,66.864000,1,0,6668511,1177,0,1177,-25,0,4,80
2,560,33.600000,66.864000,1,0,6668524,1182,0,1182,-25,0,4,80
2,560,33.600000,66.864000,1,0,6668538,1189,0,1189,-26,0,4,80
2,560,33.600000,66.864000,1,0,6668551,1200,0,1200,-28,0,4,80
2,560,33.600000,66.864000,1,0,6668565,1211,0,1211,-28,0,4,80
2,560,33.600000,66.864000,1,0,6668578,1221,0,1221,-29,0,4,80
2,560,33.600000,66.864000,1,0,6668591,1227,0,1227,-29,0,4,80
2,560,33.600000,66.864000,1,0,6668605,1228,0,1228,-29,0,4,80
2,560,33.600000,66.864000,1,0,6668618,1228,0,1228,-29,0,4,80
2,560,33.600000,66.864000,1,0,6668631,1228,0,1228,-29,0,4,80
2,560,33.600000,66.864000,1,0,6668644,1228,0,1228,-29,0,4,80
2,560,33.600000,66.864000,1,0,6668657,1228,0,1228,-29,0,4,80
2,560,33.600000,66.864000,1,0,6668670,1228,0,1228,-29,0,4,80
2,560,33.600000,66.864000,1,0,6668685,1228,0,1228,-29,0,4,80
2,560,33.600000,66.864000,1,0,6668698,1228,0,1228,-29,0,4,80
2,560,33.600000,66.864000,1,0,6668711,1228,0,1228,-29,0,4,80
2,560,33.600000,66.864000,1,0,6668725,1228,0,1228,-29,0,4,80
2,560,33.600000,66.864000,1,0,6668738,1228,0,1228,-29,0,4,80
2,560,33.600000,66.864000,1,0,6668752,1228,0,1228,-29,0,4,80
2,560,33.600000,66.864000,1,0,6668765,1228,0,1228,-29,0,4,80
2,560,33.600000,66.864000,1,0,6668778,1228,0,1228,-29,0,4,80
2,560,33.600000,66.864000,1,0,6668791,1228,0,1228,-29,0,4,80
2,560,33.600000,66.864000,1,0,6668804,1228,0,1228,-29,0,4,80
2,560,33.600000,66.864000,1,0,6668817,1228,0,1228,-29,0,4,80
