2,1120,78.400000,66.864000,1,0,6600391,400,0,400,0,0,4,38
2,1120,78.400000,66.864000,1,0,6600393,400,0,400,0,0,4,38
2,1120,78.400000,66.864000,1,0,6600406,400,0,400,0,0,4,38
2,1120,78.400000,66.864000,1,0,6600419,400,0,400,0,0,4,38
2,1120,78.400000,66.864000,1,0,6600431,400,0,400,0,0,4,38
2,1120,78.400000,66.864000,1,0,6600445,400,0,400,0,0,4,38
2,1120,78.400000,66.864000,1,0,6600458,400,0,400,0,0,4,38
2,1120,78.400000,66.864000,1,0,6600473,400,0,400,0,0,4,38
2,1120,78.400000,66.864000,1,0,6600487,401,0,401,0,0,4,38
2,1120,78.400000,66.864000,1,0,6600502,407,0,407,0,0,4,38
2,1120,78.400000,66.864000,1,0,6600516,418,0,418,0,0,4,38
2,1120,78.400000,66.864000,1,0,6600530,438,0,438,0,0,4,38
2,1120,78.400000,66.864000,1,0,6600544,470,0,470,-1,0,4,38
2,1120,78.400000,66.864000,1,0,6600559,522,0,522,-2,0,4,38
2,1120,78.400000,66.864000,1,0,6600573,581,0,581,-4,0,4,38
2,1120,78.400000,66.864000,1,0,6600586,655,0,655,-5,0,4,38
2,1120,78.400000,66.864000,1,0,6600599,727,0,727,-6,0,4,38
2,1120,78.400000,66.864000,1,0,6600614,805,0,805,-7,0,4,38
2,1120,78.400000,66.864000,1,0,6600628,893,0,893,-7,0,4,38
2,1120,78.400000,66.864000,1,0,6600642,966,0,966,-8,0,4,38
2,1120,78.400000,66.864000,1,0,6600656,1039,0,1039,-9,0,4,38
2,1120,78.400000,66.864000,1,0,6600669,1098,0,1098,-9,0,4,38
2,1120,78.400000,66.864000,1,0,6600683,1139,0,1139,-9,0,4,38
2,1120,78.400000,66.864000,1,0,6600697,1178,0,1178,-9,0,4,38
2,1120,78.400000,66.864000,1,0,6600711,1204,0,1204,-9,0,4,38
2,1120,78.400000,66.864000,1,0,6600725,1225,0,1225,-9,0,4,38
2,1120,78.400000,66.864000,1,0,6600738,1240,0,1240,-9,0,4,38
2,1120,78.400000,66.864000,1,0,6600752,1252,0,1252,-9,0,4,38
2,1120,78.400000,66.864000,1,0,6600765,1265,0,1265,-9,0,4,38
2,1120,78.400000,66.864000,1,0,6600780,1275,0,1275,-9,0,4,38
2,1120,78.400000,66.864000,1,0,6600793,1283,0,1283,-9,0,4,38
2,1120,78.400000,66.864000,1,0,6600806,1289,0,1289,-9,0,4,38
2,1120,78.400000,66.864000,1,0,6600819,1292,0,1292,-9,0,4,38
2,1120,78.400000,66.864000,1,0,6600832,1293,0,1293,-9,0,4,38
2,1120,78.400000,66.864000,1,0,6600845,1293,0,1293,-9,0,4,38
2,1120,78.400000,66.864000,1,0,6600859,1293,0,1293,-9,0,4,38
2,1120,78.400000,66.864000,1,0,6600872,1293,0,1293,-9,0,4,38
2,1120,78.400000,66.864000,1,0,6600887,1296,0,1296,-9,0,4,38
2,1120,78.400000,66.864000,1,0,6600901,1301,0,1301,-10,0,4,38
2,1120,78.400000,66.864000,1,0,6600915,1308,0,1308,-10,0,4,38
2,1120,78.400000,66.864000,1,0,6600929,1318,0,1318,-10,0,4,38
2,1120,78.400000,66.864000,1,0,6600943,1331,0,1331,-10,0,4,38
2,1120,78.400000,66.864000,1,0,6600956,1349,0,1349,-10,0,4,38
2,1120,78.400000,66.864000,1,0,6600970,1373,0,1373,-11,0,4,38
2,1120,78.400000,66.864000,1,0,6600983,1399,0,1399,-12,0,4,38
2,1120,78.400000,66.864000,1,0,6600996,1421,0,1421,-12,0,4,38
2,1120,78.400000,66.864000,1,0,6601010,1436,0,1436,-12,0,4,38
2,1120,78.400000,66.864000,1,0,6601023,1449,0,1449,-12,0,4,38
2,1120,78.400000,66.864000,1,0,6601038,1461,0,1461,-12,0,4,38
2,1120,78.400000,66.864000,1,0,6601051,1469,0,1469,-12,0,4,38
2,1120,78.400000,66.864000,1,0,6601064,1473,0,1473,-12,0,4,38
2,1120,78.400000,66.864000,1,0,6601077,1475,0,1475,-12,0,4,38
2,1120,78.400000,66.864000,1,0,6601091,1475,0,1475,-12,0,4,38
2,1120,78.400000,66.864000,1,0,6601104,1475,0,1475,-12,0,4,38
2,1120,78.400000,66.864000,1,0,6601117,1475,0,1475,-12,0,4,38
2,1120,78.400000,66.864000,1,0,6601130,1476,0,1476,-12,0,4,38
2,1120,78.400000,66.864000,1,0,6601144,1479,0,1479,-12,0,4,38
2,1120,78.400000,66.864000,1,0,6601158,1484,0,1484,-12,0,4,38
2,1120,78.400000,66.864000,1,0,6601170,1490,0,1490,-12,0,4,38
2,1120,78.400000,66.864000,1,0,6601185,1495,0,1495,-12,0,4,38
2,1120,78.400000,66.864000,1,0,6601198,1497,0,1497,-12,0,4,38
2,1120,78.400000,66.864000,1,0,6601211,1497,0,1497,-12,0,4,38
2,1120,78.400000,66.864000,1,0,6601224,1495,0,1495,-12,0,4,38
2,1120,78.400000,66.864000,1,0,6601238,1493,0,1493,-12,0,4,38
2,1120,78.400000,66.864000,1,0,6601251,1492,0,1492,-12,0,4,38
2,1120,78.400000,66.864000,1,0,6601264,1492,0,1492,-12,0,4,38
2,1120,78.400000,66.864000,1,0,6601277,1492,0,1492,-12,0,4,38
2,1120,78.400000,66.864000,1,0,6601290,1492,0,1492,-12,0,4,38
2,1120,78.400000,66.864000,1,0,6601303,1492,0,1492,-12,0,4,38
2,1120,78.400000,66.864000,1,0,6601316,1492,0,1492,-12,0,4,38
2,1120,78.400000,66.864000,1,0,6601328,1492,0,1492,-12,0,4,38
