2,1120,78.400000,35.168000,1,1,7029526,400,33,400,33,0,5,95
2,1120,78.400000,35.168000,1,1,7029526,400,33,400,33,0,5,95
2,1120,78.400000,35.168000,1,1,7029539,402,34,402,34,0,5,95
2,1120,78.400000,35.168000,1,1,7029552,403,34,403,34,0,5,95
2,1120,78.400000,35.168000,1,1,7029566,403,34,403,34,0,5,95
2,1120,78.400000,35.168000,1,1,7029579,404,34,404,34,0,5,95
2,1120,78.400000,35.168000,1,1,7029593,409,35,409,35,0,5,95
2,1120,78.400000,35.168000,1,1,7029606,423,39,423,39,0,5,95
2,1120,78.400000,35.168000,1,1,7029619,449,42,449,42,0,5,95
2,1120,78.400000,35.168000,1,1,7029633,484,45,484,45,0,5,95
2,1120,78.400000,35.168000,1,1,7029647,547,49,547,49,0,5,95
2,1120,78.400000,35.168000,1,1,7029660,637,53,637,53,0,5,95
2,1120,78.400000,35.168000,1,1,7029674,734,60,734,60,0,5,95
2,1120,78.400000,35.168000,1,1,7029687,851,66,851,66,0,5,95
2,1120,78.400000,35.168000,1,1,7029700,967,70,967,70,0,5,95
2,1120,78.400000,35.168000,1,1,7029714,1069,72,1069,72,0,5,95
2,1120,78.400000,35.168000,1,1,7029729,1165,73,1165,73,0,5,95
2,1120,78.400000,35.168000,1,1,7029744,1272,73,1272,73,0,5,95
2,1120,78.400000,35.168000,1,1,7029758,1355,69,1355,69,0,5,95
2,1120,78.400000,35.168000,1,1,7029771,1403,63,1403,63,0,5,95
2,1120,78.400000,35.168000,1,1,7029785,1427,56,1427,56,0,5,95
2,1120,78.400000,35.168000,1,1,7029800,1431,52,1431,52,0,5,95
2,1120,78.400000,35.168000,1,1,7029813,1431,48,1431,48,0,5,95
2,1120,78.400000,35.168000,1,1,7029826,1427,44,1427,44,0,5,95
2,1120,78.400000,35.168000,1,1,7029839,1424,41,1424,41,0,5,95
2,1120,78.400000,35.168000,1,1,7029853,1422,39,1422,39,0,5,95
2,1120,78.400000,35.168000,1,1,7029867,1421,38,1421,38,0,5,95
2,1120,78.400000,35.168000,1,1,7029881,1420,36,1420,36,0,5,95
2,1120,78.400000,35.168000,1,1,7029895,1419,34,1419,34,0,5,95
2,1120,78.400000,35.168000,1,1,7029909,1418,32,1418,32,0,5,95
2,1120,78.400000,35.168000,1,1,7029922,1418,30,1418,30,0,5,95
2,1120,78.400000,35.168000,1,1,7029937,1417,28,1417,28,0,5,95
2,1120,78.400000,35.168000,1,1,7029950,1417,26,1417,26,0,5,95
2,1120,78.400000,35.168000,1,1,7029963,1417,23,1417,23,0,5,95
2,1120,78.400000,35.168000,1,1,7029977,1420,20,1420,20,0,5,95
2,1120,78.400000,35.168000,1,1,7029992,1423,18,1423,18,0,5,95
2,1120,78.400000,35.168000,1,1,7030005,1427,16,1427,16,0,5,95
2,1120,78.400000,35.168000,1,1,7030019,1434,13,1434,13,0,5,95
2,1120,78.400000,35.168000,1,1,7030032,1445,10,1445,10,0,5,95
2,1120,78.400000,35.168000,1,1,7030045,1464,6,1464,6,0,5,95
2,1120,78.400000,35.168000,1,1,7030058,1481,3,1481,3,0,5,95
2,1120,78.400000,35.168000,1,1,7030072,1492,1,1492,1,0,5,95
2,1120,78.400000,35.168000,1,1,7030085,1497,0,1497,0,0,5,95
2,1120,78.400000,35.168000,1,1,7030098,1497,0,1497,0,0,5,95
2,1120,78.400000,35.168000,1,1,7030112,1497,0,1497,0,0,5,95
2,1120,78.400000,35.168000,1,1,7030125,1497,0,1497,0,0,5,95
2,1120,78.400000,35.168000,1,1,7030139,1497,0,1497,0,0,5,95
2,1120,78.400000,35.168000,1,1,7030151,1497,0,1497,0,0,5,95
2,1120,78.400000,35.168000,1,1,7030166,1497,0,1497,0,0,5,95
2,1120,78.400000,35.168000,1,1,7030179,1497,0,1497,0,0,5,95
2,1120,78.400000,35.168000,1,1,7030192,1497,0,1497,0,0,5,95
2,1120,78.400000,35.168000,1,1,7030206,1497,0,1497,0,0,5,95
2,1120,78.400000,35.168000,1,1,7030219,1497,0,1497,0,0,5,95
