2,1120,33.600000,0.000000,0,0,6984072,400,0,400,0,0,5,64
2,1120,33.600000,0.000000,0,0,6984073,400,0,400,0,0,5,64
2,1120,33.600000,0.000000,0,0,6984086,401,0,401,0,0,5,64
2,1120,33.600000,0.000000,0,0,6984099,403,1,403,1,0,5,64
2,1120,33.600000,0.000000,0,0,6984112,405,2,405,2,0,5,64
2,1120,33.600000,0.000000,0,0,6984126,408,4,408,4,0,5,64
2,1120,33.600000,0.000000,0,0,6984139,417,6,417,6,0,5,64
2,1120,33.600000,0.000000,0,0,6984152,435,11,435,11,0,5,64
2,1120,33.600000,0.000000,0,0,6984166,468,19,468,19,0,5,64
2,1120,33.600000,0.000000,0,0,6984181,523,28,523,28,0,5,64
2,1120,33.600000,0.000000,0,0,6984195,608,40,608,40,0,5,64
2,1120,33.600000,0.000000,0,0,6984209,720,54,720,54,0,5,64
2,1120,33.600000,0.000000,0,0,6984223,837,66,837,66,0,5,64
2,1120,33.600000,0.000000,0,0,6984236,947,81,947,81,0,5,64
2,1120,33.600000,0.000000,0,0,6984250,1035,95,1035,95,0,5,64
2,1120,33.600000,0.000000,0,0,6984263,1112,103,1112,103,0,5,64
2,1120,33.600000,0.000000,0,0,6984277,1181,112,1181,112,0,5,64
2,1120,33.600000,0.000000,0,0,6984290,1244,118,1244,118,0,5,64
2,1120,33.600000,0.000000,0,0,6984303,1295,122,1295,122,0,5,64
2,1120,33.600000,0.000000,0,0,6984317,1340,123,1340,123,0,5,64
2,1120,33.600000,0.000000,0,0,6984330,1371,121,1371,121,0,5,64
2,1120,33.600000,0.000000,0,0,6984344,1400,117,1400,117,0,5,64
2,1120,33.600000,0.000000,0,0,6984358,1423,112,1423,112,0,5,64
2,1120,33.600000,0.000000,0,0,6984372,1446,106,1446,106,0,5,64
2,1120,33.600000,0.000000,0,0,6984385,1470,100,1470,100,0,5,64
2,1120,33.600000,0.000000,0,0,6984400,1492,95,1492,95,0,5,64
2,1120,33.600000,0.000000,0,0,6984413,1514,88,1514,88,0,5,64
2,1120,33.600000,0.000000,0,0,6984427,1530,82,1530,82,0,5,64
2,1120,33.600000,0.000000,0,0,6984440,1541,77,1541,77,0,5,64
2,1120,33.600000,0.000000,0,0,6984453,1547,73,1547,73,0,5,64
2,1120,33.600000,0.000000,0,0,6984467,1552,69,1552,69,0,5,64
2,1120,33.600000,0.000000,0,0,6984480,1556,66,1556,66,0,5,64
2,1120,33.600000,0.000000,0,0,6984493,1563,63,1563,63,0,5,64
2,1120,33.600000,0.000000,0,0,6984507,1573,59,1573,59,0,5,64
2,1120,33.600000,0.000000,0,0,6984521,1585,55,1585,55,0,5,64
2,1120,33.600000,0.000000,0,0,6984534,1594,50,1594,50,0,5,64
2,1120,33.600000,0.000000,0,0,6984549,1598,47,1598,47,0,5,64
2,1120,33.600000,0.000000,0,0,6984562,1598,44,1598,44,0,5,64
2,1120,33.600000,0.000000,0,0,6984575,1595,41,1595,41,0,5,64
2,1120,33.600000,0.000000,0,0,6984589,1590,38,1590,38,0,5,64
2,1120,33.600000,0.000000,0,0,6984602,1584,37,1584,37,0,5,64
2,1120,33.600000,0.000000,0,0,6984617,1575,35,1575,35,0,5,64
2,1120,33.600000,0.000000,0,0,6984630,1563,34,1563,34,0,5,64
2,1120,33.600000,0.000000,0,0,6984643,1550,32,1550,32,0,5,64
2,1120,33.600000,0.000000,0,0,6984657,1538,30,1538,30,0,5,64
2,1120,33.600000,0.000000,0,0,6984670,1528,28,1528,28,0,5,64
2,1120,33.600000,0.000000,0,0,6984684,1525,27,1525,27,0,5,64
2,1120,33.600000,0.000000,0,0,6984697,1525,26,1525,26,0,5,64
2,1120,33.600000,0.000000,0,0,6984711,1525,26,1525,26,0,5,64
2,1120,33.600000,0.000000,0,0,6984724,1525,26,1525,26,0,5,64
2,1120,33.600000,0.000000,0,0,6984738,1525,26,1525,26,0,5,64
2,1120,33.600000,0.000000,0,0,6984751,1525,26,1525,26,0,5,64
2,1120,33.600000,0.000000,0,0,6984764,1525,26,1525,26,0,5,64
2,1120,33.600000,0.000000,0,0,6984777,1525,25,1525,25,0,5,64
2,1120,33.600000,0.000000,0,0,6984790,1525,24,1525,24,0,5,64
2,1120,33.600000,0.000000,0,0,6984804,1525,23,1525,23,0,5,64
2,1120,33.600000,0.000000,0,0,6984817,1525,22,1525,22,0,5,64
2,1120,33.600000,0.000000,0,0,6984830,1525,21,1525,21,0,5,64
2,1120,33.600000,0.000000,0,0,6984843,1525,21,1525,21,0,5,64
2,1120,33.600000,0.000000,0,0,6984856,1525,20,1525,20,0,5,64
2,1120,33.600000,0.000000,0,0,6984869,1524,19,1524,19,0,5,64
2,1120,33.600000,0.000000,0,0,6984883,1523,18,1523,18,0,5,64
2,1120,33.600000,0.000000,0,0,6984896,1522,17,1522,17,0,5,64
2,1120,33.600000,0.000000,0,0,6984909,1522,16,1522,16,0,5,64
2,1120,33.600000,0.000000,0,0,6984922,1521,15,1521,15,0,5,64
2,1120,33.600000,0.000000,0,0,6984935,1521,14,1521,14,0,5,64
2,1120,33.600000,0.000000,0,0,6984948,1520,14,1520,14,0,5,64
2,1120,33.600000,0.000000,0,0,6984960,1520,14,1520,14,0,5,64
