2,560,33.600000,0.000000,0,0,7272908,680,0,680,0,0,7,15
2,560,33.600000,0.000000,0,0,7272909,680,0,680,0,0,7,15
2,560,33.600000,0.000000,0,0,7272922,680,0,680,0,0,7,15
2,560,33.600000,0.000000,0,0,7272935,680,0,680,0,0,7,15
2,560,33.600000,0.000000,0,0,7272948,680,0,680,0,0,7,15
2,560,33.600000,0.000000,0,0,7272962,680,0,680,0,0,7,15
2,560,33.600000,0.000000,0,0,7272975,680,0,680,0,0,7,15
2,560,33.600000,0.000000,0,0,7272989,686,1,686,1,0,7,15
2,560,33.600000,0.000000,0,0,7273004,703,2,703,2,0,7,15
2,560,33.600000,0.000000,0,0,7273018,743,4,743,4,0,7,15
2,560,33.600000,0.000000,0,0,7273032,792,5,792,5,0,7,15
2,560,33.600000,0.000000,0,0,7273045,858,6,858,6,0,7,15
2,560,33.600000,0.000000,0,0,7273060,938,10,938,10,0,7,15
2,560,33.600000,0.000000,0,0,7273074,1016,15,1016,15,0,7,15
2,560,33.600000,0.000000,0,0,7273088,1086,18,1086,18,0,7,15
2,560,33.600000,0.000000,0,0,7273101,1132,21,1132,21,0,7,15
2,560,33.600000,0.000000,0,0,7273116,1161,22,1161,22,0,7,15
2,560,33.600000,0.000000,0,0,7273129,1175,23,1175,23,0,7,15
2,560,33.600000,0.000000,0,0,7273143,1182,23,1182,23,0,7,15
2,560,33.600000,0.000000,0,0,7273157,1187,23,1187,23,0,7,15
2,560,33.600000,0.000000,0,0,7273172,1195,23,1195,23,0,7,15
2,560,33.600000,0.000000,0,0,7273186,1207,22,1207,22,0,7,15
2,560,33.600000,0.000000,0,0,7273200,1220,21,1220,21,0,7,15
2,560,33.600000,0.000000,0,0,7273213,1232,20,1232,20,0,7,15
2,560,33.600000,0.000000,0,0,7273227,1241,20,1241,20,0,7,15
2,560,33.600000,0.000000,0,0,7273241,1248,20,1248,20,0,7,15
2,560,33.600000,0.000000,0,0,7273255,1253,20,1253,20,0,7,15
2,560,33.600000,0.000000,0,0,7273268,1258,20,1258,20,0,7,15
2,560,33.600000,0.000000,0,0,7273282,1263,19,1263,19,0,7,15
2,560,33.600000,0.000000,0,0,7273295,1269,19,1269,19,0,7,15
2,560,33.600000,0.000000,0,0,7273309,1277,18,1277,18,0,7,15
2,560,33.600000,0.000000,0,0,7273324,1284,17,1284,17,0,7,15
2,560,33.600000,0.000000,0,0,7273337,1293,17,1293,17,0,7,15
2,560,33.600000,0.000000,0,0,7273350,1298,17,1298,17,0,7,15
2,560,33.600000,0.000000,0,0,7273363,1299,17,1299,17,0,7,15
2,560,33.600000,0.000000,0,0,7273376,1299,17,1299,17,0,7,15
2,560,33.600000,0.000000,0,0,7273389,1299,17,1299,17,0,7,15
2,560,33.600000,0.000000,0,0,7273401,1299,17,1299,17,0,7,15
2,560,33.600000,0.000000,0,0,7273414,1299,17,1299,17,0,7,15
2,560,33.600000,0.000000,0,0,7273428,1299,17,1299,17,0,7,15
2,560,33.600000,0.000000,0,0,7273441,1299,17,1299,17,0,7,15
2,560,33.600000,0.000000,0,0,7273454,1299,17,1299,17,0,7,15
2,560,33.600000,0.000000,0,0,7273467,1297,16,1297,16,0,7,15
2,560,33.600000,0.000000,0,0,7273482,1294,15,1294,15,0,7,15
2,560,33.600000,0.000000,0,0,7273497,1289,13,1289,13,0,7,15
2,560,33.600000,0.000000,0,0,7273511,1279,11,1279,11,0,7,15
2,560,33.600000,0.000000,0,0,7273525,1270,9,1270,9,0,7,15
2,560,33.600000,0.000000,0,0,7273539,1263,7,1263,7,0,7,15
2,560,33.600000,0.000000,0,0,7273551,1260,6,1260,6,0,7,15
2,560,33.600000,0.000000,0,0,7273564,1259,6,1259,6,0,7,15
2,560,33.600000,0.000000,0,0,7273578,1259,6,1259,6,0,7,15
2,560,33.600000,0.000000,0,0,7273591,1259,6,1259,6,0,7,15
2,560,33.600000,0.000000,0,0,7273605,1258,6,1258,6,0,7,15
2,560,33.600000,0.000000,0,0,7273618,1258,6,1258,6,0,7,15
2,560,33.600000,0.000000,0,0,7273632,1258,6,1258,6,0,7,15
2,560,33.600000,0.000000,0,0,7273645,1258,6,1258,6,0,7,15
2,560,33.600000,0.000000,0,0,7273658,1258,6,1258,6,0,7,15
2,560,33.600000,0.000000,0,0,7273670,1258,6,1258,6,0,7,15
2,560,33.600000,0.000000,0,0,7273683,1258,6,1258,6,0,7,15
2,560,33.600000,0.000000,0,0,7273696,1258,6,1258,6,0,7,15
2,560,33.600000,0.000000,0,0,7273710,1257,6,1257,6,0,7,15
2,560,33.600000,0.000000,0,0,7273722,1257,6,1257,6,0,7,15
2,560,33.600000,0.000000,0,0,7273737,1257,6,1257,6,0,7,15
2,560,33.600000,0.000000,0,0,7273751,1257,6,1257,6,0,7,15
