2,1120,128.800000,10000.000000,1,1,7483192,400,33,400,33,1,8,23
2,1120,128.800000,10000.000000,1,1,7483193,400,33,400,33,1,8,23
2,1120,128.800000,10000.000000,1,1,7483207,400,33,400,33,1,8,23
2,1120,128.800000,10000.000000,1,1,7483220,400,33,400,33,1,8,23
2,1120,128.800000,10000.000000,1,1,7483233,400,33,400,33,1,8,23
2,1120,128.800000,10000.000000,1,1,7483246,400,33,400,33,1,8,23
2,1120,128.800000,10000.000000,1,1,7483260,400,33,400,33,1,8,23
2,1120,128.800000,10000.000000,1,1,7483273,407,33,407,33,1,8,23
2,1120,128.800000,10000.000000,1,1,7483287,424,33,424,33,1,8,23
2,1120,128.800000,10000.000000,1,1,7483301,463,34,463,34,1,8,23
2,1120,128.800000,10000.000000,1,1,7483314,518,38,518,38,1,8,23
2,1120,128.800000,10000.000000,1,1,7483328,590,46,590,46,1,8,23
2,1120,128.800000,10000.000000,1,1,7483342,687,55,687,55,1,8,23
2,1120,128.800000,10000.000000,1,1,7483356,806,63,806,63,1,8,23
2,1120,128.800000,10000.000000,1,1,7483369,916,66,916,66,1,8,23
2,1120,128.800000,10000.000000,1,1,7483385,1021,68,1021,68,1,8,23
2,1120,128.800000,10000.000000,1,1,7483399,1129,68,1129,68,1,8,23
2,1120,128.800000,10000.000000,1,1,7483412,1210,67,1210,67,1,8,23
2,1120,128.800000,10000.000000,1,1,7483426,1275,62,1275,62,1,8,23
2,1120,128.800000,10000.000000,1,1,7483439,1312,58,1312,58,1,8,23
2,1120,128.800000,10000.000000,1,1,7483453,1338,53,1338,53,1,8,23
2,1120,128.800000,10000.000000,1,1,7483466,1356,49,1356,49,1,8,23
2,1120,128.800000,10000.000000,1,1,7483480,1366,46,1366,46,1,8,23
2,1120,128.800000,10000.000000,1,1,7483493,1374,44,1374,44,1,8,23
2,1120,128.800000,10000.000000,1,1,7483508,1379,43,1379,43,1,8,23
2,1120,128.800000,10000.000000,1,1,7483521,1384,40,1384,40,1,8,23
2,1120,128.800000,10000.000000,1,1,7483535,1389,37,1389,37,1,8,23
2,1120,128.800000,10000.000000,1,1,7483550,1394,35,1394,35,1,8,23
2,1120,128.800000,10000.000000,1,1,7483565,1401,33,1401,33,1,8,23
2,1120,128.800000,10000.000000,1,1,7483578,1407,30,1407,30,1,8,23
2,1120,128.800000,10000.000000,1,1,7483591,1410,27,1410,27,1,8,23
2,1120,128.800000,10000.000000,1,1,7483605,1411,25,1411,25,1,8,23
2,1120,128.800000,10000.000000,1,1,7483618,1413,22,1413,22,1,8,23
2,1120,128.800000,10000.000000,1,1,7483632,1419,18,1419,18,1,8,23
2,1120,128.800000,10000.000000,1,1,7483646,1426,15,1426,15,1,8,23
2,1120,128.800000,10000.000000,1,1,7483661,1435,11,1435,11,1,8,23
2,1120,128.800000,10000.000000,1,1,7483675,1445,8,1445,8,1,8,23
2,1120,128.800000,10000.000000,1,1,7483688,1454,6,1454,6,1,8,23
2,1120,128.800000,10000.000000,1,1,7483702,1464,3,1464,3,1,8,23
2,1120,128.800000,10000.000000,1,1,7483716,1474,1,1474,1,1,8,23
2,1120,128.800000,10000.000000,1,1,7483729,1483,0,1483,-1,1,8,23
2,1120,128.800000,10000.000000,1,1,7483742,1490,0,1490,-3,1,8,23
2,1120,128.800000,10000.000000,1,1,7483756,1494,0,1494,-5,1,8,23
2,1120,128.800000,10000.000000,1,1,7483769,1495,0,1495,-6,1,8,23
2,1120,128.800000,10000.000000,1,1,7483782,1495,0,1495,-7,1,8,23
2,1120,128.800000,10000.000000,1,1,7483795,1495,0,1495,-7,1,8,23
2,1120,128.800000,10000.000000,1,1,7483809,1495,0,1495,-7,1,8,23
2,1120,128.800000,10000.000000,1,1,7483822,1495,0,1495,-7,1,8,23
2,1120,128.800000,10000.000000,1,1,7483835,1495,0,1495,-7,0,8,23
