2,560,128.800000,19.096000,0,0,7577322,680,0,680,0,0,8,87
2,560,128.800000,19.096000,0,0,7577323,680,0,680,0,0,8,87
2,560,128.800000,19.096000,0,0,7577336,683,0,683,0,0,8,87
2,560,128.800000,19.096000,0,0,7577349,686,0,686,0,0,8,87
2,560,128.800000,19.096000,0,0,7577364,690,0,690,0,0,8,87
2,560,128.800000,19.096000,0,0,7577378,699,0,699,0,0,8,87
2,560,128.800000,19.096000,0,0,7577392,710,0,710,0,0,8,87
2,560,128.800000,19.096000,0,0,7577406,731,1,731,1,0,8,87
2,560,128.800000,19.096000,0,0,7577420,758,1,758,1,0,8,87
2,560,128.800000,19.096000,0,0,7577434,801,1,801,1,0,8,87
2,560,128.800000,19.096000,0,0,7577449,849,2,849,2,0,8,87
2,560,128.800000,19.096000,0,0,7577463,911,4,911,4,0,8,87
2,560,128.800000,19.096000,0,0,7577476,972,6,972,6,0,8,87
2,560,128.800000,19.096000,0,0,7577490,1028,7,1028,7,0,8,87
2,560,128.800000,19.096000,0,0,7577503,1088,7,1088,7,0,8,87
2,560,128.800000,19.096000,0,0,7577516,1129,7,1129,7,0,8,87
2,560,128.800000,19.096000,0,0,7577530,1161,6,1161,6,0,8,87
2,560,128.800000,19.096000,0,0,7577545,1183,5,1183,5,0,8,87
2,560,128.800000,19.096000,0,0,7577558,1192,3,1192,3,0,8,87
2,560,128.800000,19.096000,0,0,7577570,1196,2,1196,2,0,8,87
2,560,128.800000,19.096000,0,0,7577583,1197,2,1197,2,0,8,87
2,560,128.800000,19.096000,0,0,7577597,1197,2,1197,2,0,8,87
2,560,128.800000,19.096000,0,0,7577611,1197,2,1197,2,0,8,87
2,560,128.800000,19.096000,0,0,7577625,1197,2,1197,2,0,8,87
2,560,128.800000,19.096000,0,0,7577638,1197,2,1197,2,0,8,87
2,560,128.800000,19.096000,0,0,7577651,1197,1,1197,1,0,8,87
2,560,128.800000,19.096000,0,0,7577664,1198,1,1198,1,0,8,87
2,560,128.800000,19.096000,0,0,7577678,1201,0,1201,0,0,8,87
2,560,128.800000,19.096000,0,0,7577691,1204,0,1204,-1,0,8,87
2,560,128.800000,19.096000,0,0,7577705,1208,0,1208,-2,0,8,87
2,560,128.800000,19.096000,0,0,7577718,1209,0,1209,-3,0,8,87
2,560,128.800000,19.096000,0,0,7577731,1209,0,1209,-4,0,8,87
2,560,128.800000,19.096000,0,0,7577743,1209,0,1209,-4,0,8,87
2,560,128.800000,19.096000,0,0,7577757,1209,0,1209,-4,0,8,87
2,560,128.800000,19.096000,0,0,7577769,1209,0,1209,-4,0,8,87
2,560,128.800000,19.096000,0,0,7577783,1209,0,1209,-4,0,8,87
