1,700,21.600000,42.984000,1,1,1409988454,610,22,610,22,0,0,19
1,700,21.600000,42.984000,1,1,1409988455,610,22,610,22,0,0,19
1,700,21.600000,42.984000,1,1,1409988461,610,22,610,22,0,0,19
1,700,21.600000,42.984000,1,1,1409988467,610,22,610,22,0,0,19
1,700,21.600000,42.984000,1,1,1409988472,610,22,610,22,0,0,19
1,700,21.600000,42.984000,1,1,1409988477,610,22,610,22,0,0,19
1,700,21.600000,42.984000,1,1,1409988483,610,22,610,22,0,0,19
1,700,21.600000,42.984000,1,1,1409988489,611,22,611,22,0,0,19
1,700,21.600000,42.984000,1,1,1409988496,614,21,614,21,0,0,19
1,700,21.600000,42.984000,1,1,1409988502,619,20,619,20,0,0,19
1,700,21.600000,42.984000,1,1,1409988508,627,19,627,19,0,0,19
1,700,21.600000,42.984000,1,1,1409988515,638,18,638,18,0,0,19
1,700,21.600000,42.984000,1,1,1409988521,650,17,650,17,0,0,19
1,700,21.600000,42.984000,1,1,1409988526,667,16,667,16,0,0,19
1,700,21.600000,42.984000,1,1,1409988532,687,16,687,16,0,0,19
1,700,21.600000,42.984000,1,1,1409988538,707,16,707,16,0,0,19
1,700,21.600000,42.984000,1,1,1409988543,724,15,724,15,0,0,19
1,700,21.600000,42.984000,1,1,1409988549,747,15,747,15,0,0,19
1,700,21.600000,42.984000,1,1,1409988555,781,15,781,15,0,0,19
1,700,21.600000,42.984000,1,1,1409988561,809,14,809,14,0,0,19
1,700,21.600000,42.984000,1,1,1409988566,839,13,839,13,0,0,19
1,700,21.600000,42.984000,1,1,1409988572,868,12,868,12,0,0,19
1,700,21.600000,42.984000,1,1,1409988578,899,11,899,11,0,0,19
1,700,21.600000,42.984000,1,1,1409988583,930,10,930,10,0,0,19
1,700,21.600000,42.984000,1,1,1409988589,960,9,960,9,0,0,19
1,700,21.600000,42.984000,1,1,1409988595,989,7,989,7,0,0,19
1,700,21.600000,42.984000,1,1,1409988600,1019,4,1019,4,0,0,19
1,700,21.600000,42.984000,1,1,1409988606,1048,1,1048,1,0,0,19
1,700,21.600000,42.984000,1,1,1409988613,1070,0,1070,-1,0,0,19
1,700,21.600000,42.984000,1,1,1409988619,1115,0,1115,-6,0,0,19
1,700,21.600000,42.984000,1,1,1409988624,1143,0,1143,-8,0,0,19
1,700,21.600000,42.984000,1,1,1409988630,1169,0,1169,-10,0,0,19
1,700,21.600000,42.984000,1,1,1409988636,1186,0,1186,-12,0,0,19
1,700,21.600000,42.984000,1,1,1409988642,1211,0,1211,-14,0,0,19
1,700,21.600000,42.984000,1,1,1409988647,1234,0,1234,-16,0,0,19
1,700,21.600000,42.984000,1,1,1409988653,1246,0,1246,-17,0,0,19
1,700,21.600000,42.984000,1,1,1409988658,1263,0,1263,-19,0,0,19
1,700,21.600000,42.984000,1,1,1409988664,1276,0,1276,-20,0,0,19
1,700,21.600000,42.984000,1,1,1409988669,1288,0,1288,-21,0,0,19
1,700,21.600000,42.984000,1,1,1409988675,1296,0,1296,-22,0,0,19
1,700,21.600000,42.984000,1,1,1409988682,1303,0,1303,-23,0,0,19
1,700,21.600000,42.984000,1,1,1409988687,1309,0,1309,-24,0,0,19
1,700,21.600000,42.984000,1,1,1409988693,1313,0,1313,-25,0,0,19
1,700,21.600000,42.984000,1,1,1409988699,1316,0,1316,-26,0,0,19
1,700,21.600000,42.984000,1,1,1409988704,1317,0,1317,-26,0,0,19
1,700,21.600000,42.984000,1,1,1409988710,1319,0,1319,-26,0,0,19
1,700,21.600000,42.984000,1,1,1409988716,1321,0,1321,-26,0,0,19
1,700,21.600000,42.984000,1,1,1409988721,1321,0,1321,-26,0,0,19
1,700,21.600000,42.984000,1,1,1409988727,1321,0,1321,-26,0,0,19
1,700,21.600000,42.984000,1,1,1409988733,1321,0,1321,-26,0,0,19
1,700,21.600000,42.984000,1,1,1409988739,1321,0,1321,-26,0,0,19
1,700,21.600000,42.984000,1,1,1409988744,1321,0,1321,-26,0,0,19
1,700,21.600000,42.984000,1,1,1409988750,1321,0,1321,-26,0,0,19
1,700,21.600000,42.984000,1,1,1409988756,1321,0,1321,-26,0,0,19
1,700,21.600000,42.984000,1,1,1409988761,1321,0,1321,-26,0,0,19
1,700,21.600000,42.984000,1,1,1409988767,1321,0,1321,-26,0,0,19
1,700,21.600000,42.984000,1,1,1409988773,1321,0,1321,-26,0,0,19
1,700,21.600000,42.984000,1,1,1409988778,1321,0,1321,-26,0,0,19
1,700,21.600000,42.984000,1,1,1409988784,1321,0,1321,-26,0,0,19
1,700,21.600000,42.984000,1,1,1409988789,1321,0,1321,-26,0,0,19
1,700,21.600000,42.984000,1,1,1409988796,1321,0,1321,-26,0,0,19
1,700,21.600000,42.984000,1,1,1409988802,1321,0,1321,-26,0,0,19
1,700,21.600000,42.984000,1,1,1409988808,1321,0,1321,-26,0,0,19
1,700,21.600000,42.984000,1,1,1409988814,1321,0,1321,-26,0,0,19
1,700,21.600000,42.984000,1,1,1409988819,1321,0,1321,-26,0,0,19
1,700,21.600000,42.984000,1,1,1409988825,1321,0,1321,-26,0,0,19
1,700,21.600000,42.984000,1,1,1409988831,1321,0,1321,-26,0,0,19
1,700,21.600000,42.984000,1,1,1409988836,1322,0,1322,-26,0,0,19
1,700,21.600000,42.984000,1,1,1409988842,1323,0,1323,-26,0,0,19
1,700,21.600000,42.984000,1,1,1409988848,1324,0,1324,-26,0,0,19
1,700,21.600000,42.984000,1,1,1409988853,1325,0,1325,-26,0,0,19
1,700,21.600000,42.984000,1,1,1409988859,1326,0,1326,-26,0,0,19
1,700,21.600000,42.984000,1,1,1409988864,1327,0,1327,-26,0,0,19
1,700,21.600000,42.984000,1,1,1409988870,1327,0,1327,-26,0,0,19
1,700,21.600000,42.984000,1,1,1409988875,1327,0,1327,-26,0,0,19
1,700,21.600000,42.984000,1,1,1409988881,1327,0,1327,-26,0,0,19
1,700,21.600000,42.984000,1,1,1409988887,1327,0,1327,-26,0,0,19
1,700,21.600000,42.984000,1,1,1409988892,1327,0,1327,-26,0,0,19
1,700,21.600000,42.984000,1,1,1409988898,1327,0,1327,-26,0,0,19
1,700,21.600000,42.984000,1,1,1409988904,1327,0,1327,-26,0,0,19
1,700,21.600000,42.984000,1,1,1409988909,1327,0,1327,-26,0,0,19
1,700,21.600000,42.984000,1,1,1409988914,1327,0,1327,-26,0,0,19
1,700,21.600000,42.984000,1,1,1409988920,1327,0,1327,-26,0,0,19
1,700,21.600000,42.984000,1,1,1409988926,1327,0,1327,-26,0,0,19
1,700,21.600000,42.984000,1,1,1409988931,1327,0,1327,-26,0,0,19
1,700,21.600000,42.984000,1,1,1409988937,1327,0,1327,-26,0,0,19
1,700,21.600000,42.984000,1,1,1409988943,1327,0,1327,-26,0,0,19
1,700,21.600000,42.984000,1,1,1409988949,1327,0,1327,-26,0,0,19
1,700,21.600000,42.984000,1,1,1409988954,1327,0,1327,-26,0,0,19
1,700,21.600000,42.984000,1,1,1409988960,1327,0,1327,-26,0,0,19
1,700,21.600000,42.984000,1,1,1409988965,1327,0,1327,-26,0,0,19
1,700,21.600000,42.984000,1,1,1409988971,1327,0,1327,-26,0,0,19
1,700,21.600000,42.984000,1,1,1409988976,1327,0,1327,-26,0,0,19
1,700,21.600000,42.984000,1,1,1409988981,1327,0,1327,-26,0,0,19
1,700,21.600000,42.984000,1,1,1409988987,1327,0,1327,-26,0,0,19
1,700,21.600000,42.984000,1,1,1409988993,1327,0,1327,-26,0,0,19
1,700,21.600000,42.984000,1,1,1409988999,1326,0,1326,-26,0,0,19
1,700,21.600000,42.984000,1,1,1409989005,1326,0,1326,-26,0,0,19
1,700,21.600000,42.984000,1,1,1409989010,1326,0,1326,-26,0,0,19
1,700,21.600000,42.984000,1,1,1409989016,1325,0,1325,-26,0,0,19
1,700,21.600000,42.984000,1,1,1409989022,1324,0,1324,-26,0,0,19
1,700,21.600000,42.984000,1,1,1409989027,1323,0,1323,-26,0,0,19
1,700,21.600000,42.984000,1,1,1409989033,1322,1,1322,-25,0,0,19
1,700,21.600000,42.984000,1,1,1409989038,1321,1,1321,-25,0,0,19
1,700,21.600000,42.984000,1,1,1409989044,1320,1,1320,-25,0,0,19
1,700,21.600000,42.984000,1,1,1409989050,1319,1,1319,-25,0,0,19
1,700,21.600000,42.984000,1,1,1409989055,1319,1,1319,-25,0,0,19
1,700,21.600000,42.984000,1,1,1409989061,1318,1,1318,-25,0,0,19
1,700,21.600000,42.984000,1,1,1409989067,1317,1,1317,-25,0,0,19
1,700,21.600000,42.984000,1,1,1409989072,1316,1,1316,-25,0,0,19
1,700,21.600000,42.984000,1,1,1409989078,1315,1,1315,-25,0,0,19
1,700,21.600000,42.984000,1,1,1409989084,1314,1,1314,-25,0,0,19
1,700,21.600000,42.984000,1,1,1409989089,1314,1,1314,-25,0,0,19
1,700,21.600000,42.984000,1,1,1409989095,1314,1,1314,-25,0,0,19
1,700,21.600000,42.984000,1,1,1409989100,1314,1,1314,-25,0,0,19
1,700,21.600000,42.984000,1,1,1409989106,1314,1,1314,-25,0,0,19
1,700,21.600000,42.984000,1,1,1409989111,1314,1,1314,-25,0,0,19
1,700,21.600000,42.984000,1,1,1409989117,1314,1,1314,-25,0,0,19
1,700,21.600000,42.984000,1,1,1409989122,1314,1,1314,-25,0,0,19
1,700,21.600000,42.984000,1,1,1409989128,1314,1,1314,-25,0,0,19
1,700,21.600000,42.984000,1,1,1409989134,1314,1,1314,-25,0,0,19
1,700,21.600000,42.984000,1,1,1409989139,1314,1,1314,-25,0,0,19
1,700,21.600000,42.984000,1,1,1409989145,1314,1,1314,-25,0,0,19
1,700,21.600000,42.984000,1,1,1409989150,1314,1,1314,-25,0,0,19
1,700,21.600000,42.984000,1,1,1409989156,1314,1,1314,-25,0,0,19
1,700,21.600000,42.984000,1,1,1409989161,1314,1,1314,-25,0,0,19
1,700,21.600000,42.984000,1,1,1409989167,1314,1,1314,-25,0,0,19
1,700,21.600000,42.984000,1,1,1409989173,1314,1,1314,-25,0,0,19
1,700,21.600000,42.984000,1,1,1409989178,1314,1,1314,-25,0,0,19
1,700,21.600000,42.984000,1,1,1409989184,1314,1,1314,-25,0,0,19
1,700,21.600000,42.984000,1,1,1409989189,1314,1,1314,-25,0,0,19
1,700,21.600000,42.984000,1,1,1409989197,1314,1,1314,-25,0,0,19
1,700,21.600000,42.984000,1,1,1409989202,1314,1,1314,-25,0,0,19
1,700,21.600000,42.984000,1,1,1409989209,1314,1,1314,-25,0,0,19
1,700,21.600000,42.984000,1,1,1409989214,1314,1,1314,-25,0,0,19
1,700,21.600000,42.984000,1,1,1409989220,1314,1,1314,-25,0,0,19
1,700,21.600000,42.984000,1,1,1409989226,1314,1,1314,-25,0,0,19
1,700,21.600000,42.984000,1,1,1409989232,1314,1,1314,-25,0,0,19
1,700,21.600000,42.984000,1,1,1409989237,1314,1,1314,-25,0,0,19
1,700,21.600000,42.984000,1,1,1409989256,1314,1,1314,-25,0,0,19
