1,350,82.800000,0.000000,0,0,1410338317,785,0,785,0,0,1,108
1,350,82.800000,0.000000,0,0,1410338318,785,0,785,0,0,1,108
1,350,82.800000,0.000000,0,0,1410338324,785,0,785,0,0,1,108
1,350,82.800000,0.000000,0,0,1410338330,785,0,785,0,0,1,108
1,350,82.800000,0.000000,0,0,1410338335,785,0,785,0,0,1,108
1,350,82.800000,0.000000,0,0,1410338341,785,0,785,0,0,1,108
1,350,82.800000,0.000000,0,0,1410338346,785,0,785,0,0,1,108
1,350,82.800000,0.000000,0,0,1410338352,785,0,785,0,0,1,108
1,350,82.800000,0.000000,0,0,1410338357,785,0,785,0,0,1,108
1,350,82.800000,0.000000,0,0,1410338363,785,0,785,0,0,1,108
1,350,82.800000,0.000000,0,0,1410338368,785,0,785,0,0,1,108
1,350,82.800000,0.000000,0,0,1410338374,785,0,785,0,0,1,108
1,350,82.800000,0.000000,0,0,1410338380,785,0,785,0,0,1,108
1,350,82.800000,0.000000,0,0,1410338386,786,0,786,0,0,1,108
1,350,82.800000,0.000000,0,0,1410338392,788,0,788,0,0,1,108
1,350,82.800000,0.000000,0,0,1410338398,794,0,794,0,0,1,108
1,350,82.800000,0.000000,0,0,1410338404,802,0,802,0,0,1,108
1,350,82.800000,0.000000,0,0,1410338410,815,0,815,-1,0,1,108
1,350,82.800000,0.000000,0,0,1410338415,825,0,825,-1,0,1,108
1,350,82.800000,0.000000,0,0,1410338421,841,0,841,-1,0,1,108
1,350,82.800000,0.000000,0,0,1410338427,860,0,860,-2,0,1,108
1,350,82.800000,0.000000,0,0,1410338433,877,0,877,-2,0,1,108
1,350,82.800000,0.000000,0,0,1410338439,896,0,896,-3,0,1,108
1,350,82.800000,0.000000,0,0,1410338445,913,0,913,-4,0,1,108
1,350,82.800000,0.000000,0,0,1410338451,938,0,938,-5,0,1,108
1,350,82.800000,0.000000,0,0,1410338456,959,0,959,-6,0,1,108
1,350,82.800000,0.000000,0,0,1410338462,980,0,980,-7,0,1,108
1,350,82.800000,0.000000,0,0,1410338468,999,0,999,-9,0,1,108
1,350,82.800000,0.000000,0,0,1410338473,1018,0,1018,-10,0,1,108
1,350,82.800000,0.000000,0,0,1410338478,1037,0,1037,-11,0,1,108
1,350,82.800000,0.000000,0,0,1410338484,1054,0,1054,-12,0,1,108
1,350,82.800000,0.000000,0,0,1410338490,1071,0,1071,-13,0,1,108
1,350,82.800000,0.000000,0,0,1410338496,1084,0,1084,-14,0,1,108
1,350,82.800000,0.000000,0,0,1410338501,1096,0,1096,-15,0,1,108
1,350,82.800000,0.000000,0,0,1410338507,1110,0,1110,-16,0,1,108
1,350,82.800000,0.000000,0,0,1410338513,1121,0,1121,-17,0,1,108
1,350,82.800000,0.000000,0,0,1410338519,1132,0,1132,-18,0,1,108
1,350,82.800000,0.000000,0,0,1410338524,1140,0,1140,-18,0,1,108
1,350,82.800000,0.000000,0,0,1410338530,1147,0,1147,-19,0,1,108
1,350,82.800000,0.000000,0,0,1410338536,1150,0,1150,-19,0,1,108
1,350,82.800000,0.000000,0,0,1410338541,1153,0,1153,-20,0,1,108
1,350,82.800000,0.000000,0,0,1410338547,1155,0,1155,-20,0,1,108
1,350,82.800000,0.000000,0,0,1410338552,1158,0,1158,-20,0,1,108
1,350,82.800000,0.000000,0,0,1410338558,1161,0,1161,-20,0,1,108
1,350,82.800000,0.000000,0,0,1410338564,1161,0,1161,-20,0,1,108
1,350,82.800000,0.000000,0,0,1410338569,1161,0,1161,-20,0,1,108
1,350,82.800000,0.000000,0,0,1410338575,1161,0,1161,-20,0,1,108
1,350,82.800000,0.000000,0,0,1410338581,1161,0,1161,-20,0,1,108
1,350,82.800000,0.000000,0,0,1410338586,1161,0,1161,-20,0,1,108
1,350,82.800000,0.000000,0,0,1410338592,1161,0,1161,-20,0,1,108
1,350,82.800000,0.000000,0,0,1410338597,1161,0,1161,-20,0,1,108
1,350,82.800000,0.000000,0,0,1410338603,1161,0,1161,-20,0,1,108
1,350,82.800000,0.000000,0,0,1410338609,1161,0,1161,-20,0,1,108
1,350,82.800000,0.000000,0,0,1410338615,1161,0,1161,-20,0,1,108
1,350,82.800000,0.000000,0,0,1410338620,1161,0,1161,-20,0,1,108
1,350,82.800000,0.000000,0,0,1410338626,1161,0,1161,-20,0,1,108
1,350,82.800000,0.000000,0,0,1410338631,1161,0,1161,-20,0,1,108
1,350,82.800000,0.000000,0,0,1410338637,1161,0,1161,-20,0,1,108
1,350,82.800000,0.000000,0,0,1410338643,1161,0,1161,-20,0,1,108
1,350,82.800000,0.000000,0,0,1410338649,1161,0,1161,-20,0,1,108
1,350,82.800000,0.000000,0,0,1410338654,1161,0,1161,-20,0,1,108
1,350,82.800000,0.000000,0,0,1410338660,1161,0,1161,-20,0,1,108
1,350,82.800000,0.000000,0,0,1410338665,1161,0,1161,-20,0,1,108
1,350,82.800000,0.000000,0,0,1410338671,1161,0,1161,-20,0,1,108
1,350,82.800000,0.000000,0,0,1410338677,1161,0,1161,-20,0,1,108
1,350,82.800000,0.000000,0,0,1410338683,1161,0,1161,-20,0,1,108
1,350,82.800000,0.000000,0,0,1410338689,1161,0,1161,-20,0,1,108
1,350,82.800000,0.000000,0,0,1410338695,1161,0,1161,-20,0,1,108
1,350,82.800000,0.000000,0,0,1410338701,1161,0,1161,-20,0,1,108
1,350,82.800000,0.000000,0,0,1410338706,1161,0,1161,-20,0,1,108
1,350,82.800000,0.000000,0,0,1410338712,1161,0,1161,-20,0,1,108
1,350,82.800000,0.000000,0,0,1410338717,1161,0,1161,-20,0,1,108
1,350,82.800000,0.000000,0,0,1410338723,1161,0,1161,-20,0,1,108
1,350,82.800000,0.000000,0,0,1410338728,1161,0,1161,-20,0,1,108
1,350,82.800000,0.000000,0,0,1410338734,1161,0,1161,-20,0,1,108
1,350,82.800000,0.000000,0,0,1410338740,1161,0,1161,-20,0,1,108
1,350,82.800000,0.000000,0,0,1410338745,1161,0,1161,-20,0,1,108
1,350,82.800000,0.000000,0,0,1410338751,1161,0,1161,-20,0,1,108
1,350,82.800000,0.000000,0,0,1410338757,1161,0,1161,-20,0,1,108
1,350,82.800000,0.000000,0,0,1410338763,1161,0,1161,-20,0,1,108
1,350,82.800000,0.000000,0,0,1410338768,1161,0,1161,-20,0,1,108
1,350,82.800000,0.000000,0,0,1410338774,1161,0,1161,-20,0,1,108
1,350,82.800000,0.000000,0,0,1410338779,1161,0,1161,-20,0,1,108
1,350,82.800000,0.000000,0,0,1410338785,1161,0,1161,-20,0,1,108
1,350,82.800000,0.000000,0,0,1410338790,1161,0,1161,-20,0,1,108
1,350,82.800000,0.000000,0,0,1410338796,1161,0,1161,-20,0,1,108
1,350,82.800000,0.000000,0,0,1410338801,1161,0,1161,-20,0,1,108
1,350,82.800000,0.000000,0,0,1410338807,1161,0,1161,-20,0,1,108
1,350,82.800000,0.000000,0,0,1410338813,1161,0,1161,-20,0,1,108
1,350,82.800000,0.000000,0,0,1410338818,1161,0,1161,-20,0,1,108
1,350,82.800000,0.000000,0,0,1410338824,1161,0,1161,-20,0,1,108
1,350,82.800000,0.000000,0,0,1410338829,1161,0,1161,-20,0,1,108
1,350,82.800000,0.000000,0,0,1410338835,1161,0,1161,-20,0,1,108
1,350,82.800000,0.000000,0,0,1410338840,1161,0,1161,-20,0,1,108
1,350,82.800000,0.000000,0,0,1410338846,1161,0,1161,-20,0,1,108
1,350,82.800000,0.000000,0,0,1410338851,1161,0,1161,-20,0,1,108
1,350,82.800000,0.000000,0,0,1410338857,1161,0,1161,-20,0,1,108
1,350,82.800000,0.000000,0,0,1410338862,1161,0,1161,-20,0,1,108
1,350,82.800000,0.000000,0,0,1410338868,1161,0,1161,-20,0,1,108
1,350,82.800000,0.000000,0,0,1410338873,1161,0,1161,-20,0,1,108
1,350,82.800000,0.000000,0,0,1410338879,1161,0,1161,-20,0,1,108
1,350,82.800000,0.000000,0,0,1410338885,1161,0,1161,-20,0,1,108
1,350,82.800000,0.000000,0,0,1410338904,1161,0,1161,-20,0,1,108
