1,700,50.400000,0.000000,1,0,1410362392,610,0,610,0,0,2,2
1,700,50.400000,0.000000,1,0,1410362393,610,0,610,0,0,2,2
1,700,50.400000,0.000000,1,0,1410362399,610,0,610,0,0,2,2
1,700,50.400000,0.000000,1,0,1410362405,610,0,610,0,0,2,2
1,700,50.400000,0.000000,1,0,1410362410,610,0,610,0,0,2,2
1,700,50.400000,0.000000,1,0,1410362416,610,0,610,0,0,2,2
1,700,50.400000,0.000000,1,0,1410362421,610,0,610,0,0,2,2
1,700,50.400000,0.000000,1,0,1410362427,610,0,610,0,0,2,2
1,700,50.400000,0.000000,1,0,1410362433,610,0,610,0,0,2,2
1,700,50.400000,0.000000,1,0,1410362439,610,0,610,0,0,2,2
1,700,50.400000,0.000000,1,0,1410362445,610,0,610,0,0,2,2
1,700,50.400000,0.000000,1,0,1410362450,610,0,610,0,0,2,2
1,700,50.400000,0.000000,1,0,1410362456,610,0,610,0,0,2,2
1,700,50.400000,0.000000,1,0,1410362461,610,0,610,0,0,2,2
1,700,50.400000,0.000000,1,0,1410362467,611,0,611,0,0,2,2
1,700,50.400000,0.000000,1,0,1410362472,614,0,614,0,0,2,2
1,700,50.400000,0.000000,1,0,1410362479,619,0,619,0,0,2,2
1,700,50.400000,0.000000,1,0,1410362484,629,0,629,0,0,2,2
1,700,50.400000,0.000000,1,0,1410362490,638,0,638,0,0,2,2
1,700,50.400000,0.000000,1,0,1410362498,648,0,648,0,0,2,2
1,700,50.400000,0.000000,1,0,1410362505,667,0,667,-1,0,2,2
1,700,50.400000,0.000000,1,0,1410362512,688,0,688,-1,0,2,2
1,700,50.400000,0.000000,1,0,1410362517,711,0,711,-1,0,2,2
1,700,50.400000,0.000000,1,0,1410362523,734,0,734,-2,0,2,2
1,700,50.400000,0.000000,1,0,1410362529,757,0,757,-2,0,2,2
1,700,50.400000,0.000000,1,0,1410362535,782,0,782,-2,0,2,2
1,700,50.400000,0.000000,1,0,1410362541,809,0,809,-2,0,2,2
1,700,50.400000,0.000000,1,0,1410362547,838,0,838,-3,0,2,2
1,700,50.400000,0.000000,1,0,1410362553,869,0,869,-4,0,2,2
1,700,50.400000,0.000000,1,0,1410362559,906,0,906,-5,0,2,2
1,700,50.400000,0.000000,1,0,1410362565,940,0,940,-5,0,2,2
1,700,50.400000,0.000000,1,0,1410362571,977,0,977,-6,0,2,2
1,700,50.400000,0.000000,1,0,1410362577,1011,0,1011,-7,0,2,2
1,700,50.400000,0.000000,1,0,1410362583,1053,0,1053,-9,0,2,2
1,700,50.400000,0.000000,1,0,1410362589,1087,0,1087,-10,0,2,2
1,700,50.400000,0.000000,1,0,1410362594,1119,0,1119,-12,0,2,2
1,700,50.400000,0.000000,1,0,1410362600,1149,0,1149,-13,0,2,2
1,700,50.400000,0.000000,1,0,1410362605,1177,0,1177,-15,0,2,2
1,700,50.400000,0.000000,1,0,1410362611,1203,0,1203,-17,0,2,2
1,700,50.400000,0.000000,1,0,1410362617,1228,0,1228,-19,0,2,2
1,700,50.400000,0.000000,1,0,1410362623,1250,0,1250,-20,0,2,2
1,700,50.400000,0.000000,1,0,1410362629,1265,0,1265,-21,0,2,2
1,700,50.400000,0.000000,1,0,1410362634,1279,0,1279,-22,0,2,2
1,700,50.400000,0.000000,1,0,1410362640,1292,0,1292,-23,0,2,2
1,700,50.400000,0.000000,1,0,1410362646,1300,0,1300,-24,0,2,2
1,700,50.400000,0.000000,1,0,1410362651,1306,0,1306,-24,0,2,2
1,700,50.400000,0.000000,1,0,1410362657,1309,0,1309,-24,0,2,2
1,700,50.400000,0.000000,1,0,1410362662,1309,0,1309,-24,0,2,2
1,700,50.400000,0.000000,1,0,1410362668,1309,0,1309,-24,0,2,2
1,700,50.400000,0.000000,1,0,1410362674,1309,0,1309,-24,0,2,2
1,700,50.400000,0.000000,1,0,1410362680,1309,0,1309,-24,0,2,2
1,700,50.400000,0.000000,1,0,1410362685,1308,0,1308,-24,0,2,2
1,700,50.400000,0.000000,1,0,1410362692,1306,0,1306,-24,0,2,2
1,700,50.400000,0.000000,1,0,1410362697,1304,1,1304,-23,0,2,2
1,700,50.400000,0.000000,1,0,1410362703,1302,1,1302,-23,0,2,2
1,700,50.400000,0.000000,1,0,1410362709,1301,2,1301,-22,0,2,2
1,700,50.400000,0.000000,1,0,1410362714,1300,2,1300,-22,0,2,2
1,700,50.400000,0.000000,1,0,1410362719,1299,2,1299,-22,0,2,2
1,700,50.400000,0.000000,1,0,1410362725,1298,2,1298,-22,0,2,2
1,700,50.400000,0.000000,1,0,1410362731,1298,2,1298,-22,0,2,2
1,700,50.400000,0.000000,1,0,1410362737,1298,2,1298,-22,0,2,2
1,700,50.400000,0.000000,1,0,1410362743,1298,2,1298,-22,0,2,2
1,700,50.400000,0.000000,1,0,1410362748,1298,2,1298,-22,0,2,2
1,700,50.400000,0.000000,1,0,1410362754,1298,2,1298,-22,0,2,2
1,700,50.400000,0.000000,1,0,1410362759,1298,2,1298,-22,0,2,2
1,700,50.400000,0.000000,1,0,1410362765,1298,2,1298,-22,0,2,2
1,700,50.400000,0.000000,1,0,1410362771,1298,2,1298,-22,0,2,2
1,700,50.400000,0.000000,1,0,1410362777,1298,2,1298,-22,0,2,2
1,700,50.400000,0.000000,1,0,1410362782,1298,2,1298,-22,0,2,2
1,700,50.400000,0.000000,1,0,1410362788,1298,2,1298,-22,0,2,2
1,700,50.400000,0.000000,1,0,1410362793,1298,2,1298,-22,0,2,2
1,700,50.400000,0.000000,1,0,1410362799,1298,2,1298,-22,0,2,2
1,700,50.400000,0.000000,1,0,1410362804,1298,2,1298,-22,0,2,2
1,700,50.400000,0.000000,1,0,1410362810,1298,2,1298,-22,0,2,2
1,700,50.400000,0.000000,1,0,1410362816,1298,2,1298,-22,0,2,2
1,700,50.400000,0.000000,1,0,1410362822,1298,2,1298,-22,0,2,2
1,700,50.400000,0.000000,1,0,1410362827,1298,2,1298,-22,0,2,2
1,700,50.400000,0.000000,1,0,1410362833,1298,2,1298,-22,0,2,2
1,700,50.400000,0.000000,1,0,1410362838,1298,2,1298,-22,0,2,2
1,700,50.400000,0.000000,1,0,1410362844,1298,2,1298,-22,0,2,2
1,700,50.400000,0.000000,1,0,1410362849,1298,2,1298,-22,0,2,2
1,700,50.400000,0.000000,1,0,1410362855,1298,2,1298,-22,0,2,2
1,700,50.400000,0.000000,1,0,1410362861,1298,2,1298,-22,0,2,2
1,700,50.400000,0.000000,1,0,1410362867,1298,2,1298,-22,0,2,2
1,700,50.400000,0.000000,1,0,1410362873,1298,2,1298,-22,0,2,2
1,700,50.400000,0.000000,1,0,1410362878,1298,2,1298,-22,0,2,2
1,700,50.400000,0.000000,1,0,1410362884,1298,2,1298,-22,0,2,2
1,700,50.400000,0.000000,1,0,1410362890,1298,2,1298,-22,0,2,2
1,700,50.400000,0.000000,1,0,1410362896,1298,2,1298,-22,0,2,2
1,700,50.400000,0.000000,1,0,1410362901,1298,2,1298,-22,0,2,2
1,700,50.400000,0.000000,1,0,1410362906,1298,2,1298,-22,0,2,2
1,700,50.400000,0.000000,1,0,1410362912,1298,2,1298,-22,0,2,2
1,700,50.400000,0.000000,1,0,1410362918,1298,2,1298,-22,0,2,2
1,700,50.400000,0.000000,1,0,1410362923,1298,2,1298,-22,0,2,2
1,700,50.400000,0.000000,1,0,1410362929,1298,2,1298,-22,0,2,2
1,700,50.400000,0.000000,1,0,1410362935,1298,2,1298,-22,0,2,2
1,700,50.400000,0.000000,1,0,1410362954,1298,2,1298,-22,0,2,2
