1,350,50.400000,12.276000,0,1,1410799148,785,22,785,22,0,4,14
1,350,50.400000,12.276000,0,1,1410799150,785,22,785,22,0,4,14
1,350,50.400000,12.276000,0,1,1410799155,785,22,785,22,0,4,14
1,350,50.400000,12.276000,0,1,1410799161,785,22,785,22,0,4,14
1,350,50.400000,12.276000,0,1,1410799167,785,22,785,22,0,4,14
1,350,50.400000,12.276000,0,1,1410799172,785,22,785,22,0,4,14
1,350,50.400000,12.276000,0,1,1410799178,785,22,785,22,0,4,14
1,350,50.400000,12.276000,0,1,1410799184,785,22,785,22,0,4,14
1,350,50.400000,12.276000,0,1,1410799190,785,22,785,22,0,4,14
1,350,50.400000,12.276000,0,1,1410799196,785,22,785,22,0,4,14
1,350,50.400000,12.276000,0,1,1410799201,785,22,785,22,0,4,14
1,350,50.400000,12.276000,0,1,1410799207,785,22,785,22,0,4,14
1,350,50.400000,12.276000,0,1,1410799213,786,22,786,22,0,4,14
1,350,50.400000,12.276000,0,1,1410799220,787,22,787,22,0,4,14
1,350,50.400000,12.276000,0,1,1410799226,790,23,790,23,0,4,14
1,350,50.400000,12.276000,0,1,1410799232,797,25,797,25,0,4,14
1,350,50.400000,12.276000,0,1,1410799238,803,26,803,26,0,4,14
1,350,50.400000,12.276000,0,1,1410799244,812,28,812,28,0,4,14
1,350,50.400000,12.276000,0,1,1410799250,825,30,825,30,0,4,14
1,350,50.400000,12.276000,0,1,1410799255,837,32,837,32,0,4,14
1,350,50.400000,12.276000,0,1,1410799261,857,34,857,34,0,4,14
1,350,50.400000,12.276000,0,1,1410799266,874,35,874,35,0,4,14
1,350,50.400000,12.276000,0,1,1410799272,895,37,895,37,0,4,14
1,350,50.400000,12.276000,0,1,1410799278,912,38,912,38,0,4,14
1,350,50.400000,12.276000,0,1,1410799283,930,38,930,38,0,4,14
1,350,50.400000,12.276000,0,1,1410799289,951,38,951,38,0,4,14
1,350,50.400000,12.276000,0,1,1410799295,975,39,975,39,0,4,14
1,350,50.400000,12.276000,0,1,1410799301,997,39,997,39,0,4,14
1,350,50.400000,12.276000,0,1,1410799306,1018,39,1018,39,0,4,14
1,350,50.400000,12.276000,0,1,1410799312,1033,39,1033,39,0,4,14
1,350,50.400000,12.276000,0,1,1410799318,1055,39,1055,39,0,4,14
1,350,50.400000,12.276000,0,1,1410799323,1072,39,1072,39,0,4,14
1,350,50.400000,12.276000,0,1,1410799329,1090,39,1090,39,0,4,14
1,350,50.400000,12.276000,0,1,1410799335,1103,39,1103,39,0,4,14
1,350,50.400000,12.276000,0,1,1410799341,1123,38,1123,38,0,4,14
1,350,50.400000,12.276000,0,1,1410799347,1137,37,1137,37,0,4,14
1,350,50.400000,12.276000,0,1,1410799352,1148,36,1148,36,0,4,14
1,350,50.400000,12.276000,0,1,1410799359,1156,34,1156,34,0,4,14
1,350,50.400000,12.276000,0,1,1410799365,1163,33,1163,33,0,4,14
1,350,50.400000,12.276000,0,1,1410799370,1166,32,1166,32,0,4,14
1,350,50.400000,12.276000,0,1,1410799376,1167,31,1167,31,0,4,14
1,350,50.400000,12.276000,0,1,1410799382,1168,30,1168,30,0,4,14
1,350,50.400000,12.276000,0,1,1410799387,1168,29,1168,29,0,4,14
1,350,50.400000,12.276000,0,1,1410799393,1168,28,1168,28,0,4,14
1,350,50.400000,12.276000,0,1,1410799399,1167,28,1167,28,0,4,14
1,350,50.400000,12.276000,0,1,1410799405,1165,28,1165,28,0,4,14
1,350,50.400000,12.276000,0,1,1410799410,1163,27,1163,27,0,4,14
1,350,50.400000,12.276000,0,1,1410799416,1160,27,1160,27,0,4,14
1,350,50.400000,12.276000,0,1,1410799422,1157,26,1157,26,0,4,14
1,350,50.400000,12.276000,0,1,1410799428,1155,26,1155,26,0,4,14
1,350,50.400000,12.276000,0,1,1410799434,1153,26,1153,26,0,4,14
1,350,50.400000,12.276000,0,1,1410799439,1151,26,1151,26,0,4,14
1,350,50.400000,12.276000,0,1,1410799445,1150,26,1150,26,0,4,14
1,350,50.400000,12.276000,0,1,1410799450,1148,25,1148,25,0,4,14
1,350,50.400000,12.276000,0,1,1410799456,1147,25,1147,25,0,4,14
1,350,50.400000,12.276000,0,1,1410799462,1146,25,1146,25,0,4,14
1,350,50.400000,12.276000,0,1,1410799467,1145,25,1145,25,0,4,14
1,350,50.400000,12.276000,0,1,1410799473,1145,24,1145,24,0,4,14
1,350,50.400000,12.276000,0,1,1410799479,1145,23,1145,23,0,4,14
1,350,50.400000,12.276000,0,1,1410799484,1144,23,1144,23,0,4,14
1,350,50.400000,12.276000,0,1,1410799490,1144,22,1144,22,0,4,14
1,350,50.400000,12.276000,0,1,1410799496,1144,21,1144,21,0,4,14
1,350,50.400000,12.276000,0,1,1410799502,1144,20,1144,20,0,4,14
1,350,50.400000,12.276000,0,1,1410799507,1144,19,1144,19,0,4,14
1,350,50.400000,12.276000,0,1,1410799512,1144,18,1144,18,0,4,14
1,350,50.400000,12.276000,0,1,1410799518,1144,17,1144,17,0,4,14
1,350,50.400000,12.276000,0,1,1410799524,1144,17,1144,17,0,4,14
1,350,50.400000,12.276000,0,1,1410799529,1144,16,1144,16,0,4,14
1,350,50.400000,12.276000,0,1,1410799535,1144,15,1144,15,0,4,14
1,350,50.400000,12.276000,0,1,1410799541,1144,14,1144,14,0,4,14
1,350,50.400000,12.276000,0,1,1410799546,1143,14,1143,14,0,4,14
1,350,50.400000,12.276000,0,1,1410799553,1142,13,1142,13,0,4,14
1,350,50.400000,12.276000,0,1,1410799559,1141,12,1141,12,0,4,14
1,350,50.400000,12.276000,0,1,1410799565,1140,12,1140,12,0,4,14
1,350,50.400000,12.276000,0,1,1410799570,1139,12,1139,12,0,4,14
1,350,50.400000,12.276000,0,1,1410799575,1138,12,1138,12,0,4,14
1,350,50.400000,12.276000,0,1,1410799582,1137,11,1137,11,0,4,14
1,350,50.400000,12.276000,0,1,1410799588,1137,11,1137,11,0,4,14
1,350,50.400000,12.276000,0,1,1410799593,1136,10,1136,10,0,4,14
1,350,50.400000,12.276000,0,1,1410799599,1135,9,1135,9,0,4,14
1,350,50.400000,12.276000,0,1,1410799605,1135,9,1135,9,0,4,14
1,350,50.400000,12.276000,0,1,1410799610,1135,9,1135,9,0,4,14
1,350,50.400000,12.276000,0,1,1410799616,1135,9,1135,9,0,4,14
1,350,50.400000,12.276000,0,1,1410799622,1135,9,1135,9,0,4,14
1,350,50.400000,12.276000,0,1,1410799627,1135,9,1135,9,0,4,14
1,350,50.400000,12.276000,0,1,1410799633,1135,9,1135,9,0,4,14
1,350,50.400000,12.276000,0,1,1410799638,1135,9,1135,9,0,4,14
1,350,50.400000,12.276000,0,1,1410799644,1135,9,1135,9,0,4,14
1,350,50.400000,12.276000,0,1,1410799663,1135,9,1135,9,0,4,14
