1,700,50.400000,10000.000000,1,1,1410928960,610,22,610,22,0,4,92
1,700,50.400000,10000.000000,1,1,1410928961,610,22,610,22,0,4,92
1,700,50.400000,10000.000000,1,1,1410928967,610,22,610,22,0,4,92
1,700,50.400000,10000.000000,1,1,1410928972,610,22,610,22,0,4,92
1,700,50.400000,10000.000000,1,1,1410928978,610,22,610,22,0,4,92
1,700,50.400000,10000.000000,1,1,1410928984,610,22,610,22,0,4,92
1,700,50.400000,10000.000000,1,1,1410928990,610,22,610,22,0,4,92
1,700,50.400000,10000.000000,1,1,1410928996,610,22,610,22,0,4,92
1,700,50.400000,10000.000000,1,1,1410929001,610,22,610,22,0,4,92
1,700,50.400000,10000.000000,1,1,1410929006,610,22,610,22,0,4,92
1,700,50.400000,10000.000000,1,1,1410929012,610,22,610,22,0,4,92
1,700,50.400000,10000.000000,1,1,1410929017,610,22,610,22,0,4,92
1,700,50.400000,10000.000000,1,1,1410929023,610,22,610,22,0,4,92
1,700,50.400000,10000.000000,1,1,1410929028,610,22,610,22,0,4,92
1,700,50.400000,10000.000000,1,1,1410929034,610,22,610,22,0,4,92
1,700,50.400000,10000.000000,1,1,1410929040,610,22,610,22,0,4,92
1,700,50.400000,10000.000000,1,1,1410929046,610,22,610,22,0,4,92
1,700,50.400000,10000.000000,1,1,1410929052,612,22,612,22,0,4,92
1,700,50.400000,10000.000000,1,1,1410929058,617,22,617,22,0,4,92
1,700,50.400000,10000.000000,1,1,1410929064,625,22,625,22,0,4,92
1,700,50.400000,10000.000000,1,1,1410929070,637,22,637,22,0,4,92
1,700,50.400000,10000.000000,1,1,1410929075,651,21,651,21,0,4,92
1,700,50.400000,10000.000000,1,1,1410929081,668,21,668,21,0,4,92
1,700,50.400000,10000.000000,1,1,1410929087,688,21,688,21,0,4,92
1,700,50.400000,10000.000000,1,1,1410929093,718,20,718,20,0,4,92
1,700,50.400000,10000.000000,1,1,1410929099,743,19,743,19,0,4,92
1,700,50.400000,10000.000000,1,1,1410929104,769,17,769,17,0,4,92
1,700,50.400000,10000.000000,1,1,1410929110,799,15,799,15,0,4,92
1,700,50.400000,10000.000000,1,1,1410929116,829,12,829,12,0,4,92
1,700,50.400000,10000.000000,1,1,1410929121,859,9,859,9,0,4,92
1,700,50.400000,10000.000000,1,1,1410929127,897,5,897,5,0,4,92
1,700,50.400000,10000.000000,1,1,1410929132,931,2,931,2,0,4,92
1,700,50.400000,10000.000000,1,1,1410929138,966,0,966,-2,0,4,92
1,700,50.400000,10000.000000,1,1,1410929144,1002,0,1002,-7,0,4,92
1,700,50.400000,10000.000000,1,1,1410929150,1036,0,1036,-11,0,4,92
1,700,50.400000,10000.000000,1,1,1410929155,1069,0,1069,-15,0,4,92
1,700,50.400000,10000.000000,1,1,1410929161,1101,0,1101,-19,0,4,92
1,700,50.400000,10000.000000,1,1,1410929166,1131,0,1131,-23,0,4,92
1,700,50.400000,10000.000000,1,1,1410929172,1158,0,1158,-27,0,4,92
1,700,50.400000,10000.000000,1,1,1410929178,1219,0,1219,-36,0,4,92
1,700,50.400000,10000.000000,1,1,1410929184,1241,0,1241,-39,0,4,92
1,700,50.400000,10000.000000,1,1,1410929189,1262,0,1262,-42,0,4,92
1,700,50.400000,10000.000000,1,1,1410929195,1276,0,1276,-45,0,4,92
1,700,50.400000,10000.000000,1,1,1410929201,1290,0,1290,-47,0,4,92
1,700,50.400000,10000.000000,1,1,1410929207,1302,0,1302,-49,0,4,92
1,700,50.400000,10000.000000,1,1,1410929213,1308,0,1308,-49,0,4,92
1,700,50.400000,10000.000000,1,1,1410929219,1316,0,1316,-50,0,4,92
1,700,50.400000,10000.000000,1,1,1410929225,1319,0,1319,-50,0,4,92
1,700,50.400000,10000.000000,1,1,1410929231,1320,0,1320,-51,0,4,92
1,700,50.400000,10000.000000,1,1,1410929237,1320,0,1320,-51,0,4,92
1,700,50.400000,10000.000000,1,1,1410929242,1320,0,1320,-51,0,4,92
1,700,50.400000,10000.000000,1,1,1410929249,1320,0,1320,-51,0,4,92
1,700,50.400000,10000.000000,1,1,1410929254,1320,0,1320,-51,0,4,92
1,700,50.400000,10000.000000,1,1,1410929259,1320,0,1320,-51,0,4,92
1,700,50.400000,10000.000000,1,1,1410929265,1320,0,1320,-51,0,4,92
1,700,50.400000,10000.000000,1,1,1410929271,1320,0,1320,-51,0,4,92
1,700,50.400000,10000.000000,1,1,1410929277,1320,0,1320,-51,0,4,92
1,700,50.400000,10000.000000,1,1,1410929282,1320,0,1320,-51,0,4,92
1,700,50.400000,10000.000000,1,1,1410929288,1320,0,1320,-51,0,4,92
1,700,50.400000,10000.000000,1,1,1410929294,1320,0,1320,-51,0,4,92
1,700,50.400000,10000.000000,1,1,1410929299,1320,0,1320,-51,0,4,92
1,700,50.400000,10000.000000,1,1,1410929305,1320,0,1320,-51,0,4,92
1,700,50.400000,10000.000000,1,1,1410929310,1320,0,1320,-51,0,4,92
1,700,50.400000,10000.000000,1,1,1410929315,1320,0,1320,-51,0,4,92
1,700,50.400000,10000.000000,1,1,1410929321,1320,0,1320,-51,0,4,92
1,700,50.400000,10000.000000,1,1,1410929327,1320,0,1320,-51,0,4,92
1,700,50.400000,10000.000000,1,1,1410929333,1320,0,1320,-51,0,4,92
1,700,50.400000,10000.000000,1,1,1410929338,1320,0,1320,-51,0,4,92
1,700,50.400000,10000.000000,1,1,1410929344,1320,0,1320,-51,0,4,92
1,700,50.400000,10000.000000,1,1,1410929350,1320,0,1320,-51,0,4,92
1,700,50.400000,10000.000000,1,1,1410929355,1320,0,1320,-51,0,4,92
1,700,50.400000,10000.000000,1,1,1410929361,1320,0,1320,-51,0,4,92
1,700,50.400000,10000.000000,1,1,1410929367,1320,0,1320,-51,0,4,92
1,700,50.400000,10000.000000,1,1,1410929372,1320,0,1320,-51,0,4,92
1,700,50.400000,10000.000000,1,1,1410929377,1320,0,1320,-51,0,4,92
1,700,50.400000,10000.000000,1,1,1410929383,1320,0,1320,-51,0,4,92
1,700,50.400000,10000.000000,1,1,1410929389,1320,0,1320,-51,0,4,92
1,700,50.400000,10000.000000,1,1,1410929395,1320,0,1320,-51,0,4,92
1,700,50.400000,10000.000000,1,1,1410929400,1320,0,1320,-51,0,4,92
1,700,50.400000,10000.000000,1,1,1410929406,1320,0,1320,-51,0,4,92
1,700,50.400000,10000.000000,1,1,1410929411,1320,0,1320,-51,0,4,92
1,700,50.400000,10000.000000,1,1,1410929417,1320,0,1320,-51,0,4,92
1,700,50.400000,10000.000000,1,1,1410929423,1320,0,1320,-51,0,4,92
1,700,50.400000,10000.000000,1,1,1410929429,1320,0,1320,-51,0,4,92
1,700,50.400000,10000.000000,1,1,1410929435,1320,0,1320,-51,0,4,92
1,700,50.400000,10000.000000,1,1,1410929440,1320,0,1320,-51,0,4,92
1,700,50.400000,10000.000000,1,1,1410929445,1320,0,1320,-51,0,4,92
1,700,50.400000,10000.000000,1,1,1410929451,1320,0,1320,-51,0,4,92
1,700,50.400000,10000.000000,1,1,1410929457,1320,0,1320,-51,0,4,92
1,700,50.400000,10000.000000,1,1,1410929462,1320,0,1320,-51,0,4,92
1,700,50.400000,10000.000000,1,1,1410929468,1320,0,1320,-51,0,4,92
1,700,50.400000,10000.000000,1,1,1410929473,1320,0,1320,-51,0,4,92
1,700,50.400000,10000.000000,1,1,1410929479,1320,0,1320,-51,0,4,92
1,700,50.400000,10000.000000,1,1,1410929486,1320,0,1320,-51,0,4,92
1,700,50.400000,10000.000000,1,1,1410929492,1319,0,1319,-51,0,4,92
1,700,50.400000,10000.000000,1,1,1410929497,1318,0,1318,-51,0,4,92
1,700,50.400000,10000.000000,1,1,1410929503,1318,0,1318,-51,0,4,92
1,700,50.400000,10000.000000,1,1,1410929509,1318,0,1318,-51,0,4,92
1,700,50.400000,10000.000000,1,1,1410929514,1318,0,1318,-51,0,4,92
1,700,50.400000,10000.000000,1,1,1410929520,1318,0,1318,-51,0,4,92
1,700,50.400000,10000.000000,1,1,1410929540,1318,0,1318,-51,0,4,92
