1,350,50.400000,0.000000,1,0,1410824289,785,0,785,0,0,4,30
1,350,50.400000,0.000000,1,0,1410824291,785,0,785,0,0,4,30
1,350,50.400000,0.000000,1,0,1410824296,785,0,785,0,0,4,30
1,350,50.400000,0.000000,1,0,1410824302,785,0,785,0,0,4,30
1,350,50.400000,0.000000,1,0,1410824307,785,0,785,0,0,4,30
1,350,50.400000,0.000000,1,0,1410824313,785,0,785,0,0,4,30
1,350,50.400000,0.000000,1,0,1410824318,785,0,785,0,0,4,30
1,350,50.400000,0.000000,1,0,1410824324,785,0,785,0,0,4,30
1,350,50.400000,0.000000,1,0,1410824330,785,0,785,0,0,4,30
1,350,50.400000,0.000000,1,0,1410824335,785,0,785,0,0,4,30
1,350,50.400000,0.000000,1,0,1410824341,785,0,785,0,0,4,30
1,350,50.400000,0.000000,1,0,1410824346,785,0,785,0,0,4,30
1,350,50.400000,0.000000,1,0,1410824352,785,0,785,0,0,4,30
1,350,50.400000,0.000000,1,0,1410824357,785,0,785,0,0,4,30
1,350,50.400000,0.000000,1,0,1410824363,785,0,785,0,0,4,30
1,350,50.400000,0.000000,1,0,1410824368,785,0,785,0,0,4,30
1,350,50.400000,0.000000,1,0,1410824374,787,0,787,0,0,4,30
1,350,50.400000,0.000000,1,0,1410824381,790,0,790,0,0,4,30
1,350,50.400000,0.000000,1,0,1410824387,795,0,795,-1,0,4,30
1,350,50.400000,0.000000,1,0,1410824393,801,0,801,-2,0,4,30
1,350,50.400000,0.000000,1,0,1410824399,811,0,811,-3,0,4,30
1,350,50.400000,0.000000,1,0,1410824404,824,0,824,-4,0,4,30
1,350,50.400000,0.000000,1,0,1410824410,838,0,838,-5,0,4,30
1,350,50.400000,0.000000,1,0,1410824416,852,0,852,-6,0,4,30
1,350,50.400000,0.000000,1,0,1410824422,868,0,868,-8,0,4,30
1,350,50.400000,0.000000,1,0,1410824427,886,0,886,-10,0,4,30
1,350,50.400000,0.000000,1,0,1410824434,905,0,905,-11,0,4,30
1,350,50.400000,0.000000,1,0,1410824440,926,0,926,-13,0,4,30
1,350,50.400000,0.000000,1,0,1410824445,945,0,945,-15,0,4,30
1,350,50.400000,0.000000,1,0,1410824451,969,0,969,-18,0,4,30
1,350,50.400000,0.000000,1,0,1410824457,993,0,993,-20,0,4,30
1,350,50.400000,0.000000,1,0,1410824463,1016,0,1016,-23,0,4,30
1,350,50.400000,0.000000,1,0,1410824468,1032,0,1032,-25,0,4,30
1,350,50.400000,0.000000,1,0,1410824474,1053,0,1053,-28,0,4,30
1,350,50.400000,0.000000,1,0,1410824480,1068,0,1068,-30,0,4,30
1,350,50.400000,0.000000,1,0,1410824485,1082,0,1082,-31,0,4,30
1,350,50.400000,0.000000,1,0,1410824491,1095,0,1095,-32,0,4,30
1,350,50.400000,0.000000,1,0,1410824496,1108,0,1108,-33,0,4,30
1,350,50.400000,0.000000,1,0,1410824502,1119,0,1119,-34,0,4,30
1,350,50.400000,0.000000,1,0,1410824508,1128,0,1128,-35,0,4,30
1,350,50.400000,0.000000,1,0,1410824513,1136,0,1136,-36,0,4,30
1,350,50.400000,0.000000,1,0,1410824519,1141,0,1141,-37,0,4,30
1,350,50.400000,0.000000,1,0,1410824525,1145,0,1145,-38,0,4,30
1,350,50.400000,0.000000,1,0,1410824530,1147,0,1147,-38,0,4,30
1,350,50.400000,0.000000,1,0,1410824536,1149,0,1149,-38,0,4,30
1,350,50.400000,0.000000,1,0,1410824542,1150,0,1150,-38,0,4,30
1,350,50.400000,0.000000,1,0,1410824547,1151,0,1151,-38,0,4,30
1,350,50.400000,0.000000,1,0,1410824553,1152,0,1152,-38,0,4,30
1,350,50.400000,0.000000,1,0,1410824558,1152,0,1152,-38,0,4,30
1,350,50.400000,0.000000,1,0,1410824564,1152,0,1152,-38,0,4,30
1,350,50.400000,0.000000,1,0,1410824569,1152,0,1152,-38,0,4,30
1,350,50.400000,0.000000,1,0,1410824575,1152,0,1152,-38,0,4,30
1,350,50.400000,0.000000,1,0,1410824581,1152,0,1152,-38,0,4,30
1,350,50.400000,0.000000,1,0,1410824586,1152,0,1152,-38,0,4,30
1,350,50.400000,0.000000,1,0,1410824592,1152,0,1152,-38,0,4,30
1,350,50.400000,0.000000,1,0,1410824598,1152,0,1152,-38,0,4,30
1,350,50.400000,0.000000,1,0,1410824604,1152,0,1152,-38,0,4,30
1,350,50.400000,0.000000,1,0,1410824609,1153,0,1153,-38,0,4,30
1,350,50.400000,0.000000,1,0,1410824615,1153,0,1153,-39,0,4,30
1,350,50.400000,0.000000,1,0,1410824621,1154,0,1154,-39,0,4,30
1,350,50.400000,0.000000,1,0,1410824626,1155,0,1155,-39,0,4,30
1,350,50.400000,0.000000,1,0,1410824632,1156,0,1156,-39,0,4,30
1,350,50.400000,0.000000,1,0,1410824638,1156,0,1156,-39,0,4,30
1,350,50.400000,0.000000,1,0,1410824643,1156,0,1156,-39,0,4,30
1,350,50.400000,0.000000,1,0,1410824649,1156,0,1156,-39,0,4,30
1,350,50.400000,0.000000,1,0,1410824655,1156,0,1156,-39,0,4,30
1,350,50.400000,0.000000,1,0,1410824660,1156,0,1156,-39,0,4,30
1,350,50.400000,0.000000,1,0,1410824666,1156,0,1156,-39,0,4,30
1,350,50.400000,0.000000,1,0,1410824671,1156,0,1156,-39,0,4,30
1,350,50.400000,0.000000,1,0,1410824677,1156,0,1156,-39,0,4,30
1,350,50.400000,0.000000,1,0,1410824683,1156,0,1156,-39,0,4,30
1,350,50.400000,0.000000,1,0,1410824688,1156,0,1156,-39,0,4,30
1,350,50.400000,0.000000,1,0,1410824693,1156,0,1156,-39,0,4,30
1,350,50.400000,0.000000,1,0,1410824699,1156,0,1156,-39,0,4,30
1,350,50.400000,0.000000,1,0,1410824705,1156,0,1156,-39,0,4,30
1,350,50.400000,0.000000,1,0,1410824710,1156,0,1156,-39,0,4,30
1,350,50.400000,0.000000,1,0,1410824716,1156,0,1156,-39,0,4,30
1,350,50.400000,0.000000,1,0,1410824721,1156,0,1156,-39,0,4,30
1,350,50.400000,0.000000,1,0,1410824727,1156,0,1156,-39,0,4,30
1,350,50.400000,0.000000,1,0,1410824733,1156,0,1156,-39,0,4,30
1,350,50.400000,0.000000,1,0,1410824738,1156,0,1156,-39,0,4,30
1,350,50.400000,0.000000,1,0,1410824744,1156,0,1156,-39,0,4,30
1,350,50.400000,0.000000,1,0,1410824749,1156,0,1156,-39,0,4,30
1,350,50.400000,0.000000,1,0,1410824755,1156,0,1156,-39,0,4,30
1,350,50.400000,0.000000,1,0,1410824761,1156,0,1156,-39,0,4,30
1,350,50.400000,0.000000,1,0,1410824780,1156,0,1156,-39,0,4,30
