1,350,82.800000,12.276000,1,1,1410807001,785,22,785,22,0,4,19
1,350,82.800000,12.276000,1,1,1410807002,785,22,785,22,0,4,19
1,350,82.800000,12.276000,1,1,1410807008,785,22,785,22,0,4,19
1,350,82.800000,12.276000,1,1,1410807013,785,22,785,22,0,4,19
1,350,82.800000,12.276000,1,1,1410807019,785,22,785,22,0,4,19
1,350,82.800000,12.276000,1,1,1410807025,785,22,785,22,0,4,19
1,350,82.800000,12.276000,1,1,1410807030,785,22,785,22,0,4,19
1,350,82.800000,12.276000,1,1,1410807036,785,22,785,22,0,4,19
1,350,82.800000,12.276000,1,1,1410807041,785,22,785,22,0,4,19
1,350,82.800000,12.276000,1,1,1410807047,785,22,785,22,0,4,19
1,350,82.800000,12.276000,1,1,1410807053,785,22,785,22,0,4,19
1,350,82.800000,12.276000,1,1,1410807058,785,22,785,22,0,4,19
1,350,82.800000,12.276000,1,1,1410807064,785,22,785,22,0,4,19
1,350,82.800000,12.276000,1,1,1410807069,785,22,785,22,0,4,19
1,350,82.800000,12.276000,1,1,1410807074,785,22,785,22,0,4,19
1,350,82.800000,12.276000,1,1,1410807080,785,22,785,22,0,4,19
1,350,82.800000,12.276000,1,1,1410807086,786,22,786,22,0,4,19
1,350,82.800000,12.276000,1,1,1410807091,787,22,787,22,0,4,19
1,350,82.800000,12.276000,1,1,1410807098,789,22,789,22,0,4,19
1,350,82.800000,12.276000,1,1,1410807104,792,22,792,22,0,4,19
1,350,82.800000,12.276000,1,1,1410807109,795,22,795,22,0,4,19
1,350,82.800000,12.276000,1,1,1410807116,799,22,799,22,0,4,19
1,350,82.800000,12.276000,1,1,1410807121,805,22,805,22,0,4,19
1,350,82.800000,12.276000,1,1,1410807127,810,21,810,21,0,4,19
1,350,82.800000,12.276000,1,1,1410807132,816,21,816,21,0,4,19
1,350,82.800000,12.276000,1,1,1410807138,824,21,824,21,0,4,19
1,350,82.800000,12.276000,1,1,1410807145,836,21,836,21,0,4,19
1,350,82.800000,12.276000,1,1,1410807151,851,20,851,20,0,4,19
1,350,82.800000,12.276000,1,1,1410807156,862,20,862,20,0,4,19
1,350,82.800000,12.276000,1,1,1410807162,875,20,875,20,0,4,19
1,350,82.800000,12.276000,1,1,1410807168,889,19,889,19,0,4,19
1,350,82.800000,12.276000,1,1,1410807174,907,19,907,19,0,4,19
1,350,82.800000,12.276000,1,1,1410807180,924,18,924,18,0,4,19
1,350,82.800000,12.276000,1,1,1410807185,941,17,941,17,0,4,19
1,350,82.800000,12.276000,1,1,1410807190,958,16,958,16,0,4,19
1,350,82.800000,12.276000,1,1,1410807196,979,14,979,14,0,4,19
1,350,82.800000,12.276000,1,1,1410807203,996,13,996,13,0,4,19
1,350,82.800000,12.276000,1,1,1410807209,1038,11,1038,11,0,4,19
1,350,82.800000,12.276000,1,1,1410807215,1057,10,1057,10,0,4,19
1,350,82.800000,12.276000,1,1,1410807221,1074,9,1074,9,0,4,19
1,350,82.800000,12.276000,1,1,1410807227,1086,8,1086,8,0,4,19
1,350,82.800000,12.276000,1,1,1410807232,1100,7,1100,7,0,4,19
1,350,82.800000,12.276000,1,1,1410807238,1106,7,1106,7,0,4,19
1,350,82.800000,12.276000,1,1,1410807243,1114,6,1114,6,0,4,19
1,350,82.800000,12.276000,1,1,1410807249,1122,6,1122,6,0,4,19
1,350,82.800000,12.276000,1,1,1410807254,1127,6,1127,6,0,4,19
1,350,82.800000,12.276000,1,1,1410807260,1132,5,1132,5,0,4,19
1,350,82.800000,12.276000,1,1,1410807266,1135,5,1135,5,0,4,19
1,350,82.800000,12.276000,1,1,1410807272,1137,4,1137,4,0,4,19
1,350,82.800000,12.276000,1,1,1410807278,1139,4,1139,4,0,4,19
1,350,82.800000,12.276000,1,1,1410807284,1140,4,1140,4,0,4,19
1,350,82.800000,12.276000,1,1,1410807290,1141,4,1141,4,0,4,19
1,350,82.800000,12.276000,1,1,1410807295,1142,4,1142,4,0,4,19
1,350,82.800000,12.276000,1,1,1410807301,1143,4,1143,4,0,4,19
1,350,82.800000,12.276000,1,1,1410807307,1143,4,1143,4,0,4,19
1,350,82.800000,12.276000,1,1,1410807312,1143,4,1143,4,0,4,19
1,350,82.800000,12.276000,1,1,1410807318,1143,4,1143,4,0,4,19
1,350,82.800000,12.276000,1,1,1410807323,1143,4,1143,4,0,4,19
1,350,82.800000,12.276000,1,1,1410807329,1143,4,1143,4,0,4,19
1,350,82.800000,12.276000,1,1,1410807334,1143,4,1143,4,0,4,19
1,350,82.800000,12.276000,1,1,1410807340,1143,4,1143,4,0,4,19
1,350,82.800000,12.276000,1,1,1410807346,1143,4,1143,4,0,4,19
1,350,82.800000,12.276000,1,1,1410807351,1143,4,1143,4,0,4,19
1,350,82.800000,12.276000,1,1,1410807357,1143,4,1143,4,0,4,19
1,350,82.800000,12.276000,1,1,1410807362,1143,4,1143,4,0,4,19
1,350,82.800000,12.276000,1,1,1410807368,1143,4,1143,4,0,4,19
1,350,82.800000,12.276000,1,1,1410807374,1143,4,1143,4,0,4,19
1,350,82.800000,12.276000,1,1,1410807379,1143,4,1143,4,0,4,19
1,350,82.800000,12.276000,1,1,1410807385,1143,4,1143,4,0,4,19
1,350,82.800000,12.276000,1,1,1410807390,1143,4,1143,4,0,4,19
1,350,82.800000,12.276000,1,1,1410807396,1143,4,1143,4,0,4,19
1,350,82.800000,12.276000,1,1,1410807402,1143,4,1143,4,0,4,19
1,350,82.800000,12.276000,1,1,1410807407,1143,4,1143,4,0,4,19
1,350,82.800000,12.276000,1,1,1410807413,1143,4,1143,4,0,4,19
1,350,82.800000,12.276000,1,1,1410807419,1143,4,1143,4,0,4,19
1,350,82.800000,12.276000,1,1,1410807425,1143,4,1143,4,0,4,19
1,350,82.800000,12.276000,1,1,1410807431,1143,4,1143,4,0,4,19
1,350,82.800000,12.276000,1,1,1410807436,1143,4,1143,4,0,4,19
1,350,82.800000,12.276000,1,1,1410807441,1143,4,1143,4,0,4,19
1,350,82.800000,12.276000,1,1,1410807447,1143,4,1143,4,0,4,19
1,350,82.800000,12.276000,1,1,1410807452,1143,4,1143,4,0,4,19
1,350,82.800000,12.276000,1,1,1410807471,1143,4,1143,4,0,4,19
