1,350,82.800000,42.984000,1,0,1411120365,785,0,785,0,0,5,85
1,350,82.800000,42.984000,1,0,1411120367,785,0,785,0,0,5,85
1,350,82.800000,42.984000,1,0,1411120372,785,0,785,0,0,5,85
1,350,82.800000,42.984000,1,0,1411120377,785,0,785,0,0,5,85
1,350,82.800000,42.984000,1,0,1411120383,785,0,785,0,0,5,85
1,350,82.800000,42.984000,1,0,1411120389,785,0,785,0,0,5,85
1,350,82.800000,42.984000,1,0,1411120394,785,0,785,0,0,5,85
1,350,82.800000,42.984000,1,0,1411120400,785,0,785,0,0,5,85
1,350,82.800000,42.984000,1,0,1411120405,785,0,785,0,0,5,85
1,350,82.800000,42.984000,1,0,1411120411,785,0,785,0,0,5,85
1,350,82.800000,42.984000,1,0,1411120416,785,0,785,0,0,5,85
1,350,82.800000,42.984000,1,0,1411120422,785,0,785,0,0,5,85
1,350,82.800000,42.984000,1,0,1411120428,786,0,786,0,0,5,85
1,350,82.800000,42.984000,1,0,1411120433,789,0,789,0,0,5,85
1,350,82.800000,42.984000,1,0,1411120439,794,0,794,0,0,5,85
1,350,82.800000,42.984000,1,0,1411120445,800,0,800,0,0,5,85
1,350,82.800000,42.984000,1,0,1411120451,815,0,815,0,0,5,85
1,350,82.800000,42.984000,1,0,1411120457,824,0,824,0,0,5,85
1,350,82.800000,42.984000,1,0,1411120463,837,0,837,0,0,5,85
1,350,82.800000,42.984000,1,0,1411120469,846,0,846,0,0,5,85
1,350,82.800000,42.984000,1,0,1411120475,866,0,866,0,0,5,85
1,350,82.800000,42.984000,1,0,1411120481,883,0,883,0,0,5,85
1,350,82.800000,42.984000,1,0,1411120487,900,1,900,1,0,5,85
1,350,82.800000,42.984000,1,0,1411120492,917,1,917,1,0,5,85
1,350,82.800000,42.984000,1,0,1411120498,936,1,936,1,0,5,85
1,350,82.800000,42.984000,1,0,1411120504,956,1,956,1,0,5,85
1,350,82.800000,42.984000,1,0,1411120509,977,1,977,1,0,5,85
1,350,82.800000,42.984000,1,0,1411120515,996,1,996,1,0,5,85
1,350,82.800000,42.984000,1,0,1411120521,1016,1,1016,1,0,5,85
1,350,82.800000,42.984000,1,0,1411120527,1032,1,1032,1,0,5,85
1,350,82.800000,42.984000,1,0,1411120532,1049,1,1049,1,0,5,85
1,350,82.800000,42.984000,1,0,1411120538,1063,1,1063,1,0,5,85
1,350,82.800000,42.984000,1,0,1411120544,1078,1,1078,1,0,5,85
1,350,82.800000,42.984000,1,0,1411120550,1092,1,1092,1,0,5,85
1,350,82.800000,42.984000,1,0,1411120555,1100,1,1100,1,0,5,85
1,350,82.800000,42.984000,1,0,1411120561,1107,1,1107,1,0,5,85
1,350,82.800000,42.984000,1,0,1411120567,1112,1,1112,1,0,5,85
1,350,82.800000,42.984000,1,0,1411120572,1114,1,1114,1,0,5,85
1,350,82.800000,42.984000,1,0,1411120578,1116,1,1116,1,0,5,85
1,350,82.800000,42.984000,1,0,1411120583,1116,1,1116,1,0,5,85
1,350,82.800000,42.984000,1,0,1411120589,1116,1,1116,1,0,5,85
1,350,82.800000,42.984000,1,0,1411120595,1116,1,1116,1,0,5,85
1,350,82.800000,42.984000,1,0,1411120600,1116,1,1116,1,0,5,85
1,350,82.800000,42.984000,1,0,1411120606,1116,1,1116,1,0,5,85
1,350,82.800000,42.984000,1,0,1411120611,1116,1,1116,1,0,5,85
1,350,82.800000,42.984000,1,0,1411120617,1116,1,1116,1,0,5,85
1,350,82.800000,42.984000,1,0,1411120622,1115,1,1115,1,0,5,85
1,350,82.800000,42.984000,1,0,1411120628,1114,1,1114,1,0,5,85
1,350,82.800000,42.984000,1,0,1411120634,1114,1,1114,1,0,5,85
1,350,82.800000,42.984000,1,0,1411120640,1114,1,1114,1,0,5,85
1,350,82.800000,42.984000,1,0,1411120646,1114,1,1114,1,0,5,85
1,350,82.800000,42.984000,1,0,1411120652,1114,1,1114,1,0,5,85
1,350,82.800000,42.984000,1,0,1411120658,1114,1,1114,1,0,5,85
1,350,82.800000,42.984000,1,0,1411120664,1114,1,1114,1,0,5,85
1,350,82.800000,42.984000,1,0,1411120669,1114,1,1114,1,0,5,85
1,350,82.800000,42.984000,1,0,1411120676,1114,1,1114,1,0,5,85
1,350,82.800000,42.984000,1,0,1411120681,1114,1,1114,1,0,5,85
1,350,82.800000,42.984000,1,0,1411120686,1114,1,1114,1,0,5,85
1,350,82.800000,42.984000,1,0,1411120692,1114,1,1114,1,0,5,85
1,350,82.800000,42.984000,1,0,1411120697,1114,1,1114,1,0,5,85
1,350,82.800000,42.984000,1,0,1411120703,1114,1,1114,1,0,5,85
1,350,82.800000,42.984000,1,0,1411120709,1114,1,1114,1,0,5,85
1,350,82.800000,42.984000,1,0,1411120714,1114,1,1114,1,0,5,85
1,350,82.800000,42.984000,1,0,1411120720,1114,1,1114,1,0,5,85
1,350,82.800000,42.984000,1,0,1411120726,1114,1,1114,1,0,5,85
1,350,82.800000,42.984000,1,0,1411120731,1114,1,1114,1,0,5,85
1,350,82.800000,42.984000,1,0,1411120737,1114,1,1114,1,0,5,85
1,350,82.800000,42.984000,1,0,1411120742,1114,1,1114,1,0,5,85
1,350,82.800000,42.984000,1,0,1411120748,1114,1,1114,1,0,5,85
1,350,82.800000,42.984000,1,0,1411120753,1114,1,1114,1,0,5,85
1,350,82.800000,42.984000,1,0,1411120759,1114,1,1114,1,0,5,85
1,350,82.800000,42.984000,1,0,1411120764,1114,1,1114,1,0,5,85
1,350,82.800000,42.984000,1,0,1411120770,1114,1,1114,1,0,5,85
1,350,82.800000,42.984000,1,0,1411120775,1114,1,1114,1,0,5,85
1,350,82.800000,42.984000,1,0,1411120781,1114,1,1114,1,0,5,85
1,350,82.800000,42.984000,1,0,1411120787,1114,1,1114,1,0,5,85
1,350,82.800000,42.984000,1,0,1411120792,1114,1,1114,1,0,5,85
1,350,82.800000,42.984000,1,0,1411120798,1114,1,1114,1,0,5,85
1,350,82.800000,42.984000,1,0,1411120803,1114,1,1114,1,0,5,85
1,350,82.800000,42.984000,1,0,1411120808,1114,1,1114,1,0,5,85
1,350,82.800000,42.984000,1,0,1411120827,1114,1,1114,1,0,5,85
