1,700,21.600000,42.984000,0,1,1411007626,610,22,610,22,0,5,17
1,700,21.600000,42.984000,0,1,1411007628,610,22,610,22,0,5,17
1,700,21.600000,42.984000,0,1,1411007634,610,22,610,22,0,5,17
1,700,21.600000,42.984000,0,1,1411007639,610,22,610,22,0,5,17
1,700,21.600000,42.984000,0,1,1411007646,610,22,610,22,0,5,17
1,700,21.600000,42.984000,0,1,1411007651,610,22,610,22,0,5,17
1,700,21.600000,42.984000,0,1,1411007657,610,22,610,22,0,5,17
1,700,21.600000,42.984000,0,1,1411007663,610,22,610,22,0,5,17
1,700,21.600000,42.984000,0,1,1411007668,610,22,610,22,0,5,17
1,700,21.600000,42.984000,0,1,1411007673,610,22,610,22,0,5,17
1,700,21.600000,42.984000,0,1,1411007679,610,22,610,22,0,5,17
1,700,21.600000,42.984000,0,1,1411007685,610,22,610,22,0,5,17
1,700,21.600000,42.984000,0,1,1411007691,613,22,613,22,0,5,17
1,700,21.600000,42.984000,0,1,1411007697,616,21,616,21,0,5,17
1,700,21.600000,42.984000,0,1,1411007703,624,20,624,20,0,5,17
1,700,21.600000,42.984000,0,1,1411007710,633,19,633,19,0,5,17
1,700,21.600000,42.984000,0,1,1411007715,647,17,647,17,0,5,17
1,700,21.600000,42.984000,0,1,1411007721,664,15,664,15,0,5,17
1,700,21.600000,42.984000,0,1,1411007727,686,13,686,13,0,5,17
1,700,21.600000,42.984000,0,1,1411007732,709,12,709,12,0,5,17
1,700,21.600000,42.984000,0,1,1411007738,731,11,731,11,0,5,17
1,700,21.600000,42.984000,0,1,1411007744,757,10,757,10,0,5,17
1,700,21.600000,42.984000,0,1,1411007750,786,8,786,8,0,5,17
1,700,21.600000,42.984000,0,1,1411007755,815,6,815,6,0,5,17
1,700,21.600000,42.984000,0,1,1411007761,843,4,843,4,0,5,17
1,700,21.600000,42.984000,0,1,1411007766,872,2,872,2,0,5,17
1,700,21.600000,42.984000,0,1,1411007772,903,0,903,0,0,5,17
1,700,21.600000,42.984000,0,1,1411007778,935,0,935,-2,0,5,17
1,700,21.600000,42.984000,0,1,1411007784,966,0,966,-4,0,5,17
1,700,21.600000,42.984000,0,1,1411007790,998,0,998,-6,0,5,17
1,700,21.600000,42.984000,0,1,1411007795,1028,0,1028,-8,0,5,17
1,700,21.600000,42.984000,0,1,1411007801,1056,0,1056,-10,0,5,17
1,700,21.600000,42.984000,0,1,1411007806,1075,0,1075,-11,0,5,17
1,700,21.600000,42.984000,0,1,1411007812,1103,0,1103,-12,0,5,17
1,700,21.600000,42.984000,0,1,1411007818,1128,0,1128,-13,0,5,17
1,700,21.600000,42.984000,0,1,1411007824,1152,0,1152,-14,0,5,17
1,700,21.600000,42.984000,0,1,1411007830,1176,0,1176,-15,0,5,17
1,700,21.600000,42.984000,0,1,1411007836,1199,0,1199,-15,0,5,17
1,700,21.600000,42.984000,0,1,1411007842,1216,0,1216,-15,0,5,17
1,700,21.600000,42.984000,0,1,1411007847,1233,0,1233,-15,0,5,17
1,700,21.600000,42.984000,0,1,1411007854,1245,0,1245,-15,0,5,17
1,700,21.600000,42.984000,0,1,1411007859,1256,0,1256,-15,0,5,17
1,700,21.600000,42.984000,0,1,1411007865,1265,0,1265,-15,0,5,17
1,700,21.600000,42.984000,0,1,1411007871,1272,0,1272,-15,0,5,17
1,700,21.600000,42.984000,0,1,1411007877,1277,0,1277,-15,0,5,17
1,700,21.600000,42.984000,0,1,1411007883,1280,0,1280,-15,0,5,17
1,700,21.600000,42.984000,0,1,1411007888,1283,1,1283,-14,0,5,17
1,700,21.600000,42.984000,0,1,1411007894,1285,1,1285,-14,0,5,17
1,700,21.600000,42.984000,0,1,1411007900,1286,1,1286,-14,0,5,17
1,700,21.600000,42.984000,0,1,1411007906,1287,1,1287,-14,0,5,17
1,700,21.600000,42.984000,0,1,1411007911,1288,1,1288,-14,0,5,17
1,700,21.600000,42.984000,0,1,1411007917,1288,1,1288,-14,0,5,17
1,700,21.600000,42.984000,0,1,1411007922,1288,1,1288,-14,0,5,17
1,700,21.600000,42.984000,0,1,1411007928,1288,1,1288,-14,0,5,17
1,700,21.600000,42.984000,0,1,1411007934,1288,1,1288,-14,0,5,17
1,700,21.600000,42.984000,0,1,1411007939,1288,1,1288,-14,0,5,17
1,700,21.600000,42.984000,0,1,1411007945,1288,1,1288,-14,0,5,17
1,700,21.600000,42.984000,0,1,1411007950,1288,1,1288,-14,0,5,17
1,700,21.600000,42.984000,0,1,1411007956,1288,1,1288,-14,0,5,17
1,700,21.600000,42.984000,0,1,1411007961,1288,1,1288,-14,0,5,17
1,700,21.600000,42.984000,0,1,1411007967,1288,1,1288,-14,0,5,17
1,700,21.600000,42.984000,0,1,1411007972,1288,1,1288,-14,0,5,17
1,700,21.600000,42.984000,0,1,1411007978,1288,1,1288,-14,0,5,17
1,700,21.600000,42.984000,0,1,1411007983,1288,1,1288,-14,0,5,17
1,700,21.600000,42.984000,0,1,1411007989,1288,1,1288,-14,0,5,17
1,700,21.600000,42.984000,0,1,1411007995,1287,1,1287,-14,0,5,17
1,700,21.600000,42.984000,0,1,1411008000,1287,1,1287,-14,0,5,17
1,700,21.600000,42.984000,0,1,1411008006,1287,1,1287,-14,0,5,17
1,700,21.600000,42.984000,0,1,1411008012,1287,1,1287,-14,0,5,17
1,700,21.600000,42.984000,0,1,1411008018,1287,1,1287,-14,0,5,17
1,700,21.600000,42.984000,0,1,1411008023,1287,1,1287,-14,0,5,17
1,700,21.600000,42.984000,0,1,1411008029,1287,1,1287,-14,0,5,17
1,700,21.600000,42.984000,0,1,1411008035,1287,1,1287,-14,0,5,17
1,700,21.600000,42.984000,0,1,1411008041,1287,1,1287,-14,0,5,17
1,700,21.600000,42.984000,0,1,1411008046,1287,1,1287,-14,0,5,17
1,700,21.600000,42.984000,0,1,1411008052,1287,1,1287,-14,0,5,17
1,700,21.600000,42.984000,0,1,1411008057,1287,1,1287,-14,0,5,17
1,700,21.600000,42.984000,0,1,1411008064,1288,1,1288,-14,0,5,17
1,700,21.600000,42.984000,0,1,1411008069,1288,1,1288,-14,0,5,17
1,700,21.600000,42.984000,0,1,1411008075,1288,1,1288,-14,0,5,17
1,700,21.600000,42.984000,0,1,1411008081,1288,1,1288,-14,0,5,17
1,700,21.600000,42.984000,0,1,1411008086,1288,1,1288,-14,0,5,17
1,700,21.600000,42.984000,0,1,1411008092,1288,1,1288,-14,0,5,17
1,700,21.600000,42.984000,0,1,1411008098,1289,1,1289,-14,0,5,17
1,700,21.600000,42.984000,0,1,1411008104,1289,1,1289,-14,0,5,17
1,700,21.600000,42.984000,0,1,1411008109,1290,1,1290,-14,0,5,17
1,700,21.600000,42.984000,0,1,1411008116,1291,2,1291,-13,0,5,17
1,700,21.600000,42.984000,0,1,1411008121,1292,2,1292,-13,0,5,17
1,700,21.600000,42.984000,0,1,1411008127,1293,2,1293,-13,0,5,17
1,700,21.600000,42.984000,0,1,1411008133,1295,3,1295,-12,0,5,17
1,700,21.600000,42.984000,0,1,1411008138,1297,3,1297,-12,0,5,17
1,700,21.600000,42.984000,0,1,1411008144,1298,4,1298,-11,0,5,17
1,700,21.600000,42.984000,0,1,1411008150,1299,4,1299,-11,0,5,17
1,700,21.600000,42.984000,0,1,1411008156,1300,4,1300,-11,0,5,17
1,700,21.600000,42.984000,0,1,1411008162,1300,5,1300,-10,0,5,17
1,700,21.600000,42.984000,0,1,1411008167,1300,5,1300,-10,0,5,17
1,700,21.600000,42.984000,0,1,1411008172,1300,5,1300,-10,0,5,17
1,700,21.600000,42.984000,0,1,1411008178,1300,5,1300,-10,0,5,17
1,700,21.600000,42.984000,0,1,1411008184,1300,5,1300,-10,0,5,17
1,700,21.600000,42.984000,0,1,1411008189,1300,6,1300,-9,0,5,17
1,700,21.600000,42.984000,0,1,1411008196,1300,7,1300,-8,0,5,17
1,700,21.600000,42.984000,0,1,1411008202,1300,7,1300,-8,0,5,17
1,700,21.600000,42.984000,0,1,1411008208,1300,8,1300,-7,0,5,17
1,700,21.600000,42.984000,0,1,1411008214,1300,9,1300,-6,0,5,17
1,700,21.600000,42.984000,0,1,1411008220,1300,9,1300,-6,0,5,17
1,700,21.600000,42.984000,0,1,1411008226,1300,10,1300,-5,0,5,17
1,700,21.600000,42.984000,0,1,1411008231,1300,11,1300,-4,0,5,17
1,700,21.600000,42.984000,0,1,1411008237,1300,11,1300,-4,0,5,17
1,700,21.600000,42.984000,0,1,1411008242,1300,11,1300,-4,0,5,17
1,700,21.600000,42.984000,0,1,1411008248,1301,11,1301,-4,0,5,17
1,700,21.600000,42.984000,0,1,1411008254,1301,11,1301,-4,0,5,17
1,700,21.600000,42.984000,0,1,1411008259,1301,11,1301,-4,0,5,17
1,700,21.600000,42.984000,0,1,1411008265,1301,11,1301,-4,0,5,17
1,700,21.600000,42.984000,0,1,1411008270,1301,11,1301,-4,0,5,17
1,700,21.600000,42.984000,0,1,1411008276,1301,11,1301,-4,0,5,17
1,700,21.600000,42.984000,0,1,1411008282,1301,11,1301,-4,0,5,17
1,700,21.600000,42.984000,0,1,1411008288,1301,11,1301,-4,0,5,17
1,700,21.600000,42.984000,0,1,1411008293,1301,11,1301,-4,0,5,17
1,700,21.600000,42.984000,0,1,1411008299,1301,11,1301,-4,0,5,17
1,700,21.600000,42.984000,0,1,1411008304,1301,11,1301,-4,0,5,17
1,700,21.600000,42.984000,0,1,1411008310,1301,11,1301,-4,0,5,17
1,700,21.600000,42.984000,0,1,1411008316,1301,11,1301,-4,0,5,17
1,700,21.600000,42.984000,0,1,1411008321,1301,11,1301,-4,0,5,17
1,700,21.600000,42.984000,0,1,1411008327,1301,11,1301,-4,0,5,17
1,700,21.600000,42.984000,0,1,1411008333,1301,11,1301,-4,0,5,17
1,700,21.600000,42.984000,0,1,1411008351,1301,11,1301,-4,0,5,17
