1,350,50.400000,0.000000,0,0,1411100018,785,0,785,0,0,5,73
1,350,50.400000,0.000000,0,0,1411100020,785,0,785,0,0,5,73
1,350,50.400000,0.000000,0,0,1411100025,785,0,785,0,0,5,73
1,350,50.400000,0.000000,0,0,1411100031,785,0,785,0,0,5,73
1,350,50.400000,0.000000,0,0,1411100037,785,0,785,0,0,5,73
1,350,50.400000,0.000000,0,0,1411100042,785,0,785,0,0,5,73
1,350,50.400000,0.000000,0,0,1411100047,785,0,785,0,0,5,73
1,350,50.400000,0.000000,0,0,1411100053,785,0,785,0,0,5,73
1,350,50.400000,0.000000,0,0,1411100059,785,0,785,0,0,5,73
1,350,50.400000,0.000000,0,0,1411100064,785,0,785,0,0,5,73
1,350,50.400000,0.000000,0,0,1411100070,785,0,785,0,0,5,73
1,350,50.400000,0.000000,0,0,1411100075,786,0,786,0,0,5,73
1,350,50.400000,0.000000,0,0,1411100082,788,0,788,0,0,5,73
1,350,50.400000,0.000000,0,0,1411100087,792,0,792,-1,0,5,73
1,350,50.400000,0.000000,0,0,1411100093,796,0,796,-2,0,5,73
1,350,50.400000,0.000000,0,0,1411100099,803,0,803,-3,0,5,73
1,350,50.400000,0.000000,0,0,1411100104,812,0,812,-3,0,5,73
1,350,50.400000,0.000000,0,0,1411100110,824,0,824,-3,0,5,73
1,350,50.400000,0.000000,0,0,1411100116,837,0,837,-4,0,5,73
1,350,50.400000,0.000000,0,0,1411100122,851,0,851,-5,0,5,73
1,350,50.400000,0.000000,0,0,1411100127,868,0,868,-7,0,5,73
1,350,50.400000,0.000000,0,0,1411100133,885,0,885,-9,0,5,73
1,350,50.400000,0.000000,0,0,1411100139,899,0,899,-11,0,5,73
1,350,50.400000,0.000000,0,0,1411100144,913,0,913,-13,0,5,73
1,350,50.400000,0.000000,0,0,1411100150,930,0,930,-16,0,5,73
1,350,50.400000,0.000000,0,0,1411100155,947,0,947,-18,0,5,73
1,350,50.400000,0.000000,0,0,1411100160,964,0,964,-20,0,5,73
1,350,50.400000,0.000000,0,0,1411100166,981,0,981,-23,0,5,73
1,350,50.400000,0.000000,0,0,1411100171,998,0,998,-26,0,5,73
1,350,50.400000,0.000000,0,0,1411100177,1010,0,1010,-28,0,5,73
1,350,50.400000,0.000000,0,0,1411100183,1026,0,1026,-31,0,5,73
1,350,50.400000,0.000000,0,0,1411100189,1039,0,1039,-34,0,5,73
1,350,50.400000,0.000000,0,0,1411100196,1048,0,1048,-35,0,5,73
1,350,50.400000,0.000000,0,0,1411100202,1059,0,1059,-38,0,5,73
1,350,50.400000,0.000000,0,0,1411100208,1066,0,1066,-40,0,5,73
1,350,50.400000,0.000000,0,0,1411100214,1071,0,1071,-42,0,5,73
1,350,50.400000,0.000000,0,0,1411100219,1076,0,1076,-44,0,5,73
1,350,50.400000,0.000000,0,0,1411100225,1079,0,1079,-45,0,5,73
1,350,50.400000,0.000000,0,0,1411100231,1082,0,1082,-47,0,5,73
1,350,50.400000,0.000000,0,0,1411100237,1083,0,1083,-47,0,5,73
1,350,50.400000,0.000000,0,0,1411100243,1084,0,1084,-47,0,5,73
1,350,50.400000,0.000000,0,0,1411100248,1084,0,1084,-47,0,5,73
1,350,50.400000,0.000000,0,0,1411100254,1084,0,1084,-47,0,5,73
1,350,50.400000,0.000000,0,0,1411100260,1084,0,1084,-47,0,5,73
1,350,50.400000,0.000000,0,0,1411100265,1084,0,1084,-47,0,5,73
1,350,50.400000,0.000000,0,0,1411100271,1084,0,1084,-47,0,5,73
1,350,50.400000,0.000000,0,0,1411100276,1084,0,1084,-47,0,5,73
1,350,50.400000,0.000000,0,0,1411100282,1084,0,1084,-47,0,5,73
1,350,50.400000,0.000000,0,0,1411100287,1084,0,1084,-47,0,5,73
1,350,50.400000,0.000000,0,0,1411100293,1084,0,1084,-47,0,5,73
1,350,50.400000,0.000000,0,0,1411100298,1084,0,1084,-47,0,5,73
1,350,50.400000,0.000000,0,0,1411100304,1084,0,1084,-47,0,5,73
1,350,50.400000,0.000000,0,0,1411100309,1084,0,1084,-47,0,5,73
1,350,50.400000,0.000000,0,0,1411100315,1084,0,1084,-47,0,5,73
1,350,50.400000,0.000000,0,0,1411100321,1084,0,1084,-47,0,5,73
1,350,50.400000,0.000000,0,0,1411100326,1084,0,1084,-47,0,5,73
1,350,50.400000,0.000000,0,0,1411100332,1084,0,1084,-47,0,5,73
1,350,50.400000,0.000000,0,0,1411100337,1084,0,1084,-47,0,5,73
1,350,50.400000,0.000000,0,0,1411100343,1084,0,1084,-47,0,5,73
1,350,50.400000,0.000000,0,0,1411100348,1084,0,1084,-47,0,5,73
1,350,50.400000,0.000000,0,0,1411100354,1084,0,1084,-47,0,5,73
1,350,50.400000,0.000000,0,0,1411100360,1084,0,1084,-47,0,5,73
1,350,50.400000,0.000000,0,0,1411100365,1084,0,1084,-47,0,5,73
1,350,50.400000,0.000000,0,0,1411100371,1084,0,1084,-47,0,5,73
1,350,50.400000,0.000000,0,0,1411100376,1084,0,1084,-47,0,5,73
1,350,50.400000,0.000000,0,0,1411100382,1084,0,1084,-47,0,5,73
1,350,50.400000,0.000000,0,0,1411100387,1084,0,1084,-47,0,5,73
1,350,50.400000,0.000000,0,0,1411100393,1084,0,1084,-47,0,5,73
1,350,50.400000,0.000000,0,0,1411100398,1084,0,1084,-47,0,5,73
1,350,50.400000,0.000000,0,0,1411100404,1084,0,1084,-47,0,5,73
1,350,50.400000,0.000000,0,0,1411100410,1084,0,1084,-47,0,5,73
1,350,50.400000,0.000000,0,0,1411100415,1084,0,1084,-47,0,5,73
1,350,50.400000,0.000000,0,0,1411100420,1084,0,1084,-47,0,5,73
1,350,50.400000,0.000000,0,0,1411100426,1084,0,1084,-47,0,5,73
1,350,50.400000,0.000000,0,0,1411100431,1084,0,1084,-47,0,5,73
1,350,50.400000,0.000000,0,0,1411100437,1084,0,1084,-47,0,5,73
1,350,50.400000,0.000000,0,0,1411100443,1084,0,1084,-47,0,5,73
1,350,50.400000,0.000000,0,0,1411100448,1085,0,1085,-48,0,5,73
1,350,50.400000,0.000000,0,0,1411100454,1087,0,1087,-48,0,5,73
1,350,50.400000,0.000000,0,0,1411100460,1089,0,1089,-49,0,5,73
1,350,50.400000,0.000000,0,0,1411100466,1091,0,1091,-50,0,5,73
1,350,50.400000,0.000000,0,0,1411100471,1094,0,1094,-50,0,5,73
1,350,50.400000,0.000000,0,0,1411100477,1096,0,1096,-50,0,5,73
1,350,50.400000,0.000000,0,0,1411100482,1098,0,1098,-50,0,5,73
1,350,50.400000,0.000000,0,0,1411100488,1100,0,1100,-51,0,5,73
1,350,50.400000,0.000000,0,0,1411100494,1101,0,1101,-51,0,5,73
1,350,50.400000,0.000000,0,0,1411100500,1102,0,1102,-51,0,5,73
1,350,50.400000,0.000000,0,0,1411100506,1103,0,1103,-51,0,5,73
1,350,50.400000,0.000000,0,0,1411100512,1104,0,1104,-51,0,5,73
1,350,50.400000,0.000000,0,0,1411100518,1104,0,1104,-51,0,5,73
1,350,50.400000,0.000000,0,0,1411100524,1105,0,1105,-51,0,5,73
1,350,50.400000,0.000000,0,0,1411100530,1106,0,1106,-51,0,5,73
1,350,50.400000,0.000000,0,0,1411100535,1107,0,1107,-51,0,5,73
1,350,50.400000,0.000000,0,0,1411100540,1108,0,1108,-51,0,5,73
1,350,50.400000,0.000000,0,0,1411100546,1109,0,1109,-51,0,5,73
1,350,50.400000,0.000000,0,0,1411100553,1110,0,1110,-52,0,5,73
1,350,50.400000,0.000000,0,0,1411100558,1111,0,1111,-52,0,5,73
1,350,50.400000,0.000000,0,0,1411100564,1112,0,1112,-52,0,5,73
1,350,50.400000,0.000000,0,0,1411100570,1113,0,1113,-52,0,5,73
1,350,50.400000,0.000000,0,0,1411100575,1114,0,1114,-53,0,5,73
1,350,50.400000,0.000000,0,0,1411100581,1115,0,1115,-53,0,5,73
1,350,50.400000,0.000000,0,0,1411100587,1116,0,1116,-53,0,5,73
1,350,50.400000,0.000000,0,0,1411100593,1117,0,1117,-54,0,5,73
1,350,50.400000,0.000000,0,0,1411100598,1118,0,1118,-54,0,5,73
1,350,50.400000,0.000000,0,0,1411100603,1119,0,1119,-54,0,5,73
1,350,50.400000,0.000000,0,0,1411100609,1120,0,1120,-54,0,5,73
1,350,50.400000,0.000000,0,0,1411100615,1121,0,1121,-54,0,5,73
1,350,50.400000,0.000000,0,0,1411100620,1122,0,1122,-54,0,5,73
1,350,50.400000,0.000000,0,0,1411100626,1123,0,1123,-54,0,5,73
1,350,50.400000,0.000000,0,0,1411100632,1123,0,1123,-54,0,5,73
1,350,50.400000,0.000000,0,0,1411100637,1123,0,1123,-54,0,5,73
1,350,50.400000,0.000000,0,0,1411100643,1123,0,1123,-54,0,5,73
1,350,50.400000,0.000000,0,0,1411100648,1123,0,1123,-54,0,5,73
1,350,50.400000,0.000000,0,0,1411100654,1123,0,1123,-54,0,5,73
1,350,50.400000,0.000000,0,0,1411100659,1123,0,1123,-54,0,5,73
1,350,50.400000,0.000000,0,0,1411100665,1123,0,1123,-54,0,5,73
1,350,50.400000,0.000000,0,0,1411100670,1123,0,1123,-54,0,5,73
1,350,50.400000,0.000000,0,0,1411100676,1123,0,1123,-54,0,5,73
1,350,50.400000,0.000000,0,0,1411100681,1123,0,1123,-54,0,5,73
1,350,50.400000,0.000000,0,0,1411100687,1123,0,1123,-54,0,5,73
1,350,50.400000,0.000000,0,0,1411100692,1123,0,1123,-54,0,5,73
1,350,50.400000,0.000000,0,0,1411100698,1123,0,1123,-54,0,5,73
1,350,50.400000,0.000000,0,0,1411100704,1123,0,1123,-55,0,5,73
1,350,50.400000,0.000000,0,0,1411100710,1124,0,1124,-55,0,5,73
1,350,50.400000,0.000000,0,0,1411100716,1124,0,1124,-55,0,5,73
1,350,50.400000,0.000000,0,0,1411100721,1124,0,1124,-55,0,5,73
1,350,50.400000,0.000000,0,0,1411100727,1124,0,1124,-55,0,5,73
1,350,50.400000,0.000000,0,0,1411100732,1124,0,1124,-55,0,5,73
1,350,50.400000,0.000000,0,0,1411100738,1124,0,1124,-55,0,5,73
1,350,50.400000,0.000000,0,0,1411100744,1124,0,1124,-55,0,5,73
1,350,50.400000,0.000000,0,0,1411100750,1124,0,1124,-55,0,5,73
1,350,50.400000,0.000000,0,0,1411100755,1124,0,1124,-55,0,5,73
1,350,50.400000,0.000000,0,0,1411100761,1124,0,1124,-55,0,5,73
1,350,50.400000,0.000000,0,0,1411100766,1124,0,1124,-55,0,5,73
1,350,50.400000,0.000000,0,0,1411100772,1124,0,1124,-55,0,5,73
1,350,50.400000,0.000000,0,0,1411100778,1124,0,1124,-55,0,5,73
1,350,50.400000,0.000000,0,0,1411100783,1124,0,1124,-55,0,5,73
1,350,50.400000,0.000000,0,0,1411100789,1124,0,1124,-55,0,5,73
1,350,50.400000,0.000000,0,0,1411100794,1124,0,1124,-55,0,5,73
1,350,50.400000,0.000000,0,0,1411100800,1124,0,1124,-55,0,5,73
1,350,50.400000,0.000000,0,0,1411100805,1124,0,1124,-55,0,5,73
1,350,50.400000,0.000000,0,0,1411100811,1124,0,1124,-55,0,5,73
1,350,50.400000,0.000000,0,0,1411100816,1124,0,1124,-55,0,5,73
1,350,50.400000,0.000000,0,0,1411100822,1124,0,1124,-55,0,5,73
1,350,50.400000,0.000000,0,0,1411100827,1124,0,1124,-55,0,5,73
1,350,50.400000,0.000000,0,0,1411100833,1124,0,1124,-55,0,5,73
1,350,50.400000,0.000000,0,0,1411100838,1124,0,1124,-55,0,5,73
1,350,50.400000,0.000000,0,0,1411100857,1124,0,1124,-55,0,5,73
