1,350,82.800000,42.984000,1,1,1411398856,785,22,785,22,0,6,115
1,350,82.800000,42.984000,1,1,1411398857,785,22,785,22,0,6,115
1,350,82.800000,42.984000,1,1,1411398863,785,22,785,22,0,6,115
1,350,82.800000,42.984000,1,1,1411398869,785,22,785,22,0,6,115
1,350,82.800000,42.984000,1,1,1411398875,785,22,785,22,0,6,115
1,350,82.800000,42.984000,1,1,1411398880,785,22,785,22,0,6,115
1,350,82.800000,42.984000,1,1,1411398886,785,22,785,22,0,6,115
1,350,82.800000,42.984000,1,1,1411398892,785,22,785,22,0,6,115
1,350,82.800000,42.984000,1,1,1411398898,785,22,785,22,0,6,115
1,350,82.800000,42.984000,1,1,1411398904,785,22,785,22,0,6,115
1,350,82.800000,42.984000,1,1,1411398910,785,22,785,22,0,6,115
1,350,82.800000,42.984000,1,1,1411398915,785,22,785,22,0,6,115
1,350,82.800000,42.984000,1,1,1411398922,785,22,785,22,0,6,115
1,350,82.800000,42.984000,1,1,1411398928,785,23,785,23,0,6,115
1,350,82.800000,42.984000,1,1,1411398934,786,23,786,23,0,6,115
1,350,82.800000,42.984000,1,1,1411398940,787,23,787,23,0,6,115
1,350,82.800000,42.984000,1,1,1411398946,789,24,789,24,0,6,115
1,350,82.800000,42.984000,1,1,1411398951,791,24,791,24,0,6,115
1,350,82.800000,42.984000,1,1,1411398957,796,25,796,25,0,6,115
1,350,82.800000,42.984000,1,1,1411398962,801,25,801,25,0,6,115
1,350,82.800000,42.984000,1,1,1411398968,809,25,809,25,0,6,115
1,350,82.800000,42.984000,1,1,1411398974,818,25,818,25,0,6,115
1,350,82.800000,42.984000,1,1,1411398979,832,25,832,25,0,6,115
1,350,82.800000,42.984000,1,1,1411398985,849,25,849,25,0,6,115
1,350,82.800000,42.984000,1,1,1411398991,866,25,866,25,0,6,115
1,350,82.800000,42.984000,1,1,1411398997,885,24,885,24,0,6,115
1,350,82.800000,42.984000,1,1,1411399002,906,23,906,23,0,6,115
1,350,82.800000,42.984000,1,1,1411399008,928,22,928,22,0,6,115
1,350,82.800000,42.984000,1,1,1411399014,947,21,947,21,0,6,115
1,350,82.800000,42.984000,1,1,1411399020,968,21,968,21,0,6,115
1,350,82.800000,42.984000,1,1,1411399025,989,20,989,20,0,6,115
1,350,82.800000,42.984000,1,1,1411399032,1011,19,1011,19,0,6,115
1,350,82.800000,42.984000,1,1,1411399038,1039,18,1039,18,0,6,115
1,350,82.800000,42.984000,1,1,1411399044,1059,17,1059,17,0,6,115
1,350,82.800000,42.984000,1,1,1411399049,1079,16,1079,16,0,6,115
1,350,82.800000,42.984000,1,1,1411399055,1100,15,1100,15,0,6,115
1,350,82.800000,42.984000,1,1,1411399061,1117,15,1117,15,0,6,115
1,350,82.800000,42.984000,1,1,1411399067,1131,15,1131,15,0,6,115
1,350,82.800000,42.984000,1,1,1411399072,1147,14,1147,14,0,6,115
1,350,82.800000,42.984000,1,1,1411399078,1157,14,1157,14,0,6,115
1,350,82.800000,42.984000,1,1,1411399084,1165,14,1165,14,0,6,115
1,350,82.800000,42.984000,1,1,1411399089,1171,14,1171,14,0,6,115
1,350,82.800000,42.984000,1,1,1411399096,1180,14,1180,14,0,6,115
1,350,82.800000,42.984000,1,1,1411399101,1181,14,1181,14,0,6,115
1,350,82.800000,42.984000,1,1,1411399108,1182,14,1182,14,0,6,115
1,350,82.800000,42.984000,1,1,1411399113,1182,14,1182,14,0,6,115
1,350,82.800000,42.984000,1,1,1411399119,1182,14,1182,14,0,6,115
1,350,82.800000,42.984000,1,1,1411399124,1181,14,1181,14,0,6,115
1,350,82.800000,42.984000,1,1,1411399130,1180,14,1180,14,0,6,115
1,350,82.800000,42.984000,1,1,1411399136,1179,14,1179,14,0,6,115
1,350,82.800000,42.984000,1,1,1411399142,1178,14,1178,14,0,6,115
1,350,82.800000,42.984000,1,1,1411399147,1177,14,1177,14,0,6,115
1,350,82.800000,42.984000,1,1,1411399152,1176,14,1176,14,0,6,115
1,350,82.800000,42.984000,1,1,1411399158,1175,14,1175,14,0,6,115
1,350,82.800000,42.984000,1,1,1411399164,1174,14,1174,14,0,6,115
1,350,82.800000,42.984000,1,1,1411399169,1173,14,1173,14,0,6,115
1,350,82.800000,42.984000,1,1,1411399175,1172,14,1172,14,0,6,115
1,350,82.800000,42.984000,1,1,1411399181,1171,14,1171,14,0,6,115
1,350,82.800000,42.984000,1,1,1411399186,1170,14,1170,14,0,6,115
1,350,82.800000,42.984000,1,1,1411399192,1170,14,1170,14,0,6,115
1,350,82.800000,42.984000,1,1,1411399197,1170,14,1170,14,0,6,115
1,350,82.800000,42.984000,1,1,1411399203,1170,14,1170,14,0,6,115
1,350,82.800000,42.984000,1,1,1411399208,1170,14,1170,14,0,6,115
1,350,82.800000,42.984000,1,1,1411399215,1170,14,1170,14,0,6,115
1,350,82.800000,42.984000,1,1,1411399220,1170,14,1170,14,0,6,115
1,350,82.800000,42.984000,1,1,1411399226,1170,14,1170,14,0,6,115
1,350,82.800000,42.984000,1,1,1411399232,1170,14,1170,14,0,6,115
1,350,82.800000,42.984000,1,1,1411399238,1170,14,1170,14,0,6,115
1,350,82.800000,42.984000,1,1,1411399243,1170,14,1170,14,0,6,115
1,350,82.800000,42.984000,1,1,1411399249,1170,14,1170,14,0,6,115
1,350,82.800000,42.984000,1,1,1411399255,1170,14,1170,14,0,6,115
1,350,82.800000,42.984000,1,1,1411399261,1170,14,1170,14,0,6,115
1,350,82.800000,42.984000,1,1,1411399266,1170,14,1170,14,0,6,115
1,350,82.800000,42.984000,1,1,1411399271,1170,14,1170,14,0,6,115
1,350,82.800000,42.984000,1,1,1411399277,1170,14,1170,14,0,6,115
1,350,82.800000,42.984000,1,1,1411399282,1169,14,1169,14,0,6,115
1,350,82.800000,42.984000,1,1,1411399288,1168,14,1168,14,0,6,115
1,350,82.800000,42.984000,1,1,1411399294,1167,15,1167,15,0,6,115
1,350,82.800000,42.984000,1,1,1411399299,1165,15,1165,15,0,6,115
1,350,82.800000,42.984000,1,1,1411399305,1162,15,1162,15,0,6,115
1,350,82.800000,42.984000,1,1,1411399311,1160,15,1160,15,0,6,115
1,350,82.800000,42.984000,1,1,1411399316,1159,15,1159,15,0,6,115
1,350,82.800000,42.984000,1,1,1411399322,1158,15,1158,15,0,6,115
1,350,82.800000,42.984000,1,1,1411399328,1158,15,1158,15,0,6,115
1,350,82.800000,42.984000,1,1,1411399333,1157,15,1157,15,0,6,115
1,350,82.800000,42.984000,1,1,1411399338,1156,15,1156,15,0,6,115
1,350,82.800000,42.984000,1,1,1411399344,1156,15,1156,15,0,6,115
1,350,82.800000,42.984000,1,1,1411399365,1156,15,1156,15,0,6,115
