1,350,82.800000,10000.000000,0,0,1411568439,785,0,785,0,0,7,83
1,350,82.800000,10000.000000,0,0,1411568440,785,0,785,0,0,7,83
1,350,82.800000,10000.000000,0,0,1411568446,785,0,785,0,0,7,83
1,350,82.800000,10000.000000,0,0,1411568451,785,0,785,0,0,7,83
1,350,82.800000,10000.000000,0,0,1411568457,785,0,785,0,0,7,83
1,350,82.800000,10000.000000,0,0,1411568463,785,0,785,0,0,7,83
1,350,82.800000,10000.000000,0,0,1411568468,785,0,785,0,0,7,83
1,350,82.800000,10000.000000,0,0,1411568474,785,0,785,0,0,7,83
1,350,82.800000,10000.000000,0,0,1411568480,785,0,785,0,0,7,83
1,350,82.800000,10000.000000,0,0,1411568486,785,0,785,0,0,7,83
1,350,82.800000,10000.000000,0,0,1411568492,785,0,785,0,0,7,83
1,350,82.800000,10000.000000,0,0,1411568497,785,0,785,0,0,7,83
1,350,82.800000,10000.000000,0,0,1411568502,785,0,785,0,0,7,83
1,350,82.800000,10000.000000,0,0,1411568508,785,0,785,0,0,7,83
1,350,82.800000,10000.000000,0,0,1411568513,785,0,785,0,0,7,83
1,350,82.800000,10000.000000,0,0,1411568519,785,0,785,0,0,7,83
1,350,82.800000,10000.000000,0,0,1411568525,785,0,785,0,0,7,83
1,350,82.800000,10000.000000,0,0,1411568532,787,0,787,0,0,7,83
1,350,82.800000,10000.000000,0,0,1411568538,792,0,792,0,0,7,83
1,350,82.800000,10000.000000,0,0,1411568544,801,0,801,0,0,7,83
1,350,82.800000,10000.000000,0,0,1411568550,812,0,812,0,0,7,83
1,350,82.800000,10000.000000,0,0,1411568556,825,0,825,0,0,7,83
1,350,82.800000,10000.000000,0,0,1411568561,839,0,839,-1,0,7,83
1,350,82.800000,10000.000000,0,0,1411568566,852,0,852,-2,0,7,83
1,350,82.800000,10000.000000,0,0,1411568572,871,0,871,-3,0,7,83
1,350,82.800000,10000.000000,0,0,1411568578,888,0,888,-4,0,7,83
1,350,82.800000,10000.000000,0,0,1411568584,905,0,905,-6,0,7,83
1,350,82.800000,10000.000000,0,0,1411568590,931,0,931,-8,0,7,83
1,350,82.800000,10000.000000,0,0,1411568596,951,0,951,-10,0,7,83
1,350,82.800000,10000.000000,0,0,1411568601,969,0,969,-12,0,7,83
1,350,82.800000,10000.000000,0,0,1411568607,991,0,991,-14,0,7,83
1,350,82.800000,10000.000000,0,0,1411568613,1014,0,1014,-17,0,7,83
1,350,82.800000,10000.000000,0,0,1411568619,1034,0,1034,-20,0,7,83
1,350,82.800000,10000.000000,0,0,1411568625,1053,0,1053,-23,0,7,83
1,350,82.800000,10000.000000,0,0,1411568630,1073,0,1073,-26,0,7,83
1,350,82.800000,10000.000000,0,0,1411568636,1089,0,1089,-28,0,7,83
1,350,82.800000,10000.000000,0,0,1411568641,1103,0,1103,-30,0,7,83
1,350,82.800000,10000.000000,0,0,1411568647,1117,0,1117,-32,0,7,83
1,350,82.800000,10000.000000,0,0,1411568653,1126,0,1126,-33,0,7,83
1,350,82.800000,10000.000000,0,0,1411568658,1134,0,1134,-34,0,7,83
1,350,82.800000,10000.000000,0,0,1411568664,1139,0,1139,-35,0,7,83
1,350,82.800000,10000.000000,0,0,1411568670,1144,0,1144,-36,0,7,83
1,350,82.800000,10000.000000,0,0,1411568675,1146,0,1146,-37,0,7,83
1,350,82.800000,10000.000000,0,0,1411568681,1148,0,1148,-38,0,7,83
1,350,82.800000,10000.000000,0,0,1411568687,1150,0,1150,-39,0,7,83
1,350,82.800000,10000.000000,0,0,1411568692,1150,0,1150,-39,0,7,83
1,350,82.800000,10000.000000,0,0,1411568699,1150,0,1150,-39,0,7,83
1,350,82.800000,10000.000000,0,0,1411568705,1149,0,1149,-39,0,7,83
1,350,82.800000,10000.000000,0,0,1411568711,1148,0,1148,-39,0,7,83
1,350,82.800000,10000.000000,0,0,1411568716,1147,0,1147,-39,0,7,83
1,350,82.800000,10000.000000,0,0,1411568722,1146,0,1146,-39,0,7,83
1,350,82.800000,10000.000000,0,0,1411568728,1145,0,1145,-39,0,7,83
1,350,82.800000,10000.000000,0,0,1411568734,1143,0,1143,-39,0,7,83
1,350,82.800000,10000.000000,0,0,1411568740,1143,0,1143,-39,0,7,83
1,350,82.800000,10000.000000,0,0,1411568746,1143,0,1143,-39,0,7,83
1,350,82.800000,10000.000000,0,0,1411568751,1143,0,1143,-39,0,7,83
1,350,82.800000,10000.000000,0,0,1411568757,1143,0,1143,-39,0,7,83
1,350,82.800000,10000.000000,0,0,1411568763,1143,0,1143,-39,0,7,83
1,350,82.800000,10000.000000,0,0,1411568768,1143,0,1143,-39,0,7,83
1,350,82.800000,10000.000000,0,0,1411568774,1143,0,1143,-39,0,7,83
1,350,82.800000,10000.000000,0,0,1411568779,1143,0,1143,-39,0,7,83
1,350,82.800000,10000.000000,0,0,1411568785,1143,0,1143,-39,0,7,83
1,350,82.800000,10000.000000,0,0,1411568790,1143,0,1143,-39,0,7,83
1,350,82.800000,10000.000000,0,0,1411568796,1143,0,1143,-39,0,7,83
1,350,82.800000,10000.000000,0,0,1411568802,1143,0,1143,-39,0,7,83
1,350,82.800000,10000.000000,0,0,1411568807,1143,0,1143,-39,0,7,83
1,350,82.800000,10000.000000,0,0,1411568814,1143,0,1143,-39,0,7,83
1,350,82.800000,10000.000000,0,0,1411568819,1143,0,1143,-39,0,7,83
1,350,82.800000,10000.000000,0,0,1411568825,1143,0,1143,-39,0,7,83
1,350,82.800000,10000.000000,0,0,1411568831,1143,0,1143,-39,0,7,83
1,350,82.800000,10000.000000,0,0,1411568836,1143,0,1143,-39,0,7,83
1,350,82.800000,10000.000000,0,0,1411568842,1143,0,1143,-39,0,7,83
1,350,82.800000,10000.000000,0,0,1411568848,1143,0,1143,-39,0,7,83
1,350,82.800000,10000.000000,0,0,1411568854,1143,0,1143,-39,0,7,83
1,350,82.800000,10000.000000,0,0,1411568859,1143,0,1143,-39,0,7,83
1,350,82.800000,10000.000000,0,0,1411568865,1143,0,1143,-39,0,7,83
1,350,82.800000,10000.000000,0,0,1411568872,1143,0,1143,-39,0,7,83
1,350,82.800000,10000.000000,0,0,1411568877,1143,0,1143,-39,0,7,83
1,350,82.800000,10000.000000,0,0,1411568882,1143,0,1143,-39,0,7,83
1,350,82.800000,10000.000000,0,0,1411568888,1143,0,1143,-39,0,7,83
1,350,82.800000,10000.000000,0,0,1411568894,1143,0,1143,-39,0,7,83
1,350,82.800000,10000.000000,0,0,1411568913,1143,0,1143,-39,0,7,83
