1,350,21.600000,10000.000000,1,0,1411631944,785,0,785,0,0,7,117
1,350,21.600000,10000.000000,1,0,1411631945,785,0,785,0,0,7,117
1,350,21.600000,10000.000000,1,0,1411631951,785,0,785,0,0,7,117
1,350,21.600000,10000.000000,1,0,1411631957,785,0,785,0,0,7,117
1,350,21.600000,10000.000000,1,0,1411631962,785,0,785,0,0,7,117
1,350,21.600000,10000.000000,1,0,1411631968,785,0,785,0,0,7,117
1,350,21.600000,10000.000000,1,0,1411631974,785,0,785,0,0,7,117
1,350,21.600000,10000.000000,1,0,1411631980,785,0,785,0,0,7,117
1,350,21.600000,10000.000000,1,0,1411631985,785,0,785,0,0,7,117
1,350,21.600000,10000.000000,1,0,1411631990,785,0,785,0,0,7,117
1,350,21.600000,10000.000000,1,0,1411631996,785,0,785,0,0,7,117
1,350,21.600000,10000.000000,1,0,1411632001,785,0,785,0,0,7,117
1,350,21.600000,10000.000000,1,0,1411632007,785,0,785,0,0,7,117
1,350,21.600000,10000.000000,1,0,1411632013,786,0,786,0,0,7,117
1,350,21.600000,10000.000000,1,0,1411632019,789,1,789,1,0,7,117
1,350,21.600000,10000.000000,1,0,1411632025,792,1,792,1,0,7,117
1,350,21.600000,10000.000000,1,0,1411632030,796,2,796,2,0,7,117
1,350,21.600000,10000.000000,1,0,1411632036,804,2,804,2,0,7,117
1,350,21.600000,10000.000000,1,0,1411632042,812,3,812,3,0,7,117
1,350,21.600000,10000.000000,1,0,1411632047,821,3,821,3,0,7,117
1,350,21.600000,10000.000000,1,0,1411632053,831,3,831,3,0,7,117
1,350,21.600000,10000.000000,1,0,1411632059,844,3,844,3,0,7,117
1,350,21.600000,10000.000000,1,0,1411632065,856,3,856,3,0,7,117
1,350,21.600000,10000.000000,1,0,1411632070,873,3,873,3,0,7,117
1,350,21.600000,10000.000000,1,0,1411632076,892,2,892,2,0,7,117
1,350,21.600000,10000.000000,1,0,1411632082,910,1,910,1,0,7,117
1,350,21.600000,10000.000000,1,0,1411632088,927,0,927,0,0,7,117
1,350,21.600000,10000.000000,1,0,1411632094,948,0,948,-2,0,7,117
1,350,21.600000,10000.000000,1,0,1411632100,969,0,969,-4,0,7,117
1,350,21.600000,10000.000000,1,0,1411632105,995,0,995,-7,0,7,117
1,350,21.600000,10000.000000,1,0,1411632111,1017,0,1017,-9,0,7,117
1,350,21.600000,10000.000000,1,0,1411632117,1036,0,1036,-11,0,7,117
1,350,21.600000,10000.000000,1,0,1411632123,1060,0,1060,-14,0,7,117
1,350,21.600000,10000.000000,1,0,1411632129,1079,0,1079,-17,0,7,117
1,350,21.600000,10000.000000,1,0,1411632135,1096,0,1096,-19,0,7,117
1,350,21.600000,10000.000000,1,0,1411632141,1110,0,1110,-21,0,7,117
1,350,21.600000,10000.000000,1,0,1411632146,1123,0,1123,-22,0,7,117
1,350,21.600000,10000.000000,1,0,1411632152,1133,0,1133,-23,0,7,117
1,350,21.600000,10000.000000,1,0,1411632158,1140,0,1140,-24,0,7,117
1,350,21.600000,10000.000000,1,0,1411632163,1145,0,1145,-25,0,7,117
1,350,21.600000,10000.000000,1,0,1411632169,1148,0,1148,-25,0,7,117
1,350,21.600000,10000.000000,1,0,1411632174,1150,0,1150,-26,0,7,117
1,350,21.600000,10000.000000,1,0,1411632180,1152,0,1152,-27,0,7,117
1,350,21.600000,10000.000000,1,0,1411632185,1154,0,1154,-28,0,7,117
1,350,21.600000,10000.000000,1,0,1411632191,1154,0,1154,-28,0,7,117
1,350,21.600000,10000.000000,1,0,1411632197,1154,0,1154,-28,0,7,117
1,350,21.600000,10000.000000,1,0,1411632204,1154,0,1154,-28,0,7,117
1,350,21.600000,10000.000000,1,0,1411632209,1154,0,1154,-28,0,7,117
1,350,21.600000,10000.000000,1,0,1411632216,1153,0,1153,-28,0,7,117
1,350,21.600000,10000.000000,1,0,1411632222,1152,0,1152,-28,0,7,117
1,350,21.600000,10000.000000,1,0,1411632228,1151,0,1151,-28,0,7,117
1,350,21.600000,10000.000000,1,0,1411632233,1150,0,1150,-28,0,7,117
1,350,21.600000,10000.000000,1,0,1411632239,1150,0,1150,-28,0,7,117
1,350,21.600000,10000.000000,1,0,1411632244,1150,0,1150,-28,0,7,117
1,350,21.600000,10000.000000,1,0,1411632250,1150,0,1150,-28,0,7,117
1,350,21.600000,10000.000000,1,0,1411632256,1150,0,1150,-28,0,7,117
1,350,21.600000,10000.000000,1,0,1411632262,1150,0,1150,-28,0,7,117
1,350,21.600000,10000.000000,1,0,1411632268,1150,0,1150,-28,0,7,117
1,350,21.600000,10000.000000,1,0,1411632273,1150,0,1150,-28,0,7,117
1,350,21.600000,10000.000000,1,0,1411632279,1150,0,1150,-28,0,7,117
1,350,21.600000,10000.000000,1,0,1411632285,1150,0,1150,-28,0,7,117
1,350,21.600000,10000.000000,1,0,1411632291,1150,0,1150,-28,0,7,117
1,350,21.600000,10000.000000,1,0,1411632296,1149,0,1149,-28,0,7,117
1,350,21.600000,10000.000000,1,0,1411632302,1148,0,1148,-28,0,7,117
1,350,21.600000,10000.000000,1,0,1411632308,1147,0,1147,-28,0,7,117
1,350,21.600000,10000.000000,1,0,1411632313,1146,0,1146,-28,0,7,117
1,350,21.600000,10000.000000,1,0,1411632319,1145,0,1145,-28,0,7,117
1,350,21.600000,10000.000000,1,0,1411632325,1145,0,1145,-28,0,7,117
1,350,21.600000,10000.000000,1,0,1411632330,1145,0,1145,-28,0,7,117
1,350,21.600000,10000.000000,1,0,1411632336,1145,0,1145,-28,0,7,117
1,350,21.600000,10000.000000,1,0,1411632341,1145,0,1145,-28,0,7,117
1,350,21.600000,10000.000000,1,0,1411632347,1145,0,1145,-28,0,7,117
1,350,21.600000,10000.000000,1,0,1411632353,1145,0,1145,-28,0,7,117
1,350,21.600000,10000.000000,1,0,1411632358,1146,0,1146,-28,0,7,117
1,350,21.600000,10000.000000,1,0,1411632364,1147,0,1147,-28,0,7,117
1,350,21.600000,10000.000000,1,0,1411632369,1148,0,1148,-28,0,7,117
1,350,21.600000,10000.000000,1,0,1411632375,1149,0,1149,-28,0,7,117
1,350,21.600000,10000.000000,1,0,1411632381,1150,0,1150,-28,0,7,117
1,350,21.600000,10000.000000,1,0,1411632386,1151,0,1151,-28,0,7,117
1,350,21.600000,10000.000000,1,0,1411632392,1151,0,1151,-28,0,7,117
1,350,21.600000,10000.000000,1,0,1411632398,1151,0,1151,-28,0,7,117
1,350,21.600000,10000.000000,1,0,1411632403,1151,0,1151,-28,0,7,117
1,350,21.600000,10000.000000,1,0,1411632409,1151,0,1151,-28,0,7,117
1,350,21.600000,10000.000000,1,0,1411632415,1151,0,1151,-28,0,7,117
1,350,21.600000,10000.000000,1,0,1411632420,1151,0,1151,-28,0,7,117
1,350,21.600000,10000.000000,1,0,1411632426,1151,0,1151,-28,0,7,117
1,350,21.600000,10000.000000,1,0,1411632431,1151,0,1151,-28,0,7,117
1,350,21.600000,10000.000000,1,0,1411632437,1151,0,1151,-28,0,7,117
1,350,21.600000,10000.000000,1,0,1411632443,1151,0,1151,-28,0,7,117
1,350,21.600000,10000.000000,1,0,1411632448,1151,0,1151,-28,0,7,117
1,350,21.600000,10000.000000,1,0,1411632454,1150,0,1150,-28,0,7,117
1,350,21.600000,10000.000000,1,0,1411632460,1149,0,1149,-28,0,7,117
1,350,21.600000,10000.000000,1,0,1411632465,1148,0,1148,-28,0,7,117
1,350,21.600000,10000.000000,1,0,1411632471,1148,0,1148,-28,0,7,117
1,350,21.600000,10000.000000,1,0,1411632477,1147,0,1147,-28,0,7,117
1,350,21.600000,10000.000000,1,0,1411632482,1146,0,1146,-28,0,7,117
1,350,21.600000,10000.000000,1,0,1411632488,1145,0,1145,-28,0,7,117
1,350,21.600000,10000.000000,1,0,1411632493,1144,0,1144,-28,0,7,117
1,350,21.600000,10000.000000,1,0,1411632499,1143,0,1143,-28,0,7,117
1,350,21.600000,10000.000000,1,0,1411632505,1142,0,1142,-28,0,7,117
1,350,21.600000,10000.000000,1,0,1411632511,1141,0,1141,-28,0,7,117
1,350,21.600000,10000.000000,1,0,1411632516,1140,0,1140,-28,0,7,117
1,350,21.600000,10000.000000,1,0,1411632522,1140,1,1140,-27,0,7,117
1,350,21.600000,10000.000000,1,0,1411632527,1140,2,1140,-26,0,7,117
1,350,21.600000,10000.000000,1,0,1411632533,1140,3,1140,-25,0,7,117
1,350,21.600000,10000.000000,1,0,1411632539,1140,3,1140,-25,0,7,117
1,350,21.600000,10000.000000,1,0,1411632544,1140,3,1140,-25,0,7,117
1,350,21.600000,10000.000000,1,0,1411632549,1139,3,1139,-25,0,7,117
1,350,21.600000,10000.000000,1,0,1411632555,1139,3,1139,-25,0,7,117
1,350,21.600000,10000.000000,1,0,1411632561,1139,3,1139,-25,0,7,117
1,350,21.600000,10000.000000,1,0,1411632566,1139,3,1139,-25,0,7,117
1,350,21.600000,10000.000000,1,0,1411632572,1139,3,1139,-25,0,7,117
1,350,21.600000,10000.000000,1,0,1411632577,1139,3,1139,-25,0,7,117
1,350,21.600000,10000.000000,1,0,1411632584,1139,3,1139,-25,0,7,117
1,350,21.600000,10000.000000,1,0,1411632589,1139,3,1139,-25,0,7,117
1,350,21.600000,10000.000000,1,0,1411632595,1139,3,1139,-25,0,7,117
1,350,21.600000,10000.000000,1,0,1411632600,1139,3,1139,-25,0,7,117
1,350,21.600000,10000.000000,1,0,1411632606,1139,3,1139,-25,0,7,117
1,350,21.600000,10000.000000,1,0,1411632612,1139,3,1139,-25,0,7,117
1,350,21.600000,10000.000000,1,0,1411632631,1139,3,1139,-25,0,7,117
