1,350,21.600000,0.000000,1,0,1411662197,785,0,785,0,0,8,13
1,350,21.600000,0.000000,1,0,1411662199,785,0,785,0,0,8,13
1,350,21.600000,0.000000,1,0,1411662205,785,0,785,0,0,8,13
1,350,21.600000,0.000000,1,0,1411662211,785,0,785,0,0,8,13
1,350,21.600000,0.000000,1,0,1411662217,785,0,785,0,0,8,13
1,350,21.600000,0.000000,1,0,1411662223,785,0,785,0,0,8,13
1,350,21.600000,0.000000,1,0,1411662229,785,0,785,0,0,8,13
1,350,21.600000,0.000000,1,0,1411662235,785,0,785,0,0,8,13
1,350,21.600000,0.000000,1,0,1411662240,785,0,785,0,0,8,13
1,350,21.600000,0.000000,1,0,1411662245,785,0,785,0,0,8,13
1,350,21.600000,0.000000,1,0,1411662251,785,0,785,0,0,8,13
1,350,21.600000,0.000000,1,0,1411662257,785,0,785,0,0,8,13
1,350,21.600000,0.000000,1,0,1411662262,785,0,785,0,0,8,13
1,350,21.600000,0.000000,1,0,1411662269,787,0,787,0,0,8,13
1,350,21.600000,0.000000,1,0,1411662274,792,0,792,0,0,8,13
1,350,21.600000,0.000000,1,0,1411662280,798,0,798,0,0,8,13
1,350,21.600000,0.000000,1,0,1411662286,808,0,808,0,0,8,13
1,350,21.600000,0.000000,1,0,1411662292,817,0,817,0,0,8,13
1,350,21.600000,0.000000,1,0,1411662297,828,0,828,0,0,8,13
1,350,21.600000,0.000000,1,0,1411662302,840,0,840,0,0,8,13
1,350,21.600000,0.000000,1,0,1411662308,856,0,856,0,0,8,13
1,350,21.600000,0.000000,1,0,1411662314,867,0,867,0,0,8,13
1,350,21.600000,0.000000,1,0,1411662320,881,0,881,0,0,8,13
1,350,21.600000,0.000000,1,0,1411662326,901,0,901,0,0,8,13
1,350,21.600000,0.000000,1,0,1411662331,918,0,918,-1,0,8,13
1,350,21.600000,0.000000,1,0,1411662337,935,0,935,-1,0,8,13
1,350,21.600000,0.000000,1,0,1411662343,952,0,952,-2,0,8,13
1,350,21.600000,0.000000,1,0,1411662349,971,0,971,-4,0,8,13
1,350,21.600000,0.000000,1,0,1411662354,989,0,989,-6,0,8,13
1,350,21.600000,0.000000,1,0,1411662359,1006,0,1006,-8,0,8,13
1,350,21.600000,0.000000,1,0,1411662365,1023,0,1023,-9,0,8,13
1,350,21.600000,0.000000,1,0,1411662371,1036,0,1036,-11,0,8,13
1,350,21.600000,0.000000,1,0,1411662376,1048,0,1048,-13,0,8,13
1,350,21.600000,0.000000,1,0,1411662382,1056,0,1056,-14,0,8,13
1,350,21.600000,0.000000,1,0,1411662388,1064,0,1064,-15,0,8,13
1,350,21.600000,0.000000,1,0,1411662393,1070,0,1070,-16,0,8,13
1,350,21.600000,0.000000,1,0,1411662399,1073,0,1073,-16,0,8,13
1,350,21.600000,0.000000,1,0,1411662405,1075,0,1075,-16,0,8,13
1,350,21.600000,0.000000,1,0,1411662410,1078,0,1078,-17,0,8,13
1,350,21.600000,0.000000,1,0,1411662416,1081,0,1081,-18,0,8,13
1,350,21.600000,0.000000,1,0,1411662422,1081,0,1081,-18,0,8,13
1,350,21.600000,0.000000,1,0,1411662428,1081,0,1081,-18,0,8,13
1,350,21.600000,0.000000,1,0,1411662434,1081,0,1081,-18,0,8,13
1,350,21.600000,0.000000,1,0,1411662439,1081,0,1081,-18,0,8,13
1,350,21.600000,0.000000,1,0,1411662445,1081,0,1081,-18,0,8,13
1,350,21.600000,0.000000,1,0,1411662450,1081,0,1081,-18,0,8,13
1,350,21.600000,0.000000,1,0,1411662456,1081,0,1081,-18,0,8,13
1,350,21.600000,0.000000,1,0,1411662461,1081,0,1081,-18,0,8,13
1,350,21.600000,0.000000,1,0,1411662467,1081,0,1081,-18,0,8,13
1,350,21.600000,0.000000,1,0,1411662473,1081,0,1081,-18,0,8,13
1,350,21.600000,0.000000,1,0,1411662478,1081,0,1081,-18,0,8,13
1,350,21.600000,0.000000,1,0,1411662485,1081,0,1081,-18,0,8,13
1,350,21.600000,0.000000,1,0,1411662490,1081,0,1081,-18,0,8,13
1,350,21.600000,0.000000,1,0,1411662496,1082,0,1082,-18,0,8,13
1,350,21.600000,0.000000,1,0,1411662502,1083,0,1083,-18,0,8,13
1,350,21.600000,0.000000,1,0,1411662507,1084,0,1084,-18,0,8,13
1,350,21.600000,0.000000,1,0,1411662513,1085,0,1085,-18,0,8,13
1,350,21.600000,0.000000,1,0,1411662519,1085,0,1085,-19,0,8,13
1,350,21.600000,0.000000,1,0,1411662524,1086,0,1086,-20,0,8,13
1,350,21.600000,0.000000,1,0,1411662530,1087,0,1087,-21,0,8,13
1,350,21.600000,0.000000,1,0,1411662536,1088,0,1088,-22,0,8,13
1,350,21.600000,0.000000,1,0,1411662541,1088,0,1088,-22,0,8,13
1,350,21.600000,0.000000,1,0,1411662546,1088,0,1088,-22,0,8,13
1,350,21.600000,0.000000,1,0,1411662553,1088,0,1088,-22,0,8,13
1,350,21.600000,0.000000,1,0,1411662558,1088,0,1088,-22,0,8,13
1,350,21.600000,0.000000,1,0,1411662564,1088,0,1088,-22,0,8,13
1,350,21.600000,0.000000,1,0,1411662569,1088,0,1088,-22,0,8,13
1,350,21.600000,0.000000,1,0,1411662575,1088,0,1088,-22,0,8,13
1,350,21.600000,0.000000,1,0,1411662581,1088,0,1088,-22,0,8,13
1,350,21.600000,0.000000,1,0,1411662586,1089,0,1089,-22,0,8,13
1,350,21.600000,0.000000,1,0,1411662592,1090,0,1090,-22,0,8,13
1,350,21.600000,0.000000,1,0,1411662598,1091,0,1091,-22,0,8,13
1,350,21.600000,0.000000,1,0,1411662604,1093,1,1093,-21,0,8,13
1,350,21.600000,0.000000,1,0,1411662609,1096,2,1096,-20,0,8,13
1,350,21.600000,0.000000,1,0,1411662615,1098,2,1098,-20,0,8,13
1,350,21.600000,0.000000,1,0,1411662621,1102,3,1102,-19,0,8,13
1,350,21.600000,0.000000,1,0,1411662627,1105,4,1105,-18,0,8,13
1,350,21.600000,0.000000,1,0,1411662633,1109,5,1109,-17,0,8,13
1,350,21.600000,0.000000,1,0,1411662639,1113,5,1113,-17,0,8,13
1,350,21.600000,0.000000,1,0,1411662645,1116,6,1116,-16,0,8,13
1,350,21.600000,0.000000,1,0,1411662651,1119,7,1119,-15,0,8,13
1,350,21.600000,0.000000,1,0,1411662656,1121,7,1121,-15,0,8,13
1,350,21.600000,0.000000,1,0,1411662662,1123,8,1123,-14,0,8,13
1,350,21.600000,0.000000,1,0,1411662668,1125,8,1125,-14,0,8,13
1,350,21.600000,0.000000,1,0,1411662674,1127,9,1127,-13,0,8,13
1,350,21.600000,0.000000,1,0,1411662679,1128,9,1128,-13,0,8,13
1,350,21.600000,0.000000,1,0,1411662685,1129,9,1129,-13,0,8,13
1,350,21.600000,0.000000,1,0,1411662691,1130,10,1130,-12,0,8,13
1,350,21.600000,0.000000,1,0,1411662697,1131,11,1131,-11,0,8,13
1,350,21.600000,0.000000,1,0,1411662703,1132,12,1132,-10,0,8,13
1,350,21.600000,0.000000,1,0,1411662708,1132,12,1132,-10,0,8,13
1,350,21.600000,0.000000,1,0,1411662714,1132,13,1132,-9,0,8,13
1,350,21.600000,0.000000,1,0,1411662720,1132,13,1132,-9,0,8,13
1,350,21.600000,0.000000,1,0,1411662726,1131,13,1131,-9,0,8,13
1,350,21.600000,0.000000,1,0,1411662731,1130,13,1130,-9,0,8,13
1,350,21.600000,0.000000,1,0,1411662737,1130,13,1130,-9,0,8,13
1,350,21.600000,0.000000,1,0,1411662742,1130,13,1130,-9,0,8,13
1,350,21.600000,0.000000,1,0,1411662748,1130,13,1130,-9,0,8,13
1,350,21.600000,0.000000,1,0,1411662754,1130,14,1130,-8,0,8,13
1,350,21.600000,0.000000,1,0,1411662759,1130,15,1130,-7,0,8,13
1,350,21.600000,0.000000,1,0,1411662765,1130,16,1130,-6,0,8,13
1,350,21.600000,0.000000,1,0,1411662771,1130,16,1130,-6,0,8,13
1,350,21.600000,0.000000,1,0,1411662776,1130,16,1130,-6,0,8,13
1,350,21.600000,0.000000,1,0,1411662782,1130,16,1130,-6,0,8,13
1,350,21.600000,0.000000,1,0,1411662788,1130,16,1130,-6,0,8,13
1,350,21.600000,0.000000,1,0,1411662793,1130,16,1130,-6,0,8,13
1,350,21.600000,0.000000,1,0,1411662798,1130,16,1130,-6,0,8,13
1,350,21.600000,0.000000,1,0,1411662804,1130,16,1130,-6,0,8,13
1,350,21.600000,0.000000,1,0,1411662810,1130,16,1130,-6,0,8,13
1,350,21.600000,0.000000,1,0,1411662816,1130,16,1130,-6,0,8,13
1,350,21.600000,0.000000,1,0,1411662822,1130,16,1130,-6,0,8,13
1,350,21.600000,0.000000,1,0,1411662828,1130,16,1130,-6,0,8,13
1,350,21.600000,0.000000,1,0,1411662833,1130,16,1130,-6,0,8,13
1,350,21.600000,0.000000,1,0,1411662839,1130,16,1130,-6,0,8,13
1,350,21.600000,0.000000,1,0,1411662845,1130,16,1130,-6,0,8,13
1,350,21.600000,0.000000,1,0,1411662851,1130,16,1130,-6,0,8,13
1,350,21.600000,0.000000,1,0,1411662856,1130,16,1130,-6,0,8,13
1,350,21.600000,0.000000,1,0,1411662862,1130,16,1130,-6,0,8,13
1,350,21.600000,0.000000,1,0,1411662868,1130,16,1130,-6,0,8,13
1,350,21.600000,0.000000,1,0,1411662873,1130,16,1130,-6,0,8,13
1,350,21.600000,0.000000,1,0,1411662879,1130,16,1130,-6,0,8,13
1,350,21.600000,0.000000,1,0,1411662885,1130,16,1130,-6,0,8,13
1,350,21.600000,0.000000,1,0,1411662905,1130,16,1130,-6,0,8,13
