3,700,50.400000,42.984000,1,0,12110935,610,0,610,0,0,0,36
3,700,50.400000,42.984000,1,0,12110936,610,0,610,0,0,0,36
3,700,50.400000,42.984000,1,0,12110947,610,0,610,0,0,0,36
3,700,50.400000,42.984000,1,0,12110958,610,0,610,0,0,0,36
3,700,50.400000,42.984000,1,0,12110968,611,0,611,0,0,0,36
3,700,50.400000,42.984000,1,0,12110979,613,0,613,0,0,0,36
3,700,50.400000,42.984000,1,0,12110991,621,0,621,-1,0,0,36
3,700,50.400000,42.984000,1,0,12111001,641,0,641,-2,0,0,36
3,700,50.400000,42.984000,1,0,12111014,673,0,673,-4,0,0,36
3,700,50.400000,42.984000,1,0,12111026,718,0,718,-4,0,0,36
3,700,50.400000,42.984000,1,0,12111037,779,0,779,-5,0,0,36
3,700,50.400000,42.984000,1,0,12111048,841,0,841,-6,0,0,36
3,700,50.400000,42.984000,1,0,12111059,909,0,909,-8,0,0,36
3,700,50.400000,42.984000,1,0,12111070,980,0,980,-11,0,0,36
3,700,50.400000,42.984000,1,0,12111082,1051,0,1051,-14,0,0,36
3,700,50.400000,42.984000,1,0,12111093,1123,0,1123,-18,0,0,36
3,700,50.400000,42.984000,1,0,12111103,1183,0,1183,-21,0,0,36
3,700,50.400000,42.984000,1,0,12111114,1233,0,1233,-23,0,0,36
3,700,50.400000,42.984000,1,0,12111126,1274,0,1274,-25,0,0,36
3,700,50.400000,42.984000,1,0,12111137,1305,0,1305,-26,0,0,36
3,700,50.400000,42.984000,1,0,12111148,1327,0,1327,-27,0,0,36
3,700,50.400000,42.984000,1,0,12111158,1337,0,1337,-27,0,0,36
3,700,50.400000,42.984000,1,0,12111168,1341,0,1341,-27,0,0,36
3,700,50.400000,42.984000,1,0,12111178,1345,0,1345,-27,0,0,36
3,700,50.400000,42.984000,1,0,12111188,1345,0,1345,-27,0,0,36
3,700,50.400000,42.984000,1,0,12111199,1345,0,1345,-27,0,0,36
3,700,50.400000,42.984000,1,0,12111209,1344,0,1344,-27,0,0,36
3,700,50.400000,42.984000,1,0,12111219,1343,0,1343,-27,0,0,36
3,700,50.400000,42.984000,1,0,12111229,1342,0,1342,-27,0,0,36
3,700,50.400000,42.984000,1,0,12111239,1341,0,1341,-27,0,0,36
3,700,50.400000,42.984000,1,0,12111249,1341,0,1341,-27,0,0,36
3,700,50.400000,42.984000,1,0,12111260,1341,0,1341,-27,0,0,36
3,700,50.400000,42.984000,1,0,12111271,1341,0,1341,-27,0,0,36
3,700,50.400000,42.984000,1,0,12111282,1339,0,1339,-27,0,0,36
3,700,50.400000,42.984000,1,0,12111293,1335,1,1335,-26,0,0,36
3,700,50.400000,42.984000,1,0,12111305,1331,1,1331,-26,0,0,36
3,700,50.400000,42.984000,1,0,12111315,1328,2,1328,-25,0,0,36
3,700,50.400000,42.984000,1,0,12111325,1325,3,1325,-24,0,0,36
3,700,50.400000,42.984000,1,0,12111335,1325,3,1325,-24,0,0,36
3,700,50.400000,42.984000,1,0,12111345,1325,3,1325,-24,0,0,36
3,700,50.400000,42.984000,1,0,12111355,1325,3,1325,-24,0,0,36
3,700,50.400000,42.984000,1,0,12111364,1325,3,1325,-24,0,0,36
3,700,50.400000,42.984000,1,0,12111374,1325,3,1325,-24,0,0,36
3,700,50.400000,42.984000,1,0,12111384,1324,3,1324,-24,0,0,36
3,700,50.400000,42.984000,1,0,12111394,1322,3,1322,-24,0,0,36
3,700,50.400000,42.984000,1,0,12111404,1319,3,1319,-24,0,0,36
3,700,50.400000,42.984000,1,0,12111415,1316,4,1316,-23,0,0,36
3,700,50.400000,42.984000,1,0,12111425,1315,4,1315,-23,0,0,36
3,700,50.400000,42.984000,1,0,12111434,1314,5,1314,-22,0,0,36
3,700,50.400000,42.984000,1,0,12111444,1313,6,1313,-21,0,0,36
3,700,50.400000,42.984000,1,0,12111454,1313,6,1313,-21,0,0,36
3,700,50.400000,42.984000,1,0,12111465,1313,6,1313,-21,0,0,36
3,700,50.400000,42.984000,1,0,12111476,1313,6,1313,-21,0,0,36
3,700,50.400000,42.984000,1,0,12111486,1313,6,1313,-21,0,0,36
3,700,50.400000,42.984000,1,0,12111499,1313,6,1313,-21,0,0,36
3,700,50.400000,42.984000,1,0,12111511,1313,6,1313,-21,0,0,36
3,700,50.400000,42.984000,1,0,12111521,1313,6,1313,-21,0,0,36
3,700,50.400000,42.984000,1,0,12111532,1313,6,1313,-21,0,0,36
3,700,50.400000,42.984000,1,0,12111545,1313,6,1313,-21,0,0,36
3,700,50.400000,42.984000,1,0,12111555,1313,6,1313,-21,0,0,36
3,700,50.400000,42.984000,1,0,12111566,1313,6,1313,-21,0,0,36
3,700,50.400000,42.984000,1,0,12111578,1313,6,1313,-21,0,0,36
3,700,50.400000,42.984000,1,0,12111590,1313,6,1313,-21,0,0,36
3,700,50.400000,42.984000,1,0,12111601,1313,6,1313,-21,0,0,36
3,700,50.400000,42.984000,1,0,12111612,1313,6,1313,-21,0,0,36
3,700,50.400000,42.984000,1,0,12111621,1313,6,1313,-21,0,0,36
