3,350,82.800000,12.276000,0,1,12280231,785,22,785,22,0,1,50
3,350,82.800000,12.276000,0,1,12280232,785,22,785,22,0,1,50
3,350,82.800000,12.276000,0,1,12280243,785,22,785,22,0,1,50
3,350,82.800000,12.276000,0,1,12280254,785,22,785,22,0,1,50
3,350,82.800000,12.276000,0,1,12280265,785,22,785,22,0,1,50
3,350,82.800000,12.276000,0,1,12280276,785,22,785,22,0,1,50
3,350,82.800000,12.276000,0,1,12280285,786,22,786,22,0,1,50
3,350,82.800000,12.276000,0,1,12280296,790,22,790,22,0,1,50
3,350,82.800000,12.276000,0,1,12280308,800,21,800,21,0,1,50
3,350,82.800000,12.276000,0,1,12280319,821,19,821,19,0,1,50
3,350,82.800000,12.276000,0,1,12280330,851,17,851,17,0,1,50
3,350,82.800000,12.276000,0,1,12280341,890,14,890,14,0,1,50
3,350,82.800000,12.276000,0,1,12280352,933,11,933,11,0,1,50
3,350,82.800000,12.276000,0,1,12280363,973,9,973,9,0,1,50
3,350,82.800000,12.276000,0,1,12280375,1021,6,1021,6,0,1,50
3,350,82.800000,12.276000,0,1,12280386,1068,3,1068,3,0,1,50
3,350,82.800000,12.276000,0,1,12280399,1105,0,1105,-1,0,1,50
3,350,82.800000,12.276000,0,1,12280412,1140,0,1140,-5,0,1,50
3,350,82.800000,12.276000,0,1,12280423,1161,0,1161,-9,0,1,50
3,350,82.800000,12.276000,0,1,12280437,1171,0,1171,-11,0,1,50
3,350,82.800000,12.276000,0,1,12280449,1177,0,1177,-12,0,1,50
3,350,82.800000,12.276000,0,1,12280464,1177,0,1177,-12,0,1,50
3,350,82.800000,12.276000,0,1,12280475,1173,0,1173,-12,0,1,50
3,350,82.800000,12.276000,0,1,12280487,1166,0,1166,-12,0,1,50
3,350,82.800000,12.276000,0,1,12280497,1160,0,1160,-12,0,1,50
3,350,82.800000,12.276000,0,1,12280508,1156,0,1156,-12,0,1,50
3,350,82.800000,12.276000,0,1,12280520,1154,1,1154,-11,0,1,50
3,350,82.800000,12.276000,0,1,12280530,1152,2,1152,-10,0,1,50
3,350,82.800000,12.276000,0,1,12280540,1152,2,1152,-10,0,1,50
3,350,82.800000,12.276000,0,1,12280553,1152,2,1152,-10,0,1,50
3,350,82.800000,12.276000,0,1,12280564,1152,2,1152,-10,0,1,50
3,350,82.800000,12.276000,0,1,12280575,1152,2,1152,-10,0,1,50
3,350,82.800000,12.276000,0,1,12280586,1152,2,1152,-10,0,1,50
3,350,82.800000,12.276000,0,1,12280595,1151,2,1151,-10,0,1,50
3,350,82.800000,12.276000,0,1,12280605,1150,2,1150,-10,0,1,50
3,350,82.800000,12.276000,0,1,12280615,1149,2,1149,-10,0,1,50
3,350,82.800000,12.276000,0,1,12280625,1147,2,1147,-10,0,1,50
3,350,82.800000,12.276000,0,1,12280635,1144,2,1144,-10,0,1,50
3,350,82.800000,12.276000,0,1,12280645,1142,2,1142,-10,0,1,50
3,350,82.800000,12.276000,0,1,12280655,1140,2,1140,-10,0,1,50
3,350,82.800000,12.276000,0,1,12280665,1138,2,1138,-10,0,1,50
3,350,82.800000,12.276000,0,1,12280676,1138,2,1138,-10,0,1,50
