3,700,21.600000,12.276000,0,1,12289071,610,22,610,22,0,1,57
3,700,21.600000,12.276000,0,1,12289072,610,22,610,22,0,1,57
3,700,21.600000,12.276000,0,1,12289083,612,22,612,22,0,1,57
3,700,21.600000,12.276000,0,1,12289093,616,21,616,21,0,1,57
3,700,21.600000,12.276000,0,1,12289105,623,20,623,20,0,1,57
3,700,21.600000,12.276000,0,1,12289117,634,19,634,19,0,1,57
3,700,21.600000,12.276000,0,1,12289128,652,17,652,17,0,1,57
3,700,21.600000,12.276000,0,1,12289140,675,15,675,15,0,1,57
3,700,21.600000,12.276000,0,1,12289150,711,13,711,13,0,1,57
3,700,21.600000,12.276000,0,1,12289163,747,11,747,11,0,1,57
3,700,21.600000,12.276000,0,1,12289175,807,7,807,7,0,1,57
3,700,21.600000,12.276000,0,1,12289186,869,2,869,2,0,1,57
3,700,21.600000,12.276000,0,1,12289197,930,0,930,-2,0,1,57
3,700,21.600000,12.276000,0,1,12289207,993,0,993,-7,0,1,57
3,700,21.600000,12.276000,0,1,12289217,1047,0,1047,-11,0,1,57
3,700,21.600000,12.276000,0,1,12289227,1100,0,1100,-15,0,1,57
3,700,21.600000,12.276000,0,1,12289238,1151,0,1151,-18,0,1,57
3,700,21.600000,12.276000,0,1,12289252,1192,0,1192,-20,0,1,57
3,700,21.600000,12.276000,0,1,12289264,1232,0,1232,-23,0,1,57
3,700,21.600000,12.276000,0,1,12289276,1260,0,1260,-25,0,1,57
3,700,21.600000,12.276000,0,1,12289288,1273,0,1273,-25,0,1,57
3,700,21.600000,12.276000,0,1,12289298,1278,0,1278,-26,0,1,57
3,700,21.600000,12.276000,0,1,12289309,1278,0,1278,-26,0,1,57
3,700,21.600000,12.276000,0,1,12289320,1277,0,1277,-26,0,1,57
3,700,21.600000,12.276000,0,1,12289331,1275,0,1275,-26,0,1,57
3,700,21.600000,12.276000,0,1,12289341,1273,1,1273,-25,0,1,57
3,700,21.600000,12.276000,0,1,12289352,1271,1,1271,-25,0,1,57
3,700,21.600000,12.276000,0,1,12289362,1270,2,1270,-24,0,1,57
3,700,21.600000,12.276000,0,1,12289373,1269,2,1269,-24,0,1,57
3,700,21.600000,12.276000,0,1,12289383,1268,2,1268,-24,0,1,57
3,700,21.600000,12.276000,0,1,12289395,1268,2,1268,-24,0,1,57
3,700,21.600000,12.276000,0,1,12289407,1268,2,1268,-24,0,1,57
3,700,21.600000,12.276000,0,1,12289417,1268,2,1268,-24,0,1,57
3,700,21.600000,12.276000,0,1,12289428,1268,2,1268,-24,0,1,57
3,700,21.600000,12.276000,0,1,12289439,1268,2,1268,-24,0,1,57
3,700,21.600000,12.276000,0,1,12289450,1268,2,1268,-24,0,1,57
3,700,21.600000,12.276000,0,1,12289460,1268,2,1268,-24,0,1,57
3,700,21.600000,12.276000,0,1,12289473,1271,3,1271,-23,0,1,57
3,700,21.600000,12.276000,0,1,12289484,1280,3,1280,-23,0,1,57
3,700,21.600000,12.276000,0,1,12289496,1291,3,1291,-23,0,1,57
3,700,21.600000,12.276000,0,1,12289509,1301,3,1301,-23,0,1,57
3,700,21.600000,12.276000,0,1,12289520,1306,3,1306,-23,0,1,57
3,700,21.600000,12.276000,0,1,12289530,1306,3,1306,-23,0,1,57
3,700,21.600000,12.276000,0,1,12289540,1306,3,1306,-23,0,1,57
3,700,21.600000,12.276000,0,1,12289551,1304,3,1304,-23,0,1,57
3,700,21.600000,12.276000,0,1,12289562,1300,3,1300,-23,0,1,57
3,700,21.600000,12.276000,0,1,12289572,1295,5,1295,-21,0,1,57
3,700,21.600000,12.276000,0,1,12289584,1290,6,1290,-20,0,1,57
3,700,21.600000,12.276000,0,1,12289595,1285,8,1285,-18,0,1,57
3,700,21.600000,12.276000,0,1,12289605,1282,9,1282,-17,0,1,57
3,700,21.600000,12.276000,0,1,12289616,1281,10,1281,-16,0,1,57
3,700,21.600000,12.276000,0,1,12289627,1281,10,1281,-16,0,1,57
3,700,21.600000,12.276000,0,1,12289639,1281,10,1281,-16,0,1,57
3,700,21.600000,12.276000,0,1,12289649,1281,10,1281,-16,0,1,57
3,700,21.600000,12.276000,0,1,12289660,1282,10,1282,-16,0,1,57
3,700,21.600000,12.276000,0,1,12289670,1284,10,1284,-16,0,1,57
3,700,21.600000,12.276000,0,1,12289681,1287,10,1287,-16,0,1,57
3,700,21.600000,12.276000,0,1,12289691,1292,10,1292,-16,0,1,57
3,700,21.600000,12.276000,0,1,12289707,1298,10,1298,-16,0,1,57
3,700,21.600000,12.276000,0,1,12289718,1306,9,1306,-17,0,1,57
3,700,21.600000,12.276000,0,1,12289729,1309,9,1309,-17,0,1,57
3,700,21.600000,12.276000,0,1,12289740,1309,9,1309,-17,0,1,57
3,700,21.600000,12.276000,0,1,12289750,1308,9,1308,-17,0,1,57
3,700,21.600000,12.276000,0,1,12289760,1307,9,1307,-17,0,1,57
3,700,21.600000,12.276000,0,1,12289771,1305,9,1305,-17,0,1,57
3,700,21.600000,12.276000,0,1,12289781,1304,9,1304,-17,0,1,57
3,700,21.600000,12.276000,0,1,12289792,1303,9,1303,-17,0,1,57
3,700,21.600000,12.276000,0,1,12289803,1302,9,1302,-17,0,1,57
3,700,21.600000,12.276000,0,1,12289814,1302,9,1302,-17,0,1,57
3,700,21.600000,12.276000,0,1,12289824,1302,9,1302,-17,0,1,57
3,700,21.600000,12.276000,0,1,12289835,1302,9,1302,-17,0,1,57
3,700,21.600000,12.276000,0,1,12289846,1302,9,1302,-17,0,1,57
3,700,21.600000,12.276000,0,1,12289859,1302,9,1302,-17,0,1,57
3,700,21.600000,12.276000,0,1,12289869,1302,9,1302,-17,0,1,57
3,700,21.600000,12.276000,0,1,12289880,1302,9,1302,-17,0,1,57
3,700,21.600000,12.276000,0,1,12289890,1302,9,1302,-17,0,1,57
3,700,21.600000,12.276000,0,1,12289901,1302,9,1302,-17,0,1,57
3,700,21.600000,12.276000,0,1,12289912,1302,9,1302,-17,0,1,57
3,700,21.600000,12.276000,0,1,12289923,1302,9,1302,-17,0,1,57
3,700,21.600000,12.276000,0,1,12289934,1302,9,1302,-17,0,1,57
3,700,21.600000,12.276000,0,1,12289945,1302,9,1302,-17,0,1,57
3,700,21.600000,12.276000,0,1,12289956,1302,9,1302,-17,0,1,57
3,700,21.600000,12.276000,0,1,12289966,1302,9,1302,-17,0,1,57
3,700,21.600000,12.276000,0,1,12289976,1302,9,1302,-17,0,1,57
