3,700,21.600000,42.984000,0,0,12657311,610,0,610,0,0,3,111
3,700,21.600000,42.984000,0,0,12657312,610,0,610,0,0,3,111
3,700,21.600000,42.984000,0,0,12657323,610,0,610,0,0,3,111
3,700,21.600000,42.984000,0,0,12657334,610,0,610,0,0,3,111
3,700,21.600000,42.984000,0,0,12657344,610,0,610,0,0,3,111
3,700,21.600000,42.984000,0,0,12657354,610,0,610,0,0,3,111
3,700,21.600000,42.984000,0,0,12657365,610,0,610,0,0,3,111
3,700,21.600000,42.984000,0,0,12657378,614,0,614,-1,0,3,111
3,700,21.600000,42.984000,0,0,12657393,626,0,626,-3,0,3,111
3,700,21.600000,42.984000,0,0,12657404,657,0,657,-5,0,3,111
3,700,21.600000,42.984000,0,0,12657415,706,0,706,-6,0,3,111
3,700,21.600000,42.984000,0,0,12657425,768,0,768,-6,0,3,111
3,700,21.600000,42.984000,0,0,12657437,830,0,830,-7,0,3,111
3,700,21.600000,42.984000,0,0,12657450,914,0,914,-9,0,3,111
3,700,21.600000,42.984000,0,0,12657461,1008,0,1008,-11,0,3,111
3,700,21.600000,42.984000,0,0,12657471,1086,0,1086,-13,0,3,111
3,700,21.600000,42.984000,0,0,12657483,1160,0,1160,-15,0,3,111
3,700,21.600000,42.984000,0,0,12657495,1217,0,1217,-16,0,3,111
3,700,21.600000,42.984000,0,0,12657507,1271,0,1271,-16,0,3,111
3,700,21.600000,42.984000,0,0,12657518,1302,0,1302,-17,0,3,111
3,700,21.600000,42.984000,0,0,12657528,1314,0,1314,-17,0,3,111
3,700,21.600000,42.984000,0,0,12657538,1326,0,1326,-17,0,3,111
3,700,21.600000,42.984000,0,0,12657548,1325,0,1325,-17,0,3,111
3,700,21.600000,42.984000,0,0,12657558,1323,0,1323,-17,0,3,111
3,700,21.600000,42.984000,0,0,12657571,1321,0,1321,-17,0,3,111
3,700,21.600000,42.984000,0,0,12657581,1320,1,1320,-16,0,3,111
3,700,21.600000,42.984000,0,0,12657591,1319,2,1319,-15,0,3,111
3,700,21.600000,42.984000,0,0,12657602,1319,2,1319,-15,0,3,111
3,700,21.600000,42.984000,0,0,12657613,1319,2,1319,-15,0,3,111
3,700,21.600000,42.984000,0,0,12657624,1319,2,1319,-15,0,3,111
3,700,21.600000,42.984000,0,0,12657634,1319,2,1319,-15,0,3,111
3,700,21.600000,42.984000,0,0,12657644,1319,2,1319,-15,0,3,111
3,700,21.600000,42.984000,0,0,12657654,1319,2,1319,-15,0,3,111
3,700,21.600000,42.984000,0,0,12657666,1319,2,1319,-15,0,3,111
3,700,21.600000,42.984000,0,0,12657678,1319,2,1319,-15,0,3,111
3,700,21.600000,42.984000,0,0,12657689,1316,3,1316,-14,0,3,111
3,700,21.600000,42.984000,0,0,12657700,1311,4,1311,-13,0,3,111
3,700,21.600000,42.984000,0,0,12657712,1307,4,1307,-13,0,3,111
3,700,21.600000,42.984000,0,0,12657723,1306,5,1306,-12,0,3,111
3,700,21.600000,42.984000,0,0,12657732,1306,5,1306,-12,0,3,111
3,700,21.600000,42.984000,0,0,12657744,1306,5,1306,-12,0,3,111
3,700,21.600000,42.984000,0,0,12657757,1306,5,1306,-12,0,3,111
3,700,21.600000,42.984000,0,0,12657769,1307,5,1307,-12,0,3,111
3,700,21.600000,42.984000,0,0,12657781,1309,5,1309,-12,0,3,111
3,700,21.600000,42.984000,0,0,12657791,1310,5,1310,-12,0,3,111
3,700,21.600000,42.984000,0,0,12657800,1310,5,1310,-12,0,3,111
3,700,21.600000,42.984000,0,0,12657810,1310,5,1310,-12,0,3,111
3,700,21.600000,42.984000,0,0,12657820,1310,5,1310,-12,0,3,111
3,700,21.600000,42.984000,0,0,12657830,1310,5,1310,-12,0,3,111
3,700,21.600000,42.984000,0,0,12657840,1310,5,1310,-12,0,3,111
3,700,21.600000,42.984000,0,0,12657850,1310,5,1310,-12,0,3,111
3,700,21.600000,42.984000,0,0,12657860,1310,5,1310,-12,0,3,111
3,700,21.600000,42.984000,0,0,12657870,1310,5,1310,-12,0,3,111
3,700,21.600000,42.984000,0,0,12657880,1310,5,1310,-12,0,3,111
3,700,21.600000,42.984000,0,0,12657890,1310,5,1310,-12,0,3,111
3,700,21.600000,42.984000,0,0,12657900,1310,5,1310,-12,0,3,111
3,700,21.600000,42.984000,0,0,12657910,1310,5,1310,-12,0,3,111
3,700,21.600000,42.984000,0,0,12657921,1310,5,1310,-12,0,3,111
3,700,21.600000,42.984000,0,0,12657931,1310,5,1310,-12,0,3,111
3,700,21.600000,42.984000,0,0,12657941,1310,5,1310,-12,0,3,111
3,700,21.600000,42.984000,0,0,12657953,1310,5,1310,-12,0,3,111
3,700,21.600000,42.984000,0,0,12657963,1310,5,1310,-12,0,3,111
