3,700,21.600000,12.276000,1,0,13086806,610,0,610,0,1,5,87
3,700,21.600000,12.276000,1,0,13086807,610,0,610,0,1,5,87
3,700,21.600000,12.276000,1,0,13086817,610,0,610,0,1,5,87
3,700,21.600000,12.276000,1,0,13086827,610,0,610,0,1,5,87
3,700,21.600000,12.276000,1,0,13086837,610,0,610,0,1,5,87
3,700,21.600000,12.276000,1,0,13086848,610,0,610,0,1,5,87
3,700,21.600000,12.276000,1,0,13086859,610,0,610,0,1,5,87
3,700,21.600000,12.276000,1,0,13086870,610,0,610,0,1,5,87
3,700,21.600000,12.276000,1,0,13086882,613,0,613,0,1,5,87
3,700,21.600000,12.276000,1,0,13086893,621,0,621,-1,1,5,87
3,700,21.600000,12.276000,1,0,13086905,635,0,635,-2,1,5,87
3,700,21.600000,12.276000,1,0,13086916,659,0,659,-3,1,5,87
3,700,21.600000,12.276000,1,0,13086926,687,0,687,-4,1,5,87
3,700,21.600000,12.276000,1,0,13086938,726,0,726,-5,1,5,87
3,700,21.600000,12.276000,1,0,13086949,780,0,780,-7,1,5,87
3,700,21.600000,12.276000,1,0,13086959,840,0,840,-8,1,5,87
3,700,21.600000,12.276000,1,0,13086971,898,0,898,-10,1,5,87
3,700,21.600000,12.276000,1,0,13086983,972,0,972,-11,1,5,87
3,700,21.600000,12.276000,1,0,13086994,1034,0,1034,-11,1,5,87
3,700,21.600000,12.276000,1,0,13087006,1100,0,1100,-11,1,5,87
3,700,21.600000,12.276000,1,0,13087018,1168,0,1168,-11,1,5,87
3,700,21.600000,12.276000,1,0,13087028,1211,0,1211,-11,1,5,87
3,700,21.600000,12.276000,1,0,13087038,1242,1,1242,-10,1,5,87
3,700,21.600000,12.276000,1,0,13087048,1265,1,1265,-10,1,5,87
3,700,21.600000,12.276000,1,0,13087062,1281,2,1281,-9,1,5,87
3,700,21.600000,12.276000,1,0,13087073,1289,2,1289,-9,1,5,87
3,700,21.600000,12.276000,1,0,13087085,1289,2,1289,-9,1,5,87
3,700,21.600000,12.276000,1,0,13087098,1289,2,1289,-9,1,5,87
3,700,21.600000,12.276000,1,0,13087108,1289,2,1289,-9,1,5,87
3,700,21.600000,12.276000,1,0,13087118,1289,2,1289,-9,1,5,87
3,700,21.600000,12.276000,1,0,13087130,1289,2,1289,-9,1,5,87
3,700,21.600000,12.276000,1,0,13087142,1289,2,1289,-9,1,5,87
3,700,21.600000,12.276000,1,0,13087152,1289,2,1289,-9,1,5,87
3,700,21.600000,12.276000,1,0,13087163,1289,2,1289,-9,1,5,87
3,700,21.600000,12.276000,1,0,13087174,1289,2,1289,-9,1,5,87
3,700,21.600000,12.276000,1,0,13087185,1289,2,1289,-9,1,5,87
3,700,21.600000,12.276000,1,0,13087195,1290,2,1290,-9,1,5,87
3,700,21.600000,12.276000,1,0,13087205,1291,2,1291,-9,1,5,87
3,700,21.600000,12.276000,1,0,13087217,1292,2,1292,-9,1,5,87
3,700,21.600000,12.276000,1,0,13087227,1293,2,1293,-9,1,5,87
3,700,21.600000,12.276000,1,0,13087238,1293,2,1293,-9,1,5,87
3,700,21.600000,12.276000,1,0,13087248,1293,2,1293,-9,1,5,87
3,700,21.600000,12.276000,1,0,13087261,1294,2,1294,-9,1,5,87
3,700,21.600000,12.276000,1,0,13087271,1295,2,1295,-9,1,5,87
3,700,21.600000,12.276000,1,0,13087283,1295,2,1295,-9,1,5,87
3,700,21.600000,12.276000,1,0,13087295,1296,2,1296,-9,1,5,87
3,700,21.600000,12.276000,1,0,13087306,1298,2,1298,-9,1,5,87
3,700,21.600000,12.276000,1,0,13087316,1302,2,1302,-9,1,5,87
3,700,21.600000,12.276000,1,0,13087327,1309,1,1309,-10,1,5,87
3,700,21.600000,12.276000,1,0,13087340,1318,1,1318,-10,1,5,87
3,700,21.600000,12.276000,1,0,13087351,1328,1,1328,-10,1,5,87
3,700,21.600000,12.276000,1,0,13087361,1331,1,1331,-10,1,5,87
3,700,21.600000,12.276000,1,0,13087371,1334,1,1334,-10,1,5,87
3,700,21.600000,12.276000,1,0,13087381,1332,1,1332,-10,1,5,87
3,700,21.600000,12.276000,1,0,13087391,1327,2,1327,-9,1,5,87
3,700,21.600000,12.276000,1,0,13087401,1321,3,1321,-8,1,5,87
3,700,21.600000,12.276000,1,0,13087412,1317,4,1317,-7,1,5,87
3,700,21.600000,12.276000,1,0,13087421,1315,5,1315,-6,1,5,87
3,700,21.600000,12.276000,1,0,13087431,1315,5,1315,-6,1,5,87
3,700,21.600000,12.276000,1,0,13087441,1315,5,1315,-6,1,5,87
3,700,21.600000,12.276000,1,0,13087451,1315,5,1315,-6,1,5,87
3,700,21.600000,12.276000,1,0,13087464,1315,5,1315,-6,1,5,87
3,700,21.600000,12.276000,1,0,13087474,1315,5,1315,-6,1,5,87
3,700,21.600000,12.276000,1,0,13087485,1315,5,1315,-6,1,5,87
3,700,21.600000,12.276000,1,0,13087494,1315,5,1315,-6,1,5,87
3,700,21.600000,12.276000,1,0,13087504,1315,5,1315,-6,1,5,87
3,700,21.600000,12.276000,1,0,13087514,1315,5,1315,-6,1,5,87
3,700,21.600000,12.276000,1,0,13087527,1315,5,1315,-6,1,5,87
3,700,21.600000,12.276000,1,0,13087538,1315,5,1315,-6,1,5,87
3,700,21.600000,12.276000,1,0,13087551,1315,5,1315,-6,1,5,87
3,700,21.600000,12.276000,1,0,13087562,1315,5,1315,-6,1,5,87
3,700,21.600000,12.276000,1,0,13087573,1315,5,1315,-6,1,5,87
3,700,21.600000,12.276000,1,0,13087584,1315,5,1315,-6,1,5,87
3,700,21.600000,12.276000,1,0,13087595,1315,5,1315,-6,1,5,87
3,700,21.600000,12.276000,1,0,13087606,1315,5,1315,-6,0,5,87
