3,350,21.600000,42.984000,0,0,13150278,785,0,785,0,0,6,17
3,350,21.600000,42.984000,0,0,13150279,785,0,785,0,0,6,17
3,350,21.600000,42.984000,0,0,13150289,789,0,789,-1,0,6,17
3,350,21.600000,42.984000,0,0,13150302,793,0,793,-1,0,6,17
3,350,21.600000,42.984000,0,0,13150313,800,0,800,-3,0,6,17
3,350,21.600000,42.984000,0,0,13150325,809,0,809,-4,0,6,17
3,350,21.600000,42.984000,0,0,13150338,825,0,825,-6,0,6,17
3,350,21.600000,42.984000,0,0,13150349,853,0,853,-9,0,6,17
3,350,21.600000,42.984000,0,0,13150359,888,0,888,-12,0,6,17
3,350,21.600000,42.984000,0,0,13150376,926,0,926,-14,0,6,17
3,350,21.600000,42.984000,0,0,13150393,988,0,988,-18,0,6,17
3,350,21.600000,42.984000,0,0,13150407,1050,0,1050,-21,0,6,17
3,350,21.600000,42.984000,0,0,13150419,1084,0,1084,-21,0,6,17
3,350,21.600000,42.984000,0,0,13150429,1108,0,1108,-22,0,6,17
3,350,21.600000,42.984000,0,0,13150441,1127,0,1127,-23,0,6,17
3,350,21.600000,42.984000,0,0,13150453,1145,0,1145,-24,0,6,17
3,350,21.600000,42.984000,0,0,13150466,1157,0,1157,-24,0,6,17
3,350,21.600000,42.984000,0,0,13150476,1165,0,1165,-25,0,6,17
3,350,21.600000,42.984000,0,0,13150488,1168,0,1168,-25,0,6,17
3,350,21.600000,42.984000,0,0,13150501,1170,0,1170,-25,0,6,17
3,350,21.600000,42.984000,0,0,13150510,1170,0,1170,-25,0,6,17
3,350,21.600000,42.984000,0,0,13150520,1170,0,1170,-25,0,6,17
3,350,21.600000,42.984000,0,0,13150533,1170,0,1170,-25,0,6,17
3,350,21.600000,42.984000,0,0,13150544,1170,0,1170,-25,0,6,17
3,350,21.600000,42.984000,0,0,13150556,1169,0,1169,-25,0,6,17
3,350,21.600000,42.984000,0,0,13150566,1169,0,1169,-25,0,6,17
3,350,21.600000,42.984000,0,0,13150577,1168,0,1168,-25,0,6,17
3,350,21.600000,42.984000,0,0,13150588,1167,0,1167,-25,0,6,17
3,350,21.600000,42.984000,0,0,13150598,1167,0,1167,-25,0,6,17
3,350,21.600000,42.984000,0,0,13150609,1167,0,1167,-25,0,6,17
3,350,21.600000,42.984000,0,0,13150619,1167,0,1167,-25,0,6,17
3,350,21.600000,42.984000,0,0,13150630,1167,0,1167,-25,0,6,17
3,350,21.600000,42.984000,0,0,13150640,1167,0,1167,-25,0,6,17
3,350,21.600000,42.984000,0,0,13150651,1165,1,1165,-24,0,6,17
3,350,21.600000,42.984000,0,0,13150662,1161,2,1161,-23,0,6,17
3,350,21.600000,42.984000,0,0,13150675,1158,2,1158,-23,0,6,17
3,350,21.600000,42.984000,0,0,13150685,1156,2,1156,-23,0,6,17
3,350,21.600000,42.984000,0,0,13150697,1155,2,1155,-23,0,6,17
3,350,21.600000,42.984000,0,0,13150707,1155,2,1155,-23,0,6,17
3,350,21.600000,42.984000,0,0,13150718,1155,2,1155,-23,0,6,17
3,350,21.600000,42.984000,0,0,13150729,1155,2,1155,-23,0,6,17
3,350,21.600000,42.984000,0,0,13150741,1155,2,1155,-23,0,6,17
3,350,21.600000,42.984000,0,0,13150751,1155,2,1155,-23,0,6,17
3,350,21.600000,42.984000,0,0,13150763,1154,3,1154,-22,0,6,17
3,350,21.600000,42.984000,0,0,13150774,1151,3,1151,-22,0,6,17
3,350,21.600000,42.984000,0,0,13150784,1148,4,1148,-21,0,6,17
3,350,21.600000,42.984000,0,0,13150796,1146,4,1146,-21,0,6,17
3,350,21.600000,42.984000,0,0,13150807,1145,5,1145,-20,0,6,17
3,350,21.600000,42.984000,0,0,13150817,1144,6,1144,-19,0,6,17
3,350,21.600000,42.984000,0,0,13150829,1144,6,1144,-19,0,6,17
3,350,21.600000,42.984000,0,0,13150840,1144,6,1144,-19,0,6,17
3,350,21.600000,42.984000,0,0,13150850,1144,6,1144,-19,0,6,17
3,350,21.600000,42.984000,0,0,13150861,1144,6,1144,-19,0,6,17
3,350,21.600000,42.984000,0,0,13150872,1144,6,1144,-19,0,6,17
3,350,21.600000,42.984000,0,0,13150883,1144,6,1144,-19,0,6,17
3,350,21.600000,42.984000,0,0,13150893,1144,6,1144,-19,0,6,17
3,350,21.600000,42.984000,0,0,13150905,1143,6,1143,-19,0,6,17
3,350,21.600000,42.984000,0,0,13150915,1142,6,1142,-19,0,6,17
3,350,21.600000,42.984000,0,0,13150925,1141,6,1141,-19,0,6,17
3,350,21.600000,42.984000,0,0,13150938,1140,7,1140,-18,0,6,17
3,350,21.600000,42.984000,0,0,13150948,1140,7,1140,-18,0,6,17
