3,700,82.800000,12.276000,0,1,13212185,610,22,610,22,0,6,68
3,700,82.800000,12.276000,0,1,13212186,610,22,610,22,0,6,68
3,700,82.800000,12.276000,0,1,13212196,610,22,610,22,0,6,68
3,700,82.800000,12.276000,0,1,13212206,610,22,610,22,0,6,68
3,700,82.800000,12.276000,0,1,13212216,610,22,610,22,0,6,68
3,700,82.800000,12.276000,0,1,13212227,610,22,610,22,0,6,68
3,700,82.800000,12.276000,0,1,13212237,610,22,610,22,0,6,68
3,700,82.800000,12.276000,0,1,13212249,614,22,614,22,0,6,68
3,700,82.800000,12.276000,0,1,13212260,626,21,626,21,0,6,68
3,700,82.800000,12.276000,0,1,13212271,647,18,647,18,0,6,68
3,700,82.800000,12.276000,0,1,13212282,681,16,681,16,0,6,68
3,700,82.800000,12.276000,0,1,13212295,728,13,728,13,0,6,68
3,700,82.800000,12.276000,0,1,13212309,799,8,799,8,0,6,68
3,700,82.800000,12.276000,0,1,13212321,877,2,877,2,0,6,68
3,700,82.800000,12.276000,0,1,13212332,954,0,954,-3,0,6,68
3,700,82.800000,12.276000,0,1,13212344,1026,0,1026,-8,0,6,68
3,700,82.800000,12.276000,0,1,13212356,1101,0,1101,-13,0,6,68
3,700,82.800000,12.276000,0,1,13212368,1171,0,1171,-16,0,6,68
3,700,82.800000,12.276000,0,1,13212379,1228,0,1228,-18,0,6,68
3,700,82.800000,12.276000,0,1,13212390,1270,0,1270,-19,0,6,68
3,700,82.800000,12.276000,0,1,13212402,1296,0,1296,-20,0,6,68
3,700,82.800000,12.276000,0,1,13212412,1309,0,1309,-20,0,6,68
3,700,82.800000,12.276000,0,1,13212424,1311,0,1311,-20,0,6,68
3,700,82.800000,12.276000,0,1,13212435,1311,0,1311,-20,0,6,68
3,700,82.800000,12.276000,0,1,13212447,1311,0,1311,-20,0,6,68
3,700,82.800000,12.276000,0,1,13212460,1311,0,1311,-20,0,6,68
3,700,82.800000,12.276000,0,1,13212471,1311,0,1311,-20,0,6,68
3,700,82.800000,12.276000,0,1,13212484,1311,0,1311,-20,0,6,68
3,700,82.800000,12.276000,0,1,13212496,1311,0,1311,-20,0,6,68
3,700,82.800000,12.276000,0,1,13212506,1311,0,1311,-20,0,6,68
3,700,82.800000,12.276000,0,1,13212520,1311,0,1311,-20,0,6,68
3,700,82.800000,12.276000,0,1,13212531,1311,0,1311,-20,0,6,68
3,700,82.800000,12.276000,0,1,13212540,1311,0,1311,-20,0,6,68
3,700,82.800000,12.276000,0,1,13212551,1311,0,1311,-20,0,6,68
3,700,82.800000,12.276000,0,1,13212563,1311,0,1311,-20,0,6,68
3,700,82.800000,12.276000,0,1,13212574,1311,0,1311,-20,0,6,68
3,700,82.800000,12.276000,0,1,13212587,1311,0,1311,-20,0,6,68
3,700,82.800000,12.276000,0,1,13212598,1311,0,1311,-20,0,6,68
3,700,82.800000,12.276000,0,1,13212609,1311,0,1311,-20,0,6,68
