3,700,50.400000,42.984000,0,1,13308499,610,22,610,22,0,7,20
3,700,50.400000,42.984000,0,1,13308500,610,22,610,22,0,7,20
3,700,50.400000,42.984000,0,1,13308510,610,22,610,22,0,7,20
3,700,50.400000,42.984000,0,1,13308520,610,22,610,22,0,7,20
3,700,50.400000,42.984000,0,1,13308531,611,22,611,22,0,7,20
3,700,50.400000,42.984000,0,1,13308542,613,22,613,22,0,7,20
3,700,50.400000,42.984000,0,1,13308554,619,21,619,21,0,7,20
3,700,50.400000,42.984000,0,1,13308566,634,19,634,19,0,7,20
3,700,50.400000,42.984000,0,1,13308576,666,17,666,17,0,7,20
3,700,50.400000,42.984000,0,1,13308590,702,16,702,16,0,7,20
3,700,50.400000,42.984000,0,1,13308603,756,14,756,14,0,7,20
3,700,50.400000,42.984000,0,1,13308617,828,10,828,10,0,7,20
3,700,50.400000,42.984000,0,1,13308629,902,4,902,4,0,7,20
3,700,50.400000,42.984000,0,1,13308640,978,0,978,-2,0,7,20
3,700,50.400000,42.984000,0,1,13308650,1050,0,1050,-7,0,7,20
3,700,50.400000,42.984000,0,1,13308662,1114,0,1114,-12,0,7,20
3,700,50.400000,42.984000,0,1,13308677,1169,0,1169,-16,0,7,20
3,700,50.400000,42.984000,0,1,13308688,1218,0,1218,-19,0,7,20
3,700,50.400000,42.984000,0,1,13308698,1244,0,1244,-22,0,7,20
3,700,50.400000,42.984000,0,1,13308710,1253,0,1253,-22,0,7,20
3,700,50.400000,42.984000,0,1,13308721,1254,0,1254,-22,0,7,20
3,700,50.400000,42.984000,0,1,13308733,1252,0,1252,-22,0,7,20
3,700,50.400000,42.984000,0,1,13308744,1247,0,1247,-22,0,7,20
3,700,50.400000,42.984000,0,1,13308757,1243,1,1243,-21,0,7,20
3,700,50.400000,42.984000,0,1,13308768,1241,1,1241,-21,0,7,20
3,700,50.400000,42.984000,0,1,13308778,1239,1,1239,-21,0,7,20
3,700,50.400000,42.984000,0,1,13308788,1239,1,1239,-21,0,7,20
3,700,50.400000,42.984000,0,1,13308799,1239,1,1239,-21,0,7,20
3,700,50.400000,42.984000,0,1,13308810,1239,1,1239,-21,0,7,20
3,700,50.400000,42.984000,0,1,13308822,1239,1,1239,-21,0,7,20
3,700,50.400000,42.984000,0,1,13308834,1239,1,1239,-21,0,7,20
3,700,50.400000,42.984000,0,1,13308844,1239,1,1239,-21,0,7,20
3,700,50.400000,42.984000,0,1,13308856,1240,1,1240,-21,0,7,20
3,700,50.400000,42.984000,0,1,13308868,1242,1,1242,-21,0,7,20
3,700,50.400000,42.984000,0,1,13308879,1247,0,1247,-22,0,7,20
3,700,50.400000,42.984000,0,1,13308890,1254,0,1254,-23,0,7,20
3,700,50.400000,42.984000,0,1,13308902,1262,0,1262,-23,0,7,20
3,700,50.400000,42.984000,0,1,13308914,1270,0,1270,-23,0,7,20
3,700,50.400000,42.984000,0,1,13308928,1273,0,1273,-24,0,7,20
3,700,50.400000,42.984000,0,1,13308940,1274,0,1274,-24,0,7,20
3,700,50.400000,42.984000,0,1,13308953,1275,0,1275,-24,0,7,20
3,700,50.400000,42.984000,0,1,13308963,1277,0,1277,-24,0,7,20
3,700,50.400000,42.984000,0,1,13308976,1281,0,1281,-25,0,7,20
3,700,50.400000,42.984000,0,1,13308987,1288,0,1288,-25,0,7,20
3,700,50.400000,42.984000,0,1,13308996,1293,0,1293,-26,0,7,20
3,700,50.400000,42.984000,0,1,13309010,1297,0,1297,-26,0,7,20
3,700,50.400000,42.984000,0,1,13309022,1299,0,1299,-27,0,7,20
3,700,50.400000,42.984000,0,1,13309032,1301,0,1301,-28,0,7,20
3,700,50.400000,42.984000,0,1,13309042,1301,0,1301,-28,0,7,20
3,700,50.400000,42.984000,0,1,13309053,1301,0,1301,-28,0,7,20
3,700,50.400000,42.984000,0,1,13309064,1301,0,1301,-28,0,7,20
3,700,50.400000,42.984000,0,1,13309076,1301,0,1301,-28,0,7,20
3,700,50.400000,42.984000,0,1,13309086,1301,0,1301,-28,0,7,20
3,700,50.400000,42.984000,0,1,13309096,1301,0,1301,-28,0,7,20
