3,700,50.400000,0.000000,0,0,13543620,610,0,610,0,0,8,75
3,700,50.400000,0.000000,0,0,13543621,610,0,610,0,0,8,75
3,700,50.400000,0.000000,0,0,13543631,610,0,610,0,0,8,75
3,700,50.400000,0.000000,0,0,13543642,610,0,610,0,0,8,75
3,700,50.400000,0.000000,0,0,13543653,610,0,610,0,0,8,75
3,700,50.400000,0.000000,0,0,13543664,611,0,611,0,0,8,75
3,700,50.400000,0.000000,0,0,13543674,614,0,614,0,0,8,75
3,700,50.400000,0.000000,0,0,13543686,623,0,623,-2,0,8,75
3,700,50.400000,0.000000,0,0,13543697,645,0,645,-4,0,8,75
3,700,50.400000,0.000000,0,0,13543708,686,0,686,-7,0,8,75
3,700,50.400000,0.000000,0,0,13543720,734,0,734,-10,0,8,75
3,700,50.400000,0.000000,0,0,13543731,805,0,805,-14,0,8,75
3,700,50.400000,0.000000,0,0,13543743,877,0,877,-19,0,8,75
3,700,50.400000,0.000000,0,0,13543753,951,0,951,-24,0,8,75
3,700,50.400000,0.000000,0,0,13543765,1028,0,1028,-31,0,8,75
3,700,50.400000,0.000000,0,0,13543777,1117,0,1117,-38,0,8,75
3,700,50.400000,0.000000,0,0,13543787,1192,0,1192,-44,0,8,75
3,700,50.400000,0.000000,0,0,13543802,1252,0,1252,-49,0,8,75
3,700,50.400000,0.000000,0,0,13543814,1307,0,1307,-54,0,8,75
3,700,50.400000,0.000000,0,0,13543824,1330,0,1330,-56,0,8,75
3,700,50.400000,0.000000,0,0,13543835,1334,0,1334,-56,0,8,75
3,700,50.400000,0.000000,0,0,13543846,1333,0,1333,-56,0,8,75
3,700,50.400000,0.000000,0,0,13543857,1332,0,1332,-56,0,8,75
3,700,50.400000,0.000000,0,0,13543867,1330,0,1330,-56,0,8,75
3,700,50.400000,0.000000,0,0,13543877,1328,0,1328,-56,0,8,75
3,700,50.400000,0.000000,0,0,13543888,1327,0,1327,-56,0,8,75
3,700,50.400000,0.000000,0,0,13543898,1326,0,1326,-56,0,8,75
3,700,50.400000,0.000000,0,0,13543910,1326,0,1326,-56,0,8,75
3,700,50.400000,0.000000,0,0,13543922,1326,0,1326,-56,0,8,75
3,700,50.400000,0.000000,0,0,13543932,1326,0,1326,-56,0,8,75
3,700,50.400000,0.000000,0,0,13543944,1326,0,1326,-56,0,8,75
3,700,50.400000,0.000000,0,0,13543956,1324,0,1324,-56,0,8,75
3,700,50.400000,0.000000,0,0,13543968,1323,0,1323,-56,0,8,75
3,700,50.400000,0.000000,0,0,13543979,1323,0,1323,-56,0,8,75
3,700,50.400000,0.000000,0,0,13543989,1323,0,1323,-56,0,8,75
3,700,50.400000,0.000000,0,0,13543999,1323,0,1323,-56,0,8,75
3,700,50.400000,0.000000,0,0,13544012,1320,1,1320,-55,0,8,75
3,700,50.400000,0.000000,0,0,13544022,1316,1,1316,-55,0,8,75
3,700,50.400000,0.000000,0,0,13544033,1314,2,1314,-54,0,8,75
3,700,50.400000,0.000000,0,0,13544044,1314,2,1314,-54,0,8,75
3,700,50.400000,0.000000,0,0,13544056,1314,2,1314,-54,0,8,75
3,700,50.400000,0.000000,0,0,13544066,1314,2,1314,-54,0,8,75
3,700,50.400000,0.000000,0,0,13544076,1314,2,1314,-54,0,8,75
3,700,50.400000,0.000000,0,0,13544088,1315,2,1315,-54,0,8,75
3,700,50.400000,0.000000,0,0,13544101,1316,2,1316,-54,0,8,75
3,700,50.400000,0.000000,0,0,13544112,1316,2,1316,-54,0,8,75
3,700,50.400000,0.000000,0,0,13544125,1316,2,1316,-54,0,8,75
