3,700,50.400000,22.608000,0,0,13472747,610,0,610,0,0,8,22
3,700,50.400000,22.608000,0,0,13472748,610,0,610,0,0,8,22
3,700,50.400000,22.608000,0,0,13472761,610,0,610,0,0,8,22
3,700,50.400000,22.608000,0,0,13472771,610,0,610,0,0,8,22
3,700,50.400000,22.608000,0,0,13472782,610,0,610,0,0,8,22
3,700,50.400000,22.608000,0,0,13472793,611,0,611,0,0,8,22
3,700,50.400000,22.608000,0,0,13472803,616,0,616,-1,0,8,22
3,700,50.400000,22.608000,0,0,13472814,631,0,631,-4,0,8,22
3,700,50.400000,22.608000,0,0,13472826,660,0,660,-8,0,8,22
3,700,50.400000,22.608000,0,0,13472839,714,0,714,-14,0,8,22
3,700,50.400000,22.608000,0,0,13472852,782,0,782,-20,0,8,22
3,700,50.400000,22.608000,0,0,13472864,875,0,875,-27,0,8,22
3,700,50.400000,22.608000,0,0,13472878,968,0,968,-32,0,8,22
3,700,50.400000,22.608000,0,0,13472890,1073,0,1073,-36,0,8,22
3,700,50.400000,22.608000,0,0,13472904,1162,0,1162,-38,0,8,22
3,700,50.400000,22.608000,0,0,13472916,1247,0,1247,-40,0,8,22
3,700,50.400000,22.608000,0,0,13472927,1309,0,1309,-42,0,8,22
3,700,50.400000,22.608000,0,0,13472946,1342,0,1342,-43,0,8,22
3,700,50.400000,22.608000,0,0,13472958,1366,0,1366,-45,0,8,22
3,700,50.400000,22.608000,0,0,13472971,1367,0,1367,-46,0,8,22
3,700,50.400000,22.608000,0,0,13472982,1367,0,1367,-46,0,8,22
3,700,50.400000,22.608000,0,0,13472992,1366,0,1366,-46,0,8,22
3,700,50.400000,22.608000,0,0,13473004,1364,0,1364,-46,0,8,22
3,700,50.400000,22.608000,0,0,13473014,1364,0,1364,-46,0,8,22
3,700,50.400000,22.608000,0,0,13473027,1364,0,1364,-46,0,8,22
3,700,50.400000,22.608000,0,0,13473038,1364,0,1364,-46,0,8,22
3,700,50.400000,22.608000,0,0,13473050,1364,0,1364,-46,0,8,22
3,700,50.400000,22.608000,0,0,13473060,1364,0,1364,-46,0,8,22
3,700,50.400000,22.608000,0,0,13473073,1364,0,1364,-46,0,8,22
3,700,50.400000,22.608000,0,0,13473084,1364,0,1364,-46,0,8,22
3,700,50.400000,22.608000,0,0,13473094,1364,0,1364,-46,0,8,22
3,700,50.400000,22.608000,0,0,13473105,1364,0,1364,-46,0,8,22
3,700,50.400000,22.608000,0,0,13473115,1364,0,1364,-46,0,8,22
3,700,50.400000,22.608000,0,0,13473126,1362,0,1362,-46,0,8,22
3,700,50.400000,22.608000,0,0,13473138,1358,0,1358,-46,0,8,22
3,700,50.400000,22.608000,0,0,13473150,1353,0,1353,-46,0,8,22
3,700,50.400000,22.608000,0,0,13473162,1343,1,1343,-45,0,8,22
3,700,50.400000,22.608000,0,0,13473172,1332,2,1332,-44,0,8,22
3,700,50.400000,22.608000,0,0,13473183,1319,2,1319,-44,0,8,22
3,700,50.400000,22.608000,0,0,13473193,1309,3,1309,-43,0,8,22
3,700,50.400000,22.608000,0,0,13473204,1304,3,1304,-43,0,8,22
3,700,50.400000,22.608000,0,0,13473215,1302,3,1302,-43,0,8,22
3,700,50.400000,22.608000,0,0,13473227,1300,3,1300,-43,0,8,22
3,700,50.400000,22.608000,0,0,13473238,1300,3,1300,-43,0,8,22
3,700,50.400000,22.608000,0,0,13473250,1300,3,1300,-43,0,8,22
3,700,50.400000,22.608000,0,0,13473261,1300,3,1300,-43,0,8,22
3,700,50.400000,22.608000,0,0,13473271,1300,3,1300,-43,0,8,22
3,700,50.400000,22.608000,0,0,13473284,1300,3,1300,-43,0,8,22
3,700,50.400000,22.608000,0,0,13473293,1300,3,1300,-43,0,8,22
