3,350,82.800000,10000.000000,1,0,13712832,785,0,785,0,0,9,87
3,350,82.800000,10000.000000,1,0,13712832,785,0,785,0,0,9,87
3,350,82.800000,10000.000000,1,0,13712843,786,0,786,0,0,9,87
3,350,82.800000,10000.000000,1,0,13712854,787,0,787,0,0,9,87
3,350,82.800000,10000.000000,1,0,13712865,788,0,788,0,0,9,87
3,350,82.800000,10000.000000,1,0,13712879,790,0,790,0,0,9,87
3,350,82.800000,10000.000000,1,0,13712890,799,0,799,-2,0,9,87
3,350,82.800000,10000.000000,1,0,13712901,818,0,818,-4,0,9,87
3,350,82.800000,10000.000000,1,0,13712912,846,0,846,-6,0,9,87
3,350,82.800000,10000.000000,1,0,13712924,887,0,887,-9,0,9,87
3,350,82.800000,10000.000000,1,0,13712936,941,0,941,-12,0,9,87
3,350,82.800000,10000.000000,1,0,13712948,997,0,997,-15,0,9,87
3,350,82.800000,10000.000000,1,0,13712960,1057,0,1057,-19,0,9,87
3,350,82.800000,10000.000000,1,0,13712971,1097,0,1097,-21,0,9,87
3,350,82.800000,10000.000000,1,0,13712983,1131,0,1131,-23,0,9,87
3,350,82.800000,10000.000000,1,0,13712994,1149,0,1149,-24,0,9,87
3,350,82.800000,10000.000000,1,0,13713006,1155,0,1155,-25,0,9,87
3,350,82.800000,10000.000000,1,0,13713016,1155,0,1155,-25,0,9,87
3,350,82.800000,10000.000000,1,0,13713027,1155,0,1155,-26,0,9,87
3,350,82.800000,10000.000000,1,0,13713038,1152,0,1152,-26,0,9,87
3,350,82.800000,10000.000000,1,0,13713049,1148,0,1148,-26,0,9,87
3,350,82.800000,10000.000000,1,0,13713059,1146,0,1146,-26,0,9,87
3,350,82.800000,10000.000000,1,0,13713071,1144,0,1144,-26,0,9,87
3,350,82.800000,10000.000000,1,0,13713082,1144,0,1144,-26,0,9,87
3,350,82.800000,10000.000000,1,0,13713092,1144,0,1144,-26,0,9,87
3,350,82.800000,10000.000000,1,0,13713104,1144,0,1144,-26,0,9,87
3,350,82.800000,10000.000000,1,0,13713116,1144,0,1144,-26,0,9,87
3,350,82.800000,10000.000000,1,0,13713127,1144,0,1144,-26,0,9,87
3,350,82.800000,10000.000000,1,0,13713139,1144,0,1144,-26,0,9,87
3,350,82.800000,10000.000000,1,0,13713150,1144,0,1144,-26,0,9,87
3,350,82.800000,10000.000000,1,0,13713160,1144,0,1144,-26,0,9,87
3,350,82.800000,10000.000000,1,0,13713171,1144,0,1144,-26,0,9,87
3,350,82.800000,10000.000000,1,0,13713181,1144,0,1144,-26,0,9,87
3,350,82.800000,10000.000000,1,0,13713193,1144,0,1144,-26,0,9,87
3,350,82.800000,10000.000000,1,0,13713203,1144,0,1144,-26,0,9,87
