3,350,82.800000,12.276000,0,1,13715276,785,22,785,22,0,9,89
3,350,82.800000,12.276000,0,1,13715277,785,22,785,22,0,9,89
3,350,82.800000,12.276000,0,1,13715287,781,23,781,23,0,9,89
3,350,82.800000,12.276000,0,1,13715297,774,24,774,24,0,9,89
3,350,82.800000,12.276000,0,1,13715307,768,24,768,24,0,9,89
3,350,82.800000,12.276000,0,1,13715324,764,24,764,24,0,9,89
3,350,82.800000,12.276000,0,1,13715338,763,24,763,24,0,9,89
3,350,82.800000,12.276000,0,1,13715349,763,25,763,25,0,9,89
3,350,82.800000,12.276000,0,1,13715360,762,26,762,26,0,9,89
3,350,82.800000,12.276000,0,1,13715371,761,27,761,27,0,9,89
3,350,82.800000,12.276000,0,1,13715381,761,28,761,28,0,9,89
3,350,82.800000,12.276000,0,1,13715391,761,29,761,29,0,9,89
3,350,82.800000,12.276000,0,1,13715402,761,29,761,29,0,9,89
3,350,82.800000,12.276000,0,1,13715416,763,29,763,29,0,9,89
3,350,82.800000,12.276000,0,1,13715427,769,27,769,27,0,9,89
3,350,82.800000,12.276000,0,1,13715438,773,26,773,26,0,9,89
3,350,82.800000,12.276000,0,1,13715452,775,24,775,24,0,9,89
3,350,82.800000,12.276000,0,1,13715461,777,24,777,24,0,9,89
3,350,82.800000,12.276000,0,1,13715473,778,24,778,24,0,9,89
3,350,82.800000,12.276000,0,1,13715484,782,23,782,23,0,9,89
3,350,82.800000,12.276000,0,1,13715497,792,22,792,22,0,9,89
3,350,82.800000,12.276000,0,1,13715509,813,20,813,20,0,9,89
3,350,82.800000,12.276000,0,1,13715526,847,17,847,17,0,9,89
3,350,82.800000,12.276000,0,1,13715538,900,13,900,13,0,9,89
3,350,82.800000,12.276000,0,1,13715554,955,9,955,9,0,9,89
3,350,82.800000,12.276000,0,1,13715567,1021,5,1021,5,0,9,89
3,350,82.800000,12.276000,0,1,13715587,1065,2,1065,2,0,9,89
3,350,82.800000,12.276000,0,1,13715605,1117,0,1117,-2,0,9,89
3,350,82.800000,12.276000,0,1,13715616,1150,0,1150,-4,0,9,89
3,350,82.800000,12.276000,0,1,13715632,1164,0,1164,-4,0,9,89
3,350,82.800000,12.276000,0,1,13715642,1173,0,1173,-4,0,9,89
3,350,82.800000,12.276000,0,1,13715651,1175,0,1175,-4,0,9,89
3,350,82.800000,12.276000,0,1,13715665,1177,0,1177,-4,0,9,89
3,350,82.800000,12.276000,0,1,13715675,1176,0,1176,-4,0,9,89
3,350,82.800000,12.276000,0,1,13715686,1175,0,1175,-4,0,9,89
3,350,82.800000,12.276000,0,1,13715696,1173,0,1173,-4,0,9,89
3,350,82.800000,12.276000,0,1,13715706,1173,0,1173,-4,0,9,89
3,350,82.800000,12.276000,0,1,13715718,1172,0,1172,-4,0,9,89
3,350,82.800000,12.276000,0,1,13715730,1171,0,1171,-4,0,9,89
3,350,82.800000,12.276000,0,1,13715740,1169,1,1169,-3,0,9,89
3,350,82.800000,12.276000,0,1,13715755,1168,1,1168,-3,0,9,89
3,350,82.800000,12.276000,0,1,13715765,1164,1,1164,-3,0,9,89
3,350,82.800000,12.276000,0,1,13715777,1159,2,1159,-2,0,9,89
3,350,82.800000,12.276000,0,1,13715790,1153,2,1153,-2,0,9,89
3,350,82.800000,12.276000,0,1,13715801,1147,3,1147,-1,0,9,89
3,350,82.800000,12.276000,0,1,13715813,1142,3,1142,-1,0,9,89
3,350,82.800000,12.276000,0,1,13715824,1140,3,1140,-1,0,9,89
3,350,82.800000,12.276000,0,1,13715834,1138,4,1138,0,0,9,89
3,350,82.800000,12.276000,0,1,13715845,1137,4,1137,0,0,9,89
3,350,82.800000,12.276000,0,1,13715856,1137,4,1137,0,0,9,89
3,350,82.800000,12.276000,0,1,13715866,1137,4,1137,0,0,9,89
3,350,82.800000,12.276000,0,1,13715877,1137,4,1137,0,0,9,89
3,350,82.800000,12.276000,0,1,13715887,1137,4,1137,0,0,9,89
3,350,82.800000,12.276000,0,1,13715897,1137,4,1137,0,0,9,89
