3,700,50.400000,42.984000,1,0,13648616,610,0,610,0,0,9,38
3,700,50.400000,42.984000,1,0,13648618,610,0,610,0,0,9,38
3,700,50.400000,42.984000,1,0,13648631,610,0,610,0,0,9,38
3,700,50.400000,42.984000,1,0,13648642,610,0,610,0,0,9,38
3,700,50.400000,42.984000,1,0,13648652,610,0,610,0,0,9,38
3,700,50.400000,42.984000,1,0,13648662,610,0,610,0,0,9,38
3,700,50.400000,42.984000,1,0,13648673,610,0,610,0,0,9,38
3,700,50.400000,42.984000,1,0,13648685,614,0,614,-1,0,9,38
3,700,50.400000,42.984000,1,0,13648700,628,0,628,-6,0,9,38
3,700,50.400000,42.984000,1,0,13648710,668,0,668,-15,0,9,38
3,700,50.400000,42.984000,1,0,13648721,721,0,721,-25,0,9,38
3,700,50.400000,42.984000,1,0,13648734,785,0,785,-37,0,9,38
3,700,50.400000,42.984000,1,0,13648746,862,0,862,-52,0,9,38
3,700,50.400000,42.984000,1,0,13648756,948,0,948,-69,0,9,38
3,700,50.400000,42.984000,1,0,13648767,1028,0,1028,-86,0,9,38
3,700,50.400000,42.984000,1,0,13648777,1097,0,1097,-100,0,9,38
3,700,50.400000,42.984000,1,0,13648789,1161,0,1161,-112,0,9,38
3,700,50.400000,42.984000,1,0,13648802,1230,0,1230,-126,0,9,38
3,700,50.400000,42.984000,1,0,13648812,1289,0,1289,-138,0,9,38
3,700,50.400000,42.984000,1,0,13648824,1331,0,1331,-147,0,9,38
3,700,50.400000,42.984000,1,0,13648837,1364,0,1364,-154,0,9,38
3,700,50.400000,42.984000,1,0,13648848,1385,0,1385,-158,0,9,38
3,700,50.400000,42.984000,1,0,13648859,1393,0,1393,-160,0,9,38
3,700,50.400000,42.984000,1,0,13648870,1393,0,1393,-160,0,9,38
3,700,50.400000,42.984000,1,0,13648881,1393,0,1393,-160,0,9,38
3,700,50.400000,42.984000,1,0,13648892,1392,0,1392,-160,0,9,38
3,700,50.400000,42.984000,1,0,13648902,1389,0,1389,-160,0,9,38
3,700,50.400000,42.984000,1,0,13648912,1387,0,1387,-160,0,9,38
3,700,50.400000,42.984000,1,0,13648924,1385,0,1385,-160,0,9,38
3,700,50.400000,42.984000,1,0,13648936,1385,0,1385,-160,0,9,38
3,700,50.400000,42.984000,1,0,13648948,1385,0,1385,-160,0,9,38
3,700,50.400000,42.984000,1,0,13648959,1385,0,1385,-160,0,9,38
3,700,50.400000,42.984000,1,0,13648969,1385,0,1385,-160,0,9,38
3,700,50.400000,42.984000,1,0,13648979,1385,0,1385,-160,0,9,38
3,700,50.400000,42.984000,1,0,13648990,1384,0,1384,-160,0,9,38
3,700,50.400000,42.984000,1,0,13649000,1383,0,1383,-160,0,9,38
3,700,50.400000,42.984000,1,0,13649012,1382,0,1382,-160,0,9,38
3,700,50.400000,42.984000,1,0,13649023,1381,1,1381,-159,0,9,38
3,700,50.400000,42.984000,1,0,13649034,1381,1,1381,-159,0,9,38
3,700,50.400000,42.984000,1,0,13649044,1380,1,1380,-159,0,9,38
3,700,50.400000,42.984000,1,0,13649057,1378,1,1378,-159,0,9,38
3,700,50.400000,42.984000,1,0,13649068,1370,1,1370,-159,0,9,38
3,700,50.400000,42.984000,1,0,13649079,1357,2,1357,-158,0,9,38
3,700,50.400000,42.984000,1,0,13649090,1339,2,1339,-158,0,9,38
3,700,50.400000,42.984000,1,0,13649103,1322,3,1322,-157,0,9,38
3,700,50.400000,42.984000,1,0,13649114,1311,3,1311,-157,0,9,38
3,700,50.400000,42.984000,1,0,13649125,1306,4,1306,-156,0,9,38
3,700,50.400000,42.984000,1,0,13649136,1305,4,1305,-156,0,9,38
3,700,50.400000,42.984000,1,0,13649146,1305,4,1305,-156,0,9,38
3,700,50.400000,42.984000,1,0,13649156,1305,4,1305,-156,0,9,38
3,700,50.400000,42.984000,1,0,13649166,1305,4,1305,-156,0,9,38
3,700,50.400000,42.984000,1,0,13649180,1305,4,1305,-156,0,9,38
3,700,50.400000,42.984000,1,0,13649192,1305,4,1305,-156,0,9,38
3,700,50.400000,42.984000,1,0,13649204,1305,4,1305,-156,0,9,38
3,700,50.400000,42.984000,1,0,13649215,1305,4,1305,-156,0,9,38
3,700,50.400000,42.984000,1,0,13649226,1305,4,1305,-156,0,9,38
3,700,50.400000,42.984000,1,0,13649237,1305,4,1305,-156,0,9,38
3,700,50.400000,42.984000,1,0,13649248,1305,4,1305,-156,0,9,38
3,700,50.400000,42.984000,1,0,13649258,1305,4,1305,-156,0,9,38
3,700,50.400000,42.984000,1,0,13649269,1305,4,1305,-156,0,9,38
3,700,50.400000,42.984000,1,0,13649279,1305,4,1305,-156,0,9,38
3,700,50.400000,42.984000,1,0,13649296,1305,4,1305,-156,0,9,38
3,700,50.400000,42.984000,1,0,13649309,1305,4,1305,-156,0,9,38
3,700,50.400000,42.984000,1,0,13649319,1305,4,1305,-156,0,9,38
3,700,50.400000,42.984000,1,0,13649330,1305,4,1305,-156,0,9,38
3,700,50.400000,42.984000,1,0,13649343,1305,4,1305,-156,0,9,38
