3,350,21.000000,42.000000,2,0,72681095,792,8,792,8,0,41,6
3,350,21.000000,42.000000,2,0,72681096,792,8,792,8,0,41,6
3,350,21.000000,42.000000,2,0,72681098,792,8,792,8,0,41,6
3,350,21.000000,42.000000,2,0,72681101,792,8,792,8,0,41,6
3,350,21.000000,42.000000,2,0,72681104,792,8,792,8,0,41,6
3,350,21.000000,42.000000,2,0,72681107,792,8,792,8,0,41,6
3,350,21.000000,42.000000,2,0,72681110,792,8,792,8,0,41,6
3,350,21.000000,42.000000,2,0,72681112,792,8,792,8,0,41,6
3,350,21.000000,42.000000,2,0,72681115,792,8,792,8,0,41,6
3,350,21.000000,42.000000,2,0,72681118,792,8,792,8,0,41,6
3,350,21.000000,42.000000,2,0,72681120,792,8,792,8,0,41,6
3,350,21.000000,42.000000,2,0,72681123,792,8,792,8,0,41,6
3,350,21.000000,42.000000,2,0,72681126,792,8,792,8,0,41,6
3,350,21.000000,42.000000,2,0,72681129,792,8,792,8,0,41,6
3,350,21.000000,42.000000,2,0,72681132,792,8,792,8,0,41,6
3,350,21.000000,42.000000,2,0,72681135,792,8,792,8,0,41,6
3,350,21.000000,42.000000,2,0,72681137,792,8,792,8,0,41,6
3,350,21.000000,42.000000,2,0,72681140,792,8,792,8,0,41,6
3,350,21.000000,42.000000,2,0,72681143,792,8,792,8,0,41,6
3,350,21.000000,42.000000,2,0,72681146,792,8,792,8,0,41,6
3,350,21.000000,42.000000,2,0,72681149,792,8,792,8,0,41,6
3,350,21.000000,42.000000,2,0,72681151,792,8,792,8,0,41,6
3,350,21.000000,42.000000,2,0,72681154,792,8,792,8,0,41,6
3,350,21.000000,42.000000,2,0,72681157,792,8,792,8,0,41,6
3,350,21.000000,42.000000,2,0,72681160,792,8,792,8,0,41,6
3,350,21.000000,42.000000,2,0,72681162,792,8,792,8,0,41,6
3,350,21.000000,42.000000,2,0,72681165,792,8,792,8,0,41,6
3,350,21.000000,42.000000,2,0,72681168,792,8,792,8,0,41,6
3,350,21.000000,42.000000,2,0,72681170,792,8,792,8,0,41,6
3,350,21.000000,42.000000,2,0,72681173,792,8,792,8,0,41,6
3,350,21.000000,42.000000,2,0,72681176,792,8,792,8,0,41,6
3,350,21.000000,42.000000,2,0,72681179,792,8,792,8,0,41,6
3,350,21.000000,42.000000,2,0,72681181,792,8,792,8,0,41,6
3,350,21.000000,42.000000,2,0,72681185,793,8,793,8,0,41,6
3,350,21.000000,42.000000,2,0,72681187,794,8,794,8,0,41,6
3,350,21.000000,42.000000,2,0,72681190,795,8,795,8,0,41,6
3,350,21.000000,42.000000,2,0,72681193,796,8,796,8,0,41,6
3,350,21.000000,42.000000,2,0,72681196,798,10,798,10,0,41,6
3,350,21.000000,42.000000,2,0,72681198,798,11,798,11,0,41,6
3,350,21.000000,42.000000,2,0,72681201,799,11,799,11,0,41,6
3,350,21.000000,42.000000,2,0,72681204,800,13,800,13,0,41,6
3,350,21.000000,42.000000,2,0,72681207,802,14,802,14,0,41,6
3,350,21.000000,42.000000,2,0,72681210,805,15,805,15,0,41,6
3,350,21.000000,42.000000,2,0,72681213,808,15,808,15,0,41,6
3,350,21.000000,42.000000,2,0,72681215,809,16,809,16,0,41,6
3,350,21.000000,42.000000,2,0,72681218,810,16,810,16,0,41,6
3,350,21.000000,42.000000,2,0,72681221,813,17,813,17,0,41,6
3,350,21.000000,42.000000,2,0,72681224,815,19,815,19,0,41,6
3,350,21.000000,42.000000,2,0,72681226,817,19,817,19,0,41,6
3,350,21.000000,42.000000,2,0,72681229,818,19,818,19,0,41,6
3,350,21.000000,42.000000,2,0,72681232,821,21,821,21,0,41,6
3,350,21.000000,42.000000,2,0,72681235,822,22,822,22,0,41,6
3,350,21.000000,42.000000,2,0,72681238,827,23,827,23,0,41,6
3,350,21.000000,42.000000,2,0,72681240,829,24,829,24,0,41,6
3,350,21.000000,42.000000,2,0,72681243,830,25,830,25,0,41,6
3,350,21.000000,42.000000,2,0,72681246,832,26,832,26,0,41,6
3,350,21.000000,42.000000,2,0,72681249,833,27,833,27,0,41,6
3,350,21.000000,42.000000,2,0,72681251,835,27,835,27,0,41,6
3,350,21.000000,42.000000,2,0,72681254,837,28,837,28,0,41,6
3,350,21.000000,42.000000,2,0,72681257,840,29,840,29,0,41,6
3,350,21.000000,42.000000,2,0,72681260,843,30,843,30,0,41,6
3,350,21.000000,42.000000,2,0,72681262,844,30,844,30,0,41,6
3,350,21.000000,42.000000,2,0,72681265,847,31,847,31,0,41,6
3,350,21.000000,42.000000,2,0,72681268,849,31,849,31,0,41,6
3,350,21.000000,42.000000,2,0,72681271,850,32,850,32,0,41,6
3,350,21.000000,42.000000,2,0,72681273,852,33,852,33,0,41,6
3,350,21.000000,42.000000,2,0,72681276,854,34,854,34,0,41,6
3,350,21.000000,42.000000,2,0,72681279,858,35,858,35,0,41,6
3,350,21.000000,42.000000,2,0,72681282,860,35,860,35,0,41,6
3,350,21.000000,42.000000,2,0,72681285,862,36,862,36,0,41,6
3,350,21.000000,42.000000,2,0,72681287,866,37,866,37,0,41,6
3,350,21.000000,42.000000,2,0,72681290,870,38,870,38,0,41,6
3,350,21.000000,42.000000,2,0,72681293,874,38,874,38,0,41,6
3,350,21.000000,42.000000,2,0,72681296,877,39,877,39,0,41,6
3,350,21.000000,42.000000,2,0,72681298,880,40,880,40,0,41,6
3,350,21.000000,42.000000,2,0,72681301,882,40,882,40,0,41,6
3,350,21.000000,42.000000,2,0,72681304,886,41,886,41,0,41,6
3,350,21.000000,42.000000,2,0,72681307,889,41,889,41,0,41,6
3,350,21.000000,42.000000,2,0,72681310,892,41,892,41,0,41,6
3,350,21.000000,42.000000,2,0,72681312,895,41,895,41,0,41,6
3,350,21.000000,42.000000,2,0,72681315,898,41,898,41,0,41,6
3,350,21.000000,42.000000,2,0,72681318,902,41,902,41,0,41,6
3,350,21.000000,42.000000,2,0,72681321,906,42,906,42,0,41,6
3,350,21.000000,42.000000,2,0,72681323,911,42,911,42,0,41,6
3,350,21.000000,42.000000,2,0,72681326,915,42,915,42,0,41,6
3,350,21.000000,42.000000,2,0,72681329,919,42,919,42,0,41,6
3,350,21.000000,42.000000,2,0,72681332,923,42,923,42,0,41,6
3,350,21.000000,42.000000,2,0,72681335,926,42,926,42,0,41,6
3,350,21.000000,42.000000,2,0,72681337,930,42,930,42,0,41,6
3,350,21.000000,42.000000,2,0,72681340,933,42,933,42,0,41,6
3,350,21.000000,42.000000,2,0,72681343,936,42,936,42,0,41,6
3,350,21.000000,42.000000,2,0,72681346,939,42,939,42,0,41,6
3,350,21.000000,42.000000,2,0,72681349,942,42,942,42,0,41,6
3,350,21.000000,42.000000,2,0,72681351,953,42,953,42,0,41,6
3,350,21.000000,42.000000,2,0,72681354,956,42,956,42,0,41,6
3,350,21.000000,42.000000,2,0,72681357,959,42,959,42,0,41,6
3,350,21.000000,42.000000,2,0,72681360,963,42,963,42,0,41,6
3,350,21.000000,42.000000,2,0,72681362,967,42,967,42,0,41,6
3,350,21.000000,42.000000,2,0,72681365,970,42,970,42,0,41,6
3,350,21.000000,42.000000,2,0,72681368,972,42,972,42,0,41,6
3,350,21.000000,42.000000,2,0,72681371,975,42,975,42,0,41,6
3,350,21.000000,42.000000,2,0,72681373,977,42,977,42,0,41,6
3,350,21.000000,42.000000,2,0,72681376,980,41,980,41,0,41,6
3,350,21.000000,42.000000,2,0,72681379,984,41,984,41,0,41,6
3,350,21.000000,42.000000,2,0,72681382,988,41,988,41,0,41,6
3,350,21.000000,42.000000,2,0,72681385,991,41,991,41,0,41,6
3,350,21.000000,42.000000,2,0,72681387,995,41,995,41,0,41,6
3,350,21.000000,42.000000,2,0,72681390,998,41,998,41,0,41,6
3,350,21.000000,42.000000,2,0,72681393,1001,41,1001,41,0,41,6
3,350,21.000000,42.000000,2,0,72681396,1003,41,1003,41,0,41,6
3,350,21.000000,42.000000,2,0,72681399,1006,41,1006,41,0,41,6
3,350,21.000000,42.000000,2,0,72681401,1009,40,1009,40,0,41,6
3,350,21.000000,42.000000,2,0,72681404,1014,40,1014,40,0,41,6
3,350,21.000000,42.000000,2,0,72681407,1017,39,1017,39,0,41,6
3,350,21.000000,42.000000,2,0,72681410,1022,39,1022,39,0,41,6
3,350,21.000000,42.000000,2,0,72681412,1025,39,1025,39,0,41,6
3,350,21.000000,42.000000,2,0,72681415,1028,39,1028,39,0,41,6
3,350,21.000000,42.000000,2,0,72681418,1031,38,1031,38,0,41,6
3,350,21.000000,42.000000,2,0,72681421,1041,37,1041,37,0,41,6
3,350,21.000000,42.000000,2,0,72681424,1044,36,1044,36,0,41,6
3,350,21.000000,42.000000,2,0,72681426,1048,35,1048,35,0,41,6
3,350,21.000000,42.000000,2,0,72681429,1051,35,1051,35,0,41,6
3,350,21.000000,42.000000,2,0,72681432,1053,35,1053,35,0,41,6
3,350,21.000000,42.000000,2,0,72681435,1057,35,1057,35,0,41,6
3,350,21.000000,42.000000,2,0,72681438,1060,35,1060,35,0,41,6
3,350,21.000000,42.000000,2,0,72681440,1064,34,1064,34,0,41,6
3,350,21.000000,42.000000,2,0,72681443,1067,34,1067,34,0,41,6
3,350,21.000000,42.000000,2,0,72681445,1070,34,1070,34,0,41,6
3,350,21.000000,42.000000,2,0,72681448,1074,34,1074,34,0,41,6
3,350,21.000000,42.000000,2,0,72681451,1082,34,1082,34,0,41,6
3,350,21.000000,42.000000,2,0,72681454,1086,33,1086,33,0,41,6
3,350,21.000000,42.000000,2,0,72681457,1088,33,1088,33,0,41,6
3,350,21.000000,42.000000,2,0,72681459,1091,32,1091,32,0,41,6
3,350,21.000000,42.000000,2,0,72681462,1092,32,1092,32,0,41,6
3,350,21.000000,42.000000,2,0,72681465,1095,32,1095,32,0,41,6
3,350,21.000000,42.000000,2,0,72681468,1098,32,1098,32,0,41,6
3,350,21.000000,42.000000,2,0,72681471,1100,32,1100,32,0,41,6
3,350,21.000000,42.000000,2,0,72681473,1101,31,1101,31,0,41,6
3,350,21.000000,42.000000,2,0,72681476,1102,31,1102,31,0,41,6
3,350,21.000000,42.000000,2,0,72681479,1105,30,1105,30,0,41,6
3,350,21.000000,42.000000,2,0,72681482,1105,29,1105,29,0,41,6
3,350,21.000000,42.000000,2,0,72681484,1106,29,1106,29,0,41,6
3,350,21.000000,42.000000,2,0,72681487,1107,29,1107,29,0,41,6
3,350,21.000000,42.000000,2,0,72681490,1108,29,1108,29,0,41,6
3,350,21.000000,42.000000,2,0,72681493,1109,29,1109,29,0,41,6
3,350,21.000000,42.000000,2,0,72681496,1111,28,1111,28,0,41,6
3,350,21.000000,42.000000,2,0,72681498,1112,28,1112,28,0,41,6
3,350,21.000000,42.000000,2,0,72681501,1114,27,1114,27,0,41,6
3,350,21.000000,42.000000,2,0,72681504,1115,27,1115,27,0,41,6
3,350,21.000000,42.000000,2,0,72681507,1116,27,1116,27,0,41,6
3,350,21.000000,42.000000,2,0,72681510,1117,26,1117,26,0,41,6
3,350,21.000000,42.000000,2,0,72681512,1118,25,1118,25,0,41,6
3,350,21.000000,42.000000,2,0,72681515,1119,24,1119,24,0,41,6
3,350,21.000000,42.000000,2,0,72681518,1120,23,1120,23,0,41,6
3,350,21.000000,42.000000,2,0,72681521,1121,23,1121,23,0,41,6
3,350,21.000000,42.000000,2,0,72681523,1122,23,1122,23,0,41,6
3,350,21.000000,42.000000,2,0,72681526,1122,23,1122,23,0,41,6
3,350,21.000000,42.000000,2,0,72681529,1123,23,1123,23,0,41,6
3,350,21.000000,42.000000,2,0,72681532,1123,22,1123,22,0,41,6
3,350,21.000000,42.000000,2,0,72681535,1123,21,1123,21,0,41,6
3,350,21.000000,42.000000,2,0,72681538,1124,21,1124,21,0,41,6
3,350,21.000000,42.000000,2,0,72681540,1125,21,1125,21,0,41,6
3,350,21.000000,42.000000,2,0,72681543,1125,20,1125,20,0,41,6
3,350,21.000000,42.000000,2,0,72681546,1126,19,1126,19,0,41,6
3,350,21.000000,42.000000,2,0,72681549,1126,19,1126,19,0,41,6
3,350,21.000000,42.000000,2,0,72681551,1126,19,1126,19,0,41,6
3,350,21.000000,42.000000,2,0,72681554,1127,19,1127,19,0,41,6
3,350,21.000000,42.000000,2,0,72681557,1127,18,1127,18,0,41,6
3,350,21.000000,42.000000,2,0,72681560,1127,17,1127,17,0,41,6
3,350,21.000000,42.000000,2,0,72681563,1127,17,1127,17,0,41,6
3,350,21.000000,42.000000,2,0,72681566,1127,17,1127,17,0,41,6
3,350,21.000000,42.000000,2,0,72681568,1127,17,1127,17,0,41,6
3,350,21.000000,42.000000,2,0,72681571,1128,17,1128,17,0,41,6
3,350,21.000000,42.000000,2,0,72681574,1129,17,1129,17,0,41,6
3,350,21.000000,42.000000,2,0,72681577,1129,17,1129,17,0,41,6
3,350,21.000000,42.000000,2,0,72681579,1129,17,1129,17,0,41,6
3,350,21.000000,42.000000,2,0,72681582,1129,16,1129,16,0,41,6
3,350,21.000000,42.000000,2,0,72681585,1129,15,1129,15,0,41,6
3,350,21.000000,42.000000,2,0,72681588,1130,14,1130,14,0,41,6
3,350,21.000000,42.000000,2,0,72681591,1130,14,1130,14,0,41,6
3,350,21.000000,42.000000,2,0,72681593,1130,14,1130,14,0,41,6
3,350,21.000000,42.000000,2,0,72681596,1130,14,1130,14,0,41,6
3,350,21.000000,42.000000,2,0,72681599,1130,14,1130,14,0,41,6
3,350,21.000000,42.000000,2,0,72681602,1130,14,1130,14,0,41,6
3,350,21.000000,42.000000,2,0,72681604,1130,14,1130,14,0,41,6
3,350,21.000000,42.000000,2,0,72681607,1130,14,1130,14,0,41,6
3,350,21.000000,42.000000,2,0,72681610,1130,14,1130,14,0,41,6
3,350,21.000000,42.000000,2,0,72681613,1130,14,1130,14,0,41,6
3,350,21.000000,42.000000,2,0,72681616,1130,14,1130,14,0,41,6
3,350,21.000000,42.000000,2,0,72681618,1130,14,1130,14,0,41,6
3,350,21.000000,42.000000,2,0,72681621,1130,14,1130,14,0,41,6
3,350,21.000000,42.000000,2,0,72681624,1130,14,1130,14,0,41,6
3,350,21.000000,42.000000,2,0,72681626,1130,14,1130,14,0,41,6
3,350,21.000000,42.000000,2,0,72681629,1130,14,1130,14,0,41,6
3,350,21.000000,42.000000,2,0,72681632,1130,14,1130,14,0,41,6
3,350,21.000000,42.000000,2,0,72681635,1130,14,1130,14,0,41,6
3,350,21.000000,42.000000,2,0,72681637,1130,14,1130,14,0,41,6
3,350,21.000000,42.000000,2,0,72681640,1130,14,1130,14,0,41,6
3,350,21.000000,42.000000,2,0,72681643,1130,14,1130,14,0,41,6
3,350,21.000000,42.000000,2,0,72681646,1130,14,1130,14,0,41,6
3,350,21.000000,42.000000,2,0,72681649,1130,14,1130,14,0,41,6
3,350,21.000000,42.000000,2,0,72681651,1130,14,1130,14,0,41,6
3,350,21.000000,42.000000,2,0,72681654,1130,14,1130,14,0,41,6
3,350,21.000000,42.000000,2,0,72681657,1130,14,1130,14,0,41,6
3,350,21.000000,42.000000,2,0,72681660,1130,14,1130,14,0,41,6
3,350,21.000000,42.000000,2,0,72681663,1130,14,1130,14,0,41,6
3,350,21.000000,42.000000,2,0,72681666,1130,13,1130,13,0,41,6
3,350,21.000000,42.000000,2,0,72681668,1130,12,1130,12,0,41,6
3,350,21.000000,42.000000,2,0,72681671,1130,12,1130,12,0,41,6
3,350,21.000000,42.000000,2,0,72681674,1130,12,1130,12,0,41,6
3,350,21.000000,42.000000,2,0,72681677,1130,12,1130,12,0,41,6
3,350,21.000000,42.000000,2,0,72681679,1130,12,1130,12,0,41,6
3,350,21.000000,42.000000,2,0,72681682,1132,11,1132,11,0,41,6
3,350,21.000000,42.000000,2,0,72681685,1132,10,1132,10,0,41,6
3,350,21.000000,42.000000,2,0,72681687,1132,9,1132,9,0,41,6
3,350,21.000000,42.000000,2,0,72681690,1132,9,1132,9,0,41,6
3,350,21.000000,42.000000,2,0,72681693,1132,9,1132,9,0,41,6
3,350,21.000000,42.000000,2,0,72681696,1132,8,1132,8,0,41,6
3,350,21.000000,42.000000,2,0,72681699,1132,7,1132,7,0,41,6
3,350,21.000000,42.000000,2,0,72681702,1132,6,1132,6,0,41,6
3,350,21.000000,42.000000,2,0,72681704,1132,5,1132,5,0,41,6
3,350,21.000000,42.000000,2,0,72681707,1132,5,1132,5,0,41,6
3,350,21.000000,42.000000,2,0,72681710,1132,5,1132,5,0,41,6
3,350,21.000000,42.000000,2,0,72681713,1132,5,1132,5,0,41,6
3,350,21.000000,42.000000,2,0,72681715,1132,5,1132,5,0,41,6
3,350,21.000000,42.000000,2,0,72681718,1132,4,1132,4,0,41,6
3,350,21.000000,42.000000,2,0,72681721,1132,3,1132,3,0,41,6
3,350,21.000000,42.000000,2,0,72681724,1132,3,1132,3,0,41,6
3,350,21.000000,42.000000,2,0,72681726,1132,3,1132,3,0,41,6
3,350,21.000000,42.000000,2,0,72681729,1132,3,1132,3,0,41,6
3,350,21.000000,42.000000,2,0,72681732,1132,2,1132,2,0,41,6
3,350,21.000000,42.000000,2,0,72681735,1132,1,1132,1,0,41,6
3,350,21.000000,42.000000,2,0,72681738,1132,1,1132,1,0,41,6
3,350,21.000000,42.000000,2,0,72681740,1132,1,1132,1,0,41,6
3,350,21.000000,42.000000,2,0,72681743,1132,1,1132,1,0,41,6
3,350,21.000000,42.000000,2,0,72681746,1132,1,1132,1,0,41,6
3,350,21.000000,42.000000,2,0,72681749,1132,1,1132,1,0,41,6
3,350,21.000000,42.000000,2,0,72681752,1132,1,1132,1,0,41,6
3,350,21.000000,42.000000,2,0,72681754,1132,1,1132,1,0,41,6
3,350,21.000000,42.000000,2,0,72681757,1132,1,1132,1,0,41,6
3,350,21.000000,42.000000,2,0,72681760,1132,1,1132,1,0,41,6
3,350,21.000000,42.000000,2,0,72681763,1132,1,1132,1,0,41,6
3,350,21.000000,42.000000,2,0,72681765,1132,1,1132,1,0,41,6
3,350,21.000000,42.000000,2,0,72681768,1132,1,1132,1,0,41,6
3,350,21.000000,42.000000,2,0,72681771,1132,1,1132,1,0,41,6
3,350,21.000000,42.000000,2,0,72681774,1132,1,1132,1,0,41,6
3,350,21.000000,42.000000,2,0,72681785,1132,1,1132,1,0,41,6
