3,350,80.500000,42.000000,2,0,72853378,796,0,796,0,0,50,7
3,350,80.500000,42.000000,2,0,72853379,796,0,796,0,0,50,7
3,350,80.500000,42.000000,2,0,72853382,796,0,796,0,0,50,7
3,350,80.500000,42.000000,2,0,72853385,796,0,796,0,0,50,7
3,350,80.500000,42.000000,2,0,72853387,796,0,796,0,0,50,7
3,350,80.500000,42.000000,2,0,72853390,796,0,796,0,0,50,7
3,350,80.500000,42.000000,2,0,72853393,796,0,796,0,0,50,7
3,350,80.500000,42.000000,2,0,72853396,796,0,796,0,0,50,7
3,350,80.500000,42.000000,2,0,72853399,796,0,796,0,0,50,7
3,350,80.500000,42.000000,2,0,72853401,796,0,796,0,0,50,7
3,350,80.500000,42.000000,2,0,72853404,796,0,796,0,0,50,7
3,350,80.500000,42.000000,2,0,72853407,796,0,796,0,0,50,7
3,350,80.500000,42.000000,2,0,72853410,796,0,796,0,0,50,7
3,350,80.500000,42.000000,2,0,72853412,796,0,796,0,0,50,7
3,350,80.500000,42.000000,2,0,72853415,796,0,796,0,0,50,7
3,350,80.500000,42.000000,2,0,72853418,796,0,796,0,0,50,7
3,350,80.500000,42.000000,2,0,72853420,796,0,796,0,0,50,7
3,350,80.500000,42.000000,2,0,72853423,796,0,796,0,0,50,7
3,350,80.500000,42.000000,2,0,72853426,796,0,796,0,0,50,7
3,350,80.500000,42.000000,2,0,72853429,796,0,796,0,0,50,7
3,350,80.500000,42.000000,2,0,72853432,796,0,796,0,0,50,7
3,350,80.500000,42.000000,2,0,72853435,796,0,796,0,0,50,7
3,350,80.500000,42.000000,2,0,72853437,796,0,796,0,0,50,7
3,350,80.500000,42.000000,2,0,72853440,796,0,796,0,0,50,7
3,350,80.500000,42.000000,2,0,72853443,796,0,796,0,0,50,7
3,350,80.500000,42.000000,2,0,72853446,796,0,796,0,0,50,7
3,350,80.500000,42.000000,2,0,72853448,796,0,796,0,0,50,7
3,350,80.500000,42.000000,2,0,72853451,796,0,796,0,0,50,7
3,350,80.500000,42.000000,2,0,72853454,797,0,797,0,0,50,7
3,350,80.500000,42.000000,2,0,72853457,798,0,798,0,0,50,7
3,350,80.500000,42.000000,2,0,72853460,798,1,798,1,0,50,7
3,350,80.500000,42.000000,2,0,72853462,799,1,799,1,0,50,7
3,350,80.500000,42.000000,2,0,72853465,800,2,800,2,0,50,7
3,350,80.500000,42.000000,2,0,72853468,801,3,801,3,0,50,7
3,350,80.500000,42.000000,2,0,72853471,803,3,803,3,0,50,7
3,350,80.500000,42.000000,2,0,72853474,804,3,804,3,0,50,7
3,350,80.500000,42.000000,2,0,72853476,805,3,805,3,0,50,7
3,350,80.500000,42.000000,2,0,72853479,808,3,808,3,0,50,7
3,350,80.500000,42.000000,2,0,72853482,811,4,811,4,0,50,7
3,350,80.500000,42.000000,2,0,72853485,814,5,814,5,0,50,7
3,350,80.500000,42.000000,2,0,72853488,818,6,818,6,0,50,7
3,350,80.500000,42.000000,2,0,72853490,820,6,820,6,0,50,7
3,350,80.500000,42.000000,2,0,72853493,823,7,823,7,0,50,7
3,350,80.500000,42.000000,2,0,72853496,825,8,825,8,0,50,7
3,350,80.500000,42.000000,2,0,72853499,828,9,828,9,0,50,7
3,350,80.500000,42.000000,2,0,72853502,837,9,837,9,0,50,7
3,350,80.500000,42.000000,2,0,72853504,839,9,839,9,0,50,7
3,350,80.500000,42.000000,2,0,72853507,843,9,843,9,0,50,7
3,350,80.500000,42.000000,2,0,72853510,848,12,848,12,0,50,7
3,350,80.500000,42.000000,2,0,72853512,852,12,852,12,0,50,7
3,350,80.500000,42.000000,2,0,72853515,855,13,855,13,0,50,7
3,350,80.500000,42.000000,2,0,72853518,858,14,858,14,0,50,7
3,350,80.500000,42.000000,2,0,72853521,864,15,864,15,0,50,7
3,350,80.500000,42.000000,2,0,72853524,868,15,868,15,0,50,7
3,350,80.500000,42.000000,2,0,72853526,871,15,871,15,0,50,7
3,350,80.500000,42.000000,2,0,72853529,874,16,874,16,0,50,7
3,350,80.500000,42.000000,2,0,72853532,875,16,875,16,0,50,7
3,350,80.500000,42.000000,2,0,72853535,880,17,880,17,0,50,7
3,350,80.500000,42.000000,2,0,72853537,883,17,883,17,0,50,7
3,350,80.500000,42.000000,2,0,72853540,887,18,887,18,0,50,7
3,350,80.500000,42.000000,2,0,72853543,892,19,892,19,0,50,7
3,350,80.500000,42.000000,2,0,72853546,895,19,895,19,0,50,7
3,350,80.500000,42.000000,2,0,72853549,899,21,899,21,0,50,7
3,350,80.500000,42.000000,2,0,72853552,901,22,901,22,0,50,7
3,350,80.500000,42.000000,2,0,72853555,905,22,905,22,0,50,7
3,350,80.500000,42.000000,2,0,72853558,908,22,908,22,0,50,7
3,350,80.500000,42.000000,2,0,72853561,912,23,912,23,0,50,7
3,350,80.500000,42.000000,2,0,72853563,912,23,912,23,0,50,7
3,350,80.500000,42.000000,2,0,72853566,915,23,915,23,0,50,7
3,350,80.500000,42.000000,2,0,72853569,920,25,920,25,0,50,7
3,350,80.500000,42.000000,2,0,72853571,923,26,923,26,0,50,7
3,350,80.500000,42.000000,2,0,72853574,925,26,925,26,0,50,7
3,350,80.500000,42.000000,2,0,72853577,928,26,928,26,0,50,7
3,350,80.500000,42.000000,2,0,72853579,931,26,931,26,0,50,7
3,350,80.500000,42.000000,2,0,72853582,933,26,933,26,0,50,7
3,350,80.500000,42.000000,2,0,72853585,937,27,937,27,0,50,7
3,350,80.500000,42.000000,2,0,72853588,940,27,940,27,0,50,7
3,350,80.500000,42.000000,2,0,72853591,941,27,941,27,0,50,7
3,350,80.500000,42.000000,2,0,72853594,944,27,944,27,0,50,7
3,350,80.500000,42.000000,2,0,72853597,945,27,945,27,0,50,7
3,350,80.500000,42.000000,2,0,72853600,947,27,947,27,0,50,7
3,350,80.500000,42.000000,2,0,72853603,950,29,950,29,0,50,7
3,350,80.500000,42.000000,2,0,72853605,953,29,953,29,0,50,7
3,350,80.500000,42.000000,2,0,72853608,955,29,955,29,0,50,7
3,350,80.500000,42.000000,2,0,72853611,958,29,958,29,0,50,7
3,350,80.500000,42.000000,2,0,72853614,961,30,961,30,0,50,7
3,350,80.500000,42.000000,2,0,72853616,963,31,963,31,0,50,7
3,350,80.500000,42.000000,2,0,72853619,966,32,966,32,0,50,7
3,350,80.500000,42.000000,2,0,72853622,968,32,968,32,0,50,7
3,350,80.500000,42.000000,2,0,72853624,970,32,970,32,0,50,7
3,350,80.500000,42.000000,2,0,72853627,974,32,974,32,0,50,7
3,350,80.500000,42.000000,2,0,72853630,978,33,978,33,0,50,7
3,350,80.500000,42.000000,2,0,72853633,981,33,981,33,0,50,7
3,350,80.500000,42.000000,2,0,72853635,986,34,986,34,0,50,7
3,350,80.500000,42.000000,2,0,72853638,988,34,988,34,0,50,7
3,350,80.500000,42.000000,2,0,72853641,993,34,993,34,0,50,7
3,350,80.500000,42.000000,2,0,72853644,997,34,997,34,0,50,7
3,350,80.500000,42.000000,2,0,72853646,1000,34,1000,34,0,50,7
3,350,80.500000,42.000000,2,0,72853649,1007,34,1007,34,0,50,7
3,350,80.500000,42.000000,2,0,72853652,1011,34,1011,34,0,50,7
3,350,80.500000,42.000000,2,0,72853655,1014,34,1014,34,0,50,7
3,350,80.500000,42.000000,2,0,72853658,1018,34,1018,34,0,50,7
3,350,80.500000,42.000000,2,0,72853660,1022,34,1022,34,0,50,7
3,350,80.500000,42.000000,2,0,72853663,1028,34,1028,34,0,50,7
3,350,80.500000,42.000000,2,0,72853666,1031,34,1031,34,0,50,7
3,350,80.500000,42.000000,2,0,72853669,1036,34,1036,34,0,50,7
3,350,80.500000,42.000000,2,0,72853671,1043,35,1043,35,0,50,7
3,350,80.500000,42.000000,2,0,72853674,1047,35,1047,35,0,50,7
3,350,80.500000,42.000000,2,0,72853677,1050,35,1050,35,0,50,7
3,350,80.500000,42.000000,2,0,72853680,1054,35,1054,35,0,50,7
3,350,80.500000,42.000000,2,0,72853683,1058,35,1058,35,0,50,7
3,350,80.500000,42.000000,2,0,72853685,1061,35,1061,35,0,50,7
3,350,80.500000,42.000000,2,0,72853688,1066,35,1066,35,0,50,7
3,350,80.500000,42.000000,2,0,72853691,1069,35,1069,35,0,50,7
3,350,80.500000,42.000000,2,0,72853694,1072,35,1072,35,0,50,7
3,350,80.500000,42.000000,2,0,72853696,1075,35,1075,35,0,50,7
3,350,80.500000,42.000000,2,0,72853699,1079,35,1079,35,0,50,7
3,350,80.500000,42.000000,2,0,72853702,1082,35,1082,35,0,50,7
3,350,80.500000,42.000000,2,0,72853704,1085,35,1085,35,0,50,7
3,350,80.500000,42.000000,2,0,72853707,1088,34,1088,34,0,50,7
3,350,80.500000,42.000000,2,0,72853710,1090,34,1090,34,0,50,7
3,350,80.500000,42.000000,2,0,72853713,1093,33,1093,33,0,50,7
3,350,80.500000,42.000000,2,0,72853715,1095,33,1095,33,0,50,7
3,350,80.500000,42.000000,2,0,72853718,1095,32,1095,32,0,50,7
3,350,80.500000,42.000000,2,0,72853721,1098,32,1098,32,0,50,7
3,350,80.500000,42.000000,2,0,72853724,1100,32,1100,32,0,50,7
3,350,80.500000,42.000000,2,0,72853727,1101,32,1101,32,0,50,7
3,350,80.500000,42.000000,2,0,72853729,1101,31,1101,31,0,50,7
3,350,80.500000,42.000000,2,0,72853732,1101,30,1101,30,0,50,7
3,350,80.500000,42.000000,2,0,72853735,1102,30,1102,30,0,50,7
3,350,80.500000,42.000000,2,0,72853738,1104,30,1104,30,0,50,7
3,350,80.500000,42.000000,2,0,72853740,1105,30,1105,30,0,50,7
3,350,80.500000,42.000000,2,0,72853743,1106,30,1106,30,0,50,7
3,350,80.500000,42.000000,2,0,72853746,1107,30,1107,30,0,50,7
3,350,80.500000,42.000000,2,0,72853748,1108,30,1108,30,0,50,7
3,350,80.500000,42.000000,2,0,72853751,1108,30,1108,30,0,50,7
3,350,80.500000,42.000000,2,0,72853754,1108,29,1108,29,0,50,7
3,350,80.500000,42.000000,2,0,72853757,1109,29,1109,29,0,50,7
3,350,80.500000,42.000000,2,0,72853760,1110,28,1110,28,0,50,7
3,350,80.500000,42.000000,2,0,72853763,1111,27,1111,27,0,50,7
3,350,80.500000,42.000000,2,0,72853765,1111,27,1111,27,0,50,7
3,350,80.500000,42.000000,2,0,72853768,1111,27,1111,27,0,50,7
3,350,80.500000,42.000000,2,0,72853771,1112,26,1112,26,0,50,7
3,350,80.500000,42.000000,2,0,72853774,1113,25,1113,25,0,50,7
3,350,80.500000,42.000000,2,0,72853776,1114,25,1114,25,0,50,7
3,350,80.500000,42.000000,2,0,72853779,1115,25,1115,25,0,50,7
3,350,80.500000,42.000000,2,0,72853782,1116,24,1116,24,0,50,7
3,350,80.500000,42.000000,2,0,72853785,1117,24,1117,24,0,50,7
3,350,80.500000,42.000000,2,0,72853788,1118,23,1118,23,0,50,7
3,350,80.500000,42.000000,2,0,72853790,1119,23,1119,23,0,50,7
3,350,80.500000,42.000000,2,0,72853793,1120,23,1120,23,0,50,7
3,350,80.500000,42.000000,2,0,72853796,1122,23,1122,23,0,50,7
3,350,80.500000,42.000000,2,0,72853799,1123,22,1123,22,0,50,7
3,350,80.500000,42.000000,2,0,72853802,1125,21,1125,21,0,50,7
3,350,80.500000,42.000000,2,0,72853804,1125,20,1125,20,0,50,7
3,350,80.500000,42.000000,2,0,72853807,1125,19,1125,19,0,50,7
3,350,80.500000,42.000000,2,0,72853810,1126,18,1126,18,0,50,7
3,350,80.500000,42.000000,2,0,72853813,1128,17,1128,17,0,50,7
3,350,80.500000,42.000000,2,0,72853815,1129,15,1129,15,0,50,7
3,350,80.500000,42.000000,2,0,72853818,1130,15,1130,15,0,50,7
3,350,80.500000,42.000000,2,0,72853821,1130,14,1130,14,0,50,7
3,350,80.500000,42.000000,2,0,72853823,1131,12,1131,12,0,50,7
3,350,80.500000,42.000000,2,0,72853826,1132,10,1132,10,0,50,7
3,350,80.500000,42.000000,2,0,72853829,1132,10,1132,10,0,50,7
3,350,80.500000,42.000000,2,0,72853832,1132,9,1132,9,0,50,7
3,350,80.500000,42.000000,2,0,72853834,1132,8,1132,8,0,50,7
3,350,80.500000,42.000000,2,0,72853837,1132,7,1132,7,0,50,7
3,350,80.500000,42.000000,2,0,72853840,1132,7,1132,7,0,50,7
3,350,80.500000,42.000000,2,0,72853843,1132,6,1132,6,0,50,7
3,350,80.500000,42.000000,2,0,72853846,1132,5,1132,5,0,50,7
3,350,80.500000,42.000000,2,0,72853848,1132,5,1132,5,0,50,7
3,350,80.500000,42.000000,2,0,72853851,1132,5,1132,5,0,50,7
3,350,80.500000,42.000000,2,0,72853854,1132,5,1132,5,0,50,7
3,350,80.500000,42.000000,2,0,72853857,1132,5,1132,5,0,50,7
3,350,80.500000,42.000000,2,0,72853859,1132,5,1132,5,0,50,7
3,350,80.500000,42.000000,2,0,72853863,1132,5,1132,5,0,50,7
3,350,80.500000,42.000000,2,0,72853865,1132,5,1132,5,0,50,7
3,350,80.500000,42.000000,2,0,72853868,1132,5,1132,5,0,50,7
3,350,80.500000,42.000000,2,0,72853871,1132,5,1132,5,0,50,7
3,350,80.500000,42.000000,2,0,72853874,1132,5,1132,5,0,50,7
3,350,80.500000,42.000000,2,0,72853876,1132,5,1132,5,0,50,7
3,350,80.500000,42.000000,2,0,72853879,1132,5,1132,5,0,50,7
3,350,80.500000,42.000000,2,0,72853882,1132,5,1132,5,0,50,7
3,350,80.500000,42.000000,2,0,72853885,1132,5,1132,5,0,50,7
3,350,80.500000,42.000000,2,0,72853887,1132,5,1132,5,0,50,7
3,350,80.500000,42.000000,2,0,72853890,1132,5,1132,5,0,50,7
3,350,80.500000,42.000000,2,0,72853902,1132,5,1132,5,0,50,7
