3,700,21.000000,10000.000000,2,0,72909598,618,4,618,4,0,53,9
3,700,21.000000,10000.000000,2,0,72909599,618,4,618,4,0,53,9
3,700,21.000000,10000.000000,2,0,72909601,618,4,618,4,0,53,9
3,700,21.000000,10000.000000,2,0,72909604,618,4,618,4,0,53,9
3,700,21.000000,10000.000000,2,0,72909607,618,4,618,4,0,53,9
3,700,21.000000,10000.000000,2,0,72909609,618,4,618,4,0,53,9
3,700,21.000000,10000.000000,2,0,72909612,618,4,618,4,0,53,9
3,700,21.000000,10000.000000,2,0,72909615,618,4,618,4,0,53,9
3,700,21.000000,10000.000000,2,0,72909617,618,4,618,4,0,53,9
3,700,21.000000,10000.000000,2,0,72909620,618,4,618,4,0,53,9
3,700,21.000000,10000.000000,2,0,72909623,618,4,618,4,0,53,9
3,700,21.000000,10000.000000,2,0,72909625,618,4,618,4,0,53,9
3,700,21.000000,10000.000000,2,0,72909628,618,4,618,4,0,53,9
3,700,21.000000,10000.000000,2,0,72909631,618,4,618,4,0,53,9
3,700,21.000000,10000.000000,2,0,72909634,618,4,618,4,0,53,9
3,700,21.000000,10000.000000,2,0,72909636,618,4,618,4,0,53,9
3,700,21.000000,10000.000000,2,0,72909639,618,4,618,4,0,53,9
3,700,21.000000,10000.000000,2,0,72909642,618,4,618,4,0,53,9
3,700,21.000000,10000.000000,2,0,72909645,618,4,618,4,0,53,9
3,700,21.000000,10000.000000,2,0,72909647,618,4,618,4,0,53,9
3,700,21.000000,10000.000000,2,0,72909650,618,4,618,4,0,53,9
3,700,21.000000,10000.000000,2,0,72909653,618,4,618,4,0,53,9
3,700,21.000000,10000.000000,2,0,72909656,618,4,618,4,0,53,9
3,700,21.000000,10000.000000,2,0,72909659,618,4,618,4,0,53,9
3,700,21.000000,10000.000000,2,0,72909661,618,4,618,4,0,53,9
3,700,21.000000,10000.000000,2,0,72909664,618,4,618,4,0,53,9
3,700,21.000000,10000.000000,2,0,72909667,618,4,618,4,0,53,9
3,700,21.000000,10000.000000,2,0,72909670,618,4,618,4,0,53,9
3,700,21.000000,10000.000000,2,0,72909672,618,4,618,4,0,53,9
3,700,21.000000,10000.000000,2,0,72909676,618,4,618,4,0,53,9
3,700,21.000000,10000.000000,2,0,72909678,618,4,618,4,0,53,9
3,700,21.000000,10000.000000,2,0,72909681,618,4,618,4,0,53,9
3,700,21.000000,10000.000000,2,0,72909684,618,4,618,4,0,53,9
3,700,21.000000,10000.000000,2,0,72909686,618,4,618,4,0,53,9
3,700,21.000000,10000.000000,2,0,72909689,618,4,618,4,0,53,9
3,700,21.000000,10000.000000,2,0,72909692,618,4,618,4,0,53,9
3,700,21.000000,10000.000000,2,0,72909695,618,4,618,4,0,53,9
3,700,21.000000,10000.000000,2,0,72909698,618,4,618,4,0,53,9
3,700,21.000000,10000.000000,2,0,72909700,618,4,618,4,0,53,9
3,700,21.000000,10000.000000,2,0,72909703,618,4,618,4,0,53,9
3,700,21.000000,10000.000000,2,0,72909706,618,4,618,4,0,53,9
3,700,21.000000,10000.000000,2,0,72909709,618,4,618,4,0,53,9
3,700,21.000000,10000.000000,2,0,72909711,618,4,618,4,0,53,9
3,700,21.000000,10000.000000,2,0,72909714,618,4,618,4,0,53,9
3,700,21.000000,10000.000000,2,0,72909717,618,4,618,4,0,53,9
3,700,21.000000,10000.000000,2,0,72909720,618,4,618,4,0,53,9
3,700,21.000000,10000.000000,2,0,72909723,618,4,618,4,0,53,9
3,700,21.000000,10000.000000,2,0,72909725,618,4,618,4,0,53,9
3,700,21.000000,10000.000000,2,0,72909728,618,4,618,4,0,53,9
3,700,21.000000,10000.000000,2,0,72909731,618,4,618,4,0,53,9
3,700,21.000000,10000.000000,2,0,72909734,619,4,619,4,0,53,9
3,700,21.000000,10000.000000,2,0,72909736,619,3,619,3,0,53,9
3,700,21.000000,10000.000000,2,0,72909739,620,2,620,2,0,53,9
3,700,21.000000,10000.000000,2,0,72909742,621,2,621,2,0,53,9
3,700,21.000000,10000.000000,2,0,72909745,622,1,622,1,0,53,9
3,700,21.000000,10000.000000,2,0,72909747,624,1,624,1,0,53,9
3,700,21.000000,10000.000000,2,0,72909750,625,1,625,1,0,53,9
3,700,21.000000,10000.000000,2,0,72909753,628,1,628,1,0,53,9
3,700,21.000000,10000.000000,2,0,72909756,632,1,632,1,0,53,9
3,700,21.000000,10000.000000,2,0,72909759,635,0,635,0,0,53,9
3,700,21.000000,10000.000000,2,0,72909761,640,0,640,0,0,53,9
3,700,21.000000,10000.000000,2,0,72909764,643,0,643,0,0,53,9
3,700,21.000000,10000.000000,2,0,72909767,647,0,647,-1,0,53,9
3,700,21.000000,10000.000000,2,0,72909770,652,0,652,-2,0,53,9
3,700,21.000000,10000.000000,2,0,72909773,656,0,656,-2,0,53,9
3,700,21.000000,10000.000000,2,0,72909776,661,0,661,-2,0,53,9
3,700,21.000000,10000.000000,2,0,72909778,668,0,668,-3,0,53,9
3,700,21.000000,10000.000000,2,0,72909781,676,0,676,-4,0,53,9
3,700,21.000000,10000.000000,2,0,72909784,681,0,681,-4,0,53,9
3,700,21.000000,10000.000000,2,0,72909787,692,0,692,-5,0,53,9
3,700,21.000000,10000.000000,2,0,72909790,701,0,701,-6,0,53,9
3,700,21.000000,10000.000000,2,0,72909792,709,0,709,-6,0,53,9
3,700,21.000000,10000.000000,2,0,72909795,728,0,728,-6,0,53,9
3,700,21.000000,10000.000000,2,0,72909798,739,0,739,-6,0,53,9
3,700,21.000000,10000.000000,2,0,72909801,748,0,748,-7,0,53,9
3,700,21.000000,10000.000000,2,0,72909803,757,0,757,-7,0,53,9
3,700,21.000000,10000.000000,2,0,72909806,768,0,768,-7,0,53,9
3,700,21.000000,10000.000000,2,0,72909809,778,0,778,-7,0,53,9
3,700,21.000000,10000.000000,2,0,72909812,789,0,789,-8,0,53,9
3,700,21.000000,10000.000000,2,0,72909814,801,0,801,-8,0,53,9
3,700,21.000000,10000.000000,2,0,72909817,811,0,811,-9,0,53,9
3,700,21.000000,10000.000000,2,0,72909820,823,0,823,-9,0,53,9
3,700,21.000000,10000.000000,2,0,72909823,834,0,834,-9,0,53,9
3,700,21.000000,10000.000000,2,0,72909825,848,0,848,-9,0,53,9
3,700,21.000000,10000.000000,2,0,72909828,858,0,858,-10,0,53,9
3,700,21.000000,10000.000000,2,0,72909831,870,0,870,-11,0,53,9
3,700,21.000000,10000.000000,2,0,72909834,880,0,880,-11,0,53,9
3,700,21.000000,10000.000000,2,0,72909837,893,0,893,-11,0,53,9
3,700,21.000000,10000.000000,2,0,72909839,903,0,903,-13,0,53,9
3,700,21.000000,10000.000000,2,0,72909842,914,0,914,-13,0,53,9
3,700,21.000000,10000.000000,2,0,72909845,926,0,926,-14,0,53,9
3,700,21.000000,10000.000000,2,0,72909848,934,0,934,-16,0,53,9
3,700,21.000000,10000.000000,2,0,72909850,945,0,945,-16,0,53,9
3,700,21.000000,10000.000000,2,0,72909853,964,0,964,-19,0,53,9
3,700,21.000000,10000.000000,2,0,72909856,973,0,973,-20,0,53,9
3,700,21.000000,10000.000000,2,0,72909859,980,0,980,-21,0,53,9
3,700,21.000000,10000.000000,2,0,72909861,988,0,988,-22,0,53,9
3,700,21.000000,10000.000000,2,0,72909864,996,0,996,-23,0,53,9
3,700,21.000000,10000.000000,2,0,72909867,1005,0,1005,-24,0,53,9
3,700,21.000000,10000.000000,2,0,72909870,1012,0,1012,-25,0,53,9
3,700,21.000000,10000.000000,2,0,72909873,1017,0,1017,-27,0,53,9
3,700,21.000000,10000.000000,2,0,72909876,1024,0,1024,-28,0,53,9
3,700,21.000000,10000.000000,2,0,72909878,1030,0,1030,-30,0,53,9
3,700,21.000000,10000.000000,2,0,72909881,1036,0,1036,-30,0,53,9
3,700,21.000000,10000.000000,2,0,72909884,1041,0,1041,-32,0,53,9
3,700,21.000000,10000.000000,2,0,72909887,1048,0,1048,-34,0,53,9
3,700,21.000000,10000.000000,2,0,72909889,1054,0,1054,-35,0,53,9
3,700,21.000000,10000.000000,2,0,72909892,1059,0,1059,-37,0,53,9
3,700,21.000000,10000.000000,2,0,72909895,1064,0,1064,-38,0,53,9
3,700,21.000000,10000.000000,2,0,72909898,1067,0,1067,-39,0,53,9
3,700,21.000000,10000.000000,2,0,72909900,1073,0,1073,-41,0,53,9
3,700,21.000000,10000.000000,2,0,72909903,1079,0,1079,-43,0,53,9
3,700,21.000000,10000.000000,2,0,72909906,1082,0,1082,-44,0,53,9
3,700,21.000000,10000.000000,2,0,72909909,1086,0,1086,-44,0,53,9
3,700,21.000000,10000.000000,2,0,72909911,1087,0,1087,-46,0,53,9
3,700,21.000000,10000.000000,2,0,72909914,1092,0,1092,-47,0,53,9
3,700,21.000000,10000.000000,2,0,72909917,1095,0,1095,-47,0,53,9
3,700,21.000000,10000.000000,2,0,72909920,1100,0,1100,-47,0,53,9
3,700,21.000000,10000.000000,2,0,72909923,1101,0,1101,-48,0,53,9
3,700,21.000000,10000.000000,2,0,72909925,1106,0,1106,-51,0,53,9
3,700,21.000000,10000.000000,2,0,72909928,1109,0,1109,-51,0,53,9
3,700,21.000000,10000.000000,2,0,72909931,1113,0,1113,-51,0,53,9
3,700,21.000000,10000.000000,2,0,72909934,1116,0,1116,-51,0,53,9
3,700,21.000000,10000.000000,2,0,72909936,1119,0,1119,-52,0,53,9
3,700,21.000000,10000.000000,2,0,72909939,1124,0,1124,-53,0,53,9
3,700,21.000000,10000.000000,2,0,72909942,1127,0,1127,-54,0,53,9
3,700,21.000000,10000.000000,2,0,72909945,1131,0,1131,-54,0,53,9
3,700,21.000000,10000.000000,2,0,72909948,1138,0,1138,-55,0,53,9
3,700,21.000000,10000.000000,2,0,72909950,1141,0,1141,-55,0,53,9
3,700,21.000000,10000.000000,2,0,72909953,1147,0,1147,-55,0,53,9
3,700,21.000000,10000.000000,2,0,72909956,1152,0,1152,-56,0,53,9
3,700,21.000000,10000.000000,2,0,72909959,1155,0,1155,-56,0,53,9
3,700,21.000000,10000.000000,2,0,72909962,1158,0,1158,-57,0,53,9
3,700,21.000000,10000.000000,2,0,72909964,1161,0,1161,-57,0,53,9
3,700,21.000000,10000.000000,2,0,72909967,1166,0,1166,-58,0,53,9
3,700,21.000000,10000.000000,2,0,72909970,1172,0,1172,-59,0,53,9
3,700,21.000000,10000.000000,2,0,72909973,1175,0,1175,-59,0,53,9
3,700,21.000000,10000.000000,2,0,72909975,1178,0,1178,-60,0,53,9
3,700,21.000000,10000.000000,2,0,72909978,1183,0,1183,-61,0,53,9
3,700,21.000000,10000.000000,2,0,72909981,1186,0,1186,-61,0,53,9
3,700,21.000000,10000.000000,2,0,72909984,1189,0,1189,-62,0,53,9
3,700,21.000000,10000.000000,2,0,72909987,1193,0,1193,-62,0,53,9
3,700,21.000000,10000.000000,2,0,72909989,1194,0,1194,-62,0,53,9
3,700,21.000000,10000.000000,2,0,72909992,1196,0,1196,-62,0,53,9
3,700,21.000000,10000.000000,2,0,72909995,1201,0,1201,-63,0,53,9
3,700,21.000000,10000.000000,2,0,72909998,1205,0,1205,-64,0,53,9
3,700,21.000000,10000.000000,2,0,72910000,1207,0,1207,-64,0,53,9
3,700,21.000000,10000.000000,2,0,72910003,1209,0,1209,-64,0,53,9
3,700,21.000000,10000.000000,2,0,72910006,1213,0,1213,-64,0,53,9
3,700,21.000000,10000.000000,2,0,72910009,1217,0,1217,-64,0,53,9
3,700,21.000000,10000.000000,2,0,72910012,1220,0,1220,-65,0,53,9
3,700,21.000000,10000.000000,2,0,72910015,1222,0,1222,-65,0,53,9
3,700,21.000000,10000.000000,2,0,72910018,1225,0,1225,-67,0,53,9
3,700,21.000000,10000.000000,2,0,72910021,1227,0,1227,-68,0,53,9
3,700,21.000000,10000.000000,2,0,72910023,1228,0,1228,-68,0,53,9
3,700,21.000000,10000.000000,2,0,72910026,1229,0,1229,-68,0,53,9
3,700,21.000000,10000.000000,2,0,72910029,1229,0,1229,-68,0,53,9
3,700,21.000000,10000.000000,2,0,72910032,1229,0,1229,-69,0,53,9
3,700,21.000000,10000.000000,2,0,72910034,1229,0,1229,-69,0,53,9
3,700,21.000000,10000.000000,2,0,72910037,1231,0,1231,-69,0,53,9
3,700,21.000000,10000.000000,2,0,72910040,1233,0,1233,-69,0,53,9
3,700,21.000000,10000.000000,2,0,72910043,1233,0,1233,-69,0,53,9
3,700,21.000000,10000.000000,2,0,72910045,1234,0,1234,-69,0,53,9
3,700,21.000000,10000.000000,2,0,72910048,1235,0,1235,-69,0,53,9
3,700,21.000000,10000.000000,2,0,72910051,1235,0,1235,-69,0,53,9
3,700,21.000000,10000.000000,2,0,72910053,1236,0,1236,-69,0,53,9
3,700,21.000000,10000.000000,2,0,72910056,1237,0,1237,-69,0,53,9
3,700,21.000000,10000.000000,2,0,72910059,1237,0,1237,-69,0,53,9
3,700,21.000000,10000.000000,2,0,72910062,1237,0,1237,-69,0,53,9
3,700,21.000000,10000.000000,2,0,72910064,1238,0,1238,-69,0,53,9
3,700,21.000000,10000.000000,2,0,72910067,1239,0,1239,-69,0,53,9
3,700,21.000000,10000.000000,2,0,72910070,1239,0,1239,-69,0,53,9
3,700,21.000000,10000.000000,2,0,72910072,1239,0,1239,-69,0,53,9
3,700,21.000000,10000.000000,2,0,72910076,1240,0,1240,-69,0,53,9
3,700,21.000000,10000.000000,2,0,72910078,1241,0,1241,-69,0,53,9
3,700,21.000000,10000.000000,2,0,72910081,1242,0,1242,-69,0,53,9
3,700,21.000000,10000.000000,2,0,72910084,1243,0,1243,-69,0,53,9
3,700,21.000000,10000.000000,2,0,72910086,1243,0,1243,-70,0,53,9
3,700,21.000000,10000.000000,2,0,72910089,1245,0,1245,-70,0,53,9
3,700,21.000000,10000.000000,2,0,72910092,1247,0,1247,-70,0,53,9
3,700,21.000000,10000.000000,2,0,72910095,1248,0,1248,-70,0,53,9
3,700,21.000000,10000.000000,2,0,72910098,1249,0,1249,-71,0,53,9
3,700,21.000000,10000.000000,2,0,72910101,1250,0,1250,-71,0,53,9
3,700,21.000000,10000.000000,2,0,72910103,1251,0,1251,-71,0,53,9
3,700,21.000000,10000.000000,2,0,72910106,1253,0,1253,-73,0,53,9
3,700,21.000000,10000.000000,2,0,72910109,1254,0,1254,-73,0,53,9
3,700,21.000000,10000.000000,2,0,72910112,1255,0,1255,-73,0,53,9
3,700,21.000000,10000.000000,2,0,72910115,1256,0,1256,-74,0,53,9
3,700,21.000000,10000.000000,2,0,72910117,1259,0,1259,-75,0,53,9
3,700,21.000000,10000.000000,2,0,72910120,1261,0,1261,-77,0,53,9
3,700,21.000000,10000.000000,2,0,72910123,1263,0,1263,-77,0,53,9
3,700,21.000000,10000.000000,2,0,72910126,1264,0,1264,-78,0,53,9
3,700,21.000000,10000.000000,2,0,72910128,1266,0,1266,-78,0,53,9
3,700,21.000000,10000.000000,2,0,72910131,1268,0,1268,-78,0,53,9
3,700,21.000000,10000.000000,2,0,72910134,1270,0,1270,-80,0,53,9
3,700,21.000000,10000.000000,2,0,72910137,1272,0,1272,-80,0,53,9
3,700,21.000000,10000.000000,2,0,72910139,1274,0,1274,-80,0,53,9
3,700,21.000000,10000.000000,2,0,72910142,1276,0,1276,-81,0,53,9
3,700,21.000000,10000.000000,2,0,72910145,1277,0,1277,-82,0,53,9
3,700,21.000000,10000.000000,2,0,72910148,1278,0,1278,-82,0,53,9
3,700,21.000000,10000.000000,2,0,72910151,1279,0,1279,-82,0,53,9
3,700,21.000000,10000.000000,2,0,72910153,1279,0,1279,-83,0,53,9
3,700,21.000000,10000.000000,2,0,72910156,1280,0,1280,-83,0,53,9
3,700,21.000000,10000.000000,2,0,72910159,1281,0,1281,-83,0,53,9
3,700,21.000000,10000.000000,2,0,72910162,1283,0,1283,-84,0,53,9
3,700,21.000000,10000.000000,2,0,72910164,1285,0,1285,-85,0,53,9
3,700,21.000000,10000.000000,2,0,72910167,1285,0,1285,-85,0,53,9
3,700,21.000000,10000.000000,2,0,72910170,1285,0,1285,-86,0,53,9
3,700,21.000000,10000.000000,2,0,72910173,1285,0,1285,-87,0,53,9
3,700,21.000000,10000.000000,2,0,72910175,1285,0,1285,-87,0,53,9
3,700,21.000000,10000.000000,2,0,72910178,1285,0,1285,-87,0,53,9
3,700,21.000000,10000.000000,2,0,72910181,1285,0,1285,-87,0,53,9
3,700,21.000000,10000.000000,2,0,72910184,1285,0,1285,-87,0,53,9
3,700,21.000000,10000.000000,2,0,72910187,1286,0,1286,-87,0,53,9
3,700,21.000000,10000.000000,2,0,72910189,1287,0,1287,-87,0,53,9
3,700,21.000000,10000.000000,2,0,72910192,1287,0,1287,-87,0,53,9
3,700,21.000000,10000.000000,2,0,72910195,1287,0,1287,-87,0,53,9
3,700,21.000000,10000.000000,2,0,72910198,1287,0,1287,-87,0,53,9
3,700,21.000000,10000.000000,2,0,72910201,1287,0,1287,-87,0,53,9
3,700,21.000000,10000.000000,2,0,72910203,1287,0,1287,-87,0,53,9
3,700,21.000000,10000.000000,2,0,72910206,1287,0,1287,-87,0,53,9
3,700,21.000000,10000.000000,2,0,72910209,1287,0,1287,-87,0,53,9
3,700,21.000000,10000.000000,2,0,72910212,1287,0,1287,-87,0,53,9
3,700,21.000000,10000.000000,2,0,72910214,1287,0,1287,-87,0,53,9
3,700,21.000000,10000.000000,2,0,72910218,1288,0,1288,-87,0,53,9
3,700,21.000000,10000.000000,2,0,72910221,1289,0,1289,-87,0,53,9
3,700,21.000000,10000.000000,2,0,72910223,1290,0,1290,-88,0,53,9
3,700,21.000000,10000.000000,2,0,72910226,1291,0,1291,-88,0,53,9
3,700,21.000000,10000.000000,2,0,72910229,1292,0,1292,-88,0,53,9
3,700,21.000000,10000.000000,2,0,72910231,1290,0,1290,-91,0,53,9
3,700,21.000000,10000.000000,2,0,72910234,1291,1,1291,-90,0,53,9
3,700,21.000000,10000.000000,2,0,72910237,1292,1,1292,-90,0,53,9
3,700,21.000000,10000.000000,2,0,72910240,1293,1,1293,-90,0,53,9
3,700,21.000000,10000.000000,2,0,72910242,1294,1,1294,-90,0,53,9
3,700,21.000000,10000.000000,2,0,72910245,1295,1,1295,-90,0,53,9
3,700,21.000000,10000.000000,2,0,72910248,1297,1,1297,-90,0,53,9
3,700,21.000000,10000.000000,2,0,72910251,1297,0,1297,-91,0,53,9
3,700,21.000000,10000.000000,2,0,72910254,1298,0,1298,-91,0,53,9
3,700,21.000000,10000.000000,2,0,72910256,1299,0,1299,-91,0,53,9
3,700,21.000000,10000.000000,2,0,72910259,1300,0,1300,-91,0,53,9
3,700,21.000000,10000.000000,2,0,72910262,1302,0,1302,-92,0,53,9
3,700,21.000000,10000.000000,2,0,72910265,1302,0,1302,-93,0,53,9
3,700,21.000000,10000.000000,2,0,72910267,1302,0,1302,-94,0,53,9
3,700,21.000000,10000.000000,2,0,72910270,1302,0,1302,-94,0,53,9
3,700,21.000000,10000.000000,2,0,72910273,1302,0,1302,-95,0,53,9
3,700,21.000000,10000.000000,2,0,72910276,1303,0,1303,-96,0,53,9
3,700,21.000000,10000.000000,2,0,72910278,1303,0,1303,-96,0,53,9
3,700,21.000000,10000.000000,2,0,72910281,1303,0,1303,-96,0,53,9
3,700,21.000000,10000.000000,2,0,72910284,1304,0,1304,-96,0,53,9
3,700,21.000000,10000.000000,2,0,72910287,1305,0,1305,-96,0,53,9
3,700,21.000000,10000.000000,2,0,72910290,1306,0,1306,-96,0,53,9
3,700,21.000000,10000.000000,2,0,72910292,1307,0,1307,-96,0,53,9
3,700,21.000000,10000.000000,2,0,72910295,1307,0,1307,-96,0,53,9
3,700,21.000000,10000.000000,2,0,72910298,1307,0,1307,-96,0,53,9
3,700,21.000000,10000.000000,2,0,72910301,1307,0,1307,-96,0,53,9
3,700,21.000000,10000.000000,2,0,72910303,1307,0,1307,-96,0,53,9
3,700,21.000000,10000.000000,2,0,72910306,1308,0,1308,-96,0,53,9
3,700,21.000000,10000.000000,2,0,72910309,1309,0,1309,-96,0,53,9
3,700,21.000000,10000.000000,2,0,72910312,1309,0,1309,-96,0,53,9
3,700,21.000000,10000.000000,2,0,72910315,1309,0,1309,-96,0,53,9
3,700,21.000000,10000.000000,2,0,72910317,1309,0,1309,-96,0,53,9
3,700,21.000000,10000.000000,2,0,72910320,1309,0,1309,-96,0,53,9
3,700,21.000000,10000.000000,2,0,72910323,1309,0,1309,-96,0,53,9
3,700,21.000000,10000.000000,2,0,72910326,1309,0,1309,-96,0,53,9
3,700,21.000000,10000.000000,2,0,72910328,1309,0,1309,-96,0,53,9
3,700,21.000000,10000.000000,2,0,72910331,1309,0,1309,-96,0,53,9
3,700,21.000000,10000.000000,2,0,72910334,1309,0,1309,-97,0,53,9
3,700,21.000000,10000.000000,2,0,72910337,1309,0,1309,-98,0,53,9
3,700,21.000000,10000.000000,2,0,72910339,1309,0,1309,-98,0,53,9
3,700,21.000000,10000.000000,2,0,72910342,1309,0,1309,-98,0,53,9
3,700,21.000000,10000.000000,2,0,72910345,1309,0,1309,-99,0,53,9
3,700,21.000000,10000.000000,2,0,72910348,1309,0,1309,-100,0,53,9
3,700,21.000000,10000.000000,2,0,72910351,1309,0,1309,-100,0,53,9
3,700,21.000000,10000.000000,2,0,72910353,1310,0,1310,-100,0,53,9
3,700,21.000000,10000.000000,2,0,72910356,1311,0,1311,-100,0,53,9
3,700,21.000000,10000.000000,2,0,72910359,1312,0,1312,-100,0,53,9
3,700,21.000000,10000.000000,2,0,72910362,1313,0,1313,-100,0,53,9
3,700,21.000000,10000.000000,2,0,72910364,1313,0,1313,-100,0,53,9
3,700,21.000000,10000.000000,2,0,72910367,1314,0,1314,-100,0,53,9
3,700,21.000000,10000.000000,2,0,72910370,1314,0,1314,-100,0,53,9
3,700,21.000000,10000.000000,2,0,72910373,1314,0,1314,-100,0,53,9
3,700,21.000000,10000.000000,2,0,72910376,1314,0,1314,-100,0,53,9
3,700,21.000000,10000.000000,2,0,72910379,1314,0,1314,-100,0,53,9
3,700,21.000000,10000.000000,2,0,72910381,1314,0,1314,-100,0,53,9
3,700,21.000000,10000.000000,2,0,72910384,1314,0,1314,-100,0,53,9
3,700,21.000000,10000.000000,2,0,72910387,1314,0,1314,-100,0,53,9
3,700,21.000000,10000.000000,2,0,72910390,1314,0,1314,-100,0,53,9
3,700,21.000000,10000.000000,2,0,72910392,1314,0,1314,-100,0,53,9
3,700,21.000000,10000.000000,2,0,72910395,1314,0,1314,-100,0,53,9
3,700,21.000000,10000.000000,2,0,72910398,1314,0,1314,-100,0,53,9
3,700,21.000000,10000.000000,2,0,72910401,1314,0,1314,-100,0,53,9
3,700,21.000000,10000.000000,2,0,72910404,1314,0,1314,-100,0,53,9
3,700,21.000000,10000.000000,2,0,72910406,1314,0,1314,-100,0,53,9
3,700,21.000000,10000.000000,2,0,72910409,1314,0,1314,-100,0,53,9
3,700,21.000000,10000.000000,2,0,72910412,1314,0,1314,-100,0,53,9
3,700,21.000000,10000.000000,2,0,72910415,1314,0,1314,-100,0,53,9
3,700,21.000000,10000.000000,2,0,72910418,1314,0,1314,-100,0,53,9
3,700,21.000000,10000.000000,2,0,72910420,1314,0,1314,-100,0,53,9
3,700,21.000000,10000.000000,2,0,72910423,1314,0,1314,-100,0,53,9
3,700,21.000000,10000.000000,2,0,72910426,1314,0,1314,-100,0,53,9
3,700,21.000000,10000.000000,2,0,72910429,1314,0,1314,-100,0,53,9
3,700,21.000000,10000.000000,2,0,72910431,1314,0,1314,-100,0,53,9
3,700,21.000000,10000.000000,2,0,72910434,1314,0,1314,-100,0,53,9
3,700,21.000000,10000.000000,2,0,72910437,1314,0,1314,-100,0,53,9
3,700,21.000000,10000.000000,2,0,72910440,1314,0,1314,-100,0,53,9
3,700,21.000000,10000.000000,2,0,72910453,1314,0,1314,-100,0,53,9
