3,700,80.500000,42.000000,2,0,72923562,627,0,627,0,0,54,5
3,700,80.500000,42.000000,2,0,72923563,627,0,627,0,0,54,5
3,700,80.500000,42.000000,2,0,72923565,627,0,627,0,0,54,5
3,700,80.500000,42.000000,2,0,72923568,627,0,627,0,0,54,5
3,700,80.500000,42.000000,2,0,72923571,627,0,627,0,0,54,5
3,700,80.500000,42.000000,2,0,72923573,627,0,627,0,0,54,5
3,700,80.500000,42.000000,2,0,72923577,627,0,627,0,0,54,5
3,700,80.500000,42.000000,2,0,72923579,627,0,627,0,0,54,5
3,700,80.500000,42.000000,2,0,72923582,627,0,627,0,0,54,5
3,700,80.500000,42.000000,2,0,72923585,627,0,627,0,0,54,5
3,700,80.500000,42.000000,2,0,72923588,627,0,627,0,0,54,5
3,700,80.500000,42.000000,2,0,72923591,627,0,627,0,0,54,5
3,700,80.500000,42.000000,2,0,72923594,627,0,627,0,0,54,5
3,700,80.500000,42.000000,2,0,72923597,627,0,627,0,0,54,5
3,700,80.500000,42.000000,2,0,72923601,627,0,627,0,0,54,5
3,700,80.500000,42.000000,2,0,72923603,627,0,627,0,0,54,5
3,700,80.500000,42.000000,2,0,72923606,627,0,627,0,0,54,5
3,700,80.500000,42.000000,2,0,72923609,627,0,627,0,0,54,5
3,700,80.500000,42.000000,2,0,72923612,627,0,627,0,0,54,5
3,700,80.500000,42.000000,2,0,72923614,627,0,627,0,0,54,5
3,700,80.500000,42.000000,2,0,72923617,627,0,627,0,0,54,5
3,700,80.500000,42.000000,2,0,72923620,627,0,627,0,0,54,5
3,700,80.500000,42.000000,2,0,72923622,627,0,627,0,0,54,5
3,700,80.500000,42.000000,2,0,72923625,627,0,627,0,0,54,5
3,700,80.500000,42.000000,2,0,72923628,627,0,627,0,0,54,5
3,700,80.500000,42.000000,2,0,72923630,627,0,627,0,0,54,5
3,700,80.500000,42.000000,2,0,72923633,627,0,627,0,0,54,5
3,700,80.500000,42.000000,2,0,72923636,627,0,627,0,0,54,5
3,700,80.500000,42.000000,2,0,72923638,627,0,627,0,0,54,5
3,700,80.500000,42.000000,2,0,72923641,627,0,627,0,0,54,5
3,700,80.500000,42.000000,2,0,72923644,627,0,627,0,0,54,5
3,700,80.500000,42.000000,2,0,72923646,627,0,627,0,0,54,5
3,700,80.500000,42.000000,2,0,72923649,627,0,627,0,0,54,5
3,700,80.500000,42.000000,2,0,72923652,628,0,628,0,0,54,5
3,700,80.500000,42.000000,2,0,72923654,629,0,629,0,0,54,5
3,700,80.500000,42.000000,2,0,72923657,630,0,630,0,0,54,5
3,700,80.500000,42.000000,2,0,72923660,631,1,631,1,0,54,5
3,700,80.500000,42.000000,2,0,72923663,633,1,633,1,0,54,5
3,700,80.500000,42.000000,2,0,72923665,638,3,638,3,0,54,5
3,700,80.500000,42.000000,2,0,72923668,640,3,640,3,0,54,5
3,700,80.500000,42.000000,2,0,72923671,642,5,642,5,0,54,5
3,700,80.500000,42.000000,2,0,72923674,642,6,642,6,0,54,5
3,700,80.500000,42.000000,2,0,72923677,644,6,644,6,0,54,5
3,700,80.500000,42.000000,2,0,72923679,646,7,646,7,0,54,5
3,700,80.500000,42.000000,2,0,72923682,648,8,648,8,0,54,5
3,700,80.500000,42.000000,2,0,72923685,652,11,652,11,0,54,5
3,700,80.500000,42.000000,2,0,72923688,657,13,657,13,0,54,5
3,700,80.500000,42.000000,2,0,72923690,662,16,662,16,0,54,5
3,700,80.500000,42.000000,2,0,72923693,666,20,666,20,0,54,5
3,700,80.500000,42.000000,2,0,72923696,669,22,669,22,0,54,5
3,700,80.500000,42.000000,2,0,72923699,677,25,677,25,0,54,5
3,700,80.500000,42.000000,2,0,72923702,680,26,680,26,0,54,5
3,700,80.500000,42.000000,2,0,72923704,688,29,688,29,0,54,5
3,700,80.500000,42.000000,2,0,72923707,694,33,694,33,0,54,5
3,700,80.500000,42.000000,2,0,72923710,701,37,701,37,0,54,5
3,700,80.500000,42.000000,2,0,72923713,706,39,706,39,0,54,5
3,700,80.500000,42.000000,2,0,72923715,713,43,713,43,0,54,5
3,700,80.500000,42.000000,2,0,72923718,721,47,721,47,0,54,5
3,700,80.500000,42.000000,2,0,72923721,725,50,725,50,0,54,5
3,700,80.500000,42.000000,2,0,72923724,733,54,733,54,0,54,5
3,700,80.500000,42.000000,2,0,72923726,740,58,740,58,0,54,5
3,700,80.500000,42.000000,2,0,72923729,748,60,748,60,0,54,5
3,700,80.500000,42.000000,2,0,72923732,756,63,756,63,0,54,5
3,700,80.500000,42.000000,2,0,72923735,762,66,762,66,0,54,5
3,700,80.500000,42.000000,2,0,72923738,768,69,768,69,0,54,5
3,700,80.500000,42.000000,2,0,72923740,775,71,775,71,0,54,5
3,700,80.500000,42.000000,2,0,72923743,791,77,791,77,0,54,5
3,700,80.500000,42.000000,2,0,72923746,797,78,797,78,0,54,5
3,700,80.500000,42.000000,2,0,72923748,805,81,805,81,0,54,5
3,700,80.500000,42.000000,2,0,72923751,811,83,811,83,0,54,5
3,700,80.500000,42.000000,2,0,72923754,818,85,818,85,0,54,5
3,700,80.500000,42.000000,2,0,72923757,823,87,823,87,0,54,5
3,700,80.500000,42.000000,2,0,72923759,828,88,828,88,0,54,5
3,700,80.500000,42.000000,2,0,72923762,836,89,836,89,0,54,5
3,700,80.500000,42.000000,2,0,72923765,843,90,843,90,0,54,5
3,700,80.500000,42.000000,2,0,72923768,850,92,850,92,0,54,5
3,700,80.500000,42.000000,2,0,72923771,856,93,856,93,0,54,5
3,700,80.500000,42.000000,2,0,72923773,862,93,862,93,0,54,5
3,700,80.500000,42.000000,2,0,72923776,867,94,867,94,0,54,5
3,700,80.500000,42.000000,2,0,72923779,870,94,870,94,0,54,5
3,700,80.500000,42.000000,2,0,72923782,877,96,877,96,0,54,5
3,700,80.500000,42.000000,2,0,72923785,882,96,882,96,0,54,5
3,700,80.500000,42.000000,2,0,72923787,892,96,892,96,0,54,5
3,700,80.500000,42.000000,2,0,72923790,897,96,897,96,0,54,5
3,700,80.500000,42.000000,2,0,72923793,907,96,907,96,0,54,5
3,700,80.500000,42.000000,2,0,72923796,912,96,912,96,0,54,5
3,700,80.500000,42.000000,2,0,72923798,918,96,918,96,0,54,5
3,700,80.500000,42.000000,2,0,72923801,924,96,924,96,0,54,5
3,700,80.500000,42.000000,2,0,72923804,932,96,932,96,0,54,5
3,700,80.500000,42.000000,2,0,72923807,938,96,938,96,0,54,5
3,700,80.500000,42.000000,2,0,72923809,948,97,948,97,0,54,5
3,700,80.500000,42.000000,2,0,72923812,956,97,956,97,0,54,5
3,700,80.500000,42.000000,2,0,72923815,962,97,962,97,0,54,5
3,700,80.500000,42.000000,2,0,72923818,971,97,971,97,0,54,5
3,700,80.500000,42.000000,2,0,72923821,981,97,981,97,0,54,5
3,700,80.500000,42.000000,2,0,72923823,989,97,989,97,0,54,5
3,700,80.500000,42.000000,2,0,72923826,998,97,998,97,0,54,5
3,700,80.500000,42.000000,2,0,72923829,1006,97,1006,97,0,54,5
3,700,80.500000,42.000000,2,0,72923832,1013,97,1013,97,0,54,5
3,700,80.500000,42.000000,2,0,72923835,1022,97,1022,97,0,54,5
3,700,80.500000,42.000000,2,0,72923837,1030,97,1030,97,0,54,5
3,700,80.500000,42.000000,2,0,72923840,1038,97,1038,97,0,54,5
3,700,80.500000,42.000000,2,0,72923843,1047,97,1047,97,0,54,5
3,700,80.500000,42.000000,2,0,72923846,1053,97,1053,97,0,54,5
3,700,80.500000,42.000000,2,0,72923848,1062,96,1062,96,0,54,5
3,700,80.500000,42.000000,2,0,72923851,1071,96,1071,96,0,54,5
3,700,80.500000,42.000000,2,0,72923854,1078,96,1078,96,0,54,5
3,700,80.500000,42.000000,2,0,72923857,1083,96,1083,96,0,54,5
3,700,80.500000,42.000000,2,0,72923860,1086,96,1086,96,0,54,5
3,700,80.500000,42.000000,2,0,72923862,1095,96,1095,96,0,54,5
3,700,80.500000,42.000000,2,0,72923865,1102,95,1102,95,0,54,5
3,700,80.500000,42.000000,2,0,72923868,1108,95,1108,95,0,54,5
3,700,80.500000,42.000000,2,0,72923871,1113,94,1113,94,0,54,5
3,700,80.500000,42.000000,2,0,72923874,1120,94,1120,94,0,54,5
3,700,80.500000,42.000000,2,0,72923876,1124,94,1124,94,0,54,5
3,700,80.500000,42.000000,2,0,72923879,1130,92,1130,92,0,54,5
3,700,80.500000,42.000000,2,0,72923882,1135,92,1135,92,0,54,5
3,700,80.500000,42.000000,2,0,72923885,1141,91,1141,91,0,54,5
3,700,80.500000,42.000000,2,0,72923887,1146,91,1146,91,0,54,5
3,700,80.500000,42.000000,2,0,72923890,1151,90,1151,90,0,54,5
3,700,80.500000,42.000000,2,0,72923893,1157,89,1157,89,0,54,5
3,700,80.500000,42.000000,2,0,72923896,1160,89,1160,89,0,54,5
3,700,80.500000,42.000000,2,0,72923899,1165,88,1165,88,0,54,5
3,700,80.500000,42.000000,2,0,72923901,1167,87,1167,87,0,54,5
3,700,80.500000,42.000000,2,0,72923904,1170,87,1170,87,0,54,5
3,700,80.500000,42.000000,2,0,72923907,1176,86,1176,86,0,54,5
3,700,80.500000,42.000000,2,0,72923910,1179,85,1179,85,0,54,5
3,700,80.500000,42.000000,2,0,72923912,1184,84,1184,84,0,54,5
3,700,80.500000,42.000000,2,0,72923915,1187,83,1187,83,0,54,5
3,700,80.500000,42.000000,2,0,72923918,1192,82,1192,82,0,54,5
3,700,80.500000,42.000000,2,0,72923921,1194,79,1194,79,0,54,5
3,700,80.500000,42.000000,2,0,72923924,1196,77,1196,77,0,54,5
3,700,80.500000,42.000000,2,0,72923926,1200,76,1200,76,0,54,5
3,700,80.500000,42.000000,2,0,72923929,1204,76,1204,76,0,54,5
3,700,80.500000,42.000000,2,0,72923932,1207,74,1207,74,0,54,5
3,700,80.500000,42.000000,2,0,72923935,1211,73,1211,73,0,54,5
3,700,80.500000,42.000000,2,0,72923938,1212,73,1212,73,0,54,5
3,700,80.500000,42.000000,2,0,72923940,1215,72,1215,72,0,54,5
3,700,80.500000,42.000000,2,0,72923943,1217,71,1217,71,0,54,5
3,700,80.500000,42.000000,2,0,72923946,1218,69,1218,69,0,54,5
3,700,80.500000,42.000000,2,0,72923949,1221,68,1221,68,0,54,5
3,700,80.500000,42.000000,2,0,72923951,1222,67,1222,67,0,54,5
3,700,80.500000,42.000000,2,0,72923954,1224,65,1224,65,0,54,5
3,700,80.500000,42.000000,2,0,72923957,1228,63,1228,63,0,54,5
3,700,80.500000,42.000000,2,0,72923960,1230,63,1230,63,0,54,5
3,700,80.500000,42.000000,2,0,72923963,1230,62,1230,62,0,54,5
3,700,80.500000,42.000000,2,0,72923965,1230,60,1230,60,0,54,5
3,700,80.500000,42.000000,2,0,72923968,1232,59,1232,59,0,54,5
3,700,80.500000,42.000000,2,0,72923971,1234,58,1234,58,0,54,5
3,700,80.500000,42.000000,2,0,72923974,1237,56,1237,56,0,54,5
3,700,80.500000,42.000000,2,0,72923976,1238,55,1238,55,0,54,5
3,700,80.500000,42.000000,2,0,72923979,1240,53,1240,53,0,54,5
3,700,80.500000,42.000000,2,0,72923982,1243,53,1243,53,0,54,5
3,700,80.500000,42.000000,2,0,72923985,1245,52,1245,52,0,54,5
3,700,80.500000,42.000000,2,0,72923988,1248,51,1248,51,0,54,5
3,700,80.500000,42.000000,2,0,72923991,1249,51,1249,51,0,54,5
3,700,80.500000,42.000000,2,0,72923993,1251,50,1251,50,0,54,5
3,700,80.500000,42.000000,2,0,72923996,1253,50,1253,50,0,54,5
3,700,80.500000,42.000000,2,0,72923999,1254,47,1254,47,0,54,5
3,700,80.500000,42.000000,2,0,72924001,1257,44,1257,44,0,54,5
3,700,80.500000,42.000000,2,0,72924004,1258,43,1258,43,0,54,5
3,700,80.500000,42.000000,2,0,72924007,1260,39,1260,39,0,54,5
3,700,80.500000,42.000000,2,0,72924010,1262,38,1262,38,0,54,5
3,700,80.500000,42.000000,2,0,72924013,1263,37,1263,37,0,54,5
3,700,80.500000,42.000000,2,0,72924015,1265,36,1265,36,0,54,5
3,700,80.500000,42.000000,2,0,72924018,1266,34,1266,34,0,54,5
3,700,80.500000,42.000000,2,0,72924021,1269,31,1269,31,0,54,5
3,700,80.500000,42.000000,2,0,72924024,1270,30,1270,30,0,54,5
3,700,80.500000,42.000000,2,0,72924026,1272,27,1272,27,0,54,5
3,700,80.500000,42.000000,2,0,72924029,1273,26,1273,26,0,54,5
3,700,80.500000,42.000000,2,0,72924032,1274,24,1274,24,0,54,5
3,700,80.500000,42.000000,2,0,72924035,1276,21,1276,21,0,54,5
3,700,80.500000,42.000000,2,0,72924038,1277,20,1277,20,0,54,5
3,700,80.500000,42.000000,2,0,72924040,1278,19,1278,19,0,54,5
3,700,80.500000,42.000000,2,0,72924043,1280,18,1280,18,0,54,5
3,700,80.500000,42.000000,2,0,72924046,1280,17,1280,17,0,54,5
3,700,80.500000,42.000000,2,0,72924049,1280,15,1280,15,0,54,5
3,700,80.500000,42.000000,2,0,72924051,1280,13,1280,13,0,54,5
3,700,80.500000,42.000000,2,0,72924054,1280,10,1280,10,0,54,5
3,700,80.500000,42.000000,2,0,72924057,1283,9,1283,9,0,54,5
3,700,80.500000,42.000000,2,0,72924060,1283,7,1283,7,0,54,5
3,700,80.500000,42.000000,2,0,72924063,1283,5,1283,5,0,54,5
3,700,80.500000,42.000000,2,0,72924065,1284,3,1284,3,0,54,5
3,700,80.500000,42.000000,2,0,72924068,1285,3,1285,3,0,54,5
3,700,80.500000,42.000000,2,0,72924071,1285,2,1285,2,0,54,5
3,700,80.500000,42.000000,2,0,72924074,1286,2,1286,2,0,54,5
3,700,80.500000,42.000000,2,0,72924076,1286,1,1286,1,0,54,5
3,700,80.500000,42.000000,2,0,72924080,1286,0,1286,-2,0,54,5
3,700,80.500000,42.000000,2,0,72924082,1287,0,1287,-2,0,54,5
3,700,80.500000,42.000000,2,0,72924085,1287,0,1287,-3,0,54,5
3,700,80.500000,42.000000,2,0,72924088,1288,0,1288,-4,0,54,5
3,700,80.500000,42.000000,2,0,72924091,1289,0,1289,-5,0,54,5
3,700,80.500000,42.000000,2,0,72924093,1289,0,1289,-7,0,54,5
3,700,80.500000,42.000000,2,0,72924096,1290,0,1290,-7,0,54,5
3,700,80.500000,42.000000,2,0,72924099,1290,0,1290,-8,0,54,5
3,700,80.500000,42.000000,2,0,72924102,1290,0,1290,-10,0,54,5
3,700,80.500000,42.000000,2,0,72924104,1290,0,1290,-12,0,54,5
3,700,80.500000,42.000000,2,0,72924107,1291,0,1291,-13,0,54,5
3,700,80.500000,42.000000,2,0,72924110,1291,0,1291,-14,0,54,5
3,700,80.500000,42.000000,2,0,72924113,1291,0,1291,-15,0,54,5
3,700,80.500000,42.000000,2,0,72924115,1292,0,1292,-17,0,54,5
3,700,80.500000,42.000000,2,0,72924118,1293,0,1293,-19,0,54,5
3,700,80.500000,42.000000,2,0,72924121,1295,0,1295,-21,0,54,5
3,700,80.500000,42.000000,2,0,72924124,1295,0,1295,-22,0,54,5
3,700,80.500000,42.000000,2,0,72924127,1295,0,1295,-24,0,54,5
3,700,80.500000,42.000000,2,0,72924129,1297,0,1297,-27,0,54,5
3,700,80.500000,42.000000,2,0,72924132,1298,0,1298,-28,0,54,5
3,700,80.500000,42.000000,2,0,72924135,1298,0,1298,-29,0,54,5
3,700,80.500000,42.000000,2,0,72924138,1298,0,1298,-30,0,54,5
3,700,80.500000,42.000000,2,0,72924140,1299,0,1299,-30,0,54,5
3,700,80.500000,42.000000,2,0,72924143,1299,0,1299,-31,0,54,5
3,700,80.500000,42.000000,2,0,72924146,1299,0,1299,-32,0,54,5
3,700,80.500000,42.000000,2,0,72924149,1299,0,1299,-33,0,54,5
3,700,80.500000,42.000000,2,0,72924152,1299,0,1299,-34,0,54,5
3,700,80.500000,42.000000,2,0,72924154,1300,0,1300,-35,0,54,5
3,700,80.500000,42.000000,2,0,72924157,1300,0,1300,-36,0,54,5
3,700,80.500000,42.000000,2,0,72924160,1301,0,1301,-36,0,54,5
3,700,80.500000,42.000000,2,0,72924163,1302,0,1302,-36,0,54,5
3,700,80.500000,42.000000,2,0,72924165,1302,0,1302,-37,0,54,5
3,700,80.500000,42.000000,2,0,72924168,1302,0,1302,-37,0,54,5
3,700,80.500000,42.000000,2,0,72924171,1302,0,1302,-37,0,54,5
3,700,80.500000,42.000000,2,0,72924174,1302,0,1302,-37,0,54,5
3,700,80.500000,42.000000,2,0,72924177,1302,0,1302,-37,0,54,5
3,700,80.500000,42.000000,2,0,72924179,1302,0,1302,-37,0,54,5
3,700,80.500000,42.000000,2,0,72924182,1302,0,1302,-37,0,54,5
3,700,80.500000,42.000000,2,0,72924185,1302,0,1302,-37,0,54,5
3,700,80.500000,42.000000,2,0,72924188,1302,0,1302,-37,0,54,5
3,700,80.500000,42.000000,2,0,72924199,1302,0,1302,-37,0,54,5
