1000,350,21.000000,42.000000,1,0,1963534,787,16,787,16,0,28,2
1000,350,21.000000,42.000000,1,0,1963534,787,16,787,16,0,28,2
1000,350,21.000000,42.000000,1,0,1963537,787,16,787,16,0,28,2
1000,350,21.000000,42.000000,1,0,1963540,787,16,787,16,0,28,2
1000,350,21.000000,42.000000,1,0,1963543,787,16,787,16,0,28,2
1000,350,21.000000,42.000000,1,0,1963545,787,16,787,16,0,28,2
1000,350,21.000000,42.000000,1,0,1963548,787,16,787,16,0,28,2
1000,350,21.000000,42.000000,1,0,1963551,787,16,787,16,0,28,2
1000,350,21.000000,42.000000,1,0,1963554,787,16,787,16,0,28,2
1000,350,21.000000,42.000000,1,0,1963557,787,16,787,16,0,28,2
1000,350,21.000000,42.000000,1,0,1963559,787,16,787,16,0,28,2
1000,350,21.000000,42.000000,1,0,1963562,787,16,787,16,0,28,2
1000,350,21.000000,42.000000,1,0,1963565,787,16,787,16,0,28,2
1000,350,21.000000,42.000000,1,0,1963568,787,16,787,16,0,28,2
1000,350,21.000000,42.000000,1,0,1963570,787,16,787,16,0,28,2
1000,350,21.000000,42.000000,1,0,1963573,787,16,787,16,0,28,2
1000,350,21.000000,42.000000,1,0,1963576,787,16,787,16,0,28,2
1000,350,21.000000,42.000000,1,0,1963579,787,16,787,16,0,28,2
1000,350,21.000000,42.000000,1,0,1963582,787,16,787,16,0,28,2
1000,350,21.000000,42.000000,1,0,1963584,787,16,787,16,0,28,2
1000,350,21.000000,42.000000,1,0,1963587,787,16,787,16,0,28,2
1000,350,21.000000,42.000000,1,0,1963590,787,16,787,16,0,28,2
1000,350,21.000000,42.000000,1,0,1963593,787,16,787,16,0,28,2
1000,350,21.000000,42.000000,1,0,1963596,787,16,787,16,0,28,2
1000,350,21.000000,42.000000,1,0,1963598,787,16,787,16,0,28,2
1000,350,21.000000,42.000000,1,0,1963601,787,16,787,16,0,28,2
1000,350,21.000000,42.000000,1,0,1963604,788,16,788,16,0,28,2
1000,350,21.000000,42.000000,1,0,1963606,789,16,789,16,0,28,2
1000,350,21.000000,42.000000,1,0,1963609,790,16,790,16,0,28,2
1000,350,21.000000,42.000000,1,0,1963612,791,16,791,16,0,28,2
1000,350,21.000000,42.000000,1,0,1963615,792,17,792,17,0,28,2
1000,350,21.000000,42.000000,1,0,1963618,794,18,794,18,0,28,2
1000,350,21.000000,42.000000,1,0,1963620,795,19,795,19,0,28,2
1000,350,21.000000,42.000000,1,0,1963623,796,20,796,20,0,28,2
1000,350,21.000000,42.000000,1,0,1963626,797,21,797,21,0,28,2
1000,350,21.000000,42.000000,1,0,1963629,799,22,799,22,0,28,2
1000,350,21.000000,42.000000,1,0,1963631,801,23,801,23,0,28,2
1000,350,21.000000,42.000000,1,0,1963634,804,25,804,25,0,28,2
1000,350,21.000000,42.000000,1,0,1963637,806,27,806,27,0,28,2
1000,350,21.000000,42.000000,1,0,1963640,808,28,808,28,0,28,2
1000,350,21.000000,42.000000,1,0,1963643,810,30,810,30,0,28,2
1000,350,21.000000,42.000000,1,0,1963645,813,32,813,32,0,28,2
1000,350,21.000000,42.000000,1,0,1963648,816,33,816,33,0,28,2
1000,350,21.000000,42.000000,1,0,1963651,820,35,820,35,0,28,2
1000,350,21.000000,42.000000,1,0,1963654,825,36,825,36,0,28,2
1000,350,21.000000,42.000000,1,0,1963657,828,38,828,38,0,28,2
1000,350,21.000000,42.000000,1,0,1963659,832,39,832,39,0,28,2
1000,350,21.000000,42.000000,1,0,1963662,838,41,838,41,0,28,2
1000,350,21.000000,42.000000,1,0,1963665,843,43,843,43,0,28,2
1000,350,21.000000,42.000000,1,0,1963668,851,46,851,46,0,28,2
1000,350,21.000000,42.000000,1,0,1963671,857,48,857,48,0,28,2
1000,350,21.000000,42.000000,1,0,1963674,863,49,863,49,0,28,2
1000,350,21.000000,42.000000,1,0,1963676,871,51,871,51,0,28,2
1000,350,21.000000,42.000000,1,0,1963679,875,53,875,53,0,28,2
1000,350,21.000000,42.000000,1,0,1963682,883,55,883,55,0,28,2
1000,350,21.000000,42.000000,1,0,1963685,894,58,894,58,0,28,2
1000,350,21.000000,42.000000,1,0,1963688,899,60,899,60,0,28,2
1000,350,21.000000,42.000000,1,0,1963691,912,63,912,63,0,28,2
1000,350,21.000000,42.000000,1,0,1963693,921,64,921,64,0,28,2
1000,350,21.000000,42.000000,1,0,1963696,929,66,929,66,0,28,2
1000,350,21.000000,42.000000,1,0,1963699,933,67,933,67,0,28,2
1000,350,21.000000,42.000000,1,0,1963702,941,68,941,68,0,28,2
1000,350,21.000000,42.000000,1,0,1963705,948,69,948,69,0,28,2
1000,350,21.000000,42.000000,1,0,1963707,959,71,959,71,0,28,2
1000,350,21.000000,42.000000,1,0,1963710,968,72,968,72,0,28,2
1000,350,21.000000,42.000000,1,0,1963713,976,74,976,74,0,28,2
1000,350,21.000000,42.000000,1,0,1963716,985,75,985,75,0,28,2
1000,350,21.000000,42.000000,1,0,1963719,991,75,991,75,0,28,2
1000,350,21.000000,42.000000,1,0,1963721,1002,76,1002,76,0,28,2
1000,350,21.000000,42.000000,1,0,1963724,1010,76,1010,76,0,28,2
1000,350,21.000000,42.000000,1,0,1963727,1018,76,1018,76,0,28,2
1000,350,21.000000,42.000000,1,0,1963730,1024,76,1024,76,0,28,2
1000,350,21.000000,42.000000,1,0,1963733,1033,76,1033,76,0,28,2
1000,350,21.000000,42.000000,1,0,1963736,1036,76,1036,76,0,28,2
1000,350,21.000000,42.000000,1,0,1963738,1040,76,1040,76,0,28,2
1000,350,21.000000,42.000000,1,0,1963741,1045,76,1045,76,0,28,2
1000,350,21.000000,42.000000,1,0,1963744,1051,76,1051,76,0,28,2
1000,350,21.000000,42.000000,1,0,1963747,1057,75,1057,75,0,28,2
1000,350,21.000000,42.000000,1,0,1963750,1060,75,1060,75,0,28,2
1000,350,21.000000,42.000000,1,0,1963752,1064,75,1064,75,0,28,2
1000,350,21.000000,42.000000,1,0,1963755,1066,74,1066,74,0,28,2
1000,350,21.000000,42.000000,1,0,1963758,1070,73,1070,73,0,28,2
1000,350,21.000000,42.000000,1,0,1963761,1072,73,1072,73,0,28,2
1000,350,21.000000,42.000000,1,0,1963765,1077,72,1077,72,0,28,2
1000,350,21.000000,42.000000,1,0,1963768,1081,71,1081,71,0,28,2
1000,350,21.000000,42.000000,1,0,1963771,1082,70,1082,70,0,28,2
1000,350,21.000000,42.000000,1,0,1963773,1084,69,1084,69,0,28,2
1000,350,21.000000,42.000000,1,0,1963776,1086,68,1086,68,0,28,2
1000,350,21.000000,42.000000,1,0,1963779,1087,68,1087,68,0,28,2
1000,350,21.000000,42.000000,1,0,1963782,1088,68,1088,68,0,28,2
1000,350,21.000000,42.000000,1,0,1963784,1090,67,1090,67,0,28,2
1000,350,21.000000,42.000000,1,0,1963787,1091,67,1091,67,0,28,2
1000,350,21.000000,42.000000,1,0,1963790,1092,66,1092,66,0,28,2
1000,350,21.000000,42.000000,1,0,1963793,1093,65,1093,65,0,28,2
1000,350,21.000000,42.000000,1,0,1963796,1093,64,1093,64,0,28,2
1000,350,21.000000,42.000000,1,0,1963798,1094,63,1094,63,0,28,2
1000,350,21.000000,42.000000,1,0,1963801,1095,62,1095,62,0,28,2
1000,350,21.000000,42.000000,1,0,1963804,1095,61,1095,61,0,28,2
1000,350,21.000000,42.000000,1,0,1963807,1095,60,1095,60,0,28,2
1000,350,21.000000,42.000000,1,0,1963809,1095,59,1095,59,0,28,2
1000,350,21.000000,42.000000,1,0,1963812,1095,58,1095,58,0,28,2
1000,350,21.000000,42.000000,1,0,1963815,1095,57,1095,57,0,28,2
1000,350,21.000000,42.000000,1,0,1963818,1095,56,1095,56,0,28,2
1000,350,21.000000,42.000000,1,0,1963820,1095,55,1095,55,0,28,2
1000,350,21.000000,42.000000,1,0,1963823,1095,54,1095,54,0,28,2
1000,350,21.000000,42.000000,1,0,1963826,1095,53,1095,53,0,28,2
1000,350,21.000000,42.000000,1,0,1963829,1095,52,1095,52,0,28,2
1000,350,21.000000,42.000000,1,0,1963832,1096,52,1096,52,0,28,2
1000,350,21.000000,42.000000,1,0,1963834,1096,51,1096,51,0,28,2
1000,350,21.000000,42.000000,1,0,1963837,1097,50,1097,50,0,28,2
1000,350,21.000000,42.000000,1,0,1963840,1098,49,1098,49,0,28,2
1000,350,21.000000,42.000000,1,0,1963843,1100,48,1100,48,0,28,2
1000,350,21.000000,42.000000,1,0,1963846,1100,47,1100,47,0,28,2
1000,350,21.000000,42.000000,1,0,1963848,1100,46,1100,46,0,28,2
1000,350,21.000000,42.000000,1,0,1963851,1101,45,1101,45,0,28,2
1000,350,21.000000,42.000000,1,0,1963854,1101,44,1101,44,0,28,2
1000,350,21.000000,42.000000,1,0,1963857,1102,43,1102,43,0,28,2
1000,350,21.000000,42.000000,1,0,1963860,1103,42,1103,42,0,28,2
1000,350,21.000000,42.000000,1,0,1963863,1103,41,1103,41,0,28,2
1000,350,21.000000,42.000000,1,0,1963866,1104,40,1104,40,0,28,2
1000,350,21.000000,42.000000,1,0,1963868,1105,39,1105,39,0,28,2
1000,350,21.000000,42.000000,1,0,1963871,1106,37,1106,37,0,28,2
1000,350,21.000000,42.000000,1,0,1963874,1106,36,1106,36,0,28,2
1000,350,21.000000,42.000000,1,0,1963877,1106,36,1106,36,0,28,2
1000,350,21.000000,42.000000,1,0,1963880,1106,35,1106,35,0,28,2
1000,350,21.000000,42.000000,1,0,1963882,1106,34,1106,34,0,28,2
1000,350,21.000000,42.000000,1,0,1963885,1107,33,1107,33,0,28,2
1000,350,21.000000,42.000000,1,0,1963888,1107,32,1107,32,0,28,2
1000,350,21.000000,42.000000,1,0,1963891,1108,30,1108,30,0,28,2
1000,350,21.000000,42.000000,1,0,1963894,1109,29,1109,29,0,28,2
1000,350,21.000000,42.000000,1,0,1963896,1109,28,1109,28,0,28,2
1000,350,21.000000,42.000000,1,0,1963900,1110,26,1110,26,0,28,2
1000,350,21.000000,42.000000,1,0,1963903,1111,25,1111,25,0,28,2
1000,350,21.000000,42.000000,1,0,1963905,1112,24,1112,24,0,28,2
1000,350,21.000000,42.000000,1,0,1963908,1113,23,1113,23,0,28,2
1000,350,21.000000,42.000000,1,0,1963911,1114,23,1114,23,0,28,2
1000,350,21.000000,42.000000,1,0,1963914,1114,22,1114,22,0,28,2
1000,350,21.000000,42.000000,1,0,1963916,1115,21,1115,21,0,28,2
1000,350,21.000000,42.000000,1,0,1963919,1116,20,1116,20,0,28,2
1000,350,21.000000,42.000000,1,0,1963922,1117,19,1117,19,0,28,2
1000,350,21.000000,42.000000,1,0,1963925,1118,19,1118,19,0,28,2
1000,350,21.000000,42.000000,1,0,1963927,1118,18,1118,18,0,28,2
1000,350,21.000000,42.000000,1,0,1963930,1119,17,1119,17,0,28,2
1000,350,21.000000,42.000000,1,0,1963933,1120,17,1120,17,0,28,2
1000,350,21.000000,42.000000,1,0,1963936,1121,16,1121,16,0,28,2
1000,350,21.000000,42.000000,1,0,1963939,1121,16,1121,16,0,28,2
1000,350,21.000000,42.000000,1,0,1963941,1121,16,1121,16,0,28,2
1000,350,21.000000,42.000000,1,0,1963944,1122,16,1122,16,0,28,2
1000,350,21.000000,42.000000,1,0,1963947,1123,15,1123,15,0,28,2
1000,350,21.000000,42.000000,1,0,1963950,1123,15,1123,15,0,28,2
1000,350,21.000000,42.000000,1,0,1963952,1123,15,1123,15,0,28,2
1000,350,21.000000,42.000000,1,0,1963955,1123,14,1123,14,0,28,2
1000,350,21.000000,42.000000,1,0,1963958,1124,14,1124,14,0,28,2
1000,350,21.000000,42.000000,1,0,1963961,1124,14,1124,14,0,28,2
1000,350,21.000000,42.000000,1,0,1963964,1126,14,1126,14,0,28,2
1000,350,21.000000,42.000000,1,0,1963966,1126,13,1126,13,0,28,2
1000,350,21.000000,42.000000,1,0,1963969,1127,12,1127,12,0,28,2
1000,350,21.000000,42.000000,1,0,1963972,1128,12,1128,12,0,28,2
1000,350,21.000000,42.000000,1,0,1963975,1129,12,1129,12,0,28,2
1000,350,21.000000,42.000000,1,0,1963977,1130,12,1130,12,0,28,2
1000,350,21.000000,42.000000,1,0,1963980,1130,12,1130,12,0,28,2
1000,350,21.000000,42.000000,1,0,1963983,1131,12,1131,12,0,28,2
1000,350,21.000000,42.000000,1,0,1963986,1132,12,1132,12,0,28,2
1000,350,21.000000,42.000000,1,0,1963989,1132,12,1132,12,0,28,2
1000,350,21.000000,42.000000,1,0,1963991,1132,12,1132,12,0,28,2
1000,350,21.000000,42.000000,1,0,1963994,1133,12,1133,12,0,28,2
1000,350,21.000000,42.000000,1,0,1963997,1134,11,1134,11,0,28,2
1000,350,21.000000,42.000000,1,0,1964000,1134,11,1134,11,0,28,2
1000,350,21.000000,42.000000,1,0,1964002,1135,11,1135,11,0,28,2
1000,350,21.000000,42.000000,1,0,1964005,1135,11,1135,11,0,28,2
1000,350,21.000000,42.000000,1,0,1964008,1136,11,1136,11,0,28,2
1000,350,21.000000,42.000000,1,0,1964011,1136,11,1136,11,0,28,2
1000,350,21.000000,42.000000,1,0,1964014,1137,11,1137,11,0,28,2
1000,350,21.000000,42.000000,1,0,1964016,1137,11,1137,11,0,28,2
1000,350,21.000000,42.000000,1,0,1964019,1137,11,1137,11,0,28,2
1000,350,21.000000,42.000000,1,0,1964022,1137,11,1137,11,0,28,2
1000,350,21.000000,42.000000,1,0,1964025,1137,11,1137,11,0,28,2
1000,350,21.000000,42.000000,1,0,1964027,1137,11,1137,11,0,28,2
1000,350,21.000000,42.000000,1,0,1964030,1137,11,1137,11,0,28,2
1000,350,21.000000,42.000000,1,0,1964033,1137,11,1137,11,0,28,2
1000,350,21.000000,42.000000,1,0,1964036,1137,11,1137,11,0,28,2
1000,350,21.000000,42.000000,1,0,1964038,1137,11,1137,11,0,28,2
1000,350,21.000000,42.000000,1,0,1964041,1137,11,1137,11,0,28,2
1000,350,21.000000,42.000000,1,0,1964044,1137,11,1137,11,0,28,2
1000,350,21.000000,42.000000,1,0,1964047,1137,11,1137,11,0,28,2
1000,350,21.000000,42.000000,1,0,1964049,1137,11,1137,11,0,28,2
1000,350,21.000000,42.000000,1,0,1964052,1137,11,1137,11,0,28,2
1000,350,21.000000,42.000000,1,0,1964055,1137,11,1137,11,0,28,2
1000,350,21.000000,42.000000,1,0,1964058,1137,11,1137,11,0,28,2
1000,350,21.000000,42.000000,1,0,1964060,1137,11,1137,11,0,28,2
1000,350,21.000000,42.000000,1,0,1964063,1137,11,1137,11,0,28,2
1000,350,21.000000,42.000000,1,0,1964066,1137,11,1137,11,0,28,2
1000,350,21.000000,42.000000,1,0,1964069,1137,11,1137,11,0,28,2
1000,350,21.000000,42.000000,1,0,1964071,1137,11,1137,11,0,28,2
1000,350,21.000000,42.000000,1,0,1964074,1137,11,1137,11,0,28,2
1000,350,21.000000,42.000000,1,0,1964077,1137,11,1137,11,0,28,2
1000,350,21.000000,42.000000,1,0,1964080,1137,11,1137,11,0,28,2
1000,350,21.000000,42.000000,1,0,1964082,1137,11,1137,11,0,28,2
1000,350,21.000000,42.000000,1,0,1964085,1137,11,1137,11,0,28,2
1000,350,21.000000,42.000000,1,0,1964088,1137,11,1137,11,0,28,2
1000,350,21.000000,42.000000,1,0,1964090,1137,11,1137,11,0,28,2
1000,350,21.000000,42.000000,1,0,1964093,1137,11,1137,11,0,28,2
1000,350,21.000000,42.000000,1,0,1964096,1137,11,1137,11,0,28,2
1000,350,21.000000,42.000000,1,0,1964099,1137,11,1137,11,0,28,2
1000,350,21.000000,42.000000,1,0,1964102,1137,11,1137,11,0,28,2
1000,350,21.000000,42.000000,1,0,1964105,1137,11,1137,11,0,28,2
1000,350,21.000000,42.000000,1,0,1964107,1137,11,1137,11,0,28,2
1000,350,21.000000,42.000000,1,0,1964110,1137,11,1137,11,0,28,2
1000,350,21.000000,42.000000,1,0,1964113,1137,11,1137,11,0,28,2
1000,350,21.000000,42.000000,1,0,1964115,1137,11,1137,11,0,28,2
1000,350,21.000000,42.000000,1,0,1964118,1137,11,1137,11,0,28,2
1000,350,21.000000,42.000000,1,0,1964121,1137,11,1137,11,0,28,2
1000,350,21.000000,42.000000,1,0,1964124,1137,11,1137,11,0,28,2
1000,350,21.000000,42.000000,1,0,1964126,1137,11,1137,11,0,28,2
1000,350,21.000000,42.000000,1,0,1964129,1137,11,1137,11,0,28,2
1000,350,21.000000,42.000000,1,0,1964132,1137,11,1137,11,0,28,2
1000,350,21.000000,42.000000,1,0,1964135,1137,11,1137,11,0,28,2
1000,350,21.000000,42.000000,1,0,1964137,1137,11,1137,11,0,28,2
1000,350,21.000000,42.000000,1,0,1964140,1137,11,1137,11,0,28,2
1000,350,21.000000,42.000000,1,0,1964143,1137,11,1137,11,0,28,2
1000,350,21.000000,42.000000,1,0,1964146,1137,11,1137,11,0,28,2
1000,350,21.000000,42.000000,1,0,1964148,1137,11,1137,11,0,28,2
1000,350,21.000000,42.000000,1,0,1964151,1137,11,1137,11,0,28,2
1000,350,21.000000,42.000000,1,0,1964154,1137,11,1137,11,0,28,2
1000,350,21.000000,42.000000,1,0,1964167,1137,11,1137,11,0,28,2
