1000,700,21.000000,10000.000000,1,2,2727349,602,6,602,6,0,76,0
1000,700,21.000000,10000.000000,1,2,2727350,602,6,602,6,0,76,0
1000,700,21.000000,10000.000000,1,2,2727352,602,6,602,6,0,76,0
1000,700,21.000000,10000.000000,1,2,2727355,602,6,602,6,0,76,0
1000,700,21.000000,10000.000000,1,2,2727358,602,6,602,6,0,76,0
1000,700,21.000000,10000.000000,1,2,2727361,602,6,602,6,0,76,0
1000,700,21.000000,10000.000000,1,2,2727363,602,6,602,6,0,76,0
1000,700,21.000000,10000.000000,1,2,2727366,602,6,602,6,0,76,0
1000,700,21.000000,10000.000000,1,2,2727369,602,6,602,6,0,76,0
1000,700,21.000000,10000.000000,1,2,2727372,602,6,602,6,0,76,0
1000,700,21.000000,10000.000000,1,2,2727375,602,6,602,6,0,76,0
1000,700,21.000000,10000.000000,1,2,2727377,602,6,602,6,0,76,0
1000,700,21.000000,10000.000000,1,2,2727380,602,6,602,6,0,76,0
1000,700,21.000000,10000.000000,1,2,2727383,602,6,602,6,0,76,0
1000,700,21.000000,10000.000000,1,2,2727386,602,6,602,6,0,76,0
1000,700,21.000000,10000.000000,1,2,2727388,602,6,602,6,0,76,0
1000,700,21.000000,10000.000000,1,2,2727391,602,6,602,6,0,76,0
1000,700,21.000000,10000.000000,1,2,2727394,602,6,602,6,0,76,0
1000,700,21.000000,10000.000000,1,2,2727396,602,6,602,6,0,76,0
1000,700,21.000000,10000.000000,1,2,2727400,602,6,602,6,0,76,0
1000,700,21.000000,10000.000000,1,2,2727402,602,6,602,6,0,76,0
1000,700,21.000000,10000.000000,1,2,2727405,602,6,602,6,0,76,0
1000,700,21.000000,10000.000000,1,2,2727408,602,6,602,6,0,76,0
1000,700,21.000000,10000.000000,1,2,2727410,602,6,602,6,0,76,0
1000,700,21.000000,10000.000000,1,2,2727413,602,6,602,6,0,76,0
1000,700,21.000000,10000.000000,1,2,2727416,603,5,603,5,0,76,0
1000,700,21.000000,10000.000000,1,2,2727419,604,5,604,5,0,76,0
1000,700,21.000000,10000.000000,1,2,2727422,605,5,605,5,0,76,0
1000,700,21.000000,10000.000000,1,2,2727424,606,5,606,5,0,76,0
1000,700,21.000000,10000.000000,1,2,2727427,607,5,607,5,0,76,0
1000,700,21.000000,10000.000000,1,2,2727430,608,5,608,5,0,76,0
1000,700,21.000000,10000.000000,1,2,2727433,609,5,609,5,0,76,0
1000,700,21.000000,10000.000000,1,2,2727436,610,5,610,5,0,76,0
1000,700,21.000000,10000.000000,1,2,2727438,612,5,612,5,0,76,0
1000,700,21.000000,10000.000000,1,2,2727441,613,5,613,5,0,76,0
1000,700,21.000000,10000.000000,1,2,2727444,614,5,614,5,0,76,0
1000,700,21.000000,10000.000000,1,2,2727447,615,5,615,5,0,76,0
1000,700,21.000000,10000.000000,1,2,2727449,617,5,617,5,0,76,0
1000,700,21.000000,10000.000000,1,2,2727452,619,5,619,5,0,76,0
1000,700,21.000000,10000.000000,1,2,2727455,620,5,620,5,0,76,0
1000,700,21.000000,10000.000000,1,2,2727458,622,5,622,5,0,76,0
1000,700,21.000000,10000.000000,1,2,2727461,626,5,626,5,0,76,0
1000,700,21.000000,10000.000000,1,2,2727464,629,5,629,5,0,76,0
1000,700,21.000000,10000.000000,1,2,2727466,632,5,632,5,0,76,0
1000,700,21.000000,10000.000000,1,2,2727469,636,5,636,5,0,76,0
1000,700,21.000000,10000.000000,1,2,2727472,641,5,641,5,0,76,0
1000,700,21.000000,10000.000000,1,2,2727475,644,5,644,5,0,76,0
1000,700,21.000000,10000.000000,1,2,2727478,651,5,651,5,0,76,0
1000,700,21.000000,10000.000000,1,2,2727480,656,5,656,5,0,76,0
1000,700,21.000000,10000.000000,1,2,2727483,661,5,661,5,0,76,0
1000,700,21.000000,10000.000000,1,2,2727486,665,5,665,5,0,76,0
1000,700,21.000000,10000.000000,1,2,2727489,671,6,671,6,0,76,0
1000,700,21.000000,10000.000000,1,2,2727492,677,6,677,6,0,76,0
1000,700,21.000000,10000.000000,1,2,2727494,685,7,685,7,0,76,0
1000,700,21.000000,10000.000000,1,2,2727497,689,7,689,7,0,76,0
1000,700,21.000000,10000.000000,1,2,2727500,696,7,696,7,0,76,0
1000,700,21.000000,10000.000000,1,2,2727503,704,7,704,7,0,76,0
1000,700,21.000000,10000.000000,1,2,2727506,712,8,712,8,0,76,0
1000,700,21.000000,10000.000000,1,2,2727509,720,9,720,9,0,76,0
1000,700,21.000000,10000.000000,1,2,2727512,732,9,732,9,0,76,0
1000,700,21.000000,10000.000000,1,2,2727515,741,10,741,10,0,76,0
1000,700,21.000000,10000.000000,1,2,2727517,754,10,754,10,0,76,0
1000,700,21.000000,10000.000000,1,2,2727520,764,10,764,10,0,76,0
1000,700,21.000000,10000.000000,1,2,2727523,780,10,780,10,0,76,0
1000,700,21.000000,10000.000000,1,2,2727526,788,11,788,11,0,76,0
1000,700,21.000000,10000.000000,1,2,2727529,796,11,796,11,0,76,0
1000,700,21.000000,10000.000000,1,2,2727532,806,11,806,11,0,76,0
1000,700,21.000000,10000.000000,1,2,2727535,827,11,827,11,0,76,0
1000,700,21.000000,10000.000000,1,2,2727537,837,11,837,11,0,76,0
1000,700,21.000000,10000.000000,1,2,2727541,844,11,844,11,0,76,0
1000,700,21.000000,10000.000000,1,2,2727544,879,11,879,11,0,76,0
1000,700,21.000000,10000.000000,1,2,2727547,889,12,889,12,0,76,0
1000,700,21.000000,10000.000000,1,2,2727550,902,12,902,12,0,76,0
1000,700,21.000000,10000.000000,1,2,2727552,918,12,918,12,0,76,0
1000,700,21.000000,10000.000000,1,2,2727555,930,13,930,13,0,76,0
1000,700,21.000000,10000.000000,1,2,2727558,942,13,942,13,0,76,0
1000,700,21.000000,10000.000000,1,2,2727561,953,13,953,13,0,76,0
1000,700,21.000000,10000.000000,1,2,2727564,965,13,965,13,0,76,0
1000,700,21.000000,10000.000000,1,2,2727566,976,13,976,13,0,76,0
1000,700,21.000000,10000.000000,1,2,2727569,989,13,989,13,0,76,0
1000,700,21.000000,10000.000000,1,2,2727572,997,13,997,13,0,76,0
1000,700,21.000000,10000.000000,1,2,2727575,1002,13,1002,13,0,76,0
1000,700,21.000000,10000.000000,1,2,2727578,1019,13,1019,13,0,76,0
1000,700,21.000000,10000.000000,1,2,2727581,1025,13,1025,13,0,76,0
1000,700,21.000000,10000.000000,1,2,2727584,1035,13,1035,13,0,76,0
1000,700,21.000000,10000.000000,1,2,2727587,1049,13,1049,13,0,76,0
1000,700,21.000000,10000.000000,1,2,2727591,1057,13,1057,13,0,76,0
1000,700,21.000000,10000.000000,1,2,2727593,1064,13,1064,13,0,76,0
1000,700,21.000000,10000.000000,1,2,2727596,1075,13,1075,13,0,76,0
1000,700,21.000000,10000.000000,1,2,2727600,1085,13,1085,13,0,76,0
1000,700,21.000000,10000.000000,1,2,2727602,1103,13,1103,13,0,76,0
1000,700,21.000000,10000.000000,1,2,2727605,1112,13,1112,13,0,76,0
1000,700,21.000000,10000.000000,1,2,2727608,1127,13,1127,13,0,76,0
1000,700,21.000000,10000.000000,1,2,2727611,1135,13,1135,13,0,76,0
1000,700,21.000000,10000.000000,1,2,2727614,1143,13,1143,13,0,76,0
1000,700,21.000000,10000.000000,1,2,2727616,1160,13,1160,13,0,76,0
1000,700,21.000000,10000.000000,1,2,2727619,1167,13,1167,13,0,76,0
1000,700,21.000000,10000.000000,1,2,2727622,1175,13,1175,13,0,76,0
1000,700,21.000000,10000.000000,1,2,2727625,1194,13,1194,13,0,76,0
1000,700,21.000000,10000.000000,1,2,2727628,1207,13,1207,13,0,76,0
1000,700,21.000000,10000.000000,1,2,2727631,1215,13,1215,13,0,76,0
1000,700,21.000000,10000.000000,1,2,2727634,1226,13,1226,13,0,76,0
1000,700,21.000000,10000.000000,1,2,2727637,1230,13,1230,13,0,76,0
1000,700,21.000000,10000.000000,1,2,2727640,1237,13,1237,13,0,76,0
1000,700,21.000000,10000.000000,1,2,2727642,1244,13,1244,13,0,76,0
1000,700,21.000000,10000.000000,1,2,2727645,1252,12,1252,12,0,76,0
1000,700,21.000000,10000.000000,1,2,2727648,1255,12,1255,12,0,76,0
1000,700,21.000000,10000.000000,1,2,2727651,1261,12,1261,12,0,76,0
1000,700,21.000000,10000.000000,1,2,2727653,1267,12,1267,12,0,76,0
1000,700,21.000000,10000.000000,1,2,2727656,1275,11,1275,11,0,76,0
1000,700,21.000000,10000.000000,1,2,2727659,1281,10,1281,10,0,76,0
1000,700,21.000000,10000.000000,1,2,2727662,1287,10,1287,10,0,76,0
1000,700,21.000000,10000.000000,1,2,2727665,1292,9,1292,9,0,76,0
1000,700,21.000000,10000.000000,1,2,2727668,1299,8,1299,8,0,76,0
1000,700,21.000000,10000.000000,1,2,2727671,1304,8,1304,8,0,76,0
1000,700,21.000000,10000.000000,1,2,2727673,1308,8,1308,8,0,76,0
1000,700,21.000000,10000.000000,1,2,2727676,1315,8,1315,8,0,76,0
1000,700,21.000000,10000.000000,1,2,2727679,1316,8,1316,8,0,76,0
1000,700,21.000000,10000.000000,1,2,2727682,1320,7,1320,7,0,76,0
1000,700,21.000000,10000.000000,1,2,2727684,1324,6,1324,6,0,76,0
1000,700,21.000000,10000.000000,1,2,2727687,1327,6,1327,6,0,76,0
1000,700,21.000000,10000.000000,1,2,2727690,1330,5,1330,5,0,76,0
1000,700,21.000000,10000.000000,1,2,2727693,1332,5,1332,5,0,76,0
1000,700,21.000000,10000.000000,1,2,2727696,1334,5,1334,5,0,76,0
1000,700,21.000000,10000.000000,1,2,2727698,1336,5,1336,5,0,76,0
1000,700,21.000000,10000.000000,1,2,2727701,1338,5,1338,5,0,76,0
1000,700,21.000000,10000.000000,1,2,2727704,1340,4,1340,4,0,76,0
1000,700,21.000000,10000.000000,1,2,2727707,1342,4,1342,4,0,76,0
1000,700,21.000000,10000.000000,1,2,2727711,1343,3,1343,3,0,76,0
1000,700,21.000000,10000.000000,1,2,2727714,1345,3,1345,3,0,76,0
1000,700,21.000000,10000.000000,1,2,2727717,1346,3,1346,3,0,76,0
1000,700,21.000000,10000.000000,1,2,2727719,1347,3,1347,3,0,76,0
1000,700,21.000000,10000.000000,1,2,2727722,1348,2,1348,2,0,76,0
1000,700,21.000000,10000.000000,1,2,2727725,1349,2,1349,2,0,76,0
1000,700,21.000000,10000.000000,1,2,2727728,1350,2,1350,2,0,76,0
1000,700,21.000000,10000.000000,1,2,2727730,1351,2,1351,2,0,76,0
1000,700,21.000000,10000.000000,1,2,2727733,1351,2,1351,2,0,76,0
1000,700,21.000000,10000.000000,1,2,2727736,1351,2,1351,2,0,76,0
1000,700,21.000000,10000.000000,1,2,2727739,1351,2,1351,2,0,76,0
1000,700,21.000000,10000.000000,1,2,2727741,1351,2,1351,2,0,76,0
1000,700,21.000000,10000.000000,1,2,2727744,1351,2,1351,2,0,76,0
1000,700,21.000000,10000.000000,1,2,2727747,1351,2,1351,2,0,76,0
1000,700,21.000000,10000.000000,1,2,2727750,1351,2,1351,2,0,76,0
1000,700,21.000000,10000.000000,1,2,2727753,1351,2,1351,2,0,76,0
1000,700,21.000000,10000.000000,1,2,2727755,1351,2,1351,2,0,76,0
1000,700,21.000000,10000.000000,1,2,2727758,1351,2,1351,2,0,76,0
1000,700,21.000000,10000.000000,1,2,2727761,1351,2,1351,2,0,76,0
1000,700,21.000000,10000.000000,1,2,2727764,1351,2,1351,2,0,76,0
1000,700,21.000000,10000.000000,1,2,2727766,1351,2,1351,2,0,76,0
1000,700,21.000000,10000.000000,1,2,2727769,1351,2,1351,2,0,76,0
1000,700,21.000000,10000.000000,1,2,2727772,1351,2,1351,2,0,76,0
1000,700,21.000000,10000.000000,1,2,2727774,1351,2,1351,2,0,76,0
1000,700,21.000000,10000.000000,1,2,2727777,1351,2,1351,2,0,76,0
1000,700,21.000000,10000.000000,1,2,2727780,1351,2,1351,2,0,76,0
1000,700,21.000000,10000.000000,1,2,2727783,1351,2,1351,2,0,76,0
1000,700,21.000000,10000.000000,1,2,2727785,1351,2,1351,2,0,76,0
1000,700,21.000000,10000.000000,1,2,2727788,1351,1,1351,1,0,76,0
1000,700,21.000000,10000.000000,1,2,2727791,1351,1,1351,1,0,76,0
1000,700,21.000000,10000.000000,1,2,2727794,1351,1,1351,1,0,76,0
1000,700,21.000000,10000.000000,1,2,2727797,1351,1,1351,1,0,76,0
1000,700,21.000000,10000.000000,1,2,2727799,1351,1,1351,1,0,76,0
1000,700,21.000000,10000.000000,1,2,2727802,1351,1,1351,1,0,76,0
1000,700,21.000000,10000.000000,1,2,2727805,1351,1,1351,1,0,76,0
1000,700,21.000000,10000.000000,1,2,2727808,1351,1,1351,1,0,76,0
1000,700,21.000000,10000.000000,1,2,2727811,1351,1,1351,1,0,76,0
1000,700,21.000000,10000.000000,1,2,2727813,1351,1,1351,1,0,76,0
1000,700,21.000000,10000.000000,1,2,2727816,1351,1,1351,1,0,76,0
1000,700,21.000000,10000.000000,1,2,2727819,1351,1,1351,1,0,76,0
1000,700,21.000000,10000.000000,1,2,2727822,1350,1,1350,1,0,76,0
1000,700,21.000000,10000.000000,1,2,2727825,1349,1,1349,1,0,76,0
1000,700,21.000000,10000.000000,1,2,2727828,1349,1,1349,1,0,76,0
1000,700,21.000000,10000.000000,1,2,2727830,1349,1,1349,1,0,76,0
1000,700,21.000000,10000.000000,1,2,2727833,1349,1,1349,1,0,76,0
1000,700,21.000000,10000.000000,1,2,2727836,1349,1,1349,1,0,76,0
1000,700,21.000000,10000.000000,1,2,2727839,1349,1,1349,1,0,76,0
1000,700,21.000000,10000.000000,1,2,2727841,1348,1,1348,1,0,76,0
1000,700,21.000000,10000.000000,1,2,2727844,1348,0,1348,0,0,76,0
1000,700,21.000000,10000.000000,1,2,2727847,1347,0,1347,0,0,76,0
1000,700,21.000000,10000.000000,1,2,2727850,1346,0,1346,0,0,76,0
1000,700,21.000000,10000.000000,1,2,2727853,1345,0,1345,0,0,76,0
1000,700,21.000000,10000.000000,1,2,2727855,1344,0,1344,0,0,76,0
1000,700,21.000000,10000.000000,1,2,2727858,1343,0,1343,0,0,76,0
1000,700,21.000000,10000.000000,1,2,2727861,1342,0,1342,0,0,76,0
1000,700,21.000000,10000.000000,1,2,2727864,1341,0,1341,0,0,76,0
1000,700,21.000000,10000.000000,1,2,2727867,1340,0,1340,0,0,76,0
1000,700,21.000000,10000.000000,1,2,2727870,1339,0,1339,-1,0,76,0
1000,700,21.000000,10000.000000,1,2,2727872,1337,0,1337,-1,0,76,0
1000,700,21.000000,10000.000000,1,2,2727875,1336,0,1336,-1,0,76,0
1000,700,21.000000,10000.000000,1,2,2727878,1336,0,1336,-1,0,76,0
1000,700,21.000000,10000.000000,1,2,2727881,1335,0,1335,-1,0,76,0
1000,700,21.000000,10000.000000,1,2,2727884,1334,0,1334,-1,0,76,0
1000,700,21.000000,10000.000000,1,2,2727886,1334,0,1334,-1,0,76,0
1000,700,21.000000,10000.000000,1,2,2727889,1333,0,1333,-1,0,76,0
1000,700,21.000000,10000.000000,1,2,2727892,1332,0,1332,-1,0,76,0
1000,700,21.000000,10000.000000,1,2,2727895,1332,0,1332,-1,0,76,0
1000,700,21.000000,10000.000000,1,2,2727898,1331,0,1331,-1,0,76,0
1000,700,21.000000,10000.000000,1,2,2727900,1331,0,1331,-1,0,76,0
1000,700,21.000000,10000.000000,1,2,2727903,1331,0,1331,-1,0,76,0
1000,700,21.000000,10000.000000,1,2,2727906,1331,0,1331,-1,0,76,0
1000,700,21.000000,10000.000000,1,2,2727909,1330,0,1330,-1,0,76,0
1000,700,21.000000,10000.000000,1,2,2727912,1329,0,1329,-1,0,76,0
1000,700,21.000000,10000.000000,1,2,2727914,1329,0,1329,-1,0,76,0
1000,700,21.000000,10000.000000,1,2,2727917,1328,0,1328,-1,0,76,0
1000,700,21.000000,10000.000000,1,2,2727920,1328,0,1328,-1,0,76,0
1000,700,21.000000,10000.000000,1,2,2727923,1327,0,1327,-1,0,76,0
1000,700,21.000000,10000.000000,1,2,2727926,1327,0,1327,-1,0,76,0
1000,700,21.000000,10000.000000,1,2,2727928,1327,0,1327,-1,0,76,0
1000,700,21.000000,10000.000000,1,2,2727931,1327,0,1327,-1,0,76,0
1000,700,21.000000,10000.000000,1,2,2727934,1326,0,1326,-1,0,76,0
1000,700,21.000000,10000.000000,1,2,2727937,1326,0,1326,-1,0,76,0
1000,700,21.000000,10000.000000,1,2,2727940,1326,0,1326,-1,0,76,0
1000,700,21.000000,10000.000000,1,2,2727942,1326,0,1326,-1,0,76,0
1000,700,21.000000,10000.000000,1,2,2727945,1325,0,1325,-1,0,76,0
1000,700,21.000000,10000.000000,1,2,2727948,1325,0,1325,-1,0,76,0
1000,700,21.000000,10000.000000,1,2,2727951,1325,0,1325,-1,0,76,0
1000,700,21.000000,10000.000000,1,2,2727953,1325,0,1325,-1,0,76,0
1000,700,21.000000,10000.000000,1,2,2727956,1324,0,1324,-1,0,76,0
1000,700,21.000000,10000.000000,1,2,2727959,1324,0,1324,-1,0,76,0
1000,700,21.000000,10000.000000,1,2,2727962,1324,0,1324,-1,0,76,0
1000,700,21.000000,10000.000000,1,2,2727965,1323,0,1323,-1,0,76,0
1000,700,21.000000,10000.000000,1,2,2727967,1323,0,1323,-1,0,76,0
1000,700,21.000000,10000.000000,1,2,2727970,1322,0,1322,-1,0,76,0
1000,700,21.000000,10000.000000,1,2,2727973,1322,0,1322,-1,0,76,0
1000,700,21.000000,10000.000000,1,2,2727976,1321,0,1321,-1,0,76,0
1000,700,21.000000,10000.000000,1,2,2727979,1321,0,1321,-1,0,76,0
1000,700,21.000000,10000.000000,1,2,2727981,1321,0,1321,-1,0,76,0
1000,700,21.000000,10000.000000,1,2,2727984,1320,0,1320,-1,0,76,0
1000,700,21.000000,10000.000000,1,2,2727987,1320,0,1320,-1,0,76,0
1000,700,21.000000,10000.000000,1,2,2727990,1320,0,1320,-1,0,76,0
1000,700,21.000000,10000.000000,1,2,2727993,1320,0,1320,-1,0,76,0
1000,700,21.000000,10000.000000,1,2,2727995,1320,0,1320,-1,0,76,0
1000,700,21.000000,10000.000000,1,2,2727998,1320,0,1320,-1,0,76,0
1000,700,21.000000,10000.000000,1,2,2728001,1320,0,1320,-1,0,76,0
1000,700,21.000000,10000.000000,1,2,2728004,1320,0,1320,-1,0,76,0
1000,700,21.000000,10000.000000,1,2,2728006,1320,0,1320,-1,0,76,0
1000,700,21.000000,10000.000000,1,2,2728009,1320,0,1320,-1,0,76,0
1000,700,21.000000,10000.000000,1,2,2728012,1320,0,1320,-1,0,76,0
1000,700,21.000000,10000.000000,1,2,2728014,1320,0,1320,-1,0,76,0
1000,700,21.000000,10000.000000,1,2,2728017,1320,0,1320,-1,0,76,0
1000,700,21.000000,10000.000000,1,2,2728020,1320,0,1320,-1,0,76,0
1000,700,21.000000,10000.000000,1,2,2728023,1320,0,1320,-1,0,76,0
1000,700,21.000000,10000.000000,1,2,2728025,1320,0,1320,-1,0,76,0
1000,700,21.000000,10000.000000,1,2,2728028,1320,0,1320,-1,0,76,0
1000,700,21.000000,10000.000000,1,2,2728031,1320,0,1320,-1,0,76,0
1000,700,21.000000,10000.000000,1,2,2728034,1320,0,1320,-1,0,76,0
1000,700,21.000000,10000.000000,1,2,2728036,1320,0,1320,-1,0,76,0
1000,700,21.000000,10000.000000,1,2,2728039,1320,0,1320,-1,0,76,0
1000,700,21.000000,10000.000000,1,2,2728042,1320,0,1320,-1,0,76,0
1000,700,21.000000,10000.000000,1,2,2728045,1320,0,1320,-1,0,76,0
1000,700,21.000000,10000.000000,1,2,2728047,1320,0,1320,-1,0,76,0
1000,700,21.000000,10000.000000,1,2,2728050,1320,0,1320,-1,0,76,0
1000,700,21.000000,10000.000000,1,2,2728053,1320,0,1320,-1,0,76,0
1000,700,21.000000,10000.000000,1,2,2728055,1320,0,1320,-1,0,76,0
1000,700,21.000000,10000.000000,1,2,2728058,1320,0,1320,-1,0,76,0
1000,700,21.000000,10000.000000,1,2,2728061,1320,0,1320,-1,0,76,0
1000,700,21.000000,10000.000000,1,2,2728064,1319,0,1319,-1,0,76,0
1000,700,21.000000,10000.000000,1,2,2728066,1318,0,1318,-1,0,76,0
1000,700,21.000000,10000.000000,1,2,2728069,1318,0,1318,-1,0,76,0
1000,700,21.000000,10000.000000,1,2,2728072,1318,0,1318,-1,0,76,0
1000,700,21.000000,10000.000000,1,2,2728075,1318,0,1318,-1,0,76,0
1000,700,21.000000,10000.000000,1,2,2728077,1318,0,1318,-1,0,76,0
1000,700,21.000000,10000.000000,1,2,2728080,1317,0,1317,-1,0,76,0
1000,700,21.000000,10000.000000,1,2,2728083,1317,0,1317,-1,0,76,0
1000,700,21.000000,10000.000000,1,2,2728086,1317,0,1317,-1,0,76,0
1000,700,21.000000,10000.000000,1,2,2728089,1317,0,1317,-1,0,76,0
1000,700,21.000000,10000.000000,1,2,2728091,1317,0,1317,-1,0,76,0
1000,700,21.000000,10000.000000,1,2,2728094,1317,0,1317,-1,0,76,0
1000,700,21.000000,10000.000000,1,2,2728097,1317,0,1317,-1,0,76,0
1000,700,21.000000,10000.000000,1,2,2728100,1317,0,1317,-1,0,76,0
1000,700,21.000000,10000.000000,1,2,2728102,1317,0,1317,-1,0,76,0
1000,700,21.000000,10000.000000,1,2,2728105,1317,0,1317,-1,0,76,0
1000,700,21.000000,10000.000000,1,2,2728108,1317,0,1317,-1,0,76,0
1000,700,21.000000,10000.000000,1,2,2728111,1317,0,1317,-1,0,76,0
1000,700,21.000000,10000.000000,1,2,2728113,1317,0,1317,-1,0,76,0
1000,700,21.000000,10000.000000,1,2,2728116,1317,0,1317,-1,0,76,0
1000,700,21.000000,10000.000000,1,2,2728119,1317,0,1317,-1,0,76,0
1000,700,21.000000,10000.000000,1,2,2728122,1317,0,1317,-1,0,76,0
1000,700,21.000000,10000.000000,1,2,2728125,1317,0,1317,-1,0,76,0
1000,700,21.000000,10000.000000,1,2,2728127,1317,0,1317,-1,0,76,0
1000,700,21.000000,10000.000000,1,2,2728130,1317,0,1317,-1,0,76,0
1000,700,21.000000,10000.000000,1,2,2728133,1317,0,1317,-1,0,76,0
1000,700,21.000000,10000.000000,1,2,2728136,1317,0,1317,-1,0,76,0
1000,700,21.000000,10000.000000,1,2,2728153,1317,0,1317,-1,0,76,0
