1000,700,21.000000,42.000000,1,5,3693139,603,9.600000,603,9.600000,0,126,5
1000,700,21.000000,42.000000,1,5,3693140,603,9.600000,603,9.600000,0,126,5
1000,700,21.000000,42.000000,1,5,3693143,603,9.600000,603,9.600000,0,126,5
1000,700,21.000000,42.000000,1,5,3693145,603,9.600000,603,9.600000,0,126,5
1000,700,21.000000,42.000000,1,5,3693148,603,9.600000,603,9.600000,0,126,5
1000,700,21.000000,42.000000,1,5,3693151,603,9.600000,603,9.600000,0,126,5
1000,700,21.000000,42.000000,1,5,3693154,603,9.600000,603,9.600000,0,126,5
1000,700,21.000000,42.000000,1,5,3693157,603,9.600000,603,9.600000,0,126,5
1000,700,21.000000,42.000000,1,5,3693159,603,9.600000,603,9.600000,0,126,5
1000,700,21.000000,42.000000,1,5,3693162,603,9.600000,603,9.600000,0,126,5
1000,700,21.000000,42.000000,1,5,3693165,603,9.600000,603,9.600000,0,126,5
1000,700,21.000000,42.000000,1,5,3693168,603,9.600000,603,9.600000,0,126,5
1000,700,21.000000,42.000000,1,5,3693171,603,9.600000,603,9.600000,0,126,5
1000,700,21.000000,42.000000,1,5,3693173,603,9.600000,603,9.600000,0,126,5
1000,700,21.000000,42.000000,1,5,3693176,603,9.600000,603,9.600000,0,126,5
1000,700,21.000000,42.000000,1,5,3693179,603,9.600000,603,9.600000,0,126,5
1000,700,21.000000,42.000000,1,5,3693182,603,9.600000,603,9.600000,0,126,5
1000,700,21.000000,42.000000,1,5,3693184,603,9.600000,603,9.600000,0,126,5
1000,700,21.000000,42.000000,1,5,3693187,603,9.600000,603,9.600000,0,126,5
1000,700,21.000000,42.000000,1,5,3693190,603,9.600000,603,9.600000,0,126,5
1000,700,21.000000,42.000000,1,5,3693193,603,9.600000,603,9.600000,0,126,5
1000,700,21.000000,42.000000,1,5,3693195,603,9.600000,603,9.600000,0,126,5
1000,700,21.000000,42.000000,1,5,3693198,603,9.600000,603,9.600000,0,126,5
1000,700,21.000000,42.000000,1,5,3693201,603,9.600000,603,9.600000,0,126,5
1000,700,21.000000,42.000000,1,5,3693204,604,9.600000,604,9.600000,0,126,5
1000,700,21.000000,42.000000,1,5,3693207,605,9.600000,605,9.600000,0,126,5
1000,700,21.000000,42.000000,1,5,3693209,607,9.600000,607,9.600000,0,126,5
1000,700,21.000000,42.000000,1,5,3693212,607,11.600000,607,11.600000,0,126,5
1000,700,21.000000,42.000000,1,5,3693215,608,13.600000,608,13.600000,0,126,5
1000,700,21.000000,42.000000,1,5,3693218,609,13.600000,609,13.600000,0,126,5
1000,700,21.000000,42.000000,1,5,3693221,611,14.600000,611,14.600000,0,126,5
1000,700,21.000000,42.000000,1,5,3693224,612,14.600000,612,14.600000,0,126,5
1000,700,21.000000,42.000000,1,5,3693227,614,15.600000,614,15.600000,0,126,5
1000,700,21.000000,42.000000,1,5,3693229,617,16.600000,617,16.600000,0,126,5
1000,700,21.000000,42.000000,1,5,3693232,621,16.600000,621,16.600000,0,126,5
1000,700,21.000000,42.000000,1,5,3693235,624,17.600000,624,17.600000,0,126,5
1000,700,21.000000,42.000000,1,5,3693238,627,19.600000,627,19.600000,0,126,5
1000,700,21.000000,42.000000,1,5,3693240,632,20.600000,632,20.600000,0,126,5
1000,700,21.000000,42.000000,1,5,3693243,639,22.600000,639,22.600000,0,126,5
1000,700,21.000000,42.000000,1,5,3693246,646,25.600000,646,25.600000,0,126,5
1000,700,21.000000,42.000000,1,5,3693249,652,27.600000,652,27.600000,0,126,5
1000,700,21.000000,42.000000,1,5,3693252,663,30.600000,663,30.600000,0,126,5
1000,700,21.000000,42.000000,1,5,3693255,670,31.600000,670,31.600000,0,126,5
1000,700,21.000000,42.000000,1,5,3693257,677,33.600000,677,33.600000,0,126,5
1000,700,21.000000,42.000000,1,5,3693260,684,36.600000,684,36.600000,0,126,5
1000,700,21.000000,42.000000,1,5,3693263,694,39.600000,694,39.600000,0,126,5
1000,700,21.000000,42.000000,1,5,3693266,708,42.600000,708,42.600000,0,126,5
1000,700,21.000000,42.000000,1,5,3693269,717,43.600000,717,43.600000,0,126,5
1000,700,21.000000,42.000000,1,5,3693271,732,48.600000,732,48.600000,0,126,5
1000,700,21.000000,42.000000,1,5,3693274,751,53.600000,751,53.600000,0,126,5
1000,700,21.000000,42.000000,1,5,3693277,764,56.600000,764,56.600000,0,126,5
1000,700,21.000000,42.000000,1,5,3693280,778,58.600000,778,58.600000,0,126,5
1000,700,21.000000,42.000000,1,5,3693283,797,61.600000,797,61.600000,0,126,5
1000,700,21.000000,42.000000,1,5,3693285,812,65.600000,812,65.600000,0,126,5
1000,700,21.000000,42.000000,1,5,3693288,827,68.600000,827,68.600000,0,126,5
1000,700,21.000000,42.000000,1,5,3693291,839,70.600000,839,70.600000,0,126,5
1000,700,21.000000,42.000000,1,5,3693294,850,72.600000,850,72.600000,0,126,5
1000,700,21.000000,42.000000,1,5,3693297,861,74.600000,861,74.600000,0,126,5
1000,700,21.000000,42.000000,1,5,3693299,883,76.600000,883,76.600000,0,126,5
1000,700,21.000000,42.000000,1,5,3693302,905,78.600000,905,78.600000,0,126,5
1000,700,21.000000,42.000000,1,5,3693305,927,80.600000,927,80.600000,0,126,5
1000,700,21.000000,42.000000,1,5,3693308,947,82.600000,947,82.600000,0,126,5
1000,700,21.000000,42.000000,1,5,3693311,983,86.600000,983,86.600000,0,126,5
1000,700,21.000000,42.000000,1,5,3693313,1004,87.600000,1004,87.600000,0,126,5
1000,700,21.000000,42.000000,1,5,3693316,1025,88.600000,1025,88.600000,0,126,5
1000,700,21.000000,42.000000,1,5,3693319,1040,89.600000,1040,89.600000,0,126,5
1000,700,21.000000,42.000000,1,5,3693322,1058,90.600000,1058,90.600000,0,126,5
1000,700,21.000000,42.000000,1,5,3693324,1073,90.600000,1073,90.600000,0,126,5
1000,700,21.000000,42.000000,1,5,3693327,1088,91.600000,1088,91.600000,0,126,5
1000,700,21.000000,42.000000,1,5,3693330,1097,91.600000,1097,91.600000,0,126,5
1000,700,21.000000,42.000000,1,5,3693333,1113,91.600000,1113,91.600000,0,126,5
1000,700,21.000000,42.000000,1,5,3693336,1121,91.600000,1121,91.600000,0,126,5
1000,700,21.000000,42.000000,1,5,3693339,1149,91.600000,1149,91.600000,0,126,5
1000,700,21.000000,42.000000,1,5,3693341,1156,91.600000,1156,91.600000,0,126,5
1000,700,21.000000,42.000000,1,5,3693344,1170,91.600000,1170,91.600000,0,126,5
1000,700,21.000000,42.000000,1,5,3693347,1187,90.600000,1187,90.600000,0,126,5
1000,700,21.000000,42.000000,1,5,3693350,1196,89.600000,1196,89.600000,0,126,5
1000,700,21.000000,42.000000,1,5,3693353,1211,88.600000,1211,88.600000,0,126,5
1000,700,21.000000,42.000000,1,5,3693355,1220,87.600000,1220,87.600000,0,126,5
1000,700,21.000000,42.000000,1,5,3693358,1235,85.600000,1235,85.600000,0,126,5
1000,700,21.000000,42.000000,1,5,3693361,1244,83.600000,1244,83.600000,0,126,5
1000,700,21.000000,42.000000,1,5,3693364,1256,81.600000,1256,81.600000,0,126,5
1000,700,21.000000,42.000000,1,5,3693367,1269,79.600000,1269,79.600000,0,126,5
1000,700,21.000000,42.000000,1,5,3693370,1279,77.600000,1279,77.600000,0,126,5
1000,700,21.000000,42.000000,1,5,3693373,1291,75.600000,1291,75.600000,0,126,5
1000,700,21.000000,42.000000,1,5,3693376,1303,73.600000,1303,73.600000,0,126,5
1000,700,21.000000,42.000000,1,5,3693379,1311,72.600000,1311,72.600000,0,126,5
1000,700,21.000000,42.000000,1,5,3693382,1317,70.600000,1317,70.600000,0,126,5
1000,700,21.000000,42.000000,1,5,3693384,1334,66.600000,1334,66.600000,0,126,5
1000,700,21.000000,42.000000,1,5,3693387,1341,65.600000,1341,65.600000,0,126,5
1000,700,21.000000,42.000000,1,5,3693390,1347,63.600000,1347,63.600000,0,126,5
1000,700,21.000000,42.000000,1,5,3693393,1351,62.600000,1351,62.600000,0,126,5
1000,700,21.000000,42.000000,1,5,3693396,1358,60.600000,1358,60.600000,0,126,5
1000,700,21.000000,42.000000,1,5,3693399,1360,59.600000,1360,59.600000,0,126,5
1000,700,21.000000,42.000000,1,5,3693402,1366,58.600000,1366,58.600000,0,126,5
1000,700,21.000000,42.000000,1,5,3693404,1369,56.600000,1369,56.600000,0,126,5
1000,700,21.000000,42.000000,1,5,3693407,1371,56.600000,1371,56.600000,0,126,5
1000,700,21.000000,42.000000,1,5,3693410,1374,55.600000,1374,55.600000,0,126,5
1000,700,21.000000,42.000000,1,5,3693413,1376,54.600000,1376,54.600000,0,126,5
1000,700,21.000000,42.000000,1,5,3693417,1378,52.600000,1378,52.600000,0,126,5
1000,700,21.000000,42.000000,1,5,3693420,1380,51.600000,1380,51.600000,0,126,5
1000,700,21.000000,42.000000,1,5,3693423,1383,49.600000,1383,49.600000,0,126,5
1000,700,21.000000,42.000000,1,5,3693426,1385,48.600000,1385,48.600000,0,126,5
1000,700,21.000000,42.000000,1,5,3693429,1386,47.600000,1386,47.600000,0,126,5
1000,700,21.000000,42.000000,1,5,3693432,1386,46.600000,1386,46.600000,0,126,5
1000,700,21.000000,42.000000,1,5,3693434,1387,46.600000,1387,46.600000,0,126,5
1000,700,21.000000,42.000000,1,5,3693437,1389,45.600000,1389,45.600000,0,126,5
1000,700,21.000000,42.000000,1,5,3693440,1390,44.600000,1390,44.600000,0,126,5
1000,700,21.000000,42.000000,1,5,3693443,1390,42.600000,1390,42.600000,0,126,5
1000,700,21.000000,42.000000,1,5,3693446,1390,41.600000,1390,41.600000,0,126,5
1000,700,21.000000,42.000000,1,5,3693449,1391,39.600000,1391,39.600000,0,126,5
1000,700,21.000000,42.000000,1,5,3693451,1392,39.600000,1392,39.600000,0,126,5
1000,700,21.000000,42.000000,1,5,3693454,1392,39.600000,1392,39.600000,0,126,5
1000,700,21.000000,42.000000,1,5,3693457,1393,39.600000,1393,39.600000,0,126,5
1000,700,21.000000,42.000000,1,5,3693460,1393,38.600000,1393,38.600000,0,126,5
1000,700,21.000000,42.000000,1,5,3693463,1393,37.600000,1393,37.600000,0,126,5
1000,700,21.000000,42.000000,1,5,3693466,1393,37.600000,1393,37.600000,0,126,5
1000,700,21.000000,42.000000,1,5,3693468,1394,37.600000,1394,37.600000,0,126,5
1000,700,21.000000,42.000000,1,5,3693471,1394,36.600000,1394,36.600000,0,126,5
1000,700,21.000000,42.000000,1,5,3693474,1394,35.600000,1394,35.600000,0,126,5
1000,700,21.000000,42.000000,1,5,3693477,1394,34.600000,1394,34.600000,0,126,5
1000,700,21.000000,42.000000,1,5,3693479,1394,34.600000,1394,34.600000,0,126,5
1000,700,21.000000,42.000000,1,5,3693482,1394,34.600000,1394,34.600000,0,126,5
1000,700,21.000000,42.000000,1,5,3693485,1394,32.600000,1394,32.600000,0,126,5
1000,700,21.000000,42.000000,1,5,3693488,1394,32.600000,1394,32.600000,0,126,5
1000,700,21.000000,42.000000,1,5,3693490,1394,31.600000,1394,31.600000,0,126,5
1000,700,21.000000,42.000000,1,5,3693493,1394,30.600000,1394,30.600000,0,126,5
1000,700,21.000000,42.000000,1,5,3693496,1394,29.600000,1394,29.600000,0,126,5
1000,700,21.000000,42.000000,1,5,3693499,1394,28.600000,1394,28.600000,0,126,5
1000,700,21.000000,42.000000,1,5,3693501,1394,28.600000,1394,28.600000,0,126,5
1000,700,21.000000,42.000000,1,5,3693504,1394,27.600000,1394,27.600000,0,126,5
1000,700,21.000000,42.000000,1,5,3693507,1394,27.600000,1394,27.600000,0,126,5
1000,700,21.000000,42.000000,1,5,3693510,1394,27.600000,1394,27.600000,0,126,5
1000,700,21.000000,42.000000,1,5,3693513,1394,26.600000,1394,26.600000,0,126,5
1000,700,21.000000,42.000000,1,5,3693515,1394,25.600000,1394,25.600000,0,126,5
1000,700,21.000000,42.000000,1,5,3693518,1394,25.600000,1394,25.600000,0,126,5
1000,700,21.000000,42.000000,1,5,3693521,1394,25.600000,1394,25.600000,0,126,5
1000,700,21.000000,42.000000,1,5,3693524,1395,24.600000,1395,24.600000,0,126,5
1000,700,21.000000,42.000000,1,5,3693527,1396,24.600000,1396,24.600000,0,126,5
1000,700,21.000000,42.000000,1,5,3693529,1396,22.600000,1396,22.600000,0,126,5
1000,700,21.000000,42.000000,1,5,3693532,1396,22.600000,1396,22.600000,0,126,5
1000,700,21.000000,42.000000,1,5,3693535,1396,22.600000,1396,22.600000,0,126,5
1000,700,21.000000,42.000000,1,5,3693538,1396,22.600000,1396,22.600000,0,126,5
1000,700,21.000000,42.000000,1,5,3693540,1396,21.600000,1396,21.600000,0,126,5
1000,700,21.000000,42.000000,1,5,3693543,1396,20.600000,1396,20.600000,0,126,5
1000,700,21.000000,42.000000,1,5,3693546,1396,19.600000,1396,19.600000,0,126,5
1000,700,21.000000,42.000000,1,5,3693549,1396,18.600000,1396,18.600000,0,126,5
1000,700,21.000000,42.000000,1,5,3693551,1396,18.600000,1396,18.600000,0,126,5
1000,700,21.000000,42.000000,1,5,3693554,1396,17.600000,1396,17.600000,0,126,5
1000,700,21.000000,42.000000,1,5,3693557,1396,17.600000,1396,17.600000,0,126,5
1000,700,21.000000,42.000000,1,5,3693560,1396,17.600000,1396,17.600000,0,126,5
1000,700,21.000000,42.000000,1,5,3693563,1396,16.600000,1396,16.600000,0,126,5
1000,700,21.000000,42.000000,1,5,3693565,1396,16.600000,1396,16.600000,0,126,5
1000,700,21.000000,42.000000,1,5,3693568,1395,15.600000,1395,15.600000,0,126,5
1000,700,21.000000,42.000000,1,5,3693571,1394,14.600000,1394,14.600000,0,126,5
1000,700,21.000000,42.000000,1,5,3693574,1394,14.600000,1394,14.600000,0,126,5
1000,700,21.000000,42.000000,1,5,3693577,1393,14.600000,1393,14.600000,0,126,5
1000,700,21.000000,42.000000,1,5,3693579,1392,14.600000,1392,14.600000,0,126,5
1000,700,21.000000,42.000000,1,5,3693582,1391,14.600000,1391,14.600000,0,126,5
1000,700,21.000000,42.000000,1,5,3693585,1391,14.600000,1391,14.600000,0,126,5
1000,700,21.000000,42.000000,1,5,3693588,1391,13.600000,1391,13.600000,0,126,5
1000,700,21.000000,42.000000,1,5,3693591,1391,12.600000,1391,12.600000,0,126,5
1000,700,21.000000,42.000000,1,5,3693593,1389,12.600000,1389,12.600000,0,126,5
1000,700,21.000000,42.000000,1,5,3693596,1388,11.600000,1388,11.600000,0,126,5
1000,700,21.000000,42.000000,1,5,3693599,1387,11.600000,1387,11.600000,0,126,5
1000,700,21.000000,42.000000,1,5,3693602,1385,11.600000,1385,11.600000,0,126,5
1000,700,21.000000,42.000000,1,5,3693605,1384,10.600000,1384,10.600000,0,126,5
1000,700,21.000000,42.000000,1,5,3693607,1384,10.600000,1384,10.600000,0,126,5
1000,700,21.000000,42.000000,1,5,3693610,1383,10.600000,1383,10.600000,0,126,5
1000,700,21.000000,42.000000,1,5,3693613,1381,9.600000,1381,9.600000,0,126,5
1000,700,21.000000,42.000000,1,5,3693616,1379,9.600000,1379,9.600000,0,126,5
1000,700,21.000000,42.000000,1,5,3693619,1377,9.600000,1377,9.600000,0,126,5
1000,700,21.000000,42.000000,1,5,3693621,1375,8.600000,1375,8.600000,0,126,5
1000,700,21.000000,42.000000,1,5,3693624,1373,8.600000,1373,8.600000,0,126,5
1000,700,21.000000,42.000000,1,5,3693627,1371,8.600000,1371,8.600000,0,126,5
1000,700,21.000000,42.000000,1,5,3693630,1369,8.600000,1369,8.600000,0,126,5
1000,700,21.000000,42.000000,1,5,3693633,1367,8.600000,1367,8.600000,0,126,5
1000,700,21.000000,42.000000,1,5,3693635,1366,8.600000,1366,8.600000,0,126,5
1000,700,21.000000,42.000000,1,5,3693638,1365,8.600000,1365,8.600000,0,126,5
1000,700,21.000000,42.000000,1,5,3693641,1364,8.600000,1364,8.600000,0,126,5
1000,700,21.000000,42.000000,1,5,3693644,1363,8.600000,1363,8.600000,0,126,5
1000,700,21.000000,42.000000,1,5,3693647,1361,8.600000,1361,8.600000,0,126,5
1000,700,21.000000,42.000000,1,5,3693650,1360,8.600000,1360,8.600000,0,126,5
1000,700,21.000000,42.000000,1,5,3693652,1359,8.600000,1359,8.600000,0,126,5
1000,700,21.000000,42.000000,1,5,3693655,1358,8.600000,1358,8.600000,0,126,5
1000,700,21.000000,42.000000,1,5,3693658,1358,8.600000,1358,8.600000,0,126,5
1000,700,21.000000,42.000000,1,5,3693661,1357,8.600000,1357,8.600000,0,126,5
1000,700,21.000000,42.000000,1,5,3693664,1356,8.600000,1356,8.600000,0,126,5
1000,700,21.000000,42.000000,1,5,3693666,1355,8.600000,1355,8.600000,0,126,5
1000,700,21.000000,42.000000,1,5,3693669,1355,8.600000,1355,8.600000,0,126,5
1000,700,21.000000,42.000000,1,5,3693672,1354,8.600000,1354,8.600000,0,126,5
1000,700,21.000000,42.000000,1,5,3693675,1353,8.600000,1353,8.600000,0,126,5
1000,700,21.000000,42.000000,1,5,3693678,1353,8.600000,1353,8.600000,0,126,5
1000,700,21.000000,42.000000,1,5,3693680,1352,8.600000,1352,8.600000,0,126,5
1000,700,21.000000,42.000000,1,5,3693683,1351,8.600000,1351,8.600000,0,126,5
1000,700,21.000000,42.000000,1,5,3693686,1351,8.600000,1351,8.600000,0,126,5
1000,700,21.000000,42.000000,1,5,3693689,1351,8.600000,1351,8.600000,0,126,5
1000,700,21.000000,42.000000,1,5,3693691,1350,8.600000,1350,8.600000,0,126,5
1000,700,21.000000,42.000000,1,5,3693694,1349,8.600000,1349,8.600000,0,126,5
1000,700,21.000000,42.000000,1,5,3693697,1348,8.600000,1348,8.600000,0,126,5
1000,700,21.000000,42.000000,1,5,3693700,1347,7.600000,1347,7.600000,0,126,5
1000,700,21.000000,42.000000,1,5,3693703,1347,7.600000,1347,7.600000,0,126,5
1000,700,21.000000,42.000000,1,5,3693705,1346,7.600000,1346,7.600000,0,126,5
1000,700,21.000000,42.000000,1,5,3693708,1345,7.600000,1345,7.600000,0,126,5
1000,700,21.000000,42.000000,1,5,3693711,1343,7.600000,1343,7.600000,0,126,5
1000,700,21.000000,42.000000,1,5,3693714,1342,7.600000,1342,7.600000,0,126,5
1000,700,21.000000,42.000000,1,5,3693717,1341,7.600000,1341,7.600000,0,126,5
1000,700,21.000000,42.000000,1,5,3693719,1340,7.600000,1340,7.600000,0,126,5
1000,700,21.000000,42.000000,1,5,3693722,1339,7.600000,1339,7.600000,0,126,5
1000,700,21.000000,42.000000,1,5,3693725,1338,7.600000,1338,7.600000,0,126,5
1000,700,21.000000,42.000000,1,5,3693728,1337,7.600000,1337,7.600000,0,126,5
1000,700,21.000000,42.000000,1,5,3693730,1336,7.600000,1336,7.600000,0,126,5
1000,700,21.000000,42.000000,1,5,3693733,1336,7.600000,1336,7.600000,0,126,5
1000,700,21.000000,42.000000,1,5,3693736,1335,7.600000,1335,7.600000,0,126,5
1000,700,21.000000,42.000000,1,5,3693739,1334,7.600000,1334,7.600000,0,126,5
1000,700,21.000000,42.000000,1,5,3693742,1333,7.600000,1333,7.600000,0,126,5
1000,700,21.000000,42.000000,1,5,3693744,1332,7.600000,1332,7.600000,0,126,5
1000,700,21.000000,42.000000,1,5,3693747,1332,7.600000,1332,7.600000,0,126,5
1000,700,21.000000,42.000000,1,5,3693750,1332,7.600000,1332,7.600000,0,126,5
1000,700,21.000000,42.000000,1,5,3693753,1331,7.600000,1331,7.600000,0,126,5
1000,700,21.000000,42.000000,1,5,3693756,1331,7.600000,1331,7.600000,0,126,5
1000,700,21.000000,42.000000,1,5,3693758,1331,7.600000,1331,7.600000,0,126,5
1000,700,21.000000,42.000000,1,5,3693761,1331,7.600000,1331,7.600000,0,126,5
1000,700,21.000000,42.000000,1,5,3693764,1331,7.600000,1331,7.600000,0,126,5
1000,700,21.000000,42.000000,1,5,3693767,1331,7.600000,1331,7.600000,0,126,5
1000,700,21.000000,42.000000,1,5,3693769,1331,7.600000,1331,7.600000,0,126,5
1000,700,21.000000,42.000000,1,5,3693772,1331,7.600000,1331,7.600000,0,126,5
1000,700,21.000000,42.000000,1,5,3693775,1331,7.600000,1331,7.600000,0,126,5
1000,700,21.000000,42.000000,1,5,3693778,1331,7.600000,1331,7.600000,0,126,5
1000,700,21.000000,42.000000,1,5,3693780,1331,7.600000,1331,7.600000,0,126,5
1000,700,21.000000,42.000000,1,5,3693783,1331,7.600000,1331,7.600000,0,126,5
1000,700,21.000000,42.000000,1,5,3693786,1331,7.600000,1331,7.600000,0,126,5
1000,700,21.000000,42.000000,1,5,3693789,1331,7.600000,1331,7.600000,0,126,5
1000,700,21.000000,42.000000,1,5,3693791,1331,7.600000,1331,7.600000,0,126,5
1000,700,21.000000,42.000000,1,5,3693794,1331,7.600000,1331,7.600000,0,126,5
1000,700,21.000000,42.000000,1,5,3693797,1331,7.600000,1331,7.600000,0,126,5
1000,700,21.000000,42.000000,1,5,3693800,1331,7.600000,1331,7.600000,0,126,5
1000,700,21.000000,42.000000,1,5,3693802,1330,7.600000,1330,7.600000,0,126,5
1000,700,21.000000,42.000000,1,5,3693805,1330,7.600000,1330,7.600000,0,126,5
1000,700,21.000000,42.000000,1,5,3693808,1330,7.600000,1330,7.600000,0,126,5
1000,700,21.000000,42.000000,1,5,3693811,1330,7.600000,1330,7.600000,0,126,5
1000,700,21.000000,42.000000,1,5,3693813,1330,7.600000,1330,7.600000,0,126,5
1000,700,21.000000,42.000000,1,5,3693816,1329,7.600000,1329,7.600000,0,126,5
1000,700,21.000000,42.000000,1,5,3693819,1329,7.600000,1329,7.600000,0,126,5
1000,700,21.000000,42.000000,1,5,3693822,1329,7.600000,1329,7.600000,0,126,5
1000,700,21.000000,42.000000,1,5,3693824,1328,7.600000,1328,7.600000,0,126,5
1000,700,21.000000,42.000000,1,5,3693827,1328,7.600000,1328,7.600000,0,126,5
1000,700,21.000000,42.000000,1,5,3693830,1327,7.600000,1327,7.600000,0,126,5
1000,700,21.000000,42.000000,1,5,3693833,1326,7.600000,1326,7.600000,0,126,5
1000,700,21.000000,42.000000,1,5,3693836,1326,7.600000,1326,7.600000,0,126,5
1000,700,21.000000,42.000000,1,5,3693838,1326,7.600000,1326,7.600000,0,126,5
1000,700,21.000000,42.000000,1,5,3693841,1326,7.600000,1326,7.600000,0,126,5
1000,700,21.000000,42.000000,1,5,3693844,1325,7.600000,1325,7.600000,0,126,5
1000,700,21.000000,42.000000,1,5,3693848,1325,7.600000,1325,7.600000,0,126,5
1000,700,21.000000,42.000000,1,5,3693850,1324,7.600000,1324,7.600000,0,126,5
1000,700,21.000000,42.000000,1,5,3693853,1323,7.600000,1323,7.600000,0,126,5
1000,700,21.000000,42.000000,1,5,3693856,1323,7.600000,1323,7.600000,0,126,5
1000,700,21.000000,42.000000,1,5,3693859,1323,7.600000,1323,7.600000,0,126,5
1000,700,21.000000,42.000000,1,5,3693861,1323,7.600000,1323,7.600000,0,126,5
1000,700,21.000000,42.000000,1,5,3693864,1323,7.600000,1323,7.600000,0,126,5
1000,700,21.000000,42.000000,1,5,3693867,1323,7.600000,1323,7.600000,0,126,5
1000,700,21.000000,42.000000,1,5,3693870,1323,7.600000,1323,7.600000,0,126,5
1000,700,21.000000,42.000000,1,5,3693872,1323,7.600000,1323,7.600000,0,126,5
1000,700,21.000000,42.000000,1,5,3693875,1323,7.600000,1323,7.600000,0,126,5
1000,700,21.000000,42.000000,1,5,3693878,1323,7.600000,1323,7.600000,0,126,5
1000,700,21.000000,42.000000,1,5,3693881,1323,7.600000,1323,7.600000,0,126,5
1000,700,21.000000,42.000000,1,5,3693883,1323,7.600000,1323,7.600000,0,126,5
1000,700,21.000000,42.000000,1,5,3693886,1323,7.600000,1323,7.600000,0,126,5
1000,700,21.000000,42.000000,1,5,3693889,1323,7.600000,1323,7.600000,0,126,5
1000,700,21.000000,42.000000,1,5,3693892,1323,7.600000,1323,7.600000,0,126,5
1000,700,21.000000,42.000000,1,5,3693894,1323,7.600000,1323,7.600000,0,126,5
1000,700,21.000000,42.000000,1,5,3693897,1323,7.600000,1323,7.600000,0,126,5
1000,700,21.000000,42.000000,1,5,3693900,1323,7.600000,1323,7.600000,0,126,5
1000,700,21.000000,42.000000,1,5,3693903,1323,7.600000,1323,7.600000,0,126,5
1000,700,21.000000,42.000000,1,5,3693905,1323,7.600000,1323,7.600000,0,126,5
1000,700,21.000000,42.000000,1,5,3693908,1323,7.600000,1323,7.600000,0,126,5
1000,700,21.000000,42.000000,1,5,3693911,1323,7.600000,1323,7.600000,0,126,5
1000,700,21.000000,42.000000,1,5,3693914,1323,7.600000,1323,7.600000,0,126,5
1000,700,21.000000,42.000000,1,5,3693917,1323,7.600000,1323,7.600000,0,126,5
1000,700,21.000000,42.000000,1,5,3693931,1323,7.600000,1323,7.600000,1,126,5
