1000,350,21.000000,0.000000,1,2,2894184,784,8,784,8,0,92,4
1000,350,21.000000,0.000000,1,2,2894185,784,8,784,8,0,92,4
1000,350,21.000000,0.000000,1,2,2894187,784,8,784,8,0,92,4
1000,350,21.000000,0.000000,1,2,2894190,784,8,784,8,0,92,4
1000,350,21.000000,0.000000,1,2,2894193,784,8,784,8,0,92,4
1000,350,21.000000,0.000000,1,2,2894196,784,8,784,8,0,92,4
1000,350,21.000000,0.000000,1,2,2894199,784,8,784,8,0,92,4
1000,350,21.000000,0.000000,1,2,2894201,784,8,784,8,0,92,4
1000,350,21.000000,0.000000,1,2,2894204,784,8,784,8,0,92,4
1000,350,21.000000,0.000000,1,2,2894206,784,8,784,8,0,92,4
1000,350,21.000000,0.000000,1,2,2894209,784,8,784,8,0,92,4
1000,350,21.000000,0.000000,1,2,2894212,784,8,784,8,0,92,4
1000,350,21.000000,0.000000,1,2,2894215,784,8,784,8,0,92,4
1000,350,21.000000,0.000000,1,2,2894218,784,8,784,8,0,92,4
1000,350,21.000000,0.000000,1,2,2894220,784,8,784,8,0,92,4
1000,350,21.000000,0.000000,1,2,2894223,784,8,784,8,0,92,4
1000,350,21.000000,0.000000,1,2,2894226,784,8,784,8,0,92,4
1000,350,21.000000,0.000000,1,2,2894229,784,8,784,8,0,92,4
1000,350,21.000000,0.000000,1,2,2894232,784,8,784,8,0,92,4
1000,350,21.000000,0.000000,1,2,2894234,784,8,784,8,0,92,4
1000,350,21.000000,0.000000,1,2,2894237,784,8,784,8,0,92,4
1000,350,21.000000,0.000000,1,2,2894240,784,8,784,8,0,92,4
1000,350,21.000000,0.000000,1,2,2894243,784,8,784,8,0,92,4
1000,350,21.000000,0.000000,1,2,2894245,784,8,784,8,0,92,4
1000,350,21.000000,0.000000,1,2,2894248,784,8,784,8,0,92,4
1000,350,21.000000,0.000000,1,2,2894251,784,8,784,8,0,92,4
1000,350,21.000000,0.000000,1,2,2894254,784,8,784,8,0,92,4
1000,350,21.000000,0.000000,1,2,2894257,784,8,784,8,0,92,4
1000,350,21.000000,0.000000,1,2,2894260,784,8,784,8,0,92,4
1000,350,21.000000,0.000000,1,2,2894262,784,8,784,8,0,92,4
1000,350,21.000000,0.000000,1,2,2894265,784,8,784,8,0,92,4
1000,350,21.000000,0.000000,1,2,2894268,785,8,785,8,0,92,4
1000,350,21.000000,0.000000,1,2,2894271,786,8,786,8,0,92,4
1000,350,21.000000,0.000000,1,2,2894273,787,8,787,8,0,92,4
1000,350,21.000000,0.000000,1,2,2894276,788,9,788,9,0,92,4
1000,350,21.000000,0.000000,1,2,2894279,788,10,788,10,0,92,4
1000,350,21.000000,0.000000,1,2,2894282,790,10,790,10,0,92,4
1000,350,21.000000,0.000000,1,2,2894285,792,11,792,11,0,92,4
1000,350,21.000000,0.000000,1,2,2894288,793,13,793,13,0,92,4
1000,350,21.000000,0.000000,1,2,2894291,795,13,795,13,0,92,4
1000,350,21.000000,0.000000,1,2,2894294,797,14,797,14,0,92,4
1000,350,21.000000,0.000000,1,2,2894296,799,16,799,16,0,92,4
1000,350,21.000000,0.000000,1,2,2894299,801,17,801,17,0,92,4
1000,350,21.000000,0.000000,1,2,2894302,804,18,804,18,0,92,4
1000,350,21.000000,0.000000,1,2,2894305,807,19,807,19,0,92,4
1000,350,21.000000,0.000000,1,2,2894308,810,21,810,21,0,92,4
1000,350,21.000000,0.000000,1,2,2894310,813,23,813,23,0,92,4
1000,350,21.000000,0.000000,1,2,2894313,816,24,816,24,0,92,4
1000,350,21.000000,0.000000,1,2,2894316,821,25,821,25,0,92,4
1000,350,21.000000,0.000000,1,2,2894319,825,26,825,26,0,92,4
1000,350,21.000000,0.000000,1,2,2894322,831,29,831,29,0,92,4
1000,350,21.000000,0.000000,1,2,2894325,838,31,838,31,0,92,4
1000,350,21.000000,0.000000,1,2,2894327,841,32,841,32,0,92,4
1000,350,21.000000,0.000000,1,2,2894330,849,35,849,35,0,92,4
1000,350,21.000000,0.000000,1,2,2894333,854,38,854,38,0,92,4
1000,350,21.000000,0.000000,1,2,2894336,860,40,860,40,0,92,4
1000,350,21.000000,0.000000,1,2,2894339,866,43,866,43,0,92,4
1000,350,21.000000,0.000000,1,2,2894341,871,45,871,45,0,92,4
1000,350,21.000000,0.000000,1,2,2894344,877,47,877,47,0,92,4
1000,350,21.000000,0.000000,1,2,2894347,883,50,883,50,0,92,4
1000,350,21.000000,0.000000,1,2,2894350,889,53,889,53,0,92,4
1000,350,21.000000,0.000000,1,2,2894353,894,55,894,55,0,92,4
1000,350,21.000000,0.000000,1,2,2894355,902,58,902,58,0,92,4
1000,350,21.000000,0.000000,1,2,2894358,907,60,907,60,0,92,4
1000,350,21.000000,0.000000,1,2,2894361,913,62,913,62,0,92,4
1000,350,21.000000,0.000000,1,2,2894364,921,65,921,65,0,92,4
1000,350,21.000000,0.000000,1,2,2894367,927,67,927,67,0,92,4
1000,350,21.000000,0.000000,1,2,2894369,931,68,931,68,0,92,4
1000,350,21.000000,0.000000,1,2,2894372,938,71,938,71,0,92,4
1000,350,21.000000,0.000000,1,2,2894375,945,73,945,73,0,92,4
1000,350,21.000000,0.000000,1,2,2894378,951,74,951,74,0,92,4
1000,350,21.000000,0.000000,1,2,2894381,955,76,955,76,0,92,4
1000,350,21.000000,0.000000,1,2,2894384,961,76,961,76,0,92,4
1000,350,21.000000,0.000000,1,2,2894386,967,77,967,77,0,92,4
1000,350,21.000000,0.000000,1,2,2894389,971,77,971,77,0,92,4
1000,350,21.000000,0.000000,1,2,2894392,981,77,981,77,0,92,4
1000,350,21.000000,0.000000,1,2,2894395,987,77,987,77,0,92,4
1000,350,21.000000,0.000000,1,2,2894398,992,78,992,78,0,92,4
1000,350,21.000000,0.000000,1,2,2894400,995,78,995,78,0,92,4
1000,350,21.000000,0.000000,1,2,2894403,1001,78,1001,78,0,92,4
1000,350,21.000000,0.000000,1,2,2894406,1007,78,1007,78,0,92,4
1000,350,21.000000,0.000000,1,2,2894409,1013,78,1013,78,0,92,4
1000,350,21.000000,0.000000,1,2,2894412,1017,78,1017,78,0,92,4
1000,350,21.000000,0.000000,1,2,2894414,1022,77,1022,77,0,92,4
1000,350,21.000000,0.000000,1,2,2894417,1027,77,1027,77,0,92,4
1000,350,21.000000,0.000000,1,2,2894420,1032,77,1032,77,0,92,4
1000,350,21.000000,0.000000,1,2,2894423,1037,77,1037,77,0,92,4
1000,350,21.000000,0.000000,1,2,2894425,1042,76,1042,76,0,92,4
1000,350,21.000000,0.000000,1,2,2894428,1045,75,1045,75,0,92,4
1000,350,21.000000,0.000000,1,2,2894431,1052,74,1052,74,0,92,4
1000,350,21.000000,0.000000,1,2,2894435,1057,74,1057,74,0,92,4
1000,350,21.000000,0.000000,1,2,2894437,1061,74,1061,74,0,92,4
1000,350,21.000000,0.000000,1,2,2894440,1064,74,1064,74,0,92,4
1000,350,21.000000,0.000000,1,2,2894443,1067,73,1067,73,0,92,4
1000,350,21.000000,0.000000,1,2,2894446,1072,72,1072,72,0,92,4
1000,350,21.000000,0.000000,1,2,2894449,1073,72,1073,72,0,92,4
1000,350,21.000000,0.000000,1,2,2894451,1074,71,1074,71,0,92,4
1000,350,21.000000,0.000000,1,2,2894454,1079,70,1079,70,0,92,4
1000,350,21.000000,0.000000,1,2,2894457,1081,70,1081,70,0,92,4
1000,350,21.000000,0.000000,1,2,2894460,1083,69,1083,69,0,92,4
1000,350,21.000000,0.000000,1,2,2894462,1085,68,1085,68,0,92,4
1000,350,21.000000,0.000000,1,2,2894465,1087,68,1087,68,0,92,4
1000,350,21.000000,0.000000,1,2,2894468,1088,67,1088,67,0,92,4
1000,350,21.000000,0.000000,1,2,2894471,1089,67,1089,67,0,92,4
1000,350,21.000000,0.000000,1,2,2894474,1090,67,1090,67,0,92,4
1000,350,21.000000,0.000000,1,2,2894476,1092,67,1092,67,0,92,4
1000,350,21.000000,0.000000,1,2,2894479,1093,66,1093,66,0,92,4
1000,350,21.000000,0.000000,1,2,2894482,1093,65,1093,65,0,92,4
1000,350,21.000000,0.000000,1,2,2894486,1094,65,1094,65,0,92,4
1000,350,21.000000,0.000000,1,2,2894489,1095,64,1095,64,0,92,4
1000,350,21.000000,0.000000,1,2,2894492,1095,63,1095,63,0,92,4
1000,350,21.000000,0.000000,1,2,2894494,1096,62,1096,62,0,92,4
1000,350,21.000000,0.000000,1,2,2894497,1096,61,1096,61,0,92,4
1000,350,21.000000,0.000000,1,2,2894500,1096,61,1096,61,0,92,4
1000,350,21.000000,0.000000,1,2,2894503,1096,61,1096,61,0,92,4
1000,350,21.000000,0.000000,1,2,2894506,1096,60,1096,60,0,92,4
1000,350,21.000000,0.000000,1,2,2894508,1097,60,1097,60,0,92,4
1000,350,21.000000,0.000000,1,2,2894511,1097,59,1097,59,0,92,4
1000,350,21.000000,0.000000,1,2,2894514,1098,58,1098,58,0,92,4
1000,350,21.000000,0.000000,1,2,2894517,1098,57,1098,57,0,92,4
1000,350,21.000000,0.000000,1,2,2894520,1098,56,1098,56,0,92,4
1000,350,21.000000,0.000000,1,2,2894522,1099,56,1099,56,0,92,4
1000,350,21.000000,0.000000,1,2,2894525,1099,56,1099,56,0,92,4
1000,350,21.000000,0.000000,1,2,2894528,1100,55,1100,55,0,92,4
1000,350,21.000000,0.000000,1,2,2894531,1100,55,1100,55,0,92,4
1000,350,21.000000,0.000000,1,2,2894534,1101,53,1101,53,0,92,4
1000,350,21.000000,0.000000,1,2,2894536,1101,52,1101,52,0,92,4
1000,350,21.000000,0.000000,1,2,2894539,1102,51,1102,51,0,92,4
1000,350,21.000000,0.000000,1,2,2894542,1102,51,1102,51,0,92,4
1000,350,21.000000,0.000000,1,2,2894546,1102,49,1102,49,0,92,4
1000,350,21.000000,0.000000,1,2,2894549,1102,48,1102,48,0,92,4
1000,350,21.000000,0.000000,1,2,2894551,1102,47,1102,47,0,92,4
1000,350,21.000000,0.000000,1,2,2894554,1102,46,1102,46,0,92,4
1000,350,21.000000,0.000000,1,2,2894557,1102,45,1102,45,0,92,4
1000,350,21.000000,0.000000,1,2,2894560,1102,44,1102,44,0,92,4
1000,350,21.000000,0.000000,1,2,2894562,1102,43,1102,43,0,92,4
1000,350,21.000000,0.000000,1,2,2894565,1102,42,1102,42,0,92,4
1000,350,21.000000,0.000000,1,2,2894568,1102,41,1102,41,0,92,4
1000,350,21.000000,0.000000,1,2,2894571,1102,39,1102,39,0,92,4
1000,350,21.000000,0.000000,1,2,2894573,1102,38,1102,38,0,92,4
1000,350,21.000000,0.000000,1,2,2894576,1102,37,1102,37,0,92,4
1000,350,21.000000,0.000000,1,2,2894579,1102,36,1102,36,0,92,4
1000,350,21.000000,0.000000,1,2,2894582,1102,35,1102,35,0,92,4
1000,350,21.000000,0.000000,1,2,2894584,1102,34,1102,34,0,92,4
1000,350,21.000000,0.000000,1,2,2894587,1102,33,1102,33,0,92,4
1000,350,21.000000,0.000000,1,2,2894590,1102,32,1102,32,0,92,4
1000,350,21.000000,0.000000,1,2,2894593,1102,31,1102,31,0,92,4
1000,350,21.000000,0.000000,1,2,2894596,1102,30,1102,30,0,92,4
1000,350,21.000000,0.000000,1,2,2894598,1102,29,1102,29,0,92,4
1000,350,21.000000,0.000000,1,2,2894601,1102,28,1102,28,0,92,4
1000,350,21.000000,0.000000,1,2,2894604,1102,27,1102,27,0,92,4
1000,350,21.000000,0.000000,1,2,2894607,1102,26,1102,26,0,92,4
1000,350,21.000000,0.000000,1,2,2894610,1102,25,1102,25,0,92,4
1000,350,21.000000,0.000000,1,2,2894613,1102,24,1102,24,0,92,4
1000,350,21.000000,0.000000,1,2,2894615,1102,23,1102,23,0,92,4
1000,350,21.000000,0.000000,1,2,2894618,1102,22,1102,22,0,92,4
1000,350,21.000000,0.000000,1,2,2894621,1102,21,1102,21,0,92,4
1000,350,21.000000,0.000000,1,2,2894624,1103,21,1103,21,0,92,4
1000,350,21.000000,0.000000,1,2,2894627,1104,20,1104,20,0,92,4
1000,350,21.000000,0.000000,1,2,2894629,1106,19,1106,19,0,92,4
1000,350,21.000000,0.000000,1,2,2894632,1108,18,1108,18,0,92,4
1000,350,21.000000,0.000000,1,2,2894635,1109,18,1109,18,0,92,4
1000,350,21.000000,0.000000,1,2,2894638,1110,17,1110,17,0,92,4
1000,350,21.000000,0.000000,1,2,2894641,1111,16,1111,16,0,92,4
1000,350,21.000000,0.000000,1,2,2894643,1113,16,1113,16,0,92,4
1000,350,21.000000,0.000000,1,2,2894646,1115,15,1115,15,0,92,4
1000,350,21.000000,0.000000,1,2,2894649,1116,14,1116,14,0,92,4
1000,350,21.000000,0.000000,1,2,2894652,1116,13,1116,13,0,92,4
1000,350,21.000000,0.000000,1,2,2894655,1117,12,1117,12,0,92,4
1000,350,21.000000,0.000000,1,2,2894658,1118,11,1118,11,0,92,4
1000,350,21.000000,0.000000,1,2,2894661,1119,10,1119,10,0,92,4
1000,350,21.000000,0.000000,1,2,2894663,1119,9,1119,9,0,92,4
1000,350,21.000000,0.000000,1,2,2894666,1120,9,1120,9,0,92,4
1000,350,21.000000,0.000000,1,2,2894670,1121,9,1121,9,0,92,4
1000,350,21.000000,0.000000,1,2,2894673,1122,8,1122,8,0,92,4
1000,350,21.000000,0.000000,1,2,2894676,1123,8,1123,8,0,92,4
1000,350,21.000000,0.000000,1,2,2894679,1124,7,1124,7,0,92,4
1000,350,21.000000,0.000000,1,2,2894682,1125,6,1125,6,0,92,4
1000,350,21.000000,0.000000,1,2,2894685,1126,6,1126,6,0,92,4
1000,350,21.000000,0.000000,1,2,2894688,1127,5,1127,5,0,92,4
1000,350,21.000000,0.000000,1,2,2894690,1129,4,1129,4,0,92,4
1000,350,21.000000,0.000000,1,2,2894693,1130,3,1130,3,0,92,4
1000,350,21.000000,0.000000,1,2,2894696,1131,2,1131,2,0,92,4
1000,350,21.000000,0.000000,1,2,2894699,1133,0,1133,0,0,92,4
1000,350,21.000000,0.000000,1,2,2894702,1134,0,1134,0,0,92,4
1000,350,21.000000,0.000000,1,2,2894704,1135,0,1135,0,0,92,4
1000,350,21.000000,0.000000,1,2,2894707,1135,0,1135,-1,0,92,4
1000,350,21.000000,0.000000,1,2,2894710,1136,0,1136,-1,0,92,4
1000,350,21.000000,0.000000,1,2,2894713,1137,0,1137,-1,0,92,4
1000,350,21.000000,0.000000,1,2,2894716,1137,0,1137,-2,0,92,4
1000,350,21.000000,0.000000,1,2,2894719,1137,0,1137,-3,0,92,4
1000,350,21.000000,0.000000,1,2,2894721,1137,0,1137,-3,0,92,4
1000,350,21.000000,0.000000,1,2,2894724,1138,0,1138,-3,0,92,4
1000,350,21.000000,0.000000,1,2,2894727,1139,0,1139,-3,0,92,4
1000,350,21.000000,0.000000,1,2,2894730,1139,0,1139,-3,0,92,4
1000,350,21.000000,0.000000,1,2,2894732,1139,0,1139,-3,0,92,4
1000,350,21.000000,0.000000,1,2,2894735,1139,0,1139,-3,0,92,4
1000,350,21.000000,0.000000,1,2,2894738,1139,0,1139,-3,0,92,4
1000,350,21.000000,0.000000,1,2,2894741,1139,0,1139,-3,0,92,4
1000,350,21.000000,0.000000,1,2,2894743,1139,0,1139,-3,0,92,4
1000,350,21.000000,0.000000,1,2,2894746,1139,0,1139,-3,0,92,4
1000,350,21.000000,0.000000,1,2,2894749,1139,0,1139,-3,0,92,4
1000,350,21.000000,0.000000,1,2,2894752,1139,0,1139,-3,0,92,4
1000,350,21.000000,0.000000,1,2,2894754,1139,0,1139,-3,0,92,4
1000,350,21.000000,0.000000,1,2,2894757,1139,0,1139,-3,0,92,4
1000,350,21.000000,0.000000,1,2,2894760,1139,0,1139,-3,0,92,4
1000,350,21.000000,0.000000,1,2,2894763,1140,0,1140,-3,0,92,4
1000,350,21.000000,0.000000,1,2,2894766,1140,0,1140,-4,0,92,4
1000,350,21.000000,0.000000,1,2,2894768,1140,0,1140,-5,0,92,4
1000,350,21.000000,0.000000,1,2,2894771,1140,0,1140,-5,0,92,4
1000,350,21.000000,0.000000,1,2,2894774,1140,0,1140,-5,0,92,4
1000,350,21.000000,0.000000,1,2,2894777,1140,0,1140,-5,0,92,4
1000,350,21.000000,0.000000,1,2,2894780,1140,0,1140,-5,0,92,4
1000,350,21.000000,0.000000,1,2,2894782,1140,0,1140,-5,0,92,4
1000,350,21.000000,0.000000,1,2,2894785,1140,0,1140,-5,0,92,4
1000,350,21.000000,0.000000,1,2,2894788,1140,0,1140,-5,0,92,4
1000,350,21.000000,0.000000,1,2,2894791,1140,0,1140,-5,0,92,4
1000,350,21.000000,0.000000,1,2,2894793,1140,0,1140,-5,0,92,4
1000,350,21.000000,0.000000,1,2,2894796,1140,0,1140,-5,0,92,4
1000,350,21.000000,0.000000,1,2,2894799,1140,0,1140,-5,0,92,4
1000,350,21.000000,0.000000,1,2,2894802,1140,0,1140,-5,0,92,4
1000,350,21.000000,0.000000,1,2,2894805,1140,0,1140,-5,0,92,4
1000,350,21.000000,0.000000,1,2,2894807,1140,0,1140,-5,0,92,4
1000,350,21.000000,0.000000,1,2,2894810,1140,0,1140,-5,0,92,4
1000,350,21.000000,0.000000,1,2,2894813,1140,0,1140,-5,0,92,4
1000,350,21.000000,0.000000,1,2,2894816,1140,0,1140,-5,0,92,4
1000,350,21.000000,0.000000,1,2,2894819,1140,0,1140,-5,0,92,4
1000,350,21.000000,0.000000,1,2,2894821,1140,0,1140,-5,0,92,4
1000,350,21.000000,0.000000,1,2,2894824,1140,0,1140,-5,0,92,4
1000,350,21.000000,0.000000,1,2,2894827,1140,0,1140,-5,0,92,4
1000,350,21.000000,0.000000,1,2,2894830,1140,0,1140,-5,0,92,4
1000,350,21.000000,0.000000,1,2,2894832,1140,0,1140,-5,0,92,4
1000,350,21.000000,0.000000,1,2,2894835,1140,0,1140,-5,0,92,4
1000,350,21.000000,0.000000,1,2,2894838,1140,0,1140,-5,0,92,4
1000,350,21.000000,0.000000,1,2,2894841,1140,0,1140,-5,0,92,4
1000,350,21.000000,0.000000,1,2,2894843,1140,0,1140,-5,0,92,4
1000,350,21.000000,0.000000,1,2,2894846,1140,0,1140,-5,0,92,4
1000,350,21.000000,0.000000,1,2,2894849,1140,0,1140,-5,0,92,4
1000,350,21.000000,0.000000,1,2,2894852,1140,0,1140,-5,0,92,4
1000,350,21.000000,0.000000,1,2,2894855,1140,0,1140,-5,0,92,4
1000,350,21.000000,0.000000,1,2,2894858,1140,0,1140,-5,0,92,4
1000,350,21.000000,0.000000,1,2,2894860,1140,0,1140,-5,0,92,4
1000,350,21.000000,0.000000,1,2,2894863,1140,0,1140,-5,0,92,4
1000,350,21.000000,0.000000,1,2,2894866,1140,0,1140,-5,0,92,4
1000,350,21.000000,0.000000,1,2,2894869,1140,0,1140,-5,0,92,4
1000,350,21.000000,0.000000,1,2,2894872,1140,0,1140,-5,0,92,4
1000,350,21.000000,0.000000,1,2,2894875,1140,0,1140,-5,0,92,4
1000,350,21.000000,0.000000,1,2,2894878,1140,0,1140,-5,0,92,4
1000,350,21.000000,0.000000,1,2,2894880,1140,0,1140,-5,0,92,4
1000,350,21.000000,0.000000,1,2,2894883,1140,0,1140,-5,0,92,4
1000,350,21.000000,0.000000,1,2,2894894,1140,0,1140,-5,0,92,4
