1000,350,21.000000,0.000000,1,0,2152762,789,11,789,11,0,46,1
1000,350,21.000000,0.000000,1,0,2152763,789,11,789,11,0,46,1
1000,350,21.000000,0.000000,1,0,2152765,789,11,789,11,0,46,1
1000,350,21.000000,0.000000,1,0,2152768,789,11,789,11,0,46,1
1000,350,21.000000,0.000000,1,0,2152771,789,11,789,11,0,46,1
1000,350,21.000000,0.000000,1,0,2152774,789,11,789,11,0,46,1
1000,350,21.000000,0.000000,1,0,2152776,789,11,789,11,0,46,1
1000,350,21.000000,0.000000,1,0,2152779,789,11,789,11,0,46,1
1000,350,21.000000,0.000000,1,0,2152782,789,11,789,11,0,46,1
1000,350,21.000000,0.000000,1,0,2152784,789,11,789,11,0,46,1
1000,350,21.000000,0.000000,1,0,2152788,789,11,789,11,0,46,1
1000,350,21.000000,0.000000,1,0,2152790,789,11,789,11,0,46,1
1000,350,21.000000,0.000000,1,0,2152793,789,11,789,11,0,46,1
1000,350,21.000000,0.000000,1,0,2152796,789,11,789,11,0,46,1
1000,350,21.000000,0.000000,1,0,2152799,789,11,789,11,0,46,1
1000,350,21.000000,0.000000,1,0,2152801,789,11,789,11,0,46,1
1000,350,21.000000,0.000000,1,0,2152804,789,11,789,11,0,46,1
1000,350,21.000000,0.000000,1,0,2152807,789,11,789,11,0,46,1
1000,350,21.000000,0.000000,1,0,2152810,789,11,789,11,0,46,1
1000,350,21.000000,0.000000,1,0,2152812,789,11,789,11,0,46,1
1000,350,21.000000,0.000000,1,0,2152815,789,11,789,11,0,46,1
1000,350,21.000000,0.000000,1,0,2152818,789,11,789,11,0,46,1
1000,350,21.000000,0.000000,1,0,2152821,789,11,789,11,0,46,1
1000,350,21.000000,0.000000,1,0,2152823,789,11,789,11,0,46,1
1000,350,21.000000,0.000000,1,0,2152826,789,11,789,11,0,46,1
1000,350,21.000000,0.000000,1,0,2152829,789,11,789,11,0,46,1
1000,350,21.000000,0.000000,1,0,2152832,789,11,789,11,0,46,1
1000,350,21.000000,0.000000,1,0,2152835,789,11,789,11,0,46,1
1000,350,21.000000,0.000000,1,0,2152837,789,11,789,11,0,46,1
1000,350,21.000000,0.000000,1,0,2152840,789,11,789,11,0,46,1
1000,350,21.000000,0.000000,1,0,2152843,790,11,790,11,0,46,1
1000,350,21.000000,0.000000,1,0,2152846,791,11,791,11,0,46,1
1000,350,21.000000,0.000000,1,0,2152849,792,11,792,11,0,46,1
1000,350,21.000000,0.000000,1,0,2152851,793,11,793,11,0,46,1
1000,350,21.000000,0.000000,1,0,2152854,795,12,795,12,0,46,1
1000,350,21.000000,0.000000,1,0,2152857,796,12,796,12,0,46,1
1000,350,21.000000,0.000000,1,0,2152860,797,13,797,13,0,46,1
1000,350,21.000000,0.000000,1,0,2152863,799,13,799,13,0,46,1
1000,350,21.000000,0.000000,1,0,2152866,801,14,801,14,0,46,1
1000,350,21.000000,0.000000,1,0,2152869,803,16,803,16,0,46,1
1000,350,21.000000,0.000000,1,0,2152871,805,17,805,17,0,46,1
1000,350,21.000000,0.000000,1,0,2152874,808,18,808,18,0,46,1
1000,350,21.000000,0.000000,1,0,2152877,810,18,810,18,0,46,1
1000,350,21.000000,0.000000,1,0,2152880,814,19,814,19,0,46,1
1000,350,21.000000,0.000000,1,0,2152883,819,21,819,21,0,46,1
1000,350,21.000000,0.000000,1,0,2152885,823,23,823,23,0,46,1
1000,350,21.000000,0.000000,1,0,2152888,827,24,827,24,0,46,1
1000,350,21.000000,0.000000,1,0,2152891,830,25,830,25,0,46,1
1000,350,21.000000,0.000000,1,0,2152894,836,28,836,28,0,46,1
1000,350,21.000000,0.000000,1,0,2152897,841,30,841,30,0,46,1
1000,350,21.000000,0.000000,1,0,2152900,847,32,847,32,0,46,1
1000,350,21.000000,0.000000,1,0,2152902,856,36,856,36,0,46,1
1000,350,21.000000,0.000000,1,0,2152905,861,38,861,38,0,46,1
1000,350,21.000000,0.000000,1,0,2152908,868,40,868,40,0,46,1
1000,350,21.000000,0.000000,1,0,2152911,878,44,878,44,0,46,1
1000,350,21.000000,0.000000,1,0,2152914,885,45,885,45,0,46,1
1000,350,21.000000,0.000000,1,0,2152916,893,47,893,47,0,46,1
1000,350,21.000000,0.000000,1,0,2152919,901,49,901,49,0,46,1
1000,350,21.000000,0.000000,1,0,2152922,910,51,910,51,0,46,1
1000,350,21.000000,0.000000,1,0,2152925,917,53,917,53,0,46,1
1000,350,21.000000,0.000000,1,0,2152928,926,55,926,55,0,46,1
1000,350,21.000000,0.000000,1,0,2152931,934,57,934,57,0,46,1
1000,350,21.000000,0.000000,1,0,2152934,945,59,945,59,0,46,1
1000,350,21.000000,0.000000,1,0,2152936,956,60,956,60,0,46,1
1000,350,21.000000,0.000000,1,0,2152939,965,61,965,61,0,46,1
1000,350,21.000000,0.000000,1,0,2152942,976,62,976,62,0,46,1
1000,350,21.000000,0.000000,1,0,2152945,990,63,990,63,0,46,1
1000,350,21.000000,0.000000,1,0,2152948,998,64,998,64,0,46,1
1000,350,21.000000,0.000000,1,0,2152950,1009,64,1009,64,0,46,1
1000,350,21.000000,0.000000,1,0,2152953,1019,64,1019,64,0,46,1
1000,350,21.000000,0.000000,1,0,2152956,1033,64,1033,64,0,46,1
1000,350,21.000000,0.000000,1,0,2152959,1041,64,1041,64,0,46,1
1000,350,21.000000,0.000000,1,0,2152962,1047,64,1047,64,0,46,1
1000,350,21.000000,0.000000,1,0,2152965,1057,64,1057,64,0,46,1
1000,350,21.000000,0.000000,1,0,2152967,1068,64,1068,64,0,46,1
1000,350,21.000000,0.000000,1,0,2152970,1076,64,1076,64,0,46,1
1000,350,21.000000,0.000000,1,0,2152974,1083,64,1083,64,0,46,1
1000,350,21.000000,0.000000,1,0,2152976,1088,64,1088,64,0,46,1
1000,350,21.000000,0.000000,1,0,2152979,1092,64,1092,64,0,46,1
1000,350,21.000000,0.000000,1,0,2152982,1101,63,1101,63,0,46,1
1000,350,21.000000,0.000000,1,0,2152985,1108,62,1108,62,0,46,1
1000,350,21.000000,0.000000,1,0,2152988,1114,62,1114,62,0,46,1
1000,350,21.000000,0.000000,1,0,2152991,1119,62,1119,62,0,46,1
1000,350,21.000000,0.000000,1,0,2152993,1122,62,1122,62,0,46,1
1000,350,21.000000,0.000000,1,0,2152996,1127,61,1127,61,0,46,1
1000,350,21.000000,0.000000,1,0,2152999,1131,61,1131,61,0,46,1
1000,350,21.000000,0.000000,1,0,2153002,1133,60,1133,60,0,46,1
1000,350,21.000000,0.000000,1,0,2153005,1139,59,1139,59,0,46,1
1000,350,21.000000,0.000000,1,0,2153008,1141,58,1141,58,0,46,1
1000,350,21.000000,0.000000,1,0,2153010,1144,57,1144,57,0,46,1
1000,350,21.000000,0.000000,1,0,2153013,1146,57,1146,57,0,46,1
1000,350,21.000000,0.000000,1,0,2153016,1148,56,1148,56,0,46,1
1000,350,21.000000,0.000000,1,0,2153019,1149,56,1149,56,0,46,1
1000,350,21.000000,0.000000,1,0,2153021,1150,55,1150,55,0,46,1
1000,350,21.000000,0.000000,1,0,2153024,1151,54,1151,54,0,46,1
1000,350,21.000000,0.000000,1,0,2153027,1151,53,1151,53,0,46,1
1000,350,21.000000,0.000000,1,0,2153030,1152,52,1152,52,0,46,1
1000,350,21.000000,0.000000,1,0,2153033,1152,52,1152,52,0,46,1
1000,350,21.000000,0.000000,1,0,2153035,1152,52,1152,52,0,46,1
1000,350,21.000000,0.000000,1,0,2153038,1152,51,1152,51,0,46,1
1000,350,21.000000,0.000000,1,0,2153041,1152,50,1152,50,0,46,1
1000,350,21.000000,0.000000,1,0,2153044,1152,49,1152,49,0,46,1
1000,350,21.000000,0.000000,1,0,2153046,1152,48,1152,48,0,46,1
1000,350,21.000000,0.000000,1,0,2153049,1152,47,1152,47,0,46,1
1000,350,21.000000,0.000000,1,0,2153052,1152,46,1152,46,0,46,1
1000,350,21.000000,0.000000,1,0,2153055,1152,45,1152,45,0,46,1
1000,350,21.000000,0.000000,1,0,2153058,1152,43,1152,43,0,46,1
1000,350,21.000000,0.000000,1,0,2153060,1152,43,1152,43,0,46,1
1000,350,21.000000,0.000000,1,0,2153063,1152,42,1152,42,0,46,1
1000,350,21.000000,0.000000,1,0,2153066,1152,41,1152,41,0,46,1
1000,350,21.000000,0.000000,1,0,2153069,1152,40,1152,40,0,46,1
1000,350,21.000000,0.000000,1,0,2153072,1152,40,1152,40,0,46,1
1000,350,21.000000,0.000000,1,0,2153075,1153,40,1153,40,0,46,1
1000,350,21.000000,0.000000,1,0,2153077,1153,39,1153,39,0,46,1
1000,350,21.000000,0.000000,1,0,2153080,1153,39,1153,39,0,46,1
1000,350,21.000000,0.000000,1,0,2153083,1154,39,1154,39,0,46,1
1000,350,21.000000,0.000000,1,0,2153086,1154,38,1154,38,0,46,1
1000,350,21.000000,0.000000,1,0,2153089,1154,37,1154,37,0,46,1
1000,350,21.000000,0.000000,1,0,2153092,1155,36,1155,36,0,46,1
1000,350,21.000000,0.000000,1,0,2153094,1155,36,1155,36,0,46,1
1000,350,21.000000,0.000000,1,0,2153097,1155,36,1155,36,0,46,1
1000,350,21.000000,0.000000,1,0,2153100,1155,35,1155,35,0,46,1
1000,350,21.000000,0.000000,1,0,2153103,1156,35,1156,35,0,46,1
1000,350,21.000000,0.000000,1,0,2153106,1156,34,1156,34,0,46,1
1000,350,21.000000,0.000000,1,0,2153108,1156,34,1156,34,0,46,1
1000,350,21.000000,0.000000,1,0,2153111,1156,33,1156,33,0,46,1
1000,350,21.000000,0.000000,1,0,2153114,1156,33,1156,33,0,46,1
1000,350,21.000000,0.000000,1,0,2153117,1157,32,1157,32,0,46,1
1000,350,21.000000,0.000000,1,0,2153119,1157,32,1157,32,0,46,1
1000,350,21.000000,0.000000,1,0,2153122,1157,31,1157,31,0,46,1
1000,350,21.000000,0.000000,1,0,2153125,1157,31,1157,31,0,46,1
1000,350,21.000000,0.000000,1,0,2153128,1157,31,1157,31,0,46,1
1000,350,21.000000,0.000000,1,0,2153131,1157,31,1157,31,0,46,1
1000,350,21.000000,0.000000,1,0,2153134,1157,30,1157,30,0,46,1
1000,350,21.000000,0.000000,1,0,2153137,1157,30,1157,30,0,46,1
1000,350,21.000000,0.000000,1,0,2153140,1157,30,1157,30,0,46,1
1000,350,21.000000,0.000000,1,0,2153142,1157,29,1157,29,0,46,1
1000,350,21.000000,0.000000,1,0,2153145,1156,29,1156,29,0,46,1
1000,350,21.000000,0.000000,1,0,2153149,1155,28,1155,28,0,46,1
1000,350,21.000000,0.000000,1,0,2153152,1155,28,1155,28,0,46,1
1000,350,21.000000,0.000000,1,0,2153154,1155,27,1155,27,0,46,1
1000,350,21.000000,0.000000,1,0,2153157,1154,27,1154,27,0,46,1
1000,350,21.000000,0.000000,1,0,2153160,1154,26,1154,26,0,46,1
1000,350,21.000000,0.000000,1,0,2153163,1154,25,1154,25,0,46,1
1000,350,21.000000,0.000000,1,0,2153165,1154,25,1154,25,0,46,1
1000,350,21.000000,0.000000,1,0,2153168,1153,24,1153,24,0,46,1
1000,350,21.000000,0.000000,1,0,2153171,1152,23,1152,23,0,46,1
1000,350,21.000000,0.000000,1,0,2153174,1152,23,1152,23,0,46,1
1000,350,21.000000,0.000000,1,0,2153177,1152,23,1152,23,0,46,1
1000,350,21.000000,0.000000,1,0,2153179,1151,22,1151,22,0,46,1
1000,350,21.000000,0.000000,1,0,2153182,1150,21,1150,21,0,46,1
1000,350,21.000000,0.000000,1,0,2153185,1150,20,1150,20,0,46,1
1000,350,21.000000,0.000000,1,0,2153188,1150,19,1150,19,0,46,1
1000,350,21.000000,0.000000,1,0,2153191,1149,19,1149,19,0,46,1
1000,350,21.000000,0.000000,1,0,2153193,1148,19,1148,19,0,46,1
1000,350,21.000000,0.000000,1,0,2153196,1148,19,1148,19,0,46,1
1000,350,21.000000,0.000000,1,0,2153199,1148,18,1148,18,0,46,1
1000,350,21.000000,0.000000,1,0,2153202,1148,18,1148,18,0,46,1
1000,350,21.000000,0.000000,1,0,2153204,1148,18,1148,18,0,46,1
1000,350,21.000000,0.000000,1,0,2153207,1148,17,1148,17,0,46,1
1000,350,21.000000,0.000000,1,0,2153210,1148,16,1148,16,0,46,1
1000,350,21.000000,0.000000,1,0,2153213,1148,16,1148,16,0,46,1
1000,350,21.000000,0.000000,1,0,2153215,1147,16,1147,16,0,46,1
1000,350,21.000000,0.000000,1,0,2153218,1147,15,1147,15,0,46,1
1000,350,21.000000,0.000000,1,0,2153221,1147,14,1147,14,0,46,1
1000,350,21.000000,0.000000,1,0,2153224,1147,13,1147,13,0,46,1
1000,350,21.000000,0.000000,1,0,2153227,1147,13,1147,13,0,46,1
1000,350,21.000000,0.000000,1,0,2153230,1147,13,1147,13,0,46,1
1000,350,21.000000,0.000000,1,0,2153234,1147,13,1147,13,0,46,1
1000,350,21.000000,0.000000,1,0,2153237,1147,13,1147,13,0,46,1
1000,350,21.000000,0.000000,1,0,2153239,1147,13,1147,13,0,46,1
1000,350,21.000000,0.000000,1,0,2153242,1147,12,1147,12,0,46,1
1000,350,21.000000,0.000000,1,0,2153245,1147,12,1147,12,0,46,1
1000,350,21.000000,0.000000,1,0,2153248,1147,12,1147,12,0,46,1
1000,350,21.000000,0.000000,1,0,2153250,1147,12,1147,12,0,46,1
1000,350,21.000000,0.000000,1,0,2153253,1146,12,1146,12,0,46,1
1000,350,21.000000,0.000000,1,0,2153256,1146,12,1146,12,0,46,1
1000,350,21.000000,0.000000,1,0,2153259,1146,12,1146,12,0,46,1
1000,350,21.000000,0.000000,1,0,2153261,1146,11,1146,11,0,46,1
1000,350,21.000000,0.000000,1,0,2153264,1146,11,1146,11,0,46,1
1000,350,21.000000,0.000000,1,0,2153267,1146,11,1146,11,0,46,1
1000,350,21.000000,0.000000,1,0,2153270,1146,11,1146,11,0,46,1
1000,350,21.000000,0.000000,1,0,2153272,1146,11,1146,11,0,46,1
1000,350,21.000000,0.000000,1,0,2153275,1145,11,1145,11,0,46,1
1000,350,21.000000,0.000000,1,0,2153278,1145,10,1145,10,0,46,1
1000,350,21.000000,0.000000,1,0,2153281,1145,10,1145,10,0,46,1
1000,350,21.000000,0.000000,1,0,2153283,1145,10,1145,10,0,46,1
1000,350,21.000000,0.000000,1,0,2153286,1145,10,1145,10,0,46,1
1000,350,21.000000,0.000000,1,0,2153289,1145,10,1145,10,0,46,1
1000,350,21.000000,0.000000,1,0,2153292,1145,10,1145,10,0,46,1
1000,350,21.000000,0.000000,1,0,2153295,1145,10,1145,10,0,46,1
1000,350,21.000000,0.000000,1,0,2153297,1145,10,1145,10,0,46,1
1000,350,21.000000,0.000000,1,0,2153300,1145,10,1145,10,0,46,1
1000,350,21.000000,0.000000,1,0,2153303,1145,10,1145,10,0,46,1
1000,350,21.000000,0.000000,1,0,2153306,1145,10,1145,10,0,46,1
1000,350,21.000000,0.000000,1,0,2153308,1145,9,1145,9,0,46,1
1000,350,21.000000,0.000000,1,0,2153311,1145,9,1145,9,0,46,1
1000,350,21.000000,0.000000,1,0,2153314,1145,9,1145,9,0,46,1
1000,350,21.000000,0.000000,1,0,2153317,1145,9,1145,9,0,46,1
1000,350,21.000000,0.000000,1,0,2153319,1145,9,1145,9,0,46,1
1000,350,21.000000,0.000000,1,0,2153322,1145,9,1145,9,0,46,1
1000,350,21.000000,0.000000,1,0,2153325,1145,9,1145,9,0,46,1
1000,350,21.000000,0.000000,1,0,2153328,1145,9,1145,9,0,46,1
1000,350,21.000000,0.000000,1,0,2153330,1145,9,1145,9,0,46,1
1000,350,21.000000,0.000000,1,0,2153333,1145,9,1145,9,0,46,1
1000,350,21.000000,0.000000,1,0,2153336,1145,9,1145,9,0,46,1
1000,350,21.000000,0.000000,1,0,2153338,1145,9,1145,9,0,46,1
1000,350,21.000000,0.000000,1,0,2153341,1145,9,1145,9,0,46,1
1000,350,21.000000,0.000000,1,0,2153344,1145,8,1145,8,0,46,1
1000,350,21.000000,0.000000,1,0,2153347,1145,8,1145,8,0,46,1
1000,350,21.000000,0.000000,1,0,2153349,1145,8,1145,8,0,46,1
1000,350,21.000000,0.000000,1,0,2153352,1145,8,1145,8,0,46,1
1000,350,21.000000,0.000000,1,0,2153355,1145,8,1145,8,0,46,1
1000,350,21.000000,0.000000,1,0,2153358,1145,8,1145,8,0,46,1
1000,350,21.000000,0.000000,1,0,2153360,1145,8,1145,8,0,46,1
1000,350,21.000000,0.000000,1,0,2153363,1145,8,1145,8,0,46,1
1000,350,21.000000,0.000000,1,0,2153366,1145,8,1145,8,0,46,1
1000,350,21.000000,0.000000,1,0,2153369,1145,8,1145,8,0,46,1
1000,350,21.000000,0.000000,1,0,2153371,1145,8,1145,8,0,46,1
1000,350,21.000000,0.000000,1,0,2153374,1145,8,1145,8,0,46,1
1000,350,21.000000,0.000000,1,0,2153377,1145,8,1145,8,0,46,1
1000,350,21.000000,0.000000,1,0,2153380,1145,8,1145,8,0,46,1
1000,350,21.000000,0.000000,1,0,2153382,1145,8,1145,8,0,46,1
1000,350,21.000000,0.000000,1,0,2153385,1145,8,1145,8,0,46,1
1000,350,21.000000,0.000000,1,0,2153388,1145,8,1145,8,0,46,1
1000,350,21.000000,0.000000,1,0,2153391,1145,8,1145,8,0,46,1
1000,350,21.000000,0.000000,1,0,2153394,1145,8,1145,8,0,46,1
1000,350,21.000000,0.000000,1,0,2153396,1145,8,1145,8,0,46,1
1000,350,21.000000,0.000000,1,0,2153399,1145,8,1145,8,0,46,1
1000,350,21.000000,0.000000,1,0,2153402,1145,8,1145,8,0,46,1
1000,350,21.000000,0.000000,1,0,2153405,1145,8,1145,8,0,46,1
1000,350,21.000000,0.000000,1,0,2153407,1145,8,1145,8,0,46,1
1000,350,21.000000,0.000000,1,0,2153410,1145,8,1145,8,0,46,1
1000,350,21.000000,0.000000,1,0,2153413,1145,8,1145,8,0,46,1
1000,350,21.000000,0.000000,1,0,2153416,1145,8,1145,8,0,46,1
1000,350,21.000000,0.000000,1,0,2153418,1145,8,1145,8,0,46,1
1000,350,21.000000,0.000000,1,0,2153421,1145,8,1145,8,0,46,1
1000,350,21.000000,0.000000,1,0,2153424,1145,8,1145,8,0,46,1
1000,350,21.000000,0.000000,1,0,2153427,1145,8,1145,8,0,46,1
1000,350,21.000000,0.000000,1,0,2153429,1145,8,1145,8,0,46,1
1000,350,21.000000,0.000000,1,0,2153432,1145,8,1145,8,0,46,1
1000,350,21.000000,0.000000,1,0,2153435,1145,8,1145,8,0,46,1
1000,350,21.000000,0.000000,1,0,2153446,1145,8,1145,8,0,46,1
