1000,350,21.000000,10000.000000,0,0,1746692,791,0,791,0,0,13,0
1000,350,21.000000,10000.000000,0,0,1746693,791,0,791,0,0,13,0
1000,350,21.000000,10000.000000,0,0,1746696,791,0,791,0,0,13,0
1000,350,21.000000,10000.000000,0,0,1746699,791,0,791,0,0,13,0
1000,350,21.000000,10000.000000,0,0,1746701,791,0,791,0,0,13,0
1000,350,21.000000,10000.000000,0,0,1746704,791,0,791,0,0,13,0
1000,350,21.000000,10000.000000,0,0,1746707,791,0,791,0,0,13,0
1000,350,21.000000,10000.000000,0,0,1746709,791,0,791,0,0,13,0
1000,350,21.000000,10000.000000,0,0,1746712,791,0,791,0,0,13,0
1000,350,21.000000,10000.000000,0,0,1746715,791,0,791,0,0,13,0
1000,350,21.000000,10000.000000,0,0,1746718,791,0,791,0,0,13,0
1000,350,21.000000,10000.000000,0,0,1746721,791,0,791,0,0,13,0
1000,350,21.000000,10000.000000,0,0,1746723,791,0,791,0,0,13,0
1000,350,21.000000,10000.000000,0,0,1746726,791,0,791,0,0,13,0
1000,350,21.000000,10000.000000,0,0,1746729,791,0,791,0,0,13,0
1000,350,21.000000,10000.000000,0,0,1746732,791,0,791,0,0,13,0
1000,350,21.000000,10000.000000,0,0,1746735,791,0,791,0,0,13,0
1000,350,21.000000,10000.000000,0,0,1746737,791,0,791,0,0,13,0
1000,350,21.000000,10000.000000,0,0,1746740,791,0,791,0,0,13,0
1000,350,21.000000,10000.000000,0,0,1746743,791,0,791,0,0,13,0
1000,350,21.000000,10000.000000,0,0,1746746,791,0,791,0,0,13,0
1000,350,21.000000,10000.000000,0,0,1746749,791,0,791,0,0,13,0
1000,350,21.000000,10000.000000,0,0,1746751,791,0,791,0,0,13,0
1000,350,21.000000,10000.000000,0,0,1746754,791,0,791,0,0,13,0
1000,350,21.000000,10000.000000,0,0,1746757,791,0,791,0,0,13,0
1000,350,21.000000,10000.000000,0,0,1746760,791,0,791,0,0,13,0
1000,350,21.000000,10000.000000,0,0,1746762,791,0,791,0,0,13,0
1000,350,21.000000,10000.000000,0,0,1746765,791,0,791,0,0,13,0
1000,350,21.000000,10000.000000,0,0,1746768,791,0,791,0,0,13,0
1000,350,21.000000,10000.000000,0,0,1746771,791,0,791,0,0,13,0
1000,350,21.000000,10000.000000,0,0,1746773,792,0,792,0,0,13,0
1000,350,21.000000,10000.000000,0,0,1746776,793,0,793,0,0,13,0
1000,350,21.000000,10000.000000,0,0,1746779,794,0,794,0,0,13,0
1000,350,21.000000,10000.000000,0,0,1746782,795,0,795,-1,0,13,0
1000,350,21.000000,10000.000000,0,0,1746785,797,0,797,-1,0,13,0
1000,350,21.000000,10000.000000,0,0,1746789,799,0,799,-2,0,13,0
1000,350,21.000000,10000.000000,0,0,1746791,803,0,803,-2,0,13,0
1000,350,21.000000,10000.000000,0,0,1746794,806,0,806,-2,0,13,0
1000,350,21.000000,10000.000000,0,0,1746797,811,0,811,-3,0,13,0
1000,350,21.000000,10000.000000,0,0,1746800,813,0,813,-3,0,13,0
1000,350,21.000000,10000.000000,0,0,1746803,818,0,818,-4,0,13,0
1000,350,21.000000,10000.000000,0,0,1746806,824,0,824,-4,0,13,0
1000,350,21.000000,10000.000000,0,0,1746808,827,0,827,-4,0,13,0
1000,350,21.000000,10000.000000,0,0,1746811,835,0,835,-5,0,13,0
1000,350,21.000000,10000.000000,0,0,1746814,840,0,840,-5,0,13,0
1000,350,21.000000,10000.000000,0,0,1746817,848,0,848,-6,0,13,0
1000,350,21.000000,10000.000000,0,0,1746820,855,0,855,-7,0,13,0
1000,350,21.000000,10000.000000,0,0,1746823,864,0,864,-7,0,13,0
1000,350,21.000000,10000.000000,0,0,1746825,872,0,872,-8,0,13,0
1000,350,21.000000,10000.000000,0,0,1746828,882,0,882,-9,0,13,0
1000,350,21.000000,10000.000000,0,0,1746831,892,0,892,-10,0,13,0
1000,350,21.000000,10000.000000,0,0,1746834,914,0,914,-12,0,13,0
1000,350,21.000000,10000.000000,0,0,1746837,924,0,924,-13,0,13,0
1000,350,21.000000,10000.000000,0,0,1746839,934,0,934,-14,0,13,0
1000,350,21.000000,10000.000000,0,0,1746842,948,0,948,-15,0,13,0
1000,350,21.000000,10000.000000,0,0,1746845,958,0,958,-16,0,13,0
1000,350,21.000000,10000.000000,0,0,1746848,971,0,971,-17,0,13,0
1000,350,21.000000,10000.000000,0,0,1746851,981,0,981,-18,0,13,0
1000,350,21.000000,10000.000000,0,0,1746854,995,0,995,-19,0,13,0
1000,350,21.000000,10000.000000,0,0,1746857,1020,0,1020,-21,0,13,0
1000,350,21.000000,10000.000000,0,0,1746860,1038,0,1038,-22,0,13,0
1000,350,21.000000,10000.000000,0,0,1746862,1049,0,1049,-22,0,13,0
1000,350,21.000000,10000.000000,0,0,1746865,1066,0,1066,-24,0,13,0
1000,350,21.000000,10000.000000,0,0,1746868,1073,0,1073,-24,0,13,0
1000,350,21.000000,10000.000000,0,0,1746871,1089,0,1089,-24,0,13,0
1000,350,21.000000,10000.000000,0,0,1746874,1096,0,1096,-25,0,13,0
1000,350,21.000000,10000.000000,0,0,1746876,1106,0,1106,-25,0,13,0
1000,350,21.000000,10000.000000,0,0,1746879,1120,0,1120,-25,0,13,0
1000,350,21.000000,10000.000000,0,0,1746882,1134,0,1134,-26,0,13,0
1000,350,21.000000,10000.000000,0,0,1746885,1137,0,1137,-26,0,13,0
1000,350,21.000000,10000.000000,0,0,1746887,1150,0,1150,-26,0,13,0
1000,350,21.000000,10000.000000,0,0,1746890,1160,0,1160,-27,0,13,0
1000,350,21.000000,10000.000000,0,0,1746893,1168,0,1168,-27,0,13,0
1000,350,21.000000,10000.000000,0,0,1746896,1173,0,1173,-27,0,13,0
1000,350,21.000000,10000.000000,0,0,1746899,1179,0,1179,-28,0,13,0
1000,350,21.000000,10000.000000,0,0,1746901,1188,0,1188,-28,0,13,0
1000,350,21.000000,10000.000000,0,0,1746904,1194,0,1194,-28,0,13,0
1000,350,21.000000,10000.000000,0,0,1746907,1199,0,1199,-28,0,13,0
1000,350,21.000000,10000.000000,0,0,1746910,1204,0,1204,-29,0,13,0
1000,350,21.000000,10000.000000,0,0,1746913,1207,0,1207,-29,0,13,0
1000,350,21.000000,10000.000000,0,0,1746915,1211,0,1211,-29,0,13,0
1000,350,21.000000,10000.000000,0,0,1746918,1215,0,1215,-29,0,13,0
1000,350,21.000000,10000.000000,0,0,1746921,1218,0,1218,-29,0,13,0
1000,350,21.000000,10000.000000,0,0,1746924,1219,0,1219,-29,0,13,0
1000,350,21.000000,10000.000000,0,0,1746927,1223,0,1223,-30,0,13,0
1000,350,21.000000,10000.000000,0,0,1746929,1225,0,1225,-30,0,13,0
1000,350,21.000000,10000.000000,0,0,1746932,1226,0,1226,-30,0,13,0
1000,350,21.000000,10000.000000,0,0,1746935,1227,0,1227,-30,0,13,0
1000,350,21.000000,10000.000000,0,0,1746938,1228,0,1228,-30,0,13,0
1000,350,21.000000,10000.000000,0,0,1746941,1228,0,1228,-30,0,13,0
1000,350,21.000000,10000.000000,0,0,1746943,1228,0,1228,-30,0,13,0
1000,350,21.000000,10000.000000,0,0,1746946,1228,0,1228,-30,0,13,0
1000,350,21.000000,10000.000000,0,0,1746949,1228,0,1228,-30,0,13,0
1000,350,21.000000,10000.000000,0,0,1746952,1228,0,1228,-30,0,13,0
1000,350,21.000000,10000.000000,0,0,1746954,1229,0,1229,-30,0,13,0
1000,350,21.000000,10000.000000,0,0,1746957,1230,0,1230,-30,0,13,0
1000,350,21.000000,10000.000000,0,0,1746960,1230,0,1230,-30,0,13,0
1000,350,21.000000,10000.000000,0,0,1746963,1230,0,1230,-30,0,13,0
1000,350,21.000000,10000.000000,0,0,1746965,1230,0,1230,-30,0,13,0
1000,350,21.000000,10000.000000,0,0,1746968,1230,0,1230,-30,0,13,0
1000,350,21.000000,10000.000000,0,0,1746971,1230,0,1230,-30,0,13,0
1000,350,21.000000,10000.000000,0,0,1746974,1230,0,1230,-30,0,13,0
1000,350,21.000000,10000.000000,0,0,1746976,1230,0,1230,-30,0,13,0
1000,350,21.000000,10000.000000,0,0,1746979,1230,0,1230,-30,0,13,0
1000,350,21.000000,10000.000000,0,0,1746982,1230,0,1230,-30,0,13,0
1000,350,21.000000,10000.000000,0,0,1746985,1230,0,1230,-30,0,13,0
1000,350,21.000000,10000.000000,0,0,1746987,1230,0,1230,-30,0,13,0
1000,350,21.000000,10000.000000,0,0,1746990,1230,0,1230,-30,0,13,0
1000,350,21.000000,10000.000000,0,0,1746993,1230,0,1230,-30,0,13,0
1000,350,21.000000,10000.000000,0,0,1746996,1230,0,1230,-30,0,13,0
1000,350,21.000000,10000.000000,0,0,1746999,1230,0,1230,-30,0,13,0
1000,350,21.000000,10000.000000,0,0,1747001,1230,0,1230,-30,0,13,0
1000,350,21.000000,10000.000000,0,0,1747004,1230,0,1230,-30,0,13,0
1000,350,21.000000,10000.000000,0,0,1747007,1230,0,1230,-30,0,13,0
1000,350,21.000000,10000.000000,0,0,1747010,1230,0,1230,-30,0,13,0
1000,350,21.000000,10000.000000,0,0,1747012,1230,0,1230,-30,0,13,0
1000,350,21.000000,10000.000000,0,0,1747015,1230,0,1230,-30,0,13,0
1000,350,21.000000,10000.000000,0,0,1747018,1230,0,1230,-30,0,13,0
1000,350,21.000000,10000.000000,0,0,1747021,1230,0,1230,-30,0,13,0
1000,350,21.000000,10000.000000,0,0,1747024,1230,0,1230,-30,0,13,0
1000,350,21.000000,10000.000000,0,0,1747026,1230,0,1230,-30,0,13,0
1000,350,21.000000,10000.000000,0,0,1747029,1230,0,1230,-30,0,13,0
1000,350,21.000000,10000.000000,0,0,1747032,1230,0,1230,-30,0,13,0
1000,350,21.000000,10000.000000,0,0,1747035,1230,0,1230,-30,0,13,0
1000,350,21.000000,10000.000000,0,0,1747038,1230,0,1230,-30,0,13,0
1000,350,21.000000,10000.000000,0,0,1747040,1230,0,1230,-30,0,13,0
1000,350,21.000000,10000.000000,0,0,1747043,1230,0,1230,-30,0,13,0
1000,350,21.000000,10000.000000,0,0,1747046,1230,0,1230,-30,0,13,0
1000,350,21.000000,10000.000000,0,0,1747049,1230,0,1230,-30,0,13,0
1000,350,21.000000,10000.000000,0,0,1747051,1230,0,1230,-30,0,13,0
1000,350,21.000000,10000.000000,0,0,1747054,1230,0,1230,-30,0,13,0
1000,350,21.000000,10000.000000,0,0,1747057,1230,0,1230,-30,0,13,0
1000,350,21.000000,10000.000000,0,0,1747060,1230,0,1230,-30,0,13,0
1000,350,21.000000,10000.000000,0,0,1747063,1230,0,1230,-30,0,13,0
1000,350,21.000000,10000.000000,0,0,1747065,1230,0,1230,-30,0,13,0
1000,350,21.000000,10000.000000,0,0,1747068,1230,0,1230,-30,0,13,0
1000,350,21.000000,10000.000000,0,0,1747071,1230,0,1230,-30,0,13,0
1000,350,21.000000,10000.000000,0,0,1747074,1230,0,1230,-30,0,13,0
1000,350,21.000000,10000.000000,0,0,1747077,1230,0,1230,-30,0,13,0
1000,350,21.000000,10000.000000,0,0,1747079,1230,0,1230,-30,0,13,0
1000,350,21.000000,10000.000000,0,0,1747082,1230,0,1230,-30,0,13,0
1000,350,21.000000,10000.000000,0,0,1747085,1230,0,1230,-30,0,13,0
1000,350,21.000000,10000.000000,0,0,1747088,1230,0,1230,-30,0,13,0
1000,350,21.000000,10000.000000,0,0,1747091,1230,0,1230,-30,0,13,0
1000,350,21.000000,10000.000000,0,0,1747093,1230,0,1230,-30,0,13,0
1000,350,21.000000,10000.000000,0,0,1747096,1230,0,1230,-30,0,13,0
1000,350,21.000000,10000.000000,0,0,1747099,1230,0,1230,-30,0,13,0
1000,350,21.000000,10000.000000,0,0,1747102,1229,0,1229,-30,0,13,0
1000,350,21.000000,10000.000000,0,0,1747104,1228,0,1228,-30,0,13,0
1000,350,21.000000,10000.000000,0,0,1747107,1228,0,1228,-30,0,13,0
1000,350,21.000000,10000.000000,0,0,1747110,1227,0,1227,-30,0,13,0
1000,350,21.000000,10000.000000,0,0,1747113,1227,0,1227,-30,0,13,0
1000,350,21.000000,10000.000000,0,0,1747115,1226,0,1226,-30,0,13,0
1000,350,21.000000,10000.000000,0,0,1747118,1225,0,1225,-30,0,13,0
1000,350,21.000000,10000.000000,0,0,1747121,1224,0,1224,-30,0,13,0
1000,350,21.000000,10000.000000,0,0,1747124,1223,0,1223,-30,0,13,0
1000,350,21.000000,10000.000000,0,0,1747127,1222,0,1222,-30,0,13,0
1000,350,21.000000,10000.000000,0,0,1747130,1219,0,1219,-30,0,13,0
1000,350,21.000000,10000.000000,0,0,1747133,1218,0,1218,-30,0,13,0
1000,350,21.000000,10000.000000,0,0,1747136,1216,0,1216,-30,0,13,0
1000,350,21.000000,10000.000000,0,0,1747139,1215,0,1215,-30,0,13,0
1000,350,21.000000,10000.000000,0,0,1747142,1214,0,1214,-30,0,13,0
1000,350,21.000000,10000.000000,0,0,1747144,1213,0,1213,-30,0,13,0
1000,350,21.000000,10000.000000,0,0,1747147,1211,0,1211,-31,0,13,0
1000,350,21.000000,10000.000000,0,0,1747150,1209,0,1209,-31,0,13,0
1000,350,21.000000,10000.000000,0,0,1747153,1208,0,1208,-31,0,13,0
1000,350,21.000000,10000.000000,0,0,1747156,1206,0,1206,-32,0,13,0
1000,350,21.000000,10000.000000,0,0,1747159,1205,0,1205,-32,0,13,0
1000,350,21.000000,10000.000000,0,0,1747161,1203,0,1203,-32,0,13,0
1000,350,21.000000,10000.000000,0,0,1747164,1202,0,1202,-32,0,13,0
1000,350,21.000000,10000.000000,0,0,1747167,1200,0,1200,-32,0,13,0
1000,350,21.000000,10000.000000,0,0,1747170,1197,0,1197,-32,0,13,0
1000,350,21.000000,10000.000000,0,0,1747173,1195,0,1195,-32,0,13,0
1000,350,21.000000,10000.000000,0,0,1747175,1193,0,1193,-32,0,13,0
1000,350,21.000000,10000.000000,0,0,1747178,1191,0,1191,-32,0,13,0
1000,350,21.000000,10000.000000,0,0,1747181,1190,0,1190,-32,0,13,0
1000,350,21.000000,10000.000000,0,0,1747184,1188,0,1188,-32,0,13,0
1000,350,21.000000,10000.000000,0,0,1747186,1186,0,1186,-32,0,13,0
1000,350,21.000000,10000.000000,0,0,1747189,1183,0,1183,-32,0,13,0
1000,350,21.000000,10000.000000,0,0,1747192,1182,0,1182,-32,0,13,0
1000,350,21.000000,10000.000000,0,0,1747195,1181,0,1181,-32,0,13,0
1000,350,21.000000,10000.000000,0,0,1747197,1180,0,1180,-32,0,13,0
1000,350,21.000000,10000.000000,0,0,1747200,1179,0,1179,-32,0,13,0
1000,350,21.000000,10000.000000,0,0,1747203,1178,0,1178,-32,0,13,0
1000,350,21.000000,10000.000000,0,0,1747206,1177,0,1177,-32,0,13,0
1000,350,21.000000,10000.000000,0,0,1747209,1177,0,1177,-32,0,13,0
1000,350,21.000000,10000.000000,0,0,1747211,1176,0,1176,-32,0,13,0
1000,350,21.000000,10000.000000,0,0,1747214,1176,0,1176,-32,0,13,0
1000,350,21.000000,10000.000000,0,0,1747217,1176,0,1176,-32,0,13,0
1000,350,21.000000,10000.000000,0,0,1747220,1175,0,1175,-32,0,13,0
1000,350,21.000000,10000.000000,0,0,1747224,1175,0,1175,-32,0,13,0
1000,350,21.000000,10000.000000,0,0,1747227,1175,0,1175,-32,0,13,0
1000,350,21.000000,10000.000000,0,0,1747229,1175,0,1175,-32,0,13,0
1000,350,21.000000,10000.000000,0,0,1747232,1174,0,1174,-32,0,13,0
1000,350,21.000000,10000.000000,0,0,1747235,1173,0,1173,-32,0,13,0
1000,350,21.000000,10000.000000,0,0,1747238,1172,0,1172,-32,0,13,0
1000,350,21.000000,10000.000000,0,0,1747241,1171,0,1171,-32,0,13,0
1000,350,21.000000,10000.000000,0,0,1747243,1170,0,1170,-33,0,13,0
1000,350,21.000000,10000.000000,0,0,1747246,1169,0,1169,-33,0,13,0
1000,350,21.000000,10000.000000,0,0,1747249,1168,0,1168,-33,0,13,0
1000,350,21.000000,10000.000000,0,0,1747252,1167,0,1167,-33,0,13,0
1000,350,21.000000,10000.000000,0,0,1747255,1166,0,1166,-33,0,13,0
1000,350,21.000000,10000.000000,0,0,1747257,1165,0,1165,-33,0,13,0
1000,350,21.000000,10000.000000,0,0,1747260,1164,0,1164,-33,0,13,0
1000,350,21.000000,10000.000000,0,0,1747263,1163,0,1163,-33,0,13,0
1000,350,21.000000,10000.000000,0,0,1747266,1163,0,1163,-33,0,13,0
1000,350,21.000000,10000.000000,0,0,1747269,1163,0,1163,-33,0,13,0
1000,350,21.000000,10000.000000,0,0,1747272,1163,0,1163,-33,0,13,0
1000,350,21.000000,10000.000000,0,0,1747275,1162,0,1162,-33,0,13,0
1000,350,21.000000,10000.000000,0,0,1747277,1162,0,1162,-33,0,13,0
1000,350,21.000000,10000.000000,0,0,1747280,1162,0,1162,-33,0,13,0
1000,350,21.000000,10000.000000,0,0,1747283,1162,0,1162,-33,0,13,0
1000,350,21.000000,10000.000000,0,0,1747286,1162,0,1162,-33,0,13,0
1000,350,21.000000,10000.000000,0,0,1747289,1162,0,1162,-33,0,13,0
1000,350,21.000000,10000.000000,0,0,1747292,1162,0,1162,-33,0,13,0
1000,350,21.000000,10000.000000,0,0,1747294,1162,0,1162,-33,0,13,0
1000,350,21.000000,10000.000000,0,0,1747297,1162,0,1162,-33,0,13,0
1000,350,21.000000,10000.000000,0,0,1747300,1162,0,1162,-33,0,13,0
1000,350,21.000000,10000.000000,0,0,1747303,1162,0,1162,-33,0,13,0
1000,350,21.000000,10000.000000,0,0,1747305,1162,0,1162,-33,0,13,0
1000,350,21.000000,10000.000000,0,0,1747308,1162,0,1162,-33,0,13,0
1000,350,21.000000,10000.000000,0,0,1747311,1162,0,1162,-33,0,13,0
1000,350,21.000000,10000.000000,0,0,1747314,1162,0,1162,-33,0,13,0
1000,350,21.000000,10000.000000,0,0,1747316,1162,0,1162,-33,0,13,0
1000,350,21.000000,10000.000000,0,0,1747319,1162,0,1162,-33,0,13,0
1000,350,21.000000,10000.000000,0,0,1747322,1162,0,1162,-33,0,13,0
1000,350,21.000000,10000.000000,0,0,1747325,1162,0,1162,-33,0,13,0
1000,350,21.000000,10000.000000,0,0,1747327,1162,0,1162,-33,0,13,0
1000,350,21.000000,10000.000000,0,0,1747330,1162,0,1162,-33,0,13,0
1000,350,21.000000,10000.000000,0,0,1747333,1162,0,1162,-33,0,13,0
1000,350,21.000000,10000.000000,0,0,1747336,1162,0,1162,-33,0,13,0
1000,350,21.000000,10000.000000,0,0,1747338,1161,0,1161,-33,0,13,0
1000,350,21.000000,10000.000000,0,0,1747341,1160,0,1160,-33,0,13,0
1000,350,21.000000,10000.000000,0,0,1747344,1160,0,1160,-33,0,13,0
1000,350,21.000000,10000.000000,0,0,1747347,1159,0,1159,-33,0,13,0
1000,350,21.000000,10000.000000,0,0,1747349,1158,0,1158,-33,0,13,0
1000,350,21.000000,10000.000000,0,0,1747352,1158,0,1158,-33,0,13,0
1000,350,21.000000,10000.000000,0,0,1747355,1158,0,1158,-33,0,13,0
1000,350,21.000000,10000.000000,0,0,1747358,1157,0,1157,-33,0,13,0
1000,350,21.000000,10000.000000,0,0,1747361,1156,0,1156,-33,0,13,0
1000,350,21.000000,10000.000000,0,0,1747364,1156,0,1156,-33,0,13,0
1000,350,21.000000,10000.000000,0,0,1747366,1156,0,1156,-33,0,13,0
1000,350,21.000000,10000.000000,0,0,1747369,1156,0,1156,-33,0,13,0
1000,350,21.000000,10000.000000,0,0,1747372,1156,0,1156,-33,0,13,0
1000,350,21.000000,10000.000000,0,0,1747375,1155,0,1155,-33,0,13,0
1000,350,21.000000,10000.000000,0,0,1747377,1153,0,1153,-33,0,13,0
1000,350,21.000000,10000.000000,0,0,1747380,1152,0,1152,-33,0,13,0
1000,350,21.000000,10000.000000,0,0,1747383,1151,0,1151,-33,0,13,0
1000,350,21.000000,10000.000000,0,0,1747386,1150,0,1150,-33,0,13,0
1000,350,21.000000,10000.000000,0,0,1747388,1149,0,1149,-33,0,13,0
1000,350,21.000000,10000.000000,0,0,1747391,1148,0,1148,-33,0,13,0
1000,350,21.000000,10000.000000,0,0,1747394,1148,0,1148,-33,0,13,0
1000,350,21.000000,10000.000000,0,0,1747397,1146,0,1146,-33,0,13,0
1000,350,21.000000,10000.000000,0,0,1747400,1145,0,1145,-33,0,13,0
1000,350,21.000000,10000.000000,0,0,1747402,1145,0,1145,-33,0,13,0
1000,350,21.000000,10000.000000,0,0,1747405,1144,0,1144,-33,0,13,0
1000,350,21.000000,10000.000000,0,0,1747408,1144,0,1144,-33,0,13,0
1000,350,21.000000,10000.000000,0,0,1747411,1144,0,1144,-33,0,13,0
1000,350,21.000000,10000.000000,0,0,1747414,1144,0,1144,-33,0,13,0
1000,350,21.000000,10000.000000,0,0,1747416,1144,0,1144,-33,0,13,0
1000,350,21.000000,10000.000000,0,0,1747419,1144,0,1144,-33,0,13,0
1000,350,21.000000,10000.000000,0,0,1747422,1144,0,1144,-33,0,13,0
1000,350,21.000000,10000.000000,0,0,1747425,1144,0,1144,-33,0,13,0
1000,350,21.000000,10000.000000,0,0,1747427,1144,0,1144,-33,0,13,0
1000,350,21.000000,10000.000000,0,0,1747430,1144,0,1144,-33,0,13,0
1000,350,21.000000,10000.000000,0,0,1747433,1144,0,1144,-33,0,13,0
1000,350,21.000000,10000.000000,0,0,1747436,1144,0,1144,-33,0,13,0
1000,350,21.000000,10000.000000,0,0,1747438,1144,0,1144,-33,0,13,0
1000,350,21.000000,10000.000000,0,0,1747441,1144,0,1144,-33,0,13,0
1000,350,21.000000,10000.000000,0,0,1747444,1144,0,1144,-33,0,13,0
1000,350,21.000000,10000.000000,0,0,1747447,1144,0,1144,-33,0,13,0
1000,350,21.000000,10000.000000,0,0,1747449,1144,0,1144,-33,0,13,0
1000,350,21.000000,10000.000000,0,0,1747452,1144,0,1144,-33,0,13,0
1000,350,21.000000,10000.000000,0,0,1747455,1144,0,1144,-33,0,13,0
1000,350,21.000000,10000.000000,0,0,1747458,1144,0,1144,-33,0,13,0
1000,350,21.000000,10000.000000,0,0,1747460,1144,0,1144,-33,0,13,0
1000,350,21.000000,10000.000000,0,0,1747463,1144,0,1144,-33,0,13,0
1000,350,21.000000,10000.000000,0,0,1747466,1144,0,1144,-33,0,13,0
1000,350,21.000000,10000.000000,0,0,1747468,1144,0,1144,-33,0,13,0
1000,350,21.000000,10000.000000,0,0,1747471,1144,0,1144,-33,0,13,0
1000,350,21.000000,10000.000000,0,0,1747474,1144,0,1144,-33,0,13,0
1000,350,21.000000,10000.000000,0,0,1747477,1144,0,1144,-33,0,13,0
1000,350,21.000000,10000.000000,0,0,1747480,1144,0,1144,-33,0,13,0
1000,350,21.000000,10000.000000,0,0,1747482,1144,0,1144,-33,0,13,0
1000,350,21.000000,10000.000000,0,0,1747485,1144,0,1144,-33,0,13,0
1000,350,21.000000,10000.000000,0,0,1747488,1144,0,1144,-33,0,13,0
1000,350,21.000000,10000.000000,0,0,1747491,1144,0,1144,-33,0,13,0
1000,350,21.000000,10000.000000,0,0,1747493,1144,0,1144,-33,0,13,0
1000,350,21.000000,10000.000000,0,0,1747496,1144,0,1144,-33,0,13,0
1000,350,21.000000,10000.000000,0,0,1747499,1144,0,1144,-33,0,13,0
1000,350,21.000000,10000.000000,0,0,1747502,1144,0,1144,-33,0,13,0
1000,350,21.000000,10000.000000,0,0,1747505,1144,0,1144,-33,0,13,0
1000,350,21.000000,10000.000000,0,0,1747507,1144,0,1144,-33,0,13,0
1000,350,21.000000,10000.000000,0,0,1747510,1144,0,1144,-33,0,13,0
1000,350,21.000000,10000.000000,0,0,1747513,1144,0,1144,-33,0,13,0
1000,350,21.000000,10000.000000,0,0,1747515,1144,0,1144,-33,0,13,0
1000,350,21.000000,10000.000000,0,0,1747518,1144,0,1144,-33,0,13,0
1000,350,21.000000,10000.000000,0,0,1747521,1144,0,1144,-33,0,13,0
1000,350,21.000000,10000.000000,0,0,1747524,1144,0,1144,-33,0,13,0
1000,350,21.000000,10000.000000,0,0,1747527,1144,0,1144,-34,0,13,0
1000,350,21.000000,10000.000000,0,0,1747529,1144,0,1144,-35,0,13,0
1000,350,21.000000,10000.000000,0,0,1747542,1144,0,1144,-35,0,13,0
