1000,700,21.000000,42.000000,1,5,3549013,609,0,609,0,1,120,4
1000,700,21.000000,42.000000,1,5,3549014,609,0,609,0,1,120,4
1000,700,21.000000,42.000000,1,5,3549017,609,0,609,0,1,120,4
1000,700,21.000000,42.000000,1,5,3549020,609,0,609,0,1,120,4
1000,700,21.000000,42.000000,1,5,3549023,609,0,609,0,1,120,4
1000,700,21.000000,42.000000,1,5,3549025,609,0,609,0,1,120,4
1000,700,21.000000,42.000000,1,5,3549028,609,0,609,0,1,120,4
1000,700,21.000000,42.000000,1,5,3549031,609,0,609,0,1,120,4
1000,700,21.000000,42.000000,1,5,3549034,609,0,609,0,1,120,4
1000,700,21.000000,42.000000,1,5,3549036,609,0,609,0,1,120,4
1000,700,21.000000,42.000000,1,5,3549039,609,0,609,0,1,120,4
1000,700,21.000000,42.000000,1,5,3549042,609,0,609,0,1,120,4
1000,700,21.000000,42.000000,1,5,3549045,609,0,609,0,1,120,4
1000,700,21.000000,42.000000,1,5,3549048,609,0,609,0,1,120,4
1000,700,21.000000,42.000000,1,5,3549050,609,0,609,0,1,120,4
1000,700,21.000000,42.000000,1,5,3549053,609,0,609,0,1,120,4
1000,700,21.000000,42.000000,1,5,3549056,609,0,609,0,1,120,4
1000,700,21.000000,42.000000,1,5,3549059,609,0,609,0,1,120,4
1000,700,21.000000,42.000000,1,5,3549062,609,0,609,0,1,120,4
1000,700,21.000000,42.000000,1,5,3549064,609,0,609,0,1,120,4
1000,700,21.000000,42.000000,1,5,3549067,609,0,609,0,1,120,4
1000,700,21.000000,42.000000,1,5,3549070,609,0,609,0,1,120,4
1000,700,21.000000,42.000000,1,5,3549073,609,0,609,0,1,120,4
1000,700,21.000000,42.000000,1,5,3549075,609,0,609,0,1,120,4
1000,700,21.000000,42.000000,1,5,3549078,609,0,609,0,1,120,4
1000,700,21.000000,42.000000,1,5,3549081,609,0,609,0,1,120,4
1000,700,21.000000,42.000000,1,5,3549084,609,1,609,1,1,120,4
1000,700,21.000000,42.000000,1,5,3549087,610,2,610,2,1,120,4
1000,700,21.000000,42.000000,1,5,3549089,611,3,611,3,1,120,4
1000,700,21.000000,42.000000,1,5,3549092,612,4,612,4,1,120,4
1000,700,21.000000,42.000000,1,5,3549095,613,5,613,5,1,120,4
1000,700,21.000000,42.000000,1,5,3549098,615,6,615,6,1,120,4
1000,700,21.000000,42.000000,1,5,3549101,617,6,617,6,1,120,4
1000,700,21.000000,42.000000,1,5,3549103,621,7,621,7,1,120,4
1000,700,21.000000,42.000000,1,5,3549106,624,8,624,8,1,120,4
1000,700,21.000000,42.000000,1,5,3549109,629,9,629,9,1,120,4
1000,700,21.000000,42.000000,1,5,3549112,634,11,634,11,1,120,4
1000,700,21.000000,42.000000,1,5,3549115,640,14,640,14,1,120,4
1000,700,21.000000,42.000000,1,5,3549118,650,19,650,19,1,120,4
1000,700,21.000000,42.000000,1,5,3549120,657,23,657,23,1,120,4
1000,700,21.000000,42.000000,1,5,3549123,666,26,666,26,1,120,4
1000,700,21.000000,42.000000,1,5,3549126,672,29,672,29,1,120,4
1000,700,21.000000,42.000000,1,5,3549129,682,33,682,33,1,120,4
1000,700,21.000000,42.000000,1,5,3549132,694,38,694,38,1,120,4
1000,700,21.000000,42.000000,1,5,3549135,712,47,712,47,1,120,4
1000,700,21.000000,42.000000,1,5,3549137,723,51,723,51,1,120,4
1000,700,21.000000,42.000000,1,5,3549140,734,55,734,55,1,120,4
1000,700,21.000000,42.000000,1,5,3549143,748,61,748,61,1,120,4
1000,700,21.000000,42.000000,1,5,3549146,765,69,765,69,1,120,4
1000,700,21.000000,42.000000,1,5,3549149,788,78,788,78,1,120,4
1000,700,21.000000,42.000000,1,5,3549151,805,84,805,84,1,120,4
1000,700,21.000000,42.000000,1,5,3549154,823,91,823,91,1,120,4
1000,700,21.000000,42.000000,1,5,3549157,840,97,840,97,1,120,4
1000,700,21.000000,42.000000,1,5,3549160,858,104,858,104,1,120,4
1000,700,21.000000,42.000000,1,5,3549163,880,110,880,110,1,120,4
1000,700,21.000000,42.000000,1,5,3549165,902,116,902,116,1,120,4
1000,700,21.000000,42.000000,1,5,3549168,918,120,918,120,1,120,4
1000,700,21.000000,42.000000,1,5,3549171,939,126,939,126,1,120,4
1000,700,21.000000,42.000000,1,5,3549174,957,130,957,130,1,120,4
1000,700,21.000000,42.000000,1,5,3549177,969,132,969,132,1,120,4
1000,700,21.000000,42.000000,1,5,3549179,981,135,981,135,1,120,4
1000,700,21.000000,42.000000,1,5,3549182,997,137,997,137,1,120,4
1000,700,21.000000,42.000000,1,5,3549185,1015,140,1015,140,1,120,4
1000,700,21.000000,42.000000,1,5,3549188,1028,141,1028,141,1,120,4
1000,700,21.000000,42.000000,1,5,3549191,1046,143,1046,143,1,120,4
1000,700,21.000000,42.000000,1,5,3549194,1067,144,1067,144,1,120,4
1000,700,21.000000,42.000000,1,5,3549196,1079,144,1079,144,1,120,4
1000,700,21.000000,42.000000,1,5,3549199,1091,144,1091,144,1,120,4
1000,700,21.000000,42.000000,1,5,3549202,1105,144,1105,144,1,120,4
1000,700,21.000000,42.000000,1,5,3549205,1115,144,1115,144,1,120,4
1000,700,21.000000,42.000000,1,5,3549208,1125,143,1125,143,1,120,4
1000,700,21.000000,42.000000,1,5,3549211,1135,142,1135,142,1,120,4
1000,700,21.000000,42.000000,1,5,3549213,1143,141,1143,141,1,120,4
1000,700,21.000000,42.000000,1,5,3549216,1152,140,1152,140,1,120,4
1000,700,21.000000,42.000000,1,5,3549219,1159,138,1159,138,1,120,4
1000,700,21.000000,42.000000,1,5,3549222,1170,136,1170,136,1,120,4
1000,700,21.000000,42.000000,1,5,3549226,1181,132,1181,132,1,120,4
1000,700,21.000000,42.000000,1,5,3549229,1186,131,1186,131,1,120,4
1000,700,21.000000,42.000000,1,5,3549232,1194,128,1194,128,1,120,4
1000,700,21.000000,42.000000,1,5,3549235,1199,125,1199,125,1,120,4
1000,700,21.000000,42.000000,1,5,3549237,1206,122,1206,122,1,120,4
1000,700,21.000000,42.000000,1,5,3549240,1210,120,1210,120,1,120,4
1000,700,21.000000,42.000000,1,5,3549243,1215,117,1215,117,1,120,4
1000,700,21.000000,42.000000,1,5,3549246,1220,114,1220,114,1,120,4
1000,700,21.000000,42.000000,1,5,3549249,1224,112,1224,112,1,120,4
1000,700,21.000000,42.000000,1,5,3549251,1228,110,1228,110,1,120,4
1000,700,21.000000,42.000000,1,5,3549254,1233,107,1233,107,1,120,4
1000,700,21.000000,42.000000,1,5,3549257,1237,105,1237,105,1,120,4
1000,700,21.000000,42.000000,1,5,3549260,1241,103,1241,103,1,120,4
1000,700,21.000000,42.000000,1,5,3549263,1244,101,1244,101,1,120,4
1000,700,21.000000,42.000000,1,5,3549265,1247,98,1247,98,1,120,4
1000,700,21.000000,42.000000,1,5,3549268,1250,95,1250,95,1,120,4
1000,700,21.000000,42.000000,1,5,3549271,1252,93,1252,93,1,120,4
1000,700,21.000000,42.000000,1,5,3549274,1256,90,1256,90,1,120,4
1000,700,21.000000,42.000000,1,5,3549277,1258,88,1258,88,1,120,4
1000,700,21.000000,42.000000,1,5,3549279,1261,85,1261,85,1,120,4
1000,700,21.000000,42.000000,1,5,3549282,1264,83,1264,83,1,120,4
1000,700,21.000000,42.000000,1,5,3549285,1266,81,1266,81,1,120,4
1000,700,21.000000,42.000000,1,5,3549288,1269,78,1269,78,1,120,4
1000,700,21.000000,42.000000,1,5,3549291,1271,76,1271,76,1,120,4
1000,700,21.000000,42.000000,1,5,3549293,1274,74,1274,74,1,120,4
1000,700,21.000000,42.000000,1,5,3549296,1276,71,1276,71,1,120,4
1000,700,21.000000,42.000000,1,5,3549299,1278,70,1278,70,1,120,4
1000,700,21.000000,42.000000,1,5,3549302,1280,69,1280,69,1,120,4
1000,700,21.000000,42.000000,1,5,3549305,1282,67,1282,67,1,120,4
1000,700,21.000000,42.000000,1,5,3549307,1284,66,1284,66,1,120,4
1000,700,21.000000,42.000000,1,5,3549310,1285,64,1285,64,1,120,4
1000,700,21.000000,42.000000,1,5,3549313,1287,62,1287,62,1,120,4
1000,700,21.000000,42.000000,1,5,3549316,1290,60,1290,60,1,120,4
1000,700,21.000000,42.000000,1,5,3549319,1292,58,1292,58,1,120,4
1000,700,21.000000,42.000000,1,5,3549321,1294,57,1294,57,1,120,4
1000,700,21.000000,42.000000,1,5,3549324,1297,55,1297,55,1,120,4
1000,700,21.000000,42.000000,1,5,3549327,1298,53,1298,53,1,120,4
1000,700,21.000000,42.000000,1,5,3549330,1300,51,1300,51,1,120,4
1000,700,21.000000,42.000000,1,5,3549333,1305,47,1305,47,1,120,4
1000,700,21.000000,42.000000,1,5,3549336,1307,46,1307,46,1,120,4
1000,700,21.000000,42.000000,1,5,3549339,1308,44,1308,44,1,120,4
1000,700,21.000000,42.000000,1,5,3549341,1309,44,1309,44,1,120,4
1000,700,21.000000,42.000000,1,5,3549344,1311,44,1311,44,1,120,4
1000,700,21.000000,42.000000,1,5,3549347,1312,43,1312,43,1,120,4
1000,700,21.000000,42.000000,1,5,3549350,1313,41,1313,41,1,120,4
1000,700,21.000000,42.000000,1,5,3549353,1314,40,1314,40,1,120,4
1000,700,21.000000,42.000000,1,5,3549356,1315,38,1315,38,1,120,4
1000,700,21.000000,42.000000,1,5,3549359,1315,37,1315,37,1,120,4
1000,700,21.000000,42.000000,1,5,3549362,1315,36,1315,36,1,120,4
1000,700,21.000000,42.000000,1,5,3549365,1316,35,1316,35,1,120,4
1000,700,21.000000,42.000000,1,5,3549368,1317,34,1317,34,1,120,4
1000,700,21.000000,42.000000,1,5,3549370,1317,33,1317,33,1,120,4
1000,700,21.000000,42.000000,1,5,3549373,1318,32,1318,32,1,120,4
1000,700,21.000000,42.000000,1,5,3549376,1318,31,1318,31,1,120,4
1000,700,21.000000,42.000000,1,5,3549379,1318,31,1318,31,1,120,4
1000,700,21.000000,42.000000,1,5,3549382,1318,30,1318,30,1,120,4
1000,700,21.000000,42.000000,1,5,3549384,1318,30,1318,30,1,120,4
1000,700,21.000000,42.000000,1,5,3549387,1318,29,1318,29,1,120,4
1000,700,21.000000,42.000000,1,5,3549390,1318,29,1318,29,1,120,4
1000,700,21.000000,42.000000,1,5,3549393,1318,28,1318,28,1,120,4
1000,700,21.000000,42.000000,1,5,3549396,1318,28,1318,28,1,120,4
1000,700,21.000000,42.000000,1,5,3549398,1318,28,1318,28,1,120,4
1000,700,21.000000,42.000000,1,5,3549401,1318,27,1318,27,1,120,4
1000,700,21.000000,42.000000,1,5,3549404,1318,27,1318,27,1,120,4
1000,700,21.000000,42.000000,1,5,3549407,1318,27,1318,27,1,120,4
1000,700,21.000000,42.000000,1,5,3549409,1318,27,1318,27,1,120,4
1000,700,21.000000,42.000000,1,5,3549412,1318,27,1318,27,1,120,4
1000,700,21.000000,42.000000,1,5,3549415,1318,27,1318,27,1,120,4
1000,700,21.000000,42.000000,1,5,3549418,1318,27,1318,27,1,120,4
1000,700,21.000000,42.000000,1,5,3549420,1318,26,1318,26,1,120,4
1000,700,21.000000,42.000000,1,5,3549423,1318,26,1318,26,1,120,4
1000,700,21.000000,42.000000,1,5,3549426,1318,26,1318,26,1,120,4
1000,700,21.000000,42.000000,1,5,3549429,1317,26,1317,26,1,120,4
1000,700,21.000000,42.000000,1,5,3549431,1316,26,1316,26,1,120,4
1000,700,21.000000,42.000000,1,5,3549434,1316,25,1316,25,1,120,4
1000,700,21.000000,42.000000,1,5,3549437,1315,25,1315,25,1,120,4
1000,700,21.000000,42.000000,1,5,3549440,1315,25,1315,25,1,120,4
1000,700,21.000000,42.000000,1,5,3549443,1315,25,1315,25,1,120,4
1000,700,21.000000,42.000000,1,5,3549445,1315,25,1315,25,1,120,4
1000,700,21.000000,42.000000,1,5,3549448,1315,24,1315,24,1,120,4
1000,700,21.000000,42.000000,1,5,3549451,1315,24,1315,24,1,120,4
1000,700,21.000000,42.000000,1,5,3549454,1315,24,1315,24,1,120,4
1000,700,21.000000,42.000000,1,5,3549457,1315,24,1315,24,1,120,4
1000,700,21.000000,42.000000,1,5,3549459,1315,23,1315,23,1,120,4
1000,700,21.000000,42.000000,1,5,3549462,1315,23,1315,23,1,120,4
1000,700,21.000000,42.000000,1,5,3549465,1315,23,1315,23,1,120,4
1000,700,21.000000,42.000000,1,5,3549467,1315,23,1315,23,1,120,4
1000,700,21.000000,42.000000,1,5,3549470,1315,22,1315,22,1,120,4
1000,700,21.000000,42.000000,1,5,3549473,1315,22,1315,22,1,120,4
1000,700,21.000000,42.000000,1,5,3549476,1315,22,1315,22,1,120,4
1000,700,21.000000,42.000000,1,5,3549479,1315,22,1315,22,1,120,4
1000,700,21.000000,42.000000,1,5,3549481,1315,22,1315,22,1,120,4
1000,700,21.000000,42.000000,1,5,3549484,1315,22,1315,22,1,120,4
1000,700,21.000000,42.000000,1,5,3549487,1315,21,1315,21,1,120,4
1000,700,21.000000,42.000000,1,5,3549490,1315,20,1315,20,1,120,4
1000,700,21.000000,42.000000,1,5,3549492,1315,20,1315,20,1,120,4
1000,700,21.000000,42.000000,1,5,3549495,1315,20,1315,20,1,120,4
1000,700,21.000000,42.000000,1,5,3549498,1315,19,1315,19,1,120,4
1000,700,21.000000,42.000000,1,5,3549501,1315,18,1315,18,1,120,4
1000,700,21.000000,42.000000,1,5,3549504,1314,18,1314,18,1,120,4
1000,700,21.000000,42.000000,1,5,3549506,1314,17,1314,17,1,120,4
1000,700,21.000000,42.000000,1,5,3549509,1314,16,1314,16,1,120,4
1000,700,21.000000,42.000000,1,5,3549512,1313,16,1313,16,1,120,4
1000,700,21.000000,42.000000,1,5,3549515,1313,15,1313,15,1,120,4
1000,700,21.000000,42.000000,1,5,3549517,1313,14,1313,14,1,120,4
1000,700,21.000000,42.000000,1,5,3549520,1312,14,1312,14,1,120,4
1000,700,21.000000,42.000000,1,5,3549523,1312,13,1312,13,1,120,4
1000,700,21.000000,42.000000,1,5,3549526,1311,13,1311,13,1,120,4
1000,700,21.000000,42.000000,1,5,3549528,1310,13,1310,13,1,120,4
1000,700,21.000000,42.000000,1,5,3549531,1310,12,1310,12,1,120,4
1000,700,21.000000,42.000000,1,5,3549534,1310,11,1310,11,1,120,4
1000,700,21.000000,42.000000,1,5,3549537,1310,10,1310,10,1,120,4
1000,700,21.000000,42.000000,1,5,3549540,1310,9,1310,9,1,120,4
1000,700,21.000000,42.000000,1,5,3549542,1310,9,1310,9,1,120,4
1000,700,21.000000,42.000000,1,5,3549545,1309,9,1309,9,1,120,4
1000,700,21.000000,42.000000,1,5,3549548,1308,9,1308,9,1,120,4
1000,700,21.000000,42.000000,1,5,3549551,1308,8,1308,8,1,120,4
1000,700,21.000000,42.000000,1,5,3549553,1308,7,1308,7,1,120,4
1000,700,21.000000,42.000000,1,5,3549556,1308,7,1308,7,1,120,4
1000,700,21.000000,42.000000,1,5,3549559,1308,7,1308,7,1,120,4
1000,700,21.000000,42.000000,1,5,3549562,1308,7,1308,7,1,120,4
1000,700,21.000000,42.000000,1,5,3549564,1308,7,1308,7,1,120,4
1000,700,21.000000,42.000000,1,5,3549567,1308,7,1308,7,1,120,4
1000,700,21.000000,42.000000,1,5,3549570,1308,7,1308,7,1,120,4
1000,700,21.000000,42.000000,1,5,3549573,1308,7,1308,7,1,120,4
1000,700,21.000000,42.000000,1,5,3549576,1308,7,1308,7,1,120,4
1000,700,21.000000,42.000000,1,5,3549578,1308,7,1308,7,1,120,4
1000,700,21.000000,42.000000,1,5,3549581,1308,7,1308,7,1,120,4
1000,700,21.000000,42.000000,1,5,3549584,1308,6,1308,6,1,120,4
1000,700,21.000000,42.000000,1,5,3549587,1308,6,1308,6,1,120,4
1000,700,21.000000,42.000000,1,5,3549589,1308,6,1308,6,1,120,4
1000,700,21.000000,42.000000,1,5,3549592,1308,6,1308,6,1,120,4
1000,700,21.000000,42.000000,1,5,3549595,1308,6,1308,6,1,120,4
1000,700,21.000000,42.000000,1,5,3549598,1308,6,1308,6,1,120,4
1000,700,21.000000,42.000000,1,5,3549601,1308,6,1308,6,1,120,4
1000,700,21.000000,42.000000,1,5,3549603,1308,6,1308,6,1,120,4
1000,700,21.000000,42.000000,1,5,3549606,1308,6,1308,6,1,120,4
1000,700,21.000000,42.000000,1,5,3549609,1308,6,1308,6,1,120,4
1000,700,21.000000,42.000000,1,5,3549612,1308,6,1308,6,1,120,4
1000,700,21.000000,42.000000,1,5,3549614,1308,6,1308,6,1,120,4
1000,700,21.000000,42.000000,1,5,3549617,1308,6,1308,6,1,120,4
1000,700,21.000000,42.000000,1,5,3549620,1308,5,1308,5,1,120,4
1000,700,21.000000,42.000000,1,5,3549623,1308,4,1308,4,1,120,4
1000,700,21.000000,42.000000,1,5,3549626,1308,4,1308,4,1,120,4
1000,700,21.000000,42.000000,1,5,3549629,1308,4,1308,4,1,120,4
1000,700,21.000000,42.000000,1,5,3549631,1308,4,1308,4,1,120,4
1000,700,21.000000,42.000000,1,5,3549634,1308,4,1308,4,1,120,4
1000,700,21.000000,42.000000,1,5,3549637,1308,4,1308,4,1,120,4
1000,700,21.000000,42.000000,1,5,3549640,1308,4,1308,4,1,120,4
1000,700,21.000000,42.000000,1,5,3549642,1308,4,1308,4,1,120,4
1000,700,21.000000,42.000000,1,5,3549645,1308,4,1308,4,1,120,4
1000,700,21.000000,42.000000,1,5,3549648,1308,4,1308,4,1,120,4
1000,700,21.000000,42.000000,1,5,3549661,1308,4,1308,4,0,120,4
