1000,350,21.000000,42.000000,1,2,2743532,785,2,785,2,0,77,5
1000,350,21.000000,42.000000,1,2,2743533,785,2,785,2,0,77,5
1000,350,21.000000,42.000000,1,2,2743535,785,2,785,2,0,77,5
1000,350,21.000000,42.000000,1,2,2743538,785,2,785,2,0,77,5
1000,350,21.000000,42.000000,1,2,2743541,785,2,785,2,0,77,5
1000,350,21.000000,42.000000,1,2,2743544,785,2,785,2,0,77,5
1000,350,21.000000,42.000000,1,2,2743547,785,2,785,2,0,77,5
1000,350,21.000000,42.000000,1,2,2743549,785,2,785,2,0,77,5
1000,350,21.000000,42.000000,1,2,2743552,785,2,785,2,0,77,5
1000,350,21.000000,42.000000,1,2,2743555,785,2,785,2,0,77,5
1000,350,21.000000,42.000000,1,2,2743558,785,2,785,2,0,77,5
1000,350,21.000000,42.000000,1,2,2743560,785,2,785,2,0,77,5
1000,350,21.000000,42.000000,1,2,2743563,785,2,785,2,0,77,5
1000,350,21.000000,42.000000,1,2,2743566,785,2,785,2,0,77,5
1000,350,21.000000,42.000000,1,2,2743569,785,2,785,2,0,77,5
1000,350,21.000000,42.000000,1,2,2743571,785,2,785,2,0,77,5
1000,350,21.000000,42.000000,1,2,2743574,785,2,785,2,0,77,5
1000,350,21.000000,42.000000,1,2,2743577,785,2,785,2,0,77,5
1000,350,21.000000,42.000000,1,2,2743580,785,2,785,2,0,77,5
1000,350,21.000000,42.000000,1,2,2743583,785,2,785,2,0,77,5
1000,350,21.000000,42.000000,1,2,2743586,785,2,785,2,0,77,5
1000,350,21.000000,42.000000,1,2,2743589,785,2,785,2,0,77,5
1000,350,21.000000,42.000000,1,2,2743592,785,2,785,2,0,77,5
1000,350,21.000000,42.000000,1,2,2743594,785,2,785,2,0,77,5
1000,350,21.000000,42.000000,1,2,2743597,786,2,786,2,0,77,5
1000,350,21.000000,42.000000,1,2,2743600,786,2,786,2,0,77,5
1000,350,21.000000,42.000000,1,2,2743603,786,2,786,2,0,77,5
1000,350,21.000000,42.000000,1,2,2743606,787,3,787,3,0,77,5
1000,350,21.000000,42.000000,1,2,2743608,787,3,787,3,0,77,5
1000,350,21.000000,42.000000,1,2,2743611,788,4,788,4,0,77,5
1000,350,21.000000,42.000000,1,2,2743614,789,5,789,5,0,77,5
1000,350,21.000000,42.000000,1,2,2743617,790,5,790,5,0,77,5
1000,350,21.000000,42.000000,1,2,2743619,792,5,792,5,0,77,5
1000,350,21.000000,42.000000,1,2,2743622,793,5,793,5,0,77,5
1000,350,21.000000,42.000000,1,2,2743625,794,6,794,6,0,77,5
1000,350,21.000000,42.000000,1,2,2743628,795,7,795,7,0,77,5
1000,350,21.000000,42.000000,1,2,2743631,796,8,796,8,0,77,5
1000,350,21.000000,42.000000,1,2,2743633,797,9,797,9,0,77,5
1000,350,21.000000,42.000000,1,2,2743636,799,11,799,11,0,77,5
1000,350,21.000000,42.000000,1,2,2743639,800,12,800,12,0,77,5
1000,350,21.000000,42.000000,1,2,2743642,803,14,803,14,0,77,5
1000,350,21.000000,42.000000,1,2,2743645,804,15,804,15,0,77,5
1000,350,21.000000,42.000000,1,2,2743647,806,17,806,17,0,77,5
1000,350,21.000000,42.000000,1,2,2743650,809,20,809,20,0,77,5
1000,350,21.000000,42.000000,1,2,2743653,813,22,813,22,0,77,5
1000,350,21.000000,42.000000,1,2,2743656,817,24,817,24,0,77,5
1000,350,21.000000,42.000000,1,2,2743659,822,27,822,27,0,77,5
1000,350,21.000000,42.000000,1,2,2743662,825,30,825,30,0,77,5
1000,350,21.000000,42.000000,1,2,2743664,827,32,827,32,0,77,5
1000,350,21.000000,42.000000,1,2,2743667,833,35,833,35,0,77,5
1000,350,21.000000,42.000000,1,2,2743670,840,39,840,39,0,77,5
1000,350,21.000000,42.000000,1,2,2743673,846,42,846,42,0,77,5
1000,350,21.000000,42.000000,1,2,2743676,852,46,852,46,0,77,5
1000,350,21.000000,42.000000,1,2,2743678,860,50,860,50,0,77,5
1000,350,21.000000,42.000000,1,2,2743681,865,53,865,53,0,77,5
1000,350,21.000000,42.000000,1,2,2743684,870,56,870,56,0,77,5
1000,350,21.000000,42.000000,1,2,2743687,881,60,881,60,0,77,5
1000,350,21.000000,42.000000,1,2,2743690,887,62,887,62,0,77,5
1000,350,21.000000,42.000000,1,2,2743693,897,65,897,65,0,77,5
1000,350,21.000000,42.000000,1,2,2743695,904,67,904,67,0,77,5
1000,350,21.000000,42.000000,1,2,2743698,914,69,914,69,0,77,5
1000,350,21.000000,42.000000,1,2,2743701,925,71,925,71,0,77,5
1000,350,21.000000,42.000000,1,2,2743704,934,73,934,73,0,77,5
1000,350,21.000000,42.000000,1,2,2743707,941,75,941,75,0,77,5
1000,350,21.000000,42.000000,1,2,2743709,956,78,956,78,0,77,5
1000,350,21.000000,42.000000,1,2,2743712,966,80,966,80,0,77,5
1000,350,21.000000,42.000000,1,2,2743715,980,82,980,82,0,77,5
1000,350,21.000000,42.000000,1,2,2743718,990,83,990,83,0,77,5
1000,350,21.000000,42.000000,1,2,2743721,998,84,998,84,0,77,5
1000,350,21.000000,42.000000,1,2,2743724,1008,85,1008,85,0,77,5
1000,350,21.000000,42.000000,1,2,2743726,1016,86,1016,86,0,77,5
1000,350,21.000000,42.000000,1,2,2743729,1024,86,1024,86,0,77,5
1000,350,21.000000,42.000000,1,2,2743732,1030,86,1030,86,0,77,5
1000,350,21.000000,42.000000,1,2,2743735,1039,86,1039,86,0,77,5
1000,350,21.000000,42.000000,1,2,2743737,1048,87,1048,87,0,77,5
1000,350,21.000000,42.000000,1,2,2743740,1059,87,1059,87,0,77,5
1000,350,21.000000,42.000000,1,2,2743743,1065,87,1065,87,0,77,5
1000,350,21.000000,42.000000,1,2,2743746,1072,87,1072,87,0,77,5
1000,350,21.000000,42.000000,1,2,2743749,1078,87,1078,87,0,77,5
1000,350,21.000000,42.000000,1,2,2743751,1083,87,1083,87,0,77,5
1000,350,21.000000,42.000000,1,2,2743754,1088,87,1088,87,0,77,5
1000,350,21.000000,42.000000,1,2,2743757,1094,87,1094,87,0,77,5
1000,350,21.000000,42.000000,1,2,2743760,1098,87,1098,87,0,77,5
1000,350,21.000000,42.000000,1,2,2743763,1102,86,1102,86,0,77,5
1000,350,21.000000,42.000000,1,2,2743766,1108,85,1108,85,0,77,5
1000,350,21.000000,42.000000,1,2,2743769,1111,84,1111,84,0,77,5
1000,350,21.000000,42.000000,1,2,2743772,1114,83,1114,83,0,77,5
1000,350,21.000000,42.000000,1,2,2743774,1117,83,1117,83,0,77,5
1000,350,21.000000,42.000000,1,2,2743777,1119,82,1119,82,0,77,5
1000,350,21.000000,42.000000,1,2,2743780,1121,81,1121,81,0,77,5
1000,350,21.000000,42.000000,1,2,2743783,1122,80,1122,80,0,77,5
1000,350,21.000000,42.000000,1,2,2743786,1124,80,1124,80,0,77,5
1000,350,21.000000,42.000000,1,2,2743788,1125,79,1125,79,0,77,5
1000,350,21.000000,42.000000,1,2,2743791,1125,78,1125,78,0,77,5
1000,350,21.000000,42.000000,1,2,2743794,1126,77,1126,77,0,77,5
1000,350,21.000000,42.000000,1,2,2743797,1127,77,1127,77,0,77,5
1000,350,21.000000,42.000000,1,2,2743800,1127,76,1127,76,0,77,5
1000,350,21.000000,42.000000,1,2,2743802,1127,75,1127,75,0,77,5
1000,350,21.000000,42.000000,1,2,2743805,1128,74,1128,74,0,77,5
1000,350,21.000000,42.000000,1,2,2743808,1129,73,1129,73,0,77,5
1000,350,21.000000,42.000000,1,2,2743811,1129,72,1129,72,0,77,5
1000,350,21.000000,42.000000,1,2,2743814,1130,71,1130,71,0,77,5
1000,350,21.000000,42.000000,1,2,2743816,1130,70,1130,70,0,77,5
1000,350,21.000000,42.000000,1,2,2743819,1131,69,1131,69,0,77,5
1000,350,21.000000,42.000000,1,2,2743822,1131,68,1131,68,0,77,5
1000,350,21.000000,42.000000,1,2,2743825,1131,67,1131,67,0,77,5
1000,350,21.000000,42.000000,1,2,2743828,1131,66,1131,66,0,77,5
1000,350,21.000000,42.000000,1,2,2743830,1132,65,1132,65,0,77,5
1000,350,21.000000,42.000000,1,2,2743833,1133,65,1133,65,0,77,5
1000,350,21.000000,42.000000,1,2,2743836,1133,64,1133,64,0,77,5
1000,350,21.000000,42.000000,1,2,2743839,1134,63,1134,63,0,77,5
1000,350,21.000000,42.000000,1,2,2743842,1134,62,1134,62,0,77,5
1000,350,21.000000,42.000000,1,2,2743845,1135,61,1135,61,0,77,5
1000,350,21.000000,42.000000,1,2,2743848,1135,59,1135,59,0,77,5
1000,350,21.000000,42.000000,1,2,2743851,1135,59,1135,59,0,77,5
1000,350,21.000000,42.000000,1,2,2743854,1136,58,1136,58,0,77,5
1000,350,21.000000,42.000000,1,2,2743857,1137,58,1137,58,0,77,5
1000,350,21.000000,42.000000,1,2,2743859,1137,57,1137,57,0,77,5
1000,350,21.000000,42.000000,1,2,2743862,1137,56,1137,56,0,77,5
1000,350,21.000000,42.000000,1,2,2743865,1137,55,1137,55,0,77,5
1000,350,21.000000,42.000000,1,2,2743868,1137,54,1137,54,0,77,5
1000,350,21.000000,42.000000,1,2,2743871,1138,53,1138,53,0,77,5
1000,350,21.000000,42.000000,1,2,2743873,1138,52,1138,52,0,77,5
1000,350,21.000000,42.000000,1,2,2743876,1138,51,1138,51,0,77,5
1000,350,21.000000,42.000000,1,2,2743879,1139,49,1139,49,0,77,5
1000,350,21.000000,42.000000,1,2,2743882,1139,48,1139,48,0,77,5
1000,350,21.000000,42.000000,1,2,2743885,1139,48,1139,48,0,77,5
1000,350,21.000000,42.000000,1,2,2743888,1139,48,1139,48,0,77,5
1000,350,21.000000,42.000000,1,2,2743890,1139,47,1139,47,0,77,5
1000,350,21.000000,42.000000,1,2,2743893,1139,46,1139,46,0,77,5
1000,350,21.000000,42.000000,1,2,2743896,1139,46,1139,46,0,77,5
1000,350,21.000000,42.000000,1,2,2743899,1139,45,1139,45,0,77,5
1000,350,21.000000,42.000000,1,2,2743902,1139,44,1139,44,0,77,5
1000,350,21.000000,42.000000,1,2,2743905,1139,43,1139,43,0,77,5
1000,350,21.000000,42.000000,1,2,2743908,1139,42,1139,42,0,77,5
1000,350,21.000000,42.000000,1,2,2743911,1139,41,1139,41,0,77,5
1000,350,21.000000,42.000000,1,2,2743913,1139,40,1139,40,0,77,5
1000,350,21.000000,42.000000,1,2,2743916,1139,39,1139,39,0,77,5
1000,350,21.000000,42.000000,1,2,2743919,1139,38,1139,38,0,77,5
1000,350,21.000000,42.000000,1,2,2743922,1138,37,1138,37,0,77,5
1000,350,21.000000,42.000000,1,2,2743924,1138,35,1138,35,0,77,5
1000,350,21.000000,42.000000,1,2,2743927,1137,33,1137,33,0,77,5
1000,350,21.000000,42.000000,1,2,2743930,1136,32,1136,32,0,77,5
1000,350,21.000000,42.000000,1,2,2743933,1136,31,1136,31,0,77,5
1000,350,21.000000,42.000000,1,2,2743936,1136,31,1136,31,0,77,5
1000,350,21.000000,42.000000,1,2,2743938,1136,30,1136,30,0,77,5
1000,350,21.000000,42.000000,1,2,2743941,1136,29,1136,29,0,77,5
1000,350,21.000000,42.000000,1,2,2743944,1136,28,1136,28,0,77,5
1000,350,21.000000,42.000000,1,2,2743947,1136,27,1136,27,0,77,5
1000,350,21.000000,42.000000,1,2,2743949,1136,26,1136,26,0,77,5
1000,350,21.000000,42.000000,1,2,2743952,1135,24,1135,24,0,77,5
1000,350,21.000000,42.000000,1,2,2743955,1135,23,1135,23,0,77,5
1000,350,21.000000,42.000000,1,2,2743958,1135,22,1135,22,0,77,5
1000,350,21.000000,42.000000,1,2,2743961,1135,21,1135,21,0,77,5
1000,350,21.000000,42.000000,1,2,2743963,1135,20,1135,20,0,77,5
1000,350,21.000000,42.000000,1,2,2743966,1135,19,1135,19,0,77,5
1000,350,21.000000,42.000000,1,2,2743969,1135,18,1135,18,0,77,5
1000,350,21.000000,42.000000,1,2,2743972,1135,17,1135,17,0,77,5
1000,350,21.000000,42.000000,1,2,2743975,1135,16,1135,16,0,77,5
1000,350,21.000000,42.000000,1,2,2743977,1135,15,1135,15,0,77,5
1000,350,21.000000,42.000000,1,2,2743980,1135,14,1135,14,0,77,5
1000,350,21.000000,42.000000,1,2,2743983,1135,13,1135,13,0,77,5
1000,350,21.000000,42.000000,1,2,2743986,1135,12,1135,12,0,77,5
1000,350,21.000000,42.000000,1,2,2743989,1135,11,1135,11,0,77,5
1000,350,21.000000,42.000000,1,2,2743991,1135,10,1135,10,0,77,5
1000,350,21.000000,42.000000,1,2,2743994,1135,9,1135,9,0,77,5
1000,350,21.000000,42.000000,1,2,2743997,1135,7,1135,7,0,77,5
1000,350,21.000000,42.000000,1,2,2744000,1135,6,1135,6,0,77,5
1000,350,21.000000,42.000000,1,2,2744002,1136,6,1136,6,0,77,5
1000,350,21.000000,42.000000,1,2,2744005,1137,5,1137,5,0,77,5
1000,350,21.000000,42.000000,1,2,2744008,1137,4,1137,4,0,77,5
1000,350,21.000000,42.000000,1,2,2744011,1137,2,1137,2,0,77,5
1000,350,21.000000,42.000000,1,2,2744014,1137,2,1137,2,0,77,5
1000,350,21.000000,42.000000,1,2,2744016,1137,1,1137,1,0,77,5
1000,350,21.000000,42.000000,1,2,2744019,1137,0,1137,0,0,77,5
1000,350,21.000000,42.000000,1,2,2744022,1137,0,1137,-1,0,77,5
1000,350,21.000000,42.000000,1,2,2744025,1137,0,1137,-1,0,77,5
1000,350,21.000000,42.000000,1,2,2744027,1137,0,1137,-2,0,77,5
1000,350,21.000000,42.000000,1,2,2744030,1137,0,1137,-3,0,77,5
1000,350,21.000000,42.000000,1,2,2744033,1137,0,1137,-3,0,77,5
1000,350,21.000000,42.000000,1,2,2744036,1137,0,1137,-4,0,77,5
1000,350,21.000000,42.000000,1,2,2744039,1137,0,1137,-5,0,77,5
1000,350,21.000000,42.000000,1,2,2744041,1137,0,1137,-6,0,77,5
1000,350,21.000000,42.000000,1,2,2744044,1137,0,1137,-7,0,77,5
1000,350,21.000000,42.000000,1,2,2744047,1137,0,1137,-7,0,77,5
1000,350,21.000000,42.000000,1,2,2744050,1137,0,1137,-7,0,77,5
1000,350,21.000000,42.000000,1,2,2744052,1137,0,1137,-8,0,77,5
1000,350,21.000000,42.000000,1,2,2744055,1137,0,1137,-9,0,77,5
1000,350,21.000000,42.000000,1,2,2744058,1137,0,1137,-9,0,77,5
1000,350,21.000000,42.000000,1,2,2744061,1137,0,1137,-9,0,77,5
1000,350,21.000000,42.000000,1,2,2744064,1137,0,1137,-9,0,77,5
1000,350,21.000000,42.000000,1,2,2744066,1137,0,1137,-9,0,77,5
1000,350,21.000000,42.000000,1,2,2744069,1137,0,1137,-10,0,77,5
1000,350,21.000000,42.000000,1,2,2744072,1137,0,1137,-11,0,77,5
1000,350,21.000000,42.000000,1,2,2744075,1137,0,1137,-11,0,77,5
1000,350,21.000000,42.000000,1,2,2744077,1137,0,1137,-11,0,77,5
1000,350,21.000000,42.000000,1,2,2744080,1137,0,1137,-11,0,77,5
1000,350,21.000000,42.000000,1,2,2744083,1137,0,1137,-11,0,77,5
1000,350,21.000000,42.000000,1,2,2744086,1137,0,1137,-11,0,77,5
1000,350,21.000000,42.000000,1,2,2744089,1137,0,1137,-11,0,77,5
1000,350,21.000000,42.000000,1,2,2744091,1137,0,1137,-11,0,77,5
1000,350,21.000000,42.000000,1,2,2744094,1137,0,1137,-11,0,77,5
1000,350,21.000000,42.000000,1,2,2744097,1137,0,1137,-11,0,77,5
1000,350,21.000000,42.000000,1,2,2744100,1137,0,1137,-11,0,77,5
1000,350,21.000000,42.000000,1,2,2744102,1137,0,1137,-11,0,77,5
1000,350,21.000000,42.000000,1,2,2744105,1137,0,1137,-11,0,77,5
1000,350,21.000000,42.000000,1,2,2744108,1137,0,1137,-11,0,77,5
1000,350,21.000000,42.000000,1,2,2744119,1137,0,1137,-11,0,77,5
