1000,350,21.000000,10000.000000,0,2,2566712,782,0,782,0,1,68,3
1000,350,21.000000,10000.000000,0,2,2566713,782,0,782,0,1,68,3
1000,350,21.000000,10000.000000,0,2,2566716,782,0,782,0,1,68,3
1000,350,21.000000,10000.000000,0,2,2566718,782,0,782,0,1,68,3
1000,350,21.000000,10000.000000,0,2,2566721,782,0,782,0,1,68,3
1000,350,21.000000,10000.000000,0,2,2566724,782,0,782,0,1,68,3
1000,350,21.000000,10000.000000,0,2,2566727,782,0,782,0,1,68,3
1000,350,21.000000,10000.000000,0,2,2566729,782,0,782,0,1,68,3
1000,350,21.000000,10000.000000,0,2,2566732,782,0,782,0,1,68,3
1000,350,21.000000,10000.000000,0,2,2566735,782,0,782,0,1,68,3
1000,350,21.000000,10000.000000,0,2,2566738,782,0,782,0,1,68,3
1000,350,21.000000,10000.000000,0,2,2566740,782,0,782,0,1,68,3
1000,350,21.000000,10000.000000,0,2,2566743,782,0,782,0,1,68,3
1000,350,21.000000,10000.000000,0,2,2566746,782,0,782,0,1,68,3
1000,350,21.000000,10000.000000,0,2,2566749,782,0,782,0,1,68,3
1000,350,21.000000,10000.000000,0,2,2566752,782,0,782,0,1,68,3
1000,350,21.000000,10000.000000,0,2,2566754,782,0,782,0,1,68,3
1000,350,21.000000,10000.000000,0,2,2566757,782,0,782,0,1,68,3
1000,350,21.000000,10000.000000,0,2,2566760,782,0,782,0,1,68,3
1000,350,21.000000,10000.000000,0,2,2566763,782,0,782,0,1,68,3
1000,350,21.000000,10000.000000,0,2,2566765,782,0,782,0,1,68,3
1000,350,21.000000,10000.000000,0,2,2566768,782,0,782,0,1,68,3
1000,350,21.000000,10000.000000,0,2,2566771,782,0,782,0,1,68,3
1000,350,21.000000,10000.000000,0,2,2566774,782,0,782,0,1,68,3
1000,350,21.000000,10000.000000,0,2,2566777,782,0,782,0,1,68,3
1000,350,21.000000,10000.000000,0,2,2566779,782,0,782,0,1,68,3
1000,350,21.000000,10000.000000,0,2,2566782,782,0,782,0,1,68,3
1000,350,21.000000,10000.000000,0,2,2566785,782,0,782,0,1,68,3
1000,350,21.000000,10000.000000,0,2,2566788,782,0,782,0,1,68,3
1000,350,21.000000,10000.000000,0,2,2566790,782,0,782,0,1,68,3
1000,350,21.000000,10000.000000,0,2,2566793,782,0,782,0,1,68,3
1000,350,21.000000,10000.000000,0,2,2566796,782,0,782,0,1,68,3
1000,350,21.000000,10000.000000,0,2,2566799,783,0,783,0,1,68,3
1000,350,21.000000,10000.000000,0,2,2566802,784,0,784,0,1,68,3
1000,350,21.000000,10000.000000,0,2,2566804,785,0,785,0,1,68,3
1000,350,21.000000,10000.000000,0,2,2566807,785,0,785,-1,1,68,3
1000,350,21.000000,10000.000000,0,2,2566810,786,0,786,-1,1,68,3
1000,350,21.000000,10000.000000,0,2,2566813,787,0,787,-1,1,68,3
1000,350,21.000000,10000.000000,0,2,2566816,788,0,788,-2,1,68,3
1000,350,21.000000,10000.000000,0,2,2566819,789,0,789,-2,1,68,3
1000,350,21.000000,10000.000000,0,2,2566821,791,0,791,-3,1,68,3
1000,350,21.000000,10000.000000,0,2,2566824,793,0,793,-4,1,68,3
1000,350,21.000000,10000.000000,0,2,2566827,796,0,796,-4,1,68,3
1000,350,21.000000,10000.000000,0,2,2566830,798,0,798,-5,1,68,3
1000,350,21.000000,10000.000000,0,2,2566833,801,0,801,-5,1,68,3
1000,350,21.000000,10000.000000,0,2,2566836,806,0,806,-6,1,68,3
1000,350,21.000000,10000.000000,0,2,2566838,810,0,810,-8,1,68,3
1000,350,21.000000,10000.000000,0,2,2566841,812,0,812,-8,1,68,3
1000,350,21.000000,10000.000000,0,2,2566844,817,0,817,-9,1,68,3
1000,350,21.000000,10000.000000,0,2,2566847,825,0,825,-11,1,68,3
1000,350,21.000000,10000.000000,0,2,2566850,832,0,832,-13,1,68,3
1000,350,21.000000,10000.000000,0,2,2566852,839,0,839,-15,1,68,3
1000,350,21.000000,10000.000000,0,2,2566855,855,0,855,-19,1,68,3
1000,350,21.000000,10000.000000,0,2,2566858,862,0,862,-21,1,68,3
1000,350,21.000000,10000.000000,0,2,2566861,872,0,872,-23,1,68,3
1000,350,21.000000,10000.000000,0,2,2566864,879,0,879,-26,1,68,3
1000,350,21.000000,10000.000000,0,2,2566867,895,0,895,-30,1,68,3
1000,350,21.000000,10000.000000,0,2,2566869,902,0,902,-32,1,68,3
1000,350,21.000000,10000.000000,0,2,2566872,909,0,909,-35,1,68,3
1000,350,21.000000,10000.000000,0,2,2566875,920,0,920,-38,1,68,3
1000,350,21.000000,10000.000000,0,2,2566878,932,0,932,-40,1,68,3
1000,350,21.000000,10000.000000,0,2,2566881,938,0,938,-42,1,68,3
1000,350,21.000000,10000.000000,0,2,2566883,955,0,955,-47,1,68,3
1000,350,21.000000,10000.000000,0,2,2566886,962,0,962,-49,1,68,3
1000,350,21.000000,10000.000000,0,2,2566889,972,0,972,-52,1,68,3
1000,350,21.000000,10000.000000,0,2,2566892,976,0,976,-53,1,68,3
1000,350,21.000000,10000.000000,0,2,2566895,995,0,995,-57,1,68,3
1000,350,21.000000,10000.000000,0,2,2566897,1002,0,1002,-58,1,68,3
1000,350,21.000000,10000.000000,0,2,2566900,1010,0,1010,-60,1,68,3
1000,350,21.000000,10000.000000,0,2,2566903,1016,0,1016,-62,1,68,3
1000,350,21.000000,10000.000000,0,2,2566906,1020,0,1020,-63,1,68,3
1000,350,21.000000,10000.000000,0,2,2566909,1028,0,1028,-66,1,68,3
1000,350,21.000000,10000.000000,0,2,2566911,1033,0,1033,-67,1,68,3
1000,350,21.000000,10000.000000,0,2,2566914,1036,0,1036,-68,1,68,3
1000,350,21.000000,10000.000000,0,2,2566917,1040,0,1040,-68,1,68,3
1000,350,21.000000,10000.000000,0,2,2566920,1045,0,1045,-69,1,68,3
1000,350,21.000000,10000.000000,0,2,2566923,1047,0,1047,-70,1,68,3
1000,350,21.000000,10000.000000,0,2,2566926,1052,0,1052,-71,1,68,3
1000,350,21.000000,10000.000000,0,2,2566928,1055,0,1055,-72,1,68,3
1000,350,21.000000,10000.000000,0,2,2566931,1057,0,1057,-72,1,68,3
1000,350,21.000000,10000.000000,0,2,2566934,1059,0,1059,-73,1,68,3
1000,350,21.000000,10000.000000,0,2,2566937,1061,0,1061,-74,1,68,3
1000,350,21.000000,10000.000000,0,2,2566939,1062,0,1062,-74,1,68,3
1000,350,21.000000,10000.000000,0,2,2566942,1062,0,1062,-75,1,68,3
1000,350,21.000000,10000.000000,0,2,2566945,1063,0,1063,-75,1,68,3
1000,350,21.000000,10000.000000,0,2,2566948,1064,0,1064,-75,1,68,3
1000,350,21.000000,10000.000000,0,2,2566951,1065,0,1065,-75,1,68,3
1000,350,21.000000,10000.000000,0,2,2566954,1066,0,1066,-76,1,68,3
1000,350,21.000000,10000.000000,0,2,2566956,1067,0,1067,-77,1,68,3
1000,350,21.000000,10000.000000,0,2,2566959,1068,0,1068,-77,1,68,3
1000,350,21.000000,10000.000000,0,2,2566962,1069,0,1069,-77,1,68,3
1000,350,21.000000,10000.000000,0,2,2566965,1069,0,1069,-77,1,68,3
1000,350,21.000000,10000.000000,0,2,2566967,1070,0,1070,-77,1,68,3
1000,350,21.000000,10000.000000,0,2,2566970,1071,0,1071,-77,1,68,3
1000,350,21.000000,10000.000000,0,2,2566973,1071,0,1071,-78,1,68,3
1000,350,21.000000,10000.000000,0,2,2566976,1072,0,1072,-78,1,68,3
1000,350,21.000000,10000.000000,0,2,2566978,1073,0,1073,-78,1,68,3
1000,350,21.000000,10000.000000,0,2,2566981,1074,0,1074,-78,1,68,3
1000,350,21.000000,10000.000000,0,2,2566984,1074,0,1074,-78,1,68,3
1000,350,21.000000,10000.000000,0,2,2566987,1074,0,1074,-78,1,68,3
1000,350,21.000000,10000.000000,0,2,2566990,1074,0,1074,-78,1,68,3
1000,350,21.000000,10000.000000,0,2,2566992,1074,0,1074,-78,1,68,3
1000,350,21.000000,10000.000000,0,2,2566995,1074,0,1074,-78,1,68,3
1000,350,21.000000,10000.000000,0,2,2566998,1074,0,1074,-78,1,68,3
1000,350,21.000000,10000.000000,0,2,2567001,1074,0,1074,-78,1,68,3
1000,350,21.000000,10000.000000,0,2,2567003,1074,0,1074,-78,1,68,3
1000,350,21.000000,10000.000000,0,2,2567006,1074,0,1074,-78,1,68,3
1000,350,21.000000,10000.000000,0,2,2567009,1074,0,1074,-78,1,68,3
1000,350,21.000000,10000.000000,0,2,2567011,1074,0,1074,-78,1,68,3
1000,350,21.000000,10000.000000,0,2,2567014,1074,0,1074,-78,1,68,3
1000,350,21.000000,10000.000000,0,2,2567017,1074,0,1074,-78,1,68,3
1000,350,21.000000,10000.000000,0,2,2567020,1074,0,1074,-78,1,68,3
1000,350,21.000000,10000.000000,0,2,2567022,1074,0,1074,-78,1,68,3
1000,350,21.000000,10000.000000,0,2,2567025,1074,0,1074,-78,1,68,3
1000,350,21.000000,10000.000000,0,2,2567028,1074,0,1074,-78,1,68,3
1000,350,21.000000,10000.000000,0,2,2567031,1074,0,1074,-78,1,68,3
1000,350,21.000000,10000.000000,0,2,2567033,1074,0,1074,-78,1,68,3
1000,350,21.000000,10000.000000,0,2,2567036,1074,0,1074,-78,1,68,3
1000,350,21.000000,10000.000000,0,2,2567039,1074,0,1074,-78,1,68,3
1000,350,21.000000,10000.000000,0,2,2567042,1074,0,1074,-78,1,68,3
1000,350,21.000000,10000.000000,0,2,2567044,1074,0,1074,-78,1,68,3
1000,350,21.000000,10000.000000,0,2,2567047,1074,0,1074,-78,1,68,3
1000,350,21.000000,10000.000000,0,2,2567050,1074,0,1074,-78,1,68,3
1000,350,21.000000,10000.000000,0,2,2567052,1074,0,1074,-78,1,68,3
1000,350,21.000000,10000.000000,0,2,2567055,1074,0,1074,-78,1,68,3
1000,350,21.000000,10000.000000,0,2,2567058,1074,0,1074,-78,1,68,3
1000,350,21.000000,10000.000000,0,2,2567060,1074,0,1074,-78,1,68,3
1000,350,21.000000,10000.000000,0,2,2567063,1074,0,1074,-78,1,68,3
1000,350,21.000000,10000.000000,0,2,2567066,1074,0,1074,-78,1,68,3
1000,350,21.000000,10000.000000,0,2,2567069,1074,0,1074,-78,1,68,3
1000,350,21.000000,10000.000000,0,2,2567071,1074,0,1074,-78,1,68,3
1000,350,21.000000,10000.000000,0,2,2567074,1074,0,1074,-78,1,68,3
1000,350,21.000000,10000.000000,0,2,2567077,1074,0,1074,-78,1,68,3
1000,350,21.000000,10000.000000,0,2,2567080,1074,0,1074,-78,1,68,3
1000,350,21.000000,10000.000000,0,2,2567082,1074,0,1074,-78,1,68,3
1000,350,21.000000,10000.000000,0,2,2567085,1074,0,1074,-78,1,68,3
1000,350,21.000000,10000.000000,0,2,2567088,1074,0,1074,-78,1,68,3
1000,350,21.000000,10000.000000,0,2,2567090,1074,0,1074,-78,1,68,3
1000,350,21.000000,10000.000000,0,2,2567093,1074,0,1074,-78,1,68,3
1000,350,21.000000,10000.000000,0,2,2567096,1074,0,1074,-78,1,68,3
1000,350,21.000000,10000.000000,0,2,2567099,1075,0,1075,-78,1,68,3
1000,350,21.000000,10000.000000,0,2,2567101,1076,0,1076,-78,1,68,3
1000,350,21.000000,10000.000000,0,2,2567104,1076,0,1076,-78,1,68,3
1000,350,21.000000,10000.000000,0,2,2567107,1077,0,1077,-78,1,68,3
1000,350,21.000000,10000.000000,0,2,2567110,1077,0,1077,-79,1,68,3
1000,350,21.000000,10000.000000,0,2,2567113,1078,0,1078,-80,1,68,3
1000,350,21.000000,10000.000000,0,2,2567116,1080,0,1080,-80,1,68,3
1000,350,21.000000,10000.000000,0,2,2567119,1081,0,1081,-81,1,68,3
1000,350,21.000000,10000.000000,0,2,2567122,1082,0,1082,-81,1,68,3
1000,350,21.000000,10000.000000,0,2,2567124,1083,0,1083,-81,1,68,3
1000,350,21.000000,10000.000000,0,2,2567127,1084,0,1084,-81,1,68,3
1000,350,21.000000,10000.000000,0,2,2567130,1085,0,1085,-81,1,68,3
1000,350,21.000000,10000.000000,0,2,2567133,1086,0,1086,-82,1,68,3
1000,350,21.000000,10000.000000,0,2,2567136,1088,0,1088,-82,1,68,3
1000,350,21.000000,10000.000000,0,2,2567138,1090,0,1090,-83,1,68,3
1000,350,21.000000,10000.000000,0,2,2567141,1092,0,1092,-84,1,68,3
1000,350,21.000000,10000.000000,0,2,2567144,1093,0,1093,-84,1,68,3
1000,350,21.000000,10000.000000,0,2,2567147,1095,0,1095,-85,1,68,3
1000,350,21.000000,10000.000000,0,2,2567150,1097,0,1097,-85,1,68,3
1000,350,21.000000,10000.000000,0,2,2567153,1098,0,1098,-85,1,68,3
1000,350,21.000000,10000.000000,0,2,2567156,1100,0,1100,-86,1,68,3
1000,350,21.000000,10000.000000,0,2,2567158,1101,0,1101,-86,1,68,3
1000,350,21.000000,10000.000000,0,2,2567161,1102,0,1102,-86,1,68,3
1000,350,21.000000,10000.000000,0,2,2567164,1103,0,1103,-86,1,68,3
1000,350,21.000000,10000.000000,0,2,2567167,1103,0,1103,-86,1,68,3
1000,350,21.000000,10000.000000,0,2,2567169,1104,0,1104,-86,1,68,3
1000,350,21.000000,10000.000000,0,2,2567172,1104,0,1104,-86,1,68,3
1000,350,21.000000,10000.000000,0,2,2567175,1105,0,1105,-86,1,68,3
1000,350,21.000000,10000.000000,0,2,2567178,1106,0,1106,-86,1,68,3
1000,350,21.000000,10000.000000,0,2,2567181,1106,0,1106,-86,1,68,3
1000,350,21.000000,10000.000000,0,2,2567183,1106,0,1106,-86,1,68,3
1000,350,21.000000,10000.000000,0,2,2567186,1106,0,1106,-86,1,68,3
1000,350,21.000000,10000.000000,0,2,2567189,1106,0,1106,-86,1,68,3
1000,350,21.000000,10000.000000,0,2,2567192,1106,0,1106,-86,1,68,3
1000,350,21.000000,10000.000000,0,2,2567194,1106,0,1106,-86,1,68,3
1000,350,21.000000,10000.000000,0,2,2567197,1106,0,1106,-86,1,68,3
1000,350,21.000000,10000.000000,0,2,2567200,1106,0,1106,-86,1,68,3
1000,350,21.000000,10000.000000,0,2,2567203,1106,0,1106,-86,1,68,3
1000,350,21.000000,10000.000000,0,2,2567205,1106,0,1106,-86,1,68,3
1000,350,21.000000,10000.000000,0,2,2567208,1106,0,1106,-86,1,68,3
1000,350,21.000000,10000.000000,0,2,2567211,1106,0,1106,-86,1,68,3
1000,350,21.000000,10000.000000,0,2,2567214,1106,0,1106,-86,1,68,3
1000,350,21.000000,10000.000000,0,2,2567216,1106,0,1106,-86,1,68,3
1000,350,21.000000,10000.000000,0,2,2567219,1106,0,1106,-86,1,68,3
1000,350,21.000000,10000.000000,0,2,2567222,1107,0,1107,-86,1,68,3
1000,350,21.000000,10000.000000,0,2,2567225,1107,0,1107,-86,1,68,3
1000,350,21.000000,10000.000000,0,2,2567227,1107,0,1107,-86,1,68,3
1000,350,21.000000,10000.000000,0,2,2567230,1107,0,1107,-86,1,68,3
1000,350,21.000000,10000.000000,0,2,2567233,1108,0,1108,-86,1,68,3
1000,350,21.000000,10000.000000,0,2,2567236,1108,0,1108,-86,1,68,3
1000,350,21.000000,10000.000000,0,2,2567238,1109,0,1109,-86,1,68,3
1000,350,21.000000,10000.000000,0,2,2567241,1110,0,1110,-86,1,68,3
1000,350,21.000000,10000.000000,0,2,2567244,1111,0,1111,-86,1,68,3
1000,350,21.000000,10000.000000,0,2,2567247,1112,0,1112,-86,1,68,3
1000,350,21.000000,10000.000000,0,2,2567250,1113,0,1113,-86,1,68,3
1000,350,21.000000,10000.000000,0,2,2567253,1113,0,1113,-86,1,68,3
1000,350,21.000000,10000.000000,0,2,2567256,1114,0,1114,-86,1,68,3
1000,350,21.000000,10000.000000,0,2,2567258,1114,0,1114,-86,1,68,3
1000,350,21.000000,10000.000000,0,2,2567261,1114,0,1114,-86,1,68,3
1000,350,21.000000,10000.000000,0,2,2567264,1115,0,1115,-86,1,68,3
1000,350,21.000000,10000.000000,0,2,2567267,1115,0,1115,-86,1,68,3
1000,350,21.000000,10000.000000,0,2,2567270,1116,0,1116,-86,1,68,3
1000,350,21.000000,10000.000000,0,2,2567272,1116,0,1116,-86,1,68,3
1000,350,21.000000,10000.000000,0,2,2567275,1116,0,1116,-86,1,68,3
1000,350,21.000000,10000.000000,0,2,2567278,1116,0,1116,-86,1,68,3
1000,350,21.000000,10000.000000,0,2,2567281,1116,0,1116,-86,1,68,3
1000,350,21.000000,10000.000000,0,2,2567283,1116,0,1116,-86,1,68,3
1000,350,21.000000,10000.000000,0,2,2567286,1116,0,1116,-86,1,68,3
1000,350,21.000000,10000.000000,0,2,2567289,1116,0,1116,-86,1,68,3
1000,350,21.000000,10000.000000,0,2,2567292,1116,0,1116,-86,1,68,3
1000,350,21.000000,10000.000000,0,2,2567294,1116,0,1116,-86,1,68,3
1000,350,21.000000,10000.000000,0,2,2567297,1116,0,1116,-86,1,68,3
1000,350,21.000000,10000.000000,0,2,2567300,1116,0,1116,-86,1,68,3
1000,350,21.000000,10000.000000,0,2,2567303,1116,0,1116,-86,1,68,3
1000,350,21.000000,10000.000000,0,2,2567305,1116,0,1116,-86,1,68,3
1000,350,21.000000,10000.000000,0,2,2567308,1116,0,1116,-86,1,68,3
1000,350,21.000000,10000.000000,0,2,2567311,1116,0,1116,-86,1,68,3
1000,350,21.000000,10000.000000,0,2,2567313,1116,0,1116,-86,1,68,3
1000,350,21.000000,10000.000000,0,2,2567316,1116,0,1116,-86,1,68,3
1000,350,21.000000,10000.000000,0,2,2567319,1116,0,1116,-86,1,68,3
1000,350,21.000000,10000.000000,0,2,2567322,1116,0,1116,-86,1,68,3
1000,350,21.000000,10000.000000,0,2,2567324,1116,0,1116,-86,1,68,3
1000,350,21.000000,10000.000000,0,2,2567327,1116,0,1116,-86,1,68,3
1000,350,21.000000,10000.000000,0,2,2567330,1116,0,1116,-86,1,68,3
1000,350,21.000000,10000.000000,0,2,2567332,1116,0,1116,-86,1,68,3
1000,350,21.000000,10000.000000,0,2,2567335,1116,0,1116,-86,1,68,3
1000,350,21.000000,10000.000000,0,2,2567338,1116,0,1116,-86,1,68,3
1000,350,21.000000,10000.000000,0,2,2567341,1116,0,1116,-86,1,68,3
1000,350,21.000000,10000.000000,0,2,2567343,1116,0,1116,-86,1,68,3
1000,350,21.000000,10000.000000,0,2,2567346,1116,0,1116,-86,1,68,3
1000,350,21.000000,10000.000000,0,2,2567349,1116,0,1116,-86,1,68,3
1000,350,21.000000,10000.000000,0,2,2567352,1116,0,1116,-86,1,68,3
1000,350,21.000000,10000.000000,0,2,2567354,1116,0,1116,-86,1,68,3
1000,350,21.000000,10000.000000,0,2,2567357,1116,0,1116,-86,1,68,3
1000,350,21.000000,10000.000000,0,2,2567360,1116,0,1116,-86,1,68,3
1000,350,21.000000,10000.000000,0,2,2567363,1116,0,1116,-86,1,68,3
1000,350,21.000000,10000.000000,0,2,2567366,1116,0,1116,-86,1,68,3
1000,350,21.000000,10000.000000,0,2,2567368,1116,0,1116,-86,1,68,3
1000,350,21.000000,10000.000000,0,2,2567371,1116,0,1116,-86,1,68,3
1000,350,21.000000,10000.000000,0,2,2567374,1116,0,1116,-86,1,68,3
1000,350,21.000000,10000.000000,0,2,2567377,1116,0,1116,-86,1,68,3
1000,350,21.000000,10000.000000,0,2,2567380,1117,0,1117,-86,1,68,3
1000,350,21.000000,10000.000000,0,2,2567382,1118,0,1118,-86,1,68,3
1000,350,21.000000,10000.000000,0,2,2567385,1118,0,1118,-86,1,68,3
1000,350,21.000000,10000.000000,0,2,2567388,1119,0,1119,-86,1,68,3
1000,350,21.000000,10000.000000,0,2,2567391,1120,0,1120,-86,1,68,3
1000,350,21.000000,10000.000000,0,2,2567393,1120,0,1120,-86,1,68,3
1000,350,21.000000,10000.000000,0,2,2567396,1120,0,1120,-86,1,68,3
1000,350,21.000000,10000.000000,0,2,2567399,1120,0,1120,-86,1,68,3
1000,350,21.000000,10000.000000,0,2,2567402,1121,0,1121,-86,1,68,3
1000,350,21.000000,10000.000000,0,2,2567405,1122,0,1122,-87,1,68,3
1000,350,21.000000,10000.000000,0,2,2567407,1123,0,1123,-88,1,68,3
1000,350,21.000000,10000.000000,0,2,2567410,1123,0,1123,-88,1,68,3
1000,350,21.000000,10000.000000,0,2,2567413,1123,0,1123,-88,1,68,3
1000,350,21.000000,10000.000000,0,2,2567416,1124,0,1124,-88,1,68,3
1000,350,21.000000,10000.000000,0,2,2567418,1125,0,1125,-88,1,68,3
1000,350,21.000000,10000.000000,0,2,2567421,1125,0,1125,-88,1,68,3
1000,350,21.000000,10000.000000,0,2,2567424,1125,0,1125,-89,1,68,3
1000,350,21.000000,10000.000000,0,2,2567427,1126,0,1126,-90,1,68,3
1000,350,21.000000,10000.000000,0,2,2567430,1126,0,1126,-90,1,68,3
1000,350,21.000000,10000.000000,0,2,2567433,1127,0,1127,-90,1,68,3
1000,350,21.000000,10000.000000,0,2,2567435,1128,0,1128,-90,1,68,3
1000,350,21.000000,10000.000000,0,2,2567438,1129,0,1129,-90,1,68,3
1000,350,21.000000,10000.000000,0,2,2567441,1130,0,1130,-90,1,68,3
1000,350,21.000000,10000.000000,0,2,2567444,1131,0,1131,-90,1,68,3
1000,350,21.000000,10000.000000,0,2,2567447,1132,0,1132,-90,1,68,3
1000,350,21.000000,10000.000000,0,2,2567450,1133,0,1133,-90,1,68,3
1000,350,21.000000,10000.000000,0,2,2567452,1133,0,1133,-90,1,68,3
1000,350,21.000000,10000.000000,0,2,2567456,1134,0,1134,-90,1,68,3
1000,350,21.000000,10000.000000,0,2,2567459,1135,0,1135,-90,1,68,3
1000,350,21.000000,10000.000000,0,2,2567461,1135,0,1135,-90,1,68,3
1000,350,21.000000,10000.000000,0,2,2567464,1136,0,1136,-90,1,68,3
1000,350,21.000000,10000.000000,0,2,2567468,1137,0,1137,-90,1,68,3
1000,350,21.000000,10000.000000,0,2,2567471,1137,0,1137,-91,1,68,3
1000,350,21.000000,10000.000000,0,2,2567474,1137,0,1137,-91,1,68,3
1000,350,21.000000,10000.000000,0,2,2567477,1138,0,1138,-91,1,68,3
1000,350,21.000000,10000.000000,0,2,2567480,1138,0,1138,-91,1,68,3
1000,350,21.000000,10000.000000,0,2,2567482,1138,0,1138,-91,1,68,3
1000,350,21.000000,10000.000000,0,2,2567485,1138,0,1138,-91,1,68,3
1000,350,21.000000,10000.000000,0,2,2567488,1138,0,1138,-91,1,68,3
1000,350,21.000000,10000.000000,0,2,2567491,1138,0,1138,-91,1,68,3
1000,350,21.000000,10000.000000,0,2,2567493,1138,0,1138,-91,1,68,3
1000,350,21.000000,10000.000000,0,2,2567497,1139,0,1139,-91,1,68,3
1000,350,21.000000,10000.000000,0,2,2567499,1140,0,1140,-91,1,68,3
1000,350,21.000000,10000.000000,0,2,2567502,1140,0,1140,-91,1,68,3
1000,350,21.000000,10000.000000,0,2,2567505,1140,0,1140,-91,1,68,3
1000,350,21.000000,10000.000000,0,2,2567507,1140,0,1140,-91,1,68,3
1000,350,21.000000,10000.000000,0,2,2567510,1140,0,1140,-91,1,68,3
1000,350,21.000000,10000.000000,0,2,2567513,1140,0,1140,-91,1,68,3
1000,350,21.000000,10000.000000,0,2,2567516,1140,0,1140,-91,1,68,3
1000,350,21.000000,10000.000000,0,2,2567518,1140,0,1140,-91,1,68,3
1000,350,21.000000,10000.000000,0,2,2567521,1140,0,1140,-91,1,68,3
1000,350,21.000000,10000.000000,0,2,2567524,1140,0,1140,-91,1,68,3
1000,350,21.000000,10000.000000,0,2,2567527,1140,0,1140,-91,1,68,3
1000,350,21.000000,10000.000000,0,2,2567530,1140,0,1140,-91,1,68,3
1000,350,21.000000,10000.000000,0,2,2567532,1140,0,1140,-91,1,68,3
1000,350,21.000000,10000.000000,0,2,2567535,1140,0,1140,-91,1,68,3
1000,350,21.000000,10000.000000,0,2,2567538,1140,0,1140,-91,1,68,3
1000,350,21.000000,10000.000000,0,2,2567541,1140,0,1140,-91,1,68,3
1000,350,21.000000,10000.000000,0,2,2567554,1140,0,1140,-91,0,68,3
