1000,700,21.000000,42.000000,1,0,1988042,609,12,609,12,0,30,5
1000,700,21.000000,42.000000,1,0,1988042,609,12,609,12,0,30,5
1000,700,21.000000,42.000000,1,0,1988045,609,12,609,12,0,30,5
1000,700,21.000000,42.000000,1,0,1988048,609,12,609,12,0,30,5
1000,700,21.000000,42.000000,1,0,1988051,609,12,609,12,0,30,5
1000,700,21.000000,42.000000,1,0,1988053,609,12,609,12,0,30,5
1000,700,21.000000,42.000000,1,0,1988056,609,12,609,12,0,30,5
1000,700,21.000000,42.000000,1,0,1988059,609,12,609,12,0,30,5
1000,700,21.000000,42.000000,1,0,1988062,609,12,609,12,0,30,5
1000,700,21.000000,42.000000,1,0,1988064,609,12,609,12,0,30,5
1000,700,21.000000,42.000000,1,0,1988067,609,12,609,12,0,30,5
1000,700,21.000000,42.000000,1,0,1988070,609,12,609,12,0,30,5
1000,700,21.000000,42.000000,1,0,1988073,609,12,609,12,0,30,5
1000,700,21.000000,42.000000,1,0,1988076,609,12,609,12,0,30,5
1000,700,21.000000,42.000000,1,0,1988079,609,12,609,12,0,30,5
1000,700,21.000000,42.000000,1,0,1988081,609,12,609,12,0,30,5
1000,700,21.000000,42.000000,1,0,1988084,609,12,609,12,0,30,5
1000,700,21.000000,42.000000,1,0,1988087,609,12,609,12,0,30,5
1000,700,21.000000,42.000000,1,0,1988090,609,12,609,12,0,30,5
1000,700,21.000000,42.000000,1,0,1988092,609,12,609,12,0,30,5
1000,700,21.000000,42.000000,1,0,1988095,609,12,609,12,0,30,5
1000,700,21.000000,42.000000,1,0,1988098,609,12,609,12,0,30,5
1000,700,21.000000,42.000000,1,0,1988101,609,12,609,12,0,30,5
1000,700,21.000000,42.000000,1,0,1988104,609,12,609,12,0,30,5
1000,700,21.000000,42.000000,1,0,1988106,609,12,609,12,0,30,5
1000,700,21.000000,42.000000,1,0,1988109,609,12,609,12,0,30,5
1000,700,21.000000,42.000000,1,0,1988112,609,12,609,12,0,30,5
1000,700,21.000000,42.000000,1,0,1988115,609,12,609,12,0,30,5
1000,700,21.000000,42.000000,1,0,1988117,609,12,609,12,0,30,5
1000,700,21.000000,42.000000,1,0,1988120,609,12,609,12,0,30,5
1000,700,21.000000,42.000000,1,0,1988123,610,12,610,12,0,30,5
1000,700,21.000000,42.000000,1,0,1988126,612,12,612,12,0,30,5
1000,700,21.000000,42.000000,1,0,1988129,613,12,613,12,0,30,5
1000,700,21.000000,42.000000,1,0,1988132,615,13,615,13,0,30,5
1000,700,21.000000,42.000000,1,0,1988135,617,13,617,13,0,30,5
1000,700,21.000000,42.000000,1,0,1988137,617,13,617,13,0,30,5
1000,700,21.000000,42.000000,1,0,1988140,620,14,620,14,0,30,5
1000,700,21.000000,42.000000,1,0,1988143,623,14,623,14,0,30,5
1000,700,21.000000,42.000000,1,0,1988146,626,15,626,15,0,30,5
1000,700,21.000000,42.000000,1,0,1988149,629,16,629,16,0,30,5
1000,700,21.000000,42.000000,1,0,1988152,631,16,631,16,0,30,5
1000,700,21.000000,42.000000,1,0,1988154,635,17,635,17,0,30,5
1000,700,21.000000,42.000000,1,0,1988157,642,18,642,18,0,30,5
1000,700,21.000000,42.000000,1,0,1988160,647,18,647,18,0,30,5
1000,700,21.000000,42.000000,1,0,1988163,655,19,655,19,0,30,5
1000,700,21.000000,42.000000,1,0,1988166,662,20,662,20,0,30,5
1000,700,21.000000,42.000000,1,0,1988169,668,21,668,21,0,30,5
1000,700,21.000000,42.000000,1,0,1988171,677,23,677,23,0,30,5
1000,700,21.000000,42.000000,1,0,1988174,682,23,682,23,0,30,5
1000,700,21.000000,42.000000,1,0,1988177,690,24,690,24,0,30,5
1000,700,21.000000,42.000000,1,0,1988180,701,25,701,25,0,30,5
1000,700,21.000000,42.000000,1,0,1988183,713,26,713,26,0,30,5
1000,700,21.000000,42.000000,1,0,1988187,731,28,731,28,0,30,5
1000,700,21.000000,42.000000,1,0,1988190,750,30,750,30,0,30,5
1000,700,21.000000,42.000000,1,0,1988192,769,32,769,32,0,30,5
1000,700,21.000000,42.000000,1,0,1988195,780,33,780,33,0,30,5
1000,700,21.000000,42.000000,1,0,1988198,794,35,794,35,0,30,5
1000,700,21.000000,42.000000,1,0,1988201,804,36,804,36,0,30,5
1000,700,21.000000,42.000000,1,0,1988204,813,37,813,37,0,30,5
1000,700,21.000000,42.000000,1,0,1988207,823,38,823,38,0,30,5
1000,700,21.000000,42.000000,1,0,1988210,846,40,846,40,0,30,5
1000,700,21.000000,42.000000,1,0,1988212,858,41,858,41,0,30,5
1000,700,21.000000,42.000000,1,0,1988215,873,42,873,42,0,30,5
1000,700,21.000000,42.000000,1,0,1988218,884,43,884,43,0,30,5
1000,700,21.000000,42.000000,1,0,1988221,896,45,896,45,0,30,5
1000,700,21.000000,42.000000,1,0,1988224,908,46,908,46,0,30,5
1000,700,21.000000,42.000000,1,0,1988227,931,48,931,48,0,30,5
1000,700,21.000000,42.000000,1,0,1988230,955,49,955,49,0,30,5
1000,700,21.000000,42.000000,1,0,1988233,970,50,970,50,0,30,5
1000,700,21.000000,42.000000,1,0,1988237,983,51,983,51,0,30,5
1000,700,21.000000,42.000000,1,0,1988240,997,51,997,51,0,30,5
1000,700,21.000000,42.000000,1,0,1988243,1012,52,1012,52,0,30,5
1000,700,21.000000,42.000000,1,0,1988245,1027,52,1027,52,0,30,5
1000,700,21.000000,42.000000,1,0,1988248,1042,52,1042,52,0,30,5
1000,700,21.000000,42.000000,1,0,1988251,1055,53,1055,53,0,30,5
1000,700,21.000000,42.000000,1,0,1988254,1065,53,1065,53,0,30,5
1000,700,21.000000,42.000000,1,0,1988257,1081,53,1081,53,0,30,5
1000,700,21.000000,42.000000,1,0,1988259,1098,53,1098,53,0,30,5
1000,700,21.000000,42.000000,1,0,1988262,1106,53,1106,53,0,30,5
1000,700,21.000000,42.000000,1,0,1988265,1116,53,1116,53,0,30,5
1000,700,21.000000,42.000000,1,0,1988268,1136,53,1136,53,0,30,5
1000,700,21.000000,42.000000,1,0,1988271,1147,53,1147,53,0,30,5
1000,700,21.000000,42.000000,1,0,1988274,1159,53,1159,53,0,30,5
1000,700,21.000000,42.000000,1,0,1988276,1167,53,1167,53,0,30,5
1000,700,21.000000,42.000000,1,0,1988279,1180,53,1180,53,0,30,5
1000,700,21.000000,42.000000,1,0,1988282,1190,53,1190,53,0,30,5
1000,700,21.000000,42.000000,1,0,1988285,1198,53,1198,53,0,30,5
1000,700,21.000000,42.000000,1,0,1988288,1205,52,1205,52,0,30,5
1000,700,21.000000,42.000000,1,0,1988291,1214,52,1214,52,0,30,5
1000,700,21.000000,42.000000,1,0,1988293,1221,51,1221,51,0,30,5
1000,700,21.000000,42.000000,1,0,1988296,1229,51,1229,51,0,30,5
1000,700,21.000000,42.000000,1,0,1988299,1240,51,1240,51,0,30,5
1000,700,21.000000,42.000000,1,0,1988302,1246,51,1246,51,0,30,5
1000,700,21.000000,42.000000,1,0,1988304,1254,51,1254,51,0,30,5
1000,700,21.000000,42.000000,1,0,1988307,1261,51,1261,51,0,30,5
1000,700,21.000000,42.000000,1,0,1988310,1270,51,1270,51,0,30,5
1000,700,21.000000,42.000000,1,0,1988313,1276,51,1276,51,0,30,5
1000,700,21.000000,42.000000,1,0,1988316,1280,51,1280,51,0,30,5
1000,700,21.000000,42.000000,1,0,1988318,1288,50,1288,50,0,30,5
1000,700,21.000000,42.000000,1,0,1988321,1293,49,1293,49,0,30,5
1000,700,21.000000,42.000000,1,0,1988324,1298,49,1298,49,0,30,5
1000,700,21.000000,42.000000,1,0,1988327,1301,48,1301,48,0,30,5
1000,700,21.000000,42.000000,1,0,1988330,1304,47,1304,47,0,30,5
1000,700,21.000000,42.000000,1,0,1988332,1306,47,1306,47,0,30,5
1000,700,21.000000,42.000000,1,0,1988335,1309,47,1309,47,0,30,5
1000,700,21.000000,42.000000,1,0,1988338,1311,46,1311,46,0,30,5
1000,700,21.000000,42.000000,1,0,1988341,1312,45,1312,45,0,30,5
1000,700,21.000000,42.000000,1,0,1988344,1314,45,1314,45,0,30,5
1000,700,21.000000,42.000000,1,0,1988347,1315,45,1315,45,0,30,5
1000,700,21.000000,42.000000,1,0,1988349,1316,44,1316,44,0,30,5
1000,700,21.000000,42.000000,1,0,1988352,1317,44,1317,44,0,30,5
1000,700,21.000000,42.000000,1,0,1988355,1317,43,1317,43,0,30,5
1000,700,21.000000,42.000000,1,0,1988358,1317,43,1317,43,0,30,5
1000,700,21.000000,42.000000,1,0,1988361,1318,42,1318,42,0,30,5
1000,700,21.000000,42.000000,1,0,1988363,1319,41,1319,41,0,30,5
1000,700,21.000000,42.000000,1,0,1988366,1320,41,1320,41,0,30,5
1000,700,21.000000,42.000000,1,0,1988369,1321,40,1321,40,0,30,5
1000,700,21.000000,42.000000,1,0,1988372,1322,40,1322,40,0,30,5
1000,700,21.000000,42.000000,1,0,1988375,1322,39,1322,39,0,30,5
1000,700,21.000000,42.000000,1,0,1988377,1323,39,1323,39,0,30,5
1000,700,21.000000,42.000000,1,0,1988380,1323,39,1323,39,0,30,5
1000,700,21.000000,42.000000,1,0,1988383,1323,38,1323,38,0,30,5
1000,700,21.000000,42.000000,1,0,1988386,1324,38,1324,38,0,30,5
1000,700,21.000000,42.000000,1,0,1988388,1324,37,1324,37,0,30,5
1000,700,21.000000,42.000000,1,0,1988391,1324,37,1324,37,0,30,5
1000,700,21.000000,42.000000,1,0,1988394,1324,37,1324,37,0,30,5
1000,700,21.000000,42.000000,1,0,1988397,1324,36,1324,36,0,30,5
1000,700,21.000000,42.000000,1,0,1988400,1324,36,1324,36,0,30,5
1000,700,21.000000,42.000000,1,0,1988403,1324,35,1324,35,0,30,5
1000,700,21.000000,42.000000,1,0,1988406,1324,35,1324,35,0,30,5
1000,700,21.000000,42.000000,1,0,1988408,1324,35,1324,35,0,30,5
1000,700,21.000000,42.000000,1,0,1988411,1324,34,1324,34,0,30,5
1000,700,21.000000,42.000000,1,0,1988414,1324,33,1324,33,0,30,5
1000,700,21.000000,42.000000,1,0,1988417,1324,32,1324,32,0,30,5
1000,700,21.000000,42.000000,1,0,1988419,1324,32,1324,32,0,30,5
1000,700,21.000000,42.000000,1,0,1988422,1324,31,1324,31,0,30,5
1000,700,21.000000,42.000000,1,0,1988425,1324,31,1324,31,0,30,5
1000,700,21.000000,42.000000,1,0,1988428,1324,30,1324,30,0,30,5
1000,700,21.000000,42.000000,1,0,1988431,1324,30,1324,30,0,30,5
1000,700,21.000000,42.000000,1,0,1988433,1324,30,1324,30,0,30,5
1000,700,21.000000,42.000000,1,0,1988436,1324,30,1324,30,0,30,5
1000,700,21.000000,42.000000,1,0,1988439,1324,30,1324,30,0,30,5
1000,700,21.000000,42.000000,1,0,1988441,1324,30,1324,30,0,30,5
1000,700,21.000000,42.000000,1,0,1988444,1324,29,1324,29,0,30,5
1000,700,21.000000,42.000000,1,0,1988447,1324,29,1324,29,0,30,5
1000,700,21.000000,42.000000,1,0,1988450,1324,29,1324,29,0,30,5
1000,700,21.000000,42.000000,1,0,1988453,1324,29,1324,29,0,30,5
1000,700,21.000000,42.000000,1,0,1988456,1324,29,1324,29,0,30,5
1000,700,21.000000,42.000000,1,0,1988458,1324,29,1324,29,0,30,5
1000,700,21.000000,42.000000,1,0,1988461,1324,28,1324,28,0,30,5
1000,700,21.000000,42.000000,1,0,1988464,1324,28,1324,28,0,30,5
1000,700,21.000000,42.000000,1,0,1988467,1324,28,1324,28,0,30,5
1000,700,21.000000,42.000000,1,0,1988470,1324,28,1324,28,0,30,5
1000,700,21.000000,42.000000,1,0,1988472,1324,28,1324,28,0,30,5
1000,700,21.000000,42.000000,1,0,1988475,1324,28,1324,28,0,30,5
1000,700,21.000000,42.000000,1,0,1988479,1324,27,1324,27,0,30,5
1000,700,21.000000,42.000000,1,0,1988482,1324,27,1324,27,0,30,5
1000,700,21.000000,42.000000,1,0,1988484,1324,27,1324,27,0,30,5
1000,700,21.000000,42.000000,1,0,1988487,1324,27,1324,27,0,30,5
1000,700,21.000000,42.000000,1,0,1988490,1324,26,1324,26,0,30,5
1000,700,21.000000,42.000000,1,0,1988493,1324,25,1324,25,0,30,5
1000,700,21.000000,42.000000,1,0,1988495,1324,24,1324,24,0,30,5
1000,700,21.000000,42.000000,1,0,1988498,1324,23,1324,23,0,30,5
1000,700,21.000000,42.000000,1,0,1988501,1324,23,1324,23,0,30,5
1000,700,21.000000,42.000000,1,0,1988504,1324,23,1324,23,0,30,5
1000,700,21.000000,42.000000,1,0,1988506,1323,22,1323,22,0,30,5
1000,700,21.000000,42.000000,1,0,1988509,1322,21,1322,21,0,30,5
1000,700,21.000000,42.000000,1,0,1988512,1321,21,1321,21,0,30,5
1000,700,21.000000,42.000000,1,0,1988515,1320,21,1320,21,0,30,5
1000,700,21.000000,42.000000,1,0,1988518,1320,20,1320,20,0,30,5
1000,700,21.000000,42.000000,1,0,1988521,1320,19,1320,19,0,30,5
1000,700,21.000000,42.000000,1,0,1988523,1319,19,1319,19,0,30,5
1000,700,21.000000,42.000000,1,0,1988526,1318,19,1318,19,0,30,5
1000,700,21.000000,42.000000,1,0,1988529,1318,19,1318,19,0,30,5
1000,700,21.000000,42.000000,1,0,1988532,1318,19,1318,19,0,30,5
1000,700,21.000000,42.000000,1,0,1988534,1318,18,1318,18,0,30,5
1000,700,21.000000,42.000000,1,0,1988537,1318,17,1318,17,0,30,5
1000,700,21.000000,42.000000,1,0,1988540,1318,17,1318,17,0,30,5
1000,700,21.000000,42.000000,1,0,1988543,1318,17,1318,17,0,30,5
1000,700,21.000000,42.000000,1,0,1988545,1318,17,1318,17,0,30,5
1000,700,21.000000,42.000000,1,0,1988548,1318,17,1318,17,0,30,5
1000,700,21.000000,42.000000,1,0,1988551,1317,16,1317,16,0,30,5
1000,700,21.000000,42.000000,1,0,1988554,1316,15,1316,15,0,30,5
1000,700,21.000000,42.000000,1,0,1988557,1316,15,1316,15,0,30,5
1000,700,21.000000,42.000000,1,0,1988559,1316,15,1316,15,0,30,5
1000,700,21.000000,42.000000,1,0,1988562,1316,15,1316,15,0,30,5
1000,700,21.000000,42.000000,1,0,1988565,1316,15,1316,15,0,30,5
1000,700,21.000000,42.000000,1,0,1988568,1316,15,1316,15,0,30,5
1000,700,21.000000,42.000000,1,0,1988571,1316,15,1316,15,0,30,5
1000,700,21.000000,42.000000,1,0,1988573,1316,15,1316,15,0,30,5
1000,700,21.000000,42.000000,1,0,1988576,1316,15,1316,15,0,30,5
1000,700,21.000000,42.000000,1,0,1988579,1315,14,1315,14,0,30,5
1000,700,21.000000,42.000000,1,0,1988582,1315,14,1315,14,0,30,5
1000,700,21.000000,42.000000,1,0,1988584,1315,14,1315,14,0,30,5
1000,700,21.000000,42.000000,1,0,1988587,1315,14,1315,14,0,30,5
1000,700,21.000000,42.000000,1,0,1988590,1315,14,1315,14,0,30,5
1000,700,21.000000,42.000000,1,0,1988593,1314,14,1314,14,0,30,5
1000,700,21.000000,42.000000,1,0,1988596,1314,14,1314,14,0,30,5
1000,700,21.000000,42.000000,1,0,1988598,1314,14,1314,14,0,30,5
1000,700,21.000000,42.000000,1,0,1988601,1314,13,1314,13,0,30,5
1000,700,21.000000,42.000000,1,0,1988604,1314,12,1314,12,0,30,5
1000,700,21.000000,42.000000,1,0,1988607,1314,12,1314,12,0,30,5
1000,700,21.000000,42.000000,1,0,1988610,1314,12,1314,12,0,30,5
1000,700,21.000000,42.000000,1,0,1988612,1314,12,1314,12,0,30,5
1000,700,21.000000,42.000000,1,0,1988615,1314,12,1314,12,0,30,5
1000,700,21.000000,42.000000,1,0,1988618,1314,12,1314,12,0,30,5
1000,700,21.000000,42.000000,1,0,1988621,1314,12,1314,12,0,30,5
1000,700,21.000000,42.000000,1,0,1988623,1314,12,1314,12,0,30,5
1000,700,21.000000,42.000000,1,0,1988626,1314,12,1314,12,0,30,5
1000,700,21.000000,42.000000,1,0,1988629,1314,12,1314,12,0,30,5
1000,700,21.000000,42.000000,1,0,1988632,1313,12,1313,12,0,30,5
1000,700,21.000000,42.000000,1,0,1988635,1313,12,1313,12,0,30,5
1000,700,21.000000,42.000000,1,0,1988637,1313,12,1313,12,0,30,5
1000,700,21.000000,42.000000,1,0,1988640,1313,12,1313,12,0,30,5
1000,700,21.000000,42.000000,1,0,1988643,1313,12,1313,12,0,30,5
1000,700,21.000000,42.000000,1,0,1988646,1313,12,1313,12,0,30,5
1000,700,21.000000,42.000000,1,0,1988648,1313,12,1313,12,0,30,5
1000,700,21.000000,42.000000,1,0,1988651,1313,12,1313,12,0,30,5
1000,700,21.000000,42.000000,1,0,1988654,1313,12,1313,12,0,30,5
1000,700,21.000000,42.000000,1,0,1988657,1313,12,1313,12,0,30,5
1000,700,21.000000,42.000000,1,0,1988659,1313,12,1313,12,0,30,5
1000,700,21.000000,42.000000,1,0,1988662,1313,12,1313,12,0,30,5
1000,700,21.000000,42.000000,1,0,1988665,1313,12,1313,12,0,30,5
1000,700,21.000000,42.000000,1,0,1988668,1313,12,1313,12,0,30,5
1000,700,21.000000,42.000000,1,0,1988670,1313,12,1313,12,0,30,5
1000,700,21.000000,42.000000,1,0,1988673,1313,12,1313,12,0,30,5
1000,700,21.000000,42.000000,1,0,1988676,1313,12,1313,12,0,30,5
1000,700,21.000000,42.000000,1,0,1988679,1313,12,1313,12,0,30,5
1000,700,21.000000,42.000000,1,0,1988682,1313,12,1313,12,0,30,5
1000,700,21.000000,42.000000,1,0,1988684,1313,12,1313,12,0,30,5
1000,700,21.000000,42.000000,1,0,1988687,1313,12,1313,12,0,30,5
1000,700,21.000000,42.000000,1,0,1988690,1313,12,1313,12,0,30,5
1000,700,21.000000,42.000000,1,0,1988693,1313,12,1313,12,0,30,5
1000,700,21.000000,42.000000,1,0,1988695,1313,12,1313,12,0,30,5
1000,700,21.000000,42.000000,1,0,1988698,1313,12,1313,12,0,30,5
1000,700,21.000000,42.000000,1,0,1988701,1313,12,1313,12,0,30,5
1000,700,21.000000,42.000000,1,0,1988704,1313,12,1313,12,0,30,5
1000,700,21.000000,42.000000,1,0,1988707,1313,12,1313,12,0,30,5
1000,700,21.000000,42.000000,1,0,1988710,1313,12,1313,12,0,30,5
1000,700,21.000000,42.000000,1,0,1988712,1313,12,1313,12,0,30,5
1000,700,21.000000,42.000000,1,0,1988715,1313,12,1313,12,0,30,5
1000,700,21.000000,42.000000,1,0,1988718,1313,12,1313,12,0,30,5
1000,700,21.000000,42.000000,1,0,1988721,1313,12,1313,12,0,30,5
1000,700,21.000000,42.000000,1,0,1988734,1313,12,1313,12,0,30,5
