1000,700,21.000000,0.000000,1,2,2754333,603,0,603,0,0,79,0
1000,700,21.000000,0.000000,1,2,2754334,603,0,603,0,0,79,0
1000,700,21.000000,0.000000,1,2,2754337,603,0,603,0,0,79,0
1000,700,21.000000,0.000000,1,2,2754340,603,0,603,0,0,79,0
1000,700,21.000000,0.000000,1,2,2754342,603,0,603,0,0,79,0
1000,700,21.000000,0.000000,1,2,2754345,603,0,603,0,0,79,0
1000,700,21.000000,0.000000,1,2,2754348,603,0,603,0,0,79,0
1000,700,21.000000,0.000000,1,2,2754351,603,0,603,0,0,79,0
1000,700,21.000000,0.000000,1,2,2754354,603,0,603,0,0,79,0
1000,700,21.000000,0.000000,1,2,2754356,603,0,603,0,0,79,0
1000,700,21.000000,0.000000,1,2,2754359,603,0,603,0,0,79,0
1000,700,21.000000,0.000000,1,2,2754362,603,0,603,0,0,79,0
1000,700,21.000000,0.000000,1,2,2754365,603,0,603,0,0,79,0
1000,700,21.000000,0.000000,1,2,2754368,603,0,603,0,0,79,0
1000,700,21.000000,0.000000,1,2,2754370,603,0,603,0,0,79,0
1000,700,21.000000,0.000000,1,2,2754373,603,0,603,0,0,79,0
1000,700,21.000000,0.000000,1,2,2754376,603,0,603,0,0,79,0
1000,700,21.000000,0.000000,1,2,2754379,603,0,603,0,0,79,0
1000,700,21.000000,0.000000,1,2,2754381,603,0,603,0,0,79,0
1000,700,21.000000,0.000000,1,2,2754384,603,0,603,0,0,79,0
1000,700,21.000000,0.000000,1,2,2754387,604,0,604,0,0,79,0
1000,700,21.000000,0.000000,1,2,2754390,604,0,604,0,0,79,0
1000,700,21.000000,0.000000,1,2,2754393,605,0,605,0,0,79,0
1000,700,21.000000,0.000000,1,2,2754395,606,0,606,0,0,79,0
1000,700,21.000000,0.000000,1,2,2754398,606,0,606,0,0,79,0
1000,700,21.000000,0.000000,1,2,2754401,607,0,607,0,0,79,0
1000,700,21.000000,0.000000,1,2,2754404,607,0,607,0,0,79,0
1000,700,21.000000,0.000000,1,2,2754406,608,0,608,0,0,79,0
1000,700,21.000000,0.000000,1,2,2754409,609,0,609,0,0,79,0
1000,700,21.000000,0.000000,1,2,2754412,610,0,610,0,0,79,0
1000,700,21.000000,0.000000,1,2,2754415,612,0,612,0,0,79,0
1000,700,21.000000,0.000000,1,2,2754418,613,0,613,0,0,79,0
1000,700,21.000000,0.000000,1,2,2754420,615,0,615,0,0,79,0
1000,700,21.000000,0.000000,1,2,2754423,617,1,617,1,0,79,0
1000,700,21.000000,0.000000,1,2,2754426,619,1,619,1,0,79,0
1000,700,21.000000,0.000000,1,2,2754429,621,1,621,1,0,79,0
1000,700,21.000000,0.000000,1,2,2754432,623,2,623,2,0,79,0
1000,700,21.000000,0.000000,1,2,2754434,625,2,625,2,0,79,0
1000,700,21.000000,0.000000,1,2,2754437,627,3,627,3,0,79,0
1000,700,21.000000,0.000000,1,2,2754440,629,4,629,4,0,79,0
1000,700,21.000000,0.000000,1,2,2754443,631,4,631,4,0,79,0
1000,700,21.000000,0.000000,1,2,2754446,634,5,634,5,0,79,0
1000,700,21.000000,0.000000,1,2,2754449,639,6,639,6,0,79,0
1000,700,21.000000,0.000000,1,2,2754452,641,7,641,7,0,79,0
1000,700,21.000000,0.000000,1,2,2754454,643,8,643,8,0,79,0
1000,700,21.000000,0.000000,1,2,2754457,652,10,652,10,0,79,0
1000,700,21.000000,0.000000,1,2,2754460,659,12,659,12,0,79,0
1000,700,21.000000,0.000000,1,2,2754463,665,14,665,14,0,79,0
1000,700,21.000000,0.000000,1,2,2754466,672,16,672,16,0,79,0
1000,700,21.000000,0.000000,1,2,2754469,679,17,679,17,0,79,0
1000,700,21.000000,0.000000,1,2,2754471,686,18,686,18,0,79,0
1000,700,21.000000,0.000000,1,2,2754474,697,19,697,19,0,79,0
1000,700,21.000000,0.000000,1,2,2754477,708,22,708,22,0,79,0
1000,700,21.000000,0.000000,1,2,2754480,715,24,715,24,0,79,0
1000,700,21.000000,0.000000,1,2,2754483,724,25,724,25,0,79,0
1000,700,21.000000,0.000000,1,2,2754485,739,28,739,28,0,79,0
1000,700,21.000000,0.000000,1,2,2754488,752,31,752,31,0,79,0
1000,700,21.000000,0.000000,1,2,2754491,762,33,762,33,0,79,0
1000,700,21.000000,0.000000,1,2,2754494,773,35,773,35,0,79,0
1000,700,21.000000,0.000000,1,2,2754497,786,39,786,39,0,79,0
1000,700,21.000000,0.000000,1,2,2754500,800,41,800,41,0,79,0
1000,700,21.000000,0.000000,1,2,2754502,814,44,814,44,0,79,0
1000,700,21.000000,0.000000,1,2,2754505,833,48,833,48,0,79,0
1000,700,21.000000,0.000000,1,2,2754508,849,50,849,50,0,79,0
1000,700,21.000000,0.000000,1,2,2754511,871,54,871,54,0,79,0
1000,700,21.000000,0.000000,1,2,2754514,882,56,882,56,0,79,0
1000,700,21.000000,0.000000,1,2,2754517,895,59,895,59,0,79,0
1000,700,21.000000,0.000000,1,2,2754519,906,61,906,61,0,79,0
1000,700,21.000000,0.000000,1,2,2754522,919,63,919,63,0,79,0
1000,700,21.000000,0.000000,1,2,2754525,934,65,934,65,0,79,0
1000,700,21.000000,0.000000,1,2,2754528,947,67,947,67,0,79,0
1000,700,21.000000,0.000000,1,2,2754531,962,69,962,69,0,79,0
1000,700,21.000000,0.000000,1,2,2754533,982,71,982,71,0,79,0
1000,700,21.000000,0.000000,1,2,2754536,994,72,994,72,0,79,0
1000,700,21.000000,0.000000,1,2,2754539,1007,74,1007,74,0,79,0
1000,700,21.000000,0.000000,1,2,2754542,1015,75,1015,75,0,79,0
1000,700,21.000000,0.000000,1,2,2754545,1031,76,1031,76,0,79,0
1000,700,21.000000,0.000000,1,2,2754547,1048,77,1048,77,0,79,0
1000,700,21.000000,0.000000,1,2,2754550,1060,79,1060,79,0,79,0
1000,700,21.000000,0.000000,1,2,2754553,1075,80,1075,80,0,79,0
1000,700,21.000000,0.000000,1,2,2754556,1084,80,1084,80,0,79,0
1000,700,21.000000,0.000000,1,2,2754559,1099,81,1099,81,0,79,0
1000,700,21.000000,0.000000,1,2,2754561,1108,82,1108,82,0,79,0
1000,700,21.000000,0.000000,1,2,2754564,1123,82,1123,82,0,79,0
1000,700,21.000000,0.000000,1,2,2754567,1131,82,1131,82,0,79,0
1000,700,21.000000,0.000000,1,2,2754570,1137,82,1137,82,0,79,0
1000,700,21.000000,0.000000,1,2,2754573,1153,82,1153,82,0,79,0
1000,700,21.000000,0.000000,1,2,2754576,1165,82,1165,82,0,79,0
1000,700,21.000000,0.000000,1,2,2754580,1174,82,1174,82,0,79,0
1000,700,21.000000,0.000000,1,2,2754583,1182,82,1182,82,0,79,0
1000,700,21.000000,0.000000,1,2,2754586,1189,82,1189,82,0,79,0
1000,700,21.000000,0.000000,1,2,2754589,1194,82,1194,82,0,79,0
1000,700,21.000000,0.000000,1,2,2754593,1204,82,1204,82,0,79,0
1000,700,21.000000,0.000000,1,2,2754596,1209,81,1209,81,0,79,0
1000,700,21.000000,0.000000,1,2,2754598,1215,80,1215,80,0,79,0
1000,700,21.000000,0.000000,1,2,2754601,1221,80,1221,80,0,79,0
1000,700,21.000000,0.000000,1,2,2754604,1227,79,1227,79,0,79,0
1000,700,21.000000,0.000000,1,2,2754607,1231,78,1231,78,0,79,0
1000,700,21.000000,0.000000,1,2,2754610,1237,78,1237,78,0,79,0
1000,700,21.000000,0.000000,1,2,2754613,1242,77,1242,77,0,79,0
1000,700,21.000000,0.000000,1,2,2754616,1248,76,1248,76,0,79,0
1000,700,21.000000,0.000000,1,2,2754619,1253,75,1253,75,0,79,0
1000,700,21.000000,0.000000,1,2,2754623,1258,74,1258,74,0,79,0
1000,700,21.000000,0.000000,1,2,2754626,1261,73,1261,73,0,79,0
1000,700,21.000000,0.000000,1,2,2754629,1267,72,1267,72,0,79,0
1000,700,21.000000,0.000000,1,2,2754632,1271,70,1271,70,0,79,0
1000,700,21.000000,0.000000,1,2,2754635,1274,70,1274,70,0,79,0
1000,700,21.000000,0.000000,1,2,2754637,1278,69,1278,69,0,79,0
1000,700,21.000000,0.000000,1,2,2754640,1282,68,1282,68,0,79,0
1000,700,21.000000,0.000000,1,2,2754643,1283,67,1283,67,0,79,0
1000,700,21.000000,0.000000,1,2,2754646,1287,66,1287,66,0,79,0
1000,700,21.000000,0.000000,1,2,2754649,1290,65,1290,65,0,79,0
1000,700,21.000000,0.000000,1,2,2754651,1292,64,1292,64,0,79,0
1000,700,21.000000,0.000000,1,2,2754654,1294,64,1294,64,0,79,0
1000,700,21.000000,0.000000,1,2,2754657,1296,63,1296,63,0,79,0
1000,700,21.000000,0.000000,1,2,2754660,1298,63,1298,63,0,79,0
1000,700,21.000000,0.000000,1,2,2754662,1300,62,1300,62,0,79,0
1000,700,21.000000,0.000000,1,2,2754665,1302,61,1302,61,0,79,0
1000,700,21.000000,0.000000,1,2,2754668,1303,60,1303,60,0,79,0
1000,700,21.000000,0.000000,1,2,2754671,1304,59,1304,59,0,79,0
1000,700,21.000000,0.000000,1,2,2754674,1307,57,1307,57,0,79,0
1000,700,21.000000,0.000000,1,2,2754677,1308,56,1308,56,0,79,0
1000,700,21.000000,0.000000,1,2,2754679,1310,56,1310,56,0,79,0
1000,700,21.000000,0.000000,1,2,2754682,1311,56,1311,56,0,79,0
1000,700,21.000000,0.000000,1,2,2754685,1312,56,1312,56,0,79,0
1000,700,21.000000,0.000000,1,2,2754688,1312,55,1312,55,0,79,0
1000,700,21.000000,0.000000,1,2,2754691,1313,54,1313,54,0,79,0
1000,700,21.000000,0.000000,1,2,2754693,1313,53,1313,53,0,79,0
1000,700,21.000000,0.000000,1,2,2754696,1313,52,1313,52,0,79,0
1000,700,21.000000,0.000000,1,2,2754699,1313,51,1313,51,0,79,0
1000,700,21.000000,0.000000,1,2,2754702,1313,50,1313,50,0,79,0
1000,700,21.000000,0.000000,1,2,2754704,1313,49,1313,49,0,79,0
1000,700,21.000000,0.000000,1,2,2754707,1313,49,1313,49,0,79,0
1000,700,21.000000,0.000000,1,2,2754710,1313,48,1313,48,0,79,0
1000,700,21.000000,0.000000,1,2,2754713,1313,48,1313,48,0,79,0
1000,700,21.000000,0.000000,1,2,2754716,1313,47,1313,47,0,79,0
1000,700,21.000000,0.000000,1,2,2754718,1313,46,1313,46,0,79,0
1000,700,21.000000,0.000000,1,2,2754721,1313,46,1313,46,0,79,0
1000,700,21.000000,0.000000,1,2,2754724,1313,46,1313,46,0,79,0
1000,700,21.000000,0.000000,1,2,2754727,1313,45,1313,45,0,79,0
1000,700,21.000000,0.000000,1,2,2754730,1312,44,1312,44,0,79,0
1000,700,21.000000,0.000000,1,2,2754732,1311,43,1311,43,0,79,0
1000,700,21.000000,0.000000,1,2,2754735,1311,43,1311,43,0,79,0
1000,700,21.000000,0.000000,1,2,2754738,1310,43,1310,43,0,79,0
1000,700,21.000000,0.000000,1,2,2754741,1310,42,1310,42,0,79,0
1000,700,21.000000,0.000000,1,2,2754744,1309,41,1309,41,0,79,0
1000,700,21.000000,0.000000,1,2,2754747,1308,41,1308,41,0,79,0
1000,700,21.000000,0.000000,1,2,2754750,1308,41,1308,41,0,79,0
1000,700,21.000000,0.000000,1,2,2754753,1307,40,1307,40,0,79,0
1000,700,21.000000,0.000000,1,2,2754756,1307,40,1307,40,0,79,0
1000,700,21.000000,0.000000,1,2,2754759,1307,38,1307,38,0,79,0
1000,700,21.000000,0.000000,1,2,2754762,1307,38,1307,38,0,79,0
1000,700,21.000000,0.000000,1,2,2754765,1307,37,1307,37,0,79,0
1000,700,21.000000,0.000000,1,2,2754768,1307,36,1307,36,0,79,0
1000,700,21.000000,0.000000,1,2,2754771,1307,35,1307,35,0,79,0
1000,700,21.000000,0.000000,1,2,2754773,1307,34,1307,34,0,79,0
1000,700,21.000000,0.000000,1,2,2754776,1306,33,1306,33,0,79,0
1000,700,21.000000,0.000000,1,2,2754779,1305,31,1305,31,0,79,0
1000,700,21.000000,0.000000,1,2,2754782,1305,30,1305,30,0,79,0
1000,700,21.000000,0.000000,1,2,2754785,1305,29,1305,29,0,79,0
1000,700,21.000000,0.000000,1,2,2754787,1305,28,1305,28,0,79,0
1000,700,21.000000,0.000000,1,2,2754790,1305,27,1305,27,0,79,0
1000,700,21.000000,0.000000,1,2,2754793,1305,26,1305,26,0,79,0
1000,700,21.000000,0.000000,1,2,2754796,1305,25,1305,25,0,79,0
1000,700,21.000000,0.000000,1,2,2754798,1305,24,1305,24,0,79,0
1000,700,21.000000,0.000000,1,2,2754801,1305,23,1305,23,0,79,0
1000,700,21.000000,0.000000,1,2,2754804,1305,22,1305,22,0,79,0
1000,700,21.000000,0.000000,1,2,2754807,1305,21,1305,21,0,79,0
1000,700,21.000000,0.000000,1,2,2754809,1305,20,1305,20,0,79,0
1000,700,21.000000,0.000000,1,2,2754813,1305,19,1305,19,0,79,0
1000,700,21.000000,0.000000,1,2,2754815,1305,18,1305,18,0,79,0
1000,700,21.000000,0.000000,1,2,2754818,1304,17,1304,17,0,79,0
1000,700,21.000000,0.000000,1,2,2754821,1304,15,1304,15,0,79,0
1000,700,21.000000,0.000000,1,2,2754824,1304,13,1304,13,0,79,0
1000,700,21.000000,0.000000,1,2,2754827,1304,12,1304,12,0,79,0
1000,700,21.000000,0.000000,1,2,2754829,1304,11,1304,11,0,79,0
1000,700,21.000000,0.000000,1,2,2754832,1304,10,1304,10,0,79,0
1000,700,21.000000,0.000000,1,2,2754835,1303,8,1303,8,0,79,0
1000,700,21.000000,0.000000,1,2,2754838,1302,6,1302,6,0,79,0
1000,700,21.000000,0.000000,1,2,2754840,1302,5,1302,5,0,79,0
1000,700,21.000000,0.000000,1,2,2754843,1302,4,1302,4,0,79,0
1000,700,21.000000,0.000000,1,2,2754846,1302,3,1302,3,0,79,0
1000,700,21.000000,0.000000,1,2,2754849,1302,2,1302,2,0,79,0
1000,700,21.000000,0.000000,1,2,2754851,1302,1,1302,1,0,79,0
1000,700,21.000000,0.000000,1,2,2754854,1302,0,1302,0,0,79,0
1000,700,21.000000,0.000000,1,2,2754857,1302,0,1302,0,0,79,0
1000,700,21.000000,0.000000,1,2,2754860,1302,0,1302,-1,0,79,0
1000,700,21.000000,0.000000,1,2,2754863,1301,0,1301,-2,0,79,0
1000,700,21.000000,0.000000,1,2,2754865,1301,0,1301,-3,0,79,0
1000,700,21.000000,0.000000,1,2,2754868,1301,0,1301,-3,0,79,0
1000,700,21.000000,0.000000,1,2,2754871,1301,0,1301,-3,0,79,0
1000,700,21.000000,0.000000,1,2,2754874,1301,0,1301,-4,0,79,0
1000,700,21.000000,0.000000,1,2,2754876,1301,0,1301,-5,0,79,0
1000,700,21.000000,0.000000,1,2,2754879,1301,0,1301,-5,0,79,0
1000,700,21.000000,0.000000,1,2,2754882,1301,0,1301,-5,0,79,0
1000,700,21.000000,0.000000,1,2,2754885,1301,0,1301,-5,0,79,0
1000,700,21.000000,0.000000,1,2,2754888,1301,0,1301,-6,0,79,0
1000,700,21.000000,0.000000,1,2,2754890,1301,0,1301,-7,0,79,0
1000,700,21.000000,0.000000,1,2,2754893,1301,0,1301,-7,0,79,0
1000,700,21.000000,0.000000,1,2,2754896,1301,0,1301,-7,0,79,0
1000,700,21.000000,0.000000,1,2,2754899,1301,0,1301,-7,0,79,0
1000,700,21.000000,0.000000,1,2,2754901,1301,0,1301,-7,0,79,0
1000,700,21.000000,0.000000,1,2,2754904,1301,0,1301,-7,0,79,0
1000,700,21.000000,0.000000,1,2,2754907,1301,0,1301,-7,0,79,0
1000,700,21.000000,0.000000,1,2,2754910,1301,0,1301,-7,0,79,0
1000,700,21.000000,0.000000,1,2,2754913,1301,0,1301,-7,0,79,0
1000,700,21.000000,0.000000,1,2,2754916,1301,0,1301,-7,0,79,0
1000,700,21.000000,0.000000,1,2,2754918,1301,0,1301,-7,0,79,0
1000,700,21.000000,0.000000,1,2,2754921,1301,0,1301,-7,0,79,0
1000,700,21.000000,0.000000,1,2,2754924,1301,0,1301,-7,0,79,0
1000,700,21.000000,0.000000,1,2,2754927,1301,0,1301,-7,0,79,0
1000,700,21.000000,0.000000,1,2,2754929,1301,0,1301,-7,0,79,0
1000,700,21.000000,0.000000,1,2,2754932,1301,0,1301,-7,0,79,0
1000,700,21.000000,0.000000,1,2,2754935,1301,0,1301,-7,0,79,0
1000,700,21.000000,0.000000,1,2,2754938,1301,0,1301,-7,0,79,0
1000,700,21.000000,0.000000,1,2,2754940,1301,0,1301,-7,0,79,0
1000,700,21.000000,0.000000,1,2,2754943,1301,0,1301,-7,0,79,0
1000,700,21.000000,0.000000,1,2,2754946,1301,0,1301,-7,0,79,0
1000,700,21.000000,0.000000,1,2,2754949,1301,0,1301,-7,0,79,0
1000,700,21.000000,0.000000,1,2,2754951,1301,0,1301,-7,0,79,0
1000,700,21.000000,0.000000,1,2,2754954,1301,0,1301,-7,0,79,0
1000,700,21.000000,0.000000,1,2,2754957,1301,0,1301,-7,0,79,0
1000,700,21.000000,0.000000,1,2,2754960,1301,0,1301,-7,0,79,0
1000,700,21.000000,0.000000,1,2,2754963,1301,0,1301,-7,0,79,0
1000,700,21.000000,0.000000,1,2,2754965,1301,0,1301,-7,0,79,0
1000,700,21.000000,0.000000,1,2,2754968,1301,0,1301,-7,0,79,0
1000,700,21.000000,0.000000,1,2,2754971,1301,0,1301,-7,0,79,0
1000,700,21.000000,0.000000,1,2,2754974,1301,0,1301,-7,0,79,0
1000,700,21.000000,0.000000,1,2,2754977,1301,0,1301,-7,0,79,0
1000,700,21.000000,0.000000,1,2,2754979,1301,0,1301,-7,0,79,0
1000,700,21.000000,0.000000,1,2,2754982,1301,0,1301,-7,0,79,0
1000,700,21.000000,0.000000,1,2,2754985,1301,0,1301,-7,0,79,0
1000,700,21.000000,0.000000,1,2,2754988,1301,0,1301,-7,0,79,0
1000,700,21.000000,0.000000,1,2,2754990,1301,0,1301,-7,0,79,0
1000,700,21.000000,0.000000,1,2,2754993,1301,0,1301,-7,0,79,0
1000,700,21.000000,0.000000,1,2,2754996,1301,0,1301,-7,0,79,0
1000,700,21.000000,0.000000,1,2,2754999,1301,0,1301,-7,0,79,0
1000,700,21.000000,0.000000,1,2,2755001,1301,0,1301,-7,0,79,0
1000,700,21.000000,0.000000,1,2,2755004,1301,0,1301,-7,0,79,0
1000,700,21.000000,0.000000,1,2,2755007,1301,0,1301,-7,0,79,0
1000,700,21.000000,0.000000,1,2,2755010,1301,0,1301,-7,0,79,0
1000,700,21.000000,0.000000,1,2,2755012,1301,0,1301,-7,0,79,0
1000,700,21.000000,0.000000,1,2,2755015,1301,0,1301,-7,0,79,0
1000,700,21.000000,0.000000,1,2,2755018,1301,0,1301,-7,0,79,0
1000,700,21.000000,0.000000,1,2,2755021,1301,0,1301,-7,0,79,0
1000,700,21.000000,0.000000,1,2,2755024,1301,0,1301,-7,0,79,0
1000,700,21.000000,0.000000,1,2,2755026,1301,0,1301,-7,0,79,0
1000,700,21.000000,0.000000,1,2,2755029,1301,0,1301,-7,0,79,0
1000,700,21.000000,0.000000,1,2,2755032,1301,0,1301,-7,0,79,0
1000,700,21.000000,0.000000,1,2,2755035,1301,0,1301,-7,0,79,0
1000,700,21.000000,0.000000,1,2,2755037,1301,0,1301,-7,0,79,0
1000,700,21.000000,0.000000,1,2,2755040,1301,0,1301,-7,0,79,0
1000,700,21.000000,0.000000,1,2,2755043,1301,0,1301,-7,0,79,0
1000,700,21.000000,0.000000,1,2,2755046,1301,0,1301,-7,0,79,0
1000,700,21.000000,0.000000,1,2,2755049,1301,0,1301,-7,0,79,0
1000,700,21.000000,0.000000,1,2,2755051,1301,0,1301,-7,0,79,0
1000,700,21.000000,0.000000,1,2,2755054,1301,0,1301,-7,0,79,0
1000,700,21.000000,0.000000,1,2,2755057,1301,0,1301,-7,0,79,0
1000,700,21.000000,0.000000,1,2,2755060,1301,0,1301,-7,0,79,0
1000,700,21.000000,0.000000,1,2,2755062,1301,0,1301,-7,0,79,0
1000,700,21.000000,0.000000,1,2,2755065,1301,0,1301,-7,0,79,0
1000,700,21.000000,0.000000,1,2,2755068,1301,0,1301,-7,0,79,0
1000,700,21.000000,0.000000,1,2,2755071,1301,0,1301,-7,0,79,0
1000,700,21.000000,0.000000,1,2,2755074,1301,0,1301,-7,0,79,0
1000,700,21.000000,0.000000,1,2,2755076,1301,0,1301,-7,0,79,0
1000,700,21.000000,0.000000,1,2,2755079,1301,0,1301,-7,0,79,0
1000,700,21.000000,0.000000,1,2,2755082,1301,0,1301,-7,0,79,0
1000,700,21.000000,0.000000,1,2,2755085,1301,0,1301,-7,0,79,0
1000,700,21.000000,0.000000,1,2,2755087,1301,0,1301,-7,0,79,0
1000,700,21.000000,0.000000,1,2,2755090,1301,0,1301,-7,0,79,0
1000,700,21.000000,0.000000,1,2,2755093,1301,0,1301,-7,0,79,0
1000,700,21.000000,0.000000,1,2,2755096,1301,0,1301,-7,0,79,0
1000,700,21.000000,0.000000,1,2,2755099,1301,0,1301,-7,0,79,0
1000,700,21.000000,0.000000,1,2,2755101,1301,0,1301,-7,0,79,0
1000,700,21.000000,0.000000,1,2,2755104,1301,0,1301,-7,0,79,0
1000,700,21.000000,0.000000,1,2,2755117,1301,0,1301,-7,0,79,0
