1000,700,21.000000,42.000000,0,0,1687922,619,0,619,0,0,7,4
1000,700,21.000000,42.000000,0,0,1687923,619,0,619,0,0,7,4
1000,700,21.000000,42.000000,0,0,1687925,619,0,619,0,0,7,4
1000,700,21.000000,42.000000,0,0,1687928,619,0,619,0,0,7,4
1000,700,21.000000,42.000000,0,0,1687931,619,0,619,0,0,7,4
1000,700,21.000000,42.000000,0,0,1687934,619,0,619,0,0,7,4
1000,700,21.000000,42.000000,0,0,1687936,619,0,619,0,0,7,4
1000,700,21.000000,42.000000,0,0,1687939,619,0,619,0,0,7,4
1000,700,21.000000,42.000000,0,0,1687942,619,0,619,0,0,7,4
1000,700,21.000000,42.000000,0,0,1687945,619,0,619,0,0,7,4
1000,700,21.000000,42.000000,0,0,1687948,619,0,619,0,0,7,4
1000,700,21.000000,42.000000,0,0,1687950,619,0,619,0,0,7,4
1000,700,21.000000,42.000000,0,0,1687953,619,0,619,0,0,7,4
1000,700,21.000000,42.000000,0,0,1687956,619,0,619,0,0,7,4
1000,700,21.000000,42.000000,0,0,1687959,619,0,619,0,0,7,4
1000,700,21.000000,42.000000,0,0,1687961,619,0,619,0,0,7,4
1000,700,21.000000,42.000000,0,0,1687964,619,0,619,0,0,7,4
1000,700,21.000000,42.000000,0,0,1687967,619,0,619,0,0,7,4
1000,700,21.000000,42.000000,0,0,1687970,619,0,619,0,0,7,4
1000,700,21.000000,42.000000,0,0,1687972,619,0,619,0,0,7,4
1000,700,21.000000,42.000000,0,0,1687975,619,0,619,0,0,7,4
1000,700,21.000000,42.000000,0,0,1687978,619,0,619,0,0,7,4
1000,700,21.000000,42.000000,0,0,1687981,619,0,619,0,0,7,4
1000,700,21.000000,42.000000,0,0,1687984,619,0,619,0,0,7,4
1000,700,21.000000,42.000000,0,0,1687986,620,0,620,0,0,7,4
1000,700,21.000000,42.000000,0,0,1687989,621,0,621,0,0,7,4
1000,700,21.000000,42.000000,0,0,1687992,622,0,622,0,0,7,4
1000,700,21.000000,42.000000,0,0,1687995,623,0,623,0,0,7,4
1000,700,21.000000,42.000000,0,0,1687998,624,0,624,0,0,7,4
1000,700,21.000000,42.000000,0,0,1688000,625,0,625,-1,0,7,4
1000,700,21.000000,42.000000,0,0,1688003,627,0,627,-1,0,7,4
1000,700,21.000000,42.000000,0,0,1688006,629,0,629,-1,0,7,4
1000,700,21.000000,42.000000,0,0,1688008,631,0,631,-1,0,7,4
1000,700,21.000000,42.000000,0,0,1688011,635,0,635,-2,0,7,4
1000,700,21.000000,42.000000,0,0,1688014,639,0,639,-2,0,7,4
1000,700,21.000000,42.000000,0,0,1688017,642,0,642,-2,0,7,4
1000,700,21.000000,42.000000,0,0,1688020,644,0,644,-2,0,7,4
1000,700,21.000000,42.000000,0,0,1688022,649,0,649,-3,0,7,4
1000,700,21.000000,42.000000,0,0,1688025,652,0,652,-3,0,7,4
1000,700,21.000000,42.000000,0,0,1688028,658,0,658,-4,0,7,4
1000,700,21.000000,42.000000,0,0,1688031,670,0,670,-5,0,7,4
1000,700,21.000000,42.000000,0,0,1688034,678,0,678,-6,0,7,4
1000,700,21.000000,42.000000,0,0,1688037,690,0,690,-7,0,7,4
1000,700,21.000000,42.000000,0,0,1688039,698,0,698,-8,0,7,4
1000,700,21.000000,42.000000,0,0,1688042,713,0,713,-8,0,7,4
1000,700,21.000000,42.000000,0,0,1688045,721,0,721,-9,0,7,4
1000,700,21.000000,42.000000,0,0,1688048,733,0,733,-11,0,7,4
1000,700,21.000000,42.000000,0,0,1688051,746,0,746,-12,0,7,4
1000,700,21.000000,42.000000,0,0,1688053,765,0,765,-13,0,7,4
1000,700,21.000000,42.000000,0,0,1688056,779,0,779,-14,0,7,4
1000,700,21.000000,42.000000,0,0,1688059,793,0,793,-15,0,7,4
1000,700,21.000000,42.000000,0,0,1688062,813,0,813,-16,0,7,4
1000,700,21.000000,42.000000,0,0,1688065,833,0,833,-17,0,7,4
1000,700,21.000000,42.000000,0,0,1688068,849,0,849,-18,0,7,4
1000,700,21.000000,42.000000,0,0,1688070,871,0,871,-19,0,7,4
1000,700,21.000000,42.000000,0,0,1688073,890,0,890,-20,0,7,4
1000,700,21.000000,42.000000,0,0,1688076,905,0,905,-21,0,7,4
1000,700,21.000000,42.000000,0,0,1688079,917,0,917,-21,0,7,4
1000,700,21.000000,42.000000,0,0,1688082,946,0,946,-22,0,7,4
1000,700,21.000000,42.000000,0,0,1688085,961,0,961,-23,0,7,4
1000,700,21.000000,42.000000,0,0,1688087,984,0,984,-24,0,7,4
1000,700,21.000000,42.000000,0,0,1688090,1001,0,1001,-25,0,7,4
1000,700,21.000000,42.000000,0,0,1688093,1018,0,1018,-27,0,7,4
1000,700,21.000000,42.000000,0,0,1688096,1038,0,1038,-28,0,7,4
1000,700,21.000000,42.000000,0,0,1688098,1058,0,1058,-29,0,7,4
1000,700,21.000000,42.000000,0,0,1688101,1074,0,1074,-30,0,7,4
1000,700,21.000000,42.000000,0,0,1688104,1097,0,1097,-31,0,7,4
1000,700,21.000000,42.000000,0,0,1688107,1108,0,1108,-32,0,7,4
1000,700,21.000000,42.000000,0,0,1688110,1121,0,1121,-33,0,7,4
1000,700,21.000000,42.000000,0,0,1688113,1132,0,1132,-34,0,7,4
1000,700,21.000000,42.000000,0,0,1688116,1141,0,1141,-34,0,7,4
1000,700,21.000000,42.000000,0,0,1688119,1153,0,1153,-35,0,7,4
1000,700,21.000000,42.000000,0,0,1688121,1164,0,1164,-35,0,7,4
1000,700,21.000000,42.000000,0,0,1688124,1174,0,1174,-35,0,7,4
1000,700,21.000000,42.000000,0,0,1688127,1186,0,1186,-35,0,7,4
1000,700,21.000000,42.000000,0,0,1688130,1198,0,1198,-36,0,7,4
1000,700,21.000000,42.000000,0,0,1688133,1206,0,1206,-36,0,7,4
1000,700,21.000000,42.000000,0,0,1688135,1215,0,1215,-37,0,7,4
1000,700,21.000000,42.000000,0,0,1688138,1221,0,1221,-37,0,7,4
1000,700,21.000000,42.000000,0,0,1688141,1227,0,1227,-37,0,7,4
1000,700,21.000000,42.000000,0,0,1688144,1232,0,1232,-37,0,7,4
1000,700,21.000000,42.000000,0,0,1688147,1235,0,1235,-37,0,7,4
1000,700,21.000000,42.000000,0,0,1688150,1239,0,1239,-37,0,7,4
1000,700,21.000000,42.000000,0,0,1688153,1241,0,1241,-37,0,7,4
1000,700,21.000000,42.000000,0,0,1688156,1245,0,1245,-37,0,7,4
1000,700,21.000000,42.000000,0,0,1688159,1246,0,1246,-37,0,7,4
1000,700,21.000000,42.000000,0,0,1688162,1248,0,1248,-37,0,7,4
1000,700,21.000000,42.000000,0,0,1688165,1249,0,1249,-37,0,7,4
1000,700,21.000000,42.000000,0,0,1688167,1250,0,1250,-37,0,7,4
1000,700,21.000000,42.000000,0,0,1688170,1251,0,1251,-37,0,7,4
1000,700,21.000000,42.000000,0,0,1688173,1251,0,1251,-37,0,7,4
1000,700,21.000000,42.000000,0,0,1688175,1251,0,1251,-37,0,7,4
1000,700,21.000000,42.000000,0,0,1688178,1251,0,1251,-37,0,7,4
1000,700,21.000000,42.000000,0,0,1688181,1251,0,1251,-37,0,7,4
1000,700,21.000000,42.000000,0,0,1688184,1251,0,1251,-37,0,7,4
1000,700,21.000000,42.000000,0,0,1688187,1251,0,1251,-37,0,7,4
1000,700,21.000000,42.000000,0,0,1688190,1251,0,1251,-37,0,7,4
1000,700,21.000000,42.000000,0,0,1688192,1251,0,1251,-37,0,7,4
1000,700,21.000000,42.000000,0,0,1688195,1251,0,1251,-37,0,7,4
1000,700,21.000000,42.000000,0,0,1688198,1251,0,1251,-37,0,7,4
1000,700,21.000000,42.000000,0,0,1688201,1251,0,1251,-37,0,7,4
1000,700,21.000000,42.000000,0,0,1688203,1251,0,1251,-37,0,7,4
1000,700,21.000000,42.000000,0,0,1688206,1251,0,1251,-37,0,7,4
1000,700,21.000000,42.000000,0,0,1688209,1251,0,1251,-37,0,7,4
1000,700,21.000000,42.000000,0,0,1688212,1251,0,1251,-37,0,7,4
1000,700,21.000000,42.000000,0,0,1688215,1251,0,1251,-37,0,7,4
1000,700,21.000000,42.000000,0,0,1688218,1251,0,1251,-37,0,7,4
1000,700,21.000000,42.000000,0,0,1688221,1251,0,1251,-37,0,7,4
1000,700,21.000000,42.000000,0,0,1688224,1251,0,1251,-37,0,7,4
1000,700,21.000000,42.000000,0,0,1688227,1251,0,1251,-37,0,7,4
1000,700,21.000000,42.000000,0,0,1688230,1251,0,1251,-37,0,7,4
1000,700,21.000000,42.000000,0,0,1688233,1251,0,1251,-37,0,7,4
1000,700,21.000000,42.000000,0,0,1688236,1251,0,1251,-37,0,7,4
1000,700,21.000000,42.000000,0,0,1688238,1251,0,1251,-37,0,7,4
1000,700,21.000000,42.000000,0,0,1688241,1251,0,1251,-37,0,7,4
1000,700,21.000000,42.000000,0,0,1688244,1251,0,1251,-37,0,7,4
1000,700,21.000000,42.000000,0,0,1688247,1251,0,1251,-37,0,7,4
1000,700,21.000000,42.000000,0,0,1688249,1251,0,1251,-37,0,7,4
1000,700,21.000000,42.000000,0,0,1688252,1251,0,1251,-37,0,7,4
1000,700,21.000000,42.000000,0,0,1688255,1251,0,1251,-37,0,7,4
1000,700,21.000000,42.000000,0,0,1688258,1251,0,1251,-37,0,7,4
1000,700,21.000000,42.000000,0,0,1688260,1251,0,1251,-37,0,7,4
1000,700,21.000000,42.000000,0,0,1688263,1251,0,1251,-37,0,7,4
1000,700,21.000000,42.000000,0,0,1688266,1251,0,1251,-37,0,7,4
1000,700,21.000000,42.000000,0,0,1688268,1251,0,1251,-37,0,7,4
1000,700,21.000000,42.000000,0,0,1688271,1251,0,1251,-37,0,7,4
1000,700,21.000000,42.000000,0,0,1688274,1251,0,1251,-37,0,7,4
1000,700,21.000000,42.000000,0,0,1688277,1251,0,1251,-37,0,7,4
1000,700,21.000000,42.000000,0,0,1688279,1251,0,1251,-37,0,7,4
1000,700,21.000000,42.000000,0,0,1688282,1251,0,1251,-37,0,7,4
1000,700,21.000000,42.000000,0,0,1688285,1251,0,1251,-37,0,7,4
1000,700,21.000000,42.000000,0,0,1688288,1251,0,1251,-37,0,7,4
1000,700,21.000000,42.000000,0,0,1688290,1251,0,1251,-37,0,7,4
1000,700,21.000000,42.000000,0,0,1688293,1251,0,1251,-37,0,7,4
1000,700,21.000000,42.000000,0,0,1688296,1252,0,1252,-37,0,7,4
1000,700,21.000000,42.000000,0,0,1688299,1252,0,1252,-37,0,7,4
1000,700,21.000000,42.000000,0,0,1688302,1252,0,1252,-37,0,7,4
1000,700,21.000000,42.000000,0,0,1688304,1252,0,1252,-37,0,7,4
1000,700,21.000000,42.000000,0,0,1688307,1252,0,1252,-37,0,7,4
1000,700,21.000000,42.000000,0,0,1688310,1252,0,1252,-37,0,7,4
1000,700,21.000000,42.000000,0,0,1688313,1253,0,1253,-37,0,7,4
1000,700,21.000000,42.000000,0,0,1688316,1253,0,1253,-37,0,7,4
1000,700,21.000000,42.000000,0,0,1688318,1253,0,1253,-37,0,7,4
1000,700,21.000000,42.000000,0,0,1688321,1254,0,1254,-37,0,7,4
1000,700,21.000000,42.000000,0,0,1688324,1254,0,1254,-37,0,7,4
1000,700,21.000000,42.000000,0,0,1688327,1254,0,1254,-37,0,7,4
1000,700,21.000000,42.000000,0,0,1688330,1255,0,1255,-37,0,7,4
1000,700,21.000000,42.000000,0,0,1688332,1256,0,1256,-37,0,7,4
1000,700,21.000000,42.000000,0,0,1688335,1257,0,1257,-37,0,7,4
1000,700,21.000000,42.000000,0,0,1688338,1257,0,1257,-37,0,7,4
1000,700,21.000000,42.000000,0,0,1688341,1257,0,1257,-37,0,7,4
1000,700,21.000000,42.000000,0,0,1688343,1257,0,1257,-37,0,7,4
1000,700,21.000000,42.000000,0,0,1688346,1258,0,1258,-37,0,7,4
1000,700,21.000000,42.000000,0,0,1688349,1259,0,1259,-37,0,7,4
1000,700,21.000000,42.000000,0,0,1688352,1261,0,1261,-37,0,7,4
1000,700,21.000000,42.000000,0,0,1688355,1263,0,1263,-37,0,7,4
1000,700,21.000000,42.000000,0,0,1688357,1265,0,1265,-37,0,7,4
1000,700,21.000000,42.000000,0,0,1688360,1267,0,1267,-37,0,7,4
1000,700,21.000000,42.000000,0,0,1688363,1269,0,1269,-37,0,7,4
1000,700,21.000000,42.000000,0,0,1688366,1271,0,1271,-37,0,7,4
1000,700,21.000000,42.000000,0,0,1688368,1273,0,1273,-37,0,7,4
1000,700,21.000000,42.000000,0,0,1688371,1276,0,1276,-37,0,7,4
1000,700,21.000000,42.000000,0,0,1688374,1279,0,1279,-37,0,7,4
1000,700,21.000000,42.000000,0,0,1688377,1281,0,1281,-37,0,7,4
1000,700,21.000000,42.000000,0,0,1688379,1283,0,1283,-37,0,7,4
1000,700,21.000000,42.000000,0,0,1688382,1285,1,1285,-36,0,7,4
1000,700,21.000000,42.000000,0,0,1688385,1287,1,1287,-36,0,7,4
1000,700,21.000000,42.000000,0,0,1688388,1289,1,1289,-36,0,7,4
1000,700,21.000000,42.000000,0,0,1688391,1292,1,1292,-36,0,7,4
1000,700,21.000000,42.000000,0,0,1688394,1294,1,1294,-36,0,7,4
1000,700,21.000000,42.000000,0,0,1688396,1297,1,1297,-36,0,7,4
1000,700,21.000000,42.000000,0,0,1688399,1298,1,1298,-36,0,7,4
1000,700,21.000000,42.000000,0,0,1688402,1300,1,1300,-36,0,7,4
1000,700,21.000000,42.000000,0,0,1688405,1301,1,1301,-36,0,7,4
1000,700,21.000000,42.000000,0,0,1688408,1303,1,1303,-36,0,7,4
1000,700,21.000000,42.000000,0,0,1688410,1304,1,1304,-36,0,7,4
1000,700,21.000000,42.000000,0,0,1688413,1305,1,1305,-36,0,7,4
1000,700,21.000000,42.000000,0,0,1688416,1305,1,1305,-36,0,7,4
1000,700,21.000000,42.000000,0,0,1688419,1305,1,1305,-36,0,7,4
1000,700,21.000000,42.000000,0,0,1688421,1305,1,1305,-36,0,7,4
1000,700,21.000000,42.000000,0,0,1688424,1305,1,1305,-36,0,7,4
1000,700,21.000000,42.000000,0,0,1688427,1305,1,1305,-36,0,7,4
1000,700,21.000000,42.000000,0,0,1688430,1305,1,1305,-36,0,7,4
1000,700,21.000000,42.000000,0,0,1688432,1305,1,1305,-36,0,7,4
1000,700,21.000000,42.000000,0,0,1688435,1305,1,1305,-36,0,7,4
1000,700,21.000000,42.000000,0,0,1688438,1305,1,1305,-36,0,7,4
1000,700,21.000000,42.000000,0,0,1688441,1305,1,1305,-36,0,7,4
1000,700,21.000000,42.000000,0,0,1688443,1305,1,1305,-36,0,7,4
1000,700,21.000000,42.000000,0,0,1688446,1305,1,1305,-36,0,7,4
1000,700,21.000000,42.000000,0,0,1688449,1305,1,1305,-36,0,7,4
1000,700,21.000000,42.000000,0,0,1688452,1305,1,1305,-36,0,7,4
1000,700,21.000000,42.000000,0,0,1688454,1305,1,1305,-36,0,7,4
1000,700,21.000000,42.000000,0,0,1688457,1305,1,1305,-36,0,7,4
1000,700,21.000000,42.000000,0,0,1688460,1305,1,1305,-36,0,7,4
1000,700,21.000000,42.000000,0,0,1688463,1305,1,1305,-36,0,7,4
1000,700,21.000000,42.000000,0,0,1688465,1305,1,1305,-36,0,7,4
1000,700,21.000000,42.000000,0,0,1688468,1306,1,1306,-36,0,7,4
1000,700,21.000000,42.000000,0,0,1688471,1306,1,1306,-36,0,7,4
1000,700,21.000000,42.000000,0,0,1688474,1306,1,1306,-36,0,7,4
1000,700,21.000000,42.000000,0,0,1688476,1307,1,1307,-36,0,7,4
1000,700,21.000000,42.000000,0,0,1688479,1307,1,1307,-36,0,7,4
1000,700,21.000000,42.000000,0,0,1688482,1308,1,1308,-36,0,7,4
1000,700,21.000000,42.000000,0,0,1688485,1308,1,1308,-36,0,7,4
1000,700,21.000000,42.000000,0,0,1688488,1308,1,1308,-36,0,7,4
1000,700,21.000000,42.000000,0,0,1688490,1308,1,1308,-36,0,7,4
1000,700,21.000000,42.000000,0,0,1688493,1309,1,1309,-36,0,7,4
1000,700,21.000000,42.000000,0,0,1688496,1310,2,1310,-35,0,7,4
1000,700,21.000000,42.000000,0,0,1688499,1310,2,1310,-35,0,7,4
1000,700,21.000000,42.000000,0,0,1688501,1311,2,1311,-35,0,7,4
1000,700,21.000000,42.000000,0,0,1688504,1311,2,1311,-35,0,7,4
1000,700,21.000000,42.000000,0,0,1688507,1311,2,1311,-35,0,7,4
1000,700,21.000000,42.000000,0,0,1688510,1312,2,1312,-35,0,7,4
1000,700,21.000000,42.000000,0,0,1688513,1312,2,1312,-35,0,7,4
1000,700,21.000000,42.000000,0,0,1688515,1312,2,1312,-35,0,7,4
1000,700,21.000000,42.000000,0,0,1688518,1312,2,1312,-35,0,7,4
1000,700,21.000000,42.000000,0,0,1688521,1312,2,1312,-35,0,7,4
1000,700,21.000000,42.000000,0,0,1688523,1312,2,1312,-35,0,7,4
1000,700,21.000000,42.000000,0,0,1688526,1312,2,1312,-35,0,7,4
1000,700,21.000000,42.000000,0,0,1688529,1312,2,1312,-35,0,7,4
1000,700,21.000000,42.000000,0,0,1688532,1312,2,1312,-35,0,7,4
1000,700,21.000000,42.000000,0,0,1688535,1312,2,1312,-35,0,7,4
1000,700,21.000000,42.000000,0,0,1688538,1312,2,1312,-35,0,7,4
1000,700,21.000000,42.000000,0,0,1688540,1312,2,1312,-35,0,7,4
1000,700,21.000000,42.000000,0,0,1688543,1312,2,1312,-35,0,7,4
1000,700,21.000000,42.000000,0,0,1688546,1312,2,1312,-35,0,7,4
1000,700,21.000000,42.000000,0,0,1688549,1312,2,1312,-35,0,7,4
1000,700,21.000000,42.000000,0,0,1688552,1312,2,1312,-35,0,7,4
1000,700,21.000000,42.000000,0,0,1688554,1312,2,1312,-35,0,7,4
1000,700,21.000000,42.000000,0,0,1688557,1312,2,1312,-35,0,7,4
1000,700,21.000000,42.000000,0,0,1688560,1312,2,1312,-35,0,7,4
1000,700,21.000000,42.000000,0,0,1688563,1312,2,1312,-35,0,7,4
1000,700,21.000000,42.000000,0,0,1688565,1312,2,1312,-35,0,7,4
1000,700,21.000000,42.000000,0,0,1688568,1312,2,1312,-35,0,7,4
1000,700,21.000000,42.000000,0,0,1688571,1312,2,1312,-35,0,7,4
1000,700,21.000000,42.000000,0,0,1688574,1312,2,1312,-35,0,7,4
1000,700,21.000000,42.000000,0,0,1688576,1312,2,1312,-35,0,7,4
1000,700,21.000000,42.000000,0,0,1688579,1312,2,1312,-35,0,7,4
1000,700,21.000000,42.000000,0,0,1688582,1312,2,1312,-35,0,7,4
1000,700,21.000000,42.000000,0,0,1688584,1312,2,1312,-35,0,7,4
1000,700,21.000000,42.000000,0,0,1688587,1312,2,1312,-35,0,7,4
1000,700,21.000000,42.000000,0,0,1688590,1312,2,1312,-35,0,7,4
1000,700,21.000000,42.000000,0,0,1688593,1312,2,1312,-35,0,7,4
1000,700,21.000000,42.000000,0,0,1688595,1312,2,1312,-35,0,7,4
1000,700,21.000000,42.000000,0,0,1688598,1312,2,1312,-35,0,7,4
1000,700,21.000000,42.000000,0,0,1688601,1312,2,1312,-35,0,7,4
1000,700,21.000000,42.000000,0,0,1688604,1312,2,1312,-35,0,7,4
1000,700,21.000000,42.000000,0,0,1688606,1312,2,1312,-35,0,7,4
1000,700,21.000000,42.000000,0,0,1688609,1312,2,1312,-35,0,7,4
1000,700,21.000000,42.000000,0,0,1688612,1312,2,1312,-35,0,7,4
1000,700,21.000000,42.000000,0,0,1688615,1312,2,1312,-35,0,7,4
1000,700,21.000000,42.000000,0,0,1688617,1312,2,1312,-35,0,7,4
1000,700,21.000000,42.000000,0,0,1688620,1312,2,1312,-35,0,7,4
1000,700,21.000000,42.000000,0,0,1688623,1312,2,1312,-35,0,7,4
1000,700,21.000000,42.000000,0,0,1688626,1312,2,1312,-35,0,7,4
1000,700,21.000000,42.000000,0,0,1688629,1312,2,1312,-35,0,7,4
1000,700,21.000000,42.000000,0,0,1688631,1312,2,1312,-35,0,7,4
1000,700,21.000000,42.000000,0,0,1688634,1312,2,1312,-35,0,7,4
1000,700,21.000000,42.000000,0,0,1688637,1312,2,1312,-35,0,7,4
1000,700,21.000000,42.000000,0,0,1688640,1312,2,1312,-35,0,7,4
1000,700,21.000000,42.000000,0,0,1688642,1312,2,1312,-35,0,7,4
1000,700,21.000000,42.000000,0,0,1688645,1312,2,1312,-35,0,7,4
1000,700,21.000000,42.000000,0,0,1688648,1312,2,1312,-35,0,7,4
1000,700,21.000000,42.000000,0,0,1688651,1312,2,1312,-35,0,7,4
1000,700,21.000000,42.000000,0,0,1688654,1312,2,1312,-35,0,7,4
1000,700,21.000000,42.000000,0,0,1688656,1312,2,1312,-35,0,7,4
1000,700,21.000000,42.000000,0,0,1688659,1312,2,1312,-35,0,7,4
1000,700,21.000000,42.000000,0,0,1688662,1312,2,1312,-35,0,7,4
1000,700,21.000000,42.000000,0,0,1688665,1312,2,1312,-35,0,7,4
1000,700,21.000000,42.000000,0,0,1688667,1312,2,1312,-35,0,7,4
1000,700,21.000000,42.000000,0,0,1688670,1312,2,1312,-35,0,7,4
1000,700,21.000000,42.000000,0,0,1688673,1312,2,1312,-35,0,7,4
1000,700,21.000000,42.000000,0,0,1688676,1312,2,1312,-35,0,7,4
1000,700,21.000000,42.000000,0,0,1688679,1312,2,1312,-35,0,7,4
1000,700,21.000000,42.000000,0,0,1688681,1312,2,1312,-35,0,7,4
1000,700,21.000000,42.000000,0,0,1688684,1312,2,1312,-35,0,7,4
1000,700,21.000000,42.000000,0,0,1688687,1312,2,1312,-35,0,7,4
1000,700,21.000000,42.000000,0,0,1688690,1312,2,1312,-35,0,7,4
1000,700,21.000000,42.000000,0,0,1688692,1312,2,1312,-35,0,7,4
1000,700,21.000000,42.000000,0,0,1688695,1312,2,1312,-35,0,7,4
1000,700,21.000000,42.000000,0,0,1688698,1312,2,1312,-35,0,7,4
1000,700,21.000000,42.000000,0,0,1688701,1312,2,1312,-35,0,7,4
1000,700,21.000000,42.000000,0,0,1688704,1312,2,1312,-35,0,7,4
1000,700,21.000000,42.000000,0,0,1688706,1312,2,1312,-35,0,7,4
1000,700,21.000000,42.000000,0,0,1688709,1312,2,1312,-35,0,7,4
1000,700,21.000000,42.000000,0,0,1688712,1312,2,1312,-35,0,7,4
1000,700,21.000000,42.000000,0,0,1688715,1312,2,1312,-35,0,7,4
1000,700,21.000000,42.000000,0,0,1688717,1312,2,1312,-35,0,7,4
1000,700,21.000000,42.000000,0,0,1688720,1312,2,1312,-35,0,7,4
1000,700,21.000000,42.000000,0,0,1688723,1312,2,1312,-35,0,7,4
1000,700,21.000000,42.000000,0,0,1688726,1312,2,1312,-35,0,7,4
1000,700,21.000000,42.000000,0,0,1688739,1312,2,1312,-35,0,7,4
