1000,350,21.000000,10000.000000,0,5,3278611,793,0,793,0,0,110,3
1000,350,21.000000,10000.000000,0,5,3278611,793,0,793,0,0,110,3
1000,350,21.000000,10000.000000,0,5,3278614,793,0,793,0,0,110,3
1000,350,21.000000,10000.000000,0,5,3278617,793,0,793,0,0,110,3
1000,350,21.000000,10000.000000,0,5,3278620,793,0,793,0,0,110,3
1000,350,21.000000,10000.000000,0,5,3278623,793,0,793,0,0,110,3
1000,350,21.000000,10000.000000,0,5,3278625,793,0,793,0,0,110,3
1000,350,21.000000,10000.000000,0,5,3278628,793,0,793,0,0,110,3
1000,350,21.000000,10000.000000,0,5,3278631,793,0,793,0,0,110,3
1000,350,21.000000,10000.000000,0,5,3278634,793,0,793,0,0,110,3
1000,350,21.000000,10000.000000,0,5,3278636,793,0,793,0,0,110,3
1000,350,21.000000,10000.000000,0,5,3278639,793,0,793,0,0,110,3
1000,350,21.000000,10000.000000,0,5,3278642,793,0,793,0,0,110,3
1000,350,21.000000,10000.000000,0,5,3278645,793,0,793,0,0,110,3
1000,350,21.000000,10000.000000,0,5,3278647,793,0,793,0,0,110,3
1000,350,21.000000,10000.000000,0,5,3278650,793,0,793,0,0,110,3
1000,350,21.000000,10000.000000,0,5,3278653,793,0,793,0,0,110,3
1000,350,21.000000,10000.000000,0,5,3278656,793,0,793,0,0,110,3
1000,350,21.000000,10000.000000,0,5,3278659,793,0,793,0,0,110,3
1000,350,21.000000,10000.000000,0,5,3278661,793,0,793,0,0,110,3
1000,350,21.000000,10000.000000,0,5,3278664,793,0,793,0,0,110,3
1000,350,21.000000,10000.000000,0,5,3278667,793,0,793,0,0,110,3
1000,350,21.000000,10000.000000,0,5,3278670,793,0,793,0,0,110,3
1000,350,21.000000,10000.000000,0,5,3278672,793,0,793,0,0,110,3
1000,350,21.000000,10000.000000,0,5,3278675,793,0,793,0,0,110,3
1000,350,21.000000,10000.000000,0,5,3278678,793,0,793,0,0,110,3
1000,350,21.000000,10000.000000,0,5,3278681,794,0,794,0,0,110,3
1000,350,21.000000,10000.000000,0,5,3278684,795,0,795,0,0,110,3
1000,350,21.000000,10000.000000,0,5,3278686,795,0,795,-1,0,110,3
1000,350,21.000000,10000.000000,0,5,3278689,796,0,796,-1,0,110,3
1000,350,21.000000,10000.000000,0,5,3278692,797,0,797,-1,0,110,3
1000,350,21.000000,10000.000000,0,5,3278695,798,0,798,-1,0,110,3
1000,350,21.000000,10000.000000,0,5,3278698,800,0,800,-1,0,110,3
1000,350,21.000000,10000.000000,0,5,3278700,802,0,802,-1,0,110,3
1000,350,21.000000,10000.000000,0,5,3278703,805,0,805,-1,0,110,3
1000,350,21.000000,10000.000000,0,5,3278706,808,0,808,-1,0,110,3
1000,350,21.000000,10000.000000,0,5,3278709,812,0,812,-1,0,110,3
1000,350,21.000000,10000.000000,0,5,3278712,815,0,815,-1,0,110,3
1000,350,21.000000,10000.000000,0,5,3278715,818,0,818,-2,0,110,3
1000,350,21.000000,10000.000000,0,5,3278718,821,0,821,-3,0,110,3
1000,350,21.000000,10000.000000,0,5,3278721,827,0,827,-3,0,110,3
1000,350,21.000000,10000.000000,0,5,3278724,834,0,834,-4,0,110,3
1000,350,21.000000,10000.000000,0,5,3278728,838,0,838,-4,0,110,3
1000,350,21.000000,10000.000000,0,5,3278731,843,0,843,-4,0,110,3
1000,350,21.000000,10000.000000,0,5,3278734,852,0,852,-4,0,110,3
1000,350,21.000000,10000.000000,0,5,3278737,858,0,858,-5,0,110,3
1000,350,21.000000,10000.000000,0,5,3278739,862,0,862,-5,0,110,3
1000,350,21.000000,10000.000000,0,5,3278742,872,0,872,-6,0,110,3
1000,350,21.000000,10000.000000,0,5,3278745,880,0,880,-6,0,110,3
1000,350,21.000000,10000.000000,0,5,3278748,887,0,887,-7,0,110,3
1000,350,21.000000,10000.000000,0,5,3278751,893,0,893,-8,0,110,3
1000,350,21.000000,10000.000000,0,5,3278754,904,0,904,-9,0,110,3
1000,350,21.000000,10000.000000,0,5,3278756,912,0,912,-9,0,110,3
1000,350,21.000000,10000.000000,0,5,3278759,920,0,920,-10,0,110,3
1000,350,21.000000,10000.000000,0,5,3278762,929,0,929,-11,0,110,3
1000,350,21.000000,10000.000000,0,5,3278765,937,0,937,-12,0,110,3
1000,350,21.000000,10000.000000,0,5,3278768,945,0,945,-13,0,110,3
1000,350,21.000000,10000.000000,0,5,3278771,951,0,951,-13,0,110,3
1000,350,21.000000,10000.000000,0,5,3278773,958,0,958,-13,0,110,3
1000,350,21.000000,10000.000000,0,5,3278776,964,0,964,-13,0,110,3
1000,350,21.000000,10000.000000,0,5,3278779,969,0,969,-13,0,110,3
1000,350,21.000000,10000.000000,0,5,3278782,976,0,976,-14,0,110,3
1000,350,21.000000,10000.000000,0,5,3278784,980,0,980,-14,0,110,3
1000,350,21.000000,10000.000000,0,5,3278787,988,0,988,-14,0,110,3
1000,350,21.000000,10000.000000,0,5,3278790,993,0,993,-14,0,110,3
1000,350,21.000000,10000.000000,0,5,3278793,998,0,998,-14,0,110,3
1000,350,21.000000,10000.000000,0,5,3278796,1002,0,1002,-14,0,110,3
1000,350,21.000000,10000.000000,0,5,3278798,1006,0,1006,-14,0,110,3
1000,350,21.000000,10000.000000,0,5,3278801,1010,0,1010,-15,0,110,3
1000,350,21.000000,10000.000000,0,5,3278804,1014,0,1014,-15,0,110,3
1000,350,21.000000,10000.000000,0,5,3278807,1017,0,1017,-16,0,110,3
1000,350,21.000000,10000.000000,0,5,3278810,1022,0,1022,-16,0,110,3
1000,350,21.000000,10000.000000,0,5,3278813,1025,0,1025,-16,0,110,3
1000,350,21.000000,10000.000000,0,5,3278815,1029,0,1029,-16,0,110,3
1000,350,21.000000,10000.000000,0,5,3278818,1032,0,1032,-16,0,110,3
1000,350,21.000000,10000.000000,0,5,3278821,1034,0,1034,-16,0,110,3
1000,350,21.000000,10000.000000,0,5,3278824,1036,0,1036,-16,0,110,3
1000,350,21.000000,10000.000000,0,5,3278827,1038,0,1038,-16,0,110,3
1000,350,21.000000,10000.000000,0,5,3278830,1040,0,1040,-16,0,110,3
1000,350,21.000000,10000.000000,0,5,3278833,1042,0,1042,-17,0,110,3
1000,350,21.000000,10000.000000,0,5,3278835,1043,0,1043,-17,0,110,3
1000,350,21.000000,10000.000000,0,5,3278838,1045,0,1045,-17,0,110,3
1000,350,21.000000,10000.000000,0,5,3278841,1046,0,1046,-17,0,110,3
1000,350,21.000000,10000.000000,0,5,3278844,1048,0,1048,-17,0,110,3
1000,350,21.000000,10000.000000,0,5,3278846,1050,0,1050,-17,0,110,3
1000,350,21.000000,10000.000000,0,5,3278849,1052,0,1052,-17,0,110,3
1000,350,21.000000,10000.000000,0,5,3278852,1054,0,1054,-17,0,110,3
1000,350,21.000000,10000.000000,0,5,3278855,1055,0,1055,-18,0,110,3
1000,350,21.000000,10000.000000,0,5,3278858,1057,0,1057,-18,0,110,3
1000,350,21.000000,10000.000000,0,5,3278860,1058,0,1058,-18,0,110,3
1000,350,21.000000,10000.000000,0,5,3278863,1058,0,1058,-18,0,110,3
1000,350,21.000000,10000.000000,0,5,3278866,1059,0,1059,-18,0,110,3
1000,350,21.000000,10000.000000,0,5,3278869,1060,0,1060,-18,0,110,3
1000,350,21.000000,10000.000000,0,5,3278872,1060,0,1060,-18,0,110,3
1000,350,21.000000,10000.000000,0,5,3278876,1060,0,1060,-19,0,110,3
1000,350,21.000000,10000.000000,0,5,3278879,1061,0,1061,-19,0,110,3
1000,350,21.000000,10000.000000,0,5,3278881,1062,0,1062,-19,0,110,3
1000,350,21.000000,10000.000000,0,5,3278884,1063,0,1063,-19,0,110,3
1000,350,21.000000,10000.000000,0,5,3278887,1064,0,1064,-19,0,110,3
1000,350,21.000000,10000.000000,0,5,3278890,1065,0,1065,-19,0,110,3
1000,350,21.000000,10000.000000,0,5,3278892,1067,0,1067,-19,0,110,3
1000,350,21.000000,10000.000000,0,5,3278895,1068,0,1068,-19,0,110,3
1000,350,21.000000,10000.000000,0,5,3278898,1069,0,1069,-19,0,110,3
1000,350,21.000000,10000.000000,0,5,3278901,1070,0,1070,-19,0,110,3
1000,350,21.000000,10000.000000,0,5,3278904,1071,0,1071,-19,0,110,3
1000,350,21.000000,10000.000000,0,5,3278906,1072,0,1072,-20,0,110,3
1000,350,21.000000,10000.000000,0,5,3278909,1073,0,1073,-20,0,110,3
1000,350,21.000000,10000.000000,0,5,3278912,1075,0,1075,-20,0,110,3
1000,350,21.000000,10000.000000,0,5,3278915,1077,0,1077,-20,0,110,3
1000,350,21.000000,10000.000000,0,5,3278918,1078,0,1078,-20,0,110,3
1000,350,21.000000,10000.000000,0,5,3278920,1079,0,1079,-20,0,110,3
1000,350,21.000000,10000.000000,0,5,3278923,1080,0,1080,-20,0,110,3
1000,350,21.000000,10000.000000,0,5,3278926,1081,0,1081,-20,0,110,3
1000,350,21.000000,10000.000000,0,5,3278929,1082,0,1082,-20,0,110,3
1000,350,21.000000,10000.000000,0,5,3278932,1082,0,1082,-21,0,110,3
1000,350,21.000000,10000.000000,0,5,3278934,1084,0,1084,-21,0,110,3
1000,350,21.000000,10000.000000,0,5,3278937,1085,0,1085,-21,0,110,3
1000,350,21.000000,10000.000000,0,5,3278940,1086,0,1086,-21,0,110,3
1000,350,21.000000,10000.000000,0,5,3278943,1087,0,1087,-21,0,110,3
1000,350,21.000000,10000.000000,0,5,3278946,1088,0,1088,-21,0,110,3
1000,350,21.000000,10000.000000,0,5,3278949,1089,0,1089,-21,0,110,3
1000,350,21.000000,10000.000000,0,5,3278951,1090,0,1090,-21,0,110,3
1000,350,21.000000,10000.000000,0,5,3278954,1091,0,1091,-21,0,110,3
1000,350,21.000000,10000.000000,0,5,3278957,1093,0,1093,-21,0,110,3
1000,350,21.000000,10000.000000,0,5,3278960,1094,0,1094,-21,0,110,3
1000,350,21.000000,10000.000000,0,5,3278963,1097,0,1097,-21,0,110,3
1000,350,21.000000,10000.000000,0,5,3278965,1098,0,1098,-21,0,110,3
1000,350,21.000000,10000.000000,0,5,3278968,1099,0,1099,-21,0,110,3
1000,350,21.000000,10000.000000,0,5,3278971,1102,0,1102,-22,0,110,3
1000,350,21.000000,10000.000000,0,5,3278974,1103,0,1103,-22,0,110,3
1000,350,21.000000,10000.000000,0,5,3278976,1104,0,1104,-22,0,110,3
1000,350,21.000000,10000.000000,0,5,3278979,1105,0,1105,-22,0,110,3
1000,350,21.000000,10000.000000,0,5,3278982,1105,0,1105,-22,0,110,3
1000,350,21.000000,10000.000000,0,5,3278985,1106,0,1106,-22,0,110,3
1000,350,21.000000,10000.000000,0,5,3278988,1106,0,1106,-22,0,110,3
1000,350,21.000000,10000.000000,0,5,3278990,1106,0,1106,-22,0,110,3
1000,350,21.000000,10000.000000,0,5,3278993,1106,0,1106,-22,0,110,3
1000,350,21.000000,10000.000000,0,5,3278996,1106,0,1106,-22,0,110,3
1000,350,21.000000,10000.000000,0,5,3278999,1106,0,1106,-22,0,110,3
1000,350,21.000000,10000.000000,0,5,3279001,1106,0,1106,-22,0,110,3
1000,350,21.000000,10000.000000,0,5,3279004,1106,0,1106,-22,0,110,3
1000,350,21.000000,10000.000000,0,5,3279007,1106,0,1106,-22,0,110,3
1000,350,21.000000,10000.000000,0,5,3279009,1106,0,1106,-22,0,110,3
1000,350,21.000000,10000.000000,0,5,3279012,1106,0,1106,-22,0,110,3
1000,350,21.000000,10000.000000,0,5,3279015,1106,0,1106,-22,0,110,3
1000,350,21.000000,10000.000000,0,5,3279018,1106,0,1106,-22,0,110,3
1000,350,21.000000,10000.000000,0,5,3279020,1106,0,1106,-22,0,110,3
1000,350,21.000000,10000.000000,0,5,3279023,1106,0,1106,-22,0,110,3
1000,350,21.000000,10000.000000,0,5,3279026,1106,0,1106,-22,0,110,3
1000,350,21.000000,10000.000000,0,5,3279029,1106,0,1106,-22,0,110,3
1000,350,21.000000,10000.000000,0,5,3279031,1106,0,1106,-22,0,110,3
1000,350,21.000000,10000.000000,0,5,3279034,1106,0,1106,-22,0,110,3
1000,350,21.000000,10000.000000,0,5,3279037,1106,0,1106,-22,0,110,3
1000,350,21.000000,10000.000000,0,5,3279040,1106,0,1106,-22,0,110,3
1000,350,21.000000,10000.000000,0,5,3279042,1106,0,1106,-22,0,110,3
1000,350,21.000000,10000.000000,0,5,3279045,1106,0,1106,-22,0,110,3
1000,350,21.000000,10000.000000,0,5,3279048,1106,0,1106,-22,0,110,3
1000,350,21.000000,10000.000000,0,5,3279051,1106,0,1106,-22,0,110,3
1000,350,21.000000,10000.000000,0,5,3279054,1106,0,1106,-22,0,110,3
1000,350,21.000000,10000.000000,0,5,3279056,1106,0,1106,-22,0,110,3
1000,350,21.000000,10000.000000,0,5,3279059,1106,0,1106,-22,0,110,3
1000,350,21.000000,10000.000000,0,5,3279062,1106,0,1106,-22,0,110,3
1000,350,21.000000,10000.000000,0,5,3279065,1107,0,1107,-22,0,110,3
1000,350,21.000000,10000.000000,0,5,3279068,1108,0,1108,-22,0,110,3
1000,350,21.000000,10000.000000,0,5,3279070,1108,0,1108,-22,0,110,3
1000,350,21.000000,10000.000000,0,5,3279073,1109,0,1109,-22,0,110,3
1000,350,21.000000,10000.000000,0,5,3279076,1110,0,1110,-22,0,110,3
1000,350,21.000000,10000.000000,0,5,3279079,1110,0,1110,-22,0,110,3
1000,350,21.000000,10000.000000,0,5,3279081,1110,0,1110,-22,0,110,3
1000,350,21.000000,10000.000000,0,5,3279084,1111,0,1111,-22,0,110,3
1000,350,21.000000,10000.000000,0,5,3279087,1112,0,1112,-22,0,110,3
1000,350,21.000000,10000.000000,0,5,3279090,1112,0,1112,-22,0,110,3
1000,350,21.000000,10000.000000,0,5,3279092,1113,0,1113,-22,0,110,3
1000,350,21.000000,10000.000000,0,5,3279095,1114,0,1114,-22,0,110,3
1000,350,21.000000,10000.000000,0,5,3279098,1114,0,1114,-22,0,110,3
1000,350,21.000000,10000.000000,0,5,3279101,1114,0,1114,-22,0,110,3
1000,350,21.000000,10000.000000,0,5,3279104,1114,0,1114,-22,0,110,3
1000,350,21.000000,10000.000000,0,5,3279106,1114,0,1114,-22,0,110,3
1000,350,21.000000,10000.000000,0,5,3279109,1114,0,1114,-22,0,110,3
1000,350,21.000000,10000.000000,0,5,3279112,1114,0,1114,-22,0,110,3
1000,350,21.000000,10000.000000,0,5,3279115,1114,0,1114,-22,0,110,3
1000,350,21.000000,10000.000000,0,5,3279117,1114,0,1114,-22,0,110,3
1000,350,21.000000,10000.000000,0,5,3279120,1114,0,1114,-22,0,110,3
1000,350,21.000000,10000.000000,0,5,3279123,1114,0,1114,-22,0,110,3
1000,350,21.000000,10000.000000,0,5,3279126,1114,0,1114,-22,0,110,3
1000,350,21.000000,10000.000000,0,5,3279128,1114,0,1114,-22,0,110,3
1000,350,21.000000,10000.000000,0,5,3279131,1114,0,1114,-22,0,110,3
1000,350,21.000000,10000.000000,0,5,3279134,1114,0,1114,-22,0,110,3
1000,350,21.000000,10000.000000,0,5,3279137,1115,0,1115,-22,0,110,3
1000,350,21.000000,10000.000000,0,5,3279140,1116,0,1116,-22,0,110,3
1000,350,21.000000,10000.000000,0,5,3279142,1116,0,1116,-22,0,110,3
1000,350,21.000000,10000.000000,0,5,3279145,1117,0,1117,-22,0,110,3
1000,350,21.000000,10000.000000,0,5,3279148,1118,0,1118,-22,0,110,3
1000,350,21.000000,10000.000000,0,5,3279151,1119,0,1119,-22,0,110,3
1000,350,21.000000,10000.000000,0,5,3279153,1120,0,1120,-22,0,110,3
1000,350,21.000000,10000.000000,0,5,3279156,1121,0,1121,-22,0,110,3
1000,350,21.000000,10000.000000,0,5,3279159,1122,0,1122,-22,0,110,3
1000,350,21.000000,10000.000000,0,5,3279162,1124,0,1124,-22,0,110,3
1000,350,21.000000,10000.000000,0,5,3279165,1125,0,1125,-22,0,110,3
1000,350,21.000000,10000.000000,0,5,3279167,1127,0,1127,-22,0,110,3
1000,350,21.000000,10000.000000,0,5,3279170,1128,0,1128,-22,0,110,3
1000,350,21.000000,10000.000000,0,5,3279173,1130,0,1130,-22,0,110,3
1000,350,21.000000,10000.000000,0,5,3279176,1131,0,1131,-22,0,110,3
1000,350,21.000000,10000.000000,0,5,3279179,1133,0,1133,-22,0,110,3
1000,350,21.000000,10000.000000,0,5,3279181,1135,0,1135,-22,0,110,3
1000,350,21.000000,10000.000000,0,5,3279184,1136,0,1136,-22,0,110,3
1000,350,21.000000,10000.000000,0,5,3279187,1138,0,1138,-22,0,110,3
1000,350,21.000000,10000.000000,0,5,3279190,1139,0,1139,-23,0,110,3
1000,350,21.000000,10000.000000,0,5,3279192,1140,0,1140,-23,0,110,3
1000,350,21.000000,10000.000000,0,5,3279195,1142,0,1142,-23,0,110,3
1000,350,21.000000,10000.000000,0,5,3279198,1144,0,1144,-24,0,110,3
1000,350,21.000000,10000.000000,0,5,3279201,1145,0,1145,-24,0,110,3
1000,350,21.000000,10000.000000,0,5,3279204,1146,0,1146,-24,0,110,3
1000,350,21.000000,10000.000000,0,5,3279206,1147,0,1147,-24,0,110,3
1000,350,21.000000,10000.000000,0,5,3279209,1149,0,1149,-24,0,110,3
1000,350,21.000000,10000.000000,0,5,3279212,1150,0,1150,-24,0,110,3
1000,350,21.000000,10000.000000,0,5,3279215,1151,0,1151,-24,0,110,3
1000,350,21.000000,10000.000000,0,5,3279217,1152,0,1152,-24,0,110,3
1000,350,21.000000,10000.000000,0,5,3279220,1152,0,1152,-24,0,110,3
1000,350,21.000000,10000.000000,0,5,3279223,1152,0,1152,-24,0,110,3
1000,350,21.000000,10000.000000,0,5,3279226,1152,0,1152,-24,0,110,3
1000,350,21.000000,10000.000000,0,5,3279228,1152,0,1152,-24,0,110,3
1000,350,21.000000,10000.000000,0,5,3279231,1152,0,1152,-24,0,110,3
1000,350,21.000000,10000.000000,0,5,3279234,1152,0,1152,-24,0,110,3
1000,350,21.000000,10000.000000,0,5,3279237,1152,0,1152,-24,0,110,3
1000,350,21.000000,10000.000000,0,5,3279240,1152,0,1152,-24,0,110,3
1000,350,21.000000,10000.000000,0,5,3279242,1152,0,1152,-24,0,110,3
1000,350,21.000000,10000.000000,0,5,3279245,1152,0,1152,-24,0,110,3
1000,350,21.000000,10000.000000,0,5,3279248,1152,0,1152,-24,0,110,3
1000,350,21.000000,10000.000000,0,5,3279251,1151,0,1151,-24,0,110,3
1000,350,21.000000,10000.000000,0,5,3279254,1150,0,1150,-24,0,110,3
1000,350,21.000000,10000.000000,0,5,3279256,1150,0,1150,-24,0,110,3
1000,350,21.000000,10000.000000,0,5,3279259,1150,0,1150,-24,0,110,3
1000,350,21.000000,10000.000000,0,5,3279262,1150,0,1150,-24,0,110,3
1000,350,21.000000,10000.000000,0,5,3279265,1149,0,1149,-24,0,110,3
1000,350,21.000000,10000.000000,0,5,3279267,1148,0,1148,-24,0,110,3
1000,350,21.000000,10000.000000,0,5,3279270,1148,0,1148,-24,0,110,3
1000,350,21.000000,10000.000000,0,5,3279273,1148,0,1148,-24,0,110,3
1000,350,21.000000,10000.000000,0,5,3279276,1148,0,1148,-24,0,110,3
1000,350,21.000000,10000.000000,0,5,3279279,1148,0,1148,-24,0,110,3
1000,350,21.000000,10000.000000,0,5,3279281,1148,0,1148,-24,0,110,3
1000,350,21.000000,10000.000000,0,5,3279284,1148,0,1148,-24,0,110,3
1000,350,21.000000,10000.000000,0,5,3279287,1148,0,1148,-24,0,110,3
1000,350,21.000000,10000.000000,0,5,3279290,1148,0,1148,-24,0,110,3
1000,350,21.000000,10000.000000,0,5,3279292,1148,0,1148,-24,0,110,3
1000,350,21.000000,10000.000000,0,5,3279295,1148,0,1148,-24,0,110,3
1000,350,21.000000,10000.000000,0,5,3279298,1148,0,1148,-24,0,110,3
1000,350,21.000000,10000.000000,0,5,3279301,1148,0,1148,-24,0,110,3
1000,350,21.000000,10000.000000,0,5,3279304,1148,0,1148,-24,0,110,3
1000,350,21.000000,10000.000000,0,5,3279306,1148,0,1148,-24,0,110,3
1000,350,21.000000,10000.000000,0,5,3279309,1148,0,1148,-24,0,110,3
1000,350,21.000000,10000.000000,0,5,3279312,1148,0,1148,-24,0,110,3
1000,350,21.000000,10000.000000,0,5,3279315,1148,0,1148,-24,0,110,3
1000,350,21.000000,10000.000000,0,5,3279318,1148,0,1148,-24,0,110,3
1000,350,21.000000,10000.000000,0,5,3279320,1148,0,1148,-24,0,110,3
1000,350,21.000000,10000.000000,0,5,3279323,1148,0,1148,-24,0,110,3
1000,350,21.000000,10000.000000,0,5,3279326,1148,0,1148,-24,0,110,3
1000,350,21.000000,10000.000000,0,5,3279329,1148,0,1148,-24,0,110,3
1000,350,21.000000,10000.000000,0,5,3279332,1148,0,1148,-24,0,110,3
1000,350,21.000000,10000.000000,0,5,3279334,1148,0,1148,-24,0,110,3
1000,350,21.000000,10000.000000,0,5,3279337,1148,0,1148,-24,0,110,3
1000,350,21.000000,10000.000000,0,5,3279340,1148,0,1148,-24,0,110,3
1000,350,21.000000,10000.000000,0,5,3279343,1148,0,1148,-24,0,110,3
1000,350,21.000000,10000.000000,0,5,3279346,1148,0,1148,-24,0,110,3
1000,350,21.000000,10000.000000,0,5,3279348,1148,0,1148,-24,0,110,3
1000,350,21.000000,10000.000000,0,5,3279351,1148,0,1148,-24,0,110,3
1000,350,21.000000,10000.000000,0,5,3279354,1148,0,1148,-24,0,110,3
1000,350,21.000000,10000.000000,0,5,3279357,1148,0,1148,-24,0,110,3
1000,350,21.000000,10000.000000,0,5,3279359,1148,0,1148,-24,0,110,3
1000,350,21.000000,10000.000000,0,5,3279362,1148,0,1148,-24,0,110,3
1000,350,21.000000,10000.000000,0,5,3279365,1148,0,1148,-24,0,110,3
1000,350,21.000000,10000.000000,0,5,3279368,1148,0,1148,-24,0,110,3
1000,350,21.000000,10000.000000,0,5,3279370,1148,0,1148,-24,0,110,3
1000,350,21.000000,10000.000000,0,5,3279373,1148,0,1148,-24,0,110,3
1000,350,21.000000,10000.000000,0,5,3279376,1148,0,1148,-24,0,110,3
1000,350,21.000000,10000.000000,0,5,3279379,1148,0,1148,-24,0,110,3
1000,350,21.000000,10000.000000,0,5,3279382,1148,0,1148,-24,0,110,3
1000,350,21.000000,10000.000000,0,5,3279384,1148,0,1148,-24,0,110,3
1000,350,21.000000,10000.000000,0,5,3279387,1148,0,1148,-24,0,110,3
1000,350,21.000000,10000.000000,0,5,3279390,1148,0,1148,-24,0,110,3
1000,350,21.000000,10000.000000,0,5,3279393,1148,0,1148,-24,0,110,3
1000,350,21.000000,10000.000000,0,5,3279396,1148,0,1148,-24,0,110,3
1000,350,21.000000,10000.000000,0,5,3279399,1148,0,1148,-24,0,110,3
1000,350,21.000000,10000.000000,0,5,3279401,1148,0,1148,-24,0,110,3
1000,350,21.000000,10000.000000,0,5,3279404,1148,0,1148,-24,0,110,3
1000,350,21.000000,10000.000000,0,5,3279407,1148,0,1148,-24,0,110,3
1000,350,21.000000,10000.000000,0,5,3279410,1148,0,1148,-24,0,110,3
1000,350,21.000000,10000.000000,0,5,3279412,1148,0,1148,-24,0,110,3
1000,350,21.000000,10000.000000,0,5,3279415,1148,0,1148,-24,0,110,3
1000,350,21.000000,10000.000000,0,5,3279418,1148,0,1148,-24,0,110,3
1000,350,21.000000,10000.000000,0,5,3279421,1148,0,1148,-24,0,110,3
1000,350,21.000000,10000.000000,0,5,3279423,1148,0,1148,-24,0,110,3
1000,350,21.000000,10000.000000,0,5,3279426,1148,0,1148,-24,0,110,3
1000,350,21.000000,10000.000000,0,5,3279429,1148,0,1148,-24,0,110,3
1000,350,21.000000,10000.000000,0,5,3279432,1148,0,1148,-24,0,110,3
1000,350,21.000000,10000.000000,0,5,3279434,1148,0,1148,-24,0,110,3
1000,350,21.000000,10000.000000,0,5,3279437,1148,0,1148,-24,0,110,3
1000,350,21.000000,10000.000000,0,5,3279440,1148,0,1148,-24,0,110,3
1000,350,21.000000,10000.000000,0,5,3279443,1148,0,1148,-24,0,110,3
1000,350,21.000000,10000.000000,0,5,3279446,1148,0,1148,-24,0,110,3
1000,350,21.000000,10000.000000,0,5,3279448,1147,0,1147,-24,0,110,3
1000,350,21.000000,10000.000000,0,5,3279451,1146,0,1146,-24,0,110,3
1000,350,21.000000,10000.000000,0,5,3279454,1146,0,1146,-24,0,110,3
1000,350,21.000000,10000.000000,0,5,3279457,1146,0,1146,-24,0,110,3
1000,350,21.000000,10000.000000,0,5,3279460,1145,0,1145,-24,0,110,3
1000,350,21.000000,10000.000000,0,5,3279462,1144,0,1144,-24,0,110,3
1000,350,21.000000,10000.000000,0,5,3279465,1143,0,1143,-24,0,110,3
1000,350,21.000000,10000.000000,0,5,3279468,1142,0,1142,-24,0,110,3
1000,350,21.000000,10000.000000,0,5,3279471,1141,0,1141,-24,0,110,3
1000,350,21.000000,10000.000000,0,5,3279473,1140,0,1140,-24,0,110,3
1000,350,21.000000,10000.000000,0,5,3279476,1139,0,1139,-24,0,110,3
1000,350,21.000000,10000.000000,0,5,3279479,1138,0,1138,-24,0,110,3
1000,350,21.000000,10000.000000,0,5,3279482,1137,0,1137,-24,0,110,3
1000,350,21.000000,10000.000000,0,5,3279485,1137,0,1137,-24,0,110,3
1000,350,21.000000,10000.000000,0,5,3279487,1136,0,1136,-24,0,110,3
1000,350,21.000000,10000.000000,0,5,3279490,1136,0,1136,-24,0,110,3
1000,350,21.000000,10000.000000,0,5,3279493,1136,0,1136,-24,0,110,3
1000,350,21.000000,10000.000000,0,5,3279496,1136,0,1136,-24,0,110,3
1000,350,21.000000,10000.000000,0,5,3279498,1135,0,1135,-24,0,110,3
1000,350,21.000000,10000.000000,0,5,3279501,1134,0,1134,-24,0,110,3
1000,350,21.000000,10000.000000,0,5,3279504,1134,0,1134,-24,0,110,3
1000,350,21.000000,10000.000000,0,5,3279506,1134,0,1134,-24,0,110,3
1000,350,21.000000,10000.000000,0,5,3279509,1134,0,1134,-24,0,110,3
1000,350,21.000000,10000.000000,0,5,3279512,1134,0,1134,-24,0,110,3
1000,350,21.000000,10000.000000,0,5,3279515,1134,0,1134,-24,0,110,3
1000,350,21.000000,10000.000000,0,5,3279518,1134,0,1134,-24,0,110,3
1000,350,21.000000,10000.000000,0,5,3279520,1134,0,1134,-24,0,110,3
1000,350,21.000000,10000.000000,0,5,3279523,1134,0,1134,-24,0,110,3
1000,350,21.000000,10000.000000,0,5,3279526,1134,0,1134,-24,0,110,3
1000,350,21.000000,10000.000000,0,5,3279529,1134,0,1134,-24,0,110,3
1000,350,21.000000,10000.000000,0,5,3279531,1134,0,1134,-24,0,110,3
1000,350,21.000000,10000.000000,0,5,3279534,1134,0,1134,-24,0,110,3
1000,350,21.000000,10000.000000,0,5,3279537,1134,0,1134,-24,0,110,3
1000,350,21.000000,10000.000000,0,5,3279540,1134,0,1134,-24,0,110,3
1000,350,21.000000,10000.000000,0,5,3279543,1134,0,1134,-24,0,110,3
1000,350,21.000000,10000.000000,0,5,3279546,1134,0,1134,-24,0,110,3
1000,350,21.000000,10000.000000,0,5,3279548,1134,0,1134,-24,0,110,3
1000,350,21.000000,10000.000000,0,5,3279551,1134,0,1134,-24,0,110,3
1000,350,21.000000,10000.000000,0,5,3279554,1134,0,1134,-24,0,110,3
1000,350,21.000000,10000.000000,0,5,3279557,1134,0,1134,-24,0,110,3
1000,350,21.000000,10000.000000,0,5,3279559,1134,0,1134,-24,0,110,3
1000,350,21.000000,10000.000000,0,5,3279562,1134,0,1134,-24,0,110,3
1000,350,21.000000,10000.000000,0,5,3279565,1134,0,1134,-24,0,110,3
1000,350,21.000000,10000.000000,0,5,3279568,1134,0,1134,-24,0,110,3
1000,350,21.000000,10000.000000,0,5,3279571,1134,0,1134,-24,0,110,3
1000,350,21.000000,10000.000000,0,5,3279573,1134,0,1134,-24,0,110,3
1000,350,21.000000,10000.000000,0,5,3279576,1134,0,1134,-24,0,110,3
1000,350,21.000000,10000.000000,0,5,3279579,1134,0,1134,-24,0,110,3
1000,350,21.000000,10000.000000,0,5,3279582,1134,0,1134,-24,0,110,3
1000,350,21.000000,10000.000000,0,5,3279584,1134,0,1134,-24,0,110,3
1000,350,21.000000,10000.000000,0,5,3279587,1134,0,1134,-24,0,110,3
1000,350,21.000000,10000.000000,0,5,3279590,1134,0,1134,-24,0,110,3
1000,350,21.000000,10000.000000,0,5,3279593,1134,0,1134,-24,0,110,3
1000,350,21.000000,10000.000000,0,5,3279596,1134,0,1134,-24,0,110,3
1000,350,21.000000,10000.000000,0,5,3279598,1134,0,1134,-24,0,110,3
1000,350,21.000000,10000.000000,0,5,3279601,1134,0,1134,-24,0,110,3
1000,350,21.000000,10000.000000,0,5,3279604,1134,0,1134,-24,0,110,3
1000,350,21.000000,10000.000000,0,5,3279606,1134,0,1134,-24,0,110,3
1000,350,21.000000,10000.000000,0,5,3279619,1134,0,1134,-24,0,110,3
