1000,700,21.000000,42.000000,0,2,2312254,612,0,612,0,0,48,5
1000,700,21.000000,42.000000,0,2,2312254,612,0,612,0,0,48,5
1000,700,21.000000,42.000000,0,2,2312257,612,0,612,0,0,48,5
1000,700,21.000000,42.000000,0,2,2312260,612,0,612,0,0,48,5
1000,700,21.000000,42.000000,0,2,2312263,612,0,612,0,0,48,5
1000,700,21.000000,42.000000,0,2,2312265,612,0,612,0,0,48,5
1000,700,21.000000,42.000000,0,2,2312268,612,0,612,0,0,48,5
1000,700,21.000000,42.000000,0,2,2312271,612,0,612,0,0,48,5
1000,700,21.000000,42.000000,0,2,2312273,612,0,612,0,0,48,5
1000,700,21.000000,42.000000,0,2,2312276,612,0,612,0,0,48,5
1000,700,21.000000,42.000000,0,2,2312279,612,0,612,0,0,48,5
1000,700,21.000000,42.000000,0,2,2312282,612,0,612,0,0,48,5
1000,700,21.000000,42.000000,0,2,2312284,612,0,612,0,0,48,5
1000,700,21.000000,42.000000,0,2,2312287,612,0,612,0,0,48,5
1000,700,21.000000,42.000000,0,2,2312290,612,0,612,0,0,48,5
1000,700,21.000000,42.000000,0,2,2312293,612,0,612,0,0,48,5
1000,700,21.000000,42.000000,0,2,2312296,612,0,612,0,0,48,5
1000,700,21.000000,42.000000,0,2,2312299,612,0,612,0,0,48,5
1000,700,21.000000,42.000000,0,2,2312301,612,0,612,0,0,48,5
1000,700,21.000000,42.000000,0,2,2312304,612,0,612,0,0,48,5
1000,700,21.000000,42.000000,0,2,2312307,612,0,612,0,0,48,5
1000,700,21.000000,42.000000,0,2,2312310,612,0,612,0,0,48,5
1000,700,21.000000,42.000000,0,2,2312314,612,0,612,0,0,48,5
1000,700,21.000000,42.000000,0,2,2312316,612,0,612,0,0,48,5
1000,700,21.000000,42.000000,0,2,2312319,612,0,612,0,0,48,5
1000,700,21.000000,42.000000,0,2,2312322,612,0,612,-1,0,48,5
1000,700,21.000000,42.000000,0,2,2312325,613,0,613,-1,0,48,5
1000,700,21.000000,42.000000,0,2,2312327,613,0,613,-1,0,48,5
1000,700,21.000000,42.000000,0,2,2312330,614,0,614,-1,0,48,5
1000,700,21.000000,42.000000,0,2,2312333,615,0,615,-1,0,48,5
1000,700,21.000000,42.000000,0,2,2312336,616,0,616,-2,0,48,5
1000,700,21.000000,42.000000,0,2,2312338,617,0,617,-2,0,48,5
1000,700,21.000000,42.000000,0,2,2312341,619,0,619,-3,0,48,5
1000,700,21.000000,42.000000,0,2,2312344,621,0,621,-3,0,48,5
1000,700,21.000000,42.000000,0,2,2312347,623,0,623,-4,0,48,5
1000,700,21.000000,42.000000,0,2,2312350,626,0,626,-5,0,48,5
1000,700,21.000000,42.000000,0,2,2312352,630,0,630,-5,0,48,5
1000,700,21.000000,42.000000,0,2,2312355,634,0,634,-7,0,48,5
1000,700,21.000000,42.000000,0,2,2312358,637,0,637,-7,0,48,5
1000,700,21.000000,42.000000,0,2,2312361,641,0,641,-8,0,48,5
1000,700,21.000000,42.000000,0,2,2312364,644,0,644,-9,0,48,5
1000,700,21.000000,42.000000,0,2,2312366,650,0,650,-10,0,48,5
1000,700,21.000000,42.000000,0,2,2312369,655,0,655,-11,0,48,5
1000,700,21.000000,42.000000,0,2,2312372,662,0,662,-12,0,48,5
1000,700,21.000000,42.000000,0,2,2312375,674,0,674,-14,0,48,5
1000,700,21.000000,42.000000,0,2,2312378,682,0,682,-15,0,48,5
1000,700,21.000000,42.000000,0,2,2312380,690,0,690,-17,0,48,5
1000,700,21.000000,42.000000,0,2,2312383,697,0,697,-18,0,48,5
1000,700,21.000000,42.000000,0,2,2312386,713,0,713,-21,0,48,5
1000,700,21.000000,42.000000,0,2,2312389,742,0,742,-25,0,48,5
1000,700,21.000000,42.000000,0,2,2312392,760,0,760,-28,0,48,5
1000,700,21.000000,42.000000,0,2,2312395,767,0,767,-30,0,48,5
1000,700,21.000000,42.000000,0,2,2312397,783,0,783,-31,0,48,5
1000,700,21.000000,42.000000,0,2,2312400,800,0,800,-33,0,48,5
1000,700,21.000000,42.000000,0,2,2312403,816,0,816,-35,0,48,5
1000,700,21.000000,42.000000,0,2,2312406,831,0,831,-36,0,48,5
1000,700,21.000000,42.000000,0,2,2312409,848,0,848,-38,0,48,5
1000,700,21.000000,42.000000,0,2,2312412,857,0,857,-39,0,48,5
1000,700,21.000000,42.000000,0,2,2312414,869,0,869,-41,0,48,5
1000,700,21.000000,42.000000,0,2,2312417,886,0,886,-43,0,48,5
1000,700,21.000000,42.000000,0,2,2312420,904,0,904,-45,0,48,5
1000,700,21.000000,42.000000,0,2,2312424,924,0,924,-47,0,48,5
1000,700,21.000000,42.000000,0,2,2312426,955,0,955,-50,0,48,5
1000,700,21.000000,42.000000,0,2,2312429,973,0,973,-52,0,48,5
1000,700,21.000000,42.000000,0,2,2312432,989,0,989,-54,0,48,5
1000,700,21.000000,42.000000,0,2,2312435,1030,0,1030,-58,0,48,5
1000,700,21.000000,42.000000,0,2,2312438,1055,0,1055,-61,0,48,5
1000,700,21.000000,42.000000,0,2,2312441,1073,0,1073,-63,0,48,5
1000,700,21.000000,42.000000,0,2,2312444,1082,0,1082,-63,0,48,5
1000,700,21.000000,42.000000,0,2,2312447,1095,0,1095,-64,0,48,5
1000,700,21.000000,42.000000,0,2,2312449,1108,0,1108,-66,0,48,5
1000,700,21.000000,42.000000,0,2,2312452,1120,0,1120,-67,0,48,5
1000,700,21.000000,42.000000,0,2,2312455,1140,0,1140,-70,0,48,5
1000,700,21.000000,42.000000,0,2,2312458,1153,0,1153,-71,0,48,5
1000,700,21.000000,42.000000,0,2,2312461,1166,0,1166,-73,0,48,5
1000,700,21.000000,42.000000,0,2,2312463,1182,0,1182,-75,0,48,5
1000,700,21.000000,42.000000,0,2,2312466,1198,0,1198,-77,0,48,5
1000,700,21.000000,42.000000,0,2,2312469,1207,0,1207,-79,0,48,5
1000,700,21.000000,42.000000,0,2,2312472,1214,0,1214,-80,0,48,5
1000,700,21.000000,42.000000,0,2,2312475,1225,0,1225,-81,0,48,5
1000,700,21.000000,42.000000,0,2,2312477,1236,0,1236,-82,0,48,5
1000,700,21.000000,42.000000,0,2,2312480,1244,0,1244,-83,0,48,5
1000,700,21.000000,42.000000,0,2,2312483,1252,0,1252,-84,0,48,5
1000,700,21.000000,42.000000,0,2,2312486,1259,0,1259,-85,0,48,5
1000,700,21.000000,42.000000,0,2,2312488,1266,0,1266,-85,0,48,5
1000,700,21.000000,42.000000,0,2,2312491,1272,0,1272,-86,0,48,5
1000,700,21.000000,42.000000,0,2,2312494,1279,0,1279,-87,0,48,5
1000,700,21.000000,42.000000,0,2,2312497,1285,0,1285,-88,0,48,5
1000,700,21.000000,42.000000,0,2,2312500,1290,0,1290,-88,0,48,5
1000,700,21.000000,42.000000,0,2,2312503,1294,0,1294,-89,0,48,5
1000,700,21.000000,42.000000,0,2,2312505,1297,0,1297,-90,0,48,5
1000,700,21.000000,42.000000,0,2,2312508,1301,0,1301,-90,0,48,5
1000,700,21.000000,42.000000,0,2,2312511,1304,0,1304,-90,0,48,5
1000,700,21.000000,42.000000,0,2,2312514,1307,0,1307,-91,0,48,5
1000,700,21.000000,42.000000,0,2,2312517,1310,0,1310,-92,0,48,5
1000,700,21.000000,42.000000,0,2,2312519,1312,0,1312,-92,0,48,5
1000,700,21.000000,42.000000,0,2,2312522,1313,0,1313,-92,0,48,5
1000,700,21.000000,42.000000,0,2,2312525,1315,0,1315,-92,0,48,5
1000,700,21.000000,42.000000,0,2,2312528,1316,0,1316,-92,0,48,5
1000,700,21.000000,42.000000,0,2,2312531,1318,0,1318,-92,0,48,5
1000,700,21.000000,42.000000,0,2,2312533,1319,0,1319,-92,0,48,5
1000,700,21.000000,42.000000,0,2,2312536,1319,0,1319,-92,0,48,5
1000,700,21.000000,42.000000,0,2,2312539,1320,0,1320,-92,0,48,5
1000,700,21.000000,42.000000,0,2,2312542,1320,0,1320,-92,0,48,5
1000,700,21.000000,42.000000,0,2,2312544,1320,0,1320,-92,0,48,5
1000,700,21.000000,42.000000,0,2,2312547,1320,0,1320,-92,0,48,5
1000,700,21.000000,42.000000,0,2,2312550,1320,0,1320,-92,0,48,5
1000,700,21.000000,42.000000,0,2,2312553,1320,0,1320,-92,0,48,5
1000,700,21.000000,42.000000,0,2,2312556,1320,0,1320,-92,0,48,5
1000,700,21.000000,42.000000,0,2,2312558,1320,0,1320,-92,0,48,5
1000,700,21.000000,42.000000,0,2,2312561,1320,0,1320,-92,0,48,5
1000,700,21.000000,42.000000,0,2,2312564,1320,0,1320,-92,0,48,5
1000,700,21.000000,42.000000,0,2,2312567,1320,0,1320,-92,0,48,5
1000,700,21.000000,42.000000,0,2,2312569,1320,0,1320,-92,0,48,5
1000,700,21.000000,42.000000,0,2,2312572,1320,0,1320,-92,0,48,5
1000,700,21.000000,42.000000,0,2,2312575,1320,0,1320,-92,0,48,5
1000,700,21.000000,42.000000,0,2,2312578,1320,0,1320,-92,0,48,5
1000,700,21.000000,42.000000,0,2,2312580,1320,0,1320,-92,0,48,5
1000,700,21.000000,42.000000,0,2,2312583,1320,0,1320,-92,0,48,5
1000,700,21.000000,42.000000,0,2,2312586,1320,0,1320,-92,0,48,5
1000,700,21.000000,42.000000,0,2,2312589,1320,0,1320,-92,0,48,5
1000,700,21.000000,42.000000,0,2,2312591,1320,0,1320,-92,0,48,5
1000,700,21.000000,42.000000,0,2,2312594,1320,0,1320,-92,0,48,5
1000,700,21.000000,42.000000,0,2,2312597,1320,0,1320,-92,0,48,5
1000,700,21.000000,42.000000,0,2,2312600,1320,0,1320,-92,0,48,5
1000,700,21.000000,42.000000,0,2,2312602,1320,0,1320,-92,0,48,5
1000,700,21.000000,42.000000,0,2,2312605,1320,0,1320,-92,0,48,5
1000,700,21.000000,42.000000,0,2,2312608,1320,0,1320,-92,0,48,5
1000,700,21.000000,42.000000,0,2,2312611,1320,0,1320,-92,0,48,5
1000,700,21.000000,42.000000,0,2,2312613,1320,0,1320,-92,0,48,5
1000,700,21.000000,42.000000,0,2,2312616,1320,0,1320,-92,0,48,5
1000,700,21.000000,42.000000,0,2,2312619,1320,0,1320,-92,0,48,5
1000,700,21.000000,42.000000,0,2,2312622,1320,0,1320,-92,0,48,5
1000,700,21.000000,42.000000,0,2,2312624,1320,0,1320,-92,0,48,5
1000,700,21.000000,42.000000,0,2,2312627,1320,0,1320,-92,0,48,5
1000,700,21.000000,42.000000,0,2,2312630,1320,0,1320,-92,0,48,5
1000,700,21.000000,42.000000,0,2,2312632,1320,0,1320,-92,0,48,5
1000,700,21.000000,42.000000,0,2,2312635,1320,0,1320,-92,0,48,5
1000,700,21.000000,42.000000,0,2,2312638,1320,0,1320,-92,0,48,5
1000,700,21.000000,42.000000,0,2,2312641,1320,0,1320,-92,0,48,5
1000,700,21.000000,42.000000,0,2,2312644,1320,0,1320,-92,0,48,5
1000,700,21.000000,42.000000,0,2,2312646,1320,0,1320,-92,0,48,5
1000,700,21.000000,42.000000,0,2,2312649,1320,0,1320,-92,0,48,5
1000,700,21.000000,42.000000,0,2,2312652,1320,0,1320,-92,0,48,5
1000,700,21.000000,42.000000,0,2,2312654,1320,0,1320,-92,0,48,5
1000,700,21.000000,42.000000,0,2,2312657,1320,0,1320,-92,0,48,5
1000,700,21.000000,42.000000,0,2,2312660,1320,0,1320,-92,0,48,5
1000,700,21.000000,42.000000,0,2,2312663,1320,0,1320,-92,0,48,5
1000,700,21.000000,42.000000,0,2,2312665,1320,0,1320,-92,0,48,5
1000,700,21.000000,42.000000,0,2,2312668,1320,0,1320,-92,0,48,5
1000,700,21.000000,42.000000,0,2,2312671,1320,0,1320,-92,0,48,5
1000,700,21.000000,42.000000,0,2,2312674,1320,0,1320,-92,0,48,5
1000,700,21.000000,42.000000,0,2,2312677,1321,0,1321,-92,0,48,5
1000,700,21.000000,42.000000,0,2,2312679,1322,0,1322,-92,0,48,5
1000,700,21.000000,42.000000,0,2,2312682,1323,0,1323,-92,0,48,5
1000,700,21.000000,42.000000,0,2,2312685,1324,0,1324,-92,0,48,5
1000,700,21.000000,42.000000,0,2,2312688,1324,0,1324,-93,0,48,5
1000,700,21.000000,42.000000,0,2,2312691,1325,0,1325,-93,0,48,5
1000,700,21.000000,42.000000,0,2,2312693,1326,0,1326,-93,0,48,5
1000,700,21.000000,42.000000,0,2,2312696,1327,0,1327,-93,0,48,5
1000,700,21.000000,42.000000,0,2,2312699,1329,0,1329,-93,0,48,5
1000,700,21.000000,42.000000,0,2,2312702,1331,0,1331,-93,0,48,5
1000,700,21.000000,42.000000,0,2,2312704,1332,0,1332,-94,0,48,5
1000,700,21.000000,42.000000,0,2,2312707,1333,0,1333,-94,0,48,5
1000,700,21.000000,42.000000,0,2,2312710,1334,0,1334,-95,0,48,5
1000,700,21.000000,42.000000,0,2,2312713,1335,0,1335,-95,0,48,5
1000,700,21.000000,42.000000,0,2,2312716,1336,0,1336,-95,0,48,5
1000,700,21.000000,42.000000,0,2,2312718,1337,0,1337,-95,0,48,5
1000,700,21.000000,42.000000,0,2,2312721,1337,0,1337,-95,0,48,5
1000,700,21.000000,42.000000,0,2,2312724,1337,0,1337,-95,0,48,5
1000,700,21.000000,42.000000,0,2,2312727,1337,0,1337,-95,0,48,5
1000,700,21.000000,42.000000,0,2,2312730,1337,0,1337,-95,0,48,5
1000,700,21.000000,42.000000,0,2,2312732,1337,0,1337,-95,0,48,5
1000,700,21.000000,42.000000,0,2,2312735,1337,0,1337,-95,0,48,5
1000,700,21.000000,42.000000,0,2,2312738,1337,0,1337,-95,0,48,5
1000,700,21.000000,42.000000,0,2,2312740,1337,0,1337,-95,0,48,5
1000,700,21.000000,42.000000,0,2,2312743,1337,0,1337,-95,0,48,5
1000,700,21.000000,42.000000,0,2,2312746,1337,0,1337,-95,0,48,5
1000,700,21.000000,42.000000,0,2,2312749,1337,0,1337,-95,0,48,5
1000,700,21.000000,42.000000,0,2,2312751,1337,0,1337,-95,0,48,5
1000,700,21.000000,42.000000,0,2,2312754,1337,0,1337,-95,0,48,5
1000,700,21.000000,42.000000,0,2,2312757,1337,0,1337,-95,0,48,5
1000,700,21.000000,42.000000,0,2,2312760,1337,0,1337,-95,0,48,5
1000,700,21.000000,42.000000,0,2,2312763,1337,0,1337,-95,0,48,5
1000,700,21.000000,42.000000,0,2,2312765,1337,0,1337,-95,0,48,5
1000,700,21.000000,42.000000,0,2,2312768,1337,0,1337,-95,0,48,5
1000,700,21.000000,42.000000,0,2,2312771,1337,0,1337,-95,0,48,5
1000,700,21.000000,42.000000,0,2,2312774,1337,0,1337,-95,0,48,5
1000,700,21.000000,42.000000,0,2,2312776,1337,0,1337,-95,0,48,5
1000,700,21.000000,42.000000,0,2,2312779,1337,0,1337,-95,0,48,5
1000,700,21.000000,42.000000,0,2,2312782,1337,0,1337,-95,0,48,5
1000,700,21.000000,42.000000,0,2,2312785,1337,0,1337,-95,0,48,5
1000,700,21.000000,42.000000,0,2,2312788,1337,0,1337,-95,0,48,5
1000,700,21.000000,42.000000,0,2,2312790,1337,0,1337,-95,0,48,5
1000,700,21.000000,42.000000,0,2,2312793,1337,0,1337,-95,0,48,5
1000,700,21.000000,42.000000,0,2,2312796,1337,0,1337,-95,0,48,5
1000,700,21.000000,42.000000,0,2,2312799,1337,0,1337,-95,0,48,5
1000,700,21.000000,42.000000,0,2,2312802,1337,0,1337,-95,0,48,5
1000,700,21.000000,42.000000,0,2,2312804,1337,0,1337,-95,0,48,5
1000,700,21.000000,42.000000,0,2,2312807,1337,0,1337,-95,0,48,5
1000,700,21.000000,42.000000,0,2,2312810,1337,0,1337,-95,0,48,5
1000,700,21.000000,42.000000,0,2,2312813,1336,0,1336,-95,0,48,5
1000,700,21.000000,42.000000,0,2,2312815,1335,0,1335,-95,0,48,5
1000,700,21.000000,42.000000,0,2,2312818,1335,0,1335,-95,0,48,5
1000,700,21.000000,42.000000,0,2,2312821,1335,0,1335,-95,0,48,5
1000,700,21.000000,42.000000,0,2,2312824,1335,0,1335,-95,0,48,5
1000,700,21.000000,42.000000,0,2,2312826,1335,0,1335,-95,0,48,5
1000,700,21.000000,42.000000,0,2,2312829,1335,0,1335,-95,0,48,5
1000,700,21.000000,42.000000,0,2,2312832,1334,0,1334,-95,0,48,5
1000,700,21.000000,42.000000,0,2,2312835,1333,0,1333,-95,0,48,5
1000,700,21.000000,42.000000,0,2,2312838,1333,0,1333,-95,0,48,5
1000,700,21.000000,42.000000,0,2,2312841,1332,0,1332,-95,0,48,5
1000,700,21.000000,42.000000,0,2,2312843,1331,0,1331,-95,0,48,5
1000,700,21.000000,42.000000,0,2,2312846,1330,0,1330,-95,0,48,5
1000,700,21.000000,42.000000,0,2,2312849,1329,0,1329,-95,0,48,5
1000,700,21.000000,42.000000,0,2,2312852,1328,0,1328,-95,0,48,5
1000,700,21.000000,42.000000,0,2,2312854,1327,0,1327,-95,0,48,5
1000,700,21.000000,42.000000,0,2,2312857,1326,0,1326,-95,0,48,5
1000,700,21.000000,42.000000,0,2,2312860,1325,0,1325,-95,0,48,5
1000,700,21.000000,42.000000,0,2,2312863,1324,0,1324,-95,0,48,5
1000,700,21.000000,42.000000,0,2,2312865,1323,0,1323,-95,0,48,5
1000,700,21.000000,42.000000,0,2,2312868,1322,0,1322,-95,0,48,5
1000,700,21.000000,42.000000,0,2,2312871,1321,0,1321,-95,0,48,5
1000,700,21.000000,42.000000,0,2,2312874,1319,0,1319,-95,0,48,5
1000,700,21.000000,42.000000,0,2,2312877,1318,0,1318,-95,0,48,5
1000,700,21.000000,42.000000,0,2,2312879,1317,0,1317,-95,0,48,5
1000,700,21.000000,42.000000,0,2,2312882,1315,0,1315,-95,0,48,5
1000,700,21.000000,42.000000,0,2,2312885,1314,0,1314,-96,0,48,5
1000,700,21.000000,42.000000,0,2,2312888,1313,0,1313,-96,0,48,5
1000,700,21.000000,42.000000,0,2,2312890,1312,0,1312,-96,0,48,5
1000,700,21.000000,42.000000,0,2,2312893,1311,0,1311,-96,0,48,5
1000,700,21.000000,42.000000,0,2,2312896,1310,0,1310,-96,0,48,5
1000,700,21.000000,42.000000,0,2,2312899,1309,0,1309,-96,0,48,5
1000,700,21.000000,42.000000,0,2,2312902,1308,0,1308,-96,0,48,5
1000,700,21.000000,42.000000,0,2,2312904,1307,0,1307,-96,0,48,5
1000,700,21.000000,42.000000,0,2,2312907,1306,0,1306,-96,0,48,5
1000,700,21.000000,42.000000,0,2,2312910,1305,0,1305,-96,0,48,5
1000,700,21.000000,42.000000,0,2,2312913,1305,0,1305,-96,0,48,5
1000,700,21.000000,42.000000,0,2,2312916,1304,0,1304,-96,0,48,5
1000,700,21.000000,42.000000,0,2,2312919,1303,0,1303,-96,0,48,5
1000,700,21.000000,42.000000,0,2,2312921,1302,0,1302,-96,0,48,5
1000,700,21.000000,42.000000,0,2,2312924,1301,0,1301,-96,0,48,5
1000,700,21.000000,42.000000,0,2,2312927,1301,0,1301,-96,0,48,5
1000,700,21.000000,42.000000,0,2,2312930,1301,0,1301,-96,0,48,5
1000,700,21.000000,42.000000,0,2,2312933,1301,0,1301,-96,0,48,5
1000,700,21.000000,42.000000,0,2,2312935,1300,0,1300,-96,0,48,5
1000,700,21.000000,42.000000,0,2,2312938,1300,0,1300,-96,0,48,5
1000,700,21.000000,42.000000,0,2,2312941,1300,0,1300,-96,0,48,5
1000,700,21.000000,42.000000,0,2,2312944,1300,0,1300,-96,0,48,5
1000,700,21.000000,42.000000,0,2,2312946,1300,0,1300,-96,0,48,5
1000,700,21.000000,42.000000,0,2,2312949,1300,0,1300,-96,0,48,5
1000,700,21.000000,42.000000,0,2,2312952,1300,0,1300,-96,0,48,5
1000,700,21.000000,42.000000,0,2,2312955,1300,0,1300,-96,0,48,5
1000,700,21.000000,42.000000,0,2,2312957,1300,0,1300,-96,0,48,5
1000,700,21.000000,42.000000,0,2,2312960,1300,0,1300,-96,0,48,5
1000,700,21.000000,42.000000,0,2,2312963,1300,0,1300,-96,0,48,5
1000,700,21.000000,42.000000,0,2,2312966,1300,0,1300,-96,0,48,5
1000,700,21.000000,42.000000,0,2,2312968,1300,0,1300,-96,0,48,5
1000,700,21.000000,42.000000,0,2,2312971,1300,0,1300,-96,0,48,5
1000,700,21.000000,42.000000,0,2,2312974,1300,0,1300,-96,0,48,5
1000,700,21.000000,42.000000,0,2,2312977,1300,0,1300,-96,0,48,5
1000,700,21.000000,42.000000,0,2,2312979,1300,0,1300,-96,0,48,5
1000,700,21.000000,42.000000,0,2,2312982,1300,0,1300,-96,0,48,5
1000,700,21.000000,42.000000,0,2,2312985,1300,0,1300,-96,0,48,5
1000,700,21.000000,42.000000,0,2,2312988,1300,0,1300,-96,0,48,5
1000,700,21.000000,42.000000,0,2,2312990,1300,0,1300,-96,0,48,5
1000,700,21.000000,42.000000,0,2,2312993,1300,0,1300,-96,0,48,5
1000,700,21.000000,42.000000,0,2,2312996,1300,0,1300,-96,0,48,5
1000,700,21.000000,42.000000,0,2,2312999,1300,0,1300,-96,0,48,5
1000,700,21.000000,42.000000,0,2,2313002,1300,0,1300,-96,0,48,5
1000,700,21.000000,42.000000,0,2,2313004,1300,0,1300,-96,0,48,5
1000,700,21.000000,42.000000,0,2,2313007,1300,0,1300,-96,0,48,5
1000,700,21.000000,42.000000,0,2,2313010,1300,0,1300,-96,0,48,5
1000,700,21.000000,42.000000,0,2,2313013,1300,0,1300,-96,0,48,5
1000,700,21.000000,42.000000,0,2,2313015,1300,0,1300,-96,0,48,5
1000,700,21.000000,42.000000,0,2,2313018,1300,0,1300,-96,0,48,5
1000,700,21.000000,42.000000,0,2,2313021,1300,0,1300,-96,0,48,5
1000,700,21.000000,42.000000,0,2,2313024,1300,0,1300,-96,0,48,5
1000,700,21.000000,42.000000,0,2,2313027,1300,0,1300,-96,0,48,5
1000,700,21.000000,42.000000,0,2,2313029,1300,0,1300,-96,0,48,5
1000,700,21.000000,42.000000,0,2,2313032,1300,0,1300,-96,0,48,5
1000,700,21.000000,42.000000,0,2,2313035,1300,0,1300,-96,0,48,5
1000,700,21.000000,42.000000,0,2,2313038,1300,0,1300,-96,0,48,5
1000,700,21.000000,42.000000,0,2,2313041,1300,0,1300,-96,0,48,5
1000,700,21.000000,42.000000,0,2,2313043,1300,0,1300,-96,0,48,5
1000,700,21.000000,42.000000,0,2,2313046,1300,0,1300,-96,0,48,5
1000,700,21.000000,42.000000,0,2,2313049,1300,0,1300,-96,0,48,5
1000,700,21.000000,42.000000,0,2,2313052,1300,0,1300,-96,0,48,5
1000,700,21.000000,42.000000,0,2,2313054,1300,0,1300,-96,0,48,5
1000,700,21.000000,42.000000,0,2,2313057,1300,0,1300,-96,0,48,5
1000,700,21.000000,42.000000,0,2,2313060,1300,0,1300,-96,0,48,5
1000,700,21.000000,42.000000,0,2,2313063,1300,0,1300,-96,0,48,5
1000,700,21.000000,42.000000,0,2,2313066,1300,0,1300,-96,0,48,5
1000,700,21.000000,42.000000,0,2,2313068,1300,0,1300,-96,0,48,5
1000,700,21.000000,42.000000,0,2,2313071,1300,0,1300,-96,0,48,5
1000,700,21.000000,42.000000,0,2,2313074,1300,0,1300,-96,0,48,5
1000,700,21.000000,42.000000,0,2,2313077,1300,0,1300,-96,0,48,5
1000,700,21.000000,42.000000,0,2,2313080,1300,0,1300,-96,0,48,5
1000,700,21.000000,42.000000,0,2,2313083,1300,0,1300,-96,0,48,5
1000,700,21.000000,42.000000,0,2,2313085,1300,0,1300,-96,0,48,5
1000,700,21.000000,42.000000,0,2,2313088,1300,0,1300,-96,0,48,5
1000,700,21.000000,42.000000,0,2,2313101,1300,0,1300,-96,0,48,5
