1000,700,21.000000,0.000000,0,0,1727551,617,1,617,1,0,11,1
1000,700,21.000000,0.000000,0,0,1727552,617,1,617,1,0,11,1
1000,700,21.000000,0.000000,0,0,1727555,617,1,617,1,0,11,1
1000,700,21.000000,0.000000,0,0,1727557,617,1,617,1,0,11,1
1000,700,21.000000,0.000000,0,0,1727560,617,1,617,1,0,11,1
1000,700,21.000000,0.000000,0,0,1727563,617,1,617,1,0,11,1
1000,700,21.000000,0.000000,0,0,1727566,617,1,617,1,0,11,1
1000,700,21.000000,0.000000,0,0,1727569,617,1,617,1,0,11,1
1000,700,21.000000,0.000000,0,0,1727571,617,1,617,1,0,11,1
1000,700,21.000000,0.000000,0,0,1727574,617,1,617,1,0,11,1
1000,700,21.000000,0.000000,0,0,1727577,617,1,617,1,0,11,1
1000,700,21.000000,0.000000,0,0,1727580,617,1,617,1,0,11,1
1000,700,21.000000,0.000000,0,0,1727582,617,1,617,1,0,11,1
1000,700,21.000000,0.000000,0,0,1727585,617,1,617,1,0,11,1
1000,700,21.000000,0.000000,0,0,1727588,617,1,617,1,0,11,1
1000,700,21.000000,0.000000,0,0,1727591,617,1,617,1,0,11,1
1000,700,21.000000,0.000000,0,0,1727594,617,0,617,0,0,11,1
1000,700,21.000000,0.000000,0,0,1727596,617,0,617,0,0,11,1
1000,700,21.000000,0.000000,0,0,1727599,617,0,617,0,0,11,1
1000,700,21.000000,0.000000,0,0,1727602,617,0,617,0,0,11,1
1000,700,21.000000,0.000000,0,0,1727605,617,0,617,0,0,11,1
1000,700,21.000000,0.000000,0,0,1727608,617,0,617,0,0,11,1
1000,700,21.000000,0.000000,0,0,1727610,617,0,617,0,0,11,1
1000,700,21.000000,0.000000,0,0,1727613,617,0,617,0,0,11,1
1000,700,21.000000,0.000000,0,0,1727616,617,0,617,0,0,11,1
1000,700,21.000000,0.000000,0,0,1727619,617,0,617,0,0,11,1
1000,700,21.000000,0.000000,0,0,1727621,617,0,617,0,0,11,1
1000,700,21.000000,0.000000,0,0,1727624,617,0,617,0,0,11,1
1000,700,21.000000,0.000000,0,0,1727627,618,0,618,0,0,11,1
1000,700,21.000000,0.000000,0,0,1727630,619,0,619,-1,0,11,1
1000,700,21.000000,0.000000,0,0,1727633,620,0,620,-1,0,11,1
1000,700,21.000000,0.000000,0,0,1727635,621,0,621,-1,0,11,1
1000,700,21.000000,0.000000,0,0,1727638,622,0,622,-1,0,11,1
1000,700,21.000000,0.000000,0,0,1727641,623,0,623,-2,0,11,1
1000,700,21.000000,0.000000,0,0,1727644,624,0,624,-2,0,11,1
1000,700,21.000000,0.000000,0,0,1727646,625,0,625,-2,0,11,1
1000,700,21.000000,0.000000,0,0,1727650,627,0,627,-3,0,11,1
1000,700,21.000000,0.000000,0,0,1727653,630,0,630,-4,0,11,1
1000,700,21.000000,0.000000,0,0,1727655,631,0,631,-5,0,11,1
1000,700,21.000000,0.000000,0,0,1727658,633,0,633,-5,0,11,1
1000,700,21.000000,0.000000,0,0,1727661,634,0,634,-6,0,11,1
1000,700,21.000000,0.000000,0,0,1727664,637,0,637,-7,0,11,1
1000,700,21.000000,0.000000,0,0,1727667,641,0,641,-7,0,11,1
1000,700,21.000000,0.000000,0,0,1727670,646,0,646,-8,0,11,1
1000,700,21.000000,0.000000,0,0,1727672,651,0,651,-9,0,11,1
1000,700,21.000000,0.000000,0,0,1727675,658,0,658,-9,0,11,1
1000,700,21.000000,0.000000,0,0,1727678,664,0,664,-10,0,11,1
1000,700,21.000000,0.000000,0,0,1727681,669,0,669,-11,0,11,1
1000,700,21.000000,0.000000,0,0,1727684,676,0,676,-11,0,11,1
1000,700,21.000000,0.000000,0,0,1727687,686,0,686,-12,0,11,1
1000,700,21.000000,0.000000,0,0,1727689,700,0,700,-14,0,11,1
1000,700,21.000000,0.000000,0,0,1727692,709,0,709,-15,0,11,1
1000,700,21.000000,0.000000,0,0,1727695,717,0,717,-16,0,11,1
1000,700,21.000000,0.000000,0,0,1727698,732,0,732,-17,0,11,1
1000,700,21.000000,0.000000,0,0,1727701,752,0,752,-18,0,11,1
1000,700,21.000000,0.000000,0,0,1727704,765,0,765,-19,0,11,1
1000,700,21.000000,0.000000,0,0,1727706,778,0,778,-20,0,11,1
1000,700,21.000000,0.000000,0,0,1727709,797,0,797,-21,0,11,1
1000,700,21.000000,0.000000,0,0,1727712,816,0,816,-22,0,11,1
1000,700,21.000000,0.000000,0,0,1727715,836,0,836,-23,0,11,1
1000,700,21.000000,0.000000,0,0,1727717,853,0,853,-24,0,11,1
1000,700,21.000000,0.000000,0,0,1727720,872,0,872,-25,0,11,1
1000,700,21.000000,0.000000,0,0,1727723,892,0,892,-26,0,11,1
1000,700,21.000000,0.000000,0,0,1727726,912,0,912,-27,0,11,1
1000,700,21.000000,0.000000,0,0,1727728,930,0,930,-29,0,11,1
1000,700,21.000000,0.000000,0,0,1727731,947,0,947,-29,0,11,1
1000,700,21.000000,0.000000,0,0,1727734,958,0,958,-29,0,11,1
1000,700,21.000000,0.000000,0,0,1727737,978,0,978,-29,0,11,1
1000,700,21.000000,0.000000,0,0,1727740,998,0,998,-29,0,11,1
1000,700,21.000000,0.000000,0,0,1727742,1014,0,1014,-29,0,11,1
1000,700,21.000000,0.000000,0,0,1727745,1031,0,1031,-30,0,11,1
1000,700,21.000000,0.000000,0,0,1727748,1048,0,1048,-30,0,11,1
1000,700,21.000000,0.000000,0,0,1727751,1065,0,1065,-30,0,11,1
1000,700,21.000000,0.000000,0,0,1727754,1081,0,1081,-30,0,11,1
1000,700,21.000000,0.000000,0,0,1727756,1096,0,1096,-30,0,11,1
1000,700,21.000000,0.000000,0,0,1727759,1105,0,1105,-30,0,11,1
1000,700,21.000000,0.000000,0,0,1727762,1123,0,1123,-30,0,11,1
1000,700,21.000000,0.000000,0,0,1727765,1133,0,1133,-30,0,11,1
1000,700,21.000000,0.000000,0,0,1727768,1145,0,1145,-30,0,11,1
1000,700,21.000000,0.000000,0,0,1727772,1165,0,1165,-30,0,11,1
1000,700,21.000000,0.000000,0,0,1727775,1173,0,1173,-30,0,11,1
1000,700,21.000000,0.000000,0,0,1727777,1184,1,1184,-29,0,11,1
1000,700,21.000000,0.000000,0,0,1727780,1194,1,1194,-29,0,11,1
1000,700,21.000000,0.000000,0,0,1727783,1202,1,1202,-29,0,11,1
1000,700,21.000000,0.000000,0,0,1727786,1210,1,1210,-29,0,11,1
1000,700,21.000000,0.000000,0,0,1727789,1234,2,1234,-28,0,11,1
1000,700,21.000000,0.000000,0,0,1727792,1240,2,1240,-28,0,11,1
1000,700,21.000000,0.000000,0,0,1727794,1243,3,1243,-27,0,11,1
1000,700,21.000000,0.000000,0,0,1727797,1248,3,1248,-27,0,11,1
1000,700,21.000000,0.000000,0,0,1727800,1252,4,1252,-26,0,11,1
1000,700,21.000000,0.000000,0,0,1727803,1257,4,1257,-26,0,11,1
1000,700,21.000000,0.000000,0,0,1727806,1260,4,1260,-26,0,11,1
1000,700,21.000000,0.000000,0,0,1727808,1265,4,1265,-26,0,11,1
1000,700,21.000000,0.000000,0,0,1727811,1268,4,1268,-26,0,11,1
1000,700,21.000000,0.000000,0,0,1727814,1272,4,1272,-26,0,11,1
1000,700,21.000000,0.000000,0,0,1727817,1275,4,1275,-26,0,11,1
1000,700,21.000000,0.000000,0,0,1727820,1278,4,1278,-26,0,11,1
1000,700,21.000000,0.000000,0,0,1727822,1280,4,1280,-26,0,11,1
1000,700,21.000000,0.000000,0,0,1727825,1282,4,1282,-26,0,11,1
1000,700,21.000000,0.000000,0,0,1727828,1284,4,1284,-26,0,11,1
1000,700,21.000000,0.000000,0,0,1727832,1285,4,1285,-26,0,11,1
1000,700,21.000000,0.000000,0,0,1727835,1286,4,1286,-26,0,11,1
1000,700,21.000000,0.000000,0,0,1727837,1288,4,1288,-26,0,11,1
1000,700,21.000000,0.000000,0,0,1727840,1288,4,1288,-26,0,11,1
1000,700,21.000000,0.000000,0,0,1727843,1288,4,1288,-26,0,11,1
1000,700,21.000000,0.000000,0,0,1727846,1288,4,1288,-26,0,11,1
1000,700,21.000000,0.000000,0,0,1727849,1288,4,1288,-26,0,11,1
1000,700,21.000000,0.000000,0,0,1727852,1289,4,1289,-26,0,11,1
1000,700,21.000000,0.000000,0,0,1727855,1290,4,1290,-26,0,11,1
1000,700,21.000000,0.000000,0,0,1727858,1290,4,1290,-26,0,11,1
1000,700,21.000000,0.000000,0,0,1727860,1290,4,1290,-26,0,11,1
1000,700,21.000000,0.000000,0,0,1727863,1290,4,1290,-26,0,11,1
1000,700,21.000000,0.000000,0,0,1727866,1290,4,1290,-26,0,11,1
1000,700,21.000000,0.000000,0,0,1727869,1290,4,1290,-26,0,11,1
1000,700,21.000000,0.000000,0,0,1727872,1290,4,1290,-26,0,11,1
1000,700,21.000000,0.000000,0,0,1727874,1290,4,1290,-26,0,11,1
1000,700,21.000000,0.000000,0,0,1727877,1290,4,1290,-26,0,11,1
1000,700,21.000000,0.000000,0,0,1727880,1291,4,1291,-26,0,11,1
1000,700,21.000000,0.000000,0,0,1727883,1292,4,1292,-26,0,11,1
1000,700,21.000000,0.000000,0,0,1727885,1293,4,1293,-26,0,11,1
1000,700,21.000000,0.000000,0,0,1727888,1293,4,1293,-26,0,11,1
1000,700,21.000000,0.000000,0,0,1727891,1294,4,1294,-26,0,11,1
1000,700,21.000000,0.000000,0,0,1727894,1295,4,1295,-26,0,11,1
1000,700,21.000000,0.000000,0,0,1727897,1296,4,1296,-26,0,11,1
1000,700,21.000000,0.000000,0,0,1727899,1296,4,1296,-26,0,11,1
1000,700,21.000000,0.000000,0,0,1727902,1297,4,1297,-26,0,11,1
1000,700,21.000000,0.000000,0,0,1727905,1298,4,1298,-26,0,11,1
1000,700,21.000000,0.000000,0,0,1727908,1299,4,1299,-26,0,11,1
1000,700,21.000000,0.000000,0,0,1727910,1299,4,1299,-26,0,11,1
1000,700,21.000000,0.000000,0,0,1727913,1300,4,1300,-26,0,11,1
1000,700,21.000000,0.000000,0,0,1727916,1301,4,1301,-26,0,11,1
1000,700,21.000000,0.000000,0,0,1727919,1302,4,1302,-26,0,11,1
1000,700,21.000000,0.000000,0,0,1727922,1303,4,1303,-26,0,11,1
1000,700,21.000000,0.000000,0,0,1727925,1304,4,1304,-26,0,11,1
1000,700,21.000000,0.000000,0,0,1727927,1305,4,1305,-26,0,11,1
1000,700,21.000000,0.000000,0,0,1727930,1306,4,1306,-26,0,11,1
1000,700,21.000000,0.000000,0,0,1727933,1307,4,1307,-26,0,11,1
1000,700,21.000000,0.000000,0,0,1727936,1308,4,1308,-26,0,11,1
1000,700,21.000000,0.000000,0,0,1727938,1309,4,1309,-26,0,11,1
1000,700,21.000000,0.000000,0,0,1727941,1311,4,1311,-26,0,11,1
1000,700,21.000000,0.000000,0,0,1727944,1312,4,1312,-26,0,11,1
1000,700,21.000000,0.000000,0,0,1727947,1313,4,1313,-26,0,11,1
1000,700,21.000000,0.000000,0,0,1727950,1314,4,1314,-26,0,11,1
1000,700,21.000000,0.000000,0,0,1727952,1316,4,1316,-26,0,11,1
1000,700,21.000000,0.000000,0,0,1727955,1317,4,1317,-26,0,11,1
1000,700,21.000000,0.000000,0,0,1727958,1318,4,1318,-26,0,11,1
1000,700,21.000000,0.000000,0,0,1727961,1318,4,1318,-26,0,11,1
1000,700,21.000000,0.000000,0,0,1727964,1319,4,1319,-26,0,11,1
1000,700,21.000000,0.000000,0,0,1727966,1320,4,1320,-26,0,11,1
1000,700,21.000000,0.000000,0,0,1727969,1321,4,1321,-26,0,11,1
1000,700,21.000000,0.000000,0,0,1727972,1321,4,1321,-26,0,11,1
1000,700,21.000000,0.000000,0,0,1727975,1321,4,1321,-26,0,11,1
1000,700,21.000000,0.000000,0,0,1727977,1321,4,1321,-26,0,11,1
1000,700,21.000000,0.000000,0,0,1727980,1321,4,1321,-26,0,11,1
1000,700,21.000000,0.000000,0,0,1727983,1321,4,1321,-26,0,11,1
1000,700,21.000000,0.000000,0,0,1727986,1321,4,1321,-26,0,11,1
1000,700,21.000000,0.000000,0,0,1727988,1321,4,1321,-26,0,11,1
1000,700,21.000000,0.000000,0,0,1727991,1321,4,1321,-26,0,11,1
1000,700,21.000000,0.000000,0,0,1727994,1321,4,1321,-26,0,11,1
1000,700,21.000000,0.000000,0,0,1727997,1321,4,1321,-26,0,11,1
1000,700,21.000000,0.000000,0,0,1728000,1321,4,1321,-26,0,11,1
1000,700,21.000000,0.000000,0,0,1728003,1321,4,1321,-26,0,11,1
1000,700,21.000000,0.000000,0,0,1728005,1321,4,1321,-26,0,11,1
1000,700,21.000000,0.000000,0,0,1728008,1321,4,1321,-26,0,11,1
1000,700,21.000000,0.000000,0,0,1728011,1321,4,1321,-26,0,11,1
1000,700,21.000000,0.000000,0,0,1728014,1321,4,1321,-26,0,11,1
1000,700,21.000000,0.000000,0,0,1728016,1321,4,1321,-26,0,11,1
1000,700,21.000000,0.000000,0,0,1728019,1321,4,1321,-26,0,11,1
1000,700,21.000000,0.000000,0,0,1728022,1321,4,1321,-26,0,11,1
1000,700,21.000000,0.000000,0,0,1728025,1321,4,1321,-26,0,11,1
1000,700,21.000000,0.000000,0,0,1728027,1321,4,1321,-26,0,11,1
1000,700,21.000000,0.000000,0,0,1728030,1321,4,1321,-26,0,11,1
1000,700,21.000000,0.000000,0,0,1728033,1321,4,1321,-26,0,11,1
1000,700,21.000000,0.000000,0,0,1728036,1322,4,1322,-26,0,11,1
1000,700,21.000000,0.000000,0,0,1728038,1322,4,1322,-26,0,11,1
1000,700,21.000000,0.000000,0,0,1728041,1323,4,1323,-26,0,11,1
1000,700,21.000000,0.000000,0,0,1728044,1324,4,1324,-26,0,11,1
1000,700,21.000000,0.000000,0,0,1728047,1325,4,1325,-26,0,11,1
1000,700,21.000000,0.000000,0,0,1728049,1326,4,1326,-26,0,11,1
1000,700,21.000000,0.000000,0,0,1728052,1327,4,1327,-26,0,11,1
1000,700,21.000000,0.000000,0,0,1728055,1328,4,1328,-26,0,11,1
1000,700,21.000000,0.000000,0,0,1728058,1329,4,1329,-26,0,11,1
1000,700,21.000000,0.000000,0,0,1728061,1330,4,1330,-26,0,11,1
1000,700,21.000000,0.000000,0,0,1728063,1331,4,1331,-26,0,11,1
1000,700,21.000000,0.000000,0,0,1728066,1332,4,1332,-26,0,11,1
1000,700,21.000000,0.000000,0,0,1728069,1333,4,1333,-26,0,11,1
1000,700,21.000000,0.000000,0,0,1728072,1334,4,1334,-26,0,11,1
1000,700,21.000000,0.000000,0,0,1728074,1335,4,1335,-26,0,11,1
1000,700,21.000000,0.000000,0,0,1728077,1336,4,1336,-26,0,11,1
1000,700,21.000000,0.000000,0,0,1728080,1337,4,1337,-26,0,11,1
1000,700,21.000000,0.000000,0,0,1728083,1338,4,1338,-26,0,11,1
1000,700,21.000000,0.000000,0,0,1728086,1338,4,1338,-26,0,11,1
1000,700,21.000000,0.000000,0,0,1728088,1338,4,1338,-26,0,11,1
1000,700,21.000000,0.000000,0,0,1728091,1338,4,1338,-26,0,11,1
1000,700,21.000000,0.000000,0,0,1728094,1338,4,1338,-26,0,11,1
1000,700,21.000000,0.000000,0,0,1728097,1338,4,1338,-26,0,11,1
1000,700,21.000000,0.000000,0,0,1728099,1338,4,1338,-26,0,11,1
1000,700,21.000000,0.000000,0,0,1728102,1338,4,1338,-26,0,11,1
1000,700,21.000000,0.000000,0,0,1728105,1338,4,1338,-26,0,11,1
1000,700,21.000000,0.000000,0,0,1728108,1338,4,1338,-26,0,11,1
1000,700,21.000000,0.000000,0,0,1728110,1338,4,1338,-26,0,11,1
1000,700,21.000000,0.000000,0,0,1728113,1338,4,1338,-26,0,11,1
1000,700,21.000000,0.000000,0,0,1728117,1338,4,1338,-26,0,11,1
1000,700,21.000000,0.000000,0,0,1728119,1338,4,1338,-26,0,11,1
1000,700,21.000000,0.000000,0,0,1728122,1338,4,1338,-26,0,11,1
1000,700,21.000000,0.000000,0,0,1728124,1338,4,1338,-26,0,11,1
1000,700,21.000000,0.000000,0,0,1728128,1338,4,1338,-26,0,11,1
1000,700,21.000000,0.000000,0,0,1728130,1338,4,1338,-26,0,11,1
1000,700,21.000000,0.000000,0,0,1728133,1338,4,1338,-26,0,11,1
1000,700,21.000000,0.000000,0,0,1728136,1338,4,1338,-26,0,11,1
1000,700,21.000000,0.000000,0,0,1728139,1338,4,1338,-26,0,11,1
1000,700,21.000000,0.000000,0,0,1728141,1338,4,1338,-26,0,11,1
1000,700,21.000000,0.000000,0,0,1728144,1338,4,1338,-26,0,11,1
1000,700,21.000000,0.000000,0,0,1728147,1338,4,1338,-26,0,11,1
1000,700,21.000000,0.000000,0,0,1728150,1338,4,1338,-26,0,11,1
1000,700,21.000000,0.000000,0,0,1728153,1338,4,1338,-26,0,11,1
1000,700,21.000000,0.000000,0,0,1728155,1338,4,1338,-26,0,11,1
1000,700,21.000000,0.000000,0,0,1728158,1338,4,1338,-26,0,11,1
1000,700,21.000000,0.000000,0,0,1728161,1338,4,1338,-26,0,11,1
1000,700,21.000000,0.000000,0,0,1728164,1338,4,1338,-26,0,11,1
1000,700,21.000000,0.000000,0,0,1728166,1338,4,1338,-26,0,11,1
1000,700,21.000000,0.000000,0,0,1728169,1338,4,1338,-26,0,11,1
1000,700,21.000000,0.000000,0,0,1728172,1338,4,1338,-26,0,11,1
1000,700,21.000000,0.000000,0,0,1728175,1337,4,1337,-26,0,11,1
1000,700,21.000000,0.000000,0,0,1728178,1336,4,1336,-26,0,11,1
1000,700,21.000000,0.000000,0,0,1728180,1336,4,1336,-26,0,11,1
1000,700,21.000000,0.000000,0,0,1728183,1335,4,1335,-26,0,11,1
1000,700,21.000000,0.000000,0,0,1728186,1334,4,1334,-26,0,11,1
1000,700,21.000000,0.000000,0,0,1728189,1333,4,1333,-26,0,11,1
1000,700,21.000000,0.000000,0,0,1728191,1332,4,1332,-26,0,11,1
1000,700,21.000000,0.000000,0,0,1728194,1331,4,1331,-26,0,11,1
1000,700,21.000000,0.000000,0,0,1728197,1330,4,1330,-26,0,11,1
1000,700,21.000000,0.000000,0,0,1728200,1329,4,1329,-26,0,11,1
1000,700,21.000000,0.000000,0,0,1728203,1328,4,1328,-26,0,11,1
1000,700,21.000000,0.000000,0,0,1728205,1327,4,1327,-26,0,11,1
1000,700,21.000000,0.000000,0,0,1728208,1326,4,1326,-26,0,11,1
1000,700,21.000000,0.000000,0,0,1728211,1325,4,1325,-26,0,11,1
1000,700,21.000000,0.000000,0,0,1728214,1324,4,1324,-26,0,11,1
1000,700,21.000000,0.000000,0,0,1728217,1322,4,1322,-26,0,11,1
1000,700,21.000000,0.000000,0,0,1728220,1320,4,1320,-26,0,11,1
1000,700,21.000000,0.000000,0,0,1728223,1319,4,1319,-26,0,11,1
1000,700,21.000000,0.000000,0,0,1728227,1319,4,1319,-26,0,11,1
1000,700,21.000000,0.000000,0,0,1728230,1318,4,1318,-26,0,11,1
1000,700,21.000000,0.000000,0,0,1728233,1317,4,1317,-26,0,11,1
1000,700,21.000000,0.000000,0,0,1728236,1317,4,1317,-26,0,11,1
1000,700,21.000000,0.000000,0,0,1728239,1316,4,1316,-26,0,11,1
1000,700,21.000000,0.000000,0,0,1728242,1315,4,1315,-26,0,11,1
1000,700,21.000000,0.000000,0,0,1728244,1314,4,1314,-26,0,11,1
1000,700,21.000000,0.000000,0,0,1728247,1313,4,1313,-26,0,11,1
1000,700,21.000000,0.000000,0,0,1728250,1312,4,1312,-26,0,11,1
1000,700,21.000000,0.000000,0,0,1728253,1311,4,1311,-26,0,11,1
1000,700,21.000000,0.000000,0,0,1728256,1311,4,1311,-26,0,11,1
1000,700,21.000000,0.000000,0,0,1728258,1310,4,1310,-26,0,11,1
1000,700,21.000000,0.000000,0,0,1728261,1310,4,1310,-26,0,11,1
1000,700,21.000000,0.000000,0,0,1728264,1310,4,1310,-26,0,11,1
1000,700,21.000000,0.000000,0,0,1728267,1310,3,1310,-27,0,11,1
1000,700,21.000000,0.000000,0,0,1728269,1310,2,1310,-28,0,11,1
1000,700,21.000000,0.000000,0,0,1728272,1310,2,1310,-28,0,11,1
1000,700,21.000000,0.000000,0,0,1728275,1310,2,1310,-28,0,11,1
1000,700,21.000000,0.000000,0,0,1728278,1310,2,1310,-28,0,11,1
1000,700,21.000000,0.000000,0,0,1728280,1310,2,1310,-28,0,11,1
1000,700,21.000000,0.000000,0,0,1728283,1310,2,1310,-28,0,11,1
1000,700,21.000000,0.000000,0,0,1728286,1310,2,1310,-28,0,11,1
1000,700,21.000000,0.000000,0,0,1728289,1310,2,1310,-28,0,11,1
1000,700,21.000000,0.000000,0,0,1728292,1310,2,1310,-28,0,11,1
1000,700,21.000000,0.000000,0,0,1728294,1310,2,1310,-28,0,11,1
1000,700,21.000000,0.000000,0,0,1728297,1310,2,1310,-28,0,11,1
1000,700,21.000000,0.000000,0,0,1728300,1310,2,1310,-28,0,11,1
1000,700,21.000000,0.000000,0,0,1728303,1310,2,1310,-28,0,11,1
1000,700,21.000000,0.000000,0,0,1728305,1310,2,1310,-28,0,11,1
1000,700,21.000000,0.000000,0,0,1728308,1310,2,1310,-28,0,11,1
1000,700,21.000000,0.000000,0,0,1728311,1310,2,1310,-28,0,11,1
1000,700,21.000000,0.000000,0,0,1728314,1310,2,1310,-28,0,11,1
1000,700,21.000000,0.000000,0,0,1728317,1310,2,1310,-28,0,11,1
1000,700,21.000000,0.000000,0,0,1728319,1310,2,1310,-28,0,11,1
1000,700,21.000000,0.000000,0,0,1728322,1310,2,1310,-28,0,11,1
1000,700,21.000000,0.000000,0,0,1728325,1310,2,1310,-28,0,11,1
1000,700,21.000000,0.000000,0,0,1728328,1310,2,1310,-28,0,11,1
1000,700,21.000000,0.000000,0,0,1728330,1310,2,1310,-28,0,11,1
1000,700,21.000000,0.000000,0,0,1728333,1310,2,1310,-28,0,11,1
1000,700,21.000000,0.000000,0,0,1728336,1310,2,1310,-28,0,11,1
1000,700,21.000000,0.000000,0,0,1728339,1310,2,1310,-28,0,11,1
1000,700,21.000000,0.000000,0,0,1728342,1310,2,1310,-28,0,11,1
1000,700,21.000000,0.000000,0,0,1728344,1310,2,1310,-28,0,11,1
1000,700,21.000000,0.000000,0,0,1728347,1310,2,1310,-28,0,11,1
1000,700,21.000000,0.000000,0,0,1728350,1310,2,1310,-28,0,11,1
1000,700,21.000000,0.000000,0,0,1728353,1310,2,1310,-28,0,11,1
1000,700,21.000000,0.000000,0,0,1728356,1310,2,1310,-28,0,11,1
1000,700,21.000000,0.000000,0,0,1728358,1310,2,1310,-28,0,11,1
1000,700,21.000000,0.000000,0,0,1728361,1310,2,1310,-28,0,11,1
1000,700,21.000000,0.000000,0,0,1728364,1310,2,1310,-28,0,11,1
1000,700,21.000000,0.000000,0,0,1728367,1310,2,1310,-28,0,11,1
1000,700,21.000000,0.000000,0,0,1728369,1310,2,1310,-28,0,11,1
1000,700,21.000000,0.000000,0,0,1728372,1310,2,1310,-28,0,11,1
1000,700,21.000000,0.000000,0,0,1728375,1310,2,1310,-28,0,11,1
1000,700,21.000000,0.000000,0,0,1728378,1310,2,1310,-28,0,11,1
1000,700,21.000000,0.000000,0,0,1728381,1310,2,1310,-28,0,11,1
1000,700,21.000000,0.000000,0,0,1728384,1310,2,1310,-28,0,11,1
1000,700,21.000000,0.000000,0,0,1728386,1310,2,1310,-28,0,11,1
1000,700,21.000000,0.000000,0,0,1728389,1310,2,1310,-28,0,11,1
1000,700,21.000000,0.000000,0,0,1728392,1310,2,1310,-28,0,11,1
1000,700,21.000000,0.000000,0,0,1728395,1310,2,1310,-28,0,11,1
1000,700,21.000000,0.000000,0,0,1728397,1310,2,1310,-28,0,11,1
1000,700,21.000000,0.000000,0,0,1728400,1310,2,1310,-28,0,11,1
1000,700,21.000000,0.000000,0,0,1728403,1310,2,1310,-28,0,11,1
1000,700,21.000000,0.000000,0,0,1728406,1310,2,1310,-28,0,11,1
1000,700,21.000000,0.000000,0,0,1728408,1310,2,1310,-28,0,11,1
1000,700,21.000000,0.000000,0,0,1728411,1310,2,1310,-28,0,11,1
1000,700,21.000000,0.000000,0,0,1728414,1310,2,1310,-28,0,11,1
1000,700,21.000000,0.000000,0,0,1728417,1310,2,1310,-28,0,11,1
1000,700,21.000000,0.000000,0,0,1728419,1310,2,1310,-28,0,11,1
1000,700,21.000000,0.000000,0,0,1728422,1310,2,1310,-28,0,11,1
1000,700,21.000000,0.000000,0,0,1728435,1310,2,1310,-28,0,11,1
