1000,350,21.000000,42.000000,0,2,2591812,777,2,777,2,0,70,5
1000,350,21.000000,42.000000,0,2,2591813,777,2,777,2,0,70,5
1000,350,21.000000,42.000000,0,2,2591816,777,2,777,2,0,70,5
1000,350,21.000000,42.000000,0,2,2591818,777,2,777,2,0,70,5
1000,350,21.000000,42.000000,0,2,2591821,777,2,777,2,0,70,5
1000,350,21.000000,42.000000,0,2,2591824,777,2,777,2,0,70,5
1000,350,21.000000,42.000000,0,2,2591827,777,2,777,2,0,70,5
1000,350,21.000000,42.000000,0,2,2591829,777,2,777,2,0,70,5
1000,350,21.000000,42.000000,0,2,2591833,777,2,777,2,0,70,5
1000,350,21.000000,42.000000,0,2,2591835,777,2,777,2,0,70,5
1000,350,21.000000,42.000000,0,2,2591838,777,2,777,2,0,70,5
1000,350,21.000000,42.000000,0,2,2591841,777,2,777,2,0,70,5
1000,350,21.000000,42.000000,0,2,2591844,777,2,777,2,0,70,5
1000,350,21.000000,42.000000,0,2,2591846,777,2,777,2,0,70,5
1000,350,21.000000,42.000000,0,2,2591849,777,2,777,2,0,70,5
1000,350,21.000000,42.000000,0,2,2591852,777,2,777,2,0,70,5
1000,350,21.000000,42.000000,0,2,2591855,777,2,777,2,0,70,5
1000,350,21.000000,42.000000,0,2,2591857,777,2,777,2,0,70,5
1000,350,21.000000,42.000000,0,2,2591860,777,2,777,2,0,70,5
1000,350,21.000000,42.000000,0,2,2591863,777,2,777,2,0,70,5
1000,350,21.000000,42.000000,0,2,2591866,777,2,777,2,0,70,5
1000,350,21.000000,42.000000,0,2,2591868,777,2,777,2,0,70,5
1000,350,21.000000,42.000000,0,2,2591871,777,2,777,2,0,70,5
1000,350,21.000000,42.000000,0,2,2591874,777,2,777,2,0,70,5
1000,350,21.000000,42.000000,0,2,2591877,777,2,777,2,0,70,5
1000,350,21.000000,42.000000,0,2,2591880,777,2,777,2,0,70,5
1000,350,21.000000,42.000000,0,2,2591882,777,2,777,2,0,70,5
1000,350,21.000000,42.000000,0,2,2591885,777,2,777,2,0,70,5
1000,350,21.000000,42.000000,0,2,2591888,777,2,777,2,0,70,5
1000,350,21.000000,42.000000,0,2,2591891,777,2,777,2,0,70,5
1000,350,21.000000,42.000000,0,2,2591894,777,2,777,2,0,70,5
1000,350,21.000000,42.000000,0,2,2591897,777,2,777,2,0,70,5
1000,350,21.000000,42.000000,0,2,2591899,777,2,777,2,0,70,5
1000,350,21.000000,42.000000,0,2,2591902,777,2,777,2,0,70,5
1000,350,21.000000,42.000000,0,2,2591905,777,2,777,2,0,70,5
1000,350,21.000000,42.000000,0,2,2591908,777,2,777,2,0,70,5
1000,350,21.000000,42.000000,0,2,2591911,778,2,778,2,0,70,5
1000,350,21.000000,42.000000,0,2,2591914,779,2,779,2,0,70,5
1000,350,21.000000,42.000000,0,2,2591916,779,2,779,2,0,70,5
1000,350,21.000000,42.000000,0,2,2591919,780,2,780,2,0,70,5
1000,350,21.000000,42.000000,0,2,2591922,781,1,781,1,0,70,5
1000,350,21.000000,42.000000,0,2,2591925,783,1,783,1,0,70,5
1000,350,21.000000,42.000000,0,2,2591928,786,1,786,1,0,70,5
1000,350,21.000000,42.000000,0,2,2591931,790,0,790,0,0,70,5
1000,350,21.000000,42.000000,0,2,2591934,794,0,794,0,0,70,5
1000,350,21.000000,42.000000,0,2,2591937,796,0,796,0,0,70,5
1000,350,21.000000,42.000000,0,2,2591939,800,0,800,0,0,70,5
1000,350,21.000000,42.000000,0,2,2591942,804,0,804,-1,0,70,5
1000,350,21.000000,42.000000,0,2,2591945,808,0,808,-1,0,70,5
1000,350,21.000000,42.000000,0,2,2591948,813,0,813,-2,0,70,5
1000,350,21.000000,42.000000,0,2,2591951,819,0,819,-3,0,70,5
1000,350,21.000000,42.000000,0,2,2591953,822,0,822,-3,0,70,5
1000,350,21.000000,42.000000,0,2,2591956,828,0,828,-4,0,70,5
1000,350,21.000000,42.000000,0,2,2591959,835,0,835,-5,0,70,5
1000,350,21.000000,42.000000,0,2,2591962,846,0,846,-7,0,70,5
1000,350,21.000000,42.000000,0,2,2591965,855,0,855,-9,0,70,5
1000,350,21.000000,42.000000,0,2,2591969,868,0,868,-11,0,70,5
1000,350,21.000000,42.000000,0,2,2591971,876,0,876,-12,0,70,5
1000,350,21.000000,42.000000,0,2,2591974,883,0,883,-13,0,70,5
1000,350,21.000000,42.000000,0,2,2591977,890,0,890,-15,0,70,5
1000,350,21.000000,42.000000,0,2,2591980,900,0,900,-16,0,70,5
1000,350,21.000000,42.000000,0,2,2591983,910,0,910,-17,0,70,5
1000,350,21.000000,42.000000,0,2,2591986,919,0,919,-17,0,70,5
1000,350,21.000000,42.000000,0,2,2591988,931,0,931,-17,0,70,5
1000,350,21.000000,42.000000,0,2,2591991,940,0,940,-19,0,70,5
1000,350,21.000000,42.000000,0,2,2591994,955,0,955,-21,0,70,5
1000,350,21.000000,42.000000,0,2,2591997,964,0,964,-22,0,70,5
1000,350,21.000000,42.000000,0,2,2592000,972,0,972,-23,0,70,5
1000,350,21.000000,42.000000,0,2,2592003,982,0,982,-24,0,70,5
1000,350,21.000000,42.000000,0,2,2592005,989,0,989,-25,0,70,5
1000,350,21.000000,42.000000,0,2,2592008,997,0,997,-26,0,70,5
1000,350,21.000000,42.000000,0,2,2592011,1000,0,1000,-27,0,70,5
1000,350,21.000000,42.000000,0,2,2592014,1009,0,1009,-27,0,70,5
1000,350,21.000000,42.000000,0,2,2592017,1015,0,1015,-28,0,70,5
1000,350,21.000000,42.000000,0,2,2592019,1020,0,1020,-28,0,70,5
1000,350,21.000000,42.000000,0,2,2592022,1025,0,1025,-28,0,70,5
1000,350,21.000000,42.000000,0,2,2592025,1030,0,1030,-28,0,70,5
1000,350,21.000000,42.000000,0,2,2592028,1034,0,1034,-28,0,70,5
1000,350,21.000000,42.000000,0,2,2592031,1036,0,1036,-29,0,70,5
1000,350,21.000000,42.000000,0,2,2592033,1039,0,1039,-29,0,70,5
1000,350,21.000000,42.000000,0,2,2592036,1044,0,1044,-29,0,70,5
1000,350,21.000000,42.000000,0,2,2592039,1047,0,1047,-29,0,70,5
1000,350,21.000000,42.000000,0,2,2592042,1050,0,1050,-29,0,70,5
1000,350,21.000000,42.000000,0,2,2592045,1052,0,1052,-29,0,70,5
1000,350,21.000000,42.000000,0,2,2592047,1054,0,1054,-29,0,70,5
1000,350,21.000000,42.000000,0,2,2592050,1056,0,1056,-29,0,70,5
1000,350,21.000000,42.000000,0,2,2592053,1058,0,1058,-30,0,70,5
1000,350,21.000000,42.000000,0,2,2592056,1059,0,1059,-30,0,70,5
1000,350,21.000000,42.000000,0,2,2592058,1061,0,1061,-30,0,70,5
1000,350,21.000000,42.000000,0,2,2592061,1062,0,1062,-30,0,70,5
1000,350,21.000000,42.000000,0,2,2592064,1064,0,1064,-30,0,70,5
1000,350,21.000000,42.000000,0,2,2592067,1066,0,1066,-30,0,70,5
1000,350,21.000000,42.000000,0,2,2592070,1067,0,1067,-30,0,70,5
1000,350,21.000000,42.000000,0,2,2592072,1069,0,1069,-30,0,70,5
1000,350,21.000000,42.000000,0,2,2592075,1071,0,1071,-30,0,70,5
1000,350,21.000000,42.000000,0,2,2592078,1072,0,1072,-30,0,70,5
1000,350,21.000000,42.000000,0,2,2592081,1073,0,1073,-30,0,70,5
1000,350,21.000000,42.000000,0,2,2592084,1074,0,1074,-31,0,70,5
1000,350,21.000000,42.000000,0,2,2592086,1075,0,1075,-31,0,70,5
1000,350,21.000000,42.000000,0,2,2592089,1076,0,1076,-31,0,70,5
1000,350,21.000000,42.000000,0,2,2592092,1076,0,1076,-31,0,70,5
1000,350,21.000000,42.000000,0,2,2592095,1076,0,1076,-31,0,70,5
1000,350,21.000000,42.000000,0,2,2592098,1077,0,1077,-31,0,70,5
1000,350,21.000000,42.000000,0,2,2592100,1077,0,1077,-31,0,70,5
1000,350,21.000000,42.000000,0,2,2592103,1078,0,1078,-31,0,70,5
1000,350,21.000000,42.000000,0,2,2592106,1079,0,1079,-31,0,70,5
1000,350,21.000000,42.000000,0,2,2592109,1079,0,1079,-31,0,70,5
1000,350,21.000000,42.000000,0,2,2592111,1079,0,1079,-31,0,70,5
1000,350,21.000000,42.000000,0,2,2592114,1080,0,1080,-31,0,70,5
1000,350,21.000000,42.000000,0,2,2592117,1080,0,1080,-31,0,70,5
1000,350,21.000000,42.000000,0,2,2592120,1080,0,1080,-31,0,70,5
1000,350,21.000000,42.000000,0,2,2592122,1080,0,1080,-31,0,70,5
1000,350,21.000000,42.000000,0,2,2592125,1080,0,1080,-31,0,70,5
1000,350,21.000000,42.000000,0,2,2592128,1080,0,1080,-31,0,70,5
1000,350,21.000000,42.000000,0,2,2592131,1081,0,1081,-31,0,70,5
1000,350,21.000000,42.000000,0,2,2592134,1082,0,1082,-31,0,70,5
1000,350,21.000000,42.000000,0,2,2592137,1082,0,1082,-31,0,70,5
1000,350,21.000000,42.000000,0,2,2592139,1083,0,1083,-31,0,70,5
1000,350,21.000000,42.000000,0,2,2592142,1084,0,1084,-31,0,70,5
1000,350,21.000000,42.000000,0,2,2592145,1084,0,1084,-31,0,70,5
1000,350,21.000000,42.000000,0,2,2592148,1085,0,1085,-31,0,70,5
1000,350,21.000000,42.000000,0,2,2592151,1086,0,1086,-31,0,70,5
1000,350,21.000000,42.000000,0,2,2592153,1087,0,1087,-31,0,70,5
1000,350,21.000000,42.000000,0,2,2592156,1087,0,1087,-31,0,70,5
1000,350,21.000000,42.000000,0,2,2592159,1088,0,1088,-31,0,70,5
1000,350,21.000000,42.000000,0,2,2592162,1088,0,1088,-31,0,70,5
1000,350,21.000000,42.000000,0,2,2592165,1090,0,1090,-31,0,70,5
1000,350,21.000000,42.000000,0,2,2592168,1090,0,1090,-31,0,70,5
1000,350,21.000000,42.000000,0,2,2592170,1091,0,1091,-31,0,70,5
1000,350,21.000000,42.000000,0,2,2592173,1091,0,1091,-32,0,70,5
1000,350,21.000000,42.000000,0,2,2592176,1091,0,1091,-32,0,70,5
1000,350,21.000000,42.000000,0,2,2592179,1092,0,1092,-32,0,70,5
1000,350,21.000000,42.000000,0,2,2592182,1093,0,1093,-32,0,70,5
1000,350,21.000000,42.000000,0,2,2592184,1094,0,1094,-32,0,70,5
1000,350,21.000000,42.000000,0,2,2592187,1094,0,1094,-32,0,70,5
1000,350,21.000000,42.000000,0,2,2592190,1094,0,1094,-32,0,70,5
1000,350,21.000000,42.000000,0,2,2592193,1095,0,1095,-32,0,70,5
1000,350,21.000000,42.000000,0,2,2592195,1096,0,1096,-32,0,70,5
1000,350,21.000000,42.000000,0,2,2592198,1096,0,1096,-33,0,70,5
1000,350,21.000000,42.000000,0,2,2592201,1096,0,1096,-33,0,70,5
1000,350,21.000000,42.000000,0,2,2592204,1096,0,1096,-33,0,70,5
1000,350,21.000000,42.000000,0,2,2592206,1096,0,1096,-33,0,70,5
1000,350,21.000000,42.000000,0,2,2592209,1097,0,1097,-33,0,70,5
1000,350,21.000000,42.000000,0,2,2592212,1097,0,1097,-33,0,70,5
1000,350,21.000000,42.000000,0,2,2592215,1097,0,1097,-33,0,70,5
1000,350,21.000000,42.000000,0,2,2592218,1097,0,1097,-33,0,70,5
1000,350,21.000000,42.000000,0,2,2592220,1097,0,1097,-33,0,70,5
1000,350,21.000000,42.000000,0,2,2592223,1097,0,1097,-33,0,70,5
1000,350,21.000000,42.000000,0,2,2592226,1097,0,1097,-33,0,70,5
1000,350,21.000000,42.000000,0,2,2592228,1097,0,1097,-33,0,70,5
1000,350,21.000000,42.000000,0,2,2592231,1097,0,1097,-33,0,70,5
1000,350,21.000000,42.000000,0,2,2592234,1097,0,1097,-33,0,70,5
1000,350,21.000000,42.000000,0,2,2592237,1097,0,1097,-33,0,70,5
1000,350,21.000000,42.000000,0,2,2592239,1097,0,1097,-33,0,70,5
1000,350,21.000000,42.000000,0,2,2592242,1097,0,1097,-33,0,70,5
1000,350,21.000000,42.000000,0,2,2592245,1097,0,1097,-33,0,70,5
1000,350,21.000000,42.000000,0,2,2592248,1097,0,1097,-33,0,70,5
1000,350,21.000000,42.000000,0,2,2592250,1097,0,1097,-33,0,70,5
1000,350,21.000000,42.000000,0,2,2592253,1097,0,1097,-33,0,70,5
1000,350,21.000000,42.000000,0,2,2592256,1097,0,1097,-33,0,70,5
1000,350,21.000000,42.000000,0,2,2592259,1097,0,1097,-33,0,70,5
1000,350,21.000000,42.000000,0,2,2592262,1098,0,1098,-33,0,70,5
1000,350,21.000000,42.000000,0,2,2592264,1098,0,1098,-33,0,70,5
1000,350,21.000000,42.000000,0,2,2592267,1098,0,1098,-33,0,70,5
1000,350,21.000000,42.000000,0,2,2592270,1099,0,1099,-33,0,70,5
1000,350,21.000000,42.000000,0,2,2592273,1100,0,1100,-33,0,70,5
1000,350,21.000000,42.000000,0,2,2592275,1101,0,1101,-33,0,70,5
1000,350,21.000000,42.000000,0,2,2592278,1103,0,1103,-33,0,70,5
1000,350,21.000000,42.000000,0,2,2592281,1104,0,1104,-33,0,70,5
1000,350,21.000000,42.000000,0,2,2592284,1106,0,1106,-33,0,70,5
1000,350,21.000000,42.000000,0,2,2592287,1108,0,1108,-33,0,70,5
1000,350,21.000000,42.000000,0,2,2592290,1109,0,1109,-33,0,70,5
1000,350,21.000000,42.000000,0,2,2592292,1111,0,1111,-34,0,70,5
1000,350,21.000000,42.000000,0,2,2592295,1113,0,1113,-34,0,70,5
1000,350,21.000000,42.000000,0,2,2592298,1115,0,1115,-34,0,70,5
1000,350,21.000000,42.000000,0,2,2592301,1117,0,1117,-34,0,70,5
1000,350,21.000000,42.000000,0,2,2592303,1119,0,1119,-34,0,70,5
1000,350,21.000000,42.000000,0,2,2592306,1120,0,1120,-34,0,70,5
1000,350,21.000000,42.000000,0,2,2592309,1121,0,1121,-34,0,70,5
1000,350,21.000000,42.000000,0,2,2592312,1123,0,1123,-35,0,70,5
1000,350,21.000000,42.000000,0,2,2592315,1124,0,1124,-35,0,70,5
1000,350,21.000000,42.000000,0,2,2592318,1126,0,1126,-36,0,70,5
1000,350,21.000000,42.000000,0,2,2592320,1128,0,1128,-36,0,70,5
1000,350,21.000000,42.000000,0,2,2592323,1129,0,1129,-36,0,70,5
1000,350,21.000000,42.000000,0,2,2592326,1129,0,1129,-37,0,70,5
1000,350,21.000000,42.000000,0,2,2592329,1130,0,1130,-37,0,70,5
1000,350,21.000000,42.000000,0,2,2592332,1130,0,1130,-37,0,70,5
1000,350,21.000000,42.000000,0,2,2592335,1130,0,1130,-37,0,70,5
1000,350,21.000000,42.000000,0,2,2592337,1131,0,1131,-37,0,70,5
1000,350,21.000000,42.000000,0,2,2592340,1131,0,1131,-37,0,70,5
1000,350,21.000000,42.000000,0,2,2592343,1131,0,1131,-37,0,70,5
1000,350,21.000000,42.000000,0,2,2592346,1131,0,1131,-37,0,70,5
1000,350,21.000000,42.000000,0,2,2592348,1131,0,1131,-37,0,70,5
1000,350,21.000000,42.000000,0,2,2592351,1131,0,1131,-37,0,70,5
1000,350,21.000000,42.000000,0,2,2592354,1131,0,1131,-37,0,70,5
1000,350,21.000000,42.000000,0,2,2592357,1131,0,1131,-37,0,70,5
1000,350,21.000000,42.000000,0,2,2592359,1131,0,1131,-37,0,70,5
1000,350,21.000000,42.000000,0,2,2592362,1131,0,1131,-37,0,70,5
1000,350,21.000000,42.000000,0,2,2592365,1131,0,1131,-37,0,70,5
1000,350,21.000000,42.000000,0,2,2592368,1131,0,1131,-37,0,70,5
1000,350,21.000000,42.000000,0,2,2592370,1131,0,1131,-37,0,70,5
1000,350,21.000000,42.000000,0,2,2592373,1131,0,1131,-37,0,70,5
1000,350,21.000000,42.000000,0,2,2592376,1131,0,1131,-37,0,70,5
1000,350,21.000000,42.000000,0,2,2592379,1131,0,1131,-37,0,70,5
1000,350,21.000000,42.000000,0,2,2592381,1131,0,1131,-37,0,70,5
1000,350,21.000000,42.000000,0,2,2592384,1131,0,1131,-37,0,70,5
1000,350,21.000000,42.000000,0,2,2592387,1131,0,1131,-37,0,70,5
1000,350,21.000000,42.000000,0,2,2592390,1131,0,1131,-37,0,70,5
1000,350,21.000000,42.000000,0,2,2592392,1131,0,1131,-37,0,70,5
1000,350,21.000000,42.000000,0,2,2592395,1131,0,1131,-37,0,70,5
1000,350,21.000000,42.000000,0,2,2592398,1131,0,1131,-37,0,70,5
1000,350,21.000000,42.000000,0,2,2592401,1131,0,1131,-37,0,70,5
1000,350,21.000000,42.000000,0,2,2592403,1131,0,1131,-37,0,70,5
1000,350,21.000000,42.000000,0,2,2592406,1131,0,1131,-37,0,70,5
1000,350,21.000000,42.000000,0,2,2592409,1131,0,1131,-37,0,70,5
1000,350,21.000000,42.000000,0,2,2592411,1131,0,1131,-37,0,70,5
1000,350,21.000000,42.000000,0,2,2592414,1131,0,1131,-37,0,70,5
1000,350,21.000000,42.000000,0,2,2592417,1131,0,1131,-37,0,70,5
1000,350,21.000000,42.000000,0,2,2592420,1131,0,1131,-37,0,70,5
1000,350,21.000000,42.000000,0,2,2592422,1131,0,1131,-37,0,70,5
1000,350,21.000000,42.000000,0,2,2592425,1131,0,1131,-37,0,70,5
1000,350,21.000000,42.000000,0,2,2592428,1131,0,1131,-37,0,70,5
1000,350,21.000000,42.000000,0,2,2592431,1131,0,1131,-37,0,70,5
1000,350,21.000000,42.000000,0,2,2592433,1131,0,1131,-37,0,70,5
1000,350,21.000000,42.000000,0,2,2592436,1131,0,1131,-37,0,70,5
1000,350,21.000000,42.000000,0,2,2592439,1131,0,1131,-37,0,70,5
1000,350,21.000000,42.000000,0,2,2592441,1131,0,1131,-37,0,70,5
1000,350,21.000000,42.000000,0,2,2592444,1131,0,1131,-37,0,70,5
1000,350,21.000000,42.000000,0,2,2592447,1131,0,1131,-37,0,70,5
1000,350,21.000000,42.000000,0,2,2592450,1131,0,1131,-37,0,70,5
1000,350,21.000000,42.000000,0,2,2592452,1131,0,1131,-37,0,70,5
1000,350,21.000000,42.000000,0,2,2592455,1131,0,1131,-37,0,70,5
1000,350,21.000000,42.000000,0,2,2592458,1131,0,1131,-37,0,70,5
1000,350,21.000000,42.000000,0,2,2592461,1131,0,1131,-37,0,70,5
1000,350,21.000000,42.000000,0,2,2592463,1131,0,1131,-37,0,70,5
1000,350,21.000000,42.000000,0,2,2592466,1131,0,1131,-37,0,70,5
1000,350,21.000000,42.000000,0,2,2592469,1131,0,1131,-37,0,70,5
1000,350,21.000000,42.000000,0,2,2592473,1131,0,1131,-37,0,70,5
1000,350,21.000000,42.000000,0,2,2592476,1131,0,1131,-37,0,70,5
1000,350,21.000000,42.000000,0,2,2592478,1131,0,1131,-37,0,70,5
1000,350,21.000000,42.000000,0,2,2592482,1131,0,1131,-37,0,70,5
1000,350,21.000000,42.000000,0,2,2592485,1131,0,1131,-37,0,70,5
1000,350,21.000000,42.000000,0,2,2592487,1131,0,1131,-37,0,70,5
1000,350,21.000000,42.000000,0,2,2592490,1131,0,1131,-37,0,70,5
1000,350,21.000000,42.000000,0,2,2592493,1131,0,1131,-37,0,70,5
1000,350,21.000000,42.000000,0,2,2592496,1131,0,1131,-37,0,70,5
1000,350,21.000000,42.000000,0,2,2592498,1131,0,1131,-37,0,70,5
1000,350,21.000000,42.000000,0,2,2592501,1131,0,1131,-37,0,70,5
1000,350,21.000000,42.000000,0,2,2592504,1131,0,1131,-37,0,70,5
1000,350,21.000000,42.000000,0,2,2592506,1131,0,1131,-37,0,70,5
1000,350,21.000000,42.000000,0,2,2592509,1131,0,1131,-37,0,70,5
1000,350,21.000000,42.000000,0,2,2592512,1131,0,1131,-37,0,70,5
1000,350,21.000000,42.000000,0,2,2592515,1131,0,1131,-37,0,70,5
1000,350,21.000000,42.000000,0,2,2592517,1131,0,1131,-37,0,70,5
1000,350,21.000000,42.000000,0,2,2592520,1131,0,1131,-37,0,70,5
1000,350,21.000000,42.000000,0,2,2592523,1131,0,1131,-37,0,70,5
1000,350,21.000000,42.000000,0,2,2592536,1131,0,1131,-37,0,70,5
