1000,350,21.000000,0.000000,0,2,2484317,790,0,790,0,0,60,3
1000,350,21.000000,0.000000,0,2,2484318,790,0,790,0,0,60,3
1000,350,21.000000,0.000000,0,2,2484321,790,0,790,0,0,60,3
1000,350,21.000000,0.000000,0,2,2484323,790,0,790,0,0,60,3
1000,350,21.000000,0.000000,0,2,2484326,790,0,790,0,0,60,3
1000,350,21.000000,0.000000,0,2,2484329,790,0,790,0,0,60,3
1000,350,21.000000,0.000000,0,2,2484332,790,0,790,0,0,60,3
1000,350,21.000000,0.000000,0,2,2484335,790,0,790,0,0,60,3
1000,350,21.000000,0.000000,0,2,2484337,790,0,790,0,0,60,3
1000,350,21.000000,0.000000,0,2,2484340,790,0,790,0,0,60,3
1000,350,21.000000,0.000000,0,2,2484343,790,0,790,0,0,60,3
1000,350,21.000000,0.000000,0,2,2484346,790,0,790,0,0,60,3
1000,350,21.000000,0.000000,0,2,2484348,790,0,790,0,0,60,3
1000,350,21.000000,0.000000,0,2,2484351,790,0,790,0,0,60,3
1000,350,21.000000,0.000000,0,2,2484354,790,0,790,0,0,60,3
1000,350,21.000000,0.000000,0,2,2484357,790,0,790,0,0,60,3
1000,350,21.000000,0.000000,0,2,2484359,790,0,790,0,0,60,3
1000,350,21.000000,0.000000,0,2,2484362,790,0,790,0,0,60,3
1000,350,21.000000,0.000000,0,2,2484365,790,0,790,0,0,60,3
1000,350,21.000000,0.000000,0,2,2484368,790,0,790,0,0,60,3
1000,350,21.000000,0.000000,0,2,2484370,790,0,790,0,0,60,3
1000,350,21.000000,0.000000,0,2,2484373,790,0,790,0,0,60,3
1000,350,21.000000,0.000000,0,2,2484376,790,0,790,0,0,60,3
1000,350,21.000000,0.000000,0,2,2484379,790,0,790,0,0,60,3
1000,350,21.000000,0.000000,0,2,2484382,790,0,790,0,0,60,3
1000,350,21.000000,0.000000,0,2,2484384,790,0,790,0,0,60,3
1000,350,21.000000,0.000000,0,2,2484387,790,0,790,0,0,60,3
1000,350,21.000000,0.000000,0,2,2484390,790,0,790,0,0,60,3
1000,350,21.000000,0.000000,0,2,2484393,790,0,790,0,0,60,3
1000,350,21.000000,0.000000,0,2,2484395,790,0,790,0,0,60,3
1000,350,21.000000,0.000000,0,2,2484399,790,0,790,-1,0,60,3
1000,350,21.000000,0.000000,0,2,2484401,791,0,791,-1,0,60,3
1000,350,21.000000,0.000000,0,2,2484404,792,0,792,-1,0,60,3
1000,350,21.000000,0.000000,0,2,2484408,794,0,794,-1,0,60,3
1000,350,21.000000,0.000000,0,2,2484412,796,0,796,-2,0,60,3
1000,350,21.000000,0.000000,0,2,2484415,799,0,799,-2,0,60,3
1000,350,21.000000,0.000000,0,2,2484418,802,0,802,-3,0,60,3
1000,350,21.000000,0.000000,0,2,2484421,804,0,804,-3,0,60,3
1000,350,21.000000,0.000000,0,2,2484424,806,0,806,-5,0,60,3
1000,350,21.000000,0.000000,0,2,2484427,809,0,809,-5,0,60,3
1000,350,21.000000,0.000000,0,2,2484430,814,0,814,-6,0,60,3
1000,350,21.000000,0.000000,0,2,2484433,817,0,817,-6,0,60,3
1000,350,21.000000,0.000000,0,2,2484436,821,0,821,-7,0,60,3
1000,350,21.000000,0.000000,0,2,2484438,824,0,824,-8,0,60,3
1000,350,21.000000,0.000000,0,2,2484441,830,0,830,-9,0,60,3
1000,350,21.000000,0.000000,0,2,2484444,834,0,834,-10,0,60,3
1000,350,21.000000,0.000000,0,2,2484447,842,0,842,-11,0,60,3
1000,350,21.000000,0.000000,0,2,2484450,848,0,848,-12,0,60,3
1000,350,21.000000,0.000000,0,2,2484453,854,0,854,-14,0,60,3
1000,350,21.000000,0.000000,0,2,2484456,859,0,859,-15,0,60,3
1000,350,21.000000,0.000000,0,2,2484459,870,0,870,-16,0,60,3
1000,350,21.000000,0.000000,0,2,2484462,877,0,877,-17,0,60,3
1000,350,21.000000,0.000000,0,2,2484465,885,0,885,-18,0,60,3
1000,350,21.000000,0.000000,0,2,2484468,897,0,897,-19,0,60,3
1000,350,21.000000,0.000000,0,2,2484471,904,0,904,-20,0,60,3
1000,350,21.000000,0.000000,0,2,2484474,922,0,922,-23,0,60,3
1000,350,21.000000,0.000000,0,2,2484477,927,0,927,-23,0,60,3
1000,350,21.000000,0.000000,0,2,2484480,935,0,935,-24,0,60,3
1000,350,21.000000,0.000000,0,2,2484483,944,0,944,-25,0,60,3
1000,350,21.000000,0.000000,0,2,2484486,955,0,955,-26,0,60,3
1000,350,21.000000,0.000000,0,2,2484489,961,0,961,-27,0,60,3
1000,350,21.000000,0.000000,0,2,2484492,966,0,966,-28,0,60,3
1000,350,21.000000,0.000000,0,2,2484495,973,0,973,-29,0,60,3
1000,350,21.000000,0.000000,0,2,2484497,980,0,980,-30,0,60,3
1000,350,21.000000,0.000000,0,2,2484500,987,0,987,-31,0,60,3
1000,350,21.000000,0.000000,0,2,2484503,993,0,993,-31,0,60,3
1000,350,21.000000,0.000000,0,2,2484506,998,0,998,-33,0,60,3
1000,350,21.000000,0.000000,0,2,2484509,1005,0,1005,-34,0,60,3
1000,350,21.000000,0.000000,0,2,2484512,1010,0,1010,-35,0,60,3
1000,350,21.000000,0.000000,0,2,2484514,1016,0,1016,-35,0,60,3
1000,350,21.000000,0.000000,0,2,2484517,1022,0,1022,-35,0,60,3
1000,350,21.000000,0.000000,0,2,2484520,1028,0,1028,-36,0,60,3
1000,350,21.000000,0.000000,0,2,2484523,1033,0,1033,-36,0,60,3
1000,350,21.000000,0.000000,0,2,2484526,1039,0,1039,-36,0,60,3
1000,350,21.000000,0.000000,0,2,2484529,1050,0,1050,-37,0,60,3
1000,350,21.000000,0.000000,0,2,2484532,1056,0,1056,-38,0,60,3
1000,350,21.000000,0.000000,0,2,2484535,1062,0,1062,-38,0,60,3
1000,350,21.000000,0.000000,0,2,2484538,1065,0,1065,-39,0,60,3
1000,350,21.000000,0.000000,0,2,2484541,1073,0,1073,-41,0,60,3
1000,350,21.000000,0.000000,0,2,2484544,1081,0,1081,-41,0,60,3
1000,350,21.000000,0.000000,0,2,2484547,1087,0,1087,-42,0,60,3
1000,350,21.000000,0.000000,0,2,2484550,1091,0,1091,-43,0,60,3
1000,350,21.000000,0.000000,0,2,2484554,1096,0,1096,-44,0,60,3
1000,350,21.000000,0.000000,0,2,2484557,1100,0,1100,-44,0,60,3
1000,350,21.000000,0.000000,0,2,2484560,1106,0,1106,-45,0,60,3
1000,350,21.000000,0.000000,0,2,2484563,1109,0,1109,-45,0,60,3
1000,350,21.000000,0.000000,0,2,2484566,1111,0,1111,-45,0,60,3
1000,350,21.000000,0.000000,0,2,2484569,1115,0,1115,-45,0,60,3
1000,350,21.000000,0.000000,0,2,2484572,1117,0,1117,-46,0,60,3
1000,350,21.000000,0.000000,0,2,2484575,1118,0,1118,-46,0,60,3
1000,350,21.000000,0.000000,0,2,2484577,1119,0,1119,-46,0,60,3
1000,350,21.000000,0.000000,0,2,2484580,1120,0,1120,-46,0,60,3
1000,350,21.000000,0.000000,0,2,2484583,1121,0,1121,-46,0,60,3
1000,350,21.000000,0.000000,0,2,2484586,1122,0,1122,-46,0,60,3
1000,350,21.000000,0.000000,0,2,2484589,1123,0,1123,-47,0,60,3
1000,350,21.000000,0.000000,0,2,2484591,1123,0,1123,-47,0,60,3
1000,350,21.000000,0.000000,0,2,2484594,1123,0,1123,-47,0,60,3
1000,350,21.000000,0.000000,0,2,2484597,1123,0,1123,-47,0,60,3
1000,350,21.000000,0.000000,0,2,2484600,1123,0,1123,-47,0,60,3
1000,350,21.000000,0.000000,0,2,2484603,1123,0,1123,-47,0,60,3
1000,350,21.000000,0.000000,0,2,2484606,1123,0,1123,-47,0,60,3
1000,350,21.000000,0.000000,0,2,2484609,1123,0,1123,-47,0,60,3
1000,350,21.000000,0.000000,0,2,2484612,1123,0,1123,-47,0,60,3
1000,350,21.000000,0.000000,0,2,2484615,1123,0,1123,-47,0,60,3
1000,350,21.000000,0.000000,0,2,2484618,1123,0,1123,-47,0,60,3
1000,350,21.000000,0.000000,0,2,2484620,1123,0,1123,-47,0,60,3
1000,350,21.000000,0.000000,0,2,2484623,1123,0,1123,-47,0,60,3
1000,350,21.000000,0.000000,0,2,2484626,1123,0,1123,-47,0,60,3
1000,350,21.000000,0.000000,0,2,2484629,1123,0,1123,-47,0,60,3
1000,350,21.000000,0.000000,0,2,2484632,1123,0,1123,-47,0,60,3
1000,350,21.000000,0.000000,0,2,2484634,1123,0,1123,-47,0,60,3
1000,350,21.000000,0.000000,0,2,2484637,1123,0,1123,-47,0,60,3
1000,350,21.000000,0.000000,0,2,2484640,1123,0,1123,-47,0,60,3
1000,350,21.000000,0.000000,0,2,2484643,1123,0,1123,-47,0,60,3
1000,350,21.000000,0.000000,0,2,2484646,1123,0,1123,-47,0,60,3
1000,350,21.000000,0.000000,0,2,2484648,1123,0,1123,-47,0,60,3
1000,350,21.000000,0.000000,0,2,2484651,1123,0,1123,-47,0,60,3
1000,350,21.000000,0.000000,0,2,2484654,1123,0,1123,-47,0,60,3
1000,350,21.000000,0.000000,0,2,2484657,1123,0,1123,-47,0,60,3
1000,350,21.000000,0.000000,0,2,2484660,1123,0,1123,-47,0,60,3
1000,350,21.000000,0.000000,0,2,2484663,1123,0,1123,-47,0,60,3
1000,350,21.000000,0.000000,0,2,2484666,1123,0,1123,-47,0,60,3
1000,350,21.000000,0.000000,0,2,2484668,1123,0,1123,-47,0,60,3
1000,350,21.000000,0.000000,0,2,2484671,1123,0,1123,-47,0,60,3
1000,350,21.000000,0.000000,0,2,2484674,1123,0,1123,-47,0,60,3
1000,350,21.000000,0.000000,0,2,2484676,1123,0,1123,-47,0,60,3
1000,350,21.000000,0.000000,0,2,2484679,1123,0,1123,-47,0,60,3
1000,350,21.000000,0.000000,0,2,2484682,1123,0,1123,-47,0,60,3
1000,350,21.000000,0.000000,0,2,2484684,1123,0,1123,-47,0,60,3
1000,350,21.000000,0.000000,0,2,2484687,1123,0,1123,-47,0,60,3
1000,350,21.000000,0.000000,0,2,2484690,1123,0,1123,-47,0,60,3
1000,350,21.000000,0.000000,0,2,2484693,1123,0,1123,-47,0,60,3
1000,350,21.000000,0.000000,0,2,2484696,1123,0,1123,-47,0,60,3
1000,350,21.000000,0.000000,0,2,2484699,1123,0,1123,-47,0,60,3
1000,350,21.000000,0.000000,0,2,2484701,1123,0,1123,-47,0,60,3
1000,350,21.000000,0.000000,0,2,2484704,1123,0,1123,-47,0,60,3
1000,350,21.000000,0.000000,0,2,2484707,1123,0,1123,-47,0,60,3
1000,350,21.000000,0.000000,0,2,2484710,1123,0,1123,-47,0,60,3
1000,350,21.000000,0.000000,0,2,2484712,1123,0,1123,-47,0,60,3
1000,350,21.000000,0.000000,0,2,2484715,1123,0,1123,-47,0,60,3
1000,350,21.000000,0.000000,0,2,2484718,1123,0,1123,-47,0,60,3
1000,350,21.000000,0.000000,0,2,2484721,1123,0,1123,-47,0,60,3
1000,350,21.000000,0.000000,0,2,2484723,1123,0,1123,-47,0,60,3
1000,350,21.000000,0.000000,0,2,2484726,1123,0,1123,-47,0,60,3
1000,350,21.000000,0.000000,0,2,2484729,1123,0,1123,-47,0,60,3
1000,350,21.000000,0.000000,0,2,2484732,1123,0,1123,-47,0,60,3
1000,350,21.000000,0.000000,0,2,2484735,1123,0,1123,-47,0,60,3
1000,350,21.000000,0.000000,0,2,2484737,1123,0,1123,-47,0,60,3
1000,350,21.000000,0.000000,0,2,2484740,1123,0,1123,-47,0,60,3
1000,350,21.000000,0.000000,0,2,2484743,1123,0,1123,-47,0,60,3
1000,350,21.000000,0.000000,0,2,2484746,1123,0,1123,-47,0,60,3
1000,350,21.000000,0.000000,0,2,2484748,1123,0,1123,-47,0,60,3
1000,350,21.000000,0.000000,0,2,2484751,1123,0,1123,-47,0,60,3
1000,350,21.000000,0.000000,0,2,2484754,1123,0,1123,-47,0,60,3
1000,350,21.000000,0.000000,0,2,2484757,1123,0,1123,-47,0,60,3
1000,350,21.000000,0.000000,0,2,2484760,1123,0,1123,-47,0,60,3
1000,350,21.000000,0.000000,0,2,2484762,1123,0,1123,-47,0,60,3
1000,350,21.000000,0.000000,0,2,2484765,1123,0,1123,-47,0,60,3
1000,350,21.000000,0.000000,0,2,2484768,1123,0,1123,-47,0,60,3
1000,350,21.000000,0.000000,0,2,2484771,1123,0,1123,-47,0,60,3
1000,350,21.000000,0.000000,0,2,2484774,1123,0,1123,-47,0,60,3
1000,350,21.000000,0.000000,0,2,2484777,1123,0,1123,-47,0,60,3
1000,350,21.000000,0.000000,0,2,2484779,1123,0,1123,-47,0,60,3
1000,350,21.000000,0.000000,0,2,2484782,1123,0,1123,-47,0,60,3
1000,350,21.000000,0.000000,0,2,2484785,1123,0,1123,-47,0,60,3
1000,350,21.000000,0.000000,0,2,2484788,1123,0,1123,-47,0,60,3
1000,350,21.000000,0.000000,0,2,2484790,1123,0,1123,-47,0,60,3
1000,350,21.000000,0.000000,0,2,2484794,1123,0,1123,-47,0,60,3
1000,350,21.000000,0.000000,0,2,2484796,1123,0,1123,-47,0,60,3
1000,350,21.000000,0.000000,0,2,2484799,1123,0,1123,-47,0,60,3
1000,350,21.000000,0.000000,0,2,2484802,1123,0,1123,-47,0,60,3
1000,350,21.000000,0.000000,0,2,2484804,1123,0,1123,-47,0,60,3
1000,350,21.000000,0.000000,0,2,2484807,1124,0,1124,-47,0,60,3
1000,350,21.000000,0.000000,0,2,2484810,1125,0,1125,-47,0,60,3
1000,350,21.000000,0.000000,0,2,2484812,1126,0,1126,-47,0,60,3
1000,350,21.000000,0.000000,0,2,2484816,1126,0,1126,-47,0,60,3
1000,350,21.000000,0.000000,0,2,2484819,1127,0,1127,-47,0,60,3
1000,350,21.000000,0.000000,0,2,2484821,1128,0,1128,-47,0,60,3
1000,350,21.000000,0.000000,0,2,2484824,1129,0,1129,-47,0,60,3
1000,350,21.000000,0.000000,0,2,2484827,1130,0,1130,-47,0,60,3
1000,350,21.000000,0.000000,0,2,2484829,1130,0,1130,-47,0,60,3
1000,350,21.000000,0.000000,0,2,2484832,1130,0,1130,-48,0,60,3
1000,350,21.000000,0.000000,0,2,2484835,1131,0,1131,-49,0,60,3
1000,350,21.000000,0.000000,0,2,2484838,1131,0,1131,-49,0,60,3
1000,350,21.000000,0.000000,0,2,2484840,1132,0,1132,-49,0,60,3
1000,350,21.000000,0.000000,0,2,2484843,1132,0,1132,-49,0,60,3
1000,350,21.000000,0.000000,0,2,2484846,1133,0,1133,-49,0,60,3
1000,350,21.000000,0.000000,0,2,2484849,1133,0,1133,-49,0,60,3
1000,350,21.000000,0.000000,0,2,2484851,1133,0,1133,-49,0,60,3
1000,350,21.000000,0.000000,0,2,2484854,1134,0,1134,-49,0,60,3
1000,350,21.000000,0.000000,0,2,2484857,1135,0,1135,-49,0,60,3
1000,350,21.000000,0.000000,0,2,2484860,1136,0,1136,-49,0,60,3
1000,350,21.000000,0.000000,0,2,2484862,1137,0,1137,-49,0,60,3
1000,350,21.000000,0.000000,0,2,2484865,1137,0,1137,-49,0,60,3
1000,350,21.000000,0.000000,0,2,2484868,1137,0,1137,-49,0,60,3
1000,350,21.000000,0.000000,0,2,2484871,1137,0,1137,-49,0,60,3
1000,350,21.000000,0.000000,0,2,2484874,1137,0,1137,-49,0,60,3
1000,350,21.000000,0.000000,0,2,2484878,1137,0,1137,-49,0,60,3
1000,350,21.000000,0.000000,0,2,2484882,1137,0,1137,-49,0,60,3
1000,350,21.000000,0.000000,0,2,2484885,1137,0,1137,-49,0,60,3
1000,350,21.000000,0.000000,0,2,2484888,1137,0,1137,-49,0,60,3
1000,350,21.000000,0.000000,0,2,2484891,1137,0,1137,-49,0,60,3
1000,350,21.000000,0.000000,0,2,2484894,1137,0,1137,-49,0,60,3
1000,350,21.000000,0.000000,0,2,2484896,1137,0,1137,-49,0,60,3
1000,350,21.000000,0.000000,0,2,2484899,1137,0,1137,-49,0,60,3
1000,350,21.000000,0.000000,0,2,2484902,1137,0,1137,-49,0,60,3
1000,350,21.000000,0.000000,0,2,2484905,1137,0,1137,-49,0,60,3
1000,350,21.000000,0.000000,0,2,2484907,1137,0,1137,-49,0,60,3
1000,350,21.000000,0.000000,0,2,2484910,1137,0,1137,-49,0,60,3
1000,350,21.000000,0.000000,0,2,2484913,1137,0,1137,-49,0,60,3
1000,350,21.000000,0.000000,0,2,2484916,1137,0,1137,-49,0,60,3
1000,350,21.000000,0.000000,0,2,2484918,1137,0,1137,-49,0,60,3
1000,350,21.000000,0.000000,0,2,2484921,1137,0,1137,-49,0,60,3
1000,350,21.000000,0.000000,0,2,2484924,1137,0,1137,-49,0,60,3
1000,350,21.000000,0.000000,0,2,2484927,1137,0,1137,-49,0,60,3
1000,350,21.000000,0.000000,0,2,2484929,1137,0,1137,-49,0,60,3
1000,350,21.000000,0.000000,0,2,2484932,1137,0,1137,-49,0,60,3
1000,350,21.000000,0.000000,0,2,2484935,1137,0,1137,-49,0,60,3
1000,350,21.000000,0.000000,0,2,2484938,1137,0,1137,-49,0,60,3
1000,350,21.000000,0.000000,0,2,2484940,1137,0,1137,-49,0,60,3
1000,350,21.000000,0.000000,0,2,2484943,1137,0,1137,-49,0,60,3
1000,350,21.000000,0.000000,0,2,2484946,1137,0,1137,-49,0,60,3
1000,350,21.000000,0.000000,0,2,2484949,1137,0,1137,-49,0,60,3
1000,350,21.000000,0.000000,0,2,2484951,1137,0,1137,-49,0,60,3
1000,350,21.000000,0.000000,0,2,2484954,1137,0,1137,-49,0,60,3
1000,350,21.000000,0.000000,0,2,2484957,1137,0,1137,-49,0,60,3
1000,350,21.000000,0.000000,0,2,2484960,1137,0,1137,-49,0,60,3
1000,350,21.000000,0.000000,0,2,2484963,1137,0,1137,-49,0,60,3
1000,350,21.000000,0.000000,0,2,2484965,1137,0,1137,-49,0,60,3
1000,350,21.000000,0.000000,0,2,2484968,1137,0,1137,-49,0,60,3
1000,350,21.000000,0.000000,0,2,2484971,1137,0,1137,-49,0,60,3
1000,350,21.000000,0.000000,0,2,2484974,1137,0,1137,-49,0,60,3
1000,350,21.000000,0.000000,0,2,2484977,1137,0,1137,-49,0,60,3
1000,350,21.000000,0.000000,0,2,2484979,1137,0,1137,-49,0,60,3
1000,350,21.000000,0.000000,0,2,2484982,1137,0,1137,-49,0,60,3
1000,350,21.000000,0.000000,0,2,2484985,1137,0,1137,-49,0,60,3
1000,350,21.000000,0.000000,0,2,2484988,1137,0,1137,-49,0,60,3
1000,350,21.000000,0.000000,0,2,2484999,1137,0,1137,-49,0,60,3
