1000,350,21.000000,0.000000,0,2,2499277,780,0,780,0,0,61,5
1000,350,21.000000,0.000000,0,2,2499278,780,0,780,0,0,61,5
1000,350,21.000000,0.000000,0,2,2499281,780,0,780,0,0,61,5
1000,350,21.000000,0.000000,0,2,2499284,780,0,780,0,0,61,5
1000,350,21.000000,0.000000,0,2,2499286,780,0,780,0,0,61,5
1000,350,21.000000,0.000000,0,2,2499289,780,0,780,0,0,61,5
1000,350,21.000000,0.000000,0,2,2499292,780,0,780,0,0,61,5
1000,350,21.000000,0.000000,0,2,2499295,780,0,780,0,0,61,5
1000,350,21.000000,0.000000,0,2,2499297,780,0,780,0,0,61,5
1000,350,21.000000,0.000000,0,2,2499300,780,0,780,0,0,61,5
1000,350,21.000000,0.000000,0,2,2499303,780,0,780,0,0,61,5
1000,350,21.000000,0.000000,0,2,2499306,780,0,780,0,0,61,5
1000,350,21.000000,0.000000,0,2,2499308,780,0,780,0,0,61,5
1000,350,21.000000,0.000000,0,2,2499311,780,0,780,0,0,61,5
1000,350,21.000000,0.000000,0,2,2499314,780,0,780,0,0,61,5
1000,350,21.000000,0.000000,0,2,2499317,780,0,780,0,0,61,5
1000,350,21.000000,0.000000,0,2,2499320,780,0,780,0,0,61,5
1000,350,21.000000,0.000000,0,2,2499322,780,0,780,0,0,61,5
1000,350,21.000000,0.000000,0,2,2499325,780,0,780,0,0,61,5
1000,350,21.000000,0.000000,0,2,2499328,780,0,780,0,0,61,5
1000,350,21.000000,0.000000,0,2,2499331,780,0,780,0,0,61,5
1000,350,21.000000,0.000000,0,2,2499333,780,0,780,0,0,61,5
1000,350,21.000000,0.000000,0,2,2499336,780,0,780,0,0,61,5
1000,350,21.000000,0.000000,0,2,2499339,780,0,780,0,0,61,5
1000,350,21.000000,0.000000,0,2,2499342,780,0,780,0,0,61,5
1000,350,21.000000,0.000000,0,2,2499345,781,0,781,-1,0,61,5
1000,350,21.000000,0.000000,0,2,2499347,782,0,782,-2,0,61,5
1000,350,21.000000,0.000000,0,2,2499351,783,0,783,-2,0,61,5
1000,350,21.000000,0.000000,0,2,2499353,784,0,784,-2,0,61,5
1000,350,21.000000,0.000000,0,2,2499357,785,0,785,-2,0,61,5
1000,350,21.000000,0.000000,0,2,2499360,787,0,787,-3,0,61,5
1000,350,21.000000,0.000000,0,2,2499363,789,0,789,-4,0,61,5
1000,350,21.000000,0.000000,0,2,2499366,791,0,791,-4,0,61,5
1000,350,21.000000,0.000000,0,2,2499369,797,0,797,-4,0,61,5
1000,350,21.000000,0.000000,0,2,2499372,799,0,799,-4,0,61,5
1000,350,21.000000,0.000000,0,2,2499375,804,0,804,-5,0,61,5
1000,350,21.000000,0.000000,0,2,2499378,809,0,809,-5,0,61,5
1000,350,21.000000,0.000000,0,2,2499381,813,0,813,-5,0,61,5
1000,350,21.000000,0.000000,0,2,2499384,820,0,820,-7,0,61,5
1000,350,21.000000,0.000000,0,2,2499387,827,0,827,-7,0,61,5
1000,350,21.000000,0.000000,0,2,2499390,833,0,833,-8,0,61,5
1000,350,21.000000,0.000000,0,2,2499393,843,0,843,-9,0,61,5
1000,350,21.000000,0.000000,0,2,2499395,850,0,850,-9,0,61,5
1000,350,21.000000,0.000000,0,2,2499398,858,0,858,-10,0,61,5
1000,350,21.000000,0.000000,0,2,2499401,868,0,868,-11,0,61,5
1000,350,21.000000,0.000000,0,2,2499404,879,0,879,-13,0,61,5
1000,350,21.000000,0.000000,0,2,2499407,889,0,889,-15,0,61,5
1000,350,21.000000,0.000000,0,2,2499410,906,0,906,-17,0,61,5
1000,350,21.000000,0.000000,0,2,2499412,912,0,912,-17,0,61,5
1000,350,21.000000,0.000000,0,2,2499415,923,0,923,-18,0,61,5
1000,350,21.000000,0.000000,0,2,2499418,937,0,937,-20,0,61,5
1000,350,21.000000,0.000000,0,2,2499421,951,0,951,-22,0,61,5
1000,350,21.000000,0.000000,0,2,2499423,964,0,964,-23,0,61,5
1000,350,21.000000,0.000000,0,2,2499426,980,0,980,-24,0,61,5
1000,350,21.000000,0.000000,0,2,2499429,989,0,989,-25,0,61,5
1000,350,21.000000,0.000000,0,2,2499432,1004,0,1004,-27,0,61,5
1000,350,21.000000,0.000000,0,2,2499435,1012,0,1012,-28,0,61,5
1000,350,21.000000,0.000000,0,2,2499439,1024,0,1024,-30,0,61,5
1000,350,21.000000,0.000000,0,2,2499442,1036,0,1036,-32,0,61,5
1000,350,21.000000,0.000000,0,2,2499445,1046,0,1046,-33,0,61,5
1000,350,21.000000,0.000000,0,2,2499448,1054,0,1054,-33,0,61,5
1000,350,21.000000,0.000000,0,2,2499450,1063,0,1063,-34,0,61,5
1000,350,21.000000,0.000000,0,2,2499453,1070,0,1070,-35,0,61,5
1000,350,21.000000,0.000000,0,2,2499456,1076,0,1076,-36,0,61,5
1000,350,21.000000,0.000000,0,2,2499459,1082,0,1082,-37,0,61,5
1000,350,21.000000,0.000000,0,2,2499462,1087,0,1087,-38,0,61,5
1000,350,21.000000,0.000000,0,2,2499464,1094,0,1094,-39,0,61,5
1000,350,21.000000,0.000000,0,2,2499467,1098,0,1098,-39,0,61,5
1000,350,21.000000,0.000000,0,2,2499470,1100,0,1100,-39,0,61,5
1000,350,21.000000,0.000000,0,2,2499473,1106,0,1106,-40,0,61,5
1000,350,21.000000,0.000000,0,2,2499476,1109,0,1109,-41,0,61,5
1000,350,21.000000,0.000000,0,2,2499478,1112,0,1112,-42,0,61,5
1000,350,21.000000,0.000000,0,2,2499481,1116,0,1116,-42,0,61,5
1000,350,21.000000,0.000000,0,2,2499484,1119,0,1119,-43,0,61,5
1000,350,21.000000,0.000000,0,2,2499487,1121,0,1121,-43,0,61,5
1000,350,21.000000,0.000000,0,2,2499489,1123,0,1123,-43,0,61,5
1000,350,21.000000,0.000000,0,2,2499492,1126,0,1126,-43,0,61,5
1000,350,21.000000,0.000000,0,2,2499495,1129,0,1129,-44,0,61,5
1000,350,21.000000,0.000000,0,2,2499498,1130,0,1130,-44,0,61,5
1000,350,21.000000,0.000000,0,2,2499501,1132,0,1132,-44,0,61,5
1000,350,21.000000,0.000000,0,2,2499503,1133,0,1133,-44,0,61,5
1000,350,21.000000,0.000000,0,2,2499506,1134,0,1134,-44,0,61,5
1000,350,21.000000,0.000000,0,2,2499509,1135,0,1135,-45,0,61,5
1000,350,21.000000,0.000000,0,2,2499512,1136,0,1136,-45,0,61,5
1000,350,21.000000,0.000000,0,2,2499514,1138,0,1138,-45,0,61,5
1000,350,21.000000,0.000000,0,2,2499517,1141,0,1141,-45,0,61,5
1000,350,21.000000,0.000000,0,2,2499520,1142,0,1142,-45,0,61,5
1000,350,21.000000,0.000000,0,2,2499523,1142,0,1142,-46,0,61,5
1000,350,21.000000,0.000000,0,2,2499526,1143,0,1143,-46,0,61,5
1000,350,21.000000,0.000000,0,2,2499528,1145,0,1145,-46,0,61,5
1000,350,21.000000,0.000000,0,2,2499531,1147,0,1147,-47,0,61,5
1000,350,21.000000,0.000000,0,2,2499534,1148,0,1148,-47,0,61,5
1000,350,21.000000,0.000000,0,2,2499537,1148,0,1148,-47,0,61,5
1000,350,21.000000,0.000000,0,2,2499539,1149,0,1149,-47,0,61,5
1000,350,21.000000,0.000000,0,2,2499542,1149,0,1149,-47,0,61,5
1000,350,21.000000,0.000000,0,2,2499545,1149,0,1149,-47,0,61,5
1000,350,21.000000,0.000000,0,2,2499548,1149,0,1149,-47,0,61,5
1000,350,21.000000,0.000000,0,2,2499550,1149,0,1149,-47,0,61,5
1000,350,21.000000,0.000000,0,2,2499553,1149,0,1149,-47,0,61,5
1000,350,21.000000,0.000000,0,2,2499556,1149,0,1149,-47,0,61,5
1000,350,21.000000,0.000000,0,2,2499559,1149,0,1149,-47,0,61,5
1000,350,21.000000,0.000000,0,2,2499561,1149,0,1149,-47,0,61,5
1000,350,21.000000,0.000000,0,2,2499564,1149,0,1149,-47,0,61,5
1000,350,21.000000,0.000000,0,2,2499567,1149,0,1149,-47,0,61,5
1000,350,21.000000,0.000000,0,2,2499570,1149,0,1149,-47,0,61,5
1000,350,21.000000,0.000000,0,2,2499573,1149,0,1149,-47,0,61,5
1000,350,21.000000,0.000000,0,2,2499575,1149,0,1149,-47,0,61,5
1000,350,21.000000,0.000000,0,2,2499578,1149,0,1149,-47,0,61,5
1000,350,21.000000,0.000000,0,2,2499581,1149,0,1149,-47,0,61,5
1000,350,21.000000,0.000000,0,2,2499584,1149,0,1149,-47,0,61,5
1000,350,21.000000,0.000000,0,2,2499586,1149,0,1149,-47,0,61,5
1000,350,21.000000,0.000000,0,2,2499589,1149,0,1149,-47,0,61,5
1000,350,21.000000,0.000000,0,2,2499592,1149,0,1149,-47,0,61,5
1000,350,21.000000,0.000000,0,2,2499595,1149,0,1149,-47,0,61,5
1000,350,21.000000,0.000000,0,2,2499598,1149,0,1149,-47,0,61,5
1000,350,21.000000,0.000000,0,2,2499600,1149,0,1149,-47,0,61,5
1000,350,21.000000,0.000000,0,2,2499603,1149,0,1149,-47,0,61,5
1000,350,21.000000,0.000000,0,2,2499606,1149,0,1149,-47,0,61,5
1000,350,21.000000,0.000000,0,2,2499609,1149,0,1149,-47,0,61,5
1000,350,21.000000,0.000000,0,2,2499611,1149,0,1149,-47,0,61,5
1000,350,21.000000,0.000000,0,2,2499614,1149,0,1149,-47,0,61,5
1000,350,21.000000,0.000000,0,2,2499617,1149,0,1149,-47,0,61,5
1000,350,21.000000,0.000000,0,2,2499620,1149,0,1149,-47,0,61,5
1000,350,21.000000,0.000000,0,2,2499623,1149,0,1149,-47,0,61,5
1000,350,21.000000,0.000000,0,2,2499626,1149,0,1149,-47,0,61,5
1000,350,21.000000,0.000000,0,2,2499628,1149,0,1149,-47,0,61,5
1000,350,21.000000,0.000000,0,2,2499631,1149,0,1149,-47,0,61,5
1000,350,21.000000,0.000000,0,2,2499634,1149,0,1149,-47,0,61,5
1000,350,21.000000,0.000000,0,2,2499637,1149,0,1149,-47,0,61,5
1000,350,21.000000,0.000000,0,2,2499640,1149,0,1149,-47,0,61,5
1000,350,21.000000,0.000000,0,2,2499642,1149,0,1149,-47,0,61,5
1000,350,21.000000,0.000000,0,2,2499645,1149,0,1149,-47,0,61,5
1000,350,21.000000,0.000000,0,2,2499648,1149,0,1149,-47,0,61,5
1000,350,21.000000,0.000000,0,2,2499651,1149,0,1149,-47,0,61,5
1000,350,21.000000,0.000000,0,2,2499653,1149,0,1149,-47,0,61,5
1000,350,21.000000,0.000000,0,2,2499656,1149,0,1149,-47,0,61,5
1000,350,21.000000,0.000000,0,2,2499659,1149,0,1149,-47,0,61,5
1000,350,21.000000,0.000000,0,2,2499662,1149,0,1149,-47,0,61,5
1000,350,21.000000,0.000000,0,2,2499664,1149,0,1149,-47,0,61,5
1000,350,21.000000,0.000000,0,2,2499667,1149,0,1149,-47,0,61,5
1000,350,21.000000,0.000000,0,2,2499670,1149,0,1149,-47,0,61,5
1000,350,21.000000,0.000000,0,2,2499673,1149,0,1149,-47,0,61,5
1000,350,21.000000,0.000000,0,2,2499676,1149,0,1149,-47,0,61,5
1000,350,21.000000,0.000000,0,2,2499678,1149,0,1149,-47,0,61,5
1000,350,21.000000,0.000000,0,2,2499681,1149,0,1149,-47,0,61,5
1000,350,21.000000,0.000000,0,2,2499684,1149,0,1149,-47,0,61,5
1000,350,21.000000,0.000000,0,2,2499687,1149,0,1149,-47,0,61,5
1000,350,21.000000,0.000000,0,2,2499690,1149,0,1149,-47,0,61,5
1000,350,21.000000,0.000000,0,2,2499692,1149,0,1149,-47,0,61,5
1000,350,21.000000,0.000000,0,2,2499695,1149,0,1149,-47,0,61,5
1000,350,21.000000,0.000000,0,2,2499698,1149,0,1149,-47,0,61,5
1000,350,21.000000,0.000000,0,2,2499701,1149,0,1149,-47,0,61,5
1000,350,21.000000,0.000000,0,2,2499703,1149,0,1149,-47,0,61,5
1000,350,21.000000,0.000000,0,2,2499706,1149,0,1149,-47,0,61,5
1000,350,21.000000,0.000000,0,2,2499709,1149,0,1149,-47,0,61,5
1000,350,21.000000,0.000000,0,2,2499712,1149,0,1149,-47,0,61,5
1000,350,21.000000,0.000000,0,2,2499715,1149,0,1149,-47,0,61,5
1000,350,21.000000,0.000000,0,2,2499717,1149,0,1149,-47,0,61,5
1000,350,21.000000,0.000000,0,2,2499720,1149,0,1149,-47,0,61,5
1000,350,21.000000,0.000000,0,2,2499723,1149,0,1149,-47,0,61,5
1000,350,21.000000,0.000000,0,2,2499725,1149,0,1149,-47,0,61,5
1000,350,21.000000,0.000000,0,2,2499728,1149,0,1149,-47,0,61,5
1000,350,21.000000,0.000000,0,2,2499731,1149,0,1149,-47,0,61,5
1000,350,21.000000,0.000000,0,2,2499734,1149,0,1149,-47,0,61,5
1000,350,21.000000,0.000000,0,2,2499736,1149,0,1149,-47,0,61,5
1000,350,21.000000,0.000000,0,2,2499739,1149,0,1149,-47,0,61,5
1000,350,21.000000,0.000000,0,2,2499742,1149,0,1149,-47,0,61,5
1000,350,21.000000,0.000000,0,2,2499745,1149,0,1149,-47,0,61,5
1000,350,21.000000,0.000000,0,2,2499748,1149,0,1149,-47,0,61,5
1000,350,21.000000,0.000000,0,2,2499751,1149,0,1149,-47,0,61,5
1000,350,21.000000,0.000000,0,2,2499753,1149,0,1149,-47,0,61,5
1000,350,21.000000,0.000000,0,2,2499756,1149,0,1149,-47,0,61,5
1000,350,21.000000,0.000000,0,2,2499759,1149,0,1149,-47,0,61,5
1000,350,21.000000,0.000000,0,2,2499762,1149,0,1149,-47,0,61,5
1000,350,21.000000,0.000000,0,2,2499764,1149,0,1149,-47,0,61,5
1000,350,21.000000,0.000000,0,2,2499767,1149,0,1149,-47,0,61,5
1000,350,21.000000,0.000000,0,2,2499770,1149,0,1149,-47,0,61,5
1000,350,21.000000,0.000000,0,2,2499773,1149,0,1149,-47,0,61,5
1000,350,21.000000,0.000000,0,2,2499775,1149,0,1149,-47,0,61,5
1000,350,21.000000,0.000000,0,2,2499778,1149,0,1149,-47,0,61,5
1000,350,21.000000,0.000000,0,2,2499781,1149,0,1149,-47,0,61,5
1000,350,21.000000,0.000000,0,2,2499784,1149,0,1149,-47,0,61,5
1000,350,21.000000,0.000000,0,2,2499787,1149,0,1149,-47,0,61,5
1000,350,21.000000,0.000000,0,2,2499789,1149,0,1149,-47,0,61,5
1000,350,21.000000,0.000000,0,2,2499792,1149,0,1149,-47,0,61,5
1000,350,21.000000,0.000000,0,2,2499795,1149,0,1149,-47,0,61,5
1000,350,21.000000,0.000000,0,2,2499798,1149,0,1149,-47,0,61,5
1000,350,21.000000,0.000000,0,2,2499801,1149,0,1149,-47,0,61,5
1000,350,21.000000,0.000000,0,2,2499803,1149,0,1149,-47,0,61,5
1000,350,21.000000,0.000000,0,2,2499806,1149,0,1149,-47,0,61,5
1000,350,21.000000,0.000000,0,2,2499809,1149,0,1149,-47,0,61,5
1000,350,21.000000,0.000000,0,2,2499812,1149,0,1149,-47,0,61,5
1000,350,21.000000,0.000000,0,2,2499815,1149,0,1149,-47,0,61,5
1000,350,21.000000,0.000000,0,2,2499817,1149,0,1149,-47,0,61,5
1000,350,21.000000,0.000000,0,2,2499820,1149,0,1149,-48,0,61,5
1000,350,21.000000,0.000000,0,2,2499823,1149,0,1149,-49,0,61,5
1000,350,21.000000,0.000000,0,2,2499826,1149,0,1149,-49,0,61,5
1000,350,21.000000,0.000000,0,2,2499828,1149,0,1149,-49,0,61,5
1000,350,21.000000,0.000000,0,2,2499831,1149,0,1149,-49,0,61,5
1000,350,21.000000,0.000000,0,2,2499834,1148,0,1148,-49,0,61,5
1000,350,21.000000,0.000000,0,2,2499837,1148,0,1148,-49,0,61,5
1000,350,21.000000,0.000000,0,2,2499840,1148,0,1148,-49,0,61,5
1000,350,21.000000,0.000000,0,2,2499842,1147,0,1147,-49,0,61,5
1000,350,21.000000,0.000000,0,2,2499845,1146,0,1146,-49,0,61,5
1000,350,21.000000,0.000000,0,2,2499848,1145,0,1145,-49,0,61,5
1000,350,21.000000,0.000000,0,2,2499851,1145,0,1145,-49,0,61,5
1000,350,21.000000,0.000000,0,2,2499854,1145,0,1145,-49,0,61,5
1000,350,21.000000,0.000000,0,2,2499856,1144,0,1144,-49,0,61,5
1000,350,21.000000,0.000000,0,2,2499859,1144,0,1144,-49,0,61,5
1000,350,21.000000,0.000000,0,2,2499862,1144,0,1144,-49,0,61,5
1000,350,21.000000,0.000000,0,2,2499865,1143,0,1143,-49,0,61,5
1000,350,21.000000,0.000000,0,2,2499867,1142,0,1142,-49,0,61,5
1000,350,21.000000,0.000000,0,2,2499870,1142,0,1142,-49,0,61,5
1000,350,21.000000,0.000000,0,2,2499873,1142,0,1142,-49,0,61,5
1000,350,21.000000,0.000000,0,2,2499876,1142,0,1142,-49,0,61,5
1000,350,21.000000,0.000000,0,2,2499878,1142,0,1142,-49,0,61,5
1000,350,21.000000,0.000000,0,2,2499881,1141,0,1141,-49,0,61,5
1000,350,21.000000,0.000000,0,2,2499884,1140,0,1140,-49,0,61,5
1000,350,21.000000,0.000000,0,2,2499887,1140,0,1140,-49,0,61,5
1000,350,21.000000,0.000000,0,2,2499890,1140,0,1140,-49,0,61,5
1000,350,21.000000,0.000000,0,2,2499892,1140,0,1140,-49,0,61,5
1000,350,21.000000,0.000000,0,2,2499895,1140,0,1140,-49,0,61,5
1000,350,21.000000,0.000000,0,2,2499898,1140,0,1140,-49,0,61,5
1000,350,21.000000,0.000000,0,2,2499901,1140,0,1140,-49,0,61,5
1000,350,21.000000,0.000000,0,2,2499903,1140,0,1140,-49,0,61,5
1000,350,21.000000,0.000000,0,2,2499906,1140,0,1140,-49,0,61,5
1000,350,21.000000,0.000000,0,2,2499909,1140,0,1140,-49,0,61,5
1000,350,21.000000,0.000000,0,2,2499912,1140,0,1140,-49,0,61,5
1000,350,21.000000,0.000000,0,2,2499915,1140,0,1140,-49,0,61,5
1000,350,21.000000,0.000000,0,2,2499917,1140,0,1140,-49,0,61,5
1000,350,21.000000,0.000000,0,2,2499920,1140,0,1140,-49,0,61,5
1000,350,21.000000,0.000000,0,2,2499923,1140,0,1140,-49,0,61,5
1000,350,21.000000,0.000000,0,2,2499926,1140,0,1140,-49,0,61,5
1000,350,21.000000,0.000000,0,2,2499928,1140,0,1140,-49,0,61,5
1000,350,21.000000,0.000000,0,2,2499931,1140,0,1140,-49,0,61,5
1000,350,21.000000,0.000000,0,2,2499934,1140,0,1140,-49,0,61,5
1000,350,21.000000,0.000000,0,2,2499937,1140,0,1140,-49,0,61,5
1000,350,21.000000,0.000000,0,2,2499939,1140,0,1140,-49,0,61,5
1000,350,21.000000,0.000000,0,2,2499942,1140,0,1140,-49,0,61,5
1000,350,21.000000,0.000000,0,2,2499945,1140,0,1140,-49,0,61,5
1000,350,21.000000,0.000000,0,2,2499948,1140,0,1140,-49,0,61,5
1000,350,21.000000,0.000000,0,2,2499950,1140,0,1140,-49,0,61,5
1000,350,21.000000,0.000000,0,2,2499953,1140,0,1140,-49,0,61,5
1000,350,21.000000,0.000000,0,2,2499956,1140,0,1140,-49,0,61,5
1000,350,21.000000,0.000000,0,2,2499959,1140,0,1140,-49,0,61,5
1000,350,21.000000,0.000000,0,2,2499961,1140,0,1140,-49,0,61,5
1000,350,21.000000,0.000000,0,2,2499964,1140,0,1140,-49,0,61,5
1000,350,21.000000,0.000000,0,2,2499967,1140,0,1140,-49,0,61,5
1000,350,21.000000,0.000000,0,2,2499970,1140,0,1140,-49,0,61,5
1000,350,21.000000,0.000000,0,2,2499973,1140,0,1140,-49,0,61,5
1000,350,21.000000,0.000000,0,2,2499975,1140,0,1140,-49,0,61,5
1000,350,21.000000,0.000000,0,2,2499978,1140,0,1140,-49,0,61,5
1000,350,21.000000,0.000000,0,2,2499981,1140,0,1140,-49,0,61,5
1000,350,21.000000,0.000000,0,2,2499984,1140,0,1140,-49,0,61,5
1000,350,21.000000,0.000000,0,2,2499987,1140,0,1140,-49,0,61,5
1000,350,21.000000,0.000000,0,2,2499989,1140,0,1140,-49,0,61,5
1000,350,21.000000,0.000000,0,2,2499992,1140,0,1140,-49,0,61,5
1000,350,21.000000,0.000000,0,2,2499995,1140,0,1140,-50,0,61,5
1000,350,21.000000,0.000000,0,2,2499998,1140,0,1140,-51,0,61,5
1000,350,21.000000,0.000000,0,2,2500001,1140,0,1140,-51,0,61,5
1000,350,21.000000,0.000000,0,2,2500003,1140,0,1140,-51,0,61,5
1000,350,21.000000,0.000000,0,2,2500016,1140,0,1140,-51,0,61,5
