2,350,50.400000,12.276000,1,0,543530,785,0,785,0,0,0,8
2,350,50.400000,12.276000,1,0,543530,785,0,785,0,0,0,8
2,350,50.400000,12.276000,1,0,543542,785,0,785,0,0,0,8
2,350,50.400000,12.276000,1,0,543553,785,0,785,0,0,0,8
2,350,50.400000,12.276000,1,0,543564,785,0,785,0,0,0,8
2,350,50.400000,12.276000,1,0,543577,785,0,785,0,0,0,8
2,350,50.400000,12.276000,1,0,543587,785,0,785,0,0,0,8
2,350,50.400000,12.276000,1,0,543597,785,0,785,0,0,0,8
2,350,50.400000,12.276000,1,0,543608,785,0,785,0,0,0,8
2,350,50.400000,12.276000,1,0,543619,785,0,785,0,0,0,8
2,350,50.400000,12.276000,1,0,543630,785,0,785,0,0,0,8
2,350,50.400000,12.276000,1,0,543641,788,0,788,0,0,0,8
2,350,50.400000,12.276000,1,0,543651,793,0,793,0,0,0,8
2,350,50.400000,12.276000,1,0,543663,802,0,802,0,0,0,8
2,350,50.400000,12.276000,1,0,543674,817,0,817,0,0,0,8
2,350,50.400000,12.276000,1,0,543685,834,1,834,1,0,0,8
2,350,50.400000,12.276000,1,0,543696,858,2,858,2,0,0,8
2,350,50.400000,12.276000,1,0,543709,886,3,886,3,0,0,8
2,350,50.400000,12.276000,1,0,543721,929,4,929,4,0,0,8
2,350,50.400000,12.276000,1,0,543732,972,6,972,6,0,0,8
2,350,50.400000,12.276000,1,0,543743,1011,8,1011,8,0,0,8
2,350,50.400000,12.276000,1,0,543754,1052,9,1052,9,0,0,8
2,350,50.400000,12.276000,1,0,543766,1086,9,1086,9,0,0,8
2,350,50.400000,12.276000,1,0,543776,1121,9,1121,9,0,0,8
2,350,50.400000,12.276000,1,0,543787,1151,9,1151,9,0,0,8
2,350,50.400000,12.276000,1,0,543798,1177,9,1177,9,0,0,8
2,350,50.400000,12.276000,1,0,543810,1193,9,1193,9,0,0,8
2,350,50.400000,12.276000,1,0,543822,1201,8,1201,8,0,0,8
2,350,50.400000,12.276000,1,0,543833,1201,8,1201,8,0,0,8
2,350,50.400000,12.276000,1,0,543846,1201,8,1201,8,0,0,8
2,350,50.400000,12.276000,1,0,543856,1201,8,1201,8,0,0,8
2,350,50.400000,12.276000,1,0,543867,1201,8,1201,8,0,0,8
2,350,50.400000,12.276000,1,0,543878,1201,8,1201,8,0,0,8
2,350,50.400000,12.276000,1,0,543889,1201,8,1201,8,0,0,8
2,350,50.400000,12.276000,1,0,543899,1201,8,1201,8,0,0,8
2,350,50.400000,12.276000,1,0,543909,1201,8,1201,8,0,0,8
2,350,50.400000,12.276000,1,0,543919,1201,8,1201,8,0,0,8
2,350,50.400000,12.276000,1,0,543929,1201,8,1201,8,0,0,8
2,350,50.400000,12.276000,1,0,543939,1201,8,1201,8,0,0,8
2,350,50.400000,12.276000,1,0,543949,1200,8,1200,8,0,0,8
2,350,50.400000,12.276000,1,0,543959,1200,8,1200,8,0,0,8
2,350,50.400000,12.276000,1,0,543971,1200,8,1200,8,0,0,8
2,350,50.400000,12.276000,1,0,543981,1200,8,1200,8,0,0,8
2,350,50.400000,12.276000,1,0,543992,1200,8,1200,8,0,0,8
2,350,50.400000,12.276000,1,0,544003,1200,8,1200,8,0,0,8
2,350,50.400000,12.276000,1,0,544013,1200,8,1200,8,0,0,8
2,350,50.400000,12.276000,1,0,544023,1200,8,1200,8,0,0,8
2,350,50.400000,12.276000,1,0,544033,1200,8,1200,8,0,0,8
2,350,50.400000,12.276000,1,0,544043,1199,8,1199,8,0,0,8
2,350,50.400000,12.276000,1,0,544054,1196,8,1196,8,0,0,8
2,350,50.400000,12.276000,1,0,544065,1190,8,1190,8,0,0,8
2,350,50.400000,12.276000,1,0,544076,1182,8,1182,8,0,0,8
2,350,50.400000,12.276000,1,0,544086,1174,9,1174,9,0,0,8
2,350,50.400000,12.276000,1,0,544096,1170,9,1170,9,0,0,8
2,350,50.400000,12.276000,1,0,544107,1167,9,1167,9,0,0,8
2,350,50.400000,12.276000,1,0,544118,1165,9,1165,9,0,0,8
2,350,50.400000,12.276000,1,0,544129,1165,9,1165,9,0,0,8
2,350,50.400000,12.276000,1,0,544140,1165,9,1165,9,0,0,8
2,350,50.400000,12.276000,1,0,544151,1165,9,1165,9,0,0,8
2,350,50.400000,12.276000,1,0,544161,1165,9,1165,9,0,0,8
2,350,50.400000,12.276000,1,0,544171,1165,9,1165,9,0,0,8
2,350,50.400000,12.276000,1,0,544183,1165,9,1165,9,0,0,8
2,350,50.400000,12.276000,1,0,544193,1164,9,1164,9,0,0,8
2,350,50.400000,12.276000,1,0,544204,1161,9,1161,9,0,0,8
2,350,50.400000,12.276000,1,0,544215,1158,9,1158,9,0,0,8
2,350,50.400000,12.276000,1,0,544226,1156,9,1156,9,0,0,8
2,350,50.400000,12.276000,1,0,544236,1155,9,1155,9,0,0,8
2,350,50.400000,12.276000,1,0,544247,1155,9,1155,9,0,0,8
2,350,50.400000,12.276000,1,0,544258,1155,9,1155,9,0,0,8
2,350,50.400000,12.276000,1,0,544268,1155,9,1155,9,0,0,8
2,350,50.400000,12.276000,1,0,544279,1155,9,1155,9,0,0,8
2,350,50.400000,12.276000,1,0,544290,1155,9,1155,9,0,0,8
2,350,50.400000,12.276000,1,0,544301,1155,9,1155,9,0,0,8
2,350,50.400000,12.276000,1,0,544311,1155,9,1155,9,0,0,8
2,350,50.400000,12.276000,1,0,544322,1155,9,1155,9,0,0,8
