2,350,82.800000,10000.000000,0,0,549004,785,0,785,0,0,0,11
2,350,82.800000,10000.000000,0,0,549006,785,0,785,0,0,0,11
2,350,82.800000,10000.000000,0,0,549017,785,0,785,0,0,0,11
2,350,82.800000,10000.000000,0,0,549027,785,0,785,0,0,0,11
2,350,82.800000,10000.000000,0,0,549037,785,0,785,0,0,0,11
2,350,82.800000,10000.000000,0,0,549047,785,0,785,0,0,0,11
2,350,82.800000,10000.000000,0,0,549059,785,0,785,0,0,0,11
2,350,82.800000,10000.000000,0,0,549074,791,0,791,0,0,0,11
2,350,82.800000,10000.000000,0,0,549085,809,0,809,0,0,0,11
2,350,82.800000,10000.000000,0,0,549098,834,0,834,-1,0,0,11
2,350,82.800000,10000.000000,0,0,549108,872,0,872,-1,0,0,11
2,350,82.800000,10000.000000,0,0,549118,907,0,907,-2,0,0,11
2,350,82.800000,10000.000000,0,0,549130,943,0,943,-3,0,0,11
2,350,82.800000,10000.000000,0,0,549142,988,0,988,-4,0,0,11
2,350,82.800000,10000.000000,0,0,549153,1033,0,1033,-7,0,0,11
2,350,82.800000,10000.000000,0,0,549165,1073,0,1073,-10,0,0,11
2,350,82.800000,10000.000000,0,0,549179,1109,0,1109,-13,0,0,11
2,350,82.800000,10000.000000,0,0,549191,1140,0,1140,-16,0,0,11
2,350,82.800000,10000.000000,0,0,549204,1157,0,1157,-19,0,0,11
2,350,82.800000,10000.000000,0,0,549215,1169,0,1169,-21,0,0,11
2,350,82.800000,10000.000000,0,0,549225,1173,0,1173,-22,0,0,11
2,350,82.800000,10000.000000,0,0,549235,1173,0,1173,-22,0,0,11
2,350,82.800000,10000.000000,0,0,549247,1173,0,1173,-22,0,0,11
2,350,82.800000,10000.000000,0,0,549257,1174,0,1174,-22,0,0,11
2,350,82.800000,10000.000000,0,0,549270,1175,0,1175,-22,0,0,11
2,350,82.800000,10000.000000,0,0,549281,1175,0,1175,-22,0,0,11
2,350,82.800000,10000.000000,0,0,549292,1175,0,1175,-22,0,0,11
2,350,82.800000,10000.000000,0,0,549302,1175,0,1175,-22,0,0,11
2,350,82.800000,10000.000000,0,0,549312,1175,0,1175,-22,0,0,11
2,350,82.800000,10000.000000,0,0,549322,1174,0,1174,-22,0,0,11
2,350,82.800000,10000.000000,0,0,549333,1173,0,1173,-22,0,0,11
2,350,82.800000,10000.000000,0,0,549344,1173,0,1173,-22,0,0,11
2,350,82.800000,10000.000000,0,0,549354,1173,0,1173,-22,0,0,11
2,350,82.800000,10000.000000,0,0,549364,1173,0,1173,-22,0,0,11
2,350,82.800000,10000.000000,0,0,549377,1173,0,1173,-22,0,0,11
2,350,82.800000,10000.000000,0,0,549387,1172,0,1172,-22,0,0,11
2,350,82.800000,10000.000000,0,0,549398,1171,0,1171,-22,0,0,11
2,350,82.800000,10000.000000,0,0,549408,1170,0,1170,-23,0,0,11
2,350,82.800000,10000.000000,0,0,549418,1170,0,1170,-23,0,0,11
2,350,82.800000,10000.000000,0,0,549428,1170,0,1170,-23,0,0,11
2,350,82.800000,10000.000000,0,0,549439,1170,0,1170,-23,0,0,11
2,350,82.800000,10000.000000,0,0,549449,1170,0,1170,-23,0,0,11
2,350,82.800000,10000.000000,0,0,549460,1170,0,1170,-23,0,0,11
2,350,82.800000,10000.000000,0,0,549470,1169,0,1169,-23,0,0,11
2,350,82.800000,10000.000000,0,0,549480,1168,0,1168,-23,0,0,11
2,350,82.800000,10000.000000,0,0,549492,1165,0,1165,-23,0,0,11
2,350,82.800000,10000.000000,0,0,549502,1161,0,1161,-23,0,0,11
2,350,82.800000,10000.000000,0,0,549513,1159,0,1159,-23,0,0,11
2,350,82.800000,10000.000000,0,0,549522,1157,0,1157,-23,0,0,11
