2,700,50.400000,42.984000,0,0,576602,610,0,610,0,0,0,30
2,700,50.400000,42.984000,0,0,576603,610,0,610,0,0,0,30
2,700,50.400000,42.984000,0,0,576614,610,0,610,0,0,0,30
2,700,50.400000,42.984000,0,0,576626,610,0,610,0,0,0,30
2,700,50.400000,42.984000,0,0,576641,610,0,610,0,0,0,30
2,700,50.400000,42.984000,0,0,576656,610,0,610,0,0,0,30
2,700,50.400000,42.984000,0,0,576668,610,0,610,0,0,0,30
2,700,50.400000,42.984000,0,0,576679,614,0,614,0,0,0,30
2,700,50.400000,42.984000,0,0,576689,623,0,623,0,0,0,30
2,700,50.400000,42.984000,0,0,576700,638,0,638,-1,0,0,30
2,700,50.400000,42.984000,0,0,576711,659,0,659,-1,0,0,30
2,700,50.400000,42.984000,0,0,576721,690,1,690,0,0,0,30
2,700,50.400000,42.984000,0,0,576732,725,2,725,1,0,0,30
2,700,50.400000,42.984000,0,0,576743,774,3,774,2,0,0,30
2,700,50.400000,42.984000,0,0,576754,825,5,825,4,0,0,30
2,700,50.400000,42.984000,0,0,576764,882,7,882,6,0,0,30
2,700,50.400000,42.984000,0,0,576776,939,8,939,7,0,0,30
2,700,50.400000,42.984000,0,0,576789,1001,9,1001,8,0,0,30
2,700,50.400000,42.984000,0,0,576799,1070,9,1070,8,0,0,30
2,700,50.400000,42.984000,0,0,576810,1116,9,1116,8,0,0,30
2,700,50.400000,42.984000,0,0,576821,1163,7,1163,6,0,0,30
2,700,50.400000,42.984000,0,0,576833,1211,4,1211,3,0,0,30
2,700,50.400000,42.984000,0,0,576844,1254,1,1254,0,0,0,30
2,700,50.400000,42.984000,0,0,576855,1294,0,1294,-3,0,0,30
2,700,50.400000,42.984000,0,0,576869,1320,0,1320,-5,0,0,30
2,700,50.400000,42.984000,0,0,576880,1338,0,1338,-5,0,0,30
2,700,50.400000,42.984000,0,0,576893,1340,0,1340,-6,0,0,30
2,700,50.400000,42.984000,0,0,576903,1338,0,1338,-6,0,0,30
2,700,50.400000,42.984000,0,0,576914,1334,0,1334,-6,0,0,30
2,700,50.400000,42.984000,0,0,576925,1330,0,1330,-6,0,0,30
2,700,50.400000,42.984000,0,0,576937,1325,1,1325,-5,0,0,30
2,700,50.400000,42.984000,0,0,576947,1323,1,1323,-5,0,0,30
2,700,50.400000,42.984000,0,0,576959,1322,1,1322,-5,0,0,30
2,700,50.400000,42.984000,0,0,576969,1322,1,1322,-5,0,0,30
2,700,50.400000,42.984000,0,0,576981,1322,1,1322,-5,0,0,30
2,700,50.400000,42.984000,0,0,576993,1322,1,1322,-5,0,0,30
2,700,50.400000,42.984000,0,0,577004,1322,1,1322,-5,0,0,30
2,700,50.400000,42.984000,0,0,577014,1322,1,1322,-5,0,0,30
2,700,50.400000,42.984000,0,0,577025,1322,1,1322,-5,0,0,30
2,700,50.400000,42.984000,0,0,577035,1322,1,1322,-5,0,0,30
2,700,50.400000,42.984000,0,0,577045,1322,1,1322,-5,0,0,30
2,700,50.400000,42.984000,0,0,577056,1321,1,1321,-5,0,0,30
2,700,50.400000,42.984000,0,0,577067,1321,1,1321,-5,0,0,30
2,700,50.400000,42.984000,0,0,577078,1321,1,1321,-5,0,0,30
2,700,50.400000,42.984000,0,0,577089,1320,1,1320,-5,0,0,30
2,700,50.400000,42.984000,0,0,577099,1320,1,1320,-5,0,0,30
2,700,50.400000,42.984000,0,0,577111,1320,2,1320,-4,0,0,30
2,700,50.400000,42.984000,0,0,577121,1320,2,1320,-4,0,0,30
2,700,50.400000,42.984000,0,0,577132,1320,2,1320,-4,0,0,30
2,700,50.400000,42.984000,0,0,577142,1320,3,1320,-3,0,0,30
2,700,50.400000,42.984000,0,0,577153,1319,3,1319,-3,0,0,30
2,700,50.400000,42.984000,0,0,577163,1319,4,1319,-2,0,0,30
2,700,50.400000,42.984000,0,0,577174,1319,4,1319,-2,0,0,30
2,700,50.400000,42.984000,0,0,577184,1319,4,1319,-2,0,0,30
2,700,50.400000,42.984000,0,0,577194,1319,4,1319,-2,0,0,30
2,700,50.400000,42.984000,0,0,577205,1319,4,1319,-2,0,0,30
2,700,50.400000,42.984000,0,0,577215,1319,4,1319,-2,0,0,30
2,700,50.400000,42.984000,0,0,577225,1319,4,1319,-2,0,0,30
2,700,50.400000,42.984000,0,0,577235,1319,4,1319,-2,0,0,30
2,700,50.400000,42.984000,0,0,577246,1319,4,1319,-2,0,0,30
2,700,50.400000,42.984000,0,0,577256,1319,4,1319,-2,0,0,30
2,700,50.400000,42.984000,0,0,577266,1319,4,1319,-2,0,0,30
