2,700,82.800000,22.608000,1,1,652948,610,22,610,22,0,0,61
2,700,82.800000,22.608000,1,1,652949,610,22,610,22,0,0,61
2,700,82.800000,22.608000,1,1,652962,610,22,610,22,0,0,61
2,700,82.800000,22.608000,1,1,652973,610,22,610,22,0,0,61
2,700,82.800000,22.608000,1,1,652984,610,22,610,22,0,0,61
2,700,82.800000,22.608000,1,1,652995,610,22,610,22,0,0,61
2,700,82.800000,22.608000,1,1,653006,610,22,610,22,0,0,61
2,700,82.800000,22.608000,1,1,653019,612,22,612,22,0,0,61
2,700,82.800000,22.608000,1,1,653033,624,22,624,22,0,0,61
2,700,82.800000,22.608000,1,1,653047,652,23,652,23,0,0,61
2,700,82.800000,22.608000,1,1,653060,704,26,704,26,0,0,61
2,700,82.800000,22.608000,1,1,653077,771,30,771,30,0,0,61
2,700,82.800000,22.608000,1,1,653089,854,33,854,33,0,0,61
2,700,82.800000,22.608000,1,1,653102,936,34,936,34,0,0,61
2,700,82.800000,22.608000,1,1,653116,1022,34,1022,34,0,0,61
2,700,82.800000,22.608000,1,1,653129,1102,34,1102,34,0,0,61
2,700,82.800000,22.608000,1,1,653141,1177,33,1177,33,0,0,61
2,700,82.800000,22.608000,1,1,653152,1234,31,1234,31,0,0,61
2,700,82.800000,22.608000,1,1,653163,1278,29,1278,29,0,0,61
2,700,82.800000,22.608000,1,1,653174,1308,27,1308,27,0,0,61
2,700,82.800000,22.608000,1,1,653186,1330,25,1330,25,0,0,61
2,700,82.800000,22.608000,1,1,653199,1343,23,1343,23,0,0,61
2,700,82.800000,22.608000,1,1,653212,1348,21,1348,21,0,0,61
2,700,82.800000,22.608000,1,1,653222,1349,21,1349,21,0,0,61
2,700,82.800000,22.608000,1,1,653232,1350,21,1350,21,0,0,61
2,700,82.800000,22.608000,1,1,653242,1350,21,1350,21,0,0,61
2,700,82.800000,22.608000,1,1,653253,1350,21,1350,21,0,0,61
2,700,82.800000,22.608000,1,1,653263,1350,21,1350,21,0,0,61
2,700,82.800000,22.608000,1,1,653273,1350,21,1350,21,0,0,61
2,700,82.800000,22.608000,1,1,653284,1350,21,1350,21,0,0,61
2,700,82.800000,22.608000,1,1,653295,1350,21,1350,21,0,0,61
2,700,82.800000,22.608000,1,1,653305,1350,21,1350,21,0,0,61
2,700,82.800000,22.608000,1,1,653316,1349,21,1349,21,0,0,61
2,700,82.800000,22.608000,1,1,653326,1349,21,1349,21,0,0,61
2,700,82.800000,22.608000,1,1,653337,1348,21,1348,21,0,0,61
2,700,82.800000,22.608000,1,1,653348,1347,21,1347,21,0,0,61
2,700,82.800000,22.608000,1,1,653358,1345,21,1345,21,0,0,61
2,700,82.800000,22.608000,1,1,653369,1343,21,1343,21,0,0,61
2,700,82.800000,22.608000,1,1,653380,1342,21,1342,21,0,0,61
2,700,82.800000,22.608000,1,1,653390,1341,21,1341,21,0,0,61
2,700,82.800000,22.608000,1,1,653400,1341,20,1341,20,0,0,61
2,700,82.800000,22.608000,1,1,653410,1340,19,1340,19,0,0,61
2,700,82.800000,22.608000,1,1,653421,1338,17,1338,17,0,0,61
2,700,82.800000,22.608000,1,1,653440,1337,16,1337,16,0,0,61
2,700,82.800000,22.608000,1,1,653454,1335,14,1335,14,0,0,61
2,700,82.800000,22.608000,1,1,653464,1335,13,1335,13,0,0,61
2,700,82.800000,22.608000,1,1,653474,1335,12,1335,12,0,0,61
2,700,82.800000,22.608000,1,1,653485,1335,11,1335,11,0,0,61
2,700,82.800000,22.608000,1,1,653495,1335,11,1335,11,0,0,61
