2,350,50.400000,0.000000,1,0,849658,785,0,785,0,0,1,81
2,350,50.400000,0.000000,1,0,849659,785,0,785,0,0,1,81
2,350,50.400000,0.000000,1,0,849670,785,0,785,0,0,1,81
2,350,50.400000,0.000000,1,0,849681,785,0,785,0,0,1,81
2,350,50.400000,0.000000,1,0,849693,785,0,785,0,0,1,81
2,350,50.400000,0.000000,1,0,849704,785,0,785,0,0,1,81
2,350,50.400000,0.000000,1,0,849719,785,0,785,0,0,1,81
2,350,50.400000,0.000000,1,0,849729,785,0,785,0,0,1,81
2,350,50.400000,0.000000,1,0,849740,785,0,785,0,0,1,81
2,350,50.400000,0.000000,1,0,849751,785,0,785,0,0,1,81
2,350,50.400000,0.000000,1,0,849763,787,0,787,0,0,1,81
2,350,50.400000,0.000000,1,0,849777,794,0,794,0,0,1,81
2,350,50.400000,0.000000,1,0,849789,810,0,810,0,0,1,81
2,350,50.400000,0.000000,1,0,849800,827,0,827,-1,0,1,81
2,350,50.400000,0.000000,1,0,849811,853,0,853,-1,0,1,81
2,350,50.400000,0.000000,1,0,849822,884,0,884,-2,0,1,81
2,350,50.400000,0.000000,1,0,849834,918,0,918,-3,0,1,81
2,350,50.400000,0.000000,1,0,849846,959,0,959,-3,0,1,81
2,350,50.400000,0.000000,1,0,849856,999,0,999,-3,0,1,81
2,350,50.400000,0.000000,1,0,849868,1031,0,1031,-3,0,1,81
2,350,50.400000,0.000000,1,0,849879,1064,0,1064,-3,0,1,81
2,350,50.400000,0.000000,1,0,849892,1086,1,1086,-2,0,1,81
2,350,50.400000,0.000000,1,0,849905,1101,1,1101,-2,0,1,81
2,350,50.400000,0.000000,1,0,849916,1108,1,1108,-2,0,1,81
2,350,50.400000,0.000000,1,0,849926,1111,2,1111,-1,0,1,81
2,350,50.400000,0.000000,1,0,849937,1112,2,1112,-1,0,1,81
2,350,50.400000,0.000000,1,0,849947,1112,2,1112,-1,0,1,81
2,350,50.400000,0.000000,1,0,849960,1112,2,1112,-1,0,1,81
2,350,50.400000,0.000000,1,0,849971,1112,2,1112,-1,0,1,81
2,350,50.400000,0.000000,1,0,849981,1112,2,1112,-1,0,1,81
2,350,50.400000,0.000000,1,0,849991,1112,2,1112,-1,0,1,81
2,350,50.400000,0.000000,1,0,850001,1112,2,1112,-1,0,1,81
2,350,50.400000,0.000000,1,0,850011,1113,2,1113,-1,0,1,81
2,350,50.400000,0.000000,1,0,850022,1114,2,1114,-1,0,1,81
2,350,50.400000,0.000000,1,0,850033,1114,2,1114,-1,0,1,81
2,350,50.400000,0.000000,1,0,850043,1114,2,1114,-1,0,1,81
2,350,50.400000,0.000000,1,0,850054,1114,2,1114,-1,0,1,81
2,350,50.400000,0.000000,1,0,850065,1114,2,1114,-1,0,1,81
2,350,50.400000,0.000000,1,0,850075,1114,2,1114,-1,0,1,81
2,350,50.400000,0.000000,1,0,850087,1114,2,1114,-1,0,1,81
2,350,50.400000,0.000000,1,0,850097,1114,2,1114,-1,0,1,81
2,350,50.400000,0.000000,1,0,850110,1114,2,1114,-1,0,1,81
2,350,50.400000,0.000000,1,0,850121,1114,2,1114,-1,0,1,81
2,350,50.400000,0.000000,1,0,850132,1114,2,1114,-1,0,1,81
2,350,50.400000,0.000000,1,0,850143,1114,2,1114,-1,0,1,81
2,350,50.400000,0.000000,1,0,850153,1114,2,1114,-1,0,1,81
