2,350,82.800000,42.984000,1,1,991754,785,22,785,22,1,2,59
2,350,82.800000,42.984000,1,1,991755,785,22,785,22,1,2,59
2,350,82.800000,42.984000,1,1,991766,785,22,785,22,1,2,59
2,350,82.800000,42.984000,1,1,991777,785,22,785,22,1,2,59
2,350,82.800000,42.984000,1,1,991788,785,22,785,22,1,2,59
2,350,82.800000,42.984000,1,1,991799,785,22,785,22,1,2,59
2,350,82.800000,42.984000,1,1,991809,787,22,787,22,1,2,59
2,350,82.800000,42.984000,1,1,991834,793,22,793,22,1,2,59
2,350,82.800000,42.984000,1,1,991846,829,19,829,19,1,2,59
2,350,82.800000,42.984000,1,1,991860,862,17,862,17,1,2,59
2,350,82.800000,42.984000,1,1,991874,910,14,910,14,1,2,59
2,350,82.800000,42.984000,1,1,991887,959,10,959,10,1,2,59
2,350,82.800000,42.984000,1,1,991900,1008,6,1008,6,1,2,59
2,350,82.800000,42.984000,1,1,991914,1050,3,1050,3,1,2,59
2,350,82.800000,42.984000,1,1,991927,1090,0,1090,0,1,2,59
2,350,82.800000,42.984000,1,1,991939,1115,0,1115,-1,1,2,59
2,350,82.800000,42.984000,1,1,991950,1131,0,1131,-2,1,2,59
2,350,82.800000,42.984000,1,1,991960,1138,0,1138,-2,1,2,59
2,350,82.800000,42.984000,1,1,991970,1142,0,1142,-2,1,2,59
2,350,82.800000,42.984000,1,1,991981,1143,0,1143,-2,1,2,59
2,350,82.800000,42.984000,1,1,991991,1144,0,1144,-2,1,2,59
2,350,82.800000,42.984000,1,1,992001,1144,0,1144,-2,1,2,59
2,350,82.800000,42.984000,1,1,992012,1144,0,1144,-2,1,2,59
2,350,82.800000,42.984000,1,1,992023,1144,0,1144,-2,1,2,59
2,350,82.800000,42.984000,1,1,992034,1144,0,1144,-2,1,2,59
2,350,82.800000,42.984000,1,1,992046,1144,0,1144,-2,1,2,59
2,350,82.800000,42.984000,1,1,992057,1144,0,1144,-2,1,2,59
2,350,82.800000,42.984000,1,1,992069,1144,0,1144,-2,1,2,59
2,350,82.800000,42.984000,1,1,992082,1143,0,1143,-2,1,2,59
2,350,82.800000,42.984000,1,1,992092,1141,0,1141,-2,1,2,59
2,350,82.800000,42.984000,1,1,992104,1141,0,1141,-2,1,2,59
2,350,82.800000,42.984000,1,1,992115,1141,0,1141,-2,1,2,59
2,350,82.800000,42.984000,1,1,992125,1141,0,1141,-2,1,2,59
2,350,82.800000,42.984000,1,1,992136,1141,0,1141,-2,0,2,59
