2,700,21.600000,12.276000,0,0,916957,610,0,610,0,0,2,7
2,700,21.600000,12.276000,0,0,916958,610,0,610,0,0,2,7
2,700,21.600000,12.276000,0,0,916971,610,0,610,0,0,2,7
2,700,21.600000,12.276000,0,0,916985,610,0,610,0,0,2,7
2,700,21.600000,12.276000,0,0,916997,610,0,610,0,0,2,7
2,700,21.600000,12.276000,0,0,917008,611,0,611,0,0,2,7
2,700,21.600000,12.276000,0,0,917023,616,0,616,0,0,2,7
2,700,21.600000,12.276000,0,0,917038,629,0,629,0,0,2,7
2,700,21.600000,12.276000,0,0,917051,657,2,657,2,0,2,7
2,700,21.600000,12.276000,0,0,917063,705,5,705,5,0,2,7
2,700,21.600000,12.276000,0,0,917075,759,9,759,9,0,2,7
2,700,21.600000,12.276000,0,0,917087,825,15,825,15,0,2,7
2,700,21.600000,12.276000,0,0,917097,895,21,895,21,0,2,7
2,700,21.600000,12.276000,0,0,917109,964,26,964,26,0,2,7
2,700,21.600000,12.276000,0,0,917120,1042,31,1042,31,0,2,7
2,700,21.600000,12.276000,0,0,917131,1117,33,1117,33,0,2,7
2,700,21.600000,12.276000,0,0,917141,1179,34,1179,34,0,2,7
2,700,21.600000,12.276000,0,0,917153,1235,34,1235,34,0,2,7
2,700,21.600000,12.276000,0,0,917163,1289,35,1289,35,0,2,7
2,700,21.600000,12.276000,0,0,917174,1322,36,1322,36,0,2,7
2,700,21.600000,12.276000,0,0,917185,1345,36,1345,36,0,2,7
2,700,21.600000,12.276000,0,0,917196,1354,37,1354,37,0,2,7
2,700,21.600000,12.276000,0,0,917206,1355,37,1355,37,0,2,7
2,700,21.600000,12.276000,0,0,917217,1354,37,1354,37,0,2,7
2,700,21.600000,12.276000,0,0,917227,1352,37,1352,37,0,2,7
2,700,21.600000,12.276000,0,0,917237,1349,37,1349,37,0,2,7
2,700,21.600000,12.276000,0,0,917248,1348,37,1348,37,0,2,7
2,700,21.600000,12.276000,0,0,917259,1348,38,1348,38,0,2,7
2,700,21.600000,12.276000,0,0,917269,1348,39,1348,39,0,2,7
2,700,21.600000,12.276000,0,0,917280,1348,39,1348,39,0,2,7
2,700,21.600000,12.276000,0,0,917290,1347,39,1347,39,0,2,7
2,700,21.600000,12.276000,0,0,917301,1347,39,1347,39,0,2,7
2,700,21.600000,12.276000,0,0,917314,1347,39,1347,39,0,2,7
2,700,21.600000,12.276000,0,0,917325,1347,39,1347,39,0,2,7
2,700,21.600000,12.276000,0,0,917335,1347,39,1347,39,0,2,7
2,700,21.600000,12.276000,0,0,917345,1347,39,1347,39,0,2,7
2,700,21.600000,12.276000,0,0,917355,1347,39,1347,39,0,2,7
2,700,21.600000,12.276000,0,0,917366,1346,38,1346,38,0,2,7
2,700,21.600000,12.276000,0,0,917378,1344,37,1344,37,0,2,7
2,700,21.600000,12.276000,0,0,917388,1341,34,1341,34,0,2,7
2,700,21.600000,12.276000,0,0,917398,1339,32,1339,32,0,2,7
2,700,21.600000,12.276000,0,0,917409,1339,31,1339,31,0,2,7
2,700,21.600000,12.276000,0,0,917419,1339,30,1339,30,0,2,7
2,700,21.600000,12.276000,0,0,917430,1339,30,1339,30,0,2,7
2,700,21.600000,12.276000,0,0,917441,1339,29,1339,29,0,2,7
2,700,21.600000,12.276000,0,0,917451,1339,28,1339,28,0,2,7
2,700,21.600000,12.276000,0,0,917461,1338,28,1338,28,0,2,7
2,700,21.600000,12.276000,0,0,917472,1336,27,1336,27,0,2,7
2,700,21.600000,12.276000,0,0,917482,1334,26,1334,26,0,2,7
2,700,21.600000,12.276000,0,0,917492,1331,25,1331,25,0,2,7
2,700,21.600000,12.276000,0,0,917503,1329,24,1329,24,0,2,7
2,700,21.600000,12.276000,0,0,917514,1328,23,1328,23,0,2,7
2,700,21.600000,12.276000,0,0,917525,1328,22,1328,22,0,2,7
2,700,21.600000,12.276000,0,0,917535,1327,21,1327,21,0,2,7
2,700,21.600000,12.276000,0,0,917546,1327,20,1327,20,0,2,7
2,700,21.600000,12.276000,0,0,917558,1327,19,1327,19,0,2,7
2,700,21.600000,12.276000,0,0,917568,1327,18,1327,18,0,2,7
2,700,21.600000,12.276000,0,0,917579,1326,17,1326,17,0,2,7
2,700,21.600000,12.276000,0,0,917590,1325,16,1325,16,0,2,7
2,700,21.600000,12.276000,0,0,917601,1323,15,1323,15,0,2,7
2,700,21.600000,12.276000,0,0,917612,1320,14,1320,14,0,2,7
2,700,21.600000,12.276000,0,0,917622,1318,13,1318,13,0,2,7
2,700,21.600000,12.276000,0,0,917633,1318,12,1318,12,0,2,7
2,700,21.600000,12.276000,0,0,917645,1317,11,1317,11,0,2,7
2,700,21.600000,12.276000,0,0,917656,1316,10,1316,10,0,2,7
2,700,21.600000,12.276000,0,0,917667,1316,10,1316,10,0,2,7
2,700,21.600000,12.276000,0,0,917678,1316,9,1316,9,0,2,7
2,700,21.600000,12.276000,0,0,917688,1316,8,1316,8,0,2,7
2,700,21.600000,12.276000,0,0,917700,1315,8,1315,8,0,2,7
2,700,21.600000,12.276000,0,0,917713,1314,8,1314,8,0,2,7
2,700,21.600000,12.276000,0,0,917725,1312,7,1312,7,0,2,7
2,700,21.600000,12.276000,0,0,917736,1311,7,1311,7,0,2,7
2,700,21.600000,12.276000,0,0,917748,1311,7,1311,7,0,2,7
2,700,21.600000,12.276000,0,0,917758,1311,7,1311,7,0,2,7
