2,350,21.600000,22.608000,0,1,1064020,785,22,785,22,0,2,107
2,350,21.600000,22.608000,0,1,1064021,785,22,785,22,0,2,107
2,350,21.600000,22.608000,0,1,1064031,785,22,785,22,0,2,107
2,350,21.600000,22.608000,0,1,1064042,785,22,785,22,0,2,107
2,350,21.600000,22.608000,0,1,1064054,785,22,785,22,0,2,107
2,350,21.600000,22.608000,0,1,1064065,788,22,788,22,0,2,107
2,350,21.600000,22.608000,0,1,1064076,797,22,797,22,0,2,107
2,350,21.600000,22.608000,0,1,1064088,816,22,816,22,0,2,107
2,350,21.600000,22.608000,0,1,1064099,843,22,843,22,0,2,107
2,350,21.600000,22.608000,0,1,1064110,874,23,874,23,0,2,107
2,350,21.600000,22.608000,0,1,1064121,902,24,902,24,0,2,107
2,350,21.600000,22.608000,0,1,1064132,933,25,933,25,0,2,107
2,350,21.600000,22.608000,0,1,1064143,957,25,957,25,0,2,107
2,350,21.600000,22.608000,0,1,1064154,977,25,977,25,0,2,107
2,350,21.600000,22.608000,0,1,1064166,995,25,995,25,0,2,107
2,350,21.600000,22.608000,0,1,1064178,1012,25,1012,25,0,2,107
2,350,21.600000,22.608000,0,1,1064188,1031,24,1031,24,0,2,107
2,350,21.600000,22.608000,0,1,1064200,1050,23,1050,23,0,2,107
2,350,21.600000,22.608000,0,1,1064211,1070,21,1070,21,0,2,107
2,350,21.600000,22.608000,0,1,1064223,1091,19,1091,19,0,2,107
2,350,21.600000,22.608000,0,1,1064235,1117,16,1117,16,0,2,107
2,350,21.600000,22.608000,0,1,1064245,1137,15,1137,15,0,2,107
2,350,21.600000,22.608000,0,1,1064256,1145,14,1145,14,0,2,107
2,350,21.600000,22.608000,0,1,1064267,1147,13,1147,13,0,2,107
2,350,21.600000,22.608000,0,1,1064278,1148,13,1148,13,0,2,107
2,350,21.600000,22.608000,0,1,1064291,1149,13,1149,13,0,2,107
2,350,21.600000,22.608000,0,1,1064302,1149,13,1149,13,0,2,107
2,350,21.600000,22.608000,0,1,1064313,1149,13,1149,13,0,2,107
2,350,21.600000,22.608000,0,1,1064325,1149,13,1149,13,0,2,107
2,350,21.600000,22.608000,0,1,1064335,1148,13,1148,13,0,2,107
2,350,21.600000,22.608000,0,1,1064347,1147,13,1147,13,0,2,107
2,350,21.600000,22.608000,0,1,1064358,1146,13,1146,13,0,2,107
2,350,21.600000,22.608000,0,1,1064368,1146,13,1146,13,0,2,107
2,350,21.600000,22.608000,0,1,1064378,1146,13,1146,13,0,2,107
2,350,21.600000,22.608000,0,1,1064389,1146,13,1146,13,0,2,107
2,350,21.600000,22.608000,0,1,1064398,1146,13,1146,13,0,2,107
2,350,21.600000,22.608000,0,1,1064408,1146,13,1146,13,0,2,107
2,350,21.600000,22.608000,0,1,1064419,1146,13,1146,13,0,2,107
2,350,21.600000,22.608000,0,1,1064430,1146,13,1146,13,0,2,107
2,350,21.600000,22.608000,0,1,1064441,1144,13,1144,13,0,2,107
2,350,21.600000,22.608000,0,1,1064452,1142,13,1142,13,0,2,107
2,350,21.600000,22.608000,0,1,1064462,1139,12,1139,12,0,2,107
2,350,21.600000,22.608000,0,1,1064473,1136,12,1136,12,0,2,107
2,350,21.600000,22.608000,0,1,1064483,1135,12,1135,12,0,2,107
2,350,21.600000,22.608000,0,1,1064493,1134,12,1134,12,0,2,107
2,350,21.600000,22.608000,0,1,1064504,1134,12,1134,12,0,2,107
2,350,21.600000,22.608000,0,1,1064514,1134,12,1134,12,0,2,107
2,350,21.600000,22.608000,0,1,1064524,1134,12,1134,12,0,2,107
2,350,21.600000,22.608000,0,1,1064534,1134,12,1134,12,0,2,107
2,350,21.600000,22.608000,0,1,1064544,1134,12,1134,12,0,2,107
