2,350,50.400000,0.000000,0,1,1169629,785,22,785,22,0,3,61
2,350,50.400000,0.000000,0,1,1169629,785,22,785,22,0,3,61
2,350,50.400000,0.000000,0,1,1169639,785,22,785,22,0,3,61
2,350,50.400000,0.000000,0,1,1169649,785,22,785,22,0,3,61
2,350,50.400000,0.000000,0,1,1169660,785,22,785,22,0,3,61
2,350,50.400000,0.000000,0,1,1169670,785,22,785,22,0,3,61
2,350,50.400000,0.000000,0,1,1169681,785,22,785,22,0,3,61
2,350,50.400000,0.000000,0,1,1169690,785,22,785,22,0,3,61
2,350,50.400000,0.000000,0,1,1169701,787,22,787,22,0,3,61
2,350,50.400000,0.000000,0,1,1169713,792,22,792,22,0,3,61
2,350,50.400000,0.000000,0,1,1169725,804,22,804,22,0,3,61
2,350,50.400000,0.000000,0,1,1169734,826,20,826,20,0,3,61
2,350,50.400000,0.000000,0,1,1169745,851,20,851,20,0,3,61
2,350,50.400000,0.000000,0,1,1169756,886,18,886,18,0,3,61
2,350,50.400000,0.000000,0,1,1169767,927,16,927,16,0,3,61
2,350,50.400000,0.000000,0,1,1169781,969,13,969,13,0,3,61
2,350,50.400000,0.000000,0,1,1169793,1023,9,1023,9,0,3,61
2,350,50.400000,0.000000,0,1,1169803,1064,6,1064,6,0,3,61
2,350,50.400000,0.000000,0,1,1169815,1092,4,1092,4,0,3,61
2,350,50.400000,0.000000,0,1,1169826,1115,2,1115,2,0,3,61
2,350,50.400000,0.000000,0,1,1169836,1126,2,1126,2,0,3,61
2,350,50.400000,0.000000,0,1,1169846,1130,1,1130,1,0,3,61
2,350,50.400000,0.000000,0,1,1169857,1130,1,1130,1,0,3,61
2,350,50.400000,0.000000,0,1,1169869,1130,1,1130,1,0,3,61
2,350,50.400000,0.000000,0,1,1169880,1130,1,1130,1,0,3,61
2,350,50.400000,0.000000,0,1,1169893,1130,1,1130,1,0,3,61
2,350,50.400000,0.000000,0,1,1169903,1130,1,1130,1,0,3,61
2,350,50.400000,0.000000,0,1,1169913,1130,1,1130,1,0,3,61
2,350,50.400000,0.000000,0,1,1169924,1130,1,1130,1,0,3,61
2,350,50.400000,0.000000,0,1,1169936,1130,1,1130,1,0,3,61
2,350,50.400000,0.000000,0,1,1169946,1130,1,1130,1,0,3,61
2,350,50.400000,0.000000,0,1,1169957,1130,1,1130,1,0,3,61
2,350,50.400000,0.000000,0,1,1169968,1129,1,1129,1,0,3,61
2,350,50.400000,0.000000,0,1,1169978,1127,1,1127,1,0,3,61
2,350,50.400000,0.000000,0,1,1169989,1126,1,1126,1,0,3,61
2,350,50.400000,0.000000,0,1,1170001,1125,1,1125,1,0,3,61
2,350,50.400000,0.000000,0,1,1170013,1125,1,1125,1,0,3,61
2,350,50.400000,0.000000,0,1,1170025,1125,1,1125,1,0,3,61
2,350,50.400000,0.000000,0,1,1170036,1125,1,1125,1,0,3,61
2,350,50.400000,0.000000,0,1,1170046,1125,1,1125,1,0,3,61
2,350,50.400000,0.000000,0,1,1170059,1125,1,1125,1,0,3,61
2,350,50.400000,0.000000,0,1,1170070,1125,1,1125,1,0,3,61
2,350,50.400000,0.000000,0,1,1170081,1125,1,1125,1,0,3,61
2,350,50.400000,0.000000,0,1,1170093,1125,1,1125,1,0,3,61
