2,350,21.600000,22.608000,0,1,1085397,785,22,785,22,0,3,2
2,350,21.600000,22.608000,0,1,1085398,785,22,785,22,0,3,2
2,350,21.600000,22.608000,0,1,1085408,785,22,785,22,0,3,2
2,350,21.600000,22.608000,0,1,1085418,785,22,785,22,0,3,2
2,350,21.600000,22.608000,0,1,1085429,785,22,785,22,0,3,2
2,350,21.600000,22.608000,0,1,1085439,785,22,785,22,0,3,2
2,350,21.600000,22.608000,0,1,1085450,785,22,785,22,0,3,2
2,350,21.600000,22.608000,0,1,1085460,786,22,786,22,0,3,2
2,350,21.600000,22.608000,0,1,1085470,790,22,790,22,0,3,2
2,350,21.600000,22.608000,0,1,1085482,798,22,798,22,0,3,2
2,350,21.600000,22.608000,0,1,1085494,808,21,808,21,0,3,2
2,350,21.600000,22.608000,0,1,1085505,827,20,827,20,0,3,2
2,350,21.600000,22.608000,0,1,1085517,855,19,855,19,0,3,2
2,350,21.600000,22.608000,0,1,1085528,888,19,888,19,0,3,2
2,350,21.600000,22.608000,0,1,1085539,927,18,927,18,0,3,2
2,350,21.600000,22.608000,0,1,1085550,968,16,968,16,0,3,2
2,350,21.600000,22.608000,0,1,1085561,1012,13,1012,13,0,3,2
2,350,21.600000,22.608000,0,1,1085572,1051,11,1051,11,0,3,2
2,350,21.600000,22.608000,0,1,1085583,1089,9,1089,9,0,3,2
2,350,21.600000,22.608000,0,1,1085594,1113,8,1113,8,0,3,2
2,350,21.600000,22.608000,0,1,1085605,1133,8,1133,8,0,3,2
2,350,21.600000,22.608000,0,1,1085615,1141,7,1141,7,0,3,2
2,350,21.600000,22.608000,0,1,1085626,1142,7,1142,7,0,3,2
2,350,21.600000,22.608000,0,1,1085636,1143,7,1143,7,0,3,2
2,350,21.600000,22.608000,0,1,1085647,1143,7,1143,7,0,3,2
2,350,21.600000,22.608000,0,1,1085659,1143,7,1143,7,0,3,2
2,350,21.600000,22.608000,0,1,1085669,1143,7,1143,7,0,3,2
2,350,21.600000,22.608000,0,1,1085679,1143,7,1143,7,0,3,2
2,350,21.600000,22.608000,0,1,1085689,1143,7,1143,7,0,3,2
2,350,21.600000,22.608000,0,1,1085700,1143,7,1143,7,0,3,2
2,350,21.600000,22.608000,0,1,1085710,1143,7,1143,7,0,3,2
2,350,21.600000,22.608000,0,1,1085722,1143,7,1143,7,0,3,2
2,350,21.600000,22.608000,0,1,1085733,1143,7,1143,7,0,3,2
2,350,21.600000,22.608000,0,1,1085744,1143,7,1143,7,0,3,2
2,350,21.600000,22.608000,0,1,1085755,1143,7,1143,7,0,3,2
2,350,21.600000,22.608000,0,1,1085764,1143,7,1143,7,0,3,2
2,350,21.600000,22.608000,0,1,1085774,1143,7,1143,7,0,3,2
2,350,21.600000,22.608000,0,1,1085785,1143,7,1143,7,0,3,2
2,350,21.600000,22.608000,0,1,1085795,1143,7,1143,7,0,3,2
2,350,21.600000,22.608000,0,1,1085805,1143,7,1143,7,0,3,2
2,350,21.600000,22.608000,0,1,1085816,1143,7,1143,7,0,3,2
2,350,21.600000,22.608000,0,1,1085826,1143,7,1143,7,0,3,2
2,350,21.600000,22.608000,0,1,1085836,1143,7,1143,7,0,3,2
2,350,21.600000,22.608000,0,1,1085846,1143,7,1143,7,0,3,2
2,350,21.600000,22.608000,0,1,1085856,1143,7,1143,7,0,3,2
2,350,21.600000,22.608000,0,1,1085866,1143,7,1143,7,0,3,2
2,350,21.600000,22.608000,0,1,1085877,1143,7,1143,7,0,3,2
2,350,21.600000,22.608000,0,1,1085887,1143,7,1143,7,0,3,2
2,350,21.600000,22.608000,0,1,1085897,1143,7,1143,7,0,3,2
