2,350,50.400000,22.608000,0,1,1122813,785,22,785,22,0,3,28
2,350,50.400000,22.608000,0,1,1122814,785,22,785,22,0,3,28
2,350,50.400000,22.608000,0,1,1122824,785,22,785,22,0,3,28
2,350,50.400000,22.608000,0,1,1122834,785,22,785,22,0,3,28
2,350,50.400000,22.608000,0,1,1122844,785,22,785,22,0,3,28
2,350,50.400000,22.608000,0,1,1122855,785,22,785,22,0,3,28
2,350,50.400000,22.608000,0,1,1122865,785,22,785,22,0,3,28
2,350,50.400000,22.608000,0,1,1122875,785,22,785,22,0,3,28
2,350,50.400000,22.608000,0,1,1122886,785,22,785,22,0,3,28
2,350,50.400000,22.608000,0,1,1122896,785,22,785,22,0,3,28
2,350,50.400000,22.608000,0,1,1122906,785,22,785,22,0,3,28
2,350,50.400000,22.608000,0,1,1122917,789,22,789,22,0,3,28
2,350,50.400000,22.608000,0,1,1122928,798,22,798,22,0,3,28
2,350,50.400000,22.608000,0,1,1122940,818,23,818,23,0,3,28
2,350,50.400000,22.608000,0,1,1122951,849,23,849,23,0,3,28
2,350,50.400000,22.608000,0,1,1122963,881,24,881,24,0,3,28
2,350,50.400000,22.608000,0,1,1122974,928,24,928,24,0,3,28
2,350,50.400000,22.608000,0,1,1122986,976,25,976,25,0,3,28
2,350,50.400000,22.608000,0,1,1122996,1024,26,1024,26,0,3,28
2,350,50.400000,22.608000,0,1,1123007,1063,26,1063,26,0,3,28
2,350,50.400000,22.608000,0,1,1123022,1099,26,1099,26,0,3,28
2,350,50.400000,22.608000,0,1,1123046,1138,26,1138,26,0,3,28
2,350,50.400000,22.608000,0,1,1123058,1176,27,1176,27,0,3,28
2,350,50.400000,22.608000,0,1,1123070,1183,27,1183,27,0,3,28
2,350,50.400000,22.608000,0,1,1123082,1183,27,1183,27,0,3,28
2,350,50.400000,22.608000,0,1,1123092,1183,27,1183,27,0,3,28
2,350,50.400000,22.608000,0,1,1123102,1183,27,1183,27,0,3,28
2,350,50.400000,22.608000,0,1,1123113,1183,27,1183,27,0,3,28
2,350,50.400000,22.608000,0,1,1123123,1182,26,1182,26,0,3,28
2,350,50.400000,22.608000,0,1,1123134,1182,26,1182,26,0,3,28
2,350,50.400000,22.608000,0,1,1123144,1182,26,1182,26,0,3,28
2,350,50.400000,22.608000,0,1,1123154,1182,26,1182,26,0,3,28
2,350,50.400000,22.608000,0,1,1123164,1182,26,1182,26,0,3,28
2,350,50.400000,22.608000,0,1,1123174,1181,26,1181,26,0,3,28
2,350,50.400000,22.608000,0,1,1123184,1180,26,1180,26,0,3,28
2,350,50.400000,22.608000,0,1,1123195,1179,26,1179,26,0,3,28
2,350,50.400000,22.608000,0,1,1123205,1177,26,1177,26,0,3,28
2,350,50.400000,22.608000,0,1,1123216,1176,26,1176,26,0,3,28
2,350,50.400000,22.608000,0,1,1123226,1175,26,1175,26,0,3,28
2,350,50.400000,22.608000,0,1,1123236,1174,26,1174,26,0,3,28
2,350,50.400000,22.608000,0,1,1123247,1172,26,1172,26,0,3,28
2,350,50.400000,22.608000,0,1,1123257,1168,26,1168,26,0,3,28
2,350,50.400000,22.608000,0,1,1123268,1161,26,1161,26,0,3,28
2,350,50.400000,22.608000,0,1,1123279,1155,25,1155,25,0,3,28
2,350,50.400000,22.608000,0,1,1123289,1152,24,1152,24,0,3,28
2,350,50.400000,22.608000,0,1,1123299,1152,24,1152,24,0,3,28
2,350,50.400000,22.608000,0,1,1123309,1152,24,1152,24,0,3,28
2,350,50.400000,22.608000,0,1,1123320,1152,23,1152,23,0,3,28
2,350,50.400000,22.608000,0,1,1123330,1152,23,1152,23,0,3,28
2,350,50.400000,22.608000,0,1,1123340,1152,23,1152,23,0,3,28
2,350,50.400000,22.608000,0,1,1123352,1152,22,1152,22,0,3,28
2,350,50.400000,22.608000,0,1,1123362,1152,21,1152,21,0,3,28
2,350,50.400000,22.608000,0,1,1123373,1152,21,1152,21,0,3,28
2,350,50.400000,22.608000,0,1,1123383,1151,21,1151,21,0,3,28
2,350,50.400000,22.608000,0,1,1123393,1150,21,1150,21,0,3,28
2,350,50.400000,22.608000,0,1,1123403,1150,21,1150,21,0,3,28
