2,350,82.800000,10000.000000,0,1,1278746,785,22,785,22,0,4,15
2,350,82.800000,10000.000000,0,1,1278747,785,22,785,22,0,4,15
2,350,82.800000,10000.000000,0,1,1278759,787,23,787,23,0,4,15
2,350,82.800000,10000.000000,0,1,1278770,787,23,787,23,0,4,15
2,350,82.800000,10000.000000,0,1,1278780,787,23,787,23,0,4,15
2,350,82.800000,10000.000000,0,1,1278794,788,23,788,23,0,4,15
2,350,82.800000,10000.000000,0,1,1278805,788,23,788,23,0,4,15
2,350,82.800000,10000.000000,0,1,1278817,788,23,788,23,0,4,15
2,350,82.800000,10000.000000,0,1,1278828,788,24,788,24,0,4,15
2,350,82.800000,10000.000000,0,1,1278838,788,24,788,24,0,4,15
2,350,82.800000,10000.000000,0,1,1278849,788,24,788,24,0,4,15
2,350,82.800000,10000.000000,0,1,1278860,788,25,788,25,0,4,15
2,350,82.800000,10000.000000,0,1,1278871,788,25,788,25,0,4,15
2,350,82.800000,10000.000000,0,1,1278882,788,26,788,26,0,4,15
2,350,82.800000,10000.000000,0,1,1278893,790,26,790,26,0,4,15
2,350,82.800000,10000.000000,0,1,1278903,792,26,792,26,0,4,15
2,350,82.800000,10000.000000,0,1,1278914,793,26,793,26,0,4,15
2,350,82.800000,10000.000000,0,1,1278925,793,26,793,26,0,4,15
2,350,82.800000,10000.000000,0,1,1278936,793,26,793,26,0,4,15
2,350,82.800000,10000.000000,0,1,1278947,793,26,793,26,0,4,15
2,350,82.800000,10000.000000,0,1,1278960,793,26,793,26,0,4,15
2,350,82.800000,10000.000000,0,1,1278971,793,26,793,26,0,4,15
2,350,82.800000,10000.000000,0,1,1278981,793,26,793,26,0,4,15
2,350,82.800000,10000.000000,0,1,1278991,795,26,795,26,0,4,15
2,350,82.800000,10000.000000,0,1,1279000,798,26,798,26,0,4,15
2,350,82.800000,10000.000000,0,1,1279013,803,26,803,26,0,4,15
2,350,82.800000,10000.000000,0,1,1279025,814,25,814,25,0,4,15
2,350,82.800000,10000.000000,0,1,1279036,827,24,827,24,0,4,15
2,350,82.800000,10000.000000,0,1,1279047,848,23,848,23,0,4,15
2,350,82.800000,10000.000000,0,1,1279060,879,21,879,21,0,4,15
2,350,82.800000,10000.000000,0,1,1279070,919,18,919,18,0,4,15
2,350,82.800000,10000.000000,0,1,1279081,955,16,955,16,0,4,15
2,350,82.800000,10000.000000,0,1,1279092,992,14,992,14,0,4,15
2,350,82.800000,10000.000000,0,1,1279103,1034,12,1034,12,0,4,15
2,350,82.800000,10000.000000,0,1,1279116,1069,11,1069,11,0,4,15
2,350,82.800000,10000.000000,0,1,1279127,1107,9,1107,9,0,4,15
2,350,82.800000,10000.000000,0,1,1279138,1131,8,1131,8,0,4,15
2,350,82.800000,10000.000000,0,1,1279149,1148,7,1148,7,0,4,15
2,350,82.800000,10000.000000,0,1,1279162,1158,6,1158,6,0,4,15
2,350,82.800000,10000.000000,0,1,1279172,1162,5,1162,5,0,4,15
2,350,82.800000,10000.000000,0,1,1279183,1167,4,1167,4,0,4,15
2,350,82.800000,10000.000000,0,1,1279194,1167,4,1167,4,0,4,15
2,350,82.800000,10000.000000,0,1,1279205,1167,4,1167,4,0,4,15
2,350,82.800000,10000.000000,0,1,1279216,1166,4,1166,4,0,4,15
2,350,82.800000,10000.000000,0,1,1279227,1165,4,1165,4,0,4,15
2,350,82.800000,10000.000000,0,1,1279237,1165,4,1165,4,0,4,15
2,350,82.800000,10000.000000,0,1,1279248,1165,4,1165,4,0,4,15
2,350,82.800000,10000.000000,0,1,1279259,1165,4,1165,4,0,4,15
2,350,82.800000,10000.000000,0,1,1279270,1164,4,1164,4,0,4,15
2,350,82.800000,10000.000000,0,1,1279282,1163,4,1163,4,0,4,15
2,350,82.800000,10000.000000,0,1,1279295,1161,4,1161,4,0,4,15
2,350,82.800000,10000.000000,0,1,1279307,1160,4,1160,4,0,4,15
2,350,82.800000,10000.000000,0,1,1279318,1159,4,1159,4,0,4,15
2,350,82.800000,10000.000000,0,1,1279329,1159,4,1159,4,0,4,15
2,350,82.800000,10000.000000,0,1,1279340,1159,4,1159,4,0,4,15
2,350,82.800000,10000.000000,0,1,1279350,1159,4,1159,4,0,4,15
2,350,82.800000,10000.000000,0,1,1279361,1159,4,1159,4,0,4,15
2,350,82.800000,10000.000000,0,1,1279371,1159,4,1159,4,0,4,15
2,350,82.800000,10000.000000,0,1,1279380,1159,4,1159,4,0,4,15
