2,350,50.400000,12.276000,0,0,1469169,785,0,785,0,0,5,28
2,350,50.400000,12.276000,0,0,1469170,785,0,785,0,0,5,28
2,350,50.400000,12.276000,0,0,1469181,785,0,785,0,0,5,28
2,350,50.400000,12.276000,0,0,1469192,785,0,785,0,0,5,28
2,350,50.400000,12.276000,0,0,1469205,785,0,785,0,0,5,28
2,350,50.400000,12.276000,0,0,1469215,785,0,785,0,0,5,28
2,350,50.400000,12.276000,0,0,1469227,785,0,785,0,0,5,28
2,350,50.400000,12.276000,0,0,1469240,786,1,786,1,0,5,28
2,350,50.400000,12.276000,0,0,1469252,797,1,797,1,0,5,28
2,350,50.400000,12.276000,0,0,1469263,825,2,825,2,0,5,28
2,350,50.400000,12.276000,0,0,1469275,865,4,865,4,0,5,28
2,350,50.400000,12.276000,0,0,1469286,915,7,915,7,0,5,28
2,350,50.400000,12.276000,0,0,1469297,980,11,980,11,0,5,28
2,350,50.400000,12.276000,0,0,1469308,1046,15,1046,15,0,5,28
2,350,50.400000,12.276000,0,0,1469317,1105,19,1105,19,0,5,28
2,350,50.400000,12.276000,0,0,1469331,1159,23,1159,23,0,5,28
2,350,50.400000,12.276000,0,0,1469341,1204,27,1204,27,0,5,28
2,350,50.400000,12.276000,0,0,1469352,1220,29,1220,29,0,5,28
2,350,50.400000,12.276000,0,0,1469364,1221,30,1221,30,0,5,28
2,350,50.400000,12.276000,0,0,1469375,1217,31,1217,31,0,5,28
2,350,50.400000,12.276000,0,0,1469385,1212,31,1212,31,0,5,28
2,350,50.400000,12.276000,0,0,1469396,1208,31,1208,31,0,5,28
2,350,50.400000,12.276000,0,0,1469407,1205,31,1205,31,0,5,28
2,350,50.400000,12.276000,0,0,1469417,1203,30,1203,30,0,5,28
2,350,50.400000,12.276000,0,0,1469428,1202,30,1202,30,0,5,28
2,350,50.400000,12.276000,0,0,1469438,1202,30,1202,30,0,5,28
2,350,50.400000,12.276000,0,0,1469449,1201,30,1201,30,0,5,28
2,350,50.400000,12.276000,0,0,1469460,1200,30,1200,30,0,5,28
2,350,50.400000,12.276000,0,0,1469474,1199,30,1199,30,0,5,28
2,350,50.400000,12.276000,0,0,1469486,1193,30,1193,30,0,5,28
2,350,50.400000,12.276000,0,0,1469497,1187,30,1187,30,0,5,28
2,350,50.400000,12.276000,0,0,1469507,1184,30,1184,30,0,5,28
2,350,50.400000,12.276000,0,0,1469517,1183,29,1183,29,0,5,28
2,350,50.400000,12.276000,0,0,1469529,1182,29,1182,29,0,5,28
2,350,50.400000,12.276000,0,0,1469540,1179,27,1179,27,0,5,28
2,350,50.400000,12.276000,0,0,1469552,1177,26,1177,26,0,5,28
2,350,50.400000,12.276000,0,0,1469566,1175,24,1175,24,0,5,28
2,350,50.400000,12.276000,0,0,1469580,1174,23,1174,23,0,5,28
2,350,50.400000,12.276000,0,0,1469592,1174,21,1174,21,0,5,28
2,350,50.400000,12.276000,0,0,1469604,1174,19,1174,19,0,5,28
2,350,50.400000,12.276000,0,0,1469616,1173,18,1173,18,0,5,28
2,350,50.400000,12.276000,0,0,1469625,1171,17,1171,17,0,5,28
2,350,50.400000,12.276000,0,0,1469640,1168,16,1168,16,0,5,28
2,350,50.400000,12.276000,0,0,1469653,1161,14,1161,14,0,5,28
2,350,50.400000,12.276000,0,0,1469665,1154,12,1154,12,0,5,28
2,350,50.400000,12.276000,0,0,1469676,1149,10,1149,10,0,5,28
2,350,50.400000,12.276000,0,0,1469687,1147,9,1147,9,0,5,28
2,350,50.400000,12.276000,0,0,1469697,1145,9,1145,9,0,5,28
2,350,50.400000,12.276000,0,0,1469707,1144,8,1144,8,0,5,28
2,350,50.400000,12.276000,0,0,1469719,1143,7,1143,7,0,5,28
2,350,50.400000,12.276000,0,0,1469729,1141,6,1141,6,0,5,28
2,350,50.400000,12.276000,0,0,1469739,1140,6,1140,6,0,5,28
2,350,50.400000,12.276000,0,0,1469752,1139,6,1139,6,0,5,28
2,350,50.400000,12.276000,0,0,1469764,1136,5,1136,5,0,5,28
2,350,50.400000,12.276000,0,0,1469775,1133,4,1133,4,0,5,28
2,350,50.400000,12.276000,0,0,1469785,1132,3,1132,3,0,5,28
2,350,50.400000,12.276000,0,0,1469796,1131,3,1131,3,0,5,28
2,350,50.400000,12.276000,0,0,1469807,1131,3,1131,3,0,5,28
2,350,50.400000,12.276000,0,0,1469817,1131,3,1131,3,0,5,28
