2,700,21.600000,22.608000,0,0,1679132,610,0,610,0,0,6,21
2,700,21.600000,22.608000,0,0,1679133,610,0,610,0,0,6,21
2,700,21.600000,22.608000,0,0,1679144,610,0,610,0,0,6,21
2,700,21.600000,22.608000,0,0,1679155,610,0,610,0,0,6,21
2,700,21.600000,22.608000,0,0,1679166,610,0,610,0,0,6,21
2,700,21.600000,22.608000,0,0,1679177,610,0,610,0,0,6,21
2,700,21.600000,22.608000,0,0,1679189,610,0,610,0,0,6,21
2,700,21.600000,22.608000,0,0,1679200,615,0,615,0,0,6,21
2,700,21.600000,22.608000,0,0,1679213,628,0,628,0,0,6,21
2,700,21.600000,22.608000,0,0,1679226,657,0,657,0,0,6,21
2,700,21.600000,22.608000,0,0,1679237,710,0,710,0,0,6,21
2,700,21.600000,22.608000,0,0,1679249,777,0,777,0,0,6,21
2,700,21.600000,22.608000,0,0,1679260,855,0,855,0,0,6,21
2,700,21.600000,22.608000,0,0,1679272,930,0,930,-1,0,6,21
2,700,21.600000,22.608000,0,0,1679284,1005,0,1005,-2,0,6,21
2,700,21.600000,22.608000,0,0,1679297,1079,0,1079,-3,0,6,21
2,700,21.600000,22.608000,0,0,1679309,1154,0,1154,-3,0,6,21
2,700,21.600000,22.608000,0,0,1679320,1220,0,1220,-4,0,6,21
2,700,21.600000,22.608000,0,0,1679332,1263,0,1263,-4,0,6,21
2,700,21.600000,22.608000,0,0,1679343,1297,0,1297,-4,0,6,21
2,700,21.600000,22.608000,0,0,1679356,1315,0,1315,-4,0,6,21
2,700,21.600000,22.608000,0,0,1679366,1323,0,1323,-4,0,6,21
2,700,21.600000,22.608000,0,0,1679377,1323,0,1323,-5,0,6,21
2,700,21.600000,22.608000,0,0,1679388,1323,0,1323,-5,0,6,21
2,700,21.600000,22.608000,0,0,1679399,1323,0,1323,-5,0,6,21
2,700,21.600000,22.608000,0,0,1679409,1322,0,1322,-5,0,6,21
2,700,21.600000,22.608000,0,0,1679421,1320,0,1320,-5,0,6,21
2,700,21.600000,22.608000,0,0,1679433,1318,0,1318,-5,0,6,21
2,700,21.600000,22.608000,0,0,1679443,1317,0,1317,-5,0,6,21
2,700,21.600000,22.608000,0,0,1679454,1316,0,1316,-5,0,6,21
2,700,21.600000,22.608000,0,0,1679466,1314,0,1314,-5,0,6,21
2,700,21.600000,22.608000,0,0,1679478,1313,0,1313,-5,0,6,21
2,700,21.600000,22.608000,0,0,1679488,1312,1,1312,-4,0,6,21
2,700,21.600000,22.608000,0,0,1679500,1311,2,1311,-3,0,6,21
2,700,21.600000,22.608000,0,0,1679511,1311,2,1311,-3,0,6,21
2,700,21.600000,22.608000,0,0,1679521,1311,2,1311,-3,0,6,21
2,700,21.600000,22.608000,0,0,1679532,1311,2,1311,-3,0,6,21
2,700,21.600000,22.608000,0,0,1679543,1311,2,1311,-3,0,6,21
2,700,21.600000,22.608000,0,0,1679556,1311,2,1311,-3,0,6,21
2,700,21.600000,22.608000,0,0,1679567,1311,2,1311,-3,0,6,21
2,700,21.600000,22.608000,0,0,1679582,1310,2,1310,-3,0,6,21
2,700,21.600000,22.608000,0,0,1679594,1309,2,1309,-3,0,6,21
2,700,21.600000,22.608000,0,0,1679605,1309,2,1309,-3,0,6,21
2,700,21.600000,22.608000,0,0,1679616,1309,2,1309,-3,0,6,21
2,700,21.600000,22.608000,0,0,1679627,1309,2,1309,-3,0,6,21
2,700,21.600000,22.608000,0,0,1679638,1309,2,1309,-3,0,6,21
2,700,21.600000,22.608000,0,0,1679648,1309,2,1309,-3,0,6,21
2,700,21.600000,22.608000,0,0,1679659,1309,2,1309,-3,0,6,21
2,700,21.600000,22.608000,0,0,1679670,1309,2,1309,-3,0,6,21
