2,700,21.600000,12.276000,0,0,1913696,610,0,610,0,0,7,58
2,700,21.600000,12.276000,0,0,1913697,610,0,610,0,0,7,58
2,700,21.600000,12.276000,0,0,1913708,610,0,610,0,0,7,58
2,700,21.600000,12.276000,0,0,1913718,610,0,610,0,0,7,58
2,700,21.600000,12.276000,0,0,1913729,610,0,610,0,0,7,58
2,700,21.600000,12.276000,0,0,1913740,610,0,610,0,0,7,58
2,700,21.600000,12.276000,0,0,1913750,610,0,610,0,0,7,58
2,700,21.600000,12.276000,0,0,1913760,610,0,610,0,0,7,58
2,700,21.600000,12.276000,0,0,1913770,613,0,613,0,0,7,58
2,700,21.600000,12.276000,0,0,1913783,620,0,620,0,0,7,58
2,700,21.600000,12.276000,0,0,1913795,644,0,644,-2,0,7,58
2,700,21.600000,12.276000,0,0,1913806,685,0,685,-4,0,7,58
2,700,21.600000,12.276000,0,0,1913817,737,0,737,-5,0,7,58
2,700,21.600000,12.276000,0,0,1913829,803,0,803,-5,0,7,58
2,700,21.600000,12.276000,0,0,1913840,886,0,886,-5,0,7,58
2,700,21.600000,12.276000,0,0,1913852,977,0,977,-6,0,7,58
2,700,21.600000,12.276000,0,0,1913864,1064,0,1064,-6,0,7,58
2,700,21.600000,12.276000,0,0,1913878,1150,0,1150,-7,0,7,58
2,700,21.600000,12.276000,0,0,1913889,1230,0,1230,-7,0,7,58
2,700,21.600000,12.276000,0,0,1913900,1286,0,1286,-7,0,7,58
2,700,21.600000,12.276000,0,0,1913913,1316,1,1316,-6,0,7,58
2,700,21.600000,12.276000,0,0,1913923,1328,2,1328,-5,0,7,58
2,700,21.600000,12.276000,0,0,1913935,1327,2,1327,-5,0,7,58
2,700,21.600000,12.276000,0,0,1913946,1321,3,1321,-4,0,7,58
2,700,21.600000,12.276000,0,0,1913957,1314,4,1314,-3,0,7,58
2,700,21.600000,12.276000,0,0,1913969,1307,6,1307,-1,0,7,58
2,700,21.600000,12.276000,0,0,1913979,1304,6,1304,-1,0,7,58
2,700,21.600000,12.276000,0,0,1913990,1304,6,1304,-1,0,7,58
2,700,21.600000,12.276000,0,0,1914001,1304,6,1304,-1,0,7,58
2,700,21.600000,12.276000,0,0,1914013,1304,6,1304,-1,0,7,58
2,700,21.600000,12.276000,0,0,1914023,1304,6,1304,-1,0,7,58
2,700,21.600000,12.276000,0,0,1914035,1303,6,1303,-1,0,7,58
2,700,21.600000,12.276000,0,0,1914045,1302,6,1302,-1,0,7,58
2,700,21.600000,12.276000,0,0,1914057,1301,7,1301,0,0,7,58
2,700,21.600000,12.276000,0,0,1914069,1300,7,1300,0,0,7,58
2,700,21.600000,12.276000,0,0,1914079,1299,7,1299,0,0,7,58
2,700,21.600000,12.276000,0,0,1914091,1299,7,1299,0,0,7,58
2,700,21.600000,12.276000,0,0,1914101,1299,7,1299,0,0,7,58
2,700,21.600000,12.276000,0,0,1914112,1299,7,1299,0,0,7,58
2,700,21.600000,12.276000,0,0,1914124,1299,7,1299,0,0,7,58
2,700,21.600000,12.276000,0,0,1914134,1299,7,1299,0,0,7,58
2,700,21.600000,12.276000,0,0,1914146,1299,7,1299,0,0,7,58
2,700,21.600000,12.276000,0,0,1914157,1299,7,1299,0,0,7,58
2,700,21.600000,12.276000,0,0,1914168,1299,7,1299,0,0,7,58
2,700,21.600000,12.276000,0,0,1914179,1300,7,1300,0,0,7,58
2,700,21.600000,12.276000,0,0,1914190,1300,7,1300,0,0,7,58
2,700,21.600000,12.276000,0,0,1914201,1300,7,1300,0,0,7,58
2,700,21.600000,12.276000,0,0,1914212,1300,7,1300,0,0,7,58
2,700,21.600000,12.276000,0,0,1914222,1300,7,1300,0,0,7,58
2,700,21.600000,12.276000,0,0,1914234,1300,7,1300,0,0,7,58
2,700,21.600000,12.276000,0,0,1914244,1300,7,1300,0,0,7,58
2,700,21.600000,12.276000,0,0,1914255,1302,7,1302,0,0,7,58
2,700,21.600000,12.276000,0,0,1914267,1307,7,1307,0,0,7,58
2,700,21.600000,12.276000,0,0,1914279,1312,7,1312,0,0,7,58
2,700,21.600000,12.276000,0,0,1914290,1315,7,1315,0,0,7,58
2,700,21.600000,12.276000,0,0,1914303,1318,7,1318,0,0,7,58
2,700,21.600000,12.276000,0,0,1914315,1318,7,1318,0,0,7,58
