2,700,82.800000,0.000000,1,1,1915048,610,22,610,22,0,7,59
2,700,82.800000,0.000000,1,1,1915048,610,22,610,22,0,7,59
2,700,82.800000,0.000000,1,1,1915059,610,22,610,22,0,7,59
2,700,82.800000,0.000000,1,1,1915069,610,22,610,22,0,7,59
2,700,82.800000,0.000000,1,1,1915080,610,22,610,22,0,7,59
2,700,82.800000,0.000000,1,1,1915090,610,22,610,22,0,7,59
2,700,82.800000,0.000000,1,1,1915101,613,22,613,22,0,7,59
2,700,82.800000,0.000000,1,1,1915113,622,22,622,22,0,7,59
2,700,82.800000,0.000000,1,1,1915125,643,21,643,21,0,7,59
2,700,82.800000,0.000000,1,1,1915137,683,21,683,21,0,7,59
2,700,82.800000,0.000000,1,1,1915149,742,21,742,21,0,7,59
2,700,82.800000,0.000000,1,1,1915161,818,23,818,23,0,7,59
2,700,82.800000,0.000000,1,1,1915172,897,24,897,24,0,7,59
2,700,82.800000,0.000000,1,1,1915184,982,25,982,25,0,7,59
2,700,82.800000,0.000000,1,1,1915194,1075,25,1075,25,0,7,59
2,700,82.800000,0.000000,1,1,1915206,1150,25,1150,25,0,7,59
2,700,82.800000,0.000000,1,1,1915219,1225,23,1225,23,0,7,59
2,700,82.800000,0.000000,1,1,1915231,1286,21,1286,21,0,7,59
2,700,82.800000,0.000000,1,1,1915242,1324,19,1324,19,0,7,59
2,700,82.800000,0.000000,1,1,1915253,1340,18,1340,18,0,7,59
2,700,82.800000,0.000000,1,1,1915264,1341,18,1341,18,0,7,59
2,700,82.800000,0.000000,1,1,1915276,1338,17,1338,17,0,7,59
2,700,82.800000,0.000000,1,1,1915287,1333,17,1333,17,0,7,59
2,700,82.800000,0.000000,1,1,1915299,1327,17,1327,17,0,7,59
2,700,82.800000,0.000000,1,1,1915312,1322,17,1322,17,0,7,59
2,700,82.800000,0.000000,1,1,1915325,1319,18,1319,18,0,7,59
2,700,82.800000,0.000000,1,1,1915338,1316,19,1316,19,0,7,59
2,700,82.800000,0.000000,1,1,1915349,1316,19,1316,19,0,7,59
2,700,82.800000,0.000000,1,1,1915360,1316,19,1316,19,0,7,59
2,700,82.800000,0.000000,1,1,1915373,1314,19,1314,19,0,7,59
2,700,82.800000,0.000000,1,1,1915384,1312,19,1312,19,0,7,59
2,700,82.800000,0.000000,1,1,1915395,1312,19,1312,19,0,7,59
2,700,82.800000,0.000000,1,1,1915406,1312,19,1312,19,0,7,59
2,700,82.800000,0.000000,1,1,1915416,1312,19,1312,19,0,7,59
2,700,82.800000,0.000000,1,1,1915427,1312,19,1312,19,0,7,59
2,700,82.800000,0.000000,1,1,1915437,1312,19,1312,19,0,7,59
2,700,82.800000,0.000000,1,1,1915448,1312,19,1312,19,0,7,59
2,700,82.800000,0.000000,1,1,1915458,1312,19,1312,19,0,7,59
2,700,82.800000,0.000000,1,1,1915469,1312,19,1312,19,0,7,59
2,700,82.800000,0.000000,1,1,1915480,1312,19,1312,19,0,7,59
2,700,82.800000,0.000000,1,1,1915490,1312,19,1312,19,0,7,59
2,700,82.800000,0.000000,1,1,1915502,1312,19,1312,19,0,7,59
