2,350,82.800000,22.608000,0,1,2031122,785,22,785,22,0,8,23
2,350,82.800000,22.608000,0,1,2031123,785,22,785,22,0,8,23
2,350,82.800000,22.608000,0,1,2031135,785,22,785,22,0,8,23
2,350,82.800000,22.608000,0,1,2031147,785,22,785,22,0,8,23
2,350,82.800000,22.608000,0,1,2031158,785,22,785,22,0,8,23
2,350,82.800000,22.608000,0,1,2031168,785,22,785,22,0,8,23
2,350,82.800000,22.608000,0,1,2031179,785,22,785,22,0,8,23
2,350,82.800000,22.608000,0,1,2031189,785,22,785,22,0,8,23
2,350,82.800000,22.608000,0,1,2031201,787,22,787,22,0,8,23
2,350,82.800000,22.608000,0,1,2031213,794,22,794,22,0,8,23
2,350,82.800000,22.608000,0,1,2031226,808,20,808,20,0,8,23
2,350,82.800000,22.608000,0,1,2031238,836,19,836,19,0,8,23
2,350,82.800000,22.608000,0,1,2031251,874,18,874,18,0,8,23
2,350,82.800000,22.608000,0,1,2031262,928,18,928,18,0,8,23
2,350,82.800000,22.608000,0,1,2031273,984,17,984,17,0,8,23
2,350,82.800000,22.608000,0,1,2031286,1032,16,1032,16,0,8,23
2,350,82.800000,22.608000,0,1,2031299,1088,14,1088,14,0,8,23
2,350,82.800000,22.608000,0,1,2031311,1127,13,1127,13,0,8,23
2,350,82.800000,22.608000,0,1,2031322,1148,13,1148,13,0,8,23
2,350,82.800000,22.608000,0,1,2031334,1157,13,1157,13,0,8,23
2,350,82.800000,22.608000,0,1,2031345,1159,13,1159,13,0,8,23
2,350,82.800000,22.608000,0,1,2031355,1159,13,1159,13,0,8,23
2,350,82.800000,22.608000,0,1,2031366,1159,13,1159,13,0,8,23
2,350,82.800000,22.608000,0,1,2031376,1159,13,1159,13,0,8,23
2,350,82.800000,22.608000,0,1,2031387,1159,13,1159,13,0,8,23
2,350,82.800000,22.608000,0,1,2031398,1158,13,1158,13,0,8,23
2,350,82.800000,22.608000,0,1,2031408,1158,13,1158,13,0,8,23
2,350,82.800000,22.608000,0,1,2031418,1158,13,1158,13,0,8,23
2,350,82.800000,22.608000,0,1,2031429,1158,13,1158,13,0,8,23
2,350,82.800000,22.608000,0,1,2031439,1158,13,1158,13,0,8,23
2,350,82.800000,22.608000,0,1,2031450,1158,13,1158,13,0,8,23
2,350,82.800000,22.608000,0,1,2031462,1158,12,1158,12,0,8,23
2,350,82.800000,22.608000,0,1,2031474,1156,12,1156,12,0,8,23
2,350,82.800000,22.608000,0,1,2031485,1155,12,1155,12,0,8,23
2,350,82.800000,22.608000,0,1,2031497,1153,12,1153,12,0,8,23
2,350,82.800000,22.608000,0,1,2031507,1153,12,1153,12,0,8,23
2,350,82.800000,22.608000,0,1,2031518,1153,12,1153,12,0,8,23
2,350,82.800000,22.608000,0,1,2031528,1153,12,1153,12,0,8,23
2,350,82.800000,22.608000,0,1,2031538,1153,12,1153,12,0,8,23
2,350,82.800000,22.608000,0,1,2031549,1153,12,1153,12,0,8,23
2,350,82.800000,22.608000,0,1,2031559,1153,12,1153,12,0,8,23
