2,350,50.400000,12.276000,0,0,2239771,785,0,785,0,0,9,66
2,350,50.400000,12.276000,0,0,2239772,785,0,785,0,0,9,66
2,350,50.400000,12.276000,0,0,2239783,785,0,785,0,0,9,66
2,350,50.400000,12.276000,0,0,2239794,785,0,785,0,0,9,66
2,350,50.400000,12.276000,0,0,2239804,785,0,785,0,0,9,66
2,350,50.400000,12.276000,0,0,2239815,785,0,785,0,0,9,66
2,350,50.400000,12.276000,0,0,2239826,785,0,785,0,0,9,66
2,350,50.400000,12.276000,0,0,2239838,785,0,785,0,0,9,66
2,350,50.400000,12.276000,0,0,2239851,787,0,787,0,0,9,66
2,350,50.400000,12.276000,0,0,2239866,797,0,797,-1,0,9,66
2,350,50.400000,12.276000,0,0,2239879,822,0,822,-3,0,9,66
2,350,50.400000,12.276000,0,0,2239891,863,0,863,-4,0,9,66
2,350,50.400000,12.276000,0,0,2239903,914,0,914,-6,0,9,66
2,350,50.400000,12.276000,0,0,2239916,972,0,972,-8,0,9,66
2,350,50.400000,12.276000,0,0,2239930,1038,0,1038,-11,0,9,66
2,350,50.400000,12.276000,0,0,2239945,1108,0,1108,-15,0,9,66
2,350,50.400000,12.276000,0,0,2239957,1160,0,1160,-17,0,9,66
2,350,50.400000,12.276000,0,0,2239968,1181,0,1181,-18,0,9,66
2,350,50.400000,12.276000,0,0,2239980,1188,0,1188,-19,0,9,66
2,350,50.400000,12.276000,0,0,2239991,1188,0,1188,-19,0,9,66
2,350,50.400000,12.276000,0,0,2240004,1188,0,1188,-19,0,9,66
2,350,50.400000,12.276000,0,0,2240015,1185,0,1185,-19,0,9,66
2,350,50.400000,12.276000,0,0,2240028,1182,0,1182,-19,0,9,66
2,350,50.400000,12.276000,0,0,2240041,1180,0,1180,-19,0,9,66
2,350,50.400000,12.276000,0,0,2240055,1179,0,1179,-19,0,9,66
2,350,50.400000,12.276000,0,0,2240065,1179,0,1179,-19,0,9,66
2,350,50.400000,12.276000,0,0,2240077,1179,0,1179,-19,0,9,66
2,350,50.400000,12.276000,0,0,2240088,1179,0,1179,-19,0,9,66
2,350,50.400000,12.276000,0,0,2240099,1179,0,1179,-19,0,9,66
2,350,50.400000,12.276000,0,0,2240110,1179,0,1179,-19,0,9,66
2,350,50.400000,12.276000,0,0,2240123,1179,0,1179,-19,0,9,66
2,350,50.400000,12.276000,0,0,2240134,1176,0,1176,-19,0,9,66
2,350,50.400000,12.276000,0,0,2240145,1172,0,1172,-19,0,9,66
2,350,50.400000,12.276000,0,0,2240158,1167,0,1167,-19,0,9,66
2,350,50.400000,12.276000,0,0,2240169,1160,0,1160,-19,0,9,66
2,350,50.400000,12.276000,0,0,2240181,1153,0,1153,-19,0,9,66
2,350,50.400000,12.276000,0,0,2240192,1148,0,1148,-19,0,9,66
2,350,50.400000,12.276000,0,0,2240203,1147,0,1147,-19,0,9,66
2,350,50.400000,12.276000,0,0,2240215,1146,0,1146,-19,0,9,66
2,350,50.400000,12.276000,0,0,2240226,1146,0,1146,-19,0,9,66
2,350,50.400000,12.276000,0,0,2240238,1146,0,1146,-19,0,9,66
2,350,50.400000,12.276000,0,0,2240249,1146,0,1146,-19,0,9,66
2,350,50.400000,12.276000,0,0,2240261,1146,0,1146,-19,0,9,66
2,350,50.400000,12.276000,0,0,2240273,1145,0,1145,-19,0,9,66
2,350,50.400000,12.276000,0,0,2240285,1145,0,1145,-19,0,9,66
2,350,50.400000,12.276000,0,0,2240296,1145,0,1145,-19,0,9,66
