1000,350,21.000000,0.000000,0,5,3205834,783,0,783,0,0,104,1
1000,350,21.000000,0.000000,0,5,3205834,783,0,783,0,0,104,1
1000,350,21.000000,0.000000,0,5,3205837,783,0,783,0,0,104,1
1000,350,21.000000,0.000000,0,5,3205840,783,0,783,0,0,104,1
1000,350,21.000000,0.000000,0,5,3205843,783,0,783,0,0,104,1
1000,350,21.000000,0.000000,0,5,3205845,783,0,783,0,0,104,1
1000,350,21.000000,0.000000,0,5,3205848,783,0,783,0,0,104,1
1000,350,21.000000,0.000000,0,5,3205851,783,0,783,0,0,104,1
1000,350,21.000000,0.000000,0,5,3205854,783,0,783,0,0,104,1
1000,350,21.000000,0.000000,0,5,3205857,783,0,783,0,0,104,1
1000,350,21.000000,0.000000,0,5,3205859,783,0,783,0,0,104,1
1000,350,21.000000,0.000000,0,5,3205862,783,0,783,0,0,104,1
1000,350,21.000000,0.000000,0,5,3205865,783,0,783,0,0,104,1
1000,350,21.000000,0.000000,0,5,3205868,783,0,783,0,0,104,1
1000,350,21.000000,0.000000,0,5,3205870,783,0,783,0,0,104,1
1000,350,21.000000,0.000000,0,5,3205873,783,0,783,0,0,104,1
1000,350,21.000000,0.000000,0,5,3205876,783,0,783,0,0,104,1
1000,350,21.000000,0.000000,0,5,3205879,783,0,783,0,0,104,1
1000,350,21.000000,0.000000,0,5,3205882,783,0,783,0,0,104,1
1000,350,21.000000,0.000000,0,5,3205884,783,0,783,0,0,104,1
1000,350,21.000000,0.000000,0,5,3205887,783,0,783,0,0,104,1
1000,350,21.000000,0.000000,0,5,3205890,783,0,783,0,0,104,1
1000,350,21.000000,0.000000,0,5,3205893,783,0,783,0,0,104,1
1000,350,21.000000,0.000000,0,5,3205896,783,0,783,0,0,104,1
1000,350,21.000000,0.000000,0,5,3205898,783,0,783,0,0,104,1
1000,350,21.000000,0.000000,0,5,3205901,784,0,784,0,0,104,1
1000,350,21.000000,0.000000,0,5,3205904,785,0,785,0,0,104,1
1000,350,21.000000,0.000000,0,5,3205907,787,0,787,0,0,104,1
1000,350,21.000000,0.000000,0,5,3205909,788,0,788,0,0,104,1
1000,350,21.000000,0.000000,0,5,3205912,789,0,789,-1,0,104,1
1000,350,21.000000,0.000000,0,5,3205915,790,0,790,-1,0,104,1
1000,350,21.000000,0.000000,0,5,3205918,791,0,791,-1,0,104,1
1000,350,21.000000,0.000000,0,5,3205921,793,0,793,-1,0,104,1
1000,350,21.000000,0.000000,0,5,3205924,795,0,795,-2,0,104,1
1000,350,21.000000,0.000000,0,5,3205927,799,0,799,-3,0,104,1
1000,350,21.000000,0.000000,0,5,3205930,801,0,801,-4,0,104,1
1000,350,21.000000,0.000000,0,5,3205932,805,0,805,-5,0,104,1
1000,350,21.000000,0.000000,0,5,3205935,809,0,809,-6,0,104,1
1000,350,21.000000,0.000000,0,5,3205938,813,0,813,-6,0,104,1
1000,350,21.000000,0.000000,0,5,3205941,818,0,818,-7,0,104,1
1000,350,21.000000,0.000000,0,5,3205944,827,0,827,-8,0,104,1
1000,350,21.000000,0.000000,0,5,3205947,838,0,838,-9,0,104,1
1000,350,21.000000,0.000000,0,5,3205950,844,0,844,-10,0,104,1
1000,350,21.000000,0.000000,0,5,3205953,859,0,859,-12,0,104,1
1000,350,21.000000,0.000000,0,5,3205956,873,0,873,-14,0,104,1
1000,350,21.000000,0.000000,0,5,3205960,881,0,881,-15,0,104,1
1000,350,21.000000,0.000000,0,5,3205962,900,0,900,-17,0,104,1
1000,350,21.000000,0.000000,0,5,3205965,909,0,909,-18,0,104,1
1000,350,21.000000,0.000000,0,5,3205968,925,0,925,-20,0,104,1
1000,350,21.000000,0.000000,0,5,3205971,936,0,936,-21,0,104,1
1000,350,21.000000,0.000000,0,5,3205974,966,0,966,-24,0,104,1
1000,350,21.000000,0.000000,0,5,3205977,974,0,974,-25,0,104,1
1000,350,21.000000,0.000000,0,5,3205980,983,0,983,-25,0,104,1
1000,350,21.000000,0.000000,0,5,3205982,1125,0,996,-26,0,104,1
1000,350,21.000000,0.000000,0,5,3205985,1138,0,1009,-28,0,104,1
1000,350,21.000000,0.000000,0,5,3205988,1147,0,1018,-29,0,104,1
1000,350,21.000000,0.000000,0,5,3205991,1156,0,1027,-30,0,104,1
1000,350,21.000000,0.000000,0,5,3205994,1165,0,1036,-31,0,104,1
1000,350,21.000000,0.000000,0,5,3205996,1172,0,1043,-32,0,104,1
1000,350,21.000000,0.000000,0,5,3205999,1181,0,1052,-33,0,104,1
1000,350,21.000000,0.000000,0,5,3206002,1187,0,1058,-34,0,104,1
1000,350,21.000000,0.000000,0,5,3206005,1192,0,1063,-35,0,104,1
1000,350,21.000000,0.000000,0,5,3206008,1196,0,1067,-35,0,104,1
1000,350,21.000000,0.000000,0,5,3206010,1199,0,1070,-35,0,104,1
1000,350,21.000000,0.000000,0,5,3206013,1203,0,1074,-35,0,104,1
1000,350,21.000000,0.000000,0,5,3206016,1206,0,1077,-36,0,104,1
1000,350,21.000000,0.000000,0,5,3206020,1209,0,1080,-36,0,104,1
1000,350,21.000000,0.000000,0,5,3206024,1213,0,1084,-37,0,104,1
1000,350,21.000000,0.000000,0,5,3206026,1216,0,1087,-38,0,104,1
1000,350,21.000000,0.000000,0,5,3206029,1217,0,1088,-38,0,104,1
1000,350,21.000000,0.000000,0,5,3206032,1218,0,1089,-38,0,104,1
1000,350,21.000000,0.000000,0,5,3206035,1219,0,1090,-38,0,104,1
1000,350,21.000000,0.000000,0,5,3206037,1221,0,1092,-38,0,104,1
1000,350,21.000000,0.000000,0,5,3206040,1222,0,1093,-38,0,104,1
1000,350,21.000000,0.000000,0,5,3206043,1223,0,1094,-38,0,104,1
1000,350,21.000000,0.000000,0,5,3206046,1224,0,1095,-38,0,104,1
1000,350,21.000000,0.000000,0,5,3206048,1225,0,1096,-38,0,104,1
1000,350,21.000000,0.000000,0,5,3206051,1226,0,1097,-38,0,104,1
1000,350,21.000000,0.000000,0,5,3206054,1227,0,1098,-38,0,104,1
1000,350,21.000000,0.000000,0,5,3206057,1227,0,1098,-39,0,104,1
1000,350,21.000000,0.000000,0,5,3206060,1228,0,1099,-39,0,104,1
1000,350,21.000000,0.000000,0,5,3206062,1229,0,1100,-39,0,104,1
1000,350,21.000000,0.000000,0,5,3206065,1230,0,1101,-39,0,104,1
1000,350,21.000000,0.000000,0,5,3206068,1231,0,1102,-39,0,104,1
1000,350,21.000000,0.000000,0,5,3206071,1231,0,1102,-39,0,104,1
1000,350,21.000000,0.000000,0,5,3206074,1232,0,1103,-39,0,104,1
1000,350,21.000000,0.000000,0,5,3206076,1233,0,1104,-39,0,104,1
1000,350,21.000000,0.000000,0,5,3206080,1233,0,1104,-39,0,104,1
1000,350,21.000000,0.000000,0,5,3206082,1233,0,1104,-39,0,104,1
1000,350,21.000000,0.000000,0,5,3206085,1233,0,1104,-39,0,104,1
1000,350,21.000000,0.000000,0,5,3206088,1233,0,1104,-39,0,104,1
1000,350,21.000000,0.000000,0,5,3206091,1234,0,1105,-39,0,104,1
1000,350,21.000000,0.000000,0,5,3206094,1234,0,1105,-39,0,104,1
1000,350,21.000000,0.000000,0,5,3206096,1234,0,1105,-39,0,104,1
1000,350,21.000000,0.000000,0,5,3206099,1234,0,1105,-39,0,104,1
1000,350,21.000000,0.000000,0,5,3206102,1234,0,1105,-39,0,104,1
1000,350,21.000000,0.000000,0,5,3206105,1234,0,1105,-39,0,104,1
1000,350,21.000000,0.000000,0,5,3206107,1234,0,1105,-39,0,104,1
1000,350,21.000000,0.000000,0,5,3206110,1234,0,1105,-39,0,104,1
1000,350,21.000000,0.000000,0,5,3206113,1234,0,1105,-39,0,104,1
1000,350,21.000000,0.000000,0,5,3206116,1234,0,1105,-39,0,104,1
1000,350,21.000000,0.000000,0,5,3206118,1234,0,1105,-39,0,104,1
1000,350,21.000000,0.000000,0,5,3206121,1234,0,1105,-39,0,104,1
1000,350,21.000000,0.000000,0,5,3206124,1234,0,1105,-39,0,104,1
1000,350,21.000000,0.000000,0,5,3206126,1234,0,1105,-39,0,104,1
1000,350,21.000000,0.000000,0,5,3206129,1234,0,1105,-39,0,104,1
1000,350,21.000000,0.000000,0,5,3206132,1234,0,1105,-39,0,104,1
1000,350,21.000000,0.000000,0,5,3206135,1234,0,1105,-39,0,104,1
1000,350,21.000000,0.000000,0,5,3206137,1234,0,1105,-39,0,104,1
1000,350,21.000000,0.000000,0,5,3206140,1234,0,1105,-39,0,104,1
1000,350,21.000000,0.000000,0,5,3206143,1234,0,1105,-39,0,104,1
1000,350,21.000000,0.000000,0,5,3206146,1234,0,1105,-39,0,104,1
1000,350,21.000000,0.000000,0,5,3206149,1234,0,1105,-39,0,104,1
1000,350,21.000000,0.000000,0,5,3206151,1234,0,1105,-39,0,104,1
1000,350,21.000000,0.000000,0,5,3206154,1234,0,1105,-39,0,104,1
1000,350,21.000000,0.000000,0,5,3206157,1234,0,1105,-39,0,104,1
1000,350,21.000000,0.000000,0,5,3206160,1234,0,1105,-39,0,104,1
1000,350,21.000000,0.000000,0,5,3206162,1234,0,1105,-39,0,104,1
1000,350,21.000000,0.000000,0,5,3206165,1234,0,1105,-39,0,104,1
1000,350,21.000000,0.000000,0,5,3206168,1234,0,1105,-39,0,104,1
1000,350,21.000000,0.000000,0,5,3206171,1234,0,1105,-39,0,104,1
1000,350,21.000000,0.000000,0,5,3206173,1233,0,1104,-39,0,104,1
1000,350,21.000000,0.000000,0,5,3206176,1232,0,1103,-39,0,104,1
1000,350,21.000000,0.000000,0,5,3206179,1232,0,1103,-39,0,104,1
1000,350,21.000000,0.000000,0,5,3206182,1232,0,1103,-39,0,104,1
1000,350,21.000000,0.000000,0,5,3206185,1232,0,1103,-39,0,104,1
1000,350,21.000000,0.000000,0,5,3206187,1232,0,1103,-39,0,104,1
1000,350,21.000000,0.000000,0,5,3206190,1232,0,1103,-39,0,104,1
1000,350,21.000000,0.000000,0,5,3206193,1231,0,1102,-39,0,104,1
1000,350,21.000000,0.000000,0,5,3206196,1231,0,1102,-39,0,104,1
1000,350,21.000000,0.000000,0,5,3206198,1231,0,1102,-39,0,104,1
1000,350,21.000000,0.000000,0,5,3206201,1230,0,1101,-39,0,104,1
1000,350,21.000000,0.000000,0,5,3206204,1230,0,1101,-39,0,104,1
1000,350,21.000000,0.000000,0,5,3206207,1229,0,1100,-39,0,104,1
1000,350,21.000000,0.000000,0,5,3206210,1229,0,1100,-39,0,104,1
1000,350,21.000000,0.000000,0,5,3206212,1228,0,1099,-39,0,104,1
1000,350,21.000000,0.000000,0,5,3206215,1226,0,1097,-39,0,104,1
1000,350,21.000000,0.000000,0,5,3206218,1225,1,1096,-38,0,104,1
1000,350,21.000000,0.000000,0,5,3206221,1224,1,1095,-38,0,104,1
1000,350,21.000000,0.000000,0,5,3206224,1223,1,1094,-38,0,104,1
1000,350,21.000000,0.000000,0,5,3206226,1221,1,1092,-38,0,104,1
1000,350,21.000000,0.000000,0,5,3206229,1220,1,1091,-38,0,104,1
1000,350,21.000000,0.000000,0,5,3206232,1218,1,1089,-38,0,104,1
1000,350,21.000000,0.000000,0,5,3206235,1216,1,1087,-38,0,104,1
1000,350,21.000000,0.000000,0,5,3206237,1214,1,1085,-38,0,104,1
1000,350,21.000000,0.000000,0,5,3206240,1212,1,1083,-38,0,104,1
1000,350,21.000000,0.000000,0,5,3206243,1210,1,1081,-38,0,104,1
1000,350,21.000000,0.000000,0,5,3206246,1208,1,1079,-38,0,104,1
1000,350,21.000000,0.000000,0,5,3206249,1207,1,1078,-38,0,104,1
1000,350,21.000000,0.000000,0,5,3206251,1205,1,1076,-38,0,104,1
1000,350,21.000000,0.000000,0,5,3206254,1203,1,1074,-38,0,104,1
1000,350,21.000000,0.000000,0,5,3206257,1202,1,1073,-38,0,104,1
1000,350,21.000000,0.000000,0,5,3206260,1200,1,1071,-38,0,104,1
1000,350,21.000000,0.000000,0,5,3206263,1196,1,1067,-38,0,104,1
1000,350,21.000000,0.000000,0,5,3206266,1194,1,1065,-38,0,104,1
1000,350,21.000000,0.000000,0,5,3206268,1191,1,1062,-38,0,104,1
1000,350,21.000000,0.000000,0,5,3206271,1188,1,1059,-38,0,104,1
1000,350,21.000000,0.000000,0,5,3206274,1186,1,1057,-38,0,104,1
1000,350,21.000000,0.000000,0,5,3206277,1185,1,1056,-38,0,104,1
1000,350,21.000000,0.000000,0,5,3206280,1184,1,1055,-38,0,104,1
1000,350,21.000000,0.000000,0,5,3206282,1183,1,1054,-38,0,104,1
1000,350,21.000000,0.000000,0,5,3206285,1181,1,1052,-38,0,104,1
1000,350,21.000000,0.000000,0,5,3206288,1180,1,1051,-38,0,104,1
1000,350,21.000000,0.000000,0,5,3206291,1179,1,1050,-38,0,104,1
1000,350,21.000000,0.000000,0,5,3206294,1177,1,1048,-38,0,104,1
1000,350,21.000000,0.000000,0,5,3206296,1176,1,1047,-38,0,104,1
1000,350,21.000000,0.000000,0,5,3206299,1175,1,1046,-38,0,104,1
1000,350,21.000000,0.000000,0,5,3206302,1174,1,1045,-38,0,104,1
1000,350,21.000000,0.000000,0,5,3206305,1173,1,1044,-38,0,104,1
1000,350,21.000000,0.000000,0,5,3206307,1172,1,1043,-38,0,104,1
1000,350,21.000000,0.000000,0,5,3206310,1171,1,1042,-38,0,104,1
1000,350,21.000000,0.000000,0,5,3206313,1170,1,1041,-38,0,104,1
1000,350,21.000000,0.000000,0,5,3206316,1168,1,1039,-38,0,104,1
1000,350,21.000000,0.000000,0,5,3206319,1167,1,1038,-38,0,104,1
1000,350,21.000000,0.000000,0,5,3206322,1165,1,1036,-38,0,104,1
1000,350,21.000000,0.000000,0,5,3206324,1164,1,1035,-38,0,104,1
1000,350,21.000000,0.000000,0,5,3206327,1163,1,1034,-38,0,104,1
1000,350,21.000000,0.000000,0,5,3206330,1161,1,1032,-38,0,104,1
1000,350,21.000000,0.000000,0,5,3206333,1160,1,1031,-38,0,104,1
1000,350,21.000000,0.000000,0,5,3206335,1159,1,1030,-38,0,104,1
1000,350,21.000000,0.000000,0,5,3206338,1157,1,1028,-38,0,104,1
1000,350,21.000000,0.000000,0,5,3206341,1156,1,1027,-38,0,104,1
1000,350,21.000000,0.000000,0,5,3206344,1155,1,1026,-38,0,104,1
1000,350,21.000000,0.000000,0,5,3206347,1154,1,1025,-38,0,104,1
1000,350,21.000000,0.000000,0,5,3206349,1153,1,1024,-38,0,104,1
1000,350,21.000000,0.000000,0,5,3206352,1152,0,1023,-39,0,104,1
1000,350,21.000000,0.000000,0,5,3206355,1152,0,1023,-39,0,104,1
1000,350,21.000000,0.000000,0,5,3206358,1151,0,1022,-39,0,104,1
1000,350,21.000000,0.000000,0,5,3206360,1151,0,1022,-39,0,104,1
1000,350,21.000000,0.000000,0,5,3206363,1151,0,1022,-39,0,104,1
1000,350,21.000000,0.000000,0,5,3206366,1150,0,1021,-39,0,104,1
1000,350,21.000000,0.000000,0,5,3206369,1149,0,1020,-39,0,104,1
1000,350,21.000000,0.000000,0,5,3206372,1149,0,1020,-39,0,104,1
1000,350,21.000000,0.000000,0,5,3206374,1149,0,1020,-39,0,104,1
1000,350,21.000000,0.000000,0,5,3206377,1148,0,1019,-39,0,104,1
1000,350,21.000000,0.000000,0,5,3206380,1148,0,1019,-39,0,104,1
1000,350,21.000000,0.000000,0,5,3206383,1147,0,1018,-39,0,104,1
1000,350,21.000000,0.000000,0,5,3206385,1146,0,1017,-39,0,104,1
1000,350,21.000000,0.000000,0,5,3206388,1146,0,1017,-39,0,104,1
1000,350,21.000000,0.000000,0,5,3206391,1146,0,1017,-39,0,104,1
1000,350,21.000000,0.000000,0,5,3206394,1146,0,1017,-39,0,104,1
1000,350,21.000000,0.000000,0,5,3206397,1146,0,1017,-39,0,104,1
1000,350,21.000000,0.000000,0,5,3206399,1146,0,1017,-39,0,104,1
1000,350,21.000000,0.000000,0,5,3206402,1145,0,1016,-39,0,104,1
1000,350,21.000000,0.000000,0,5,3206405,1145,0,1016,-39,0,104,1
1000,350,21.000000,0.000000,0,5,3206408,1145,0,1016,-39,0,104,1
1000,350,21.000000,0.000000,0,5,3206410,1145,0,1016,-39,0,104,1
1000,350,21.000000,0.000000,0,5,3206413,1145,0,1016,-39,0,104,1
1000,350,21.000000,0.000000,0,5,3206416,1145,0,1016,-39,0,104,1
1000,350,21.000000,0.000000,0,5,3206419,1145,0,1016,-39,0,104,1
1000,350,21.000000,0.000000,0,5,3206422,1145,0,1016,-39,0,104,1
1000,350,21.000000,0.000000,0,5,3206424,1145,0,1016,-39,0,104,1
1000,350,21.000000,0.000000,0,5,3206427,1145,0,1016,-39,0,104,1
1000,350,21.000000,0.000000,0,5,3206430,1145,0,1016,-39,0,104,1
1000,350,21.000000,0.000000,0,5,3206433,1145,0,1016,-39,0,104,1
1000,350,21.000000,0.000000,0,5,3206435,1145,0,1016,-39,0,104,1
1000,350,21.000000,0.000000,0,5,3206438,1145,0,1016,-39,0,104,1
1000,350,21.000000,0.000000,0,5,3206441,1145,0,1016,-39,0,104,1
1000,350,21.000000,0.000000,0,5,3206443,1145,0,1016,-39,0,104,1
1000,350,21.000000,0.000000,0,5,3206446,1145,0,1016,-39,0,104,1
1000,350,21.000000,0.000000,0,5,3206449,1145,0,1016,-39,0,104,1
1000,350,21.000000,0.000000,0,5,3206452,1145,0,1016,-39,0,104,1
1000,350,21.000000,0.000000,0,5,3206454,1145,0,1016,-39,0,104,1
1000,350,21.000000,0.000000,0,5,3206457,1145,0,1016,-39,0,104,1
1000,350,21.000000,0.000000,0,5,3206460,1145,0,1016,-39,0,104,1
1000,350,21.000000,0.000000,0,5,3206463,1145,0,1016,-39,0,104,1
1000,350,21.000000,0.000000,0,5,3206466,1145,0,1016,-39,0,104,1
1000,350,21.000000,0.000000,0,5,3206468,1145,0,1016,-39,0,104,1
1000,350,21.000000,0.000000,0,5,3206471,1145,0,1016,-39,0,104,1
1000,350,21.000000,0.000000,0,5,3206474,1145,0,1016,-40,0,104,1
1000,350,21.000000,0.000000,0,5,3206477,1144,0,1015,-40,0,104,1
1000,350,21.000000,0.000000,0,5,3206479,1143,0,1014,-40,0,104,1
1000,350,21.000000,0.000000,0,5,3206482,1142,0,1013,-40,0,104,1
1000,350,21.000000,0.000000,0,5,3206485,1142,0,1013,-40,0,104,1
1000,350,21.000000,0.000000,0,5,3206488,1141,0,1012,-40,0,104,1
1000,350,21.000000,0.000000,0,5,3206490,1140,0,1011,-40,0,104,1
1000,350,21.000000,0.000000,0,5,3206493,1139,0,1010,-40,0,104,1
1000,350,21.000000,0.000000,0,5,3206496,1138,0,1009,-40,0,104,1
1000,350,21.000000,0.000000,0,5,3206499,1137,0,1008,-40,0,104,1
1000,350,21.000000,0.000000,0,5,3206501,1136,0,1007,-40,0,104,1
1000,350,21.000000,0.000000,0,5,3206504,1136,0,1007,-40,0,104,1
1000,350,21.000000,0.000000,0,5,3206507,1135,0,1006,-40,0,104,1
1000,350,21.000000,0.000000,0,5,3206510,1134,0,1005,-40,0,104,1
1000,350,21.000000,0.000000,0,5,3206513,1134,0,1005,-40,0,104,1
1000,350,21.000000,0.000000,0,5,3206516,1134,0,1005,-40,0,104,1
1000,350,21.000000,0.000000,0,5,3206518,1134,0,1005,-40,0,104,1
1000,350,21.000000,0.000000,0,5,3206521,1134,0,1005,-40,0,104,1
1000,350,21.000000,0.000000,0,5,3206524,1134,0,1005,-40,0,104,1
1000,350,21.000000,0.000000,0,5,3206527,1134,0,1005,-40,0,104,1
1000,350,21.000000,0.000000,0,5,3206529,1134,0,1005,-40,0,104,1
1000,350,21.000000,0.000000,0,5,3206532,1134,0,1005,-40,0,104,1
1000,350,21.000000,0.000000,0,5,3206535,1134,0,1005,-40,0,104,1
1000,350,21.000000,0.000000,0,5,3206538,1134,0,1005,-40,0,104,1
1000,350,21.000000,0.000000,0,5,3206540,1134,0,1005,-40,0,104,1
1000,350,21.000000,0.000000,0,5,3206543,1134,0,1005,-40,0,104,1
1000,350,21.000000,0.000000,0,5,3206546,1134,0,1005,-40,0,104,1
1000,350,21.000000,0.000000,0,5,3206549,1134,0,1005,-40,0,104,1
1000,350,21.000000,0.000000,0,5,3206552,1134,0,1005,-40,0,104,1
1000,350,21.000000,0.000000,0,5,3206554,1134,0,1005,-40,0,104,1
1000,350,21.000000,0.000000,0,5,3206557,1134,0,1005,-40,0,104,1
1000,350,21.000000,0.000000,0,5,3206560,1134,0,1005,-40,0,104,1
1000,350,21.000000,0.000000,0,5,3206563,1134,0,1005,-40,0,104,1
1000,350,21.000000,0.000000,0,5,3206565,1134,0,1005,-40,0,104,1
1000,350,21.000000,0.000000,0,5,3206568,1134,0,1005,-40,0,104,1
1000,350,21.000000,0.000000,0,5,3206571,1134,0,1005,-40,0,104,1
1000,350,21.000000,0.000000,0,5,3206574,1134,0,1005,-40,0,104,1
1000,350,21.000000,0.000000,0,5,3206577,1134,0,1005,-40,0,104,1
1000,350,21.000000,0.000000,0,5,3206579,1134,0,1005,-40,0,104,1
1000,350,21.000000,0.000000,0,5,3206582,1134,0,1005,-40,0,104,1
1000,350,21.000000,0.000000,0,5,3206585,1134,0,1005,-40,0,104,1
1000,350,21.000000,0.000000,0,5,3206588,1134,0,1005,-40,0,104,1
1000,350,21.000000,0.000000,0,5,3206590,1134,0,1005,-40,0,104,1
1000,350,21.000000,0.000000,0,5,3206593,1134,0,1005,-40,0,104,1
1000,350,21.000000,0.000000,0,5,3206596,1134,0,1005,-40,0,104,1
1000,350,21.000000,0.000000,0,5,3206599,1134,0,1005,-40,0,104,1
1000,350,21.000000,0.000000,0,5,3206602,1134,0,1005,-40,0,104,1
1000,350,21.000000,0.000000,0,5,3206604,1134,0,1005,-40,0,104,1
1000,350,21.000000,0.000000,0,5,3206607,1134,0,1005,-40,0,104,1
1000,350,21.000000,0.000000,0,5,3206610,1134,0,1005,-40,0,104,1
1000,350,21.000000,0.000000,0,5,3206613,1134,0,1005,-40,0,104,1
1000,350,21.000000,0.000000,0,5,3206625,1134,0,1005,-40,0,104,1
