1000,350,21.000000,42.000000,0,2,2398603,781,0,781,0,0,53,0
1000,350,21.000000,42.000000,0,2,2398604,781,0,781,0,0,53,0
1000,350,21.000000,42.000000,0,2,2398607,781,0,781,0,0,53,0
1000,350,21.000000,42.000000,0,2,2398610,781,0,781,0,0,53,0
1000,350,21.000000,42.000000,0,2,2398613,781,0,781,0,0,53,0
1000,350,21.000000,42.000000,0,2,2398615,781,0,781,0,0,53,0
1000,350,21.000000,42.000000,0,2,2398618,781,0,781,0,0,53,0
1000,350,21.000000,42.000000,0,2,2398621,781,0,781,0,0,53,0
1000,350,21.000000,42.000000,0,2,2398624,781,0,781,0,0,53,0
1000,350,21.000000,42.000000,0,2,2398627,781,0,781,0,0,53,0
1000,350,21.000000,42.000000,0,2,2398629,781,0,781,0,0,53,0
1000,350,21.000000,42.000000,0,2,2398632,781,0,781,0,0,53,0
1000,350,21.000000,42.000000,0,2,2398635,781,0,781,0,0,53,0
1000,350,21.000000,42.000000,0,2,2398638,781,0,781,0,0,53,0
1000,350,21.000000,42.000000,0,2,2398640,781,0,781,0,0,53,0
1000,350,21.000000,42.000000,0,2,2398643,781,0,781,0,0,53,0
1000,350,21.000000,42.000000,0,2,2398646,781,0,781,-1,0,53,0
1000,350,21.000000,42.000000,0,2,2398649,781,0,781,-2,0,53,0
1000,350,21.000000,42.000000,0,2,2398652,782,0,782,-2,0,53,0
1000,350,21.000000,42.000000,0,2,2398655,782,0,782,-3,0,53,0
1000,350,21.000000,42.000000,0,2,2398657,783,0,783,-3,0,53,0
1000,350,21.000000,42.000000,0,2,2398660,784,0,784,-3,0,53,0
1000,350,21.000000,42.000000,0,2,2398663,785,0,785,-3,0,53,0
1000,350,21.000000,42.000000,0,2,2398666,787,0,787,-4,0,53,0
1000,350,21.000000,42.000000,0,2,2398668,788,0,788,-4,0,53,0
1000,350,21.000000,42.000000,0,2,2398671,789,0,789,-4,0,53,0
1000,350,21.000000,42.000000,0,2,2398674,790,0,790,-4,0,53,0
1000,350,21.000000,42.000000,0,2,2398677,792,0,792,-4,0,53,0
1000,350,21.000000,42.000000,0,2,2398679,794,0,794,-4,0,53,0
1000,350,21.000000,42.000000,0,2,2398682,795,0,795,-5,0,53,0
1000,350,21.000000,42.000000,0,2,2398685,796,0,796,-5,0,53,0
1000,350,21.000000,42.000000,0,2,2398688,801,0,801,-5,0,53,0
1000,350,21.000000,42.000000,0,2,2398691,804,0,804,-5,0,53,0
1000,350,21.000000,42.000000,0,2,2398694,808,0,808,-6,0,53,0
1000,350,21.000000,42.000000,0,2,2398697,811,0,811,-6,0,53,0
1000,350,21.000000,42.000000,0,2,2398700,813,0,813,-6,0,53,0
1000,350,21.000000,42.000000,0,2,2398703,818,0,818,-7,0,53,0
1000,350,21.000000,42.000000,0,2,2398706,822,0,822,-7,0,53,0
1000,350,21.000000,42.000000,0,2,2398708,826,0,826,-7,0,53,0
1000,350,21.000000,42.000000,0,2,2398711,832,0,832,-8,0,53,0
1000,350,21.000000,42.000000,0,2,2398714,840,0,840,-9,0,53,0
1000,350,21.000000,42.000000,0,2,2398717,849,0,849,-11,0,53,0
1000,350,21.000000,42.000000,0,2,2398720,854,0,854,-11,0,53,0
1000,350,21.000000,42.000000,0,2,2398723,862,0,862,-12,0,53,0
1000,350,21.000000,42.000000,0,2,2398726,868,0,868,-13,0,53,0
1000,350,21.000000,42.000000,0,2,2398728,872,0,872,-14,0,53,0
1000,350,21.000000,42.000000,0,2,2398731,881,0,881,-15,0,53,0
1000,350,21.000000,42.000000,0,2,2398734,888,0,888,-16,0,53,0
1000,350,21.000000,42.000000,0,2,2398737,892,0,892,-16,0,53,0
1000,350,21.000000,42.000000,0,2,2398740,900,0,900,-16,0,53,0
1000,350,21.000000,42.000000,0,2,2398742,907,0,907,-17,0,53,0
1000,350,21.000000,42.000000,0,2,2398745,913,0,913,-17,0,53,0
1000,350,21.000000,42.000000,0,2,2398748,919,0,919,-18,0,53,0
1000,350,21.000000,42.000000,0,2,2398751,926,0,926,-19,0,53,0
1000,350,21.000000,42.000000,0,2,2398754,932,0,932,-19,0,53,0
1000,350,21.000000,42.000000,0,2,2398756,938,0,938,-19,0,53,0
1000,350,21.000000,42.000000,0,2,2398759,943,0,943,-20,0,53,0
1000,350,21.000000,42.000000,0,2,2398762,949,0,949,-21,0,53,0
1000,350,21.000000,42.000000,0,2,2398765,954,0,954,-22,0,53,0
1000,350,21.000000,42.000000,0,2,2398767,960,0,960,-23,0,53,0
1000,350,21.000000,42.000000,0,2,2398770,965,0,965,-23,0,53,0
1000,350,21.000000,42.000000,0,2,2398773,970,0,970,-24,0,53,0
1000,350,21.000000,42.000000,0,2,2398777,978,0,978,-25,0,53,0
1000,350,21.000000,42.000000,0,2,2398780,987,0,987,-26,0,53,0
1000,350,21.000000,42.000000,0,2,2398782,992,0,992,-26,0,53,0
1000,350,21.000000,42.000000,0,2,2398785,996,0,996,-26,0,53,0
1000,350,21.000000,42.000000,0,2,2398788,1001,0,1001,-26,0,53,0
1000,350,21.000000,42.000000,0,2,2398791,1009,0,1009,-27,0,53,0
1000,350,21.000000,42.000000,0,2,2398794,1014,0,1014,-28,0,53,0
1000,350,21.000000,42.000000,0,2,2398796,1020,0,1020,-29,0,53,0
1000,350,21.000000,42.000000,0,2,2398799,1023,0,1023,-29,0,53,0
1000,350,21.000000,42.000000,0,2,2398802,1027,0,1027,-30,0,53,0
1000,350,21.000000,42.000000,0,2,2398805,1032,0,1032,-30,0,53,0
1000,350,21.000000,42.000000,0,2,2398808,1036,0,1036,-31,0,53,0
1000,350,21.000000,42.000000,0,2,2398811,1042,0,1042,-32,0,53,0
1000,350,21.000000,42.000000,0,2,2398813,1046,0,1046,-33,0,53,0
1000,350,21.000000,42.000000,0,2,2398816,1049,0,1049,-33,0,53,0
1000,350,21.000000,42.000000,0,2,2398819,1052,0,1052,-34,0,53,0
1000,350,21.000000,42.000000,0,2,2398822,1055,0,1055,-34,0,53,0
1000,350,21.000000,42.000000,0,2,2398825,1058,0,1058,-34,0,53,0
1000,350,21.000000,42.000000,0,2,2398827,1060,0,1060,-34,0,53,0
1000,350,21.000000,42.000000,0,2,2398830,1063,0,1063,-35,0,53,0
1000,350,21.000000,42.000000,0,2,2398833,1066,0,1066,-35,0,53,0
1000,350,21.000000,42.000000,0,2,2398836,1068,0,1068,-36,0,53,0
1000,350,21.000000,42.000000,0,2,2398839,1071,0,1071,-36,0,53,0
1000,350,21.000000,42.000000,0,2,2398841,1074,0,1074,-36,0,53,0
1000,350,21.000000,42.000000,0,2,2398844,1076,0,1076,-36,0,53,0
1000,350,21.000000,42.000000,0,2,2398847,1079,0,1079,-36,0,53,0
1000,350,21.000000,42.000000,0,2,2398850,1081,0,1081,-36,0,53,0
1000,350,21.000000,42.000000,0,2,2398852,1083,0,1083,-36,0,53,0
1000,350,21.000000,42.000000,0,2,2398855,1085,0,1085,-36,0,53,0
1000,350,21.000000,42.000000,0,2,2398858,1087,0,1087,-36,0,53,0
1000,350,21.000000,42.000000,0,2,2398861,1090,0,1090,-36,0,53,0
1000,350,21.000000,42.000000,0,2,2398864,1094,0,1094,-37,0,53,0
1000,350,21.000000,42.000000,0,2,2398866,1097,0,1097,-37,0,53,0
1000,350,21.000000,42.000000,0,2,2398869,1099,0,1099,-37,0,53,0
1000,350,21.000000,42.000000,0,2,2398872,1100,0,1100,-37,0,53,0
1000,350,21.000000,42.000000,0,2,2398875,1102,0,1102,-37,0,53,0
1000,350,21.000000,42.000000,0,2,2398878,1103,0,1103,-37,0,53,0
1000,350,21.000000,42.000000,0,2,2398880,1104,0,1104,-37,0,53,0
1000,350,21.000000,42.000000,0,2,2398883,1104,0,1104,-37,0,53,0
1000,350,21.000000,42.000000,0,2,2398886,1105,0,1105,-37,0,53,0
1000,350,21.000000,42.000000,0,2,2398889,1105,0,1105,-37,0,53,0
1000,350,21.000000,42.000000,0,2,2398891,1106,0,1106,-38,0,53,0
1000,350,21.000000,42.000000,0,2,2398894,1106,0,1106,-38,0,53,0
1000,350,21.000000,42.000000,0,2,2398897,1107,0,1107,-38,0,53,0
1000,350,21.000000,42.000000,0,2,2398900,1107,0,1107,-38,0,53,0
1000,350,21.000000,42.000000,0,2,2398903,1107,0,1107,-38,0,53,0
1000,350,21.000000,42.000000,0,2,2398905,1107,0,1107,-38,0,53,0
1000,350,21.000000,42.000000,0,2,2398908,1107,0,1107,-38,0,53,0
1000,350,21.000000,42.000000,0,2,2398911,1108,0,1108,-38,0,53,0
1000,350,21.000000,42.000000,0,2,2398914,1108,0,1108,-38,0,53,0
1000,350,21.000000,42.000000,0,2,2398917,1108,0,1108,-38,0,53,0
1000,350,21.000000,42.000000,0,2,2398919,1108,0,1108,-38,0,53,0
1000,350,21.000000,42.000000,0,2,2398922,1108,0,1108,-38,0,53,0
1000,350,21.000000,42.000000,0,2,2398925,1108,0,1108,-38,0,53,0
1000,350,21.000000,42.000000,0,2,2398928,1108,0,1108,-38,0,53,0
1000,350,21.000000,42.000000,0,2,2398930,1108,0,1108,-38,0,53,0
1000,350,21.000000,42.000000,0,2,2398933,1108,0,1108,-38,0,53,0
1000,350,21.000000,42.000000,0,2,2398936,1109,0,1109,-38,0,53,0
1000,350,21.000000,42.000000,0,2,2398939,1109,0,1109,-38,0,53,0
1000,350,21.000000,42.000000,0,2,2398941,1109,0,1109,-38,0,53,0
1000,350,21.000000,42.000000,0,2,2398944,1109,0,1109,-38,0,53,0
1000,350,21.000000,42.000000,0,2,2398947,1109,0,1109,-38,0,53,0
1000,350,21.000000,42.000000,0,2,2398949,1109,0,1109,-38,0,53,0
1000,350,21.000000,42.000000,0,2,2398952,1109,0,1109,-38,0,53,0
1000,350,21.000000,42.000000,0,2,2398955,1109,0,1109,-38,0,53,0
1000,350,21.000000,42.000000,0,2,2398958,1109,0,1109,-38,0,53,0
1000,350,21.000000,42.000000,0,2,2398960,1109,0,1109,-38,0,53,0
1000,350,21.000000,42.000000,0,2,2398963,1109,0,1109,-38,0,53,0
1000,350,21.000000,42.000000,0,2,2398966,1110,0,1110,-38,0,53,0
1000,350,21.000000,42.000000,0,2,2398969,1111,0,1111,-38,0,53,0
1000,350,21.000000,42.000000,0,2,2398971,1112,0,1112,-38,0,53,0
1000,350,21.000000,42.000000,0,2,2398974,1113,0,1113,-38,0,53,0
1000,350,21.000000,42.000000,0,2,2398977,1114,0,1114,-38,0,53,0
1000,350,21.000000,42.000000,0,2,2398980,1115,0,1115,-38,0,53,0
1000,350,21.000000,42.000000,0,2,2398983,1116,0,1116,-38,0,53,0
1000,350,21.000000,42.000000,0,2,2398986,1117,0,1117,-38,0,53,0
1000,350,21.000000,42.000000,0,2,2398989,1118,0,1118,-38,0,53,0
1000,350,21.000000,42.000000,0,2,2398991,1119,0,1119,-38,0,53,0
1000,350,21.000000,42.000000,0,2,2398994,1120,0,1120,-38,0,53,0
1000,350,21.000000,42.000000,0,2,2398997,1121,0,1121,-38,0,53,0
1000,350,21.000000,42.000000,0,2,2399000,1123,0,1123,-38,0,53,0
1000,350,21.000000,42.000000,0,2,2399003,1125,0,1125,-38,0,53,0
1000,350,21.000000,42.000000,0,2,2399005,1126,0,1126,-38,0,53,0
1000,350,21.000000,42.000000,0,2,2399008,1127,0,1127,-38,0,53,0
1000,350,21.000000,42.000000,0,2,2399011,1128,0,1128,-39,0,53,0
1000,350,21.000000,42.000000,0,2,2399014,1129,0,1129,-39,0,53,0
1000,350,21.000000,42.000000,0,2,2399016,1130,0,1130,-39,0,53,0
1000,350,21.000000,42.000000,0,2,2399019,1132,0,1132,-39,0,53,0
1000,350,21.000000,42.000000,0,2,2399022,1133,0,1133,-39,0,53,0
1000,350,21.000000,42.000000,0,2,2399026,1134,0,1134,-39,0,53,0
1000,350,21.000000,42.000000,0,2,2399029,1136,0,1136,-40,0,53,0
1000,350,21.000000,42.000000,0,2,2399031,1136,0,1136,-40,0,53,0
1000,350,21.000000,42.000000,0,2,2399034,1136,0,1136,-40,0,53,0
1000,350,21.000000,42.000000,0,2,2399037,1136,0,1136,-40,0,53,0
1000,350,21.000000,42.000000,0,2,2399040,1136,0,1136,-40,0,53,0
1000,350,21.000000,42.000000,0,2,2399042,1136,0,1136,-40,0,53,0
1000,350,21.000000,42.000000,0,2,2399045,1136,0,1136,-40,0,53,0
1000,350,21.000000,42.000000,0,2,2399048,1136,0,1136,-40,0,53,0
1000,350,21.000000,42.000000,0,2,2399051,1136,0,1136,-40,0,53,0
1000,350,21.000000,42.000000,0,2,2399053,1136,0,1136,-40,0,53,0
1000,350,21.000000,42.000000,0,2,2399056,1136,0,1136,-40,0,53,0
1000,350,21.000000,42.000000,0,2,2399059,1136,0,1136,-40,0,53,0
1000,350,21.000000,42.000000,0,2,2399062,1136,0,1136,-40,0,53,0
1000,350,21.000000,42.000000,0,2,2399064,1136,0,1136,-40,0,53,0
1000,350,21.000000,42.000000,0,2,2399067,1136,0,1136,-40,0,53,0
1000,350,21.000000,42.000000,0,2,2399070,1136,0,1136,-40,0,53,0
1000,350,21.000000,42.000000,0,2,2399073,1136,0,1136,-40,0,53,0
1000,350,21.000000,42.000000,0,2,2399075,1136,0,1136,-40,0,53,0
1000,350,21.000000,42.000000,0,2,2399078,1136,0,1136,-40,0,53,0
1000,350,21.000000,42.000000,0,2,2399081,1136,0,1136,-40,0,53,0
1000,350,21.000000,42.000000,0,2,2399084,1136,0,1136,-40,0,53,0
1000,350,21.000000,42.000000,0,2,2399087,1136,0,1136,-40,0,53,0
1000,350,21.000000,42.000000,0,2,2399089,1136,0,1136,-40,0,53,0
1000,350,21.000000,42.000000,0,2,2399092,1136,0,1136,-40,0,53,0
1000,350,21.000000,42.000000,0,2,2399095,1136,0,1136,-40,0,53,0
1000,350,21.000000,42.000000,0,2,2399098,1136,0,1136,-40,0,53,0
1000,350,21.000000,42.000000,0,2,2399100,1136,0,1136,-40,0,53,0
1000,350,21.000000,42.000000,0,2,2399103,1136,0,1136,-40,0,53,0
1000,350,21.000000,42.000000,0,2,2399106,1136,0,1136,-40,0,53,0
1000,350,21.000000,42.000000,0,2,2399109,1136,0,1136,-40,0,53,0
1000,350,21.000000,42.000000,0,2,2399111,1136,0,1136,-40,0,53,0
1000,350,21.000000,42.000000,0,2,2399114,1136,0,1136,-40,0,53,0
1000,350,21.000000,42.000000,0,2,2399117,1136,0,1136,-40,0,53,0
1000,350,21.000000,42.000000,0,2,2399120,1136,0,1136,-40,0,53,0
1000,350,21.000000,42.000000,0,2,2399122,1136,0,1136,-40,0,53,0
1000,350,21.000000,42.000000,0,2,2399125,1136,0,1136,-40,0,53,0
1000,350,21.000000,42.000000,0,2,2399128,1136,0,1136,-40,0,53,0
1000,350,21.000000,42.000000,0,2,2399131,1136,0,1136,-40,0,53,0
1000,350,21.000000,42.000000,0,2,2399133,1136,0,1136,-40,0,53,0
1000,350,21.000000,42.000000,0,2,2399136,1136,0,1136,-40,0,53,0
1000,350,21.000000,42.000000,0,2,2399139,1136,0,1136,-40,0,53,0
1000,350,21.000000,42.000000,0,2,2399142,1136,0,1136,-40,0,53,0
1000,350,21.000000,42.000000,0,2,2399144,1136,0,1136,-40,0,53,0
1000,350,21.000000,42.000000,0,2,2399147,1136,0,1136,-40,0,53,0
1000,350,21.000000,42.000000,0,2,2399150,1136,0,1136,-40,0,53,0
1000,350,21.000000,42.000000,0,2,2399153,1136,0,1136,-40,0,53,0
1000,350,21.000000,42.000000,0,2,2399155,1136,0,1136,-40,0,53,0
1000,350,21.000000,42.000000,0,2,2399158,1136,0,1136,-40,0,53,0
1000,350,21.000000,42.000000,0,2,2399161,1136,0,1136,-40,0,53,0
1000,350,21.000000,42.000000,0,2,2399164,1136,0,1136,-40,0,53,0
1000,350,21.000000,42.000000,0,2,2399166,1136,0,1136,-40,0,53,0
1000,350,21.000000,42.000000,0,2,2399169,1136,0,1136,-40,0,53,0
1000,350,21.000000,42.000000,0,2,2399172,1136,0,1136,-40,0,53,0
1000,350,21.000000,42.000000,0,2,2399175,1136,0,1136,-40,0,53,0
1000,350,21.000000,42.000000,0,2,2399178,1136,0,1136,-40,0,53,0
1000,350,21.000000,42.000000,0,2,2399180,1136,0,1136,-40,0,53,0
1000,350,21.000000,42.000000,0,2,2399191,1136,0,1136,-40,0,53,0
