1000,700,21.000000,42.000000,1,0,2034048,603,15,603,15,0,35,1
1000,700,21.000000,42.000000,1,0,2034049,603,15,603,15,0,35,1
1000,700,21.000000,42.000000,1,0,2034051,603,15,603,15,0,35,1
1000,700,21.000000,42.000000,1,0,2034054,603,15,603,15,0,35,1
1000,700,21.000000,42.000000,1,0,2034057,603,15,603,15,0,35,1
1000,700,21.000000,42.000000,1,0,2034060,603,15,603,15,0,35,1
1000,700,21.000000,42.000000,1,0,2034062,603,15,603,15,0,35,1
1000,700,21.000000,42.000000,1,0,2034065,603,15,603,15,0,35,1
1000,700,21.000000,42.000000,1,0,2034068,603,15,603,15,0,35,1
1000,700,21.000000,42.000000,1,0,2034071,603,15,603,15,0,35,1
1000,700,21.000000,42.000000,1,0,2034074,603,15,603,15,0,35,1
1000,700,21.000000,42.000000,1,0,2034077,603,15,603,15,0,35,1
1000,700,21.000000,42.000000,1,0,2034079,603,15,603,15,0,35,1
1000,700,21.000000,42.000000,1,0,2034082,603,15,603,15,0,35,1
1000,700,21.000000,42.000000,1,0,2034085,603,15,603,15,0,35,1
1000,700,21.000000,42.000000,1,0,2034087,603,15,603,15,0,35,1
1000,700,21.000000,42.000000,1,0,2034090,603,15,603,15,0,35,1
1000,700,21.000000,42.000000,1,0,2034093,603,15,603,15,0,35,1
1000,700,21.000000,42.000000,1,0,2034096,603,15,603,15,0,35,1
1000,700,21.000000,42.000000,1,0,2034099,603,15,603,15,0,35,1
1000,700,21.000000,42.000000,1,0,2034101,603,15,603,15,0,35,1
1000,700,21.000000,42.000000,1,0,2034104,603,15,603,15,0,35,1
1000,700,21.000000,42.000000,1,0,2034107,603,15,603,15,0,35,1
1000,700,21.000000,42.000000,1,0,2034110,603,15,603,15,0,35,1
1000,700,21.000000,42.000000,1,0,2034112,603,15,603,15,0,35,1
1000,700,21.000000,42.000000,1,0,2034115,605,15,605,15,0,35,1
1000,700,21.000000,42.000000,1,0,2034118,606,15,606,15,0,35,1
1000,700,21.000000,42.000000,1,0,2034121,607,16,607,16,0,35,1
1000,700,21.000000,42.000000,1,0,2034124,608,17,608,17,0,35,1
1000,700,21.000000,42.000000,1,0,2034126,610,17,610,17,0,35,1
1000,700,21.000000,42.000000,1,0,2034129,612,18,612,18,0,35,1
1000,700,21.000000,42.000000,1,0,2034132,614,18,614,18,0,35,1
1000,700,21.000000,42.000000,1,0,2034135,617,20,617,20,0,35,1
1000,700,21.000000,42.000000,1,0,2034138,620,20,620,20,0,35,1
1000,700,21.000000,42.000000,1,0,2034141,627,22,627,22,0,35,1
1000,700,21.000000,42.000000,1,0,2034144,631,24,631,24,0,35,1
1000,700,21.000000,42.000000,1,0,2034147,636,25,636,25,0,35,1
1000,700,21.000000,42.000000,1,0,2034150,640,27,640,27,0,35,1
1000,700,21.000000,42.000000,1,0,2034152,645,28,645,28,0,35,1
1000,700,21.000000,42.000000,1,0,2034155,650,29,650,29,0,35,1
1000,700,21.000000,42.000000,1,0,2034158,653,30,653,30,0,35,1
1000,700,21.000000,42.000000,1,0,2034161,663,33,663,33,0,35,1
1000,700,21.000000,42.000000,1,0,2034163,671,35,671,35,0,35,1
1000,700,21.000000,42.000000,1,0,2034166,678,37,678,37,0,35,1
1000,700,21.000000,42.000000,1,0,2034169,689,40,689,40,0,35,1
1000,700,21.000000,42.000000,1,0,2034172,699,42,699,42,0,35,1
1000,700,21.000000,42.000000,1,0,2034175,713,45,713,45,0,35,1
1000,700,21.000000,42.000000,1,0,2034177,723,47,723,47,0,35,1
1000,700,21.000000,42.000000,1,0,2034180,737,50,737,50,0,35,1
1000,700,21.000000,42.000000,1,0,2034183,747,52,747,52,0,35,1
1000,700,21.000000,42.000000,1,0,2034186,759,55,759,55,0,35,1
1000,700,21.000000,42.000000,1,0,2034189,774,58,774,58,0,35,1
1000,700,21.000000,42.000000,1,0,2034191,793,63,793,63,0,35,1
1000,700,21.000000,42.000000,1,0,2034194,807,66,807,66,0,35,1
1000,700,21.000000,42.000000,1,0,2034197,815,67,815,67,0,35,1
1000,700,21.000000,42.000000,1,0,2034200,834,72,834,72,0,35,1
1000,700,21.000000,42.000000,1,0,2034203,848,75,848,75,0,35,1
1000,700,21.000000,42.000000,1,0,2034205,859,76,859,76,0,35,1
1000,700,21.000000,42.000000,1,0,2034208,872,79,872,79,0,35,1
1000,700,21.000000,42.000000,1,0,2034211,886,82,886,82,0,35,1
1000,700,21.000000,42.000000,1,0,2034214,907,87,907,87,0,35,1
1000,700,21.000000,42.000000,1,0,2034217,928,91,928,91,0,35,1
1000,700,21.000000,42.000000,1,0,2034219,941,94,941,94,0,35,1
1000,700,21.000000,42.000000,1,0,2034222,953,96,953,96,0,35,1
1000,700,21.000000,42.000000,1,0,2034225,969,99,969,99,0,35,1
1000,700,21.000000,42.000000,1,0,2034229,990,103,990,103,0,35,1
1000,700,21.000000,42.000000,1,0,2034232,1001,105,1001,105,0,35,1
1000,700,21.000000,42.000000,1,0,2034235,1029,109,1029,109,0,35,1
1000,700,21.000000,42.000000,1,0,2034238,1051,113,1051,113,0,35,1
1000,700,21.000000,42.000000,1,0,2034241,1071,116,1071,116,0,35,1
1000,700,21.000000,42.000000,1,0,2034244,1085,118,1085,118,0,35,1
1000,700,21.000000,42.000000,1,0,2034247,1105,121,1105,121,0,35,1
1000,700,21.000000,42.000000,1,0,2034249,1125,124,1125,124,0,35,1
1000,700,21.000000,42.000000,1,0,2034252,1137,124,1137,124,0,35,1
1000,700,21.000000,42.000000,1,0,2034255,1148,125,1148,125,0,35,1
1000,700,21.000000,42.000000,1,0,2034258,1160,127,1160,127,0,35,1
1000,700,21.000000,42.000000,1,0,2034261,1171,128,1171,128,0,35,1
1000,700,21.000000,42.000000,1,0,2034263,1183,129,1183,129,0,35,1
1000,700,21.000000,42.000000,1,0,2034266,1195,130,1195,130,0,35,1
1000,700,21.000000,42.000000,1,0,2034269,1211,131,1211,131,0,35,1
1000,700,21.000000,42.000000,1,0,2034272,1219,131,1219,131,0,35,1
1000,700,21.000000,42.000000,1,0,2034274,1227,131,1227,131,0,35,1
1000,700,21.000000,42.000000,1,0,2034277,1242,131,1242,131,0,35,1
1000,700,21.000000,42.000000,1,0,2034281,1249,131,1249,131,0,35,1
1000,700,21.000000,42.000000,1,0,2034284,1260,131,1260,131,0,35,1
1000,700,21.000000,42.000000,1,0,2034287,1265,131,1265,131,0,35,1
1000,700,21.000000,42.000000,1,0,2034289,1273,131,1273,131,0,35,1
1000,700,21.000000,42.000000,1,0,2034292,1283,131,1283,131,0,35,1
1000,700,21.000000,42.000000,1,0,2034295,1289,131,1289,131,0,35,1
1000,700,21.000000,42.000000,1,0,2034298,1295,131,1295,131,0,35,1
1000,700,21.000000,42.000000,1,0,2034301,1300,131,1300,131,0,35,1
1000,700,21.000000,42.000000,1,0,2034303,1302,130,1302,130,0,35,1
1000,700,21.000000,42.000000,1,0,2034306,1314,129,1314,129,0,35,1
1000,700,21.000000,42.000000,1,0,2034309,1318,128,1318,128,0,35,1
1000,700,21.000000,42.000000,1,0,2034312,1322,127,1322,127,0,35,1
1000,700,21.000000,42.000000,1,0,2034315,1325,126,1325,126,0,35,1
1000,700,21.000000,42.000000,1,0,2034318,1330,125,1330,125,0,35,1
1000,700,21.000000,42.000000,1,0,2034321,1335,124,1335,124,0,35,1
1000,700,21.000000,42.000000,1,0,2034324,1339,122,1339,122,0,35,1
1000,700,21.000000,42.000000,1,0,2034327,1342,121,1342,121,0,35,1
1000,700,21.000000,42.000000,1,0,2034329,1345,119,1345,119,0,35,1
1000,700,21.000000,42.000000,1,0,2034332,1348,118,1348,118,0,35,1
1000,700,21.000000,42.000000,1,0,2034335,1351,118,1351,118,0,35,1
1000,700,21.000000,42.000000,1,0,2034338,1352,117,1352,117,0,35,1
1000,700,21.000000,42.000000,1,0,2034341,1353,116,1353,116,0,35,1
1000,700,21.000000,42.000000,1,0,2034344,1356,115,1356,115,0,35,1
1000,700,21.000000,42.000000,1,0,2034347,1359,114,1359,114,0,35,1
1000,700,21.000000,42.000000,1,0,2034350,1360,114,1360,114,0,35,1
1000,700,21.000000,42.000000,1,0,2034353,1365,112,1365,112,0,35,1
1000,700,21.000000,42.000000,1,0,2034356,1368,111,1368,111,0,35,1
1000,700,21.000000,42.000000,1,0,2034358,1370,110,1370,110,0,35,1
1000,700,21.000000,42.000000,1,0,2034361,1372,109,1372,109,0,35,1
1000,700,21.000000,42.000000,1,0,2034364,1374,108,1374,108,0,35,1
1000,700,21.000000,42.000000,1,0,2034367,1376,107,1376,107,0,35,1
1000,700,21.000000,42.000000,1,0,2034369,1378,106,1378,106,0,35,1
1000,700,21.000000,42.000000,1,0,2034372,1380,104,1380,104,0,35,1
1000,700,21.000000,42.000000,1,0,2034375,1381,103,1381,103,0,35,1
1000,700,21.000000,42.000000,1,0,2034378,1382,102,1382,102,0,35,1
1000,700,21.000000,42.000000,1,0,2034380,1383,101,1383,101,0,35,1
1000,700,21.000000,42.000000,1,0,2034383,1385,100,1385,100,0,35,1
1000,700,21.000000,42.000000,1,0,2034386,1386,99,1386,99,0,35,1
1000,700,21.000000,42.000000,1,0,2034389,1387,98,1387,98,0,35,1
1000,700,21.000000,42.000000,1,0,2034392,1388,97,1388,97,0,35,1
1000,700,21.000000,42.000000,1,0,2034395,1389,96,1389,96,0,35,1
1000,700,21.000000,42.000000,1,0,2034397,1390,95,1390,95,0,35,1
1000,700,21.000000,42.000000,1,0,2034400,1391,94,1391,94,0,35,1
1000,700,21.000000,42.000000,1,0,2034403,1392,93,1392,93,0,35,1
1000,700,21.000000,42.000000,1,0,2034406,1393,93,1393,93,0,35,1
1000,700,21.000000,42.000000,1,0,2034408,1394,92,1394,92,0,35,1
1000,700,21.000000,42.000000,1,0,2034411,1394,91,1394,91,0,35,1
1000,700,21.000000,42.000000,1,0,2034414,1395,90,1395,90,0,35,1
1000,700,21.000000,42.000000,1,0,2034417,1396,90,1396,90,0,35,1
1000,700,21.000000,42.000000,1,0,2034420,1397,89,1397,89,0,35,1
1000,700,21.000000,42.000000,1,0,2034422,1397,88,1397,88,0,35,1
1000,700,21.000000,42.000000,1,0,2034425,1397,87,1397,87,0,35,1
1000,700,21.000000,42.000000,1,0,2034428,1397,86,1397,86,0,35,1
1000,700,21.000000,42.000000,1,0,2034431,1398,85,1398,85,0,35,1
1000,700,21.000000,42.000000,1,0,2034434,1399,84,1399,84,0,35,1
1000,700,21.000000,42.000000,1,0,2034437,1399,84,1399,84,0,35,1
1000,700,21.000000,42.000000,1,0,2034439,1399,84,1399,84,0,35,1
1000,700,21.000000,42.000000,1,0,2034442,1399,83,1399,83,0,35,1
1000,700,21.000000,42.000000,1,0,2034445,1400,83,1400,83,0,35,1
1000,700,21.000000,42.000000,1,0,2034448,1400,82,1400,82,0,35,1
1000,700,21.000000,42.000000,1,0,2034450,1400,82,1400,82,0,35,1
1000,700,21.000000,42.000000,1,0,2034453,1400,82,1400,82,0,35,1
1000,700,21.000000,42.000000,1,0,2034456,1400,82,1400,82,0,35,1
1000,700,21.000000,42.000000,1,0,2034459,1401,81,1401,81,0,35,1
1000,700,21.000000,42.000000,1,0,2034461,1401,81,1401,81,0,35,1
1000,700,21.000000,42.000000,1,0,2034464,1401,80,1401,80,0,35,1
1000,700,21.000000,42.000000,1,0,2034467,1401,80,1401,80,0,35,1
1000,700,21.000000,42.000000,1,0,2034469,1401,80,1401,80,0,35,1
1000,700,21.000000,42.000000,1,0,2034472,1401,80,1401,80,0,35,1
1000,700,21.000000,42.000000,1,0,2034475,1401,80,1401,80,0,35,1
1000,700,21.000000,42.000000,1,0,2034478,1401,79,1401,79,0,35,1
1000,700,21.000000,42.000000,1,0,2034481,1401,79,1401,79,0,35,1
1000,700,21.000000,42.000000,1,0,2034483,1401,78,1401,78,0,35,1
1000,700,21.000000,42.000000,1,0,2034486,1401,78,1401,78,0,35,1
1000,700,21.000000,42.000000,1,0,2034489,1401,77,1401,77,0,35,1
1000,700,21.000000,42.000000,1,0,2034492,1401,77,1401,77,0,35,1
1000,700,21.000000,42.000000,1,0,2034495,1401,77,1401,77,0,35,1
1000,700,21.000000,42.000000,1,0,2034497,1401,77,1401,77,0,35,1
1000,700,21.000000,42.000000,1,0,2034500,1401,76,1401,76,0,35,1
1000,700,21.000000,42.000000,1,0,2034503,1401,76,1401,76,0,35,1
1000,700,21.000000,42.000000,1,0,2034505,1401,75,1401,75,0,35,1
1000,700,21.000000,42.000000,1,0,2034508,1401,74,1401,74,0,35,1
1000,700,21.000000,42.000000,1,0,2034511,1401,74,1401,74,0,35,1
1000,700,21.000000,42.000000,1,0,2034514,1401,74,1401,74,0,35,1
1000,700,21.000000,42.000000,1,0,2034517,1400,73,1400,73,0,35,1
1000,700,21.000000,42.000000,1,0,2034520,1400,73,1400,73,0,35,1
1000,700,21.000000,42.000000,1,0,2034523,1399,72,1399,72,0,35,1
1000,700,21.000000,42.000000,1,0,2034526,1398,71,1398,71,0,35,1
1000,700,21.000000,42.000000,1,0,2034529,1398,71,1398,71,0,35,1
1000,700,21.000000,42.000000,1,0,2034531,1397,71,1397,71,0,35,1
1000,700,21.000000,42.000000,1,0,2034534,1396,71,1396,71,0,35,1
1000,700,21.000000,42.000000,1,0,2034537,1395,70,1395,70,0,35,1
1000,700,21.000000,42.000000,1,0,2034540,1394,69,1394,69,0,35,1
1000,700,21.000000,42.000000,1,0,2034543,1394,69,1394,69,0,35,1
1000,700,21.000000,42.000000,1,0,2034546,1393,69,1393,69,0,35,1
1000,700,21.000000,42.000000,1,0,2034549,1391,68,1391,68,0,35,1
1000,700,21.000000,42.000000,1,0,2034552,1389,67,1389,67,0,35,1
1000,700,21.000000,42.000000,1,0,2034555,1387,66,1387,66,0,35,1
1000,700,21.000000,42.000000,1,0,2034557,1385,66,1385,66,0,35,1
1000,700,21.000000,42.000000,1,0,2034560,1383,65,1383,65,0,35,1
1000,700,21.000000,42.000000,1,0,2034563,1381,64,1381,64,0,35,1
1000,700,21.000000,42.000000,1,0,2034566,1379,64,1379,64,0,35,1
1000,700,21.000000,42.000000,1,0,2034569,1377,64,1377,64,0,35,1
1000,700,21.000000,42.000000,1,0,2034572,1375,63,1375,63,0,35,1
1000,700,21.000000,42.000000,1,0,2034574,1373,62,1373,62,0,35,1
1000,700,21.000000,42.000000,1,0,2034577,1371,61,1371,61,0,35,1
1000,700,21.000000,42.000000,1,0,2034580,1369,61,1369,61,0,35,1
1000,700,21.000000,42.000000,1,0,2034583,1368,60,1368,60,0,35,1
1000,700,21.000000,42.000000,1,0,2034586,1367,60,1367,60,0,35,1
1000,700,21.000000,42.000000,1,0,2034589,1366,59,1366,59,0,35,1
1000,700,21.000000,42.000000,1,0,2034592,1364,58,1364,58,0,35,1
1000,700,21.000000,42.000000,1,0,2034594,1363,58,1363,58,0,35,1
1000,700,21.000000,42.000000,1,0,2034597,1361,57,1361,57,0,35,1
1000,700,21.000000,42.000000,1,0,2034600,1360,57,1360,57,0,35,1
1000,700,21.000000,42.000000,1,0,2034603,1359,56,1359,56,0,35,1
1000,700,21.000000,42.000000,1,0,2034606,1358,55,1358,55,0,35,1
1000,700,21.000000,42.000000,1,0,2034608,1357,55,1357,55,0,35,1
1000,700,21.000000,42.000000,1,0,2034611,1356,54,1356,54,0,35,1
1000,700,21.000000,42.000000,1,0,2034614,1355,53,1355,53,0,35,1
1000,700,21.000000,42.000000,1,0,2034617,1354,52,1354,52,0,35,1
1000,700,21.000000,42.000000,1,0,2034620,1353,52,1353,52,0,35,1
1000,700,21.000000,42.000000,1,0,2034622,1352,51,1352,51,0,35,1
1000,700,21.000000,42.000000,1,0,2034625,1350,50,1350,50,0,35,1
1000,700,21.000000,42.000000,1,0,2034628,1349,50,1349,50,0,35,1
1000,700,21.000000,42.000000,1,0,2034631,1347,49,1347,49,0,35,1
1000,700,21.000000,42.000000,1,0,2034633,1346,49,1346,49,0,35,1
1000,700,21.000000,42.000000,1,0,2034636,1345,48,1345,48,0,35,1
1000,700,21.000000,42.000000,1,0,2034639,1344,48,1344,48,0,35,1
1000,700,21.000000,42.000000,1,0,2034642,1342,46,1342,46,0,35,1
1000,700,21.000000,42.000000,1,0,2034645,1341,46,1341,46,0,35,1
1000,700,21.000000,42.000000,1,0,2034648,1340,46,1340,46,0,35,1
1000,700,21.000000,42.000000,1,0,2034650,1339,46,1339,46,0,35,1
1000,700,21.000000,42.000000,1,0,2034653,1339,45,1339,45,0,35,1
1000,700,21.000000,42.000000,1,0,2034656,1338,44,1338,44,0,35,1
1000,700,21.000000,42.000000,1,0,2034659,1338,44,1338,44,0,35,1
1000,700,21.000000,42.000000,1,0,2034662,1338,43,1338,43,0,35,1
1000,700,21.000000,42.000000,1,0,2034665,1337,43,1337,43,0,35,1
1000,700,21.000000,42.000000,1,0,2034667,1336,43,1336,43,0,35,1
1000,700,21.000000,42.000000,1,0,2034670,1335,42,1335,42,0,35,1
1000,700,21.000000,42.000000,1,0,2034673,1335,42,1335,42,0,35,1
1000,700,21.000000,42.000000,1,0,2034676,1335,42,1335,42,0,35,1
1000,700,21.000000,42.000000,1,0,2034678,1335,42,1335,42,0,35,1
1000,700,21.000000,42.000000,1,0,2034681,1334,42,1334,42,0,35,1
1000,700,21.000000,42.000000,1,0,2034684,1334,42,1334,42,0,35,1
1000,700,21.000000,42.000000,1,0,2034687,1333,41,1333,41,0,35,1
1000,700,21.000000,42.000000,1,0,2034690,1332,41,1332,41,0,35,1
1000,700,21.000000,42.000000,1,0,2034692,1332,41,1332,41,0,35,1
1000,700,21.000000,42.000000,1,0,2034695,1332,41,1332,41,0,35,1
1000,700,21.000000,42.000000,1,0,2034698,1332,40,1332,40,0,35,1
1000,700,21.000000,42.000000,1,0,2034701,1331,40,1331,40,0,35,1
1000,700,21.000000,42.000000,1,0,2034703,1331,40,1331,40,0,35,1
1000,700,21.000000,42.000000,1,0,2034706,1331,40,1331,40,0,35,1
1000,700,21.000000,42.000000,1,0,2034709,1331,39,1331,39,0,35,1
1000,700,21.000000,42.000000,1,0,2034712,1331,39,1331,39,0,35,1
1000,700,21.000000,42.000000,1,0,2034715,1331,39,1331,39,0,35,1
1000,700,21.000000,42.000000,1,0,2034717,1331,39,1331,39,0,35,1
1000,700,21.000000,42.000000,1,0,2034720,1330,38,1330,38,0,35,1
1000,700,21.000000,42.000000,1,0,2034723,1329,37,1329,37,0,35,1
1000,700,21.000000,42.000000,1,0,2034726,1329,37,1329,37,0,35,1
1000,700,21.000000,42.000000,1,0,2034729,1328,37,1328,37,0,35,1
1000,700,21.000000,42.000000,1,0,2034731,1328,37,1328,37,0,35,1
1000,700,21.000000,42.000000,1,0,2034734,1328,36,1328,36,0,35,1
1000,700,21.000000,42.000000,1,0,2034737,1328,36,1328,36,0,35,1
1000,700,21.000000,42.000000,1,0,2034741,1328,36,1328,36,0,35,1
1000,700,21.000000,42.000000,1,0,2034743,1328,36,1328,36,0,35,1
1000,700,21.000000,42.000000,1,0,2034746,1328,35,1328,35,0,35,1
1000,700,21.000000,42.000000,1,0,2034749,1328,35,1328,35,0,35,1
1000,700,21.000000,42.000000,1,0,2034752,1327,35,1327,35,0,35,1
1000,700,21.000000,42.000000,1,0,2034755,1327,34,1327,34,0,35,1
1000,700,21.000000,42.000000,1,0,2034758,1327,33,1327,33,0,35,1
1000,700,21.000000,42.000000,1,0,2034760,1327,32,1327,32,0,35,1
1000,700,21.000000,42.000000,1,0,2034763,1326,32,1326,32,0,35,1
1000,700,21.000000,42.000000,1,0,2034766,1325,31,1325,31,0,35,1
1000,700,21.000000,42.000000,1,0,2034769,1324,31,1324,31,0,35,1
1000,700,21.000000,42.000000,1,0,2034772,1324,30,1324,30,0,35,1
1000,700,21.000000,42.000000,1,0,2034774,1324,29,1324,29,0,35,1
1000,700,21.000000,42.000000,1,0,2034777,1323,28,1323,28,0,35,1
1000,700,21.000000,42.000000,1,0,2034780,1322,27,1322,27,0,35,1
1000,700,21.000000,42.000000,1,0,2034783,1322,26,1322,26,0,35,1
1000,700,21.000000,42.000000,1,0,2034785,1321,26,1321,26,0,35,1
1000,700,21.000000,42.000000,1,0,2034788,1321,25,1321,25,0,35,1
1000,700,21.000000,42.000000,1,0,2034791,1320,25,1320,25,0,35,1
1000,700,21.000000,42.000000,1,0,2034794,1320,24,1320,24,0,35,1
1000,700,21.000000,42.000000,1,0,2034797,1320,23,1320,23,0,35,1
1000,700,21.000000,42.000000,1,0,2034799,1320,22,1320,22,0,35,1
1000,700,21.000000,42.000000,1,0,2034802,1319,22,1319,22,0,35,1
1000,700,21.000000,42.000000,1,0,2034805,1318,21,1318,21,0,35,1
1000,700,21.000000,42.000000,1,0,2034808,1317,21,1317,21,0,35,1
1000,700,21.000000,42.000000,1,0,2034811,1317,20,1317,20,0,35,1
1000,700,21.000000,42.000000,1,0,2034813,1316,20,1316,20,0,35,1
1000,700,21.000000,42.000000,1,0,2034816,1315,20,1315,20,0,35,1
1000,700,21.000000,42.000000,1,0,2034819,1314,20,1314,20,0,35,1
1000,700,21.000000,42.000000,1,0,2034822,1313,20,1313,20,0,35,1
1000,700,21.000000,42.000000,1,0,2034824,1312,19,1312,19,0,35,1
1000,700,21.000000,42.000000,1,0,2034827,1311,19,1311,19,0,35,1
1000,700,21.000000,42.000000,1,0,2034830,1310,18,1310,18,0,35,1
1000,700,21.000000,42.000000,1,0,2034833,1308,18,1308,18,0,35,1
1000,700,21.000000,42.000000,1,0,2034836,1308,17,1308,17,0,35,1
1000,700,21.000000,42.000000,1,0,2034838,1307,16,1307,16,0,35,1
1000,700,21.000000,42.000000,1,0,2034841,1306,16,1306,16,0,35,1
1000,700,21.000000,42.000000,1,0,2034844,1305,16,1305,16,0,35,1
1000,700,21.000000,42.000000,1,0,2034847,1304,16,1304,16,0,35,1
1000,700,21.000000,42.000000,1,0,2034850,1304,16,1304,16,0,35,1
1000,700,21.000000,42.000000,1,0,2034853,1303,16,1303,16,0,35,1
1000,700,21.000000,42.000000,1,0,2034855,1303,15,1303,15,0,35,1
1000,700,21.000000,42.000000,1,0,2034858,1302,15,1302,15,0,35,1
1000,700,21.000000,42.000000,1,0,2034861,1302,15,1302,15,0,35,1
1000,700,21.000000,42.000000,1,0,2034864,1302,15,1302,15,0,35,1
1000,700,21.000000,42.000000,1,0,2034867,1301,15,1301,15,0,35,1
1000,700,21.000000,42.000000,1,0,2034869,1301,15,1301,15,0,35,1
1000,700,21.000000,42.000000,1,0,2034872,1300,15,1300,15,0,35,1
1000,700,21.000000,42.000000,1,0,2034875,1300,14,1300,14,0,35,1
1000,700,21.000000,42.000000,1,0,2034878,1300,14,1300,14,0,35,1
1000,700,21.000000,42.000000,1,0,2034881,1300,14,1300,14,0,35,1
1000,700,21.000000,42.000000,1,0,2034883,1300,14,1300,14,0,35,1
1000,700,21.000000,42.000000,1,0,2034886,1300,14,1300,14,0,35,1
1000,700,21.000000,42.000000,1,0,2034889,1300,14,1300,14,0,35,1
1000,700,21.000000,42.000000,1,0,2034892,1300,14,1300,14,0,35,1
1000,700,21.000000,42.000000,1,0,2034894,1300,14,1300,14,0,35,1
1000,700,21.000000,42.000000,1,0,2034897,1300,14,1300,14,0,35,1
1000,700,21.000000,42.000000,1,0,2034900,1300,14,1300,14,0,35,1
1000,700,21.000000,42.000000,1,0,2034903,1300,14,1300,14,0,35,1
1000,700,21.000000,42.000000,1,0,2034905,1300,14,1300,14,0,35,1
1000,700,21.000000,42.000000,1,0,2034908,1300,14,1300,14,0,35,1
1000,700,21.000000,42.000000,1,0,2034911,1300,14,1300,14,0,35,1
1000,700,21.000000,42.000000,1,0,2034914,1300,14,1300,14,0,35,1
1000,700,21.000000,42.000000,1,0,2034916,1300,14,1300,14,0,35,1
1000,700,21.000000,42.000000,1,0,2034919,1300,14,1300,14,0,35,1
1000,700,21.000000,42.000000,1,0,2034922,1300,14,1300,14,0,35,1
1000,700,21.000000,42.000000,1,0,2034924,1300,14,1300,14,0,35,1
1000,700,21.000000,42.000000,1,0,2034927,1300,14,1300,14,0,35,1
1000,700,21.000000,42.000000,1,0,2034930,1300,14,1300,14,0,35,1
1000,700,21.000000,42.000000,1,0,2034933,1300,14,1300,14,0,35,1
1000,700,21.000000,42.000000,1,0,2034935,1300,14,1300,14,0,35,1
1000,700,21.000000,42.000000,1,0,2034938,1300,14,1300,14,0,35,1
1000,700,21.000000,42.000000,1,0,2034941,1300,14,1300,14,0,35,1
1000,700,21.000000,42.000000,1,0,2034944,1300,14,1300,14,0,35,1
1000,700,21.000000,42.000000,1,0,2034947,1300,14,1300,14,0,35,1
1000,700,21.000000,42.000000,1,0,2034959,1300,14,1300,14,0,35,1
