1000,350,21.000000,0.000000,1,5,3806910,779,12,779,12,0,137,5
1000,350,21.000000,0.000000,1,5,3806911,779,12,779,12,0,137,5
1000,350,21.000000,0.000000,1,5,3806914,779,12,779,12,0,137,5
1000,350,21.000000,0.000000,1,5,3806917,779,12,779,12,0,137,5
1000,350,21.000000,0.000000,1,5,3806920,779,12,779,12,0,137,5
1000,350,21.000000,0.000000,1,5,3806923,779,12,779,12,0,137,5
1000,350,21.000000,0.000000,1,5,3806926,779,12,779,12,0,137,5
1000,350,21.000000,0.000000,1,5,3806930,779,12,779,12,0,137,5
1000,350,21.000000,0.000000,1,5,3806933,779,12,779,12,0,137,5
1000,350,21.000000,0.000000,1,5,3806935,779,12,779,12,0,137,5
1000,350,21.000000,0.000000,1,5,3806938,779,12,779,12,0,137,5
1000,350,21.000000,0.000000,1,5,3806941,779,12,779,12,0,137,5
1000,350,21.000000,0.000000,1,5,3806944,779,12,779,12,0,137,5
1000,350,21.000000,0.000000,1,5,3806946,779,12,779,12,0,137,5
1000,350,21.000000,0.000000,1,5,3806949,779,12,779,12,0,137,5
1000,350,21.000000,0.000000,1,5,3806952,779,12,779,12,0,137,5
1000,350,21.000000,0.000000,1,5,3806955,779,12,779,12,0,137,5
1000,350,21.000000,0.000000,1,5,3806958,779,12,779,12,0,137,5
1000,350,21.000000,0.000000,1,5,3806961,779,12,779,12,0,137,5
1000,350,21.000000,0.000000,1,5,3806963,779,12,779,12,0,137,5
1000,350,21.000000,0.000000,1,5,3806966,779,12,779,12,0,137,5
1000,350,21.000000,0.000000,1,5,3806969,779,12,779,12,0,137,5
1000,350,21.000000,0.000000,1,5,3806972,779,12,779,12,0,137,5
1000,350,21.000000,0.000000,1,5,3806974,780,12,780,12,0,137,5
1000,350,21.000000,0.000000,1,5,3806977,780,13,780,13,0,137,5
1000,350,21.000000,0.000000,1,5,3806980,782,14,782,14,0,137,5
1000,350,21.000000,0.000000,1,5,3806983,782,14,782,14,0,137,5
1000,350,21.000000,0.000000,1,5,3806986,783,14,783,14,0,137,5
1000,350,21.000000,0.000000,1,5,3806988,785,14,785,14,0,137,5
1000,350,21.000000,0.000000,1,5,3806992,785,15,785,15,0,137,5
1000,350,21.000000,0.000000,1,5,3806995,786,15,786,15,0,137,5
1000,350,21.000000,0.000000,1,5,3806998,788,15,788,15,0,137,5
1000,350,21.000000,0.000000,1,5,3807001,790,17,790,17,0,137,5
1000,350,21.000000,0.000000,1,5,3807003,794,19,794,19,0,137,5
1000,350,21.000000,0.000000,1,5,3807006,797,21,797,21,0,137,5
1000,350,21.000000,0.000000,1,5,3807009,801,22,801,22,0,137,5
1000,350,21.000000,0.000000,1,5,3807012,807,25,807,25,0,137,5
1000,350,21.000000,0.000000,1,5,3807014,811,27,811,27,0,137,5
1000,350,21.000000,0.000000,1,5,3807017,815,29,815,29,0,137,5
1000,350,21.000000,0.000000,1,5,3807020,820,31,820,31,0,137,5
1000,350,21.000000,0.000000,1,5,3807023,823,32,823,32,0,137,5
1000,350,21.000000,0.000000,1,5,3807026,830,34,830,34,0,137,5
1000,350,21.000000,0.000000,1,5,3807028,834,36,834,36,0,137,5
1000,350,21.000000,0.000000,1,5,3807031,840,39,840,39,0,137,5
1000,350,21.000000,0.000000,1,5,3807034,848,42,848,42,0,137,5
1000,350,21.000000,0.000000,1,5,3807037,858,45,858,45,0,137,5
1000,350,21.000000,0.000000,1,5,3807040,870,48,870,48,0,137,5
1000,350,21.000000,0.000000,1,5,3807042,876,50,876,50,0,137,5
1000,350,21.000000,0.000000,1,5,3807045,887,53,887,53,0,137,5
1000,350,21.000000,0.000000,1,5,3807048,895,54,895,54,0,137,5
1000,350,21.000000,0.000000,1,5,3807051,901,55,901,55,0,137,5
1000,350,21.000000,0.000000,1,5,3807054,912,57,912,57,0,137,5
1000,350,21.000000,0.000000,1,5,3807057,923,59,923,59,0,137,5
1000,350,21.000000,0.000000,1,5,3807059,928,60,928,60,0,137,5
1000,350,21.000000,0.000000,1,5,3807062,938,62,938,62,0,137,5
1000,350,21.000000,0.000000,1,5,3807065,943,63,943,63,0,137,5
1000,350,21.000000,0.000000,1,5,3807068,954,64,954,64,0,137,5
1000,350,21.000000,0.000000,1,5,3807071,962,64,962,64,0,137,5
1000,350,21.000000,0.000000,1,5,3807074,973,64,973,64,0,137,5
1000,350,21.000000,0.000000,1,5,3807076,980,65,980,65,0,137,5
1000,350,21.000000,0.000000,1,5,3807079,984,65,984,65,0,137,5
1000,350,21.000000,0.000000,1,5,3807082,992,65,992,65,0,137,5
1000,350,21.000000,0.000000,1,5,3807085,1001,65,1001,65,0,137,5
1000,350,21.000000,0.000000,1,5,3807088,1006,64,1006,64,0,137,5
1000,350,21.000000,0.000000,1,5,3807090,1011,63,1011,63,0,137,5
1000,350,21.000000,0.000000,1,5,3807093,1017,63,1017,63,0,137,5
1000,350,21.000000,0.000000,1,5,3807096,1022,62,1022,62,0,137,5
1000,350,21.000000,0.000000,1,5,3807099,1029,61,1029,61,0,137,5
1000,350,21.000000,0.000000,1,5,3807102,1030,61,1030,61,0,137,5
1000,350,21.000000,0.000000,1,5,3807105,1034,59,1034,59,0,137,5
1000,350,21.000000,0.000000,1,5,3807107,1036,59,1036,59,0,137,5
1000,350,21.000000,0.000000,1,5,3807110,1038,58,1038,58,0,137,5
1000,350,21.000000,0.000000,1,5,3807113,1040,56,1040,56,0,137,5
1000,350,21.000000,0.000000,1,5,3807116,1042,56,1042,56,0,137,5
1000,350,21.000000,0.000000,1,5,3807119,1044,55,1044,55,0,137,5
1000,350,21.000000,0.000000,1,5,3807121,1045,54,1045,54,0,137,5
1000,350,21.000000,0.000000,1,5,3807124,1045,53,1045,53,0,137,5
1000,350,21.000000,0.000000,1,5,3807127,1046,52,1046,52,0,137,5
1000,350,21.000000,0.000000,1,5,3807130,1047,51,1047,51,0,137,5
1000,350,21.000000,0.000000,1,5,3807132,1048,49,1048,49,0,137,5
1000,350,21.000000,0.000000,1,5,3807135,1048,48,1048,48,0,137,5
1000,350,21.000000,0.000000,1,5,3807138,1048,47,1048,47,0,137,5
1000,350,21.000000,0.000000,1,5,3807141,1048,45,1048,45,0,137,5
1000,350,21.000000,0.000000,1,5,3807144,1048,44,1048,44,0,137,5
1000,350,21.000000,0.000000,1,5,3807146,1049,43,1049,43,0,137,5
1000,350,21.000000,0.000000,1,5,3807149,1049,42,1049,42,0,137,5
1000,350,21.000000,0.000000,1,5,3807152,1049,42,1049,42,0,137,5
1000,350,21.000000,0.000000,1,5,3807155,1049,41,1049,41,0,137,5
1000,350,21.000000,0.000000,1,5,3807158,1049,40,1049,40,0,137,5
1000,350,21.000000,0.000000,1,5,3807160,1050,39,1050,39,0,137,5
1000,350,21.000000,0.000000,1,5,3807163,1050,38,1050,38,0,137,5
1000,350,21.000000,0.000000,1,5,3807166,1051,37,1051,37,0,137,5
1000,350,21.000000,0.000000,1,5,3807169,1051,36,1051,36,0,137,5
1000,350,21.000000,0.000000,1,5,3807171,1051,35,1051,35,0,137,5
1000,350,21.000000,0.000000,1,5,3807174,1051,34,1051,34,0,137,5
1000,350,21.000000,0.000000,1,5,3807177,1051,33,1051,33,0,137,5
1000,350,21.000000,0.000000,1,5,3807180,1051,32,1051,32,0,137,5
1000,350,21.000000,0.000000,1,5,3807182,1052,31,1052,31,0,137,5
1000,350,21.000000,0.000000,1,5,3807185,1052,30,1052,30,0,137,5
1000,350,21.000000,0.000000,1,5,3807188,1052,29,1052,29,0,137,5
1000,350,21.000000,0.000000,1,5,3807191,1053,27,1053,27,0,137,5
1000,350,21.000000,0.000000,1,5,3807194,1054,26,1054,26,0,137,5
1000,350,21.000000,0.000000,1,5,3807196,1054,25,1054,25,0,137,5
1000,350,21.000000,0.000000,1,5,3807199,1054,23,1054,23,0,137,5
1000,350,21.000000,0.000000,1,5,3807202,1054,22,1054,22,0,137,5
1000,350,21.000000,0.000000,1,5,3807205,1056,22.600000,1056,21,0,137,5
1000,350,21.000000,0.000000,1,5,3807207,1057,22.600000,1057,20,0,137,5
1000,350,21.000000,0.000000,1,5,3807210,1058,22.600000,1058,19,0,137,5
1000,350,21.000000,0.000000,1,5,3807213,1059,22.600000,1059,18,0,137,5
1000,350,21.000000,0.000000,1,5,3807216,1060,22.600000,1060,16,0,137,5
1000,350,21.000000,0.000000,1,5,3807218,1062,22.600000,1062,15,0,137,5
1000,350,21.000000,0.000000,1,5,3807221,1063,22.600000,1063,14,0,137,5
1000,350,21.000000,0.000000,1,5,3807224,1064,22.600000,1064,13,0,137,5
1000,350,21.000000,0.000000,1,5,3807227,1066,22.600000,1066,11,0,137,5
1000,350,21.000000,0.000000,1,5,3807230,1068,22.600000,1068,10,0,137,5
1000,350,21.000000,0.000000,1,5,3807232,1069,22.600000,1069,9,0,137,5
1000,350,21.000000,0.000000,1,5,3807235,1070,22.600000,1070,8,0,137,5
1000,350,21.000000,0.000000,1,5,3807238,1071,22.600000,1071,7,0,137,5
1000,350,21.000000,0.000000,1,5,3807241,1073,22.600000,1073,6,0,137,5
1000,350,21.000000,0.000000,1,5,3807244,1075,22.600000,1075,4,0,137,5
1000,350,21.000000,0.000000,1,5,3807246,1076,22.600000,1076,4,0,137,5
1000,350,21.000000,0.000000,1,5,3807249,1077,22.600000,1077,3,0,137,5
1000,350,21.000000,0.000000,1,5,3807252,1077,22.600000,1077,3,0,137,5
1000,350,21.000000,0.000000,1,5,3807255,1078,22.600000,1078,2,0,137,5
1000,350,21.000000,0.000000,1,5,3807257,1079,22.600000,1079,1,0,137,5
1000,350,21.000000,0.000000,1,5,3807260,1079,22.600000,1079,0,0,137,5
1000,350,21.000000,0.000000,1,5,3807263,1079,22.600000,1079,-1,0,137,5
1000,350,21.000000,0.000000,1,5,3807266,1079,22.600000,1079,-2,0,137,5
1000,350,21.000000,0.000000,1,5,3807269,1080,22.600000,1080,-3,0,137,5
1000,350,21.000000,0.000000,1,5,3807271,1080,22.600000,1080,-3,0,137,5
1000,350,21.000000,0.000000,1,5,3807274,1080,22.600000,1080,-3,0,137,5
1000,350,21.000000,0.000000,1,5,3807277,1080,22.600000,1080,-3,0,137,5
1000,350,21.000000,0.000000,1,5,3807280,1080,22.600000,1080,-4,0,137,5
1000,350,21.000000,0.000000,1,5,3807282,1080,22.600000,1080,-5,0,137,5
1000,350,21.000000,0.000000,1,5,3807285,1081,22.600000,1081,-5,0,137,5
1000,350,21.000000,0.000000,1,5,3807288,1081,22.600000,1081,-5,0,137,5
1000,350,21.000000,0.000000,1,5,3807291,1081,22.600000,1081,-6,0,137,5
1000,350,21.000000,0.000000,1,5,3807293,1081,22.600000,1081,-6,0,137,5
1000,350,21.000000,0.000000,1,5,3807296,1081,22.600000,1081,-6,0,137,5
1000,350,21.000000,0.000000,1,5,3807299,1081,22.600000,1081,-6,0,137,5
1000,350,21.000000,0.000000,1,5,3807302,1082,22.600000,1082,-6,0,137,5
1000,350,21.000000,0.000000,1,5,3807305,1082,22.600000,1082,-6,0,137,5
1000,350,21.000000,0.000000,1,5,3807308,1083,22.600000,1083,-6,0,137,5
1000,350,21.000000,0.000000,1,5,3807310,1083,22.600000,1083,-6,0,137,5
1000,350,21.000000,0.000000,1,5,3807313,1083,22.600000,1083,-6,0,137,5
1000,350,21.000000,0.000000,1,5,3807316,1084,22.600000,1084,-6,0,137,5
1000,350,21.000000,0.000000,1,5,3807319,1085,22.600000,1085,-7,0,137,5
1000,350,21.000000,0.000000,1,5,3807322,1085,22.600000,1085,-7,0,137,5
1000,350,21.000000,0.000000,1,5,3807325,1086,22.600000,1086,-7,0,137,5
1000,350,21.000000,0.000000,1,5,3807327,1086,22.600000,1086,-7,0,137,5
1000,350,21.000000,0.000000,1,5,3807330,1088,22.600000,1088,-7,0,137,5
1000,350,21.000000,0.000000,1,5,3807333,1089,22.600000,1089,-7,0,137,5
1000,350,21.000000,0.000000,1,5,3807336,1090,22.600000,1090,-7,0,137,5
1000,350,21.000000,0.000000,1,5,3807338,1091,22.600000,1091,-8,0,137,5
1000,350,21.000000,0.000000,1,5,3807341,1093,22.600000,1093,-8,0,137,5
1000,350,21.000000,0.000000,1,5,3807344,1095,22.600000,1095,-9,0,137,5
1000,350,21.000000,0.000000,1,5,3807347,1097,22.600000,1097,-9,0,137,5
1000,350,21.000000,0.000000,1,5,3807350,1099,22.600000,1099,-9,0,137,5
1000,350,21.000000,0.000000,1,5,3807353,1102,22.600000,1102,-10,0,137,5
1000,350,21.000000,0.000000,1,5,3807355,1104,22.600000,1104,-10,0,137,5
1000,350,21.000000,0.000000,1,5,3807358,1106,22.600000,1106,-11,0,137,5
1000,350,21.000000,0.000000,1,5,3807361,1107,22.600000,1107,-11,0,137,5
1000,350,21.000000,0.000000,1,5,3807364,1109,22.600000,1109,-13,0,137,5
1000,350,21.000000,0.000000,1,5,3807366,1111,22.600000,1111,-13,0,137,5
1000,350,21.000000,0.000000,1,5,3807369,1112,22.600000,1112,-14,0,137,5
1000,350,21.000000,0.000000,1,5,3807372,1113,22.600000,1113,-14,0,137,5
1000,350,21.000000,0.000000,1,5,3807376,1114,22.600000,1114,-14,0,137,5
1000,350,21.000000,0.000000,1,5,3807378,1115,22.600000,1115,-15,0,137,5
1000,350,21.000000,0.000000,1,5,3807381,1116,22.600000,1116,-15,0,137,5
1000,350,21.000000,0.000000,1,5,3807384,1118,22.600000,1118,-16,0,137,5
1000,350,21.000000,0.000000,1,5,3807387,1118,22.600000,1118,-16,0,137,5
1000,350,21.000000,0.000000,1,5,3807390,1119,22.600000,1119,-16,0,137,5
1000,350,21.000000,0.000000,1,5,3807392,1119,22.600000,1119,-16,0,137,5
1000,350,21.000000,0.000000,1,5,3807395,1119,22.600000,1119,-16,0,137,5
1000,350,21.000000,0.000000,1,5,3807398,1119,22.600000,1119,-16,0,137,5
1000,350,21.000000,0.000000,1,5,3807401,1119,22.600000,1119,-16,0,137,5
1000,350,21.000000,0.000000,1,5,3807403,1119,22.600000,1119,-16,0,137,5
1000,350,21.000000,0.000000,1,5,3807406,1119,22.600000,1119,-16,0,137,5
1000,350,21.000000,0.000000,1,5,3807409,1119,22.600000,1119,-16,0,137,5
1000,350,21.000000,0.000000,1,5,3807412,1119,22.600000,1119,-16,0,137,5
1000,350,21.000000,0.000000,1,5,3807415,1119,22.600000,1119,-16,0,137,5
1000,350,21.000000,0.000000,1,5,3807417,1119,22.600000,1119,-16,0,137,5
1000,350,21.000000,0.000000,1,5,3807420,1119,22.600000,1119,-16,0,137,5
1000,350,21.000000,0.000000,1,5,3807423,1119,22.600000,1119,-16,0,137,5
1000,350,21.000000,0.000000,1,5,3807426,1120,22.600000,1120,-17,0,137,5
1000,350,21.000000,0.000000,1,5,3807429,1121,22.600000,1121,-18,0,137,5
1000,350,21.000000,0.000000,1,5,3807431,1121,22.600000,1121,-18,0,137,5
1000,350,21.000000,0.000000,1,5,3807434,1122,22.600000,1122,-18,0,137,5
1000,350,21.000000,0.000000,1,5,3807437,1123,22.600000,1123,-18,0,137,5
1000,350,21.000000,0.000000,1,5,3807440,1124,22.600000,1124,-18,0,137,5
1000,350,21.000000,0.000000,1,5,3807442,1125,22.600000,1125,-18,0,137,5
1000,350,21.000000,0.000000,1,5,3807445,1127,22.600000,1127,-18,0,137,5
1000,350,21.000000,0.000000,1,5,3807448,1128,22.600000,1128,-18,0,137,5
1000,350,21.000000,0.000000,1,5,3807451,1129,22.600000,1129,-18,0,137,5
1000,350,21.000000,0.000000,1,5,3807453,1130,22.600000,1130,-18,0,137,5
1000,350,21.000000,0.000000,1,5,3807456,1131,21.600000,1131,-19,0,137,5
1000,350,21.000000,0.000000,1,5,3807459,1132,21.600000,1132,-19,0,137,5
1000,350,21.000000,0.000000,1,5,3807462,1135,21.600000,1135,-19,0,137,5
1000,350,21.000000,0.000000,1,5,3807465,1137,21.600000,1137,-19,0,137,5
1000,350,21.000000,0.000000,1,5,3807468,1138,20.600000,1138,-20,0,137,5
1000,350,21.000000,0.000000,1,5,3807470,1140,19.600000,1140,-21,0,137,5
1000,350,21.000000,0.000000,1,5,3807473,1140,18.600000,1140,-22,0,137,5
1000,350,21.000000,0.000000,1,5,3807476,1142,18.600000,1142,-22,0,137,5
1000,350,21.000000,0.000000,1,5,3807479,1144,18.600000,1144,-22,0,137,5
1000,350,21.000000,0.000000,1,5,3807481,1144,18.600000,1144,-22,0,137,5
1000,350,21.000000,0.000000,1,5,3807484,1145,18.600000,1145,-22,0,137,5
1000,350,21.000000,0.000000,1,5,3807487,1146,18.600000,1146,-22,0,137,5
1000,350,21.000000,0.000000,1,5,3807490,1146,18.600000,1146,-22,0,137,5
1000,350,21.000000,0.000000,1,5,3807492,1146,18.600000,1146,-22,0,137,5
1000,350,21.000000,0.000000,1,5,3807495,1146,18.600000,1146,-22,0,137,5
1000,350,21.000000,0.000000,1,5,3807498,1146,18.600000,1146,-22,0,137,5
1000,350,21.000000,0.000000,1,5,3807501,1146,18.600000,1146,-22,0,137,5
1000,350,21.000000,0.000000,1,5,3807503,1146,18.600000,1146,-22,0,137,5
1000,350,21.000000,0.000000,1,5,3807506,1146,18.600000,1146,-22,0,137,5
1000,350,21.000000,0.000000,1,5,3807509,1146,18.600000,1146,-22,0,137,5
1000,350,21.000000,0.000000,1,5,3807512,1146,18.600000,1146,-22,0,137,5
1000,350,21.000000,0.000000,1,5,3807515,1146,18.600000,1146,-22,0,137,5
1000,350,21.000000,0.000000,1,5,3807517,1146,18.600000,1146,-22,0,137,5
1000,350,21.000000,0.000000,1,5,3807520,1146,18.600000,1146,-22,0,137,5
1000,350,21.000000,0.000000,1,5,3807523,1146,18.600000,1146,-22,0,137,5
1000,350,21.000000,0.000000,1,5,3807526,1146,18.600000,1146,-22,0,137,5
1000,350,21.000000,0.000000,1,5,3807528,1146,18.600000,1146,-22,0,137,5
1000,350,21.000000,0.000000,1,5,3807531,1146,18.600000,1146,-22,0,137,5
1000,350,21.000000,0.000000,1,5,3807534,1146,18.600000,1146,-22,0,137,5
1000,350,21.000000,0.000000,1,5,3807537,1146,18.600000,1146,-22,0,137,5
1000,350,21.000000,0.000000,1,5,3807539,1146,18.600000,1146,-22,0,137,5
1000,350,21.000000,0.000000,1,5,3807542,1146,18.600000,1146,-22,0,137,5
1000,350,21.000000,0.000000,1,5,3807545,1146,18.600000,1146,-22,0,137,5
1000,350,21.000000,0.000000,1,5,3807548,1146,18.600000,1146,-22,0,137,5
1000,350,21.000000,0.000000,1,5,3807551,1146,18.600000,1146,-22,0,137,5
1000,350,21.000000,0.000000,1,5,3807553,1146,18.600000,1146,-22,0,137,5
1000,350,21.000000,0.000000,1,5,3807556,1146,18.600000,1146,-22,0,137,5
1000,350,21.000000,0.000000,1,5,3807559,1146,18.600000,1146,-22,0,137,5
1000,350,21.000000,0.000000,1,5,3807562,1146,18.600000,1146,-22,0,137,5
1000,350,21.000000,0.000000,1,5,3807565,1146,17.600000,1146,-23,0,137,5
1000,350,21.000000,0.000000,1,5,3807568,1146,17.600000,1146,-23,0,137,5
1000,350,21.000000,0.000000,1,5,3807571,1147,17.600000,1147,-23,0,137,5
1000,350,21.000000,0.000000,1,5,3807574,1147,17.600000,1147,-23,0,137,5
1000,350,21.000000,0.000000,1,5,3807577,1147,17.600000,1147,-23,0,137,5
1000,350,21.000000,0.000000,1,5,3807579,1147,17.600000,1147,-23,0,137,5
1000,350,21.000000,0.000000,1,5,3807582,1147,17.600000,1147,-23,0,137,5
1000,350,21.000000,0.000000,1,5,3807585,1147,17.600000,1147,-23,0,137,5
1000,350,21.000000,0.000000,1,5,3807588,1147,17.600000,1147,-23,0,137,5
1000,350,21.000000,0.000000,1,5,3807590,1147,17.600000,1147,-23,0,137,5
1000,350,21.000000,0.000000,1,5,3807593,1147,17.600000,1147,-23,0,137,5
1000,350,21.000000,0.000000,1,5,3807596,1147,17.600000,1147,-23,0,137,5
1000,350,21.000000,0.000000,1,5,3807599,1147,17.600000,1147,-23,0,137,5
1000,350,21.000000,0.000000,1,5,3807601,1147,17.600000,1147,-23,0,137,5
1000,350,21.000000,0.000000,1,5,3807604,1147,17.600000,1147,-23,0,137,5
1000,350,21.000000,0.000000,1,5,3807607,1147,17.600000,1147,-23,0,137,5
1000,350,21.000000,0.000000,1,5,3807610,1147,17.600000,1147,-23,0,137,5
1000,350,21.000000,0.000000,1,5,3807612,1147,17.600000,1147,-23,0,137,5
1000,350,21.000000,0.000000,1,5,3807615,1147,17.600000,1147,-23,0,137,5
1000,350,21.000000,0.000000,1,5,3807618,1147,17.600000,1147,-23,0,137,5
1000,350,21.000000,0.000000,1,5,3807621,1147,17.600000,1147,-23,0,137,5
1000,350,21.000000,0.000000,1,5,3807623,1147,17.600000,1147,-23,0,137,5
1000,350,21.000000,0.000000,1,5,3807626,1147,17.600000,1147,-23,0,137,5
1000,350,21.000000,0.000000,1,5,3807629,1147,17.600000,1147,-23,0,137,5
1000,350,21.000000,0.000000,1,5,3807632,1147,17.600000,1147,-23,0,137,5
1000,350,21.000000,0.000000,1,5,3807634,1147,16.600000,1147,-24,0,137,5
1000,350,21.000000,0.000000,1,5,3807637,1147,15.600000,1147,-25,0,137,5
1000,350,21.000000,0.000000,1,5,3807640,1147,15.600000,1147,-25,0,137,5
1000,350,21.000000,0.000000,1,5,3807643,1147,15.600000,1147,-25,0,137,5
1000,350,21.000000,0.000000,1,5,3807645,1147,15.600000,1147,-25,0,137,5
1000,350,21.000000,0.000000,1,5,3807648,1147,15.600000,1147,-25,0,137,5
1000,350,21.000000,0.000000,1,5,3807651,1147,15.600000,1147,-25,0,137,5
1000,350,21.000000,0.000000,1,5,3807654,1147,15.600000,1147,-25,0,137,5
1000,350,21.000000,0.000000,1,5,3807656,1146,15.600000,1146,-25,0,137,5
1000,350,21.000000,0.000000,1,5,3807659,1145,15.600000,1145,-25,0,137,5
1000,350,21.000000,0.000000,1,5,3807662,1145,15.600000,1145,-25,0,137,5
1000,350,21.000000,0.000000,1,5,3807665,1145,15.600000,1145,-25,0,137,5
1000,350,21.000000,0.000000,1,5,3807667,1145,15.600000,1145,-25,0,137,5
1000,350,21.000000,0.000000,1,5,3807670,1145,15.600000,1145,-25,0,137,5
1000,350,21.000000,0.000000,1,5,3807673,1145,15.600000,1145,-25,0,137,5
1000,350,21.000000,0.000000,1,5,3807676,1145,15.600000,1145,-25,0,137,5
1000,350,21.000000,0.000000,1,5,3807688,1145,15.600000,1145,-25,0,137,5
