1000,700,21.000000,42.000000,1,2,2674441,602,0,602,0,0,73,5
1000,700,21.000000,42.000000,1,2,2674441,602,0,602,0,0,73,5
1000,700,21.000000,42.000000,1,2,2674444,602,0,602,0,0,73,5
1000,700,21.000000,42.000000,1,2,2674447,602,0,602,0,0,73,5
1000,700,21.000000,42.000000,1,2,2674450,602,0,602,0,0,73,5
1000,700,21.000000,42.000000,1,2,2674452,602,0,602,0,0,73,5
1000,700,21.000000,42.000000,1,2,2674455,602,0,602,0,0,73,5
1000,700,21.000000,42.000000,1,2,2674458,602,0,602,0,0,73,5
1000,700,21.000000,42.000000,1,2,2674461,602,0,602,0,0,73,5
1000,700,21.000000,42.000000,1,2,2674463,602,0,602,0,0,73,5
1000,700,21.000000,42.000000,1,2,2674466,602,0,602,0,0,73,5
1000,700,21.000000,42.000000,1,2,2674469,602,0,602,0,0,73,5
1000,700,21.000000,42.000000,1,2,2674472,602,0,602,0,0,73,5
1000,700,21.000000,42.000000,1,2,2674475,602,0,602,0,0,73,5
1000,700,21.000000,42.000000,1,2,2674477,602,0,602,0,0,73,5
1000,700,21.000000,42.000000,1,2,2674480,602,0,602,0,0,73,5
1000,700,21.000000,42.000000,1,2,2674483,602,0,602,0,0,73,5
1000,700,21.000000,42.000000,1,2,2674486,602,0,602,0,0,73,5
1000,700,21.000000,42.000000,1,2,2674488,602,0,602,0,0,73,5
1000,700,21.000000,42.000000,1,2,2674491,602,0,602,0,0,73,5
1000,700,21.000000,42.000000,1,2,2674494,602,0,602,0,0,73,5
1000,700,21.000000,42.000000,1,2,2674497,602,0,602,0,0,73,5
1000,700,21.000000,42.000000,1,2,2674500,602,0,602,0,0,73,5
1000,700,21.000000,42.000000,1,2,2674502,602,0,602,0,0,73,5
1000,700,21.000000,42.000000,1,2,2674505,602,0,602,0,0,73,5
1000,700,21.000000,42.000000,1,2,2674508,602,0,602,0,0,73,5
1000,700,21.000000,42.000000,1,2,2674511,602,0,602,0,0,73,5
1000,700,21.000000,42.000000,1,2,2674513,602,0,602,0,0,73,5
1000,700,21.000000,42.000000,1,2,2674516,602,0,602,0,0,73,5
1000,700,21.000000,42.000000,1,2,2674519,602,0,602,0,0,73,5
1000,700,21.000000,42.000000,1,2,2674522,602,0,602,0,0,73,5
1000,700,21.000000,42.000000,1,2,2674525,602,0,602,0,0,73,5
1000,700,21.000000,42.000000,1,2,2674527,602,0,602,0,0,73,5
1000,700,21.000000,42.000000,1,2,2674530,602,0,602,0,0,73,5
1000,700,21.000000,42.000000,1,2,2674533,602,0,602,0,0,73,5
1000,700,21.000000,42.000000,1,2,2674536,602,0,602,0,0,73,5
1000,700,21.000000,42.000000,1,2,2674538,602,0,602,0,0,73,5
1000,700,21.000000,42.000000,1,2,2674541,602,0,602,0,0,73,5
1000,700,21.000000,42.000000,1,2,2674544,602,0,602,0,0,73,5
1000,700,21.000000,42.000000,1,2,2674547,602,0,602,0,0,73,5
1000,700,21.000000,42.000000,1,2,2674550,602,0,602,0,0,73,5
1000,700,21.000000,42.000000,1,2,2674553,602,0,602,0,0,73,5
1000,700,21.000000,42.000000,1,2,2674556,602,0,602,0,0,73,5
1000,700,21.000000,42.000000,1,2,2674559,602,0,602,0,0,73,5
1000,700,21.000000,42.000000,1,2,2674562,602,0,602,0,0,73,5
1000,700,21.000000,42.000000,1,2,2674565,602,0,602,0,0,73,5
1000,700,21.000000,42.000000,1,2,2674568,602,0,602,0,0,73,5
1000,700,21.000000,42.000000,1,2,2674571,602,0,602,0,0,73,5
1000,700,21.000000,42.000000,1,2,2674573,602,0,602,0,0,73,5
1000,700,21.000000,42.000000,1,2,2674576,602,0,602,0,0,73,5
1000,700,21.000000,42.000000,1,2,2674579,602,0,602,0,0,73,5
1000,700,21.000000,42.000000,1,2,2674581,602,0,602,0,0,73,5
1000,700,21.000000,42.000000,1,2,2674584,602,0,602,0,0,73,5
1000,700,21.000000,42.000000,1,2,2674587,602,0,602,0,0,73,5
1000,700,21.000000,42.000000,1,2,2674590,602,0,602,0,0,73,5
1000,700,21.000000,42.000000,1,2,2674592,602,0,602,0,0,73,5
1000,700,21.000000,42.000000,1,2,2674595,602,0,602,0,0,73,5
1000,700,21.000000,42.000000,1,2,2674598,602,0,602,0,0,73,5
1000,700,21.000000,42.000000,1,2,2674601,602,0,602,0,0,73,5
1000,700,21.000000,42.000000,1,2,2674603,602,0,602,0,0,73,5
1000,700,21.000000,42.000000,1,2,2674606,602,0,602,0,0,73,5
1000,700,21.000000,42.000000,1,2,2674609,602,0,602,0,0,73,5
1000,700,21.000000,42.000000,1,2,2674611,602,0,602,0,0,73,5
1000,700,21.000000,42.000000,1,2,2674614,602,0,602,0,0,73,5
1000,700,21.000000,42.000000,1,2,2674617,602,0,602,0,0,73,5
1000,700,21.000000,42.000000,1,2,2674620,602,0,602,0,0,73,5
1000,700,21.000000,42.000000,1,2,2674622,602,0,602,0,0,73,5
1000,700,21.000000,42.000000,1,2,2674625,602,0,602,0,0,73,5
1000,700,21.000000,42.000000,1,2,2674628,602,0,602,0,0,73,5
1000,700,21.000000,42.000000,1,2,2674630,602,0,602,0,0,73,5
1000,700,21.000000,42.000000,1,2,2674633,602,0,602,0,0,73,5
1000,700,21.000000,42.000000,1,2,2674636,602,0,602,0,0,73,5
1000,700,21.000000,42.000000,1,2,2674639,603,0,603,0,0,73,5
1000,700,21.000000,42.000000,1,2,2674642,603,0,603,0,0,73,5
1000,700,21.000000,42.000000,1,2,2674644,604,0,604,0,0,73,5
1000,700,21.000000,42.000000,1,2,2674647,604,1,604,1,0,73,5
1000,700,21.000000,42.000000,1,2,2674650,605,1,605,1,0,73,5
1000,700,21.000000,42.000000,1,2,2674653,606,1,606,1,0,73,5
1000,700,21.000000,42.000000,1,2,2674656,607,1,607,1,0,73,5
1000,700,21.000000,42.000000,1,2,2674658,608,1,608,1,0,73,5
1000,700,21.000000,42.000000,1,2,2674661,610,1,610,1,0,73,5
1000,700,21.000000,42.000000,1,2,2674664,613,1,613,1,0,73,5
1000,700,21.000000,42.000000,1,2,2674667,616,2,616,2,0,73,5
1000,700,21.000000,42.000000,1,2,2674670,619,3,619,3,0,73,5
1000,700,21.000000,42.000000,1,2,2674672,624,3,624,3,0,73,5
1000,700,21.000000,42.000000,1,2,2674675,629,4,629,4,0,73,5
1000,700,21.000000,42.000000,1,2,2674678,634,4,634,4,0,73,5
1000,700,21.000000,42.000000,1,2,2674681,640,5,640,5,0,73,5
1000,700,21.000000,42.000000,1,2,2674684,650,6,650,6,0,73,5
1000,700,21.000000,42.000000,1,2,2674687,661,7,661,7,0,73,5
1000,700,21.000000,42.000000,1,2,2674690,672,9,672,9,0,73,5
1000,700,21.000000,42.000000,1,2,2674693,683,9,683,9,0,73,5
1000,700,21.000000,42.000000,1,2,2674695,698,10,698,10,0,73,5
1000,700,21.000000,42.000000,1,2,2674698,707,11,707,11,0,73,5
1000,700,21.000000,42.000000,1,2,2674701,724,12,724,12,0,73,5
1000,700,21.000000,42.000000,1,2,2674704,732,13,732,13,0,73,5
1000,700,21.000000,42.000000,1,2,2674707,754,15,754,15,0,73,5
1000,700,21.000000,42.000000,1,2,2674710,772,17,772,17,0,73,5
1000,700,21.000000,42.000000,1,2,2674712,788,18,788,18,0,73,5
1000,700,21.000000,42.000000,1,2,2674715,806,19,806,19,0,73,5
1000,700,21.000000,42.000000,1,2,2674718,823,20,823,20,0,73,5
1000,700,21.000000,42.000000,1,2,2674721,854,22,854,22,0,73,5
1000,700,21.000000,42.000000,1,2,2674724,871,23,871,23,0,73,5
1000,700,21.000000,42.000000,1,2,2674726,888,24,888,24,0,73,5
1000,700,21.000000,42.000000,1,2,2674729,904,25,904,25,0,73,5
1000,700,21.000000,42.000000,1,2,2674732,934,27,934,27,0,73,5
1000,700,21.000000,42.000000,1,2,2674735,952,28,952,28,0,73,5
1000,700,21.000000,42.000000,1,2,2674738,969,29,969,29,0,73,5
1000,700,21.000000,42.000000,1,2,2674740,986,30,986,30,0,73,5
1000,700,21.000000,42.000000,1,2,2674743,1016,32,1016,32,0,73,5
1000,700,21.000000,42.000000,1,2,2674746,1033,33,1033,33,0,73,5
1000,700,21.000000,42.000000,1,2,2674749,1051,34,1051,34,0,73,5
1000,700,21.000000,42.000000,1,2,2674752,1067,35,1067,35,0,73,5
1000,700,21.000000,42.000000,1,2,2674754,1097,37,1097,37,0,73,5
1000,700,21.000000,42.000000,1,2,2674757,1113,38,1113,38,0,73,5
1000,700,21.000000,42.000000,1,2,2674760,1131,39,1131,39,0,73,5
1000,700,21.000000,42.000000,1,2,2674763,1148,40,1148,40,0,73,5
1000,700,21.000000,42.000000,1,2,2674766,1164,41,1164,41,0,73,5
1000,700,21.000000,42.000000,1,2,2674769,1190,42,1190,42,0,73,5
1000,700,21.000000,42.000000,1,2,2674772,1201,43,1201,43,0,73,5
1000,700,21.000000,42.000000,1,2,2674775,1222,44,1222,44,0,73,5
1000,700,21.000000,42.000000,1,2,2674778,1244,45,1244,45,0,73,5
1000,700,21.000000,42.000000,1,2,2674781,1261,46,1261,46,0,73,5
1000,700,21.000000,42.000000,1,2,2674783,1277,47,1277,47,0,73,5
1000,700,21.000000,42.000000,1,2,2674786,1288,47,1288,47,0,73,5
1000,700,21.000000,42.000000,1,2,2674789,1308,48,1308,48,0,73,5
1000,700,21.000000,42.000000,1,2,2674792,1328,48,1328,48,0,73,5
1000,700,21.000000,42.000000,1,2,2674795,1342,48,1342,48,0,73,5
1000,700,21.000000,42.000000,1,2,2674798,1367,48,1367,48,0,73,5
1000,700,21.000000,42.000000,1,2,2674801,1378,48,1378,48,0,73,5
1000,700,21.000000,42.000000,1,2,2674803,1397,48,1397,48,0,73,5
1000,700,21.000000,42.000000,1,2,2674806,1411,48,1411,48,0,73,5
1000,700,21.000000,42.000000,1,2,2674809,1426,48,1426,48,0,73,5
1000,700,21.000000,42.000000,1,2,2674812,1434,48,1434,48,0,73,5
1000,700,21.000000,42.000000,1,2,2674815,1440,48,1440,48,0,73,5
1000,700,21.000000,42.000000,1,2,2674817,1454,47,1454,47,0,73,5
1000,700,21.000000,42.000000,1,2,2674820,1463,47,1463,47,0,73,5
1000,700,21.000000,42.000000,1,2,2674823,1470,47,1470,47,0,73,5
1000,700,21.000000,42.000000,1,2,2674826,1478,47,1478,47,0,73,5
1000,700,21.000000,42.000000,1,2,2674829,1490,46,1490,46,0,73,5
1000,700,21.000000,42.000000,1,2,2674832,1494,45,1494,45,0,73,5
1000,700,21.000000,42.000000,1,2,2674834,1501,44,1501,44,0,73,5
1000,700,21.000000,42.000000,1,2,2674837,1507,43,1507,43,0,73,5
1000,700,21.000000,42.000000,1,2,2674840,1512,43,1512,43,0,73,5
1000,700,21.000000,42.000000,1,2,2674843,1515,43,1515,43,0,73,5
1000,700,21.000000,42.000000,1,2,2674846,1519,42,1519,42,0,73,5
1000,700,21.000000,42.000000,1,2,2674849,1525,41,1525,41,0,73,5
1000,700,21.000000,42.000000,1,2,2674852,1527,41,1527,41,0,73,5
1000,700,21.000000,42.000000,1,2,2674854,1530,41,1530,41,0,73,5
1000,700,21.000000,42.000000,1,2,2674857,1532,41,1532,41,0,73,5
1000,700,21.000000,42.000000,1,2,2674860,1535,40,1535,40,0,73,5
1000,700,21.000000,42.000000,1,2,2674863,1537,40,1537,40,0,73,5
1000,700,21.000000,42.000000,1,2,2674866,1537,39,1537,39,0,73,5
1000,700,21.000000,42.000000,1,2,2674868,1537,39,1537,39,0,73,5
1000,700,21.000000,42.000000,1,2,2674871,1538,39,1538,39,0,73,5
1000,700,21.000000,42.000000,1,2,2674874,1538,39,1538,39,0,73,5
1000,700,21.000000,42.000000,1,2,2674877,1538,39,1538,39,0,73,5
1000,700,21.000000,42.000000,1,2,2674879,1538,39,1538,39,0,73,5
1000,700,21.000000,42.000000,1,2,2674882,1538,39,1538,39,0,73,5
1000,700,21.000000,42.000000,1,2,2674885,1538,39,1538,39,0,73,5
1000,700,21.000000,42.000000,1,2,2674888,1538,38,1538,38,0,73,5
1000,700,21.000000,42.000000,1,2,2674890,1538,38,1538,38,0,73,5
1000,700,21.000000,42.000000,1,2,2674893,1538,38,1538,38,0,73,5
1000,700,21.000000,42.000000,1,2,2674896,1538,38,1538,38,0,73,5
1000,700,21.000000,42.000000,1,2,2674899,1538,38,1538,38,0,73,5
1000,700,21.000000,42.000000,1,2,2674901,1538,37,1538,37,0,73,5
1000,700,21.000000,42.000000,1,2,2674904,1538,37,1538,37,0,73,5
1000,700,21.000000,42.000000,1,2,2674907,1538,37,1538,37,0,73,5
1000,700,21.000000,42.000000,1,2,2674910,1538,37,1538,37,0,73,5
1000,700,21.000000,42.000000,1,2,2674912,1538,37,1538,37,0,73,5
1000,700,21.000000,42.000000,1,2,2674915,1538,37,1538,37,0,73,5
1000,700,21.000000,42.000000,1,2,2674918,1538,37,1538,37,0,73,5
1000,700,21.000000,42.000000,1,2,2674920,1538,37,1538,37,0,73,5
1000,700,21.000000,42.000000,1,2,2674923,1538,37,1538,37,0,73,5
1000,700,21.000000,42.000000,1,2,2674926,1537,37,1537,37,0,73,5
1000,700,21.000000,42.000000,1,2,2674929,1537,37,1537,37,0,73,5
1000,700,21.000000,42.000000,1,2,2674932,1537,37,1537,37,0,73,5
1000,700,21.000000,42.000000,1,2,2674935,1537,36,1537,36,0,73,5
1000,700,21.000000,42.000000,1,2,2674937,1536,36,1536,36,0,73,5
1000,700,21.000000,42.000000,1,2,2674940,1536,36,1536,36,0,73,5
1000,700,21.000000,42.000000,1,2,2674943,1536,36,1536,36,0,73,5
1000,700,21.000000,42.000000,1,2,2674946,1536,36,1536,36,0,73,5
1000,700,21.000000,42.000000,1,2,2674949,1536,35,1536,35,0,73,5
1000,700,21.000000,42.000000,1,2,2674951,1536,35,1536,35,0,73,5
1000,700,21.000000,42.000000,1,2,2674954,1535,35,1535,35,0,73,5
1000,700,21.000000,42.000000,1,2,2674957,1534,34,1534,34,0,73,5
1000,700,21.000000,42.000000,1,2,2674960,1533,34,1533,34,0,73,5
1000,700,21.000000,42.000000,1,2,2674962,1532,34,1532,34,0,73,5
1000,700,21.000000,42.000000,1,2,2674965,1530,34,1530,34,0,73,5
1000,700,21.000000,42.000000,1,2,2674968,1529,33,1529,33,0,73,5
1000,700,21.000000,42.000000,1,2,2674971,1527,33,1527,33,0,73,5
1000,700,21.000000,42.000000,1,2,2674974,1526,32,1526,32,0,73,5
1000,700,21.000000,42.000000,1,2,2674977,1525,32,1525,32,0,73,5
1000,700,21.000000,42.000000,1,2,2674979,1523,32,1523,32,0,73,5
1000,700,21.000000,42.000000,1,2,2674982,1521,31,1521,31,0,73,5
1000,700,21.000000,42.000000,1,2,2674985,1518,30,1518,30,0,73,5
1000,700,21.000000,42.000000,1,2,2674988,1516,29,1516,29,0,73,5
1000,700,21.000000,42.000000,1,2,2674991,1513,29,1513,29,0,73,5
1000,700,21.000000,42.000000,1,2,2674994,1509,28,1509,28,0,73,5
1000,700,21.000000,42.000000,1,2,2674996,1506,28,1506,28,0,73,5
1000,700,21.000000,42.000000,1,2,2674999,1503,27,1503,27,0,73,5
1000,700,21.000000,42.000000,1,2,2675002,1500,27,1500,27,0,73,5
1000,700,21.000000,42.000000,1,2,2675005,1497,26,1497,26,0,73,5
1000,700,21.000000,42.000000,1,2,2675008,1489,25,1489,25,0,73,5
1000,700,21.000000,42.000000,1,2,2675011,1485,25,1485,25,0,73,5
1000,700,21.000000,42.000000,1,2,2675014,1481,24,1481,24,0,73,5
1000,700,21.000000,42.000000,1,2,2675017,1474,23,1474,23,0,73,5
1000,700,21.000000,42.000000,1,2,2675019,1470,22,1470,22,0,73,5
1000,700,21.000000,42.000000,1,2,2675022,1466,22,1466,22,0,73,5
1000,700,21.000000,42.000000,1,2,2675025,1463,22,1463,22,0,73,5
1000,700,21.000000,42.000000,1,2,2675028,1459,22,1459,22,0,73,5
1000,700,21.000000,42.000000,1,2,2675031,1456,22,1456,22,0,73,5
1000,700,21.000000,42.000000,1,2,2675033,1453,22,1453,22,0,73,5
1000,700,21.000000,42.000000,1,2,2675036,1450,21,1450,21,0,73,5
1000,700,21.000000,42.000000,1,2,2675039,1448,20,1448,20,0,73,5
1000,700,21.000000,42.000000,1,2,2675042,1446,20,1446,20,0,73,5
1000,700,21.000000,42.000000,1,2,2675045,1440,20,1440,20,0,73,5
1000,700,21.000000,42.000000,1,2,2675047,1436,19,1436,19,0,73,5
1000,700,21.000000,42.000000,1,2,2675050,1434,18,1434,18,0,73,5
1000,700,21.000000,42.000000,1,2,2675053,1430,18,1430,18,0,73,5
1000,700,21.000000,42.000000,1,2,2675056,1427,17,1427,17,0,73,5
1000,700,21.000000,42.000000,1,2,2675058,1426,17,1426,17,0,73,5
1000,700,21.000000,42.000000,1,2,2675061,1421,17,1421,17,0,73,5
1000,700,21.000000,42.000000,1,2,2675064,1418,17,1418,17,0,73,5
1000,700,21.000000,42.000000,1,2,2675067,1415,17,1415,17,0,73,5
1000,700,21.000000,42.000000,1,2,2675070,1414,17,1414,17,0,73,5
1000,700,21.000000,42.000000,1,2,2675072,1413,17,1413,17,0,73,5
1000,700,21.000000,42.000000,1,2,2675075,1410,17,1410,17,0,73,5
1000,700,21.000000,42.000000,1,2,2675078,1407,16,1407,16,0,73,5
1000,700,21.000000,42.000000,1,2,2675081,1405,15,1405,15,0,73,5
1000,700,21.000000,42.000000,1,2,2675084,1403,15,1403,15,0,73,5
1000,700,21.000000,42.000000,1,2,2675086,1402,15,1402,15,0,73,5
1000,700,21.000000,42.000000,1,2,2675089,1401,15,1401,15,0,73,5
1000,700,21.000000,42.000000,1,2,2675092,1399,15,1399,15,0,73,5
1000,700,21.000000,42.000000,1,2,2675095,1397,15,1397,15,0,73,5
1000,700,21.000000,42.000000,1,2,2675098,1395,15,1395,15,0,73,5
1000,700,21.000000,42.000000,1,2,2675100,1394,15,1394,15,0,73,5
1000,700,21.000000,42.000000,1,2,2675103,1392,14,1392,14,0,73,5
1000,700,21.000000,42.000000,1,2,2675106,1390,14,1390,14,0,73,5
1000,700,21.000000,42.000000,1,2,2675109,1388,14,1388,14,0,73,5
1000,700,21.000000,42.000000,1,2,2675112,1386,14,1386,14,0,73,5
1000,700,21.000000,42.000000,1,2,2675114,1384,14,1384,14,0,73,5
1000,700,21.000000,42.000000,1,2,2675117,1383,14,1383,14,0,73,5
1000,700,21.000000,42.000000,1,2,2675120,1381,14,1381,14,0,73,5
1000,700,21.000000,42.000000,1,2,2675123,1379,14,1379,14,0,73,5
1000,700,21.000000,42.000000,1,2,2675126,1378,14,1378,14,0,73,5
1000,700,21.000000,42.000000,1,2,2675128,1377,14,1377,14,0,73,5
1000,700,21.000000,42.000000,1,2,2675131,1375,14,1375,14,0,73,5
1000,700,21.000000,42.000000,1,2,2675134,1374,14,1374,14,0,73,5
1000,700,21.000000,42.000000,1,2,2675137,1373,13,1373,13,0,73,5
1000,700,21.000000,42.000000,1,2,2675140,1372,13,1372,13,0,73,5
1000,700,21.000000,42.000000,1,2,2675142,1370,13,1370,13,0,73,5
1000,700,21.000000,42.000000,1,2,2675145,1369,13,1369,13,0,73,5
1000,700,21.000000,42.000000,1,2,2675148,1368,13,1368,13,0,73,5
1000,700,21.000000,42.000000,1,2,2675151,1367,13,1367,13,0,73,5
1000,700,21.000000,42.000000,1,2,2675153,1366,13,1366,13,0,73,5
1000,700,21.000000,42.000000,1,2,2675156,1365,13,1365,13,0,73,5
1000,700,21.000000,42.000000,1,2,2675159,1364,13,1364,13,0,73,5
1000,700,21.000000,42.000000,1,2,2675162,1363,13,1363,13,0,73,5
1000,700,21.000000,42.000000,1,2,2675164,1363,12,1363,12,0,73,5
1000,700,21.000000,42.000000,1,2,2675167,1362,12,1362,12,0,73,5
1000,700,21.000000,42.000000,1,2,2675170,1362,12,1362,12,0,73,5
1000,700,21.000000,42.000000,1,2,2675173,1361,12,1361,12,0,73,5
1000,700,21.000000,42.000000,1,2,2675176,1361,12,1361,12,0,73,5
1000,700,21.000000,42.000000,1,2,2675178,1360,11,1360,11,0,73,5
1000,700,21.000000,42.000000,1,2,2675181,1360,11,1360,11,0,73,5
1000,700,21.000000,42.000000,1,2,2675184,1359,11,1359,11,0,73,5
1000,700,21.000000,42.000000,1,2,2675187,1359,11,1359,11,0,73,5
1000,700,21.000000,42.000000,1,2,2675190,1359,11,1359,11,0,73,5
1000,700,21.000000,42.000000,1,2,2675192,1358,11,1358,11,0,73,5
1000,700,21.000000,42.000000,1,2,2675195,1358,11,1358,11,0,73,5
1000,700,21.000000,42.000000,1,2,2675198,1357,11,1357,11,0,73,5
1000,700,21.000000,42.000000,1,2,2675201,1357,11,1357,11,0,73,5
1000,700,21.000000,42.000000,1,2,2675204,1357,11,1357,11,0,73,5
1000,700,21.000000,42.000000,1,2,2675206,1356,11,1356,11,0,73,5
1000,700,21.000000,42.000000,1,2,2675209,1355,11,1355,11,0,73,5
1000,700,21.000000,42.000000,1,2,2675212,1354,11,1354,11,0,73,5
1000,700,21.000000,42.000000,1,2,2675215,1354,11,1354,11,0,73,5
1000,700,21.000000,42.000000,1,2,2675218,1353,10,1353,10,0,73,5
1000,700,21.000000,42.000000,1,2,2675220,1352,10,1352,10,0,73,5
1000,700,21.000000,42.000000,1,2,2675223,1352,10,1352,10,0,73,5
1000,700,21.000000,42.000000,1,2,2675226,1351,10,1351,10,0,73,5
1000,700,21.000000,42.000000,1,2,2675229,1350,10,1350,10,0,73,5
1000,700,21.000000,42.000000,1,2,2675232,1350,10,1350,10,0,73,5
1000,700,21.000000,42.000000,1,2,2675234,1348,10,1348,10,0,73,5
1000,700,21.000000,42.000000,1,2,2675237,1348,10,1348,10,0,73,5
1000,700,21.000000,42.000000,1,2,2675240,1348,10,1348,10,0,73,5
1000,700,21.000000,42.000000,1,2,2675243,1347,10,1347,10,0,73,5
1000,700,21.000000,42.000000,1,2,2675245,1346,10,1346,10,0,73,5
1000,700,21.000000,42.000000,1,2,2675248,1346,10,1346,10,0,73,5
1000,700,21.000000,42.000000,1,2,2675251,1345,10,1345,10,0,73,5
1000,700,21.000000,42.000000,1,2,2675254,1344,10,1344,10,0,73,5
1000,700,21.000000,42.000000,1,2,2675257,1344,9,1344,9,0,73,5
1000,700,21.000000,42.000000,1,2,2675259,1343,9,1343,9,0,73,5
1000,700,21.000000,42.000000,1,2,2675262,1342,9,1342,9,0,73,5
1000,700,21.000000,42.000000,1,2,2675265,1341,9,1341,9,0,73,5
1000,700,21.000000,42.000000,1,2,2675268,1341,9,1341,9,0,73,5
1000,700,21.000000,42.000000,1,2,2675270,1339,9,1339,9,0,73,5
1000,700,21.000000,42.000000,1,2,2675273,1338,9,1338,9,0,73,5
1000,700,21.000000,42.000000,1,2,2675276,1337,9,1337,9,0,73,5
1000,700,21.000000,42.000000,1,2,2675279,1336,9,1336,9,0,73,5
1000,700,21.000000,42.000000,1,2,2675282,1335,9,1335,9,0,73,5
1000,700,21.000000,42.000000,1,2,2675284,1333,9,1333,9,0,73,5
1000,700,21.000000,42.000000,1,2,2675287,1332,9,1332,9,0,73,5
1000,700,21.000000,42.000000,1,2,2675290,1331,8,1331,8,0,73,5
1000,700,21.000000,42.000000,1,2,2675293,1330,7,1330,7,0,73,5
1000,700,21.000000,42.000000,1,2,2675296,1329,7,1329,7,0,73,5
1000,700,21.000000,42.000000,1,2,2675299,1328,7,1328,7,0,73,5
1000,700,21.000000,42.000000,1,2,2675301,1327,7,1327,7,0,73,5
1000,700,21.000000,42.000000,1,2,2675304,1326,7,1326,7,0,73,5
1000,700,21.000000,42.000000,1,2,2675307,1325,7,1325,7,0,73,5
1000,700,21.000000,42.000000,1,2,2675310,1324,7,1324,7,0,73,5
1000,700,21.000000,42.000000,1,2,2675312,1323,7,1323,7,0,73,5
1000,700,21.000000,42.000000,1,2,2675315,1322,7,1322,7,0,73,5
1000,700,21.000000,42.000000,1,2,2675318,1322,7,1322,7,0,73,5
1000,700,21.000000,42.000000,1,2,2675321,1322,7,1322,7,0,73,5
1000,700,21.000000,42.000000,1,2,2675323,1322,7,1322,7,0,73,5
1000,700,21.000000,42.000000,1,2,2675326,1321,7,1321,7,0,73,5
1000,700,21.000000,42.000000,1,2,2675329,1321,7,1321,7,0,73,5
1000,700,21.000000,42.000000,1,2,2675332,1321,7,1321,7,0,73,5
1000,700,21.000000,42.000000,1,2,2675334,1321,7,1321,7,0,73,5
1000,700,21.000000,42.000000,1,2,2675337,1321,7,1321,7,0,73,5
1000,700,21.000000,42.000000,1,2,2675340,1321,7,1321,7,0,73,5
1000,700,21.000000,42.000000,1,2,2675343,1321,7,1321,7,0,73,5
1000,700,21.000000,42.000000,1,2,2675346,1321,7,1321,7,0,73,5
1000,700,21.000000,42.000000,1,2,2675348,1321,7,1321,7,0,73,5
1000,700,21.000000,42.000000,1,2,2675351,1321,7,1321,7,0,73,5
1000,700,21.000000,42.000000,1,2,2675354,1321,7,1321,7,0,73,5
1000,700,21.000000,42.000000,1,2,2675356,1321,7,1321,7,0,73,5
1000,700,21.000000,42.000000,1,2,2675359,1321,7,1321,7,0,73,5
1000,700,21.000000,42.000000,1,2,2675362,1321,7,1321,7,0,73,5
1000,700,21.000000,42.000000,1,2,2675365,1321,7,1321,7,0,73,5
1000,700,21.000000,42.000000,1,2,2675367,1321,7,1321,7,0,73,5
1000,700,21.000000,42.000000,1,2,2675370,1321,7,1321,7,0,73,5
1000,700,21.000000,42.000000,1,2,2675373,1321,7,1321,7,0,73,5
1000,700,21.000000,42.000000,1,2,2675376,1321,7,1321,7,0,73,5
1000,700,21.000000,42.000000,1,2,2675379,1321,7,1321,7,0,73,5
1000,700,21.000000,42.000000,1,2,2675381,1321,7,1321,7,0,73,5
1000,700,21.000000,42.000000,1,2,2675384,1321,7,1321,7,0,73,5
1000,700,21.000000,42.000000,1,2,2675387,1321,7,1321,7,0,73,5
1000,700,21.000000,42.000000,1,2,2675389,1321,7,1321,7,0,73,5
1000,700,21.000000,42.000000,1,2,2675392,1321,7,1321,7,0,73,5
1000,700,21.000000,42.000000,1,2,2675395,1321,7,1321,7,0,73,5
1000,700,21.000000,42.000000,1,2,2675398,1321,7,1321,7,0,73,5
1000,700,21.000000,42.000000,1,2,2675400,1321,7,1321,7,0,73,5
1000,700,21.000000,42.000000,1,2,2675403,1321,7,1321,7,0,73,5
1000,700,21.000000,42.000000,1,2,2675406,1321,7,1321,7,0,73,5
1000,700,21.000000,42.000000,1,2,2675409,1321,7,1321,7,0,73,5
1000,700,21.000000,42.000000,1,2,2675411,1321,7,1321,7,0,73,5
1000,700,21.000000,42.000000,1,2,2675414,1321,7,1321,7,0,73,5
1000,700,21.000000,42.000000,1,2,2675417,1321,7,1321,7,0,73,5
1000,700,21.000000,42.000000,1,2,2675420,1321,7,1321,7,0,73,5
1000,700,21.000000,42.000000,1,2,2675422,1321,7,1321,7,0,73,5
1000,700,21.000000,42.000000,1,2,2675425,1321,7,1321,7,0,73,5
1000,700,21.000000,42.000000,1,2,2675428,1321,7,1321,7,0,73,5
1000,700,21.000000,42.000000,1,2,2675431,1321,7,1321,7,0,73,5
1000,700,21.000000,42.000000,1,2,2675433,1321,7,1321,7,0,73,5
1000,700,21.000000,42.000000,1,2,2675436,1321,7,1321,7,0,73,5
1000,700,21.000000,42.000000,1,2,2675439,1321,7,1321,7,0,73,5
1000,700,21.000000,42.000000,1,2,2675442,1321,7,1321,7,0,73,5
1000,700,21.000000,42.000000,1,2,2675445,1321,7,1321,7,0,73,5
1000,700,21.000000,42.000000,1,2,2675447,1321,7,1321,7,0,73,5
1000,700,21.000000,42.000000,1,2,2675450,1321,7,1321,7,0,73,5
1000,700,21.000000,42.000000,1,2,2675453,1321,7,1321,7,0,73,5
1000,700,21.000000,42.000000,1,2,2675456,1321,7,1321,7,0,73,5
1000,700,21.000000,42.000000,1,2,2675458,1321,7,1321,7,0,73,5
1000,700,21.000000,42.000000,1,2,2675461,1321,7,1321,7,0,73,5
1000,700,21.000000,42.000000,1,2,2675464,1321,7,1321,7,0,73,5
1000,700,21.000000,42.000000,1,2,2675467,1321,7,1321,7,0,73,5
1000,700,21.000000,42.000000,1,2,2675470,1321,7,1321,7,0,73,5
1000,700,21.000000,42.000000,1,2,2675472,1321,7,1321,7,0,73,5
1000,700,21.000000,42.000000,1,2,2675485,1321,7,1321,7,0,73,5
