1000,350,21.000000,10000.000000,0,5,3242814,784,0,784,0,0,107,2
1000,350,21.000000,10000.000000,0,5,3242815,784,0,784,0,0,107,2
1000,350,21.000000,10000.000000,0,5,3242818,784,0,784,0,0,107,2
1000,350,21.000000,10000.000000,0,5,3242821,784,0,784,0,0,107,2
1000,350,21.000000,10000.000000,0,5,3242824,784,0,784,0,0,107,2
1000,350,21.000000,10000.000000,0,5,3242826,784,0,784,0,0,107,2
1000,350,21.000000,10000.000000,0,5,3242829,784,0,784,0,0,107,2
1000,350,21.000000,10000.000000,0,5,3242832,784,0,784,0,0,107,2
1000,350,21.000000,10000.000000,0,5,3242834,784,0,784,0,0,107,2
1000,350,21.000000,10000.000000,0,5,3242837,784,0,784,0,0,107,2
1000,350,21.000000,10000.000000,0,5,3242840,784,0,784,0,0,107,2
1000,350,21.000000,10000.000000,0,5,3242843,784,0,784,0,0,107,2
1000,350,21.000000,10000.000000,0,5,3242845,784,0,784,0,0,107,2
1000,350,21.000000,10000.000000,0,5,3242848,784,0,784,0,0,107,2
1000,350,21.000000,10000.000000,0,5,3242851,784,0,784,0,0,107,2
1000,350,21.000000,10000.000000,0,5,3242854,784,0,784,0,0,107,2
1000,350,21.000000,10000.000000,0,5,3242857,784,0,784,0,0,107,2
1000,350,21.000000,10000.000000,0,5,3242859,784,0,784,0,0,107,2
1000,350,21.000000,10000.000000,0,5,3242862,784,0,784,0,0,107,2
1000,350,21.000000,10000.000000,0,5,3242865,784,0,784,0,0,107,2
1000,350,21.000000,10000.000000,0,5,3242868,784,0,784,0,0,107,2
1000,350,21.000000,10000.000000,0,5,3242870,784,0,784,0,0,107,2
1000,350,21.000000,10000.000000,0,5,3242874,784,0,784,0,0,107,2
1000,350,21.000000,10000.000000,0,5,3242876,784,0,784,0,0,107,2
1000,350,21.000000,10000.000000,0,5,3242879,784,0,784,0,0,107,2
1000,350,21.000000,10000.000000,0,5,3242882,784,0,784,0,0,107,2
1000,350,21.000000,10000.000000,0,5,3242885,784,0,784,0,0,107,2
1000,350,21.000000,10000.000000,0,5,3242887,784,0,784,0,0,107,2
1000,350,21.000000,10000.000000,0,5,3242890,784,0,784,0,0,107,2
1000,350,21.000000,10000.000000,0,5,3242893,784,0,784,0,0,107,2
1000,350,21.000000,10000.000000,0,5,3242896,784,0,784,0,0,107,2
1000,350,21.000000,10000.000000,0,5,3242899,784,0,784,0,0,107,2
1000,350,21.000000,10000.000000,0,5,3242901,784,0,784,-1,0,107,2
1000,350,21.000000,10000.000000,0,5,3242904,784,0,784,-1,0,107,2
1000,350,21.000000,10000.000000,0,5,3242907,785,0,785,-1,0,107,2
1000,350,21.000000,10000.000000,0,5,3242910,786,0,786,-1,0,107,2
1000,350,21.000000,10000.000000,0,5,3242913,787,0,787,-2,0,107,2
1000,350,21.000000,10000.000000,0,5,3242915,788,0,788,-3,0,107,2
1000,350,21.000000,10000.000000,0,5,3242918,789,0,789,-3,0,107,2
1000,350,21.000000,10000.000000,0,5,3242921,792,0,792,-4,0,107,2
1000,350,21.000000,10000.000000,0,5,3242924,793,0,793,-4,0,107,2
1000,350,21.000000,10000.000000,0,5,3242927,794,0,794,-5,0,107,2
1000,350,21.000000,10000.000000,0,5,3242930,797,0,797,-6,0,107,2
1000,350,21.000000,10000.000000,0,5,3242932,799,0,799,-7,0,107,2
1000,350,21.000000,10000.000000,0,5,3242935,802,0,802,-7,0,107,2
1000,350,21.000000,10000.000000,0,5,3242938,804,0,804,-8,0,107,2
1000,350,21.000000,10000.000000,0,5,3242941,813,0,813,-10,0,107,2
1000,350,21.000000,10000.000000,0,5,3242944,815,0,815,-11,0,107,2
1000,350,21.000000,10000.000000,0,5,3242947,820,0,820,-12,0,107,2
1000,350,21.000000,10000.000000,0,5,3242949,825,0,825,-13,0,107,2
1000,350,21.000000,10000.000000,0,5,3242952,831,0,831,-14,0,107,2
1000,350,21.000000,10000.000000,0,5,3242955,839,0,839,-16,0,107,2
1000,350,21.000000,10000.000000,0,5,3242958,846,0,846,-18,0,107,2
1000,350,21.000000,10000.000000,0,5,3242961,860,0,860,-21,0,107,2
1000,350,21.000000,10000.000000,0,5,3242964,870,0,870,-23,0,107,2
1000,350,21.000000,10000.000000,0,5,3242967,880,0,880,-24,0,107,2
1000,350,21.000000,10000.000000,0,5,3242970,892,0,892,-26,0,107,2
1000,350,21.000000,10000.000000,0,5,3242972,902,0,902,-28,0,107,2
1000,350,21.000000,10000.000000,0,5,3242975,916,0,916,-31,0,107,2
1000,350,21.000000,10000.000000,0,5,3242978,924,0,924,-33,0,107,2
1000,350,21.000000,10000.000000,0,5,3242981,931,0,931,-33,0,107,2
1000,350,21.000000,10000.000000,0,5,3242983,948,0,948,-36,0,107,2
1000,350,21.000000,10000.000000,0,5,3242986,954,0,954,-37,0,107,2
1000,350,21.000000,10000.000000,0,5,3242989,969,0,969,-39,0,107,2
1000,350,21.000000,10000.000000,0,5,3242992,982,0,982,-41,0,107,2
1000,350,21.000000,10000.000000,0,5,3242995,994,0,994,-43,0,107,2
1000,350,21.000000,10000.000000,0,5,3242998,1004,0,1004,-45,0,107,2
1000,350,21.000000,10000.000000,0,5,3243000,1014,0,1014,-47,0,107,2
1000,350,21.000000,10000.000000,0,5,3243003,1027,0,1027,-48,0,107,2
1000,350,21.000000,10000.000000,0,5,3243007,1036,0,1036,-49,0,107,2
1000,350,21.000000,10000.000000,0,5,3243010,1046,0,1046,-50,0,107,2
1000,350,21.000000,10000.000000,0,5,3243013,1051,0,1051,-51,0,107,2
1000,350,21.000000,10000.000000,0,5,3243015,1062,0,1062,-52,0,107,2
1000,350,21.000000,10000.000000,0,5,3243018,1067,0,1067,-52,0,107,2
1000,350,21.000000,10000.000000,0,5,3243021,1073,0,1073,-53,0,107,2
1000,350,21.000000,10000.000000,0,5,3243024,1077,0,1077,-53,0,107,2
1000,350,21.000000,10000.000000,0,5,3243027,1083,0,1083,-54,0,107,2
1000,350,21.000000,10000.000000,0,5,3243029,1089,0,1089,-54,0,107,2
1000,350,21.000000,10000.000000,0,5,3243032,1093,0,1093,-55,0,107,2
1000,350,21.000000,10000.000000,0,5,3243035,1099,0,1099,-55,0,107,2
1000,350,21.000000,10000.000000,0,5,3243038,1103,0,1103,-55,0,107,2
1000,350,21.000000,10000.000000,0,5,3243041,1108,0,1108,-55,0,107,2
1000,350,21.000000,10000.000000,0,5,3243044,1111,0,1111,-55,0,107,2
1000,350,21.000000,10000.000000,0,5,3243047,1115,0,1115,-55,0,107,2
1000,350,21.000000,10000.000000,0,5,3243049,1118,0,1118,-55,0,107,2
1000,350,21.000000,10000.000000,0,5,3243052,1120,0,1120,-55,0,107,2
1000,350,21.000000,10000.000000,0,5,3243055,1122,0,1122,-55,0,107,2
1000,350,21.000000,10000.000000,0,5,3243058,1124,0,1124,-55,0,107,2
1000,350,21.000000,10000.000000,0,5,3243061,1125,0,1125,-55,0,107,2
1000,350,21.000000,10000.000000,0,5,3243064,1127,0,1127,-55,0,107,2
1000,350,21.000000,10000.000000,0,5,3243068,1128,0,1128,-55,0,107,2
1000,350,21.000000,10000.000000,0,5,3243071,1130,0,1130,-55,0,107,2
1000,350,21.000000,10000.000000,0,5,3243074,1131,0,1131,-55,0,107,2
1000,350,21.000000,10000.000000,0,5,3243077,1132,0,1132,-55,0,107,2
1000,350,21.000000,10000.000000,0,5,3243080,1133,0,1133,-55,0,107,2
1000,350,21.000000,10000.000000,0,5,3243083,1134,0,1134,-55,0,107,2
1000,350,21.000000,10000.000000,0,5,3243086,1135,0,1135,-55,0,107,2
1000,350,21.000000,10000.000000,0,5,3243088,1136,0,1136,-55,0,107,2
1000,350,21.000000,10000.000000,0,5,3243091,1136,0,1136,-55,0,107,2
1000,350,21.000000,10000.000000,0,5,3243094,1136,0,1136,-55,0,107,2
1000,350,21.000000,10000.000000,0,5,3243097,1136,0,1136,-55,0,107,2
1000,350,21.000000,10000.000000,0,5,3243099,1136,0,1136,-55,0,107,2
1000,350,21.000000,10000.000000,0,5,3243102,1137,0,1137,-55,0,107,2
1000,350,21.000000,10000.000000,0,5,3243105,1137,0,1137,-55,0,107,2
1000,350,21.000000,10000.000000,0,5,3243108,1137,0,1137,-55,0,107,2
1000,350,21.000000,10000.000000,0,5,3243111,1137,0,1137,-55,0,107,2
1000,350,21.000000,10000.000000,0,5,3243113,1138,0,1138,-55,0,107,2
1000,350,21.000000,10000.000000,0,5,3243116,1138,0,1138,-55,0,107,2
1000,350,21.000000,10000.000000,0,5,3243119,1138,0,1138,-55,0,107,2
1000,350,21.000000,10000.000000,0,5,3243122,1138,0,1138,-55,0,107,2
1000,350,21.000000,10000.000000,0,5,3243124,1138,0,1138,-55,0,107,2
1000,350,21.000000,10000.000000,0,5,3243127,1138,0,1138,-55,0,107,2
1000,350,21.000000,10000.000000,0,5,3243130,1138,0,1138,-55,0,107,2
1000,350,21.000000,10000.000000,0,5,3243133,1139,0,1139,-55,0,107,2
1000,350,21.000000,10000.000000,0,5,3243135,1139,0,1139,-55,0,107,2
1000,350,21.000000,10000.000000,0,5,3243138,1140,0,1140,-55,0,107,2
1000,350,21.000000,10000.000000,0,5,3243141,1140,0,1140,-55,0,107,2
1000,350,21.000000,10000.000000,0,5,3243144,1141,0,1141,-55,0,107,2
1000,350,21.000000,10000.000000,0,5,3243147,1142,0,1142,-55,0,107,2
1000,350,21.000000,10000.000000,0,5,3243150,1143,0,1143,-55,0,107,2
1000,350,21.000000,10000.000000,0,5,3243153,1143,0,1143,-55,0,107,2
1000,350,21.000000,10000.000000,0,5,3243155,1144,0,1144,-55,0,107,2
1000,350,21.000000,10000.000000,0,5,3243158,1144,0,1144,-55,0,107,2
1000,350,21.000000,10000.000000,0,5,3243161,1144,0,1144,-55,0,107,2
1000,350,21.000000,10000.000000,0,5,3243164,1144,0,1144,-55,0,107,2
1000,350,21.000000,10000.000000,0,5,3243167,1144,0,1144,-55,0,107,2
1000,350,21.000000,10000.000000,0,5,3243170,1144,0,1144,-55,0,107,2
1000,350,21.000000,10000.000000,0,5,3243172,1144,0,1144,-55,0,107,2
1000,350,21.000000,10000.000000,0,5,3243175,1145,0,1145,-56,0,107,2
1000,350,21.000000,10000.000000,0,5,3243178,1146,0,1146,-57,0,107,2
1000,350,21.000000,10000.000000,0,5,3243181,1147,0,1147,-57,0,107,2
1000,350,21.000000,10000.000000,0,5,3243184,1148,0,1148,-57,0,107,2
1000,350,21.000000,10000.000000,0,5,3243187,1149,0,1149,-57,0,107,2
1000,350,21.000000,10000.000000,0,5,3243189,1150,0,1150,-57,0,107,2
1000,350,21.000000,10000.000000,0,5,3243192,1150,0,1150,-57,0,107,2
1000,350,21.000000,10000.000000,0,5,3243195,1151,0,1151,-57,0,107,2
1000,350,21.000000,10000.000000,0,5,3243198,1152,0,1152,-57,0,107,2
1000,350,21.000000,10000.000000,0,5,3243200,1153,0,1153,-57,0,107,2
1000,350,21.000000,10000.000000,0,5,3243203,1154,0,1154,-57,0,107,2
1000,350,21.000000,10000.000000,0,5,3243206,1155,0,1155,-57,0,107,2
1000,350,21.000000,10000.000000,0,5,3243209,1156,0,1156,-57,0,107,2
1000,350,21.000000,10000.000000,0,5,3243211,1157,0,1157,-57,0,107,2
1000,350,21.000000,10000.000000,0,5,3243214,1159,0,1159,-57,0,107,2
1000,350,21.000000,10000.000000,0,5,3243217,1159,0,1159,-57,0,107,2
1000,350,21.000000,10000.000000,0,5,3243220,1159,0,1159,-57,0,107,2
1000,350,21.000000,10000.000000,0,5,3243223,1159,0,1159,-57,0,107,2
1000,350,21.000000,10000.000000,0,5,3243225,1159,0,1159,-57,0,107,2
1000,350,21.000000,10000.000000,0,5,3243228,1159,0,1159,-57,0,107,2
1000,350,21.000000,10000.000000,0,5,3243231,1159,0,1159,-57,0,107,2
1000,350,21.000000,10000.000000,0,5,3243233,1160,0,1160,-57,0,107,2
1000,350,21.000000,10000.000000,0,5,3243236,1160,0,1160,-57,0,107,2
1000,350,21.000000,10000.000000,0,5,3243239,1160,0,1160,-57,0,107,2
1000,350,21.000000,10000.000000,0,5,3243242,1160,0,1160,-57,0,107,2
1000,350,21.000000,10000.000000,0,5,3243245,1160,0,1160,-57,0,107,2
1000,350,21.000000,10000.000000,0,5,3243247,1160,0,1160,-57,0,107,2
1000,350,21.000000,10000.000000,0,5,3243250,1160,0,1160,-57,0,107,2
1000,350,21.000000,10000.000000,0,5,3243253,1160,0,1160,-57,0,107,2
1000,350,21.000000,10000.000000,0,5,3243256,1160,0,1160,-57,0,107,2
1000,350,21.000000,10000.000000,0,5,3243258,1160,0,1160,-57,0,107,2
1000,350,21.000000,10000.000000,0,5,3243261,1160,0,1160,-57,0,107,2
1000,350,21.000000,10000.000000,0,5,3243264,1160,0,1160,-57,0,107,2
1000,350,21.000000,10000.000000,0,5,3243266,1160,0,1160,-57,0,107,2
1000,350,21.000000,10000.000000,0,5,3243269,1160,0,1160,-57,0,107,2
1000,350,21.000000,10000.000000,0,5,3243272,1160,0,1160,-57,0,107,2
1000,350,21.000000,10000.000000,0,5,3243275,1160,0,1160,-57,0,107,2
1000,350,21.000000,10000.000000,0,5,3243277,1160,0,1160,-57,0,107,2
1000,350,21.000000,10000.000000,0,5,3243280,1160,0,1160,-57,0,107,2
1000,350,21.000000,10000.000000,0,5,3243283,1160,0,1160,-57,0,107,2
1000,350,21.000000,10000.000000,0,5,3243286,1160,0,1160,-57,0,107,2
1000,350,21.000000,10000.000000,0,5,3243288,1160,0,1160,-57,0,107,2
1000,350,21.000000,10000.000000,0,5,3243291,1160,0,1160,-57,0,107,2
1000,350,21.000000,10000.000000,0,5,3243294,1160,0,1160,-57,0,107,2
1000,350,21.000000,10000.000000,0,5,3243297,1160,0,1160,-57,0,107,2
1000,350,21.000000,10000.000000,0,5,3243299,1160,0,1160,-57,0,107,2
1000,350,21.000000,10000.000000,0,5,3243302,1160,0,1160,-57,0,107,2
1000,350,21.000000,10000.000000,0,5,3243305,1159,0,1159,-57,0,107,2
1000,350,21.000000,10000.000000,0,5,3243308,1159,0,1159,-57,0,107,2
1000,350,21.000000,10000.000000,0,5,3243310,1159,0,1159,-57,0,107,2
1000,350,21.000000,10000.000000,0,5,3243313,1159,0,1159,-57,0,107,2
1000,350,21.000000,10000.000000,0,5,3243316,1159,0,1159,-57,0,107,2
1000,350,21.000000,10000.000000,0,5,3243319,1159,0,1159,-57,0,107,2
1000,350,21.000000,10000.000000,0,5,3243321,1159,0,1159,-57,0,107,2
1000,350,21.000000,10000.000000,0,5,3243324,1159,0,1159,-57,0,107,2
1000,350,21.000000,10000.000000,0,5,3243327,1159,0,1159,-57,0,107,2
1000,350,21.000000,10000.000000,0,5,3243330,1158,0,1158,-57,0,107,2
1000,350,21.000000,10000.000000,0,5,3243332,1158,0,1158,-58,0,107,2
1000,350,21.000000,10000.000000,0,5,3243335,1158,0,1158,-58,0,107,2
1000,350,21.000000,10000.000000,0,5,3243338,1157,0,1157,-58,0,107,2
1000,350,21.000000,10000.000000,0,5,3243341,1156,0,1156,-58,0,107,2
1000,350,21.000000,10000.000000,0,5,3243344,1156,0,1156,-58,0,107,2
1000,350,21.000000,10000.000000,0,5,3243346,1156,0,1156,-58,0,107,2
1000,350,21.000000,10000.000000,0,5,3243349,1155,0,1155,-58,0,107,2
1000,350,21.000000,10000.000000,0,5,3243352,1155,0,1155,-58,0,107,2
1000,350,21.000000,10000.000000,0,5,3243355,1155,0,1155,-58,0,107,2
1000,350,21.000000,10000.000000,0,5,3243358,1155,0,1155,-58,0,107,2
1000,350,21.000000,10000.000000,0,5,3243360,1155,0,1155,-58,0,107,2
1000,350,21.000000,10000.000000,0,5,3243363,1154,0,1154,-58,0,107,2
1000,350,21.000000,10000.000000,0,5,3243366,1154,0,1154,-58,0,107,2
1000,350,21.000000,10000.000000,0,5,3243369,1154,0,1154,-58,0,107,2
1000,350,21.000000,10000.000000,0,5,3243371,1154,0,1154,-58,0,107,2
1000,350,21.000000,10000.000000,0,5,3243374,1153,0,1153,-58,0,107,2
1000,350,21.000000,10000.000000,0,5,3243377,1153,0,1153,-58,0,107,2
1000,350,21.000000,10000.000000,0,5,3243380,1152,0,1152,-58,0,107,2
1000,350,21.000000,10000.000000,0,5,3243383,1152,0,1152,-58,0,107,2
1000,350,21.000000,10000.000000,0,5,3243385,1151,0,1151,-58,0,107,2
1000,350,21.000000,10000.000000,0,5,3243389,1151,0,1151,-58,0,107,2
1000,350,21.000000,10000.000000,0,5,3243392,1150,0,1150,-58,0,107,2
1000,350,21.000000,10000.000000,0,5,3243394,1150,0,1150,-58,0,107,2
1000,350,21.000000,10000.000000,0,5,3243397,1149,0,1149,-58,0,107,2
1000,350,21.000000,10000.000000,0,5,3243400,1149,0,1149,-58,0,107,2
1000,350,21.000000,10000.000000,0,5,3243403,1148,0,1148,-58,0,107,2
1000,350,21.000000,10000.000000,0,5,3243406,1148,0,1148,-58,0,107,2
1000,350,21.000000,10000.000000,0,5,3243408,1148,0,1148,-58,0,107,2
1000,350,21.000000,10000.000000,0,5,3243411,1148,0,1148,-58,0,107,2
1000,350,21.000000,10000.000000,0,5,3243414,1148,0,1148,-58,0,107,2
1000,350,21.000000,10000.000000,0,5,3243416,1148,0,1148,-58,0,107,2
1000,350,21.000000,10000.000000,0,5,3243419,1148,0,1148,-58,0,107,2
1000,350,21.000000,10000.000000,0,5,3243422,1148,0,1148,-58,0,107,2
1000,350,21.000000,10000.000000,0,5,3243425,1148,0,1148,-58,0,107,2
1000,350,21.000000,10000.000000,0,5,3243428,1147,0,1147,-58,0,107,2
1000,350,21.000000,10000.000000,0,5,3243430,1147,0,1147,-58,0,107,2
1000,350,21.000000,10000.000000,0,5,3243433,1147,0,1147,-58,0,107,2
1000,350,21.000000,10000.000000,0,5,3243436,1147,0,1147,-58,0,107,2
1000,350,21.000000,10000.000000,0,5,3243439,1147,0,1147,-58,0,107,2
1000,350,21.000000,10000.000000,0,5,3243441,1147,0,1147,-58,0,107,2
1000,350,21.000000,10000.000000,0,5,3243444,1147,0,1147,-58,0,107,2
1000,350,21.000000,10000.000000,0,5,3243447,1147,0,1147,-58,0,107,2
1000,350,21.000000,10000.000000,0,5,3243449,1147,0,1147,-58,0,107,2
1000,350,21.000000,10000.000000,0,5,3243452,1147,0,1147,-58,0,107,2
1000,350,21.000000,10000.000000,0,5,3243455,1147,0,1147,-58,0,107,2
1000,350,21.000000,10000.000000,0,5,3243458,1147,0,1147,-58,0,107,2
1000,350,21.000000,10000.000000,0,5,3243460,1147,0,1147,-58,0,107,2
1000,350,21.000000,10000.000000,0,5,3243463,1147,0,1147,-58,0,107,2
1000,350,21.000000,10000.000000,0,5,3243466,1147,0,1147,-58,0,107,2
1000,350,21.000000,10000.000000,0,5,3243469,1147,0,1147,-58,0,107,2
1000,350,21.000000,10000.000000,0,5,3243471,1147,0,1147,-58,0,107,2
1000,350,21.000000,10000.000000,0,5,3243474,1147,0,1147,-58,0,107,2
1000,350,21.000000,10000.000000,0,5,3243477,1147,0,1147,-58,0,107,2
1000,350,21.000000,10000.000000,0,5,3243480,1147,0,1147,-58,0,107,2
1000,350,21.000000,10000.000000,0,5,3243482,1147,0,1147,-58,0,107,2
1000,350,21.000000,10000.000000,0,5,3243486,1147,0,1147,-58,0,107,2
1000,350,21.000000,10000.000000,0,5,3243488,1147,0,1147,-58,0,107,2
1000,350,21.000000,10000.000000,0,5,3243491,1147,0,1147,-58,0,107,2
1000,350,21.000000,10000.000000,0,5,3243494,1147,0,1147,-58,0,107,2
1000,350,21.000000,10000.000000,0,5,3243496,1147,0,1147,-58,0,107,2
1000,350,21.000000,10000.000000,0,5,3243499,1147,0,1147,-58,0,107,2
1000,350,21.000000,10000.000000,0,5,3243502,1147,0,1147,-58,0,107,2
1000,350,21.000000,10000.000000,0,5,3243505,1147,0,1147,-58,0,107,2
1000,350,21.000000,10000.000000,0,5,3243507,1147,0,1147,-58,0,107,2
1000,350,21.000000,10000.000000,0,5,3243510,1147,0,1147,-58,0,107,2
1000,350,21.000000,10000.000000,0,5,3243513,1147,0,1147,-58,0,107,2
1000,350,21.000000,10000.000000,0,5,3243516,1147,0,1147,-58,0,107,2
1000,350,21.000000,10000.000000,0,5,3243519,1147,0,1147,-58,0,107,2
1000,350,21.000000,10000.000000,0,5,3243521,1147,0,1147,-58,0,107,2
1000,350,21.000000,10000.000000,0,5,3243524,1147,0,1147,-58,0,107,2
1000,350,21.000000,10000.000000,0,5,3243527,1147,0,1147,-58,0,107,2
1000,350,21.000000,10000.000000,0,5,3243530,1147,0,1147,-58,0,107,2
1000,350,21.000000,10000.000000,0,5,3243532,1147,0,1147,-58,0,107,2
1000,350,21.000000,10000.000000,0,5,3243535,1147,0,1147,-58,0,107,2
1000,350,21.000000,10000.000000,0,5,3243538,1147,0,1147,-58,0,107,2
1000,350,21.000000,10000.000000,0,5,3243541,1147,0,1147,-58,0,107,2
1000,350,21.000000,10000.000000,0,5,3243543,1147,0,1147,-58,0,107,2
1000,350,21.000000,10000.000000,0,5,3243546,1147,0,1147,-58,0,107,2
1000,350,21.000000,10000.000000,0,5,3243549,1147,0,1147,-58,0,107,2
1000,350,21.000000,10000.000000,0,5,3243552,1147,0,1147,-58,0,107,2
1000,350,21.000000,10000.000000,0,5,3243554,1147,0,1147,-58,0,107,2
1000,350,21.000000,10000.000000,0,5,3243557,1147,0,1147,-58,0,107,2
1000,350,21.000000,10000.000000,0,5,3243560,1147,0,1147,-58,0,107,2
1000,350,21.000000,10000.000000,0,5,3243563,1147,0,1147,-58,0,107,2
1000,350,21.000000,10000.000000,0,5,3243565,1147,0,1147,-58,0,107,2
1000,350,21.000000,10000.000000,0,5,3243568,1147,0,1147,-58,0,107,2
1000,350,21.000000,10000.000000,0,5,3243571,1147,0,1147,-58,0,107,2
1000,350,21.000000,10000.000000,0,5,3243574,1146,0,1146,-58,0,107,2
1000,350,21.000000,10000.000000,0,5,3243577,1145,0,1145,-58,0,107,2
1000,350,21.000000,10000.000000,0,5,3243579,1145,0,1145,-58,0,107,2
1000,350,21.000000,10000.000000,0,5,3243582,1145,0,1145,-58,0,107,2
1000,350,21.000000,10000.000000,0,5,3243585,1145,0,1145,-58,0,107,2
1000,350,21.000000,10000.000000,0,5,3243588,1145,0,1145,-58,0,107,2
1000,350,21.000000,10000.000000,0,5,3243591,1145,0,1145,-58,0,107,2
1000,350,21.000000,10000.000000,0,5,3243603,1145,0,1145,-58,0,107,2
