1000,350,21.000000,42.000000,1,5,3570834,790,4,790,4,0,122,5
1000,350,21.000000,42.000000,1,5,3570834,790,4,790,4,0,122,5
1000,350,21.000000,42.000000,1,5,3570837,790,4,790,4,0,122,5
1000,350,21.000000,42.000000,1,5,3570840,790,4,790,4,0,122,5
1000,350,21.000000,42.000000,1,5,3570843,790,4,790,4,0,122,5
1000,350,21.000000,42.000000,1,5,3570845,790,4,790,4,0,122,5
1000,350,21.000000,42.000000,1,5,3570848,790,4,790,4,0,122,5
1000,350,21.000000,42.000000,1,5,3570851,790,4,790,4,0,122,5
1000,350,21.000000,42.000000,1,5,3570854,790,4,790,4,0,122,5
1000,350,21.000000,42.000000,1,5,3570857,790,4,790,4,0,122,5
1000,350,21.000000,42.000000,1,5,3570860,790,4,790,4,0,122,5
1000,350,21.000000,42.000000,1,5,3570863,790,4,790,4,0,122,5
1000,350,21.000000,42.000000,1,5,3570865,790,4,790,4,0,122,5
1000,350,21.000000,42.000000,1,5,3570868,790,4,790,4,0,122,5
1000,350,21.000000,42.000000,1,5,3570871,790,4,790,4,0,122,5
1000,350,21.000000,42.000000,1,5,3570874,790,4,790,4,0,122,5
1000,350,21.000000,42.000000,1,5,3570877,790,4,790,4,0,122,5
1000,350,21.000000,42.000000,1,5,3570880,790,4,790,4,0,122,5
1000,350,21.000000,42.000000,1,5,3570883,790,4,790,4,0,122,5
1000,350,21.000000,42.000000,1,5,3570886,790,4,790,4,0,122,5
1000,350,21.000000,42.000000,1,5,3570889,790,4,790,4,0,122,5
1000,350,21.000000,42.000000,1,5,3570891,790,4,790,4,0,122,5
1000,350,21.000000,42.000000,1,5,3570894,790,4,790,4,0,122,5
1000,350,21.000000,42.000000,1,5,3570897,790,4,790,4,0,122,5
1000,350,21.000000,42.000000,1,5,3570900,790,5,790,5,0,122,5
1000,350,21.000000,42.000000,1,5,3570902,790,5,790,5,0,122,5
1000,350,21.000000,42.000000,1,5,3570905,791,6,791,6,0,122,5
1000,350,21.000000,42.000000,1,5,3570908,791,6,791,6,0,122,5
1000,350,21.000000,42.000000,1,5,3570911,792,7,792,7,0,122,5
1000,350,21.000000,42.000000,1,5,3570914,794,9,794,9,0,122,5
1000,350,21.000000,42.000000,1,5,3570916,794,9,794,9,0,122,5
1000,350,21.000000,42.000000,1,5,3570919,796,11,796,11,0,122,5
1000,350,21.000000,42.000000,1,5,3570922,797,12,797,12,0,122,5
1000,350,21.000000,42.000000,1,5,3570925,799,14,799,14,0,122,5
1000,350,21.000000,42.000000,1,5,3570928,801,15,801,15,0,122,5
1000,350,21.000000,42.000000,1,5,3570930,804,17,804,17,0,122,5
1000,350,21.000000,42.000000,1,5,3570933,807,19,807,19,0,122,5
1000,350,21.000000,42.000000,1,5,3570936,809,21,809,21,0,122,5
1000,350,21.000000,42.000000,1,5,3570939,812,24,812,24,0,122,5
1000,350,21.000000,42.000000,1,5,3570942,813,26,813,26,0,122,5
1000,350,21.000000,42.000000,1,5,3570944,816,29,816,29,0,122,5
1000,350,21.000000,42.000000,1,5,3570947,820,33,820,33,0,122,5
1000,350,21.000000,42.000000,1,5,3570950,824,37,824,37,0,122,5
1000,350,21.000000,42.000000,1,5,3570953,829,40,829,40,0,122,5
1000,350,21.000000,42.000000,1,5,3570956,836,45,836,45,0,122,5
1000,350,21.000000,42.000000,1,5,3570958,840,49,840,49,0,122,5
1000,350,21.000000,42.000000,1,5,3570961,847,53,847,53,0,122,5
1000,350,21.000000,42.000000,1,5,3570964,864,63,864,63,0,122,5
1000,350,21.000000,42.000000,1,5,3570967,873,68,873,68,0,122,5
1000,350,21.000000,42.000000,1,5,3570970,882,72,882,72,0,122,5
1000,350,21.000000,42.000000,1,5,3570972,891,76,891,76,0,122,5
1000,350,21.000000,42.000000,1,5,3570975,902,79,902,79,0,122,5
1000,350,21.000000,42.000000,1,5,3570978,912,83,912,83,0,122,5
1000,350,21.000000,42.000000,1,5,3570981,922,87,922,87,0,122,5
1000,350,21.000000,42.000000,1,5,3570984,929,89,929,89,0,122,5
1000,350,21.000000,42.000000,1,5,3570986,939,93,939,93,0,122,5
1000,350,21.000000,42.000000,1,5,3570989,952,97,952,97,0,122,5
1000,350,21.000000,42.000000,1,5,3570992,964,100,964,100,0,122,5
1000,350,21.000000,42.000000,1,5,3570995,974,101,974,101,0,122,5
1000,350,21.000000,42.000000,1,5,3570998,988,103,988,103,0,122,5
1000,350,21.000000,42.000000,1,5,3571001,1000,105,1000,105,0,122,5
1000,350,21.000000,42.000000,1,5,3571003,1013,107,1013,107,0,122,5
1000,350,21.000000,42.000000,1,5,3571006,1025,108,1025,108,0,122,5
1000,350,21.000000,42.000000,1,5,3571009,1034,108,1034,108,0,122,5
1000,350,21.000000,42.000000,1,5,3571012,1041,108,1041,108,0,122,5
1000,350,21.000000,42.000000,1,5,3571016,1055,108,1055,108,0,122,5
1000,350,21.000000,42.000000,1,5,3571018,1066,108,1066,108,0,122,5
1000,350,21.000000,42.000000,1,5,3571021,1074,108,1074,108,0,122,5
1000,350,21.000000,42.000000,1,5,3571024,1089,108,1089,108,0,122,5
1000,350,21.000000,42.000000,1,5,3571027,1098,107,1098,107,0,122,5
1000,350,21.000000,42.000000,1,5,3571030,1104,106,1104,106,0,122,5
1000,350,21.000000,42.000000,1,5,3571033,1108,105,1108,105,0,122,5
1000,350,21.000000,42.000000,1,5,3571036,1114,103,1114,103,0,122,5
1000,350,21.000000,42.000000,1,5,3571038,1118,102,1118,102,0,122,5
1000,350,21.000000,42.000000,1,5,3571041,1122,100,1122,100,0,122,5
1000,350,21.000000,42.000000,1,5,3571044,1126,99,1126,99,0,122,5
1000,350,21.000000,42.000000,1,5,3571047,1129,97,1129,97,0,122,5
1000,350,21.000000,42.000000,1,5,3571049,1131,95,1131,95,0,122,5
1000,350,21.000000,42.000000,1,5,3571052,1133,93,1133,93,0,122,5
1000,350,21.000000,42.000000,1,5,3571055,1134,92,1134,92,0,122,5
1000,350,21.000000,42.000000,1,5,3571058,1136,90,1136,90,0,122,5
1000,350,21.000000,42.000000,1,5,3571061,1138,89,1138,89,0,122,5
1000,350,21.000000,42.000000,1,5,3571063,1139,88,1139,88,0,122,5
1000,350,21.000000,42.000000,1,5,3571066,1139,87,1139,87,0,122,5
1000,350,21.000000,42.000000,1,5,3571069,1140,86,1140,86,0,122,5
1000,350,21.000000,42.000000,1,5,3571072,1140,84,1140,84,0,122,5
1000,350,21.000000,42.000000,1,5,3571075,1140,83,1140,83,0,122,5
1000,350,21.000000,42.000000,1,5,3571077,1140,81,1140,81,0,122,5
1000,350,21.000000,42.000000,1,5,3571080,1140,80,1140,80,0,122,5
1000,350,21.000000,42.000000,1,5,3571083,1140,78,1140,78,0,122,5
1000,350,21.000000,42.000000,1,5,3571086,1140,77,1140,77,0,122,5
1000,350,21.000000,42.000000,1,5,3571089,1140,76,1140,76,0,122,5
1000,350,21.000000,42.000000,1,5,3571092,1140,74,1140,74,0,122,5
1000,350,21.000000,42.000000,1,5,3571095,1140,73,1140,73,0,122,5
1000,350,21.000000,42.000000,1,5,3571097,1139,72,1139,72,0,122,5
1000,350,21.000000,42.000000,1,5,3571100,1139,70,1139,70,0,122,5
1000,350,21.000000,42.000000,1,5,3571103,1138,68,1138,68,0,122,5
1000,350,21.000000,42.000000,1,5,3571106,1138,66,1138,66,0,122,5
1000,350,21.000000,42.000000,1,5,3571109,1137,65,1137,65,0,122,5
1000,350,21.000000,42.000000,1,5,3571111,1137,63,1137,63,0,122,5
1000,350,21.000000,42.000000,1,5,3571114,1137,62,1137,62,0,122,5
1000,350,21.000000,42.000000,1,5,3571117,1137,61,1137,61,0,122,5
1000,350,21.000000,42.000000,1,5,3571120,1137,60,1137,60,0,122,5
1000,350,21.000000,42.000000,1,5,3571122,1137,59,1137,59,0,122,5
1000,350,21.000000,42.000000,1,5,3571125,1137,57,1137,57,0,122,5
1000,350,21.000000,42.000000,1,5,3571128,1137,56,1137,56,0,122,5
1000,350,21.000000,42.000000,1,5,3571131,1137,54,1137,54,0,122,5
1000,350,21.000000,42.000000,1,5,3571134,1137,53,1137,53,0,122,5
1000,350,21.000000,42.000000,1,5,3571136,1137,52,1137,52,0,122,5
1000,350,21.000000,42.000000,1,5,3571139,1137,51,1137,51,0,122,5
1000,350,21.000000,42.000000,1,5,3571143,1137,50,1137,50,0,122,5
1000,350,21.000000,42.000000,1,5,3571146,1137,49,1137,49,0,122,5
1000,350,21.000000,42.000000,1,5,3571149,1137,48,1137,48,0,122,5
1000,350,21.000000,42.000000,1,5,3571152,1138,46,1138,46,0,122,5
1000,350,21.000000,42.000000,1,5,3571154,1138,45,1138,45,0,122,5
1000,350,21.000000,42.000000,1,5,3571157,1139,44,1139,44,0,122,5
1000,350,21.000000,42.000000,1,5,3571160,1140,42,1140,42,0,122,5
1000,350,21.000000,42.000000,1,5,3571163,1141,41,1141,41,0,122,5
1000,350,21.000000,42.000000,1,5,3571166,1141,40,1141,40,0,122,5
1000,350,21.000000,42.000000,1,5,3571168,1141,39,1141,39,0,122,5
1000,350,21.000000,42.000000,1,5,3571171,1142,37,1142,37,0,122,5
1000,350,21.000000,42.000000,1,5,3571174,1142,36,1142,36,0,122,5
1000,350,21.000000,42.000000,1,5,3571177,1142,35,1142,35,0,122,5
1000,350,21.000000,42.000000,1,5,3571180,1142,33,1142,33,0,122,5
1000,350,21.000000,42.000000,1,5,3571182,1142,32,1142,32,0,122,5
1000,350,21.000000,42.000000,1,5,3571185,1142,30,1142,30,0,122,5
1000,350,21.000000,42.000000,1,5,3571188,1142,29,1142,29,0,122,5
1000,350,21.000000,42.000000,1,5,3571191,1142,28,1142,28,0,122,5
1000,350,21.000000,42.000000,1,5,3571194,1142,26,1142,26,0,122,5
1000,350,21.000000,42.000000,1,5,3571196,1142,25,1142,25,0,122,5
1000,350,21.000000,42.000000,1,5,3571199,1142,24,1142,24,0,122,5
1000,350,21.000000,42.000000,1,5,3571202,1142,23,1142,23,0,122,5
1000,350,21.000000,42.000000,1,5,3571205,1142,22,1142,22,0,122,5
1000,350,21.000000,42.000000,1,5,3571207,1142,21,1142,21,0,122,5
1000,350,21.000000,42.000000,1,5,3571210,1142,20,1142,20,0,122,5
1000,350,21.000000,42.000000,1,5,3571213,1142,19,1142,19,0,122,5
1000,350,21.000000,42.000000,1,5,3571216,1142,18,1142,18,0,122,5
1000,350,21.000000,42.000000,1,5,3571219,1141,18,1141,18,0,122,5
1000,350,21.000000,42.000000,1,5,3571221,1141,17,1141,17,0,122,5
1000,350,21.000000,42.000000,1,5,3571224,1141,16,1141,16,0,122,5
1000,350,21.000000,42.000000,1,5,3571227,1141,15,1141,15,0,122,5
1000,350,21.000000,42.000000,1,5,3571230,1141,14,1141,14,0,122,5
1000,350,21.000000,42.000000,1,5,3571233,1141,14,1141,14,0,122,5
1000,350,21.000000,42.000000,1,5,3571235,1141,13,1141,13,0,122,5
1000,350,21.000000,42.000000,1,5,3571238,1141,12,1141,12,0,122,5
1000,350,21.000000,42.000000,1,5,3571241,1141,11,1141,11,0,122,5
1000,350,21.000000,42.000000,1,5,3571244,1141,11,1141,11,0,122,5
1000,350,21.000000,42.000000,1,5,3571246,1141,11,1141,11,0,122,5
1000,350,21.000000,42.000000,1,5,3571249,1141,10,1141,10,0,122,5
1000,350,21.000000,42.000000,1,5,3571252,1141,10,1141,10,0,122,5
1000,350,21.000000,42.000000,1,5,3571255,1141,10,1141,10,0,122,5
1000,350,21.000000,42.000000,1,5,3571257,1141,10,1141,10,0,122,5
1000,350,21.000000,42.000000,1,5,3571260,1141,9,1141,9,0,122,5
1000,350,21.000000,42.000000,1,5,3571263,1141,9,1141,9,0,122,5
1000,350,21.000000,42.000000,1,5,3571266,1141,9,1141,9,0,122,5
1000,350,21.000000,42.000000,1,5,3571269,1141,9,1141,9,0,122,5
1000,350,21.000000,42.000000,1,5,3571271,1141,8,1141,8,0,122,5
1000,350,21.000000,42.000000,1,5,3571274,1141,7,1141,7,0,122,5
1000,350,21.000000,42.000000,1,5,3571277,1141,7,1141,7,0,122,5
1000,350,21.000000,42.000000,1,5,3571280,1141,7,1141,7,0,122,5
1000,350,21.000000,42.000000,1,5,3571282,1141,6,1141,6,0,122,5
1000,350,21.000000,42.000000,1,5,3571285,1142,5,1142,5,0,122,5
1000,350,21.000000,42.000000,1,5,3571288,1143,4,1143,4,0,122,5
1000,350,21.000000,42.000000,1,5,3571291,1143,4,1143,4,0,122,5
1000,350,21.000000,42.000000,1,5,3571294,1143,4,1143,4,0,122,5
1000,350,21.000000,42.000000,1,5,3571296,1143,3,1143,3,0,122,5
1000,350,21.000000,42.000000,1,5,3571299,1143,2,1143,2,0,122,5
1000,350,21.000000,42.000000,1,5,3571302,1143,2,1143,2,0,122,5
1000,350,21.000000,42.000000,1,5,3571305,1143,2,1143,2,0,122,5
1000,350,21.000000,42.000000,1,5,3571307,1143,1,1143,1,0,122,5
1000,350,21.000000,42.000000,1,5,3571310,1143,1,1143,1,0,122,5
1000,350,21.000000,42.000000,1,5,3571313,1143,1,1143,1,0,122,5
1000,350,21.000000,42.000000,1,5,3571316,1143,0,1143,0,0,122,5
1000,350,21.000000,42.000000,1,5,3571318,1143,0,1143,-1,0,122,5
1000,350,21.000000,42.000000,1,5,3571321,1143,0,1143,-2,0,122,5
1000,350,21.000000,42.000000,1,5,3571324,1143,0,1143,-3,0,122,5
1000,350,21.000000,42.000000,1,5,3571327,1143,0,1143,-3,0,122,5
1000,350,21.000000,42.000000,1,5,3571330,1143,0,1143,-3,0,122,5
1000,350,21.000000,42.000000,1,5,3571332,1143,0,1143,-3,0,122,5
1000,350,21.000000,42.000000,1,5,3571335,1143,0,1143,-3,0,122,5
1000,350,21.000000,42.000000,1,5,3571338,1143,0,1143,-3,0,122,5
1000,350,21.000000,42.000000,1,5,3571341,1143,0,1143,-3,0,122,5
1000,350,21.000000,42.000000,1,5,3571343,1143,0,1143,-3,0,122,5
1000,350,21.000000,42.000000,1,5,3571346,1143,0,1143,-3,0,122,5
1000,350,21.000000,42.000000,1,5,3571349,1143,0,1143,-3,0,122,5
1000,350,21.000000,42.000000,1,5,3571352,1143,0,1143,-3,0,122,5
1000,350,21.000000,42.000000,1,5,3571355,1143,0,1143,-3,0,122,5
1000,350,21.000000,42.000000,1,5,3571357,1143,0,1143,-3,0,122,5
1000,350,21.000000,42.000000,1,5,3571360,1143,0,1143,-3,0,122,5
1000,350,21.000000,42.000000,1,5,3571363,1143,0,1143,-3,0,122,5
1000,350,21.000000,42.000000,1,5,3571366,1143,0,1143,-3,0,122,5
1000,350,21.000000,42.000000,1,5,3571368,1143,0,1143,-3,0,122,5
1000,350,21.000000,42.000000,1,5,3571371,1143,0,1143,-3,0,122,5
1000,350,21.000000,42.000000,1,5,3571374,1143,0,1143,-3,0,122,5
1000,350,21.000000,42.000000,1,5,3571377,1143,0,1143,-3,0,122,5
1000,350,21.000000,42.000000,1,5,3571379,1143,0,1143,-3,0,122,5
1000,350,21.000000,42.000000,1,5,3571382,1143,0,1143,-3,0,122,5
1000,350,21.000000,42.000000,1,5,3571385,1143,0,1143,-3,0,122,5
1000,350,21.000000,42.000000,1,5,3571388,1143,0,1143,-3,0,122,5
1000,350,21.000000,42.000000,1,5,3571391,1143,0,1143,-3,0,122,5
1000,350,21.000000,42.000000,1,5,3571394,1143,0,1143,-3,0,122,5
1000,350,21.000000,42.000000,1,5,3571396,1143,0,1143,-3,0,122,5
1000,350,21.000000,42.000000,1,5,3571399,1143,0,1143,-3,0,122,5
1000,350,21.000000,42.000000,1,5,3571402,1143,0,1143,-3,0,122,5
1000,350,21.000000,42.000000,1,5,3571405,1143,0,1143,-3,0,122,5
1000,350,21.000000,42.000000,1,5,3571407,1143,0,1143,-3,0,122,5
1000,350,21.000000,42.000000,1,5,3571410,1143,0,1143,-3,0,122,5
1000,350,21.000000,42.000000,1,5,3571413,1143,0,1143,-3,0,122,5
1000,350,21.000000,42.000000,1,5,3571416,1143,0,1143,-3,0,122,5
1000,350,21.000000,42.000000,1,5,3571419,1143,0,1143,-3,0,122,5
1000,350,21.000000,42.000000,1,5,3571421,1143,0,1143,-3,0,122,5
1000,350,21.000000,42.000000,1,5,3571424,1143,0,1143,-3,0,122,5
1000,350,21.000000,42.000000,1,5,3571427,1143,0,1143,-3,0,122,5
1000,350,21.000000,42.000000,1,5,3571430,1143,0,1143,-3,0,122,5
1000,350,21.000000,42.000000,1,5,3571432,1143,0,1143,-3,0,122,5
1000,350,21.000000,42.000000,1,5,3571435,1143,0,1143,-3,0,122,5
1000,350,21.000000,42.000000,1,5,3571438,1143,0,1143,-3,0,122,5
1000,350,21.000000,42.000000,1,5,3571441,1143,0,1143,-3,0,122,5
1000,350,21.000000,42.000000,1,5,3571444,1143,0,1143,-3,0,122,5
1000,350,21.000000,42.000000,1,5,3571446,1143,0,1143,-3,0,122,5
1000,350,21.000000,42.000000,1,5,3571449,1143,0,1143,-3,0,122,5
1000,350,21.000000,42.000000,1,5,3571452,1143,0,1143,-3,0,122,5
1000,350,21.000000,42.000000,1,5,3571455,1143,0,1143,-3,0,122,5
1000,350,21.000000,42.000000,1,5,3571457,1143,0,1143,-3,0,122,5
1000,350,21.000000,42.000000,1,5,3571460,1143,0,1143,-3,0,122,5
1000,350,21.000000,42.000000,1,5,3571463,1143,0,1143,-3,0,122,5
1000,350,21.000000,42.000000,1,5,3571466,1143,0,1143,-3,0,122,5
1000,350,21.000000,42.000000,1,5,3571469,1143,0,1143,-3,0,122,5
1000,350,21.000000,42.000000,1,5,3571471,1143,1,1143,-2,0,122,5
1000,350,21.000000,42.000000,1,5,3571474,1143,2,1143,-1,0,122,5
1000,350,21.000000,42.000000,1,5,3571477,1143,3,1143,0,0,122,5
1000,350,21.000000,42.000000,1,5,3571480,1143,4,1143,1,0,122,5
1000,350,21.000000,42.000000,1,5,3571482,1143,5,1143,2,0,122,5
1000,350,21.000000,42.000000,1,5,3571485,1143,6,1143,3,0,122,5
1000,350,21.000000,42.000000,1,5,3571488,1143,7,1143,4,0,122,5
1000,350,21.000000,42.000000,1,5,3571491,1143,8,1143,5,0,122,5
1000,350,21.000000,42.000000,1,5,3571494,1143,9,1143,6,0,122,5
1000,350,21.000000,42.000000,1,5,3571497,1143,10,1143,7,0,122,5
1000,350,21.000000,42.000000,1,5,3571499,1143,11,1143,8,0,122,5
1000,350,21.000000,42.000000,1,5,3571502,1143,12,1143,9,0,122,5
1000,350,21.000000,42.000000,1,5,3571505,1143,12,1143,9,0,122,5
1000,350,21.000000,42.000000,1,5,3571508,1143,13,1143,10,0,122,5
1000,350,21.000000,42.000000,1,5,3571511,1143,14,1143,11,0,122,5
1000,350,21.000000,42.000000,1,5,3571513,1143,14,1143,11,0,122,5
1000,350,21.000000,42.000000,1,5,3571516,1143,15,1143,12,0,122,5
1000,350,21.000000,42.000000,1,5,3571519,1143,16,1143,13,0,122,5
1000,350,21.000000,42.000000,1,5,3571522,1143,16,1143,13,0,122,5
1000,350,21.000000,42.000000,1,5,3571524,1143,16,1143,13,0,122,5
1000,350,21.000000,42.000000,1,5,3571527,1143,17,1143,14,0,122,5
1000,350,21.000000,42.000000,1,5,3571530,1143,18,1143,15,0,122,5
1000,350,21.000000,42.000000,1,5,3571533,1143,18,1143,15,0,122,5
1000,350,21.000000,42.000000,1,5,3571535,1143,18,1143,15,0,122,5
1000,350,21.000000,42.000000,1,5,3571538,1143,18,1143,15,0,122,5
1000,350,21.000000,42.000000,1,5,3571541,1143,18,1143,15,0,122,5
1000,350,21.000000,42.000000,1,5,3571544,1143,18,1143,15,0,122,5
1000,350,21.000000,42.000000,1,5,3571546,1143,18,1143,15,0,122,5
1000,350,21.000000,42.000000,1,5,3571558,1143,18,1143,15,0,122,5
