1000,700,21.000000,42.000000,0,0,1836906,612,0,612,0,0,21,0
1000,700,21.000000,42.000000,0,0,1836907,612,0,612,0,0,21,0
1000,700,21.000000,42.000000,0,0,1836909,612,0,612,0,0,21,0
1000,700,21.000000,42.000000,0,0,1836912,612,0,612,0,0,21,0
1000,700,21.000000,42.000000,0,0,1836915,612,0,612,0,0,21,0
1000,700,21.000000,42.000000,0,0,1836918,612,0,612,0,0,21,0
1000,700,21.000000,42.000000,0,0,1836920,612,0,612,0,0,21,0
1000,700,21.000000,42.000000,0,0,1836923,612,0,612,0,0,21,0
1000,700,21.000000,42.000000,0,0,1836926,612,0,612,0,0,21,0
1000,700,21.000000,42.000000,0,0,1836929,612,0,612,0,0,21,0
1000,700,21.000000,42.000000,0,0,1836932,612,0,612,0,0,21,0
1000,700,21.000000,42.000000,0,0,1836934,612,0,612,0,0,21,0
1000,700,21.000000,42.000000,0,0,1836937,612,0,612,0,0,21,0
1000,700,21.000000,42.000000,0,0,1836940,612,0,612,0,0,21,0
1000,700,21.000000,42.000000,0,0,1836943,612,0,612,0,0,21,0
1000,700,21.000000,42.000000,0,0,1836945,612,0,612,0,0,21,0
1000,700,21.000000,42.000000,0,0,1836948,612,0,612,0,0,21,0
1000,700,21.000000,42.000000,0,0,1836951,612,0,612,0,0,21,0
1000,700,21.000000,42.000000,0,0,1836954,612,0,612,0,0,21,0
1000,700,21.000000,42.000000,0,0,1836957,612,0,612,0,0,21,0
1000,700,21.000000,42.000000,0,0,1836959,612,0,612,0,0,21,0
1000,700,21.000000,42.000000,0,0,1836962,612,0,612,0,0,21,0
1000,700,21.000000,42.000000,0,0,1836965,612,0,612,0,0,21,0
1000,700,21.000000,42.000000,0,0,1836968,613,0,613,0,0,21,0
1000,700,21.000000,42.000000,0,0,1836971,613,0,613,0,0,21,0
1000,700,21.000000,42.000000,0,0,1836973,613,0,613,0,0,21,0
1000,700,21.000000,42.000000,0,0,1836976,614,0,614,0,0,21,0
1000,700,21.000000,42.000000,0,0,1836979,614,0,614,0,0,21,0
1000,700,21.000000,42.000000,0,0,1836982,615,0,615,0,0,21,0
1000,700,21.000000,42.000000,0,0,1836984,617,0,617,0,0,21,0
1000,700,21.000000,42.000000,0,0,1836987,618,0,618,0,0,21,0
1000,700,21.000000,42.000000,0,0,1836990,620,0,620,0,0,21,0
1000,700,21.000000,42.000000,0,0,1836993,622,0,622,-1,0,21,0
1000,700,21.000000,42.000000,0,0,1836996,624,0,624,-1,0,21,0
1000,700,21.000000,42.000000,0,0,1836999,628,0,628,-1,0,21,0
1000,700,21.000000,42.000000,0,0,1837002,633,0,633,-2,0,21,0
1000,700,21.000000,42.000000,0,0,1837004,635,0,635,-2,0,21,0
1000,700,21.000000,42.000000,0,0,1837007,641,0,641,-3,0,21,0
1000,700,21.000000,42.000000,0,0,1837010,644,0,644,-4,0,21,0
1000,700,21.000000,42.000000,0,0,1837013,649,0,649,-5,0,21,0
1000,700,21.000000,42.000000,0,0,1837016,652,0,652,-5,0,21,0
1000,700,21.000000,42.000000,0,0,1837019,656,0,656,-5,0,21,0
1000,700,21.000000,42.000000,0,0,1837021,662,0,662,-6,0,21,0
1000,700,21.000000,42.000000,0,0,1837024,667,0,667,-6,0,21,0
1000,700,21.000000,42.000000,0,0,1837027,672,0,672,-6,0,21,0
1000,700,21.000000,42.000000,0,0,1837030,679,0,679,-6,0,21,0
1000,700,21.000000,42.000000,0,0,1837033,689,0,689,-7,0,21,0
1000,700,21.000000,42.000000,0,0,1837036,697,0,697,-8,0,21,0
1000,700,21.000000,42.000000,0,0,1837038,704,0,704,-9,0,21,0
1000,700,21.000000,42.000000,0,0,1837041,717,0,717,-11,0,21,0
1000,700,21.000000,42.000000,0,0,1837044,727,0,727,-12,0,21,0
1000,700,21.000000,42.000000,0,0,1837047,737,0,737,-13,0,21,0
1000,700,21.000000,42.000000,0,0,1837049,748,0,748,-14,0,21,0
1000,700,21.000000,42.000000,0,0,1837052,758,0,758,-14,0,21,0
1000,700,21.000000,42.000000,0,0,1837055,771,0,771,-15,0,21,0
1000,700,21.000000,42.000000,0,0,1837058,780,0,780,-15,0,21,0
1000,700,21.000000,42.000000,0,0,1837061,795,0,795,-16,0,21,0
1000,700,21.000000,42.000000,0,0,1837063,804,0,804,-16,0,21,0
1000,700,21.000000,42.000000,0,0,1837066,819,0,819,-18,0,21,0
1000,700,21.000000,42.000000,0,0,1837069,831,0,831,-19,0,21,0
1000,700,21.000000,42.000000,0,0,1837072,851,0,851,-20,0,21,0
1000,700,21.000000,42.000000,0,0,1837075,864,0,864,-20,0,21,0
1000,700,21.000000,42.000000,0,0,1837078,886,0,886,-21,0,21,0
1000,700,21.000000,42.000000,0,0,1837081,907,0,907,-22,0,21,0
1000,700,21.000000,42.000000,0,0,1837083,923,0,923,-23,0,21,0
1000,700,21.000000,42.000000,0,0,1837086,926,0,926,-23,0,21,0
1000,700,21.000000,42.000000,0,0,1837089,946,0,946,-24,0,21,0
1000,700,21.000000,42.000000,0,0,1837092,964,0,964,-25,0,21,0
1000,700,21.000000,42.000000,0,0,1837094,985,0,985,-27,0,21,0
1000,700,21.000000,42.000000,0,0,1837097,998,0,998,-28,0,21,0
1000,700,21.000000,42.000000,0,0,1837100,1016,0,1016,-30,0,21,0
1000,700,21.000000,42.000000,0,0,1837103,1027,0,1027,-31,0,21,0
1000,700,21.000000,42.000000,0,0,1837106,1042,0,1042,-33,0,21,0
1000,700,21.000000,42.000000,0,0,1837109,1053,0,1053,-34,0,21,0
1000,700,21.000000,42.000000,0,0,1837111,1075,0,1075,-36,0,21,0
1000,700,21.000000,42.000000,0,0,1837114,1087,0,1087,-37,0,21,0
1000,700,21.000000,42.000000,0,0,1837117,1109,0,1109,-39,0,21,0
1000,700,21.000000,42.000000,0,0,1837120,1119,0,1119,-40,0,21,0
1000,700,21.000000,42.000000,0,0,1837123,1133,0,1133,-42,0,21,0
1000,700,21.000000,42.000000,0,0,1837125,1142,0,1142,-43,0,21,0
1000,700,21.000000,42.000000,0,0,1837128,1158,0,1158,-44,0,21,0
1000,700,21.000000,42.000000,0,0,1837131,1170,0,1170,-46,0,21,0
1000,700,21.000000,42.000000,0,0,1837134,1185,0,1185,-48,0,21,0
1000,700,21.000000,42.000000,0,0,1837137,1193,0,1193,-48,0,21,0
1000,700,21.000000,42.000000,0,0,1837140,1212,0,1212,-50,0,21,0
1000,700,21.000000,42.000000,0,0,1837143,1221,0,1221,-52,0,21,0
1000,700,21.000000,42.000000,0,0,1837146,1227,0,1227,-53,0,21,0
1000,700,21.000000,42.000000,0,0,1837148,1237,0,1237,-55,0,21,0
1000,700,21.000000,42.000000,0,0,1837151,1248,0,1248,-56,0,21,0
1000,700,21.000000,42.000000,0,0,1837154,1256,0,1256,-57,0,21,0
1000,700,21.000000,42.000000,0,0,1837157,1262,0,1262,-59,0,21,0
1000,700,21.000000,42.000000,0,0,1837160,1269,0,1269,-59,0,21,0
1000,700,21.000000,42.000000,0,0,1837162,1278,0,1278,-60,0,21,0
1000,700,21.000000,42.000000,0,0,1837165,1284,0,1284,-61,0,21,0
1000,700,21.000000,42.000000,0,0,1837168,1288,0,1288,-61,0,21,0
1000,700,21.000000,42.000000,0,0,1837171,1292,0,1292,-62,0,21,0
1000,700,21.000000,42.000000,0,0,1837174,1297,0,1297,-62,0,21,0
1000,700,21.000000,42.000000,0,0,1837176,1300,0,1300,-63,0,21,0
1000,700,21.000000,42.000000,0,0,1837179,1304,0,1304,-64,0,21,0
1000,700,21.000000,42.000000,0,0,1837182,1305,0,1305,-64,0,21,0
1000,700,21.000000,42.000000,0,0,1837185,1308,0,1308,-65,0,21,0
1000,700,21.000000,42.000000,0,0,1837187,1311,0,1311,-65,0,21,0
1000,700,21.000000,42.000000,0,0,1837190,1313,0,1313,-65,0,21,0
1000,700,21.000000,42.000000,0,0,1837193,1315,0,1315,-65,0,21,0
1000,700,21.000000,42.000000,0,0,1837196,1318,0,1318,-66,0,21,0
1000,700,21.000000,42.000000,0,0,1837199,1320,0,1320,-66,0,21,0
1000,700,21.000000,42.000000,0,0,1837201,1322,0,1322,-66,0,21,0
1000,700,21.000000,42.000000,0,0,1837204,1324,0,1324,-67,0,21,0
1000,700,21.000000,42.000000,0,0,1837207,1325,0,1325,-67,0,21,0
1000,700,21.000000,42.000000,0,0,1837210,1326,0,1326,-68,0,21,0
1000,700,21.000000,42.000000,0,0,1837213,1327,0,1327,-68,0,21,0
1000,700,21.000000,42.000000,0,0,1837216,1328,0,1328,-68,0,21,0
1000,700,21.000000,42.000000,0,0,1837219,1329,0,1329,-68,0,21,0
1000,700,21.000000,42.000000,0,0,1837222,1330,0,1330,-68,0,21,0
1000,700,21.000000,42.000000,0,0,1837225,1331,0,1331,-68,0,21,0
1000,700,21.000000,42.000000,0,0,1837228,1332,0,1332,-68,0,21,0
1000,700,21.000000,42.000000,0,0,1837232,1333,0,1333,-68,0,21,0
1000,700,21.000000,42.000000,0,0,1837235,1335,0,1335,-68,0,21,0
1000,700,21.000000,42.000000,0,0,1837238,1337,0,1337,-68,0,21,0
1000,700,21.000000,42.000000,0,0,1837241,1338,0,1338,-69,0,21,0
1000,700,21.000000,42.000000,0,0,1837245,1339,0,1339,-69,0,21,0
1000,700,21.000000,42.000000,0,0,1837248,1340,0,1340,-69,0,21,0
1000,700,21.000000,42.000000,0,0,1837250,1341,0,1341,-69,0,21,0
1000,700,21.000000,42.000000,0,0,1837254,1341,0,1341,-69,0,21,0
1000,700,21.000000,42.000000,0,0,1837257,1342,0,1342,-69,0,21,0
1000,700,21.000000,42.000000,0,0,1837260,1343,0,1343,-69,0,21,0
1000,700,21.000000,42.000000,0,0,1837263,1344,0,1344,-69,0,21,0
1000,700,21.000000,42.000000,0,0,1837266,1345,0,1345,-69,0,21,0
1000,700,21.000000,42.000000,0,0,1837269,1346,0,1346,-69,0,21,0
1000,700,21.000000,42.000000,0,0,1837272,1347,0,1347,-69,0,21,0
1000,700,21.000000,42.000000,0,0,1837275,1348,0,1348,-69,0,21,0
1000,700,21.000000,42.000000,0,0,1837278,1349,0,1349,-69,0,21,0
1000,700,21.000000,42.000000,0,0,1837281,1350,0,1350,-69,0,21,0
1000,700,21.000000,42.000000,0,0,1837284,1353,0,1353,-69,0,21,0
1000,700,21.000000,42.000000,0,0,1837287,1353,0,1353,-69,0,21,0
1000,700,21.000000,42.000000,0,0,1837290,1354,0,1354,-69,0,21,0
1000,700,21.000000,42.000000,0,0,1837293,1356,0,1356,-69,0,21,0
1000,700,21.000000,42.000000,0,0,1837296,1357,0,1357,-69,0,21,0
1000,700,21.000000,42.000000,0,0,1837299,1358,0,1358,-69,0,21,0
1000,700,21.000000,42.000000,0,0,1837302,1359,0,1359,-69,0,21,0
1000,700,21.000000,42.000000,0,0,1837305,1360,0,1360,-69,0,21,0
1000,700,21.000000,42.000000,0,0,1837308,1362,0,1362,-69,0,21,0
1000,700,21.000000,42.000000,0,0,1837311,1362,0,1362,-69,0,21,0
1000,700,21.000000,42.000000,0,0,1837314,1362,0,1362,-69,0,21,0
1000,700,21.000000,42.000000,0,0,1837318,1363,0,1363,-69,0,21,0
1000,700,21.000000,42.000000,0,0,1837321,1363,0,1363,-69,0,21,0
1000,700,21.000000,42.000000,0,0,1837324,1364,0,1364,-69,0,21,0
1000,700,21.000000,42.000000,0,0,1837327,1364,0,1364,-69,0,21,0
1000,700,21.000000,42.000000,0,0,1837330,1364,0,1364,-69,0,21,0
1000,700,21.000000,42.000000,0,0,1837333,1364,0,1364,-69,0,21,0
1000,700,21.000000,42.000000,0,0,1837336,1364,0,1364,-69,0,21,0
1000,700,21.000000,42.000000,0,0,1837339,1364,0,1364,-69,0,21,0
1000,700,21.000000,42.000000,0,0,1837341,1364,0,1364,-69,0,21,0
1000,700,21.000000,42.000000,0,0,1837344,1364,0,1364,-69,0,21,0
1000,700,21.000000,42.000000,0,0,1837347,1364,0,1364,-69,0,21,0
1000,700,21.000000,42.000000,0,0,1837350,1364,0,1364,-69,0,21,0
1000,700,21.000000,42.000000,0,0,1837353,1364,0,1364,-69,0,21,0
1000,700,21.000000,42.000000,0,0,1837356,1364,0,1364,-69,0,21,0
1000,700,21.000000,42.000000,0,0,1837358,1364,0,1364,-69,0,21,0
1000,700,21.000000,42.000000,0,0,1837361,1364,0,1364,-69,0,21,0
1000,700,21.000000,42.000000,0,0,1837364,1364,0,1364,-69,0,21,0
1000,700,21.000000,42.000000,0,0,1837367,1364,0,1364,-69,0,21,0
1000,700,21.000000,42.000000,0,0,1837370,1363,0,1363,-69,0,21,0
1000,700,21.000000,42.000000,0,0,1837373,1363,0,1363,-69,0,21,0
1000,700,21.000000,42.000000,0,0,1837375,1363,0,1363,-69,0,21,0
1000,700,21.000000,42.000000,0,0,1837378,1363,0,1363,-69,0,21,0
1000,700,21.000000,42.000000,0,0,1837382,1363,0,1363,-69,0,21,0
1000,700,21.000000,42.000000,0,0,1837385,1363,0,1363,-69,0,21,0
1000,700,21.000000,42.000000,0,0,1837388,1362,0,1362,-69,0,21,0
1000,700,21.000000,42.000000,0,0,1837390,1361,0,1361,-69,0,21,0
1000,700,21.000000,42.000000,0,0,1837393,1361,0,1361,-69,0,21,0
1000,700,21.000000,42.000000,0,0,1837396,1360,0,1360,-69,0,21,0
1000,700,21.000000,42.000000,0,0,1837399,1359,0,1359,-69,0,21,0
1000,700,21.000000,42.000000,0,0,1837402,1358,0,1358,-69,0,21,0
1000,700,21.000000,42.000000,0,0,1837405,1357,0,1357,-69,0,21,0
1000,700,21.000000,42.000000,0,0,1837408,1356,0,1356,-69,0,21,0
1000,700,21.000000,42.000000,0,0,1837411,1355,0,1355,-69,0,21,0
1000,700,21.000000,42.000000,0,0,1837414,1354,0,1354,-69,0,21,0
1000,700,21.000000,42.000000,0,0,1837417,1353,0,1353,-69,0,21,0
1000,700,21.000000,42.000000,0,0,1837420,1352,0,1352,-69,0,21,0
1000,700,21.000000,42.000000,0,0,1837422,1351,0,1351,-69,0,21,0
1000,700,21.000000,42.000000,0,0,1837425,1349,0,1349,-70,0,21,0
1000,700,21.000000,42.000000,0,0,1837428,1348,0,1348,-70,0,21,0
1000,700,21.000000,42.000000,0,0,1837432,1346,0,1346,-70,0,21,0
1000,700,21.000000,42.000000,0,0,1837435,1345,0,1345,-70,0,21,0
1000,700,21.000000,42.000000,0,0,1837438,1343,0,1343,-71,0,21,0
1000,700,21.000000,42.000000,0,0,1837441,1341,0,1341,-71,0,21,0
1000,700,21.000000,42.000000,0,0,1837444,1340,0,1340,-71,0,21,0
1000,700,21.000000,42.000000,0,0,1837446,1338,0,1338,-71,0,21,0
1000,700,21.000000,42.000000,0,0,1837449,1337,0,1337,-71,0,21,0
1000,700,21.000000,42.000000,0,0,1837452,1335,0,1335,-71,0,21,0
1000,700,21.000000,42.000000,0,0,1837455,1334,0,1334,-71,0,21,0
1000,700,21.000000,42.000000,0,0,1837458,1333,0,1333,-71,0,21,0
1000,700,21.000000,42.000000,0,0,1837461,1333,0,1333,-71,0,21,0
1000,700,21.000000,42.000000,0,0,1837464,1332,0,1332,-71,0,21,0
1000,700,21.000000,42.000000,0,0,1837467,1332,0,1332,-72,0,21,0
1000,700,21.000000,42.000000,0,0,1837470,1331,0,1331,-72,0,21,0
1000,700,21.000000,42.000000,0,0,1837472,1330,0,1330,-72,0,21,0
1000,700,21.000000,42.000000,0,0,1837475,1330,0,1330,-72,0,21,0
1000,700,21.000000,42.000000,0,0,1837478,1329,0,1329,-72,0,21,0
1000,700,21.000000,42.000000,0,0,1837481,1329,0,1329,-72,0,21,0
1000,700,21.000000,42.000000,0,0,1837484,1328,0,1328,-72,0,21,0
1000,700,21.000000,42.000000,0,0,1837486,1327,0,1327,-72,0,21,0
1000,700,21.000000,42.000000,0,0,1837489,1327,0,1327,-72,0,21,0
1000,700,21.000000,42.000000,0,0,1837492,1326,0,1326,-72,0,21,0
1000,700,21.000000,42.000000,0,0,1837495,1326,0,1326,-72,0,21,0
1000,700,21.000000,42.000000,0,0,1837498,1326,0,1326,-72,0,21,0
1000,700,21.000000,42.000000,0,0,1837500,1326,0,1326,-72,0,21,0
1000,700,21.000000,42.000000,0,0,1837503,1325,0,1325,-73,0,21,0
1000,700,21.000000,42.000000,0,0,1837506,1325,0,1325,-73,0,21,0
1000,700,21.000000,42.000000,0,0,1837509,1325,0,1325,-73,0,21,0
1000,700,21.000000,42.000000,0,0,1837511,1324,0,1324,-73,0,21,0
1000,700,21.000000,42.000000,0,0,1837514,1324,0,1324,-73,0,21,0
1000,700,21.000000,42.000000,0,0,1837517,1323,0,1323,-73,0,21,0
1000,700,21.000000,42.000000,0,0,1837520,1323,0,1323,-73,0,21,0
1000,700,21.000000,42.000000,0,0,1837523,1323,0,1323,-73,0,21,0
1000,700,21.000000,42.000000,0,0,1837525,1322,0,1322,-73,0,21,0
1000,700,21.000000,42.000000,0,0,1837528,1321,0,1321,-73,0,21,0
1000,700,21.000000,42.000000,0,0,1837531,1321,0,1321,-73,0,21,0
1000,700,21.000000,42.000000,0,0,1837534,1321,0,1321,-73,0,21,0
1000,700,21.000000,42.000000,0,0,1837537,1321,0,1321,-73,0,21,0
1000,700,21.000000,42.000000,0,0,1837539,1321,0,1321,-73,0,21,0
1000,700,21.000000,42.000000,0,0,1837542,1321,0,1321,-73,0,21,0
1000,700,21.000000,42.000000,0,0,1837545,1321,0,1321,-73,0,21,0
1000,700,21.000000,42.000000,0,0,1837548,1321,0,1321,-73,0,21,0
1000,700,21.000000,42.000000,0,0,1837550,1321,0,1321,-73,0,21,0
1000,700,21.000000,42.000000,0,0,1837553,1321,0,1321,-73,0,21,0
1000,700,21.000000,42.000000,0,0,1837556,1321,0,1321,-73,0,21,0
1000,700,21.000000,42.000000,0,0,1837559,1321,0,1321,-73,0,21,0
1000,700,21.000000,42.000000,0,0,1837561,1321,0,1321,-73,0,21,0
1000,700,21.000000,42.000000,0,0,1837564,1321,0,1321,-73,0,21,0
1000,700,21.000000,42.000000,0,0,1837567,1321,0,1321,-73,0,21,0
1000,700,21.000000,42.000000,0,0,1837570,1321,0,1321,-73,0,21,0
1000,700,21.000000,42.000000,0,0,1837572,1321,0,1321,-73,0,21,0
1000,700,21.000000,42.000000,0,0,1837575,1321,0,1321,-73,0,21,0
1000,700,21.000000,42.000000,0,0,1837578,1321,0,1321,-73,0,21,0
1000,700,21.000000,42.000000,0,0,1837581,1321,0,1321,-73,0,21,0
1000,700,21.000000,42.000000,0,0,1837583,1321,0,1321,-73,0,21,0
1000,700,21.000000,42.000000,0,0,1837586,1321,0,1321,-73,0,21,0
1000,700,21.000000,42.000000,0,0,1837589,1321,0,1321,-73,0,21,0
1000,700,21.000000,42.000000,0,0,1837591,1321,0,1321,-73,0,21,0
1000,700,21.000000,42.000000,0,0,1837594,1321,0,1321,-73,0,21,0
1000,700,21.000000,42.000000,0,0,1837597,1321,0,1321,-73,0,21,0
1000,700,21.000000,42.000000,0,0,1837600,1321,0,1321,-73,0,21,0
1000,700,21.000000,42.000000,0,0,1837602,1321,0,1321,-73,0,21,0
1000,700,21.000000,42.000000,0,0,1837605,1321,0,1321,-73,0,21,0
1000,700,21.000000,42.000000,0,0,1837608,1321,0,1321,-73,0,21,0
1000,700,21.000000,42.000000,0,0,1837611,1321,0,1321,-73,0,21,0
1000,700,21.000000,42.000000,0,0,1837614,1321,0,1321,-73,0,21,0
1000,700,21.000000,42.000000,0,0,1837616,1321,0,1321,-73,0,21,0
1000,700,21.000000,42.000000,0,0,1837619,1321,0,1321,-73,0,21,0
1000,700,21.000000,42.000000,0,0,1837622,1321,0,1321,-73,0,21,0
1000,700,21.000000,42.000000,0,0,1837625,1321,0,1321,-73,0,21,0
1000,700,21.000000,42.000000,0,0,1837627,1321,0,1321,-73,0,21,0
1000,700,21.000000,42.000000,0,0,1837630,1321,0,1321,-73,0,21,0
1000,700,21.000000,42.000000,0,0,1837633,1321,0,1321,-73,0,21,0
1000,700,21.000000,42.000000,0,0,1837636,1321,0,1321,-73,0,21,0
1000,700,21.000000,42.000000,0,0,1837639,1321,0,1321,-73,0,21,0
1000,700,21.000000,42.000000,0,0,1837641,1321,0,1321,-73,0,21,0
1000,700,21.000000,42.000000,0,0,1837644,1321,0,1321,-73,0,21,0
1000,700,21.000000,42.000000,0,0,1837647,1321,0,1321,-73,0,21,0
1000,700,21.000000,42.000000,0,0,1837650,1321,0,1321,-73,0,21,0
1000,700,21.000000,42.000000,0,0,1837652,1321,0,1321,-73,0,21,0
1000,700,21.000000,42.000000,0,0,1837655,1321,0,1321,-73,0,21,0
1000,700,21.000000,42.000000,0,0,1837658,1321,0,1321,-73,0,21,0
1000,700,21.000000,42.000000,0,0,1837671,1321,0,1321,-73,0,21,0
