52,1000,30.000000,90.000000,1,0,2837990,468,4,468,4,0,18,11
52,1000,30.000000,90.000000,1,0,2837991,468,4,468,4,0,18,11
52,1000,30.000000,90.000000,1,0,2837997,468,4,468,4,0,18,11
52,1000,30.000000,90.000000,1,0,2838003,468,4,468,4,0,18,11
52,1000,30.000000,90.000000,1,0,2838009,468,5,468,5,0,18,11
52,1000,30.000000,90.000000,1,0,2838015,468,6,468,6,0,18,11
52,1000,30.000000,90.000000,1,0,2838022,468,7,468,7,0,18,11
52,1000,30.000000,90.000000,1,0,2838029,468,8,468,8,0,18,11
52,1000,30.000000,90.000000,1,0,2838036,468,9,468,9,0,18,11
52,1000,30.000000,90.000000,1,0,2838043,469,10,469,10,0,18,11
52,1000,30.000000,90.000000,1,0,2838050,471,12,471,12,0,18,11
52,1000,30.000000,90.000000,1,0,2838057,475,14,475,14,0,18,11
52,1000,30.000000,90.000000,1,0,2838064,480,16,480,16,0,18,11
52,1000,30.000000,90.000000,1,0,2838071,490,19,490,19,0,18,11
52,1000,30.000000,90.000000,1,0,2838078,501,23,501,23,0,18,11
52,1000,30.000000,90.000000,1,0,2838085,520,29,520,29,0,18,11
52,1000,30.000000,90.000000,1,0,2838092,542,38,542,38,0,18,11
52,1000,30.000000,90.000000,1,0,2838099,568,48,568,48,0,18,11
52,1000,30.000000,90.000000,1,0,2838106,599,58,599,58,0,18,11
52,1000,30.000000,90.000000,1,0,2838116,632,67,632,67,0,18,11
52,1000,30.000000,90.000000,1,0,2838124,698,85,698,85,0,18,11
52,1000,30.000000,90.000000,1,0,2838130,758,99,758,99,0,18,11
52,1000,30.000000,90.000000,1,0,2838136,782,103,782,103,0,18,11
52,1000,30.000000,90.000000,1,0,2838142,820,107,820,107,0,18,11
52,1000,30.000000,90.000000,1,0,2838148,871,111,871,111,0,18,11
52,1000,30.000000,90.000000,1,0,2838154,922,114,922,114,0,18,11
52,1000,30.000000,90.000000,1,0,2838161,973,114,973,114,0,18,11
52,1000,30.000000,90.000000,1,0,2838168,1027,113,1027,113,0,18,11
52,1000,30.000000,90.000000,1,0,2838175,1079,107,1079,107,0,18,11
52,1000,30.000000,90.000000,1,0,2838182,1130,100,1130,100,0,18,11
52,1000,30.000000,90.000000,1,0,2838189,1176,92,1176,92,0,18,11
52,1000,30.000000,90.000000,1,0,2838196,1209,84,1209,84,0,18,11
52,1000,30.000000,90.000000,1,0,2838203,1245,74,1245,74,0,18,11
52,1000,30.000000,90.000000,1,0,2838210,1267,67,1267,67,0,18,11
52,1000,30.000000,90.000000,1,0,2838218,1279,62,1279,62,0,18,11
52,1000,30.000000,90.000000,1,0,2838226,1294,54,1294,54,0,18,11
52,1000,30.000000,90.000000,1,0,2838232,1304,48,1304,48,0,18,11
52,1000,30.000000,90.000000,1,0,2838238,1308,44,1308,44,0,18,11
52,1000,30.000000,90.000000,1,0,2838245,1313,40,1313,40,0,18,11
52,1000,30.000000,90.000000,1,0,2838251,1319,37,1319,37,0,18,11
52,1000,30.000000,90.000000,1,0,2838258,1326,34,1326,34,0,18,11
52,1000,30.000000,90.000000,1,0,2838265,1334,32,1334,32,0,18,11
52,1000,30.000000,90.000000,1,0,2838281,1340,30,1340,30,0,18,11
52,1000,30.000000,90.000000,1,0,2838290,1353,28,1353,28,0,18,11
52,1000,30.000000,90.000000,1,0,2838298,1357,27,1357,27,0,18,11
52,1000,30.000000,90.000000,1,0,2838304,1360,26,1360,26,0,18,11
52,1000,30.000000,90.000000,1,0,2838311,1361,25,1361,25,0,18,11
52,1000,30.000000,90.000000,1,0,2838317,1362,25,1362,25,0,18,11
52,1000,30.000000,90.000000,1,0,2838323,1363,24,1363,24,0,18,11
52,1000,30.000000,90.000000,1,0,2838328,1364,23,1364,23,0,18,11
52,1000,30.000000,90.000000,1,0,2838335,1364,22,1364,22,0,18,11
52,1000,30.000000,90.000000,1,0,2838342,1364,22,1364,22,0,18,11
52,1000,30.000000,90.000000,1,0,2838349,1364,22,1364,22,0,18,11
52,1000,30.000000,90.000000,1,0,2838356,1364,22,1364,22,0,18,11
52,1000,30.000000,90.000000,1,0,2838371,1364,22,1364,22,0,18,11
52,1000,30.000000,90.000000,1,0,2838380,1364,21,1364,21,0,18,11
52,1000,30.000000,90.000000,1,0,2838388,1364,21,1364,21,0,18,11
52,1000,30.000000,90.000000,1,0,2838394,1366,21,1366,21,0,18,11
52,1000,30.000000,90.000000,1,0,2838400,1367,21,1367,21,0,18,11
52,1000,30.000000,90.000000,1,0,2838406,1370,20,1370,20,0,18,11
52,1000,30.000000,90.000000,1,0,2838413,1373,20,1373,20,0,18,11
52,1000,30.000000,90.000000,1,0,2838419,1376,19,1376,19,0,18,11
52,1000,30.000000,90.000000,1,0,2838425,1379,19,1379,19,0,18,11
52,1000,30.000000,90.000000,1,0,2838432,1382,19,1382,19,0,18,11
52,1000,30.000000,90.000000,1,0,2838439,1385,19,1385,19,0,18,11
52,1000,30.000000,90.000000,1,0,2838446,1389,19,1389,19,0,18,11
52,1000,30.000000,90.000000,1,0,2838453,1392,19,1392,19,0,18,11
52,1000,30.000000,90.000000,1,0,2838460,1396,19,1396,19,0,18,11
52,1000,30.000000,90.000000,1,0,2838467,1400,19,1400,19,0,18,11
52,1000,30.000000,90.000000,1,0,2838474,1403,19,1403,19,0,18,11
52,1000,30.000000,90.000000,1,0,2838480,1408,19,1408,19,0,18,11
52,1000,30.000000,90.000000,1,0,2838496,1413,19,1413,19,0,18,11
52,1000,30.000000,90.000000,1,0,2838505,1429,19,1429,19,0,18,11
52,1000,30.000000,90.000000,1,0,2838513,1440,19,1440,19,0,18,11
52,1000,30.000000,90.000000,1,0,2838519,1450,19,1450,19,0,18,11
52,1000,30.000000,90.000000,1,0,2838526,1456,19,1456,19,0,18,11
52,1000,30.000000,90.000000,1,0,2838532,1460,19,1460,19,0,18,11
52,1000,30.000000,90.000000,1,0,2838538,1462,19,1462,19,0,18,11
52,1000,30.000000,90.000000,1,0,2838544,1465,19,1465,19,0,18,11
52,1000,30.000000,90.000000,1,0,2838550,1466,19,1466,19,0,18,11
52,1000,30.000000,90.000000,1,0,2838557,1468,19,1468,19,0,18,11
52,1000,30.000000,90.000000,1,0,2838564,1468,19,1468,19,0,18,11
52,1000,30.000000,90.000000,1,0,2838571,1468,19,1468,19,0,18,11
52,1000,30.000000,90.000000,1,0,2838578,1467,19,1467,19,0,18,11
52,1000,30.000000,90.000000,1,0,2838585,1465,19,1465,19,0,18,11
52,1000,30.000000,90.000000,1,0,2838592,1463,19,1463,19,0,18,11
52,1000,30.000000,90.000000,1,0,2838599,1462,19,1462,19,0,18,11
52,1000,30.000000,90.000000,1,0,2838606,1462,20,1462,20,0,18,11
52,1000,30.000000,90.000000,1,0,2838622,1461,20,1461,20,0,18,11
52,1000,30.000000,90.000000,1,0,2838631,1461,20,1461,20,0,18,11
52,1000,30.000000,90.000000,1,0,2838639,1461,20,1461,20,0,18,11
52,1000,30.000000,90.000000,1,0,2838645,1461,20,1461,20,0,18,11
52,1000,30.000000,90.000000,1,0,2838651,1461,20,1461,20,0,18,11
52,1000,30.000000,90.000000,1,0,2838656,1461,20,1461,20,0,18,11
52,1000,30.000000,90.000000,1,0,2838663,1461,20,1461,20,0,18,11
52,1000,30.000000,90.000000,1,0,2838668,1461,20,1461,20,0,18,11
52,1000,30.000000,90.000000,1,0,2838675,1461,20,1461,20,0,18,11
52,1000,30.000000,90.000000,1,0,2838682,1461,20,1461,20,0,18,11
52,1000,30.000000,90.000000,1,0,2838689,1461,20,1461,20,0,18,11
52,1000,30.000000,90.000000,1,0,2838696,1461,20,1461,20,0,18,11
52,1000,30.000000,90.000000,1,0,2838712,1461,20,1461,20,0,18,11
52,1000,30.000000,90.000000,1,0,2838721,1461,20,1461,20,0,18,11
52,1000,30.000000,90.000000,1,0,2838729,1461,20,1461,20,0,18,11
52,1000,30.000000,90.000000,1,0,2838750,1461,20,1461,20,0,18,11
