52,500,30.000000,10000.000000,0,0,3401303,715,8,715,8,0,32,5
52,500,30.000000,10000.000000,0,0,3401305,715,8,715,8,0,32,5
52,500,30.000000,10000.000000,0,0,3401312,715,8,715,8,0,32,5
52,500,30.000000,10000.000000,0,0,3401318,715,8,715,8,0,32,5
52,500,30.000000,10000.000000,0,0,3401324,715,8,715,8,0,32,5
52,500,30.000000,10000.000000,0,0,3401330,715,8,715,8,0,32,5
52,500,30.000000,10000.000000,0,0,3401336,715,8,715,8,0,32,5
52,500,30.000000,10000.000000,0,0,3401342,715,8,715,8,0,32,5
52,500,30.000000,10000.000000,0,0,3401350,715,8,715,8,0,32,5
52,500,30.000000,10000.000000,0,0,3401356,715,8,715,8,0,32,5
52,500,30.000000,10000.000000,0,0,3401363,715,8,715,8,0,32,5
52,500,30.000000,10000.000000,0,0,3401370,715,8,715,8,0,32,5
52,500,30.000000,10000.000000,0,0,3401381,715,8,715,8,0,32,5
52,500,30.000000,10000.000000,0,0,3401388,717,8,717,8,0,32,5
52,500,30.000000,10000.000000,0,0,3401394,721,8,721,8,0,32,5
52,500,30.000000,10000.000000,0,0,3401401,728,6,728,6,0,32,5
52,500,30.000000,10000.000000,0,0,3401407,736,5,736,5,0,32,5
52,500,30.000000,10000.000000,0,0,3401413,748,3,748,3,0,32,5
52,500,30.000000,10000.000000,0,0,3401419,770,0,770,-1,0,32,5
52,500,30.000000,10000.000000,0,0,3401426,799,0,799,-7,0,32,5
52,500,30.000000,10000.000000,0,0,3401433,825,0,825,-13,0,32,5
52,500,30.000000,10000.000000,0,0,3401440,861,0,861,-21,0,32,5
52,500,30.000000,10000.000000,0,0,3401447,900,0,900,-31,0,32,5
52,500,30.000000,10000.000000,0,0,3401454,929,0,929,-38,0,32,5
52,500,30.000000,10000.000000,0,0,3401461,974,0,974,-50,0,32,5
52,500,30.000000,10000.000000,0,0,3401468,1004,0,1004,-59,0,32,5
52,500,30.000000,10000.000000,0,0,3401475,1045,0,1045,-71,0,32,5
52,500,30.000000,10000.000000,0,0,3401482,1083,0,1083,-81,0,32,5
52,500,30.000000,10000.000000,0,0,3401489,1114,0,1114,-89,0,32,5
52,500,30.000000,10000.000000,0,0,3401495,1146,0,1146,-98,0,32,5
52,500,30.000000,10000.000000,0,0,3401503,1174,0,1174,-106,0,32,5
52,500,30.000000,10000.000000,0,0,3401509,1200,0,1200,-113,0,32,5
52,500,30.000000,10000.000000,0,0,3401516,1222,0,1222,-119,0,32,5
52,500,30.000000,10000.000000,0,0,3401523,1238,0,1238,-123,0,32,5
52,500,30.000000,10000.000000,0,0,3401530,1250,0,1250,-126,0,32,5
52,500,30.000000,10000.000000,0,0,3401537,1258,0,1258,-128,0,32,5
52,500,30.000000,10000.000000,0,0,3401544,1262,0,1262,-129,0,32,5
52,500,30.000000,10000.000000,0,0,3401551,1265,0,1265,-130,0,32,5
52,500,30.000000,10000.000000,0,0,3401558,1268,0,1268,-131,0,32,5
52,500,30.000000,10000.000000,0,0,3401565,1268,0,1268,-131,0,32,5
52,500,30.000000,10000.000000,0,0,3401576,1268,0,1268,-131,0,32,5
52,500,30.000000,10000.000000,0,0,3401583,1268,0,1268,-131,0,32,5
52,500,30.000000,10000.000000,0,0,3401589,1268,0,1268,-131,0,32,5
52,500,30.000000,10000.000000,0,0,3401595,1268,0,1268,-131,0,32,5
52,500,30.000000,10000.000000,0,0,3401601,1268,0,1268,-131,0,32,5
52,500,30.000000,10000.000000,0,0,3401607,1267,0,1267,-131,0,32,5
52,500,30.000000,10000.000000,0,0,3401614,1266,0,1266,-131,0,32,5
52,500,30.000000,10000.000000,0,0,3401620,1265,0,1265,-131,0,32,5
52,500,30.000000,10000.000000,0,0,3401636,1265,0,1265,-131,0,32,5
52,500,30.000000,10000.000000,0,0,3401645,1265,0,1265,-131,0,32,5
52,500,30.000000,10000.000000,0,0,3401653,1265,0,1265,-131,0,32,5
52,500,30.000000,10000.000000,0,0,3401659,1265,0,1265,-131,0,32,5
52,500,30.000000,10000.000000,0,0,3401665,1265,0,1265,-131,0,32,5
52,500,30.000000,10000.000000,0,0,3401672,1264,0,1264,-131,0,32,5
52,500,30.000000,10000.000000,0,0,3401678,1263,0,1263,-131,0,32,5
52,500,30.000000,10000.000000,0,0,3401684,1261,1,1261,-130,0,32,5
52,500,30.000000,10000.000000,0,0,3401690,1260,1,1260,-130,0,32,5
52,500,30.000000,10000.000000,0,0,3401698,1258,1,1258,-130,0,32,5
52,500,30.000000,10000.000000,0,0,3401705,1256,1,1256,-130,0,32,5
52,500,30.000000,10000.000000,0,0,3401711,1253,1,1253,-130,0,32,5
52,500,30.000000,10000.000000,0,0,3401718,1249,1,1249,-130,0,32,5
52,500,30.000000,10000.000000,0,0,3401725,1245,1,1245,-130,0,32,5
52,500,30.000000,10000.000000,0,0,3401731,1239,1,1239,-130,0,32,5
52,500,30.000000,10000.000000,0,0,3401738,1234,1,1234,-130,0,32,5
52,500,30.000000,10000.000000,0,0,3401745,1228,1,1228,-130,0,32,5
52,500,30.000000,10000.000000,0,0,3401752,1225,1,1225,-130,0,32,5
52,500,30.000000,10000.000000,0,0,3401759,1223,1,1223,-130,0,32,5
52,500,30.000000,10000.000000,0,0,3401766,1221,1,1221,-130,0,32,5
52,500,30.000000,10000.000000,0,0,3401773,1219,1,1219,-130,0,32,5
52,500,30.000000,10000.000000,0,0,3401780,1217,1,1217,-130,0,32,5
52,500,30.000000,10000.000000,0,0,3401796,1217,1,1217,-130,0,32,5
52,500,30.000000,10000.000000,0,0,3401805,1217,1,1217,-130,0,32,5
52,500,30.000000,10000.000000,0,0,3401813,1217,1,1217,-130,0,32,5
52,500,30.000000,10000.000000,0,0,3401819,1217,1,1217,-130,0,32,5
52,500,30.000000,10000.000000,0,0,3401825,1217,1,1217,-130,0,32,5
52,500,30.000000,10000.000000,0,0,3401831,1217,1,1217,-130,0,32,5
52,500,30.000000,10000.000000,0,0,3401837,1217,1,1217,-130,0,32,5
52,500,30.000000,10000.000000,0,0,3401843,1217,1,1217,-130,0,32,5
52,500,30.000000,10000.000000,0,0,3401849,1217,1,1217,-130,0,32,5
52,500,30.000000,10000.000000,0,0,3401856,1217,1,1217,-130,0,32,5
52,500,30.000000,10000.000000,0,0,3401864,1217,1,1217,-130,0,32,5
52,500,30.000000,10000.000000,0,0,3401870,1217,1,1217,-130,0,32,5
52,500,30.000000,10000.000000,0,0,3401877,1217,1,1217,-130,0,32,5
52,500,30.000000,10000.000000,0,0,3401884,1217,1,1217,-130,0,32,5
52,500,30.000000,10000.000000,0,0,3401891,1217,1,1217,-130,0,32,5
52,500,30.000000,10000.000000,0,0,3401898,1217,1,1217,-130,0,32,5
52,500,30.000000,10000.000000,0,0,3401905,1217,1,1217,-130,0,32,5
52,500,30.000000,10000.000000,0,0,3401921,1217,1,1217,-130,0,32,5
52,500,30.000000,10000.000000,0,0,3401930,1217,1,1217,-130,0,32,5
52,500,30.000000,10000.000000,0,0,3401955,1216,1,1216,-130,0,32,5
