52,1000,115.000000,30.000000,0,0,3686980,502,0,502,0,1,39,18
52,1000,115.000000,30.000000,0,0,3686982,502,0,502,0,1,39,18
52,1000,115.000000,30.000000,0,0,3686989,502,0,502,0,1,39,18
52,1000,115.000000,30.000000,0,0,3686995,502,0,502,0,1,39,18
52,1000,115.000000,30.000000,0,0,3687001,502,0,502,0,1,39,18
52,1000,115.000000,30.000000,0,0,3687007,502,0,502,0,1,39,18
52,1000,115.000000,30.000000,0,0,3687013,502,0,502,0,1,39,18
52,1000,115.000000,30.000000,0,0,3687019,502,0,502,0,1,39,18
52,1000,115.000000,30.000000,0,0,3687026,502,0,502,0,1,39,18
52,1000,115.000000,30.000000,0,0,3687033,502,0,502,0,1,39,18
52,1000,115.000000,30.000000,0,0,3687040,502,0,502,0,1,39,18
52,1000,115.000000,30.000000,0,0,3687048,502,0,502,0,1,39,18
52,1000,115.000000,30.000000,0,0,3687054,502,0,502,0,1,39,18
52,1000,115.000000,30.000000,0,0,3687061,502,0,502,0,1,39,18
52,1000,115.000000,30.000000,0,0,3687068,503,0,503,0,1,39,18
52,1000,115.000000,30.000000,0,0,3687075,507,0,507,0,1,39,18
52,1000,115.000000,30.000000,0,0,3687083,518,0,518,0,1,39,18
52,1000,115.000000,30.000000,0,0,3687098,533,0,533,0,1,39,18
52,1000,115.000000,30.000000,0,0,3687107,579,0,579,-1,1,39,18
52,1000,115.000000,30.000000,0,0,3687122,625,0,625,-2,1,39,18
52,1000,115.000000,30.000000,0,0,3687132,714,0,714,-6,1,39,18
52,1000,115.000000,30.000000,0,0,3687140,776,0,776,-11,1,39,18
52,1000,115.000000,30.000000,0,0,3687146,833,0,833,-17,1,39,18
52,1000,115.000000,30.000000,0,0,3687153,886,0,886,-24,1,39,18
52,1000,115.000000,30.000000,0,0,3687159,926,0,926,-31,1,39,18
52,1000,115.000000,30.000000,0,0,3687165,966,0,966,-38,1,39,18
52,1000,115.000000,30.000000,0,0,3687172,1006,0,1006,-47,1,39,18
52,1000,115.000000,30.000000,0,0,3687188,1054,0,1054,-56,1,39,18
52,1000,115.000000,30.000000,0,0,3687197,1140,0,1140,-75,1,39,18
52,1000,115.000000,30.000000,0,0,3687205,1189,0,1189,-88,1,39,18
52,1000,115.000000,30.000000,0,0,3687211,1220,0,1220,-97,1,39,18
52,1000,115.000000,30.000000,0,0,3687218,1247,0,1247,-105,1,39,18
52,1000,115.000000,30.000000,0,0,3687224,1263,0,1263,-109,1,39,18
52,1000,115.000000,30.000000,0,0,3687230,1275,0,1275,-112,1,39,18
52,1000,115.000000,30.000000,0,0,3687236,1283,0,1283,-114,1,39,18
52,1000,115.000000,30.000000,0,0,3687242,1288,0,1288,-116,1,39,18
52,1000,115.000000,30.000000,0,0,3687249,1291,0,1291,-117,1,39,18
52,1000,115.000000,30.000000,0,0,3687256,1292,0,1292,-117,1,39,18
52,1000,115.000000,30.000000,0,0,3687263,1293,0,1293,-117,1,39,18
52,1000,115.000000,30.000000,0,0,3687269,1293,0,1293,-117,1,39,18
52,1000,115.000000,30.000000,0,0,3687276,1293,0,1293,-117,1,39,18
52,1000,115.000000,30.000000,0,0,3687283,1293,0,1293,-117,1,39,18
52,1000,115.000000,30.000000,0,0,3687290,1293,0,1293,-117,1,39,18
52,1000,115.000000,30.000000,0,0,3687297,1293,0,1293,-117,1,39,18
52,1000,115.000000,30.000000,0,0,3687313,1293,0,1293,-117,1,39,18
52,1000,115.000000,30.000000,0,0,3687322,1293,0,1293,-117,1,39,18
52,1000,115.000000,30.000000,0,0,3687330,1293,0,1293,-117,1,39,18
52,1000,115.000000,30.000000,0,0,3687336,1293,0,1293,-117,1,39,18
52,1000,115.000000,30.000000,0,0,3687342,1293,0,1293,-117,1,39,18
52,1000,115.000000,30.000000,0,0,3687348,1293,0,1293,-117,1,39,18
52,1000,115.000000,30.000000,0,0,3687354,1293,0,1293,-117,1,39,18
52,1000,115.000000,30.000000,0,0,3687360,1293,0,1293,-117,1,39,18
52,1000,115.000000,30.000000,0,0,3687367,1293,0,1293,-117,1,39,18
52,1000,115.000000,30.000000,0,0,3687374,1293,0,1293,-117,1,39,18
52,1000,115.000000,30.000000,0,0,3687381,1293,0,1293,-117,1,39,18
52,1000,115.000000,30.000000,0,0,3687388,1293,0,1293,-117,1,39,18
52,1000,115.000000,30.000000,0,0,3687395,1293,0,1293,-117,1,39,18
52,1000,115.000000,30.000000,0,0,3687402,1293,0,1293,-117,1,39,18
52,1000,115.000000,30.000000,0,0,3687409,1293,0,1293,-117,1,39,18
52,1000,115.000000,30.000000,0,0,3687415,1293,0,1293,-117,1,39,18
52,1000,115.000000,30.000000,0,0,3687422,1293,0,1293,-117,1,39,18
52,1000,115.000000,30.000000,0,0,3687429,1293,0,1293,-117,1,39,18
52,1000,115.000000,30.000000,0,0,3687436,1293,0,1293,-117,1,39,18
52,1000,115.000000,30.000000,0,0,3687443,1293,0,1293,-117,1,39,18
52,1000,115.000000,30.000000,0,0,3687450,1293,0,1293,-117,1,39,18
52,1000,115.000000,30.000000,0,0,3687457,1294,0,1294,-118,1,39,18
52,1000,115.000000,30.000000,0,0,3687464,1298,0,1298,-120,1,39,18
52,1000,115.000000,30.000000,0,0,3687472,1303,0,1303,-122,1,39,18
52,1000,115.000000,30.000000,0,0,3687478,1311,0,1311,-125,1,39,18
52,1000,115.000000,30.000000,0,0,3687485,1316,0,1316,-127,1,39,18
52,1000,115.000000,30.000000,0,0,3687492,1326,0,1326,-130,1,39,18
52,1000,115.000000,30.000000,0,0,3687499,1340,0,1340,-134,1,39,18
52,1000,115.000000,30.000000,0,0,3687507,1353,0,1353,-138,1,39,18
52,1000,115.000000,30.000000,0,0,3687513,1369,0,1369,-142,1,39,18
52,1000,115.000000,30.000000,0,0,3687520,1380,0,1380,-145,1,39,18
52,1000,115.000000,30.000000,0,0,3687526,1392,0,1392,-148,1,39,18
52,1000,115.000000,30.000000,0,0,3687533,1408,0,1408,-151,1,39,18
52,1000,115.000000,30.000000,0,0,3687540,1422,0,1422,-153,1,39,18
52,1000,115.000000,30.000000,0,0,3687547,1437,0,1437,-154,1,39,18
52,1000,115.000000,30.000000,0,0,3687563,1451,0,1451,-156,1,39,18
52,1000,115.000000,30.000000,0,0,3687572,1477,0,1477,-159,1,39,18
52,1000,115.000000,30.000000,0,0,3687580,1485,0,1485,-159,1,39,18
52,1000,115.000000,30.000000,0,0,3687586,1487,0,1487,-159,1,39,18
52,1000,115.000000,30.000000,0,0,3687592,1488,0,1488,-159,1,39,18
52,1000,115.000000,30.000000,0,0,3687599,1488,0,1488,-159,1,39,18
52,1000,115.000000,30.000000,0,0,3687604,1487,0,1487,-159,1,39,18
52,1000,115.000000,30.000000,0,0,3687611,1485,0,1485,-159,1,39,18
52,1000,115.000000,30.000000,0,0,3687617,1481,0,1481,-159,1,39,18
52,1000,115.000000,30.000000,0,0,3687624,1478,1,1478,-158,1,39,18
52,1000,115.000000,30.000000,0,0,3687631,1471,1,1471,-158,1,39,18
52,1000,115.000000,30.000000,0,0,3687638,1463,2,1463,-157,1,39,18
52,1000,115.000000,30.000000,0,0,3687645,1456,3,1456,-156,1,39,18
52,1000,115.000000,30.000000,0,0,3687651,1446,4,1446,-155,1,39,18
52,1000,115.000000,30.000000,0,0,3687658,1439,5,1439,-154,1,39,18
52,1000,115.000000,30.000000,0,0,3687665,1433,6,1433,-153,1,39,18
52,1000,115.000000,30.000000,0,0,3687672,1428,6,1428,-153,1,39,18
52,1000,115.000000,30.000000,0,0,3687688,1425,6,1425,-153,1,39,18
52,1000,115.000000,30.000000,0,0,3687697,1421,6,1421,-153,1,39,18
52,1000,115.000000,30.000000,0,0,3687705,1421,6,1421,-153,1,39,18
52,1000,115.000000,30.000000,0,0,3687711,1421,6,1421,-153,1,39,18
52,1000,115.000000,30.000000,0,0,3687717,1421,6,1421,-153,1,39,18
52,1000,115.000000,30.000000,0,0,3687723,1421,6,1421,-153,1,39,18
52,1000,115.000000,30.000000,0,0,3687729,1422,6,1422,-153,1,39,18
52,1000,115.000000,30.000000,0,0,3687735,1423,5,1423,-154,1,39,18
52,1000,115.000000,30.000000,0,0,3687742,1425,4,1425,-155,1,39,18
52,1000,115.000000,30.000000,0,0,3687749,1427,3,1427,-156,1,39,18
52,1000,115.000000,30.000000,0,0,3687756,1428,2,1428,-157,1,39,18
52,1000,115.000000,30.000000,0,0,3687763,1430,2,1430,-157,1,39,18
52,1000,115.000000,30.000000,0,0,3687770,1430,1,1430,-158,1,39,18
52,1000,115.000000,30.000000,0,0,3687777,1431,0,1431,-159,1,39,18
52,1000,115.000000,30.000000,0,0,3687783,1431,0,1431,-159,1,39,18
52,1000,115.000000,30.000000,0,0,3687790,1431,0,1431,-160,1,39,18
52,1000,115.000000,30.000000,0,0,3687797,1431,0,1431,-160,1,39,18
52,1000,115.000000,30.000000,0,0,3687813,1432,0,1432,-160,1,39,18
52,1000,115.000000,30.000000,0,0,3687822,1433,0,1433,-161,1,39,18
52,1000,115.000000,30.000000,0,0,3687830,1435,0,1435,-162,1,39,18
52,1000,115.000000,30.000000,0,0,3687836,1437,0,1437,-163,1,39,18
52,1000,115.000000,30.000000,0,0,3687842,1438,0,1438,-163,1,39,18
52,1000,115.000000,30.000000,0,0,3687849,1438,0,1438,-164,1,39,18
52,1000,115.000000,30.000000,0,0,3687855,1438,0,1438,-164,1,39,18
52,1000,115.000000,30.000000,0,0,3687861,1438,0,1438,-164,1,39,18
52,1000,115.000000,30.000000,0,0,3687890,1438,0,1438,-164,0,39,18
