52,500,30.000000,10000.000000,1,0,2461126,704,16,704,16,0,4,2
52,500,30.000000,10000.000000,1,0,2461128,704,16,704,16,0,4,2
52,500,30.000000,10000.000000,1,0,2461135,704,16,704,16,0,4,2
52,500,30.000000,10000.000000,1,0,2461142,704,16,704,16,0,4,2
52,500,30.000000,10000.000000,1,0,2461149,704,16,704,16,0,4,2
52,500,30.000000,10000.000000,1,0,2461156,704,16,704,16,0,4,2
52,500,30.000000,10000.000000,1,0,2461172,704,16,704,16,0,4,2
52,500,30.000000,10000.000000,1,0,2461181,704,16,704,16,0,4,2
52,500,30.000000,10000.000000,1,0,2461188,705,16,705,16,0,4,2
52,500,30.000000,10000.000000,1,0,2461195,707,18,707,18,0,4,2
52,500,30.000000,10000.000000,1,0,2461201,711,21,711,21,0,4,2
52,500,30.000000,10000.000000,1,0,2461207,715,24,715,24,0,4,2
52,500,30.000000,10000.000000,1,0,2461213,720,27,720,27,0,4,2
52,500,30.000000,10000.000000,1,0,2461219,726,31,726,31,0,4,2
52,500,30.000000,10000.000000,1,0,2461226,736,37,736,37,0,4,2
52,500,30.000000,10000.000000,1,0,2461235,755,46,755,46,0,4,2
52,500,30.000000,10000.000000,1,0,2461242,782,57,782,57,0,4,2
52,500,30.000000,10000.000000,1,0,2461249,804,64,804,64,0,4,2
52,500,30.000000,10000.000000,1,0,2461255,821,68,821,68,0,4,2
52,500,30.000000,10000.000000,1,0,2461261,845,72,845,72,0,4,2
52,500,30.000000,10000.000000,1,0,2461267,865,74,865,74,0,4,2
52,500,30.000000,10000.000000,1,0,2461274,895,76,895,76,0,4,2
52,500,30.000000,10000.000000,1,0,2461281,925,77,925,77,0,4,2
52,500,30.000000,10000.000000,1,0,2461288,962,77,962,77,0,4,2
52,500,30.000000,10000.000000,1,0,2461295,990,77,990,77,0,4,2
52,500,30.000000,10000.000000,1,0,2461302,1019,75,1019,75,0,4,2
52,500,30.000000,10000.000000,1,0,2461309,1049,72,1049,72,0,4,2
52,500,30.000000,10000.000000,1,0,2461316,1077,67,1077,67,0,4,2
52,500,30.000000,10000.000000,1,0,2461327,1100,62,1100,62,0,4,2
52,500,30.000000,10000.000000,1,0,2461333,1137,53,1137,53,0,4,2
52,500,30.000000,10000.000000,1,0,2461339,1149,49,1149,49,0,4,2
52,500,30.000000,10000.000000,1,0,2461345,1156,46,1156,46,0,4,2
52,500,30.000000,10000.000000,1,0,2461351,1161,44,1161,44,0,4,2
52,500,30.000000,10000.000000,1,0,2461357,1165,42,1165,42,0,4,2
52,500,30.000000,10000.000000,1,0,2461364,1166,40,1166,40,0,4,2
52,500,30.000000,10000.000000,1,0,2461371,1168,38,1168,38,0,4,2
52,500,30.000000,10000.000000,1,0,2461378,1168,36,1168,36,0,4,2
52,500,30.000000,10000.000000,1,0,2461385,1168,35,1168,35,0,4,2
52,500,30.000000,10000.000000,1,0,2461392,1167,34,1167,34,0,4,2
52,500,30.000000,10000.000000,1,0,2461399,1165,33,1165,33,0,4,2
52,500,30.000000,10000.000000,1,0,2461406,1162,33,1162,33,0,4,2
52,500,30.000000,10000.000000,1,0,2461413,1160,33,1160,33,0,4,2
52,500,30.000000,10000.000000,1,0,2461420,1158,33,1158,33,0,4,2
52,500,30.000000,10000.000000,1,0,2461427,1157,32,1157,32,0,4,2
52,500,30.000000,10000.000000,1,0,2461434,1156,31,1156,31,0,4,2
52,500,30.000000,10000.000000,1,0,2461441,1156,31,1156,31,0,4,2
52,500,30.000000,10000.000000,1,0,2461457,1156,31,1156,31,0,4,2
52,500,30.000000,10000.000000,1,0,2461466,1156,31,1156,31,0,4,2
52,500,30.000000,10000.000000,1,0,2461474,1157,30,1157,30,0,4,2
52,500,30.000000,10000.000000,1,0,2461480,1158,30,1158,30,0,4,2
52,500,30.000000,10000.000000,1,0,2461486,1159,29,1159,29,0,4,2
52,500,30.000000,10000.000000,1,0,2461492,1160,29,1160,29,0,4,2
52,500,30.000000,10000.000000,1,0,2461498,1160,29,1160,29,0,4,2
52,500,30.000000,10000.000000,1,0,2461505,1160,28,1160,28,0,4,2
52,500,30.000000,10000.000000,1,0,2461511,1160,27,1160,27,0,4,2
52,500,30.000000,10000.000000,1,0,2461517,1161,26,1161,26,0,4,2
52,500,30.000000,10000.000000,1,0,2461525,1163,26,1163,26,0,4,2
52,500,30.000000,10000.000000,1,0,2461532,1164,25,1164,25,0,4,2
52,500,30.000000,10000.000000,1,0,2461538,1167,25,1167,25,0,4,2
52,500,30.000000,10000.000000,1,0,2461545,1169,25,1169,25,0,4,2
52,500,30.000000,10000.000000,1,0,2461552,1173,25,1173,25,0,4,2
52,500,30.000000,10000.000000,1,0,2461559,1177,24,1177,24,0,4,2
52,500,30.000000,10000.000000,1,0,2461565,1180,24,1180,24,0,4,2
52,500,30.000000,10000.000000,1,0,2461582,1185,23,1185,23,0,4,2
52,500,30.000000,10000.000000,1,0,2461591,1199,21,1199,21,0,4,2
52,500,30.000000,10000.000000,1,0,2461598,1209,20,1209,20,0,4,2
52,500,30.000000,10000.000000,1,0,2461604,1214,20,1214,20,0,4,2
52,500,30.000000,10000.000000,1,0,2461611,1216,20,1216,20,0,4,2
52,500,30.000000,10000.000000,1,0,2461617,1217,20,1217,20,0,4,2
52,500,30.000000,10000.000000,1,0,2461622,1217,20,1217,20,0,4,2
52,500,30.000000,10000.000000,1,0,2461629,1217,20,1217,20,0,4,2
52,500,30.000000,10000.000000,1,0,2461635,1217,20,1217,20,0,4,2
52,500,30.000000,10000.000000,1,0,2461642,1217,20,1217,20,0,4,2
52,500,30.000000,10000.000000,1,0,2461649,1217,20,1217,20,0,4,2
52,500,30.000000,10000.000000,1,0,2461659,1217,20,1217,20,0,4,2
52,500,30.000000,10000.000000,1,0,2461666,1217,20,1217,20,0,4,2
52,500,30.000000,10000.000000,1,0,2461672,1217,20,1217,20,0,4,2
52,500,30.000000,10000.000000,1,0,2461678,1217,20,1217,20,0,4,2
52,500,30.000000,10000.000000,1,0,2461684,1217,20,1217,20,0,4,2
52,500,30.000000,10000.000000,1,0,2461691,1217,20,1217,20,0,4,2
52,500,30.000000,10000.000000,1,0,2461722,1217,20,1217,20,0,4,2
