52,500,30.000000,60.000000,2,0,4301984,702,19,702,19,0,45,19
52,500,30.000000,60.000000,2,0,4301986,702,19,702,19,0,45,19
52,500,30.000000,60.000000,2,0,4301992,702,19,702,19,0,45,19
52,500,30.000000,60.000000,2,0,4301999,702,19,702,19,0,45,19
52,500,30.000000,60.000000,2,0,4302006,702,19,702,19,0,45,19
52,500,30.000000,60.000000,2,0,4302022,702,19,702,19,0,45,19
52,500,30.000000,60.000000,2,0,4302031,702,19,702,19,0,45,19
52,1.000000,30.000000,60.000000,2,0,4302039,703,20,703,20,0,45,19
52,0.500000,30.000000,60.000000,2,0,4302045,705,21,705,21,0,45,19
52,0.750000,30.000000,60.000000,2,0,4302051,709,24,709,24,0,45,19
52,0.750000,30.000000,60.000000,2,0,4302057,713,27,713,27,0,45,19
52,0.571429,30.000000,60.000000,2,0,4302063,720,31,720,31,0,45,19
52,0.500000,30.000000,60.000000,2,0,4302069,730,36,730,36,0,45,19
52,0.375000,30.000000,60.000000,2,0,4302076,738,39,738,39,0,45,19
52,0.352941,30.000000,60.000000,2,0,4302083,755,45,755,45,0,45,19
52,0.411765,30.000000,60.000000,2,0,4302089,772,52,772,52,0,45,19
52,0.307692,30.000000,60.000000,2,0,4302096,798,60,798,60,0,45,19
52,0.320000,30.000000,60.000000,2,0,4302103,823,68,823,68,0,45,19
52,0.230769,30.000000,60.000000,2,0,4302110,849,74,849,74,0,45,19
52,0.230769,30.000000,60.000000,2,0,4302117,875,80,875,80,0,45,19
52,0.150000,30.000000,60.000000,2,0,4302124,895,83,895,83,0,45,19
52,0.181818,30.000000,60.000000,2,0,4302131,917,87,917,87,0,45,19
52,0.071429,30.000000,60.000000,2,0,4302138,945,89,945,89,0,45,19
52,500,30.000000,60.000000,2,0,4302145,966,89,966,89,0,45,19
52,500,30.000000,60.000000,2,0,4302152,987,89,987,89,0,45,19
52,500,30.000000,60.000000,2,0,4302159,1008,89,1008,89,0,45,19
52,-0.136364,30.000000,60.000000,2,0,4302166,1030,86,1030,86,0,45,19
52,-0.210526,30.000000,60.000000,2,0,4302173,1049,82,1049,82,0,45,19
52,-0.230769,30.000000,60.000000,2,0,4302180,1062,79,1062,79,0,45,19
52,-0.307692,30.000000,60.000000,2,0,4302187,1075,75,1075,75,0,45,19
52,-0.454545,30.000000,60.000000,2,0,4302194,1086,70,1086,70,0,45,19
52,-0.625000,30.000000,60.000000,2,0,4302200,1094,65,1094,65,0,45,19
52,-0.545455,30.000000,60.000000,2,0,4302207,1105,59,1105,59,0,45,19
52,-0.600000,30.000000,60.000000,2,0,4302214,1115,53,1115,53,0,45,19
52,-0.714286,30.000000,60.000000,2,0,4302222,1122,48,1122,48,0,45,19
52,-0.714286,30.000000,60.000000,2,0,4302228,1129,43,1129,43,0,45,19
52,-0.666667,30.000000,60.000000,2,0,4302235,1135,39,1135,39,0,45,19
52,-0.666667,30.000000,60.000000,2,0,4302242,1141,35,1141,35,0,45,19
52,-0.800000,30.000000,60.000000,2,0,4302249,1146,31,1146,31,0,45,19
52,-1.000000,30.000000,60.000000,2,0,4302256,1149,28,1149,28,0,45,19
52,-1.500000,30.000000,60.000000,2,0,4302263,1151,25,1151,25,0,45,19
52,-1.000000,30.000000,60.000000,2,0,4302270,1152,24,1152,24,0,45,19
52,-1.000000,30.000000,60.000000,2,0,4302277,1153,23,1153,23,0,45,19
52,-1.000000,30.000000,60.000000,2,0,4302284,1154,22,1154,22,0,45,19
52,500,30.000000,60.000000,2,0,4302291,1154,21,1154,21,0,45,19
52,500,30.000000,60.000000,2,0,4302307,1155,21,1155,21,0,45,19
52,500,30.000000,60.000000,2,0,4302316,1155,21,1155,21,0,45,19
52,500,30.000000,60.000000,2,0,4302324,1155,21,1155,21,0,45,19
52,500,30.000000,60.000000,2,0,4302330,1155,21,1155,21,0,45,19
52,500,30.000000,60.000000,2,0,4302336,1155,21,1155,21,0,45,19
52,500,30.000000,60.000000,2,0,4302341,1155,21,1155,21,0,45,19
52,500,30.000000,60.000000,2,0,4302348,1155,21,1155,21,0,45,19
52,500,30.000000,60.000000,2,0,4302353,1155,21,1155,21,0,45,19
52,500,30.000000,60.000000,2,0,4302360,1155,21,1155,21,0,45,19
52,500,30.000000,60.000000,2,0,4302367,1155,21,1155,21,0,45,19
52,500,30.000000,60.000000,2,0,4302374,1156,21,1156,21,0,45,19
52,-1.000000,30.000000,60.000000,2,0,4302381,1157,20,1157,20,0,45,19
52,500,30.000000,60.000000,2,0,4302388,1159,20,1159,20,0,45,19
52,-0.500000,30.000000,60.000000,2,0,4302395,1161,19,1161,19,0,45,19
52,500,30.000000,60.000000,2,0,4302402,1164,19,1164,19,0,45,19
52,500,30.000000,60.000000,2,0,4302409,1169,19,1169,19,0,45,19
52,500,30.000000,60.000000,2,0,4302416,1173,19,1173,19,0,45,19
52,500,30.000000,60.000000,2,0,4302423,1177,19,1177,19,0,45,19
52,500,30.000000,60.000000,2,0,4302430,1183,19,1183,19,0,45,19
52,500,30.000000,60.000000,2,0,4302437,1188,19,1188,19,0,45,19
52,500,30.000000,60.000000,2,0,4302443,1193,19,1193,19,0,45,19
52,500,30.000000,60.000000,2,0,4302450,1197,19,1197,19,0,45,19
52,500,30.000000,60.000000,2,0,4302457,1201,19,1201,19,0,45,19
52,500,30.000000,60.000000,2,0,4302464,1205,19,1205,19,0,45,19
52,500,30.000000,60.000000,2,0,4302471,1208,19,1208,19,0,45,19
52,500,30.000000,60.000000,2,0,4302478,1211,19,1211,19,0,45,19
52,500,30.000000,60.000000,2,0,4302485,1214,19,1214,19,0,45,19
52,500,30.000000,60.000000,2,0,4302492,1217,19,1217,19,0,45,19
52,500,30.000000,60.000000,2,0,4302499,1218,19,1218,19,0,45,19
52,500,30.000000,60.000000,2,0,4302506,1220,19,1220,19,0,45,19
52,500,30.000000,60.000000,2,0,4302513,1222,19,1222,19,0,45,19
52,500,30.000000,60.000000,2,0,4302520,1223,19,1223,19,0,45,19
52,500,30.000000,60.000000,2,0,4302527,1223,19,1223,19,0,45,19
52,500,30.000000,60.000000,2,0,4302534,1223,19,1223,19,0,45,19
52,500,30.000000,60.000000,2,0,4302541,1223,19,1223,19,0,45,19
52,500,30.000000,60.000000,2,0,4302557,1223,19,1223,19,0,45,19
52,500,30.000000,60.000000,2,0,4302566,1223,19,1223,19,0,45,19
52,500,30.000000,60.000000,2,0,4302574,1222,19,1222,19,0,45,19
52,500,30.000000,60.000000,2,0,4302603,1222,19,1222,19,0,45,19
