52,1000,115.000000,30.000000,2,0,4623395,493,7.600000,493,7.600000,0,56,4
52,1000,115.000000,30.000000,2,0,4623397,493,7.600000,493,7.600000,0,56,4
52,1000,115.000000,30.000000,2,0,4623403,493,7.600000,493,7.600000,0,56,4
52,1000,115.000000,30.000000,2,0,4623410,493,8.600000,493,8.600000,0,56,4
52,1000,115.000000,30.000000,2,0,4623416,493,9.600000,493,9.600000,0,56,4
52,1000,115.000000,30.000000,2,0,4623423,493,9.600000,493,9.600000,0,56,4
52,1000,115.000000,30.000000,2,0,4623429,493,9.600000,493,9.600000,0,56,4
52,1000,115.000000,30.000000,2,0,4623436,493,9.600000,493,9.600000,0,56,4
52,1000,115.000000,30.000000,2,0,4623443,494,9.600000,494,9.600000,0,56,4
52,0.500000,115.000000,30.000000,2,0,4623451,496,10.600000,496,10.600000,0,56,4
52,0.500000,115.000000,30.000000,2,0,4623458,500,12.600000,500,12.600000,0,56,4
52,0.300000,115.000000,30.000000,2,0,4623464,510,15.600000,510,15.600000,0,56,4
52,0.375000,115.000000,30.000000,2,0,4623471,518,18.600000,518,18.600000,0,56,4
52,0.240000,115.000000,30.000000,2,0,4623478,543,24.600000,543,24.600000,0,56,4
52,0.250000,115.000000,30.000000,2,0,4623485,571,31.600000,571,31.600000,0,56,4
52,0.200000,115.000000,30.000000,2,0,4623492,601,37.600000,601,37.600000,0,56,4
52,0.225000,115.000000,30.000000,2,0,4623499,641,46.600000,641,46.600000,0,56,4
52,0.217391,115.000000,30.000000,2,0,4623505,687,56.600000,687,56.600000,0,56,4
52,0.200000,115.000000,30.000000,2,0,4623521,737,66.600000,737,66.600000,0,56,4
52,0.213675,115.000000,30.000000,2,0,4623531,854,91.600000,854,91.600000,0,56,4
52,0.150000,115.000000,30.000000,2,0,4623538,914,100.600000,914,100.600000,0,56,4
52,0.093023,115.000000,30.000000,2,0,4623544,957,104.600000,957,104.600000,0,56,4
52,0.081081,115.000000,30.000000,2,0,4623550,994,107.600000,994,107.600000,0,56,4
52,1000,115.000000,30.000000,2,0,4623557,1020,107.600000,1020,107.600000,0,56,4
52,1000,115.000000,30.000000,2,0,4623562,1058,107.600000,1058,107.600000,0,56,4
52,-0.088235,115.000000,30.000000,2,0,4623569,1092,104.600000,1092,104.600000,0,56,4
52,-0.120000,115.000000,30.000000,2,0,4623575,1117,101.600000,1117,101.600000,0,56,4
52,-0.175000,115.000000,30.000000,2,0,4623582,1157,94.600000,1157,94.600000,0,56,4
52,-0.210526,115.000000,30.000000,2,0,4623589,1195,86.600000,1195,86.600000,0,56,4
52,-0.312500,115.000000,30.000000,2,0,4623597,1227,76.600000,1227,76.600000,0,56,4
52,-0.344828,115.000000,30.000000,2,0,4623603,1256,66.600000,1256,66.600000,0,56,4
52,-0.416667,115.000000,30.000000,2,0,4623610,1280,56.600000,1280,56.600000,0,56,4
52,-0.444444,115.000000,30.000000,2,0,4623617,1307,44.600000,1307,44.600000,0,56,4
52,-0.478261,115.000000,30.000000,2,0,4623624,1330,33.600000,1330,33.600000,0,56,4
52,-0.473684,115.000000,30.000000,2,0,4623631,1349,31.600000,1349,24.600000,0,56,4
52,-0.500000,115.000000,30.000000,2,0,4623638,1367,31.600000,1367,15.600000,0,56,4
52,-0.529412,115.000000,30.000000,2,0,4623638,1368.888889,31.600000,1384,6.600000,0,56,4
52,-0.529412,115.000000,30.000000,2,0,4623638,1374,31.600000,1384,6.600000,0,56,4
52,-0.529412,115.000000,30.000000,2,0,4623644,1384,24.776471,1384,6.600000,0,56,4
52,-0.500000,115.000000,30.000000,2,0,4623652,1396,18.776471,1396,0.600000,0,56,4
52,-0.400000,115.000000,30.000000,2,0,4623658,1406,14.776471,1406,-3.400000,0,56,4
52,-0.400000,115.000000,30.000000,2,0,4623665,1411,12.776471,1411,-5.400000,0,56,4
52,-0.400000,115.000000,30.000000,2,0,4623673,1416,10.776471,1416,-7.400000,0,56,4
52,-0.333333,115.000000,30.000000,2,0,4623679,1419,9.776471,1419,-8.400000,0,56,4
52,1000,115.000000,30.000000,2,0,4623686,1420,9.776471,1420,-8.400000,0,56,4
52,1000,115.000000,30.000000,2,0,4623693,1420,9.776471,1420,-8.400000,0,56,4
52,1000,115.000000,30.000000,2,0,4623700,1421,9.776471,1421,-8.400000,0,56,4
52,1000,115.000000,30.000000,2,0,4623707,1422,9.776471,1422,-8.400000,0,56,4
52,1000,115.000000,30.000000,2,0,4623715,1422,9.776471,1422,-8.400000,0,56,4
52,1000,115.000000,30.000000,2,0,4623721,1422,9.776471,1422,-8.400000,0,56,4
52,1000,115.000000,30.000000,2,0,4623728,1423,9.776471,1423,-8.400000,0,56,4
52,1000,115.000000,30.000000,2,0,4623735,1424,9.776471,1424,-8.400000,0,56,4
52,1000,115.000000,30.000000,2,0,4623742,1425,9.776471,1425,-8.400000,0,56,4
52,1000,115.000000,30.000000,2,0,4623749,1427,9.776471,1427,-8.400000,0,56,4
52,1000,115.000000,30.000000,2,0,4623756,1429,9.776471,1429,-8.400000,0,56,4
52,1000,115.000000,30.000000,2,0,4623771,1431,9.776471,1431,-8.400000,0,56,4
52,1000,115.000000,30.000000,2,0,4623780,1431,9.776471,1431,-8.400000,0,56,4
52,1000,115.000000,30.000000,2,0,4623788,1431,9.776471,1431,-8.400000,0,56,4
52,1000,115.000000,30.000000,2,0,4623794,1431,9.776471,1431,-8.400000,0,56,4
52,1000,115.000000,30.000000,2,0,4623801,1431,9.776471,1431,-8.400000,0,56,4
52,1000,115.000000,30.000000,2,0,4623806,1431,9.776471,1431,-8.400000,0,56,4
52,1000,115.000000,30.000000,2,0,4623812,1431,9.776471,1431,-8.400000,0,56,4
52,1000,115.000000,30.000000,2,0,4623818,1431,9.776471,1431,-8.400000,0,56,4
52,1000,115.000000,30.000000,2,0,4623825,1431,9.776471,1431,-8.400000,0,56,4
52,1000,115.000000,30.000000,2,0,4623833,1431,9.776471,1431,-8.400000,0,56,4
52,1000,115.000000,30.000000,2,0,4623839,1431,9.776471,1431,-8.400000,0,56,4
52,1000,115.000000,30.000000,2,0,4623846,1431,9.776471,1431,-8.400000,0,56,4
52,1000,115.000000,30.000000,2,0,4623878,1431,9.776471,1431,-8.400000,0,56,4
