52,1000,115.000000,90.000000,2,0,4490956,488,19,488,19,0,52,0
52,1000,115.000000,90.000000,2,0,4490958,488,19,488,19,0,52,0
52,1000,115.000000,90.000000,2,0,4490964,488,19,488,19,0,52,0
52,1000,115.000000,90.000000,2,0,4490970,488,19,488,19,0,52,0
52,1000,115.000000,90.000000,2,0,4490976,488,19,488,19,0,52,0
52,1000,115.000000,90.000000,2,0,4490982,488,19,488,19,0,52,0
52,1000,115.000000,90.000000,2,0,4490988,488,19,488,19,0,52,0
52,1000,115.000000,90.000000,2,0,4490995,488,19,488,19,0,52,0
52,1000,115.000000,90.000000,2,0,4491002,488,19,488,19,0,52,0
52,1000,115.000000,90.000000,2,0,4491009,488,19,488,19,0,52,0
52,1000,115.000000,90.000000,2,0,4491016,488,19,488,19,0,52,0
52,1000,115.000000,90.000000,2,0,4491023,489,19,489,19,0,52,0
52,0.500000,115.000000,90.000000,2,0,4491029,491,20,491,20,0,52,0
52,0.750000,115.000000,90.000000,2,0,4491037,495,23,495,23,0,52,0
52,0.571429,115.000000,90.000000,2,0,4491043,502,27,502,27,0,52,0
52,0.555556,115.000000,90.000000,2,0,4491050,511,32,511,32,0,52,0
52,0.470588,115.000000,90.000000,2,0,4491057,528,40,528,40,0,52,0
52,0.296296,115.000000,90.000000,2,0,4491065,555,48,555,48,0,52,0
52,0.296296,115.000000,90.000000,2,0,4491071,582,56,582,56,0,52,0
52,0.300000,115.000000,90.000000,2,0,4491078,612,65,612,65,0,52,0
52,0.244444,115.000000,90.000000,2,0,4491085,657,76,657,76,0,52,0
52,0.176471,115.000000,90.000000,2,0,4491092,691,82,691,82,0,52,0
52,0.171429,115.000000,90.000000,2,0,4491099,726,88,726,88,0,52,0
52,0.157895,115.000000,90.000000,2,0,4491106,764,94,764,94,0,52,0
52,0.128205,115.000000,90.000000,2,0,4491113,803,99,803,99,0,52,0
52,0.095238,115.000000,90.000000,2,0,4491120,845,103,845,103,0,52,0
52,0.073171,115.000000,90.000000,2,0,4491127,886,106,886,106,0,52,0
52,0.090909,115.000000,90.000000,2,0,4491134,930,110,930,110,0,52,0
52,0.025000,115.000000,90.000000,2,0,4491141,970,111,970,111,0,52,0
52,0.023810,115.000000,90.000000,2,0,4491148,1012,112,1012,112,0,52,0
52,1000,115.000000,90.000000,2,0,4491155,1051,112,1051,112,0,52,0
52,1000,115.000000,90.000000,2,0,4491161,1087,112,1087,112,0,52,0
52,1000,115.000000,90.000000,2,0,4491168,1132,112,1132,112,0,52,0
52,-0.061224,115.000000,90.000000,2,0,4491175,1181,109,1181,109,0,52,0
52,-0.100000,115.000000,90.000000,2,0,4491182,1211,106,1211,106,0,52,0
52,-0.103448,115.000000,90.000000,2,0,4491189,1240,103,1240,103,0,52,0
52,-0.142857,115.000000,90.000000,2,0,4491196,1275,98,1275,98,0,52,0
52,-0.192308,115.000000,90.000000,2,0,4491204,1301,93,1301,93,0,52,0
52,-0.280000,115.000000,90.000000,2,0,4491210,1326,86,1326,86,0,52,0
52,-0.300000,115.000000,90.000000,2,0,4491217,1336,83,1336,83,0,52,0
52,-0.400000,115.000000,90.000000,2,0,4491224,1351,77,1351,77,0,52,0
52,-0.714286,115.000000,90.000000,2,0,4491231,1358,72,1358,72,0,52,0
52,-1.000000,115.000000,90.000000,2,0,4491247,1364,66,1364,66,0,52,0
52,-1.833333,115.000000,90.000000,2,0,4491256,1370,55,1370,55,0,52,0
52,1000,115.000000,90.000000,2,0,4491264,1370,49,1370,49,0,52,0
52,1000,115.000000,90.000000,2,0,4491270,1370,44,1370,44,0,52,0
52,4.000000,115.000000,90.000000,2,0,4491276,1369,40,1369,40,0,52,0
52,3.000000,115.000000,90.000000,2,0,4491283,1368,37,1368,37,0,52,0
52,2.000000,115.000000,90.000000,2,0,4491289,1367,35,1367,35,0,52,0
52,2.000000,115.000000,90.000000,2,0,4491295,1366,33,1366,33,0,52,0
52,2.000000,115.000000,90.000000,2,0,4491301,1365,31,1365,31,0,52,0
52,1000,115.000000,90.000000,2,0,4491307,1365,29,1365,29,0,52,0
52,1.000000,115.000000,90.000000,2,0,4491314,1364,28,1364,28,0,52,0
52,1000,115.000000,90.000000,2,0,4491321,1364,27,1364,27,0,52,0
52,1000,115.000000,90.000000,2,0,4491328,1364,26,1364,26,0,52,0
52,1000,115.000000,90.000000,2,0,4491335,1364,24,1364,24,0,52,0
52,1000,115.000000,90.000000,2,0,4491342,1364,23,1364,23,0,52,0
52,-0.500000,115.000000,90.000000,2,0,4491349,1366,22,1366,22,0,52,0
52,1000,115.000000,90.000000,2,0,4491356,1367,22,1367,22,0,52,0
52,-1.000000,115.000000,90.000000,2,0,4491363,1368,21,1368,21,0,52,0
52,-1.000000,115.000000,90.000000,2,0,4491370,1369,20,1369,20,0,52,0
52,-0.500000,115.000000,90.000000,2,0,4491377,1371,19,1371,19,0,52,0
52,1000,115.000000,90.000000,2,0,4491384,1372,19,1372,19,0,52,0
52,1000,115.000000,90.000000,2,0,4491391,1372,18,1372,18,0,52,0
52,1000,115.000000,90.000000,2,0,4491397,1372,17,1372,17,0,52,0
52,-1.000000,115.000000,90.000000,2,0,4491404,1373,16,1373,16,0,52,0
52,-1.000000,115.000000,90.000000,2,0,4491411,1374,15,1374,15,0,52,0
52,-1.000000,115.000000,90.000000,2,0,4491418,1375,14,1375,14,0,52,0
52,-1.000000,115.000000,90.000000,2,0,4491425,1376,13,1376,13,0,52,0
52,1000,115.000000,90.000000,2,0,4491432,1379,13,1379,13,0,52,0
52,1000,115.000000,90.000000,2,0,4491439,1381,13,1381,13,0,52,0
52,1000,115.000000,90.000000,2,0,4491446,1385,13,1385,13,0,52,0
52,-0.200000,115.000000,90.000000,2,0,4491453,1390,12,1390,12,0,52,0
52,-0.166667,115.000000,90.000000,2,0,4491460,1396,11,1396,11,0,52,0
52,1000,115.000000,90.000000,2,0,4491467,1403,11,1403,11,0,52,0
52,-0.142857,115.000000,90.000000,2,0,4491474,1410,10,1410,10,0,52,0
52,-0.200000,115.000000,90.000000,2,0,4491481,1420,8,1420,8,0,52,0
52,-0.125000,115.000000,90.000000,2,0,4491488,1428,7,1428,7,0,52,0
52,1000,115.000000,90.000000,2,0,4491495,1433,7,1433,7,0,52,0
52,-0.333333,115.000000,90.000000,2,0,4491502,1439,5,1439,5,0,52,0
52,-0.200000,115.000000,90.000000,2,0,4491509,1444,4,1444,4,0,52,0
52,1000,115.000000,90.000000,2,0,4491531,1447,4,1447,4,0,52,0
