52,500,30.000000,0.000000,2,0,4641413,711,14,711,14,0,56,18
52,500,30.000000,0.000000,2,0,4641417,711,14,711,14,0,56,18
52,500,30.000000,0.000000,2,0,4641423,711,14,711,14,0,56,18
52,500,30.000000,0.000000,2,0,4641429,711,14,711,14,0,56,18
52,500,30.000000,0.000000,2,0,4641436,711,14,711,14,0,56,18
52,500,30.000000,0.000000,2,0,4641452,711,14,711,14,0,56,18
52,500,30.000000,0.000000,2,0,4641461,711,14,711,14,0,56,18
52,0.500000,30.000000,0.000000,2,0,4641469,713,15,713,15,0,56,18
52,0.600000,30.000000,0.000000,2,0,4641475,718,18,718,18,0,56,18
52,0.500000,30.000000,0.000000,2,0,4641481,726,22,726,22,0,56,18
52,0.333333,30.000000,0.000000,2,0,4641487,735,25,735,25,0,56,18
52,0.333333,30.000000,0.000000,2,0,4641493,753,31,753,31,0,56,18
52,0.312500,30.000000,0.000000,2,0,4641500,769,36,769,36,0,56,18
52,0.357143,30.000000,0.000000,2,0,4641506,797,46,797,46,0,56,18
52,0.333333,30.000000,0.000000,2,0,4641512,827,56,827,56,0,56,18
52,0.340000,30.000000,0.000000,2,0,4641519,877,73,877,73,0,56,18
52,0.333333,30.000000,0.000000,2,0,4641526,925,89,925,89,0,56,18
52,0.300000,30.000000,0.000000,2,0,4641533,985,107,985,107,0,56,18
52,0.283333,30.000000,0.000000,2,0,4641540,1045,124,1045,124,0,56,18
52,0.264151,30.000000,0.000000,2,0,4641547,1098,138,1098,138,0,56,18
52,0.228571,30.000000,0.000000,2,0,4641555,1168,154,1168,154,0,56,18
52,0.185714,30.000000,0.000000,2,0,4641561,1238,167,1238,167,0,56,18
52,0.126984,30.000000,0.000000,2,0,4641568,1301,175,1301,175,0,56,18
52,0.057692,30.000000,0.000000,2,0,4641575,1353,178,1353,178,0,56,18
52,500,30.000000,0.000000,2,0,4641581,1402,178,1402,178,0,56,18
52,-0.097561,30.000000,0.000000,2,0,4641588,1443,174,1443,174,0,56,18
52,-0.200000,30.000000,0.000000,2,0,4641595,1488,165,1488,165,0,56,18
52,-0.314286,30.000000,0.000000,2,0,4641602,1523,154,1523,154,0,56,18
52,-0.500000,30.000000,0.000000,2,0,4641609,1553,139,1553,139,0,56,18
52,-0.928571,30.000000,0.000000,2,0,4641617,1567,126,1567,126,0,56,18
52,-2.000000,30.000000,0.000000,2,0,4641623,1574,112,1574,112,0,56,18
52,500,30.000000,0.000000,2,0,4641630,1574,98,1574,98,0,56,18
52,2.500000,30.000000,0.000000,2,0,4641637,1566,78,1566,78,0,56,18
52,1.428571,30.000000,0.000000,2,0,4641644,1552,58,1552,58,0,56,18
52,1.133333,30.000000,0.000000,2,0,4641651,1537,41,1537,41,0,56,18
52,1.000000,30.000000,0.000000,2,0,4641658,1517,21,1517,21,0,56,18
52,0.904762,30.000000,0.000000,2,0,4641665,1496,2,1496,2,0,56,18
52,0.095238,30.000000,0.000000,2,0,4641672,1475,0,1475,-17,0,56,18
52,500,30.000000,0.000000,2,0,4641679,1453,0,1453,-36,0,56,18
52,500,30.000000,0.000000,2,0,4641686,1427,0,1427,-58,0,56,18
52,500,30.000000,0.000000,2,0,4641693,1409,0,1409,-71,0,56,18
52,500,30.000000,0.000000,2,0,4641700,1391,0,1391,-84,0,56,18
52,500,30.000000,0.000000,2,0,4641707,1366,0,1366,-100,0,56,18
52,500,30.000000,0.000000,2,0,4641714,1343,0,1343,-115,0,56,18
52,500,30.000000,0.000000,2,0,4641721,1323,0,1323,-126,0,56,18
52,500,30.000000,0.000000,2,0,4641728,1297,0,1297,-141,0,56,18
52,500,30.000000,0.000000,2,0,4641734,1272,0,1272,-154,0,56,18
52,500,30.000000,0.000000,2,0,4641741,1242,0,1242,-169,0,56,18
52,500,30.000000,0.000000,2,0,4641748,1216,0,1216,-182,0,56,18
52,500,30.000000,0.000000,2,0,4641755,1197,0,1197,-190,0,56,18
52,500,30.000000,0.000000,2,0,4641762,1196,0,1173,-198,0,56,18
52,500,30.000000,0.000000,2,0,4641769,1196,0,1161,-202,0,56,18
52,500,30.000000,0.000000,2,0,4641776,1196,0,1145,-206,0,56,18
52,500,30.000000,0.000000,2,0,4641783,1196,0,1133,-209,0,56,18
52,500,30.000000,0.000000,2,0,4641812,1196,0,1123,-212,0,56,18
