52,500,30.000000,10000.000000,2,0,4508335,711,15.600000,711,15.600000,0,52,12
52,500,30.000000,10000.000000,2,0,4508337,711,15.600000,711,15.600000,0,52,12
52,500,30.000000,10000.000000,2,0,4508343,711,15.600000,711,15.600000,0,52,12
52,500,30.000000,10000.000000,2,0,4508349,711,15.600000,711,15.600000,0,52,12
52,500,30.000000,10000.000000,2,0,4508356,711,15.600000,711,15.600000,0,52,12
52,500,30.000000,10000.000000,2,0,4508364,711,15.600000,711,15.600000,0,52,12
52,500,30.000000,10000.000000,2,0,4508370,711,15.600000,711,15.600000,0,52,12
52,500,30.000000,10000.000000,2,0,4508376,711,15.600000,711,15.600000,0,52,12
52,500,30.000000,10000.000000,2,0,4508383,711,15.600000,711,15.600000,0,52,12
52,500,30.000000,10000.000000,2,0,4508390,711,15.600000,711,15.600000,0,52,12
52,500,30.000000,10000.000000,2,0,4508397,712,15.600000,712,15.600000,0,52,12
52,500,30.000000,10000.000000,2,0,4508404,713,15.600000,713,15.600000,0,52,12
52,500,30.000000,10000.000000,2,0,4508411,715,15.600000,715,15.600000,0,52,12
52,0.400000,30.000000,10000.000000,2,0,4508418,720,17.600000,720,17.600000,0,52,12
52,0.400000,30.000000,10000.000000,2,0,4508425,725,19.600000,725,19.600000,0,52,12
52,0.333333,30.000000,10000.000000,2,0,4508432,734,22.600000,734,22.600000,0,52,12
52,0.333333,30.000000,10000.000000,2,0,4508439,746,26.600000,746,26.600000,0,52,12
52,0.277778,30.000000,10000.000000,2,0,4508446,764,31.600000,764,31.600000,0,52,12
52,0.294118,30.000000,10000.000000,2,0,4508453,781,36.600000,781,36.600000,0,52,12
52,0.222222,30.000000,10000.000000,2,0,4508460,808,42.600000,808,42.600000,0,52,12
52,0.173913,30.000000,10000.000000,2,0,4508467,831,46.600000,831,46.600000,0,52,12
52,0.162162,30.000000,10000.000000,2,0,4508474,868,52.600000,868,52.600000,0,52,12
52,0.137931,30.000000,10000.000000,2,0,4508480,897,56.600000,897,56.600000,0,52,12
52,0.105263,30.000000,10000.000000,2,0,4508487,935,60.600000,935,60.600000,0,52,12
52,0.085714,30.000000,10000.000000,2,0,4508494,970,63.600000,970,63.600000,0,52,12
52,0.050000,30.000000,10000.000000,2,0,4508501,1010,65.600000,1010,65.600000,0,52,12
52,0.025000,30.000000,10000.000000,2,0,4508508,1050,66.600000,1050,66.600000,0,52,12
52,500,30.000000,10000.000000,2,0,4508515,1080,66.600000,1080,66.600000,0,52,12
52,-0.062500,30.000000,10000.000000,2,0,4508522,1112,64.600000,1112,64.600000,0,52,12
52,-0.136364,30.000000,10000.000000,2,0,4508529,1134,61.600000,1134,61.600000,0,52,12
52,-0.150000,30.000000,10000.000000,2,0,4508536,1154,58.600000,1154,58.600000,0,52,12
52,-0.200000,30.000000,10000.000000,2,0,4508552,1169,55.600000,1169,55.600000,0,52,12
52,-0.346154,30.000000,10000.000000,2,0,4508560,1195,46.600000,1195,46.600000,0,52,12
52,-1.000000,30.000000,10000.000000,2,0,4508566,1201,40.600000,1201,40.600000,0,52,12
52,-1.500000,30.000000,10000.000000,2,0,4508572,1203,37.600000,1203,37.600000,0,52,12
52,500,30.000000,10000.000000,2,0,4508579,1203,35.600000,1203,35.600000,0,52,12
52,500,30.000000,10000.000000,2,0,4508585,1203,33.600000,1203,33.600000,0,52,12
52,500,30.000000,10000.000000,2,0,4508592,1203,29.600000,1203,29.600000,0,52,12
52,500,30.000000,10000.000000,2,0,4508599,1203,25.600000,1203,25.600000,0,52,12
52,500,30.000000,10000.000000,2,0,4508605,1203,22.600000,1203,22.600000,0,52,12
52,2.500000,30.000000,10000.000000,2,0,4508612,1201,17.600000,1201,17.600000,0,52,12
52,4.000000,30.000000,10000.000000,2,0,4508619,1200,13.600000,1200,13.600000,0,52,12
52,1.500000,30.000000,10000.000000,2,0,4508627,1198,10.600000,1198,10.600000,0,52,12
52,500,30.000000,10000.000000,2,0,4508633,1198,6.600000,1198,6.600000,0,52,12
52,500,30.000000,10000.000000,2,0,4508640,1198,4.600000,1198,4.600000,0,52,12
52,500,30.000000,10000.000000,2,0,4508647,1198,2.600000,1198,2.600000,0,52,12
52,-1.000000,30.000000,10000.000000,2,0,4508654,1200,0.600000,1200,0.600000,0,52,12
52,500,30.000000,10000.000000,2,0,4508661,1203,0,1203,-0.400000,0,52,12
52,500,30.000000,10000.000000,2,0,4508677,1206,0,1206,-2.400000,0,52,12
52,500,30.000000,10000.000000,2,0,4508686,1214,0,1214,-4.400000,0,52,12
52,500,30.000000,10000.000000,2,0,4508694,1217,0,1217,-4.400000,0,52,12
52,500,30.000000,10000.000000,2,0,4508700,1218,0,1218,-4.400000,0,52,12
52,500,30.000000,10000.000000,2,0,4508706,1219,0,1219,-4.400000,0,52,12
52,500,30.000000,10000.000000,2,0,4508712,1219,0,1219,-4.400000,0,52,12
52,500,30.000000,10000.000000,2,0,4508718,1219,0,1219,-4.400000,0,52,12
52,500,30.000000,10000.000000,2,0,4508724,1220,0,1220,-4.400000,0,52,12
52,500,30.000000,10000.000000,2,0,4508730,1221,0,1221,-4.400000,0,52,12
52,500,30.000000,10000.000000,2,0,4508746,1221,1,1221,-3.400000,0,52,12
52,500,30.000000,10000.000000,2,0,4508755,1222,1,1222,-3.400000,0,52,12
52,500,30.000000,10000.000000,2,0,4508763,1222,1,1222,-3.400000,0,52,12
52,500,30.000000,10000.000000,2,0,4508769,1222,1,1222,-3.400000,0,52,12
52,500,30.000000,10000.000000,2,0,4508776,1222,2,1222,-2.400000,0,52,12
52,500,30.000000,10000.000000,2,0,4508782,1222,2,1222,-2.400000,0,52,12
52,-1.000000,30.000000,10000.000000,2,0,4508788,1221,3,1221,-1.400000,0,52,12
52,500,30.000000,10000.000000,2,0,4508793,1220,3,1220,-1.400000,0,52,12
52,500,30.000000,10000.000000,2,0,4508800,1218,3,1218,-1.400000,0,52,12
52,-1.000000,30.000000,10000.000000,2,0,4508807,1217,4,1217,-0.400000,0,52,12
52,500,30.000000,10000.000000,2,0,4508814,1216,4,1216,-0.400000,0,52,12
52,500,30.000000,10000.000000,2,0,4508821,1215,4,1215,-0.400000,0,52,12
52,500,30.000000,10000.000000,2,0,4508837,1214,4,1214,-0.400000,0,52,12
52,500,30.000000,10000.000000,2,0,4508846,1214,5,1214,0.600000,0,52,12
52,500,30.000000,10000.000000,2,0,4508854,1213,5,1213,0.600000,0,52,12
52,500,30.000000,10000.000000,2,0,4508860,1213,5,1213,0.600000,0,52,12
52,500,30.000000,10000.000000,2,0,4508866,1213,5,1213,0.600000,0,52,12
52,500,30.000000,10000.000000,2,0,4508872,1213,5,1213,0.600000,0,52,12
52,500,30.000000,10000.000000,2,0,4508878,1213,5,1213,0.600000,0,52,12
52,500,30.000000,10000.000000,2,0,4508884,1213,5,1213,0.600000,0,52,12
52,500,30.000000,10000.000000,2,0,4508890,1213,5,1213,0.600000,0,52,12
52,500,30.000000,10000.000000,2,0,4508919,1213,5,1213,0.600000,0,52,12
