52,500,115.000000,60.000000,1,0,2533556,669,4,669,4,0,6,16
52,500,115.000000,60.000000,1,0,2533557,669,4,669,4,0,6,16
52,500,115.000000,60.000000,1,0,2533564,669,4,669,4,0,6,16
52,500,115.000000,60.000000,1,0,2533571,669,4,669,4,0,6,16
52,500,115.000000,60.000000,1,0,2533578,670,4,670,4,0,6,16
52,500,115.000000,60.000000,1,0,2533585,671,4,671,4,0,6,16
52,500,115.000000,60.000000,1,0,2533592,672,4,672,4,0,6,16
52,500,115.000000,60.000000,1,0,2533599,674,4,674,4,0,6,16
52,500,115.000000,60.000000,1,0,2533606,676,4,676,4,0,6,16
52,500,115.000000,60.000000,1,0,2533622,678,4,678,4,0,6,16
52,500,115.000000,60.000000,1,0,2533631,685,6,685,6,0,6,16
52,500,115.000000,60.000000,1,0,2533639,691,9,691,9,0,6,16
52,500,115.000000,60.000000,1,0,2533644,711,18,711,18,0,6,16
52,500,115.000000,60.000000,1,0,2533651,718,21,718,21,0,6,16
52,500,115.000000,60.000000,1,0,2533656,727,24,727,24,0,6,16
52,500,115.000000,60.000000,1,0,2533663,738,29,738,29,0,6,16
52,500,115.000000,60.000000,1,0,2533669,749,33,749,33,0,6,16
52,500,115.000000,60.000000,1,0,2533675,766,39,766,39,0,6,16
52,500,115.000000,60.000000,1,0,2533682,785,46,785,46,0,6,16
52,500,115.000000,60.000000,1,0,2533689,799,50,799,50,0,6,16
52,500,115.000000,60.000000,1,0,2533696,825,59,825,59,0,6,16
52,500,115.000000,60.000000,1,0,2533703,846,64,846,64,0,6,16
52,500,115.000000,60.000000,1,0,2533710,869,70,869,70,0,6,16
52,500,115.000000,60.000000,1,0,2533717,899,75,899,75,0,6,16
52,500,115.000000,60.000000,1,0,2533724,920,78,920,78,0,6,16
52,500,115.000000,60.000000,1,0,2533730,938,79,938,79,0,6,16
52,500,115.000000,60.000000,1,0,2533747,957,80,957,80,0,6,16
52,500,115.000000,60.000000,1,0,2533756,990,79,990,79,0,6,16
52,500,115.000000,60.000000,1,0,2533763,1013,75,1013,75,0,6,16
52,500,115.000000,60.000000,1,0,2533769,1029,71,1029,71,0,6,16
52,500,115.000000,60.000000,1,0,2533776,1041,67,1041,67,0,6,16
52,500,115.000000,60.000000,1,0,2533781,1054,61,1054,61,0,6,16
52,500,115.000000,60.000000,1,0,2533787,1063,56,1063,56,0,6,16
52,500,115.000000,60.000000,1,0,2533794,1072,52,1072,52,0,6,16
52,500,115.000000,60.000000,1,0,2533800,1084,45,1084,45,0,6,16
52,500,115.000000,60.000000,1,0,2533808,1092,40,1092,40,0,6,16
52,500,115.000000,60.000000,1,0,2533814,1102,34,1102,34,0,6,16
52,500,115.000000,60.000000,1,0,2533821,1111,28,1111,28,0,6,16
52,500,115.000000,60.000000,1,0,2533828,1117,24,1117,24,0,6,16
52,500,115.000000,60.000000,1,0,2533836,1123,19,1123,19,0,6,16
52,500,115.000000,60.000000,1,0,2533843,1127,16,1127,16,0,6,16
52,500,115.000000,60.000000,1,0,2533850,1128,15,1128,15,0,6,16
52,500,115.000000,60.000000,1,0,2533856,1128,14,1128,14,0,6,16
52,500,115.000000,60.000000,1,0,2533870,1128,13,1128,13,0,6,16
52,500,115.000000,60.000000,1,0,2533876,1128,12,1128,12,0,6,16
52,500,115.000000,60.000000,1,0,2533884,1128,11,1128,11,0,6,16
52,500,115.000000,60.000000,1,0,2533890,1128,11,1128,11,0,6,16
52,500,115.000000,60.000000,1,0,2533906,1128,11,1128,11,0,6,16
52,500,115.000000,60.000000,1,0,2533916,1130,11,1130,11,0,6,16
52,500,115.000000,60.000000,1,0,2533923,1132,11,1132,11,0,6,16
52,500,115.000000,60.000000,1,0,2533930,1133,11,1133,11,0,6,16
52,500,115.000000,60.000000,1,0,2533936,1133,11,1133,11,0,6,16
52,500,115.000000,60.000000,1,0,2533942,1134,11,1134,11,0,6,16
52,500,115.000000,60.000000,1,0,2533948,1134,11,1134,11,0,6,16
52,500,115.000000,60.000000,1,0,2533954,1134,11,1134,11,0,6,16
52,500,115.000000,60.000000,1,0,2533961,1134,11,1134,11,0,6,16
52,500,115.000000,60.000000,1,0,2533968,1134,11,1134,11,0,6,16
52,500,115.000000,60.000000,1,0,2533974,1134,11,1134,11,0,6,16
52,500,115.000000,60.000000,1,0,2533981,1135,11,1135,11,0,6,16
52,500,115.000000,60.000000,1,0,2533996,1135,11,1135,11,0,6,16
52,500,115.000000,60.000000,1,0,2534005,1135,11,1135,11,0,6,16
52,500,115.000000,60.000000,1,0,2534013,1136,12,1136,12,0,6,16
52,500,115.000000,60.000000,1,0,2534020,1138,13,1138,13,0,6,16
52,500,115.000000,60.000000,1,0,2534026,1139,14,1139,14,0,6,16
52,500,115.000000,60.000000,1,0,2534032,1141,16,1141,16,0,6,16
52,500,115.000000,60.000000,1,0,2534038,1144,17,1144,17,0,6,16
52,500,115.000000,60.000000,1,0,2534044,1146,17,1146,17,0,6,16
52,500,115.000000,60.000000,1,0,2534050,1149,17,1149,17,0,6,16
52,500,115.000000,60.000000,1,0,2534057,1152,18,1152,18,0,6,16
52,500,115.000000,60.000000,1,0,2534064,1157,18,1157,18,0,6,16
52,500,115.000000,60.000000,1,0,2534071,1160,18,1160,18,0,6,16
52,500,115.000000,60.000000,1,0,2534078,1164,18,1164,18,0,6,16
52,500,115.000000,60.000000,1,0,2534085,1166,18,1166,18,0,6,16
52,500,115.000000,60.000000,1,0,2534092,1166,17,1166,17,0,6,16
52,500,115.000000,60.000000,1,0,2534099,1166,17,1166,17,0,6,16
52,500,115.000000,60.000000,1,0,2534106,1166,17,1166,17,0,6,16
52,500,115.000000,60.000000,1,0,2534140,1166,17,1166,17,0,6,16
