52,500,115.000000,0.000000,1,0,2577555,687,0,687,0,0,8,10
52,500,115.000000,0.000000,1,0,2577557,687,0,687,0,0,8,10
52,500,115.000000,0.000000,1,0,2577563,687,0,687,0,0,8,10
52,500,115.000000,0.000000,1,0,2577570,687,0,687,0,0,8,10
52,500,115.000000,0.000000,1,0,2577577,688,0,688,0,0,8,10
52,500,115.000000,0.000000,1,0,2577584,689,0,689,0,0,8,10
52,500,115.000000,0.000000,1,0,2577591,690,0,690,0,0,8,10
52,500,115.000000,0.000000,1,0,2577607,690,0,690,0,0,8,10
52,500,115.000000,0.000000,1,0,2577616,692,0,692,0,0,8,10
52,500,115.000000,0.000000,1,0,2577624,694,2,694,2,0,8,10
52,500,115.000000,0.000000,1,0,2577630,697,3,697,3,0,8,10
52,500,115.000000,0.000000,1,0,2577636,700,5,700,5,0,8,10
52,500,115.000000,0.000000,1,0,2577642,703,7,703,7,0,8,10
52,500,115.000000,0.000000,1,0,2577648,708,10,708,10,0,8,10
52,500,115.000000,0.000000,1,0,2577654,713,14,713,14,0,8,10
52,500,115.000000,0.000000,1,0,2577661,723,19,723,19,0,8,10
52,500,115.000000,0.000000,1,0,2577667,733,24,733,24,0,8,10
52,500,115.000000,0.000000,1,0,2577674,749,32,749,32,0,8,10
52,500,115.000000,0.000000,1,0,2577681,778,43,778,43,0,8,10
52,500,115.000000,0.000000,1,0,2577688,805,50,805,50,0,8,10
52,500,115.000000,0.000000,1,0,2577695,834,57,834,57,0,8,10
52,500,115.000000,0.000000,1,0,2577702,864,63,864,63,0,8,10
52,500,115.000000,0.000000,1,0,2577709,888,67,888,67,0,8,10
52,500,115.000000,0.000000,1,0,2577716,917,70,917,70,0,8,10
52,500,115.000000,0.000000,1,0,2577732,946,72,946,72,0,8,10
52,500,115.000000,0.000000,1,0,2577741,1008,73,1008,73,0,8,10
52,500,115.000000,0.000000,1,0,2577748,1039,68,1039,68,0,8,10
52,500,115.000000,0.000000,1,0,2577754,1065,63,1065,63,0,8,10
52,500,115.000000,0.000000,1,0,2577760,1088,56,1088,56,0,8,10
52,500,115.000000,0.000000,1,0,2577766,1103,50,1103,50,0,8,10
52,500,115.000000,0.000000,1,0,2577772,1116,43,1116,43,0,8,10
52,500,115.000000,0.000000,1,0,2577779,1127,36,1127,36,0,8,10
52,500,115.000000,0.000000,1,0,2577785,1137,29,1137,29,0,8,10
52,500,115.000000,0.000000,1,0,2577793,1141,24,1141,24,0,8,10
52,500,115.000000,0.000000,1,0,2577799,1146,18,1146,18,0,8,10
52,500,115.000000,0.000000,1,0,2577806,1149,13,1149,13,0,8,10
52,500,115.000000,0.000000,1,0,2577813,1151,10,1151,10,0,8,10
52,500,115.000000,0.000000,1,0,2577820,1152,7,1152,7,0,8,10
52,500,115.000000,0.000000,1,0,2577827,1152,5,1152,5,0,8,10
52,500,115.000000,0.000000,1,0,2577834,1152,2,1152,2,0,8,10
52,500,115.000000,0.000000,1,0,2577841,1152,1,1152,1,0,8,10
52,500,115.000000,0.000000,1,0,2577857,1152,0,1152,0,0,8,10
52,500,115.000000,0.000000,1,0,2577866,1153,0,1153,-1,0,8,10
52,500,115.000000,0.000000,1,0,2577874,1154,0,1154,-1,0,8,10
52,500,115.000000,0.000000,1,0,2577879,1155,0,1155,-1,0,8,10
52,500,115.000000,0.000000,1,0,2577886,1157,0,1157,-1,0,8,10
52,500,115.000000,0.000000,1,0,2577891,1158,0,1158,-1,0,8,10
52,500,115.000000,0.000000,1,0,2577898,1160,0,1160,-2,0,8,10
52,500,115.000000,0.000000,1,0,2577903,1161,0,1161,-2,0,8,10
52,500,115.000000,0.000000,1,0,2577910,1162,0,1162,-2,0,8,10
52,500,115.000000,0.000000,1,0,2577917,1162,0,1162,-3,0,8,10
52,500,115.000000,0.000000,1,0,2577924,1162,0,1162,-4,0,8,10
52,500,115.000000,0.000000,1,0,2577931,1163,0,1163,-5,0,8,10
52,500,115.000000,0.000000,1,0,2577938,1163,0,1163,-5,0,8,10
52,500,115.000000,0.000000,1,0,2577945,1163,0,1163,-5,0,8,10
52,500,115.000000,0.000000,1,0,2577952,1163,0,1163,-5,0,8,10
52,500,115.000000,0.000000,1,0,2577959,1163,0,1163,-5,0,8,10
52,500,115.000000,0.000000,1,0,2577966,1164,0,1164,-5,0,8,10
52,500,115.000000,0.000000,1,0,2577982,1166,0,1166,-5,0,8,10
52,500,115.000000,0.000000,1,0,2577991,1173,0,1173,-5,0,8,10
52,500,115.000000,0.000000,1,0,2577999,1179,0,1179,-6,0,8,10
52,500,115.000000,0.000000,1,0,2578005,1185,0,1185,-7,0,8,10
52,500,115.000000,0.000000,1,0,2578013,1188,0,1188,-7,0,8,10
52,500,115.000000,0.000000,1,0,2578019,1191,0,1191,-7,0,8,10
52,500,115.000000,0.000000,1,0,2578025,1192,0,1192,-7,0,8,10
52,500,115.000000,0.000000,1,0,2578046,1192,0,1192,-7,0,8,10
