1,560,78.400000,10000.000000,0,0,863527,680,0,680,0,0,1,107
1,560,78.400000,10000.000000,0,0,863528,680,0,680,0,0,1,107
1,560,78.400000,10000.000000,0,0,863541,680,0,680,0,0,1,107
1,560,78.400000,10000.000000,0,0,863554,680,0,680,0,0,1,107
1,560,78.400000,10000.000000,0,0,863568,680,0,680,0,0,1,107
1,560,78.400000,10000.000000,0,0,863581,680,0,680,0,0,1,107
1,560,78.400000,10000.000000,0,0,863594,681,0,681,0,0,1,107
1,560,78.400000,10000.000000,0,0,863608,681,0,681,0,0,1,107
1,560,78.400000,10000.000000,0,0,863622,682,0,682,0,0,1,107
1,560,78.400000,10000.000000,0,0,863635,683,0,683,0,0,1,107
1,560,78.400000,10000.000000,0,0,863649,686,0,686,0,0,1,107
1,560,78.400000,10000.000000,0,0,863663,691,0,691,-1,0,1,107
1,560,78.400000,10000.000000,0,0,863676,701,0,701,-2,0,1,107
1,560,78.400000,10000.000000,0,0,863690,720,0,720,-4,0,1,107
1,560,78.400000,10000.000000,0,0,863704,748,0,748,-7,0,1,107
1,560,78.400000,10000.000000,0,0,863718,776,0,776,-10,0,1,107
1,560,78.400000,10000.000000,0,0,863731,808,0,808,-13,0,1,107
1,560,78.400000,10000.000000,0,0,863745,847,0,847,-15,0,1,107
1,560,78.400000,10000.000000,0,0,863759,891,0,891,-17,0,1,107
1,560,78.400000,10000.000000,0,0,863772,949,0,949,-18,0,1,107
1,560,78.400000,10000.000000,0,0,863786,1005,0,1005,-19,0,1,107
1,560,78.400000,10000.000000,0,0,863800,1065,0,1065,-19,0,1,107
1,560,78.400000,10000.000000,0,0,863815,1119,0,1119,-19,0,1,107
1,560,78.400000,10000.000000,0,0,863828,1172,0,1172,-19,0,1,107
1,560,78.400000,10000.000000,0,0,863842,1209,1,1209,-18,0,1,107
1,560,78.400000,10000.000000,0,0,863855,1239,2,1239,-17,0,1,107
1,560,78.400000,10000.000000,0,0,863869,1259,2,1259,-17,0,1,107
1,560,78.400000,10000.000000,0,0,863883,1274,2,1274,-17,0,1,107
1,560,78.400000,10000.000000,0,0,863896,1282,2,1282,-17,0,1,107
1,560,78.400000,10000.000000,0,0,863910,1289,2,1289,-17,0,1,107
1,560,78.400000,10000.000000,0,0,863924,1294,1,1294,-18,0,1,107
1,560,78.400000,10000.000000,0,0,863939,1298,1,1298,-18,0,1,107
1,560,78.400000,10000.000000,0,0,863952,1302,0,1302,-19,0,1,107
1,560,78.400000,10000.000000,0,0,863964,1304,0,1304,-19,0,1,107
1,560,78.400000,10000.000000,0,0,863977,1305,0,1305,-19,0,1,107
1,560,78.400000,10000.000000,0,0,863990,1306,0,1306,-20,0,1,107
1,560,78.400000,10000.000000,0,0,864003,1306,0,1306,-20,0,1,107
1,560,78.400000,10000.000000,0,0,864016,1307,0,1307,-20,0,1,107
1,560,78.400000,10000.000000,0,0,864028,1307,0,1307,-20,0,1,107
1,560,78.400000,10000.000000,0,0,864041,1308,0,1308,-20,0,1,107
1,560,78.400000,10000.000000,0,0,864054,1308,0,1308,-20,0,1,107
1,560,78.400000,10000.000000,0,0,864068,1308,0,1308,-20,0,1,107
1,560,78.400000,10000.000000,0,0,864082,1308,0,1308,-20,0,1,107
1,560,78.400000,10000.000000,0,0,864094,1308,0,1308,-20,0,1,107
1,560,78.400000,10000.000000,0,0,864107,1308,0,1308,-20,0,1,107
1,560,78.400000,10000.000000,0,0,864120,1308,0,1308,-20,0,1,107
1,560,78.400000,10000.000000,0,0,864134,1308,0,1308,-20,0,1,107
1,560,78.400000,10000.000000,0,0,864147,1308,0,1308,-20,0,1,107
1,560,78.400000,10000.000000,0,0,864161,1308,0,1308,-20,0,1,107
1,560,78.400000,10000.000000,0,0,864174,1308,0,1308,-20,0,1,107
1,560,78.400000,10000.000000,0,0,864187,1308,0,1308,-20,0,1,107
1,560,78.400000,10000.000000,0,0,864200,1307,0,1307,-20,0,1,107
1,560,78.400000,10000.000000,0,0,864214,1300,0,1300,-20,0,1,107
1,560,78.400000,10000.000000,0,0,864228,1291,0,1291,-20,0,1,107
1,560,78.400000,10000.000000,0,0,864241,1280,2,1280,-18,0,1,107
1,560,78.400000,10000.000000,0,0,864254,1267,2,1267,-18,0,1,107
1,560,78.400000,10000.000000,0,0,864268,1257,3,1257,-17,0,1,107
1,560,78.400000,10000.000000,0,0,864282,1247,3,1247,-17,0,1,107
1,560,78.400000,10000.000000,0,0,864296,1243,3,1243,-17,0,1,107
1,560,78.400000,10000.000000,0,0,864309,1241,3,1241,-17,0,1,107
1,560,78.400000,10000.000000,0,0,864323,1241,3,1241,-17,0,1,107
1,560,78.400000,10000.000000,0,0,864336,1241,3,1241,-17,0,1,107
1,560,78.400000,10000.000000,0,0,864349,1241,3,1241,-17,0,1,107
1,560,78.400000,10000.000000,0,0,864362,1241,3,1241,-17,0,1,107
1,560,78.400000,10000.000000,0,0,864375,1241,3,1241,-17,0,1,107
1,560,78.400000,10000.000000,0,0,864388,1241,3,1241,-17,0,1,107
1,560,78.400000,10000.000000,0,0,864401,1241,3,1241,-17,0,1,107
1,560,78.400000,10000.000000,0,0,864414,1241,3,1241,-17,0,1,107
1,560,78.400000,10000.000000,0,0,864427,1240,3,1240,-17,0,1,107
1,560,78.400000,10000.000000,0,0,864440,1240,3,1240,-17,0,1,107
1,560,78.400000,10000.000000,0,0,864452,1240,3,1240,-17,0,1,107
