1,1120,33.600000,0.000000,0,0,822594,400,0,400,0,0,1,88
1,1120,33.600000,0.000000,0,0,822595,400,0,400,0,0,1,88
1,1120,33.600000,0.000000,0,0,822609,400,0,400,0,0,1,88
1,1120,33.600000,0.000000,0,0,822622,400,0,400,0,0,1,88
1,1120,33.600000,0.000000,0,0,822635,400,0,400,0,0,1,88
1,1120,33.600000,0.000000,0,0,822648,400,0,400,0,0,1,88
1,1120,33.600000,0.000000,0,0,822661,400,0,400,0,0,1,88
1,1120,33.600000,0.000000,0,0,822675,400,0,400,0,0,1,88
1,1120,33.600000,0.000000,0,0,822688,400,0,400,0,0,1,88
1,1120,33.600000,0.000000,0,0,822702,407,0,407,0,0,1,88
1,1120,33.600000,0.000000,0,0,822715,429,0,429,-2,0,1,88
1,1120,33.600000,0.000000,0,0,822730,470,0,470,-6,0,1,88
1,1120,33.600000,0.000000,0,0,822744,533,0,533,-9,0,1,88
1,1120,33.600000,0.000000,0,0,822758,615,0,615,-10,0,1,88
1,1120,33.600000,0.000000,0,0,822772,713,0,713,-10,0,1,88
1,1120,33.600000,0.000000,0,0,822785,833,5,833,-5,0,1,88
1,1120,33.600000,0.000000,0,0,822799,942,12,942,2,0,1,88
1,1120,33.600000,0.000000,0,0,822813,1050,19,1050,9,0,1,88
1,1120,33.600000,0.000000,0,0,822826,1133,24,1133,14,0,1,88
1,1120,33.600000,0.000000,0,0,822841,1198,29,1198,19,0,1,88
1,1120,33.600000,0.000000,0,0,822855,1254,34,1254,24,0,1,88
1,1120,33.600000,0.000000,0,0,822868,1288,35,1288,25,0,1,88
1,1120,33.600000,0.000000,0,0,822882,1309,36,1309,26,0,1,88
1,1120,33.600000,0.000000,0,0,822896,1322,36,1322,26,0,1,88
1,1120,33.600000,0.000000,0,0,822909,1330,37,1330,27,0,1,88
1,1120,33.600000,0.000000,0,0,822922,1334,37,1334,27,0,1,88
1,1120,33.600000,0.000000,0,0,822935,1336,37,1336,27,0,1,88
1,1120,33.600000,0.000000,0,0,822948,1338,37,1338,27,0,1,88
1,1120,33.600000,0.000000,0,0,822961,1339,37,1339,27,0,1,88
1,1120,33.600000,0.000000,0,0,822975,1340,37,1340,27,0,1,88
1,1120,33.600000,0.000000,0,0,822988,1341,37,1341,27,0,1,88
1,1120,33.600000,0.000000,0,0,823000,1341,37,1341,27,0,1,88
1,1120,33.600000,0.000000,0,0,823014,1341,37,1341,27,0,1,88
1,1120,33.600000,0.000000,0,0,823027,1341,37,1341,27,0,1,88
1,1120,33.600000,0.000000,0,0,823040,1341,37,1341,27,0,1,88
1,1120,33.600000,0.000000,0,0,823054,1344,36,1344,26,0,1,88
1,1120,33.600000,0.000000,0,0,823067,1347,36,1347,26,0,1,88
1,1120,33.600000,0.000000,0,0,823081,1352,34,1352,24,0,1,88
1,1120,33.600000,0.000000,0,0,823094,1363,32,1363,22,0,1,88
1,1120,33.600000,0.000000,0,0,823108,1376,30,1376,20,0,1,88
1,1120,33.600000,0.000000,0,0,823122,1392,26,1392,16,0,1,88
1,1120,33.600000,0.000000,0,0,823136,1409,24,1409,14,0,1,88
1,1120,33.600000,0.000000,0,0,823149,1426,21,1426,11,0,1,88
1,1120,33.600000,0.000000,0,0,823163,1444,19,1444,9,0,1,88
1,1120,33.600000,0.000000,0,0,823176,1459,17,1459,7,0,1,88
1,1120,33.600000,0.000000,0,0,823190,1469,16,1469,6,0,1,88
1,1120,33.600000,0.000000,0,0,823203,1475,15,1475,5,0,1,88
1,1120,33.600000,0.000000,0,0,823216,1478,15,1478,5,0,1,88
1,1120,33.600000,0.000000,0,0,823229,1480,14,1480,4,0,1,88
1,1120,33.600000,0.000000,0,0,823242,1480,14,1480,4,0,1,88
1,1120,33.600000,0.000000,0,0,823255,1480,14,1480,4,0,1,88
1,1120,33.600000,0.000000,0,0,823268,1480,14,1480,4,0,1,88
1,1120,33.600000,0.000000,0,0,823281,1480,13,1480,3,0,1,88
1,1120,33.600000,0.000000,0,0,823294,1480,13,1480,3,0,1,88
1,1120,33.600000,0.000000,0,0,823307,1480,13,1480,3,0,1,88
1,1120,33.600000,0.000000,0,0,823321,1480,13,1480,3,0,1,88
1,1120,33.600000,0.000000,0,0,823335,1480,13,1480,3,0,1,88
1,1120,33.600000,0.000000,0,0,823348,1480,13,1480,3,0,1,88
1,1120,33.600000,0.000000,0,0,823361,1480,13,1480,3,0,1,88
1,1120,33.600000,0.000000,0,0,823373,1480,13,1480,3,0,1,88
1,1120,33.600000,0.000000,0,0,823386,1480,13,1480,3,0,1,88
1,1120,33.600000,0.000000,0,0,823399,1480,13,1480,3,0,1,88
1,1120,33.600000,0.000000,0,0,823411,1480,13,1480,3,0,1,88
1,1120,33.600000,0.000000,0,0,823424,1480,13,1480,3,0,1,88
1,1120,33.600000,0.000000,0,0,823437,1480,13,1480,3,0,1,88
1,1120,33.600000,0.000000,0,0,823450,1481,13,1481,3,0,1,88
1,1120,33.600000,0.000000,0,0,823463,1482,13,1482,3,0,1,88
1,1120,33.600000,0.000000,0,0,823476,1484,12,1484,2,0,1,88
1,1120,33.600000,0.000000,0,0,823489,1486,12,1486,2,0,1,88
1,1120,33.600000,0.000000,0,0,823502,1488,12,1488,2,0,1,88
1,1120,33.600000,0.000000,0,0,823515,1490,10,1490,0,0,1,88
1,1120,33.600000,0.000000,0,0,823528,1493,8,1493,-2,0,1,88
1,1120,33.600000,0.000000,0,0,823542,1497,6,1497,-4,0,1,88
1,1120,33.600000,0.000000,0,0,823555,1499,5,1499,-5,0,1,88
1,1120,33.600000,0.000000,0,0,823568,1501,4,1501,-6,0,1,88
1,1120,33.600000,0.000000,0,0,823580,1501,4,1501,-6,0,1,88
1,1120,33.600000,0.000000,0,0,823593,1502,3,1502,-7,0,1,88
1,1120,33.600000,0.000000,0,0,823606,1502,3,1502,-7,0,1,88
1,1120,33.600000,0.000000,0,0,823619,1502,3,1502,-7,0,1,88
1,1120,33.600000,0.000000,0,0,823632,1503,3,1503,-7,0,1,88
1,1120,33.600000,0.000000,0,0,823645,1504,2,1504,-8,0,1,88
1,1120,33.600000,0.000000,0,0,823658,1505,1,1505,-9,0,1,88
1,1120,33.600000,0.000000,0,0,823671,1506,0,1506,-10,0,1,88
1,1120,33.600000,0.000000,0,0,823684,1507,0,1507,-11,0,1,88
1,1120,33.600000,0.000000,0,0,823697,1507,0,1507,-11,0,1,88
1,1120,33.600000,0.000000,0,0,823710,1507,0,1507,-12,0,1,88
1,1120,33.600000,0.000000,0,0,823723,1508,0,1508,-13,0,1,88
1,1120,33.600000,0.000000,0,0,823735,1508,0,1508,-14,0,1,88
1,1120,33.600000,0.000000,0,0,823748,1508,0,1508,-15,0,1,88
1,1120,33.600000,0.000000,0,0,823761,1508,0,1508,-15,0,1,88
1,1120,33.600000,0.000000,0,0,823774,1508,0,1508,-16,0,1,88
1,1120,33.600000,0.000000,0,0,823787,1508,0,1508,-16,0,1,88
1,1120,33.600000,0.000000,0,0,823800,1508,0,1508,-16,0,1,88
1,1120,33.600000,0.000000,0,0,823812,1508,0,1508,-16,0,1,88
