1,560,33.600000,35.168000,0,1,813370,680,33,680,33,0,1,84
1,560,33.600000,35.168000,0,1,813372,680,33,680,33,0,1,84
1,560,33.600000,35.168000,0,1,813385,680,33,680,33,0,1,84
1,560,33.600000,35.168000,0,1,813398,680,33,680,33,0,1,84
1,560,33.600000,35.168000,0,1,813411,680,33,680,33,0,1,84
1,560,33.600000,35.168000,0,1,813425,680,33,680,33,0,1,84
1,560,33.600000,35.168000,0,1,813438,680,33,680,33,0,1,84
1,560,33.600000,35.168000,0,1,813452,680,33,680,33,0,1,84
1,560,33.600000,35.168000,0,1,813465,680,33,680,33,0,1,84
1,560,33.600000,35.168000,0,1,813478,680,33,680,33,0,1,84
1,560,33.600000,35.168000,0,1,813493,680,33,680,33,0,1,84
1,560,33.600000,35.168000,0,1,813506,681,33,681,33,0,1,84
1,560,33.600000,35.168000,0,1,813520,688,32,688,32,0,1,84
1,560,33.600000,35.168000,0,1,813534,707,29,707,29,0,1,84
1,560,33.600000,35.168000,0,1,813547,731,26,731,26,0,1,84
1,560,33.600000,35.168000,0,1,813561,764,23,764,23,0,1,84
1,560,33.600000,35.168000,0,1,813576,801,20,801,20,0,1,84
1,560,33.600000,35.168000,0,1,813590,848,17,848,17,0,1,84
1,560,33.600000,35.168000,0,1,813604,890,14,890,14,0,1,84
1,560,33.600000,35.168000,0,1,813617,935,12,935,12,0,1,84
1,560,33.600000,35.168000,0,1,813631,970,10,970,10,0,1,84
1,560,33.600000,35.168000,0,1,813645,999,9,999,9,0,1,84
1,560,33.600000,35.168000,0,1,813659,1021,8,1021,8,0,1,84
1,560,33.600000,35.168000,0,1,813673,1036,8,1036,8,0,1,84
1,560,33.600000,35.168000,0,1,813686,1047,8,1047,8,0,1,84
1,560,33.600000,35.168000,0,1,813699,1053,7,1053,7,0,1,84
1,560,33.600000,35.168000,0,1,813712,1056,7,1056,7,0,1,84
1,560,33.600000,35.168000,0,1,813725,1059,7,1059,7,0,1,84
1,560,33.600000,35.168000,0,1,813739,1062,7,1062,7,0,1,84
1,560,33.600000,35.168000,0,1,813753,1066,6,1066,6,0,1,84
1,560,33.600000,35.168000,0,1,813766,1071,6,1071,6,0,1,84
1,560,33.600000,35.168000,0,1,813781,1074,6,1074,6,0,1,84
1,560,33.600000,35.168000,0,1,813794,1077,6,1077,6,0,1,84
1,560,33.600000,35.168000,0,1,813808,1080,6,1080,6,0,1,84
1,560,33.600000,35.168000,0,1,813822,1084,6,1084,6,0,1,84
1,560,33.600000,35.168000,0,1,813836,1088,6,1088,6,0,1,84
1,560,33.600000,35.168000,0,1,813849,1092,6,1092,6,0,1,84
1,560,33.600000,35.168000,0,1,813863,1099,7,1099,7,0,1,84
1,560,33.600000,35.168000,0,1,813877,1108,8,1108,8,0,1,84
1,560,33.600000,35.168000,0,1,813891,1119,9,1119,9,0,1,84
1,560,33.600000,35.168000,0,1,813905,1132,12,1132,12,0,1,84
1,560,33.600000,35.168000,0,1,813919,1145,14,1145,14,0,1,84
1,560,33.600000,35.168000,0,1,813934,1156,17,1156,17,0,1,84
1,560,33.600000,35.168000,0,1,813947,1164,18,1164,18,0,1,84
1,560,33.600000,35.168000,0,1,813961,1168,19,1168,19,0,1,84
1,560,33.600000,35.168000,0,1,813974,1168,19,1168,19,0,1,84
1,560,33.600000,35.168000,0,1,813989,1168,19,1168,19,0,1,84
1,560,33.600000,35.168000,0,1,814002,1168,19,1168,19,0,1,84
1,560,33.600000,35.168000,0,1,814015,1168,19,1168,19,0,1,84
1,560,33.600000,35.168000,0,1,814028,1168,20,1168,20,0,1,84
1,560,33.600000,35.168000,0,1,814042,1165,20,1165,20,0,1,84
1,560,33.600000,35.168000,0,1,814056,1161,21,1161,21,0,1,84
1,560,33.600000,35.168000,0,1,814069,1154,22,1154,22,0,1,84
1,560,33.600000,35.168000,0,1,814083,1145,23,1145,23,0,1,84
1,560,33.600000,35.168000,0,1,814097,1135,23,1135,23,0,1,84
1,560,33.600000,35.168000,0,1,814111,1124,23,1124,23,0,1,84
1,560,33.600000,35.168000,0,1,814124,1115,23,1115,23,0,1,84
1,560,33.600000,35.168000,0,1,814138,1104,23,1104,23,0,1,84
1,560,33.600000,35.168000,0,1,814151,1095,22,1095,22,0,1,84
1,560,33.600000,35.168000,0,1,814165,1088,22,1088,22,0,1,84
1,560,33.600000,35.168000,0,1,814178,1082,21,1082,21,0,1,84
1,560,33.600000,35.168000,0,1,814191,1078,21,1078,21,0,1,84
1,560,33.600000,35.168000,0,1,814206,1076,20,1076,20,0,1,84
1,560,33.600000,35.168000,0,1,814219,1073,20,1073,20,0,1,84
1,560,33.600000,35.168000,0,1,814232,1071,19,1071,19,0,1,84
1,560,33.600000,35.168000,0,1,814246,1070,19,1070,19,0,1,84
1,560,33.600000,35.168000,0,1,814260,1068,19,1068,19,0,1,84
1,560,33.600000,35.168000,0,1,814272,1066,19,1066,19,0,1,84
1,560,33.600000,35.168000,0,1,814285,1064,19,1064,19,0,1,84
1,560,33.600000,35.168000,0,1,814298,1064,19,1064,19,0,1,84
1,560,33.600000,35.168000,0,1,814311,1064,19,1064,19,0,1,84
1,560,33.600000,35.168000,0,1,814324,1064,19,1064,19,0,1,84
1,560,33.600000,35.168000,0,1,814338,1064,19,1064,19,0,1,84
1,560,33.600000,35.168000,0,1,814351,1064,19,1064,19,0,1,84
1,560,33.600000,35.168000,0,1,814364,1064,19,1064,19,0,1,84
1,560,33.600000,35.168000,0,1,814376,1064,19,1064,19,0,1,84
1,560,33.600000,35.168000,0,1,814389,1064,19,1064,19,0,1,84
1,560,33.600000,35.168000,0,1,814402,1064,19,1064,19,0,1,84
1,560,33.600000,35.168000,0,1,814415,1064,18,1064,18,0,1,84
1,560,33.600000,35.168000,0,1,814429,1066,17,1066,17,0,1,84
1,560,33.600000,35.168000,0,1,814443,1071,16,1071,16,0,1,84
1,560,33.600000,35.168000,0,1,814456,1079,15,1079,15,0,1,84
1,560,33.600000,35.168000,0,1,814469,1088,14,1088,14,0,1,84
1,560,33.600000,35.168000,0,1,814483,1096,14,1096,14,0,1,84
1,560,33.600000,35.168000,0,1,814497,1104,14,1104,14,0,1,84
1,560,33.600000,35.168000,0,1,814509,1110,14,1110,14,0,1,84
1,560,33.600000,35.168000,0,1,814522,1113,14,1113,14,0,1,84
1,560,33.600000,35.168000,0,1,814535,1113,14,1113,14,0,1,84
1,560,33.600000,35.168000,0,1,814548,1113,14,1113,14,0,1,84
1,560,33.600000,35.168000,0,1,814560,1113,14,1113,14,0,1,84
1,560,33.600000,35.168000,0,1,814576,1113,14,1113,14,0,1,84
1,560,33.600000,35.168000,0,1,814590,1113,14,1113,14,0,1,84
1,560,33.600000,35.168000,0,1,814604,1113,14,1113,14,0,1,84
1,560,33.600000,35.168000,0,1,814617,1113,14,1113,14,0,1,84
1,560,33.600000,35.168000,0,1,814630,1113,14,1113,14,0,1,84
1,560,33.600000,35.168000,0,1,814643,1113,14,1113,14,0,1,84
1,560,33.600000,35.168000,0,1,814656,1113,14,1113,14,0,1,84
1,560,33.600000,35.168000,0,1,814669,1113,14,1113,14,0,1,84
1,560,33.600000,35.168000,0,1,814682,1113,14,1113,14,0,1,84
1,560,33.600000,35.168000,0,1,814695,1113,14,1113,14,0,1,84
1,560,33.600000,35.168000,0,1,814709,1114,14,1114,14,0,1,84
1,560,33.600000,35.168000,0,1,814722,1115,14,1115,14,0,1,84
1,560,33.600000,35.168000,0,1,814735,1117,16,1117,16,0,1,84
1,560,33.600000,35.168000,0,1,814749,1119,16,1119,16,0,1,84
1,560,33.600000,35.168000,0,1,814762,1123,17,1123,17,0,1,84
1,560,33.600000,35.168000,0,1,814776,1128,18,1128,18,0,1,84
1,560,33.600000,35.168000,0,1,814789,1134,20,1134,20,0,1,84
1,560,33.600000,35.168000,0,1,814803,1140,21,1140,21,0,1,84
1,560,33.600000,35.168000,0,1,814817,1148,22,1148,22,0,1,84
1,560,33.600000,35.168000,0,1,814830,1157,24,1157,24,0,1,84
1,560,33.600000,35.168000,0,1,814844,1167,27,1167,27,0,1,84
1,560,33.600000,35.168000,0,1,814857,1176,28,1176,28,0,1,84
1,560,33.600000,35.168000,0,1,814872,1182,30,1182,30,0,1,84
1,560,33.600000,35.168000,0,1,814885,1188,32,1188,32,0,1,84
1,560,33.600000,35.168000,0,1,814899,1193,33,1193,33,0,1,84
1,560,33.600000,35.168000,0,1,814912,1197,35,1197,35,0,1,84
1,560,33.600000,35.168000,0,1,814926,1200,36,1200,36,0,1,84
1,560,33.600000,35.168000,0,1,814939,1203,37,1203,37,0,1,84
1,560,33.600000,35.168000,0,1,814953,1207,38,1207,38,0,1,84
1,560,33.600000,35.168000,0,1,814966,1209,39,1209,39,0,1,84
1,560,33.600000,35.168000,0,1,814980,1211,39,1211,39,0,1,84
1,560,33.600000,35.168000,0,1,814993,1212,40,1212,40,0,1,84
1,560,33.600000,35.168000,0,1,815006,1212,40,1212,40,0,1,84
1,560,33.600000,35.168000,0,1,815019,1213,40,1213,40,0,1,84
1,560,33.600000,35.168000,0,1,815032,1214,40,1214,40,0,1,84
1,560,33.600000,35.168000,0,1,815046,1216,41,1216,41,0,1,84
1,560,33.600000,35.168000,0,1,815059,1219,41,1219,41,0,1,84
1,560,33.600000,35.168000,0,1,815072,1221,41,1221,41,0,1,84
1,560,33.600000,35.168000,0,1,815085,1224,42,1224,42,0,1,84
1,560,33.600000,35.168000,0,1,815098,1226,42,1226,42,0,1,84
1,560,33.600000,35.168000,0,1,815111,1228,42,1228,42,0,1,84
1,560,33.600000,35.168000,0,1,815125,1230,42,1230,42,0,1,84
1,560,33.600000,35.168000,0,1,815139,1232,41,1232,41,0,1,84
1,560,33.600000,35.168000,0,1,815152,1234,38,1234,38,0,1,84
1,560,33.600000,35.168000,0,1,815165,1236,34,1236,34,0,1,84
1,560,33.600000,35.168000,0,1,815179,1239,29,1239,29,0,1,84
1,560,33.600000,35.168000,0,1,815192,1240,25,1240,25,0,1,84
1,560,33.600000,35.168000,0,1,815206,1241,22,1241,22,0,1,84
1,560,33.600000,35.168000,0,1,815219,1242,21,1242,21,0,1,84
1,560,33.600000,35.168000,0,1,815232,1242,20,1242,20,0,1,84
1,560,33.600000,35.168000,0,1,815246,1242,19,1242,19,0,1,84
1,560,33.600000,35.168000,0,1,815259,1242,18,1242,18,0,1,84
1,560,33.600000,35.168000,0,1,815272,1242,18,1242,18,0,1,84
1,560,33.600000,35.168000,0,1,815285,1242,17,1242,17,0,1,84
1,560,33.600000,35.168000,0,1,815297,1243,17,1243,17,0,1,84
1,560,33.600000,35.168000,0,1,815310,1243,16,1243,16,0,1,84
1,560,33.600000,35.168000,0,1,815324,1244,15,1244,15,0,1,84
1,560,33.600000,35.168000,0,1,815338,1245,13,1245,13,0,1,84
1,560,33.600000,35.168000,0,1,815350,1246,13,1246,13,0,1,84
