1,1120,33.600000,10000.000000,1,1,1180008,400,33,400,33,0,2,97
1,1120,33.600000,10000.000000,1,1,1180009,400,33,400,33,0,2,97
1,1120,33.600000,10000.000000,1,1,1180022,400,33,400,33,0,2,97
1,1120,33.600000,10000.000000,1,1,1180035,400,33,400,33,0,2,97
1,1120,33.600000,10000.000000,1,1,1180049,400,33,400,33,0,2,97
1,1120,33.600000,10000.000000,1,1,1180062,400,33,400,33,0,2,97
1,1120,33.600000,10000.000000,1,1,1180075,400,33,400,33,0,2,97
1,1120,33.600000,10000.000000,1,1,1180088,400,33,400,33,0,2,97
1,1120,33.600000,10000.000000,1,1,1180101,400,33,400,33,0,2,97
1,1120,33.600000,10000.000000,1,1,1180115,403,33,403,33,0,2,97
1,1120,33.600000,10000.000000,1,1,1180129,415,32,415,32,0,2,97
1,1120,33.600000,10000.000000,1,1,1180143,441,30,441,30,0,2,97
1,1120,33.600000,10000.000000,1,1,1180156,479,25,479,25,0,2,97
1,1120,33.600000,10000.000000,1,1,1180169,540,20,540,20,0,2,97
1,1120,33.600000,10000.000000,1,1,1180184,620,16,620,16,0,2,97
1,1120,33.600000,10000.000000,1,1,1180197,714,14,714,14,0,2,97
1,1120,33.600000,10000.000000,1,1,1180211,812,12,812,12,0,2,97
1,1120,33.600000,10000.000000,1,1,1180226,903,12,903,12,0,2,97
1,1120,33.600000,10000.000000,1,1,1180240,1001,14,1001,14,0,2,97
1,1120,33.600000,10000.000000,1,1,1180253,1071,17,1071,17,0,2,97
1,1120,33.600000,10000.000000,1,1,1180267,1119,19,1119,19,0,2,97
1,1120,33.600000,10000.000000,1,1,1180281,1156,20,1156,20,0,2,97
1,1120,33.600000,10000.000000,1,1,1180294,1190,22,1190,22,0,2,97
1,1120,33.600000,10000.000000,1,1,1180309,1214,23,1214,23,0,2,97
1,1120,33.600000,10000.000000,1,1,1180322,1235,24,1235,24,0,2,97
1,1120,33.600000,10000.000000,1,1,1180336,1253,25,1253,25,0,2,97
1,1120,33.600000,10000.000000,1,1,1180350,1267,25,1267,25,0,2,97
1,1120,33.600000,10000.000000,1,1,1180364,1281,25,1281,25,0,2,97
1,1120,33.600000,10000.000000,1,1,1180377,1288,25,1288,25,0,2,97
1,1120,33.600000,10000.000000,1,1,1180391,1293,25,1293,25,0,2,97
1,1120,33.600000,10000.000000,1,1,1180405,1296,25,1296,25,0,2,97
1,1120,33.600000,10000.000000,1,1,1180418,1300,25,1300,25,0,2,97
1,1120,33.600000,10000.000000,1,1,1180432,1307,25,1307,25,0,2,97
1,1120,33.600000,10000.000000,1,1,1180446,1315,24,1315,24,0,2,97
1,1120,33.600000,10000.000000,1,1,1180459,1327,23,1327,23,0,2,97
1,1120,33.600000,10000.000000,1,1,1180472,1341,23,1341,23,0,2,97
1,1120,33.600000,10000.000000,1,1,1180486,1359,22,1359,22,0,2,97
1,1120,33.600000,10000.000000,1,1,1180499,1374,22,1374,22,0,2,97
1,1120,33.600000,10000.000000,1,1,1180512,1390,22,1390,22,0,2,97
1,1120,33.600000,10000.000000,1,1,1180525,1411,22,1411,22,0,2,97
1,1120,33.600000,10000.000000,1,1,1180538,1434,23,1434,23,0,2,97
1,1120,33.600000,10000.000000,1,1,1180553,1458,23,1458,23,0,2,97
1,1120,33.600000,10000.000000,1,1,1180567,1494,26,1494,26,0,2,97
1,1120,33.600000,10000.000000,1,1,1180580,1528,28,1528,28,0,2,97
1,1120,33.600000,10000.000000,1,1,1180594,1560,29,1560,29,0,2,97
1,1120,33.600000,10000.000000,1,1,1180607,1586,31,1586,31,0,2,97
1,1120,33.600000,10000.000000,1,1,1180621,1601,31,1601,31,0,2,97
1,1120,33.600000,10000.000000,1,1,1180634,1607,31,1607,31,0,2,97
1,1120,33.600000,10000.000000,1,1,1180647,1608,31,1608,31,0,2,97
1,1120,33.600000,10000.000000,1,1,1180659,1608,31,1608,31,0,2,97
1,1120,33.600000,10000.000000,1,1,1180672,1608,31,1608,31,0,2,97
1,1120,33.600000,10000.000000,1,1,1180685,1608,31,1608,31,0,2,97
1,1120,33.600000,10000.000000,1,1,1180698,1608,31,1608,31,0,2,97
1,1120,33.600000,10000.000000,1,1,1180710,1608,31,1608,31,0,2,97
1,1120,33.600000,10000.000000,1,1,1180723,1607,31,1607,31,0,2,97
1,1120,33.600000,10000.000000,1,1,1180737,1604,32,1604,32,0,2,97
1,1120,33.600000,10000.000000,1,1,1180750,1599,32,1599,32,0,2,97
1,1120,33.600000,10000.000000,1,1,1180764,1591,32,1591,32,0,2,97
1,1120,33.600000,10000.000000,1,1,1180777,1580,31,1580,31,0,2,97
1,1120,33.600000,10000.000000,1,1,1180791,1568,30,1568,30,0,2,97
1,1120,33.600000,10000.000000,1,1,1180804,1559,28,1559,28,0,2,97
1,1120,33.600000,10000.000000,1,1,1180818,1552,27,1552,27,0,2,97
1,1120,33.600000,10000.000000,1,1,1180831,1547,26,1547,26,0,2,97
1,1120,33.600000,10000.000000,1,1,1180846,1544,25,1544,25,0,2,97
1,1120,33.600000,10000.000000,1,1,1180859,1542,25,1542,25,0,2,97
1,1120,33.600000,10000.000000,1,1,1180872,1541,25,1541,25,0,2,97
1,1120,33.600000,10000.000000,1,1,1180885,1540,24,1540,24,0,2,97
1,1120,33.600000,10000.000000,1,1,1180898,1540,24,1540,24,0,2,97
1,1120,33.600000,10000.000000,1,1,1180912,1539,23,1539,23,0,2,97
1,1120,33.600000,10000.000000,1,1,1180925,1538,23,1538,23,0,2,97
1,1120,33.600000,10000.000000,1,1,1180938,1537,22,1537,22,0,2,97
1,1120,33.600000,10000.000000,1,1,1180951,1536,21,1536,21,0,2,97
1,1120,33.600000,10000.000000,1,1,1180964,1534,21,1534,21,0,2,97
1,1120,33.600000,10000.000000,1,1,1180977,1533,20,1533,20,0,2,97
1,1120,33.600000,10000.000000,1,1,1180990,1532,19,1532,19,0,2,97
1,1120,33.600000,10000.000000,1,1,1181003,1531,19,1531,19,0,2,97
1,1120,33.600000,10000.000000,1,1,1181017,1530,18,1530,18,0,2,97
1,1120,33.600000,10000.000000,1,1,1181029,1530,18,1530,18,0,2,97
1,1120,33.600000,10000.000000,1,1,1181042,1529,17,1529,17,0,2,97
1,1120,33.600000,10000.000000,1,1,1181055,1529,17,1529,17,0,2,97
1,1120,33.600000,10000.000000,1,1,1181068,1529,17,1529,17,0,2,97
1,1120,33.600000,10000.000000,1,1,1181080,1529,17,1529,17,0,2,97
1,1120,33.600000,10000.000000,1,1,1181093,1529,17,1529,17,0,2,97
