1,1120,128.800000,19.096000,1,1,1061037,400,33,400,33,0,2,42
1,1120,128.800000,19.096000,1,1,1061038,400,33,400,33,0,2,42
1,1120,128.800000,19.096000,1,1,1061051,400,33,400,33,0,2,42
1,1120,128.800000,19.096000,1,1,1061063,400,33,400,33,0,2,42
1,1120,128.800000,19.096000,1,1,1061076,400,33,400,33,0,2,42
1,1120,128.800000,19.096000,1,1,1061088,400,33,400,33,0,2,42
1,1120,128.800000,19.096000,1,1,1061101,400,33,400,33,0,2,42
1,1120,128.800000,19.096000,1,1,1061115,400,33,400,33,0,2,42
1,1120,128.800000,19.096000,1,1,1061127,400,33,400,33,0,2,42
1,1120,128.800000,19.096000,1,1,1061139,400,33,400,33,0,2,42
1,1120,128.800000,19.096000,1,1,1061152,400,33,400,33,0,2,42
1,1120,128.800000,19.096000,1,1,1061167,400,33,400,33,0,2,42
1,1120,128.800000,19.096000,1,1,1061180,404,33,404,33,0,2,42
1,1120,128.800000,19.096000,1,1,1061194,410,31,410,31,0,2,42
1,1120,128.800000,19.096000,1,1,1061208,418,29,418,29,0,2,42
1,1120,128.800000,19.096000,1,1,1061221,438,26,438,26,0,2,42
1,1120,128.800000,19.096000,1,1,1061235,474,22,474,22,0,2,42
1,1120,128.800000,19.096000,1,1,1061249,526,18,526,18,0,2,42
1,1120,128.800000,19.096000,1,1,1061262,589,13,589,13,0,2,42
1,1120,128.800000,19.096000,1,1,1061275,673,8,673,8,0,2,42
1,1120,128.800000,19.096000,1,1,1061289,775,2,775,2,0,2,42
1,1120,128.800000,19.096000,1,1,1061303,893,0,893,-5,0,2,42
1,1120,128.800000,19.096000,1,1,1061316,1018,0,1018,-12,0,2,42
1,1120,128.800000,19.096000,1,1,1061329,1130,0,1130,-15,0,2,42
1,1120,128.800000,19.096000,1,1,1061343,1239,0,1239,-18,0,2,42
1,1120,128.800000,19.096000,1,1,1061356,1329,0,1329,-18,0,2,42
1,1120,128.800000,19.096000,1,1,1061369,1393,1,1393,-17,0,2,42
1,1120,128.800000,19.096000,1,1,1061383,1431,2,1431,-16,0,2,42
1,1120,128.800000,19.096000,1,1,1061396,1456,4,1456,-14,0,2,42
1,1120,128.800000,19.096000,1,1,1061410,1471,6,1471,-12,0,2,42
1,1120,128.800000,19.096000,1,1,1061423,1477,8,1477,-10,0,2,42
1,1120,128.800000,19.096000,1,1,1061436,1480,8,1480,-10,0,2,42
1,1120,128.800000,19.096000,1,1,1061449,1482,8,1482,-10,0,2,42
1,1120,128.800000,19.096000,1,1,1061461,1483,8,1483,-10,0,2,42
1,1120,128.800000,19.096000,1,1,1061475,1483,8,1483,-10,0,2,42
1,1120,128.800000,19.096000,1,1,1061488,1483,8,1483,-10,0,2,42
1,1120,128.800000,19.096000,1,1,1061500,1483,8,1483,-10,0,2,42
1,1120,128.800000,19.096000,1,1,1061513,1483,8,1483,-10,0,2,42
1,1120,128.800000,19.096000,1,1,1061526,1483,8,1483,-10,0,2,42
1,1120,128.800000,19.096000,1,1,1061539,1483,8,1483,-10,0,2,42
1,1120,128.800000,19.096000,1,1,1061552,1483,8,1483,-10,0,2,42
1,1120,128.800000,19.096000,1,1,1061564,1483,8,1483,-10,0,2,42
1,1120,128.800000,19.096000,1,1,1061577,1483,8,1483,-10,0,2,42
1,1120,128.800000,19.096000,1,1,1061590,1483,8,1483,-10,0,2,42
1,1120,128.800000,19.096000,1,1,1061603,1483,8,1483,-10,0,2,42
1,1120,128.800000,19.096000,1,1,1061616,1483,8,1483,-10,0,2,42
1,1120,128.800000,19.096000,1,1,1061629,1483,8,1483,-10,0,2,42
1,1120,128.800000,19.096000,1,1,1061642,1483,8,1483,-10,0,2,42
1,1120,128.800000,19.096000,1,1,1061655,1483,8,1483,-10,0,2,42
1,1120,128.800000,19.096000,1,1,1061667,1483,8,1483,-10,0,2,42
