1,1120,78.400000,10000.000000,1,0,1092442,400,0,400,0,0,2,57
1,1120,78.400000,10000.000000,1,0,1092443,400,0,400,0,0,2,57
1,1120,78.400000,10000.000000,1,0,1092456,400,0,400,0,0,2,57
1,1120,78.400000,10000.000000,1,0,1092469,400,0,400,0,0,2,57
1,1120,78.400000,10000.000000,1,0,1092482,400,0,400,0,0,2,57
1,1120,78.400000,10000.000000,1,0,1092495,400,0,400,0,0,2,57
1,1120,78.400000,10000.000000,1,0,1092510,400,0,400,0,0,2,57
1,1120,78.400000,10000.000000,1,0,1092523,400,0,400,0,0,2,57
1,1120,78.400000,10000.000000,1,0,1092536,400,0,400,0,0,2,57
1,1120,78.400000,10000.000000,1,0,1092549,400,0,400,0,0,2,57
1,1120,78.400000,10000.000000,1,0,1092562,400,0,400,0,0,2,57
1,1120,78.400000,10000.000000,1,0,1092575,400,0,400,0,0,2,57
1,1120,78.400000,10000.000000,1,0,1092589,400,0,400,0,0,2,57
1,1120,78.400000,10000.000000,1,0,1092602,400,0,400,0,0,2,57
1,1120,78.400000,10000.000000,1,0,1092616,411,0,411,0,0,2,57
1,1120,78.400000,10000.000000,1,0,1092630,435,0,435,0,0,2,57
1,1120,78.400000,10000.000000,1,0,1092643,482,0,482,0,0,2,57
1,1120,78.400000,10000.000000,1,0,1092657,543,0,543,0,0,2,57
1,1120,78.400000,10000.000000,1,0,1092671,623,0,623,0,0,2,57
1,1120,78.400000,10000.000000,1,0,1092685,716,1,716,1,0,2,57
1,1120,78.400000,10000.000000,1,0,1092698,824,2,824,2,0,2,57
1,1120,78.400000,10000.000000,1,0,1092712,923,3,923,3,0,2,57
1,1120,78.400000,10000.000000,1,0,1092726,1025,4,1025,4,0,2,57
1,1120,78.400000,10000.000000,1,0,1092740,1119,5,1119,5,0,2,57
1,1120,78.400000,10000.000000,1,0,1092754,1194,6,1194,6,0,2,57
1,1120,78.400000,10000.000000,1,0,1092767,1248,7,1248,7,0,2,57
1,1120,78.400000,10000.000000,1,0,1092780,1289,10,1289,10,0,2,57
1,1120,78.400000,10000.000000,1,0,1092794,1313,12,1313,12,0,2,57
1,1120,78.400000,10000.000000,1,0,1092807,1326,14,1326,14,0,2,57
1,1120,78.400000,10000.000000,1,0,1092820,1331,16,1331,16,0,2,57
1,1120,78.400000,10000.000000,1,0,1092832,1333,16,1333,16,0,2,57
1,1120,78.400000,10000.000000,1,0,1092846,1333,16,1333,16,0,2,57
1,1120,78.400000,10000.000000,1,0,1092859,1333,16,1333,16,0,2,57
1,1120,78.400000,10000.000000,1,0,1092871,1333,16,1333,16,0,2,57
1,1120,78.400000,10000.000000,1,0,1092884,1333,16,1333,16,0,2,57
1,1120,78.400000,10000.000000,1,0,1092897,1333,16,1333,16,0,2,57
1,1120,78.400000,10000.000000,1,0,1092910,1333,16,1333,16,0,2,57
1,1120,78.400000,10000.000000,1,0,1092922,1334,16,1334,16,0,2,57
1,1120,78.400000,10000.000000,1,0,1092936,1335,16,1335,16,0,2,57
1,1120,78.400000,10000.000000,1,0,1092949,1336,16,1336,16,0,2,57
1,1120,78.400000,10000.000000,1,0,1092962,1336,16,1336,16,0,2,57
1,1120,78.400000,10000.000000,1,0,1092976,1337,16,1337,16,0,2,57
1,1120,78.400000,10000.000000,1,0,1092990,1339,16,1339,16,0,2,57
1,1120,78.400000,10000.000000,1,0,1093004,1344,16,1344,16,0,2,57
1,1120,78.400000,10000.000000,1,0,1093018,1356,13,1356,13,0,2,57
1,1120,78.400000,10000.000000,1,0,1093031,1372,9,1372,9,0,2,57
1,1120,78.400000,10000.000000,1,0,1093045,1392,5,1392,5,0,2,57
1,1120,78.400000,10000.000000,1,0,1093059,1416,1,1416,1,0,2,57
1,1120,78.400000,10000.000000,1,0,1093072,1442,0,1442,-1,0,2,57
1,1120,78.400000,10000.000000,1,0,1093085,1464,0,1464,-2,0,2,57
1,1120,78.400000,10000.000000,1,0,1093098,1480,0,1480,-2,0,2,57
1,1120,78.400000,10000.000000,1,0,1093112,1489,0,1489,-2,0,2,57
1,1120,78.400000,10000.000000,1,0,1093125,1493,0,1493,-2,0,2,57
1,1120,78.400000,10000.000000,1,0,1093138,1493,0,1493,-2,0,2,57
1,1120,78.400000,10000.000000,1,0,1093150,1493,0,1493,-2,0,2,57
1,1120,78.400000,10000.000000,1,0,1093163,1493,0,1493,-2,0,2,57
1,1120,78.400000,10000.000000,1,0,1093176,1493,0,1493,-2,0,2,57
1,1120,78.400000,10000.000000,1,0,1093188,1493,0,1493,-2,0,2,57
1,1120,78.400000,10000.000000,1,0,1093201,1493,0,1493,-2,0,2,57
1,1120,78.400000,10000.000000,1,0,1093214,1493,0,1493,-2,0,2,57
1,1120,78.400000,10000.000000,1,0,1093227,1493,0,1493,-2,0,2,57
1,1120,78.400000,10000.000000,1,0,1093239,1493,0,1493,-2,0,2,57
1,1120,78.400000,10000.000000,1,0,1093252,1493,0,1493,-2,0,2,57
1,1120,78.400000,10000.000000,1,0,1093265,1493,0,1493,-2,0,2,57
1,1120,78.400000,10000.000000,1,0,1093278,1493,0,1493,-2,0,2,57
1,1120,78.400000,10000.000000,1,0,1093291,1493,0,1493,-2,0,2,57
1,1120,78.400000,10000.000000,1,0,1093303,1493,0,1493,-2,0,2,57
