1,1120,33.600000,10000.000000,1,0,1475284,400,0,400,0,0,3,48
1,1120,33.600000,10000.000000,1,0,1475285,400,0,400,0,0,3,48
1,1120,33.600000,10000.000000,1,0,1475298,400,0,400,0,0,3,48
1,1120,33.600000,10000.000000,1,0,1475312,400,0,400,0,0,3,48
1,1120,33.600000,10000.000000,1,0,1475325,400,0,400,0,0,3,48
1,1120,33.600000,10000.000000,1,0,1475338,400,0,400,0,0,3,48
1,1120,33.600000,10000.000000,1,0,1475351,400,0,400,0,0,3,48
1,1120,33.600000,10000.000000,1,0,1475364,400,0,400,0,0,3,48
1,1120,33.600000,10000.000000,1,0,1475377,401,0,401,0,0,3,48
1,1120,33.600000,10000.000000,1,0,1475391,402,0,402,0,0,3,48
1,1120,33.600000,10000.000000,1,0,1475405,406,0,406,0,0,3,48
1,1120,33.600000,10000.000000,1,0,1475418,414,0,414,-1,0,3,48
1,1120,33.600000,10000.000000,1,0,1475431,425,0,425,-3,0,3,48
1,1120,33.600000,10000.000000,1,0,1475445,447,0,447,-8,0,3,48
1,1120,33.600000,10000.000000,1,0,1475458,493,0,493,-15,0,3,48
1,1120,33.600000,10000.000000,1,0,1475472,559,0,559,-23,0,3,48
1,1120,33.600000,10000.000000,1,0,1475486,630,0,630,-30,0,3,48
1,1120,33.600000,10000.000000,1,0,1475499,712,0,712,-33,0,3,48
1,1120,33.600000,10000.000000,1,0,1475513,805,0,805,-35,0,3,48
1,1120,33.600000,10000.000000,1,0,1475526,890,0,890,-37,0,3,48
1,1120,33.600000,10000.000000,1,0,1475539,979,0,979,-38,0,3,48
1,1120,33.600000,10000.000000,1,0,1475552,1074,0,1074,-39,0,3,48
1,1120,33.600000,10000.000000,1,0,1475566,1157,0,1157,-40,0,3,48
1,1120,33.600000,10000.000000,1,0,1475579,1215,0,1215,-40,0,3,48
1,1120,33.600000,10000.000000,1,0,1475593,1261,0,1261,-40,0,3,48
1,1120,33.600000,10000.000000,1,0,1475606,1291,0,1291,-41,0,3,48
1,1120,33.600000,10000.000000,1,0,1475619,1312,0,1312,-41,0,3,48
1,1120,33.600000,10000.000000,1,0,1475633,1328,0,1328,-41,0,3,48
1,1120,33.600000,10000.000000,1,0,1475647,1345,0,1345,-41,0,3,48
1,1120,33.600000,10000.000000,1,0,1475661,1355,0,1355,-41,0,3,48
1,1120,33.600000,10000.000000,1,0,1475675,1362,0,1362,-41,0,3,48
1,1120,33.600000,10000.000000,1,0,1475687,1366,0,1366,-41,0,3,48
1,1120,33.600000,10000.000000,1,0,1475700,1370,0,1370,-41,0,3,48
1,1120,33.600000,10000.000000,1,0,1475713,1372,0,1372,-41,0,3,48
1,1120,33.600000,10000.000000,1,0,1475726,1372,0,1372,-41,0,3,48
1,1120,33.600000,10000.000000,1,0,1475739,1372,0,1372,-41,0,3,48
1,1120,33.600000,10000.000000,1,0,1475752,1372,0,1372,-41,0,3,48
1,1120,33.600000,10000.000000,1,0,1475765,1372,0,1372,-41,0,3,48
1,1120,33.600000,10000.000000,1,0,1475778,1373,0,1373,-41,0,3,48
1,1120,33.600000,10000.000000,1,0,1475792,1377,0,1377,-41,0,3,48
1,1120,33.600000,10000.000000,1,0,1475805,1381,0,1381,-42,0,3,48
1,1120,33.600000,10000.000000,1,0,1475818,1385,0,1385,-42,0,3,48
1,1120,33.600000,10000.000000,1,0,1475831,1390,0,1390,-42,0,3,48
1,1120,33.600000,10000.000000,1,0,1475844,1394,0,1394,-43,0,3,48
1,1120,33.600000,10000.000000,1,0,1475858,1398,0,1398,-43,0,3,48
1,1120,33.600000,10000.000000,1,0,1475871,1403,0,1403,-43,0,3,48
1,1120,33.600000,10000.000000,1,0,1475885,1409,0,1409,-43,0,3,48
1,1120,33.600000,10000.000000,1,0,1475898,1419,0,1419,-44,0,3,48
1,1120,33.600000,10000.000000,1,0,1475913,1437,0,1437,-44,0,3,48
1,1120,33.600000,10000.000000,1,0,1475927,1458,0,1458,-44,0,3,48
1,1120,33.600000,10000.000000,1,0,1475942,1478,1,1478,-43,0,3,48
1,1120,33.600000,10000.000000,1,0,1475955,1497,3,1497,-41,0,3,48
1,1120,33.600000,10000.000000,1,0,1475969,1509,4,1509,-40,0,3,48
1,1120,33.600000,10000.000000,1,0,1475983,1518,5,1518,-39,0,3,48
1,1120,33.600000,10000.000000,1,0,1475996,1521,6,1521,-38,0,3,48
1,1120,33.600000,10000.000000,1,0,1476008,1522,6,1522,-38,0,3,48
1,1120,33.600000,10000.000000,1,0,1476021,1522,6,1522,-38,0,3,48
1,1120,33.600000,10000.000000,1,0,1476034,1522,6,1522,-38,0,3,48
1,1120,33.600000,10000.000000,1,0,1476047,1522,6,1522,-38,0,3,48
1,1120,33.600000,10000.000000,1,0,1476059,1522,6,1522,-38,0,3,48
1,1120,33.600000,10000.000000,1,0,1476072,1522,6,1522,-38,0,3,48
1,1120,33.600000,10000.000000,1,0,1476085,1522,6,1522,-38,0,3,48
1,1120,33.600000,10000.000000,1,0,1476098,1522,6,1522,-38,0,3,48
1,1120,33.600000,10000.000000,1,0,1476112,1522,6,1522,-38,0,3,48
1,1120,33.600000,10000.000000,1,0,1476125,1522,6,1522,-38,0,3,48
1,1120,33.600000,10000.000000,1,0,1476137,1522,6,1522,-38,0,3,48
1,1120,33.600000,10000.000000,1,0,1476150,1522,6,1522,-38,0,3,48
1,1120,33.600000,10000.000000,1,0,1476163,1522,6,1522,-38,0,3,48
1,1120,33.600000,10000.000000,1,0,1476176,1522,6,1522,-38,0,3,48
1,1120,33.600000,10000.000000,1,0,1476189,1522,6,1522,-38,0,3,48
1,1120,33.600000,10000.000000,1,0,1476202,1522,6,1522,-38,0,3,48
1,1120,33.600000,10000.000000,1,0,1476215,1522,6,1522,-38,0,3,48
1,1120,33.600000,10000.000000,1,0,1476227,1522,6,1522,-38,0,3,48
