1,560,33.600000,10000.000000,0,0,1812062,680,0,680,0,0,4,17
1,560,33.600000,10000.000000,0,0,1812062,680,0,680,0,0,4,17
1,560,33.600000,10000.000000,0,0,1812076,680,0,680,0,0,4,17
1,560,33.600000,10000.000000,0,0,1812089,680,0,680,-1,0,4,17
1,560,33.600000,10000.000000,0,0,1812102,680,0,680,-1,0,4,17
1,560,33.600000,10000.000000,0,0,1812116,680,0,680,-1,0,4,17
1,560,33.600000,10000.000000,0,0,1812129,680,0,680,-1,0,4,17
1,560,33.600000,10000.000000,0,0,1812142,680,0,680,-1,0,4,17
1,560,33.600000,10000.000000,0,0,1812156,680,0,680,-1,0,4,17
1,560,33.600000,10000.000000,0,0,1812170,680,0,680,-1,0,4,17
1,560,33.600000,10000.000000,0,0,1812182,680,0,680,-1,0,4,17
1,560,33.600000,10000.000000,0,0,1812195,680,0,680,-1,0,4,17
1,560,33.600000,10000.000000,0,0,1812208,680,0,680,-1,0,4,17
1,560,33.600000,10000.000000,0,0,1812222,684,0,684,-2,0,4,17
1,560,33.600000,10000.000000,0,0,1812235,692,0,692,-4,0,4,17
1,560,33.600000,10000.000000,0,0,1812249,708,0,708,-6,0,4,17
1,560,33.600000,10000.000000,0,0,1812263,735,0,735,-8,0,4,17
1,560,33.600000,10000.000000,0,0,1812276,765,0,765,-9,0,4,17
1,560,33.600000,10000.000000,0,0,1812291,804,0,804,-10,0,4,17
1,560,33.600000,10000.000000,0,0,1812305,845,0,845,-10,0,4,17
1,560,33.600000,10000.000000,0,0,1812318,891,0,891,-10,0,4,17
1,560,33.600000,10000.000000,0,0,1812332,926,0,926,-10,0,4,17
1,560,33.600000,10000.000000,0,0,1812346,957,0,957,-10,0,4,17
1,560,33.600000,10000.000000,0,0,1812360,983,0,983,-10,0,4,17
1,560,33.600000,10000.000000,0,0,1812374,1004,1,1004,-9,0,4,17
1,560,33.600000,10000.000000,0,0,1812388,1022,1,1022,-9,0,4,17
1,560,33.600000,10000.000000,0,0,1812401,1038,1,1038,-9,0,4,17
1,560,33.600000,10000.000000,0,0,1812414,1052,3,1052,-7,0,4,17
1,560,33.600000,10000.000000,0,0,1812428,1067,5,1067,-5,0,4,17
1,560,33.600000,10000.000000,0,0,1812442,1084,7,1084,-3,0,4,17
1,560,33.600000,10000.000000,0,0,1812455,1097,9,1097,-1,0,4,17
1,560,33.600000,10000.000000,0,0,1812469,1111,10,1111,0,0,4,17
1,560,33.600000,10000.000000,0,0,1812483,1122,11,1122,1,0,4,17
1,560,33.600000,10000.000000,0,0,1812497,1132,12,1132,2,0,4,17
1,560,33.600000,10000.000000,0,0,1812510,1140,12,1140,2,0,4,17
1,560,33.600000,10000.000000,0,0,1812525,1145,12,1145,2,0,4,17
1,560,33.600000,10000.000000,0,0,1812538,1148,12,1148,2,0,4,17
1,560,33.600000,10000.000000,0,0,1812551,1150,12,1150,2,0,4,17
1,560,33.600000,10000.000000,0,0,1812564,1150,12,1150,2,0,4,17
1,560,33.600000,10000.000000,0,0,1812578,1150,12,1150,2,0,4,17
1,560,33.600000,10000.000000,0,0,1812591,1150,12,1150,2,0,4,17
1,560,33.600000,10000.000000,0,0,1812604,1151,12,1151,2,0,4,17
1,560,33.600000,10000.000000,0,0,1812617,1151,12,1151,2,0,4,17
1,560,33.600000,10000.000000,0,0,1812631,1151,12,1151,2,0,4,17
1,560,33.600000,10000.000000,0,0,1812645,1153,12,1153,2,0,4,17
1,560,33.600000,10000.000000,0,0,1812658,1155,12,1155,2,0,4,17
1,560,33.600000,10000.000000,0,0,1812672,1158,12,1158,2,0,4,17
1,560,33.600000,10000.000000,0,0,1812685,1162,12,1162,2,0,4,17
1,560,33.600000,10000.000000,0,0,1812699,1169,12,1169,2,0,4,17
1,560,33.600000,10000.000000,0,0,1812713,1177,12,1177,2,0,4,17
1,560,33.600000,10000.000000,0,0,1812727,1187,11,1187,1,0,4,17
1,560,33.600000,10000.000000,0,0,1812740,1199,11,1199,1,0,4,17
1,560,33.600000,10000.000000,0,0,1812754,1209,10,1209,0,0,4,17
1,560,33.600000,10000.000000,0,0,1812767,1218,10,1218,0,0,4,17
1,560,33.600000,10000.000000,0,0,1812780,1227,10,1227,0,0,4,17
1,560,33.600000,10000.000000,0,0,1812793,1232,10,1232,0,0,4,17
1,560,33.600000,10000.000000,0,0,1812806,1233,10,1233,0,0,4,17
1,560,33.600000,10000.000000,0,0,1812819,1234,10,1234,0,0,4,17
1,560,33.600000,10000.000000,0,0,1812832,1234,10,1234,0,0,4,17
1,560,33.600000,10000.000000,0,0,1812845,1234,10,1234,0,0,4,17
1,560,33.600000,10000.000000,0,0,1812858,1234,10,1234,0,0,4,17
1,560,33.600000,10000.000000,0,0,1812870,1234,10,1234,0,0,4,17
1,560,33.600000,10000.000000,0,0,1812883,1234,10,1234,0,0,4,17
1,560,33.600000,10000.000000,0,0,1812896,1235,10,1235,0,0,4,17
1,560,33.600000,10000.000000,0,0,1812909,1236,10,1236,0,0,4,17
1,560,33.600000,10000.000000,0,0,1812922,1237,10,1237,0,0,4,17
1,560,33.600000,10000.000000,0,0,1812935,1238,10,1238,0,0,4,17
1,560,33.600000,10000.000000,0,0,1812948,1239,10,1239,0,0,4,17
1,560,33.600000,10000.000000,0,0,1812962,1240,10,1240,0,0,4,17
1,560,33.600000,10000.000000,0,0,1812975,1241,9,1241,-1,0,4,17
1,560,33.600000,10000.000000,0,0,1812988,1242,8,1242,-2,0,4,17
1,560,33.600000,10000.000000,0,0,1813001,1243,8,1243,-2,0,4,17
1,560,33.600000,10000.000000,0,0,1813014,1243,8,1243,-2,0,4,17
1,560,33.600000,10000.000000,0,0,1813028,1243,8,1243,-2,0,4,17
1,560,33.600000,10000.000000,0,0,1813041,1243,8,1243,-2,0,4,17
1,560,33.600000,10000.000000,0,0,1813055,1243,8,1243,-2,0,4,17
1,560,33.600000,10000.000000,0,0,1813068,1243,8,1243,-2,0,4,17
1,560,33.600000,10000.000000,0,0,1813081,1243,8,1243,-2,0,4,17
1,560,33.600000,10000.000000,0,0,1813095,1243,8,1243,-2,0,4,17
1,560,33.600000,10000.000000,0,0,1813108,1243,8,1243,-2,0,4,17
1,560,33.600000,10000.000000,0,0,1813120,1243,8,1243,-2,0,4,17
