1,560,128.800000,10000.000000,0,0,2743639,680,0,680,0,0,6,55
1,560,128.800000,10000.000000,0,0,2743640,680,0,680,0,0,6,55
1,560,128.800000,10000.000000,0,0,2743655,680,0,680,0,0,6,55
1,560,128.800000,10000.000000,0,0,2743671,680,0,680,-1,0,6,55
1,560,128.800000,10000.000000,0,0,2743685,680,0,680,-1,0,6,55
1,560,128.800000,10000.000000,0,0,2743698,680,0,680,-1,0,6,55
1,560,128.800000,10000.000000,0,0,2743711,680,0,680,-1,0,6,55
1,560,128.800000,10000.000000,0,0,2743724,680,0,680,-1,0,6,55
1,560,128.800000,10000.000000,0,0,2743737,680,0,680,-1,0,6,55
1,560,128.800000,10000.000000,0,0,2743751,683,0,683,-2,0,6,55
1,560,128.800000,10000.000000,0,0,2743764,691,0,691,-4,0,6,55
1,560,128.800000,10000.000000,0,0,2743777,707,0,707,-6,0,6,55
1,560,128.800000,10000.000000,0,0,2743789,729,0,729,-8,0,6,55
1,560,128.800000,10000.000000,0,0,2743803,764,0,764,-9,0,6,55
1,560,128.800000,10000.000000,0,0,2743816,813,0,813,-9,0,6,55
1,560,128.800000,10000.000000,0,0,2743829,864,0,864,-9,0,6,55
1,560,128.800000,10000.000000,0,0,2743844,928,0,928,-9,0,6,55
1,560,128.800000,10000.000000,0,0,2743857,987,3,987,-6,0,6,55
1,560,128.800000,10000.000000,0,0,2743870,1036,6,1036,-3,0,6,55
1,560,128.800000,10000.000000,0,0,2743884,1079,9,1079,0,0,6,55
1,560,128.800000,10000.000000,0,0,2743898,1117,11,1117,2,0,6,55
1,560,128.800000,10000.000000,0,0,2743912,1147,12,1147,3,0,6,55
1,560,128.800000,10000.000000,0,0,2743926,1172,13,1172,4,0,6,55
1,560,128.800000,10000.000000,0,0,2743939,1192,13,1192,4,0,6,55
1,560,128.800000,10000.000000,0,0,2743953,1208,13,1208,4,0,6,55
1,560,128.800000,10000.000000,0,0,2743967,1220,13,1220,4,0,6,55
1,560,128.800000,10000.000000,0,0,2743981,1231,13,1231,4,0,6,55
1,560,128.800000,10000.000000,0,0,2743995,1240,13,1240,4,0,6,55
1,560,128.800000,10000.000000,0,0,2744009,1249,13,1249,4,0,6,55
1,560,128.800000,10000.000000,0,0,2744023,1257,13,1257,4,0,6,55
1,560,128.800000,10000.000000,0,0,2744036,1263,12,1263,3,0,6,55
1,560,128.800000,10000.000000,0,0,2744050,1268,11,1268,2,0,6,55
1,560,128.800000,10000.000000,0,0,2744064,1272,10,1272,1,0,6,55
1,560,128.800000,10000.000000,0,0,2744077,1273,10,1273,1,0,6,55
1,560,128.800000,10000.000000,0,0,2744090,1274,10,1274,1,0,6,55
1,560,128.800000,10000.000000,0,0,2744103,1274,10,1274,1,0,6,55
1,560,128.800000,10000.000000,0,0,2744116,1274,10,1274,1,0,6,55
1,560,128.800000,10000.000000,0,0,2744129,1274,10,1274,1,0,6,55
1,560,128.800000,10000.000000,0,0,2744143,1274,10,1274,1,0,6,55
1,560,128.800000,10000.000000,0,0,2744156,1274,10,1274,1,0,6,55
1,560,128.800000,10000.000000,0,0,2744168,1274,10,1274,1,0,6,55
1,560,128.800000,10000.000000,0,0,2744181,1274,10,1274,1,0,6,55
1,560,128.800000,10000.000000,0,0,2744194,1274,10,1274,1,0,6,55
1,560,128.800000,10000.000000,0,0,2744207,1274,10,1274,1,0,6,55
