1,560,78.400000,0.000000,0,1,2996717,680,33,680,33,0,7,4
1,560,78.400000,0.000000,0,1,2996718,680,33,680,33,0,7,4
1,560,78.400000,0.000000,0,1,2996730,680,33,680,33,0,7,4
1,560,78.400000,0.000000,0,1,2996743,680,33,680,33,0,7,4
1,560,78.400000,0.000000,0,1,2996756,680,33,680,33,0,7,4
1,560,78.400000,0.000000,0,1,2996769,680,33,680,33,0,7,4
1,560,78.400000,0.000000,0,1,2996782,680,33,680,33,0,7,4
1,560,78.400000,0.000000,0,1,2996795,680,33,680,33,0,7,4
1,560,78.400000,0.000000,0,1,2996809,681,33,681,33,0,7,4
1,560,78.400000,0.000000,0,1,2996822,689,33,689,33,0,7,4
1,560,78.400000,0.000000,0,1,2996836,709,31,709,31,0,7,4
1,560,78.400000,0.000000,0,1,2996851,736,28,736,28,0,7,4
1,560,78.400000,0.000000,0,1,2996865,773,24,773,24,0,7,4
1,560,78.400000,0.000000,0,1,2996879,820,20,820,20,0,7,4
1,560,78.400000,0.000000,0,1,2996892,874,18,874,18,0,7,4
1,560,78.400000,0.000000,0,1,2996906,927,17,927,17,0,7,4
1,560,78.400000,0.000000,0,1,2996919,967,15,967,15,0,7,4
1,560,78.400000,0.000000,0,1,2996933,1008,14,1008,14,0,7,4
1,560,78.400000,0.000000,0,1,2996947,1037,12,1037,12,0,7,4
1,560,78.400000,0.000000,0,1,2996961,1063,11,1063,11,0,7,4
1,560,78.400000,0.000000,0,1,2996974,1089,9,1089,9,0,7,4
1,560,78.400000,0.000000,0,1,2996989,1112,8,1112,8,0,7,4
1,560,78.400000,0.000000,0,1,2997002,1138,7,1138,7,0,7,4
1,560,78.400000,0.000000,0,1,2997017,1160,6,1160,6,0,7,4
1,560,78.400000,0.000000,0,1,2997030,1177,6,1177,6,0,7,4
1,560,78.400000,0.000000,0,1,2997044,1194,6,1194,6,0,7,4
1,560,78.400000,0.000000,0,1,2997058,1210,7,1210,7,0,7,4
1,560,78.400000,0.000000,0,1,2997072,1224,7,1224,7,0,7,4
1,560,78.400000,0.000000,0,1,2997085,1234,8,1234,8,0,7,4
1,560,78.400000,0.000000,0,1,2997098,1237,8,1237,8,0,7,4
1,560,78.400000,0.000000,0,1,2997111,1237,8,1237,8,0,7,4
1,560,78.400000,0.000000,0,1,2997124,1237,8,1237,8,0,7,4
1,560,78.400000,0.000000,0,1,2997138,1237,8,1237,8,0,7,4
1,560,78.400000,0.000000,0,1,2997151,1237,8,1237,8,0,7,4
1,560,78.400000,0.000000,0,1,2997164,1237,8,1237,8,0,7,4
1,560,78.400000,0.000000,0,1,2997176,1237,8,1237,8,0,7,4
1,560,78.400000,0.000000,0,1,2997189,1237,8,1237,8,0,7,4
1,560,78.400000,0.000000,0,1,2997202,1237,8,1237,8,0,7,4
1,560,78.400000,0.000000,0,1,2997215,1237,8,1237,8,0,7,4
1,560,78.400000,0.000000,0,1,2997227,1237,8,1237,8,0,7,4
1,560,78.400000,0.000000,0,1,2997240,1237,8,1237,8,0,7,4
1,560,78.400000,0.000000,0,1,2997253,1237,8,1237,8,0,7,4
1,560,78.400000,0.000000,0,1,2997266,1237,8,1237,8,0,7,4
1,560,78.400000,0.000000,0,1,2997278,1237,8,1237,8,0,7,4
1,560,78.400000,0.000000,0,1,2997292,1237,8,1237,8,0,7,4
1,560,78.400000,0.000000,0,1,2997305,1237,8,1237,8,0,7,4
