1,560,33.600000,35.168000,0,0,3921643,680,0,680,0,0,9,117
1,560,33.600000,35.168000,0,0,3921643,680,0,680,0,0,9,117
1,560,33.600000,35.168000,0,0,3921657,680,0,680,0,0,9,117
1,560,33.600000,35.168000,0,0,3921670,680,0,680,0,0,9,117
1,560,33.600000,35.168000,0,0,3921682,680,0,680,0,0,9,117
1,560,33.600000,35.168000,0,0,3921695,680,0,680,0,0,9,117
1,560,33.600000,35.168000,0,0,3921708,680,0,680,0,0,9,117
1,560,33.600000,35.168000,0,0,3921721,680,0,680,0,0,9,117
1,560,33.600000,35.168000,0,0,3921733,680,0,680,0,0,9,117
1,560,33.600000,35.168000,0,0,3921747,680,0,680,0,0,9,117
1,560,33.600000,35.168000,0,0,3921760,682,0,682,0,0,9,117
1,560,33.600000,35.168000,0,0,3921773,690,1,690,1,0,9,117
1,560,33.600000,35.168000,0,0,3921787,710,2,710,2,0,9,117
1,560,33.600000,35.168000,0,0,3921800,739,2,739,2,0,9,117
1,560,33.600000,35.168000,0,0,3921813,777,3,777,3,0,9,117
1,560,33.600000,35.168000,0,0,3921826,825,4,825,4,0,9,117
1,560,33.600000,35.168000,0,0,3921839,885,5,885,5,0,9,117
1,560,33.600000,35.168000,0,0,3921853,950,7,950,7,0,9,117
1,560,33.600000,35.168000,0,0,3921866,1004,8,1004,8,0,9,117
1,560,33.600000,35.168000,0,0,3921879,1055,11,1055,11,0,9,117
1,560,33.600000,35.168000,0,0,3921893,1094,12,1094,12,0,9,117
1,560,33.600000,35.168000,0,0,3921906,1133,13,1133,13,0,9,117
1,560,33.600000,35.168000,0,0,3921919,1162,13,1162,13,0,9,117
1,560,33.600000,35.168000,0,0,3921932,1185,13,1185,13,0,9,117
1,560,33.600000,35.168000,0,0,3921946,1199,13,1199,13,0,9,117
1,560,33.600000,35.168000,0,0,3921960,1207,13,1207,13,0,9,117
1,560,33.600000,35.168000,0,0,3921973,1215,13,1215,13,0,9,117
1,560,33.600000,35.168000,0,0,3921987,1219,13,1219,13,0,9,117
1,560,33.600000,35.168000,0,0,3922000,1221,13,1221,13,0,9,117
1,560,33.600000,35.168000,0,0,3922013,1223,13,1223,13,0,9,117
1,560,33.600000,35.168000,0,0,3922026,1224,13,1224,13,0,9,117
1,560,33.600000,35.168000,0,0,3922039,1224,13,1224,13,0,9,117
1,560,33.600000,35.168000,0,0,3922053,1224,13,1224,13,0,9,117
1,560,33.600000,35.168000,0,0,3922066,1224,13,1224,13,0,9,117
1,560,33.600000,35.168000,0,0,3922079,1224,13,1224,13,0,9,117
1,560,33.600000,35.168000,0,0,3922091,1224,13,1224,13,0,9,117
1,560,33.600000,35.168000,0,0,3922104,1224,13,1224,13,0,9,117
1,560,33.600000,35.168000,0,0,3922117,1224,13,1224,13,0,9,117
1,560,33.600000,35.168000,0,0,3922129,1224,13,1224,13,0,9,117
1,560,33.600000,35.168000,0,0,3922142,1224,13,1224,13,0,9,117
1,560,33.600000,35.168000,0,0,3922155,1224,13,1224,13,0,9,117
1,560,33.600000,35.168000,0,0,3922167,1224,13,1224,13,0,9,117
1,560,33.600000,35.168000,0,0,3922180,1224,13,1224,13,0,9,117
1,560,33.600000,35.168000,0,0,3922193,1224,13,1224,13,0,9,117
1,560,33.600000,35.168000,0,0,3922206,1224,13,1224,13,0,9,117
1,560,33.600000,35.168000,0,0,3922218,1224,13,1224,13,0,9,117
1,560,33.600000,35.168000,0,0,3922231,1224,13,1224,13,0,9,117
1,560,33.600000,35.168000,0,0,3922245,1224,13,1224,13,0,9,117
1,560,33.600000,35.168000,0,0,3922257,1224,13,1224,13,0,9,117
1,560,33.600000,35.168000,0,0,3922270,1224,13,1224,13,0,9,117
1,560,33.600000,35.168000,0,0,3922283,1224,13,1224,13,0,9,117
1,560,33.600000,35.168000,0,0,3922295,1224,13,1224,13,0,9,117
1,560,33.600000,35.168000,0,0,3922308,1224,13,1224,13,0,9,117
1,560,33.600000,35.168000,0,0,3922321,1226,13,1226,13,0,9,117
1,560,33.600000,35.168000,0,0,3922334,1228,13,1228,13,0,9,117
1,560,33.600000,35.168000,0,0,3922347,1230,13,1230,13,0,9,117
1,560,33.600000,35.168000,0,0,3922360,1232,13,1232,13,0,9,117
1,560,33.600000,35.168000,0,0,3922372,1234,13,1234,13,0,9,117
1,560,33.600000,35.168000,0,0,3922385,1236,13,1236,13,0,9,117
1,560,33.600000,35.168000,0,0,3922399,1237,13,1237,13,0,9,117
1,560,33.600000,35.168000,0,0,3922411,1238,13,1238,13,0,9,117
1,560,33.600000,35.168000,0,0,3922424,1238,13,1238,13,0,9,117
1,560,33.600000,35.168000,0,0,3922437,1238,13,1238,13,0,9,117
1,560,33.600000,35.168000,0,0,3922449,1239,13,1239,13,0,9,117
1,560,33.600000,35.168000,0,0,3922462,1239,13,1239,13,0,9,117
1,560,33.600000,35.168000,0,0,3922475,1239,13,1239,13,0,9,117
