1,560,78.400000,35.168000,0,1,3897927,680,33,680,33,1,9,108
1,560,78.400000,35.168000,0,1,3897928,680,33,680,33,1,9,108
1,560,78.400000,35.168000,0,1,3897941,680,33,680,33,1,9,108
1,560,78.400000,35.168000,0,1,3897955,680,33,680,33,1,9,108
1,560,78.400000,35.168000,0,1,3897969,680,33,680,33,1,9,108
1,560,78.400000,35.168000,0,1,3897982,684,33,684,33,1,9,108
1,560,78.400000,35.168000,0,1,3897996,694,33,694,33,1,9,108
1,560,78.400000,35.168000,0,1,3898009,715,33,715,33,1,9,108
1,560,78.400000,35.168000,0,1,3898024,752,33,752,33,1,9,108
1,560,78.400000,35.168000,0,1,3898039,801,32,801,32,1,9,108
1,560,78.400000,35.168000,0,1,3898054,924,27,924,27,1,9,108
1,560,78.400000,35.168000,0,1,3898068,984,25,984,25,1,9,108
1,560,78.400000,35.168000,0,1,3898082,1048,24,1048,24,1,9,108
1,560,78.400000,35.168000,0,1,3898095,1111,22,1111,22,1,9,108
1,560,78.400000,35.168000,0,1,3898109,1169,21,1169,21,1,9,108
1,560,78.400000,35.168000,0,1,3898123,1218,20,1218,20,1,9,108
1,560,78.400000,35.168000,0,1,3898137,1253,19,1253,19,1,9,108
1,560,78.400000,35.168000,0,1,3898150,1281,18,1281,18,1,9,108
1,560,78.400000,35.168000,0,1,3898164,1308,17,1308,17,1,9,108
1,560,78.400000,35.168000,0,1,3898178,1328,17,1328,17,1,9,108
1,560,78.400000,35.168000,0,1,3898191,1344,16,1344,16,1,9,108
1,560,78.400000,35.168000,0,1,3898205,1354,15,1354,15,1,9,108
1,560,78.400000,35.168000,0,1,3898218,1360,15,1360,15,1,9,108
1,560,78.400000,35.168000,0,1,3898232,1364,15,1364,15,1,9,108
1,560,78.400000,35.168000,0,1,3898245,1366,15,1366,15,1,9,108
1,560,78.400000,35.168000,0,1,3898258,1366,15,1366,15,1,9,108
1,560,78.400000,35.168000,0,1,3898270,1366,15,1366,15,1,9,108
1,560,78.400000,35.168000,0,1,3898283,1366,15,1366,15,1,9,108
1,560,78.400000,35.168000,0,1,3898296,1366,15,1366,15,1,9,108
1,560,78.400000,35.168000,0,1,3898309,1368,15,1368,15,1,9,108
1,560,78.400000,35.168000,0,1,3898322,1372,15,1372,15,1,9,108
1,560,78.400000,35.168000,0,1,3898337,1378,15,1378,15,1,9,108
1,560,78.400000,35.168000,0,1,3898351,1386,15,1386,15,1,9,108
1,560,78.400000,35.168000,0,1,3898365,1392,15,1392,15,1,9,108
1,560,78.400000,35.168000,0,1,3898378,1397,15,1397,15,1,9,108
1,560,78.400000,35.168000,0,1,3898391,1398,15,1398,15,1,9,108
1,560,78.400000,35.168000,0,1,3898405,1398,16,1398,16,1,9,108
1,560,78.400000,35.168000,0,1,3898418,1398,17,1398,17,1,9,108
1,560,78.400000,35.168000,0,1,3898432,1395,18,1395,18,1,9,108
1,560,78.400000,35.168000,0,1,3898446,1389,20,1389,20,1,9,108
1,560,78.400000,35.168000,0,1,3898460,1380,21,1380,21,1,9,108
1,560,78.400000,35.168000,0,1,3898474,1368,21,1368,21,1,9,108
1,560,78.400000,35.168000,0,1,3898488,1355,22,1355,22,1,9,108
1,560,78.400000,35.168000,0,1,3898501,1343,22,1343,22,1,9,108
1,560,78.400000,35.168000,0,1,3898515,1330,22,1330,22,1,9,108
1,560,78.400000,35.168000,0,1,3898529,1318,22,1318,22,1,9,108
1,560,78.400000,35.168000,0,1,3898542,1310,22,1310,22,1,9,108
1,560,78.400000,35.168000,0,1,3898556,1305,22,1305,22,1,9,108
1,560,78.400000,35.168000,0,1,3898569,1303,22,1303,22,1,9,108
1,560,78.400000,35.168000,0,1,3898582,1303,22,1303,22,1,9,108
1,560,78.400000,35.168000,0,1,3898596,1303,22,1303,22,1,9,108
1,560,78.400000,35.168000,0,1,3898609,1302,22,1302,22,1,9,108
1,560,78.400000,35.168000,0,1,3898622,1302,21,1302,21,1,9,108
1,560,78.400000,35.168000,0,1,3898636,1301,21,1301,21,1,9,108
1,560,78.400000,35.168000,0,1,3898650,1300,21,1300,21,1,9,108
1,560,78.400000,35.168000,0,1,3898663,1298,21,1298,21,1,9,108
1,560,78.400000,35.168000,0,1,3898677,1297,20,1297,20,1,9,108
1,560,78.400000,35.168000,0,1,3898690,1295,20,1295,20,1,9,108
1,560,78.400000,35.168000,0,1,3898704,1293,18,1293,18,1,9,108
1,560,78.400000,35.168000,0,1,3898718,1290,17,1290,17,1,9,108
1,560,78.400000,35.168000,0,1,3898731,1287,17,1287,17,1,9,108
1,560,78.400000,35.168000,0,1,3898745,1285,16,1285,16,1,9,108
1,560,78.400000,35.168000,0,1,3898758,1283,16,1283,16,1,9,108
1,560,78.400000,35.168000,0,1,3898772,1280,15,1280,15,1,9,108
1,560,78.400000,35.168000,0,1,3898785,1277,15,1277,15,1,9,108
1,560,78.400000,35.168000,0,1,3898798,1274,14,1274,14,1,9,108
1,560,78.400000,35.168000,0,1,3898812,1270,14,1270,14,1,9,108
1,560,78.400000,35.168000,0,1,3898825,1265,14,1265,14,1,9,108
1,560,78.400000,35.168000,0,1,3898838,1260,14,1260,14,1,9,108
1,560,78.400000,35.168000,0,1,3898851,1255,14,1255,14,1,9,108
1,560,78.400000,35.168000,0,1,3898864,1252,14,1252,14,1,9,108
1,560,78.400000,35.168000,0,1,3898877,1250,14,1250,14,1,9,108
1,560,78.400000,35.168000,0,1,3898889,1249,14,1249,14,0,9,108
