104,500,30.000000,0.000000,1,1,-2129403607,709,15,709,15,0,31,2
104,500,30.000000,0.000000,1,1,-2129403605,709,15,709,15,0,31,2
104,500,30.000000,0.000000,1,1,-2129403599,709,16,709,16,0,31,2
104,500,30.000000,0.000000,1,1,-2129403592,711,16,711,16,0,31,2
104,500,30.000000,0.000000,1,1,-2129403586,712,16,712,16,0,31,2
104,500,30.000000,0.000000,1,1,-2129403579,714,16,714,16,0,31,2
104,500,30.000000,0.000000,1,1,-2129403572,715,16,715,16,0,31,2
104,500,30.000000,0.000000,1,1,-2129403564,717,16,717,16,0,31,2
104,500,30.000000,0.000000,1,1,-2129403558,719,15,719,15,0,31,2
104,500,30.000000,0.000000,1,1,-2129403552,721,14,721,14,0,31,2
104,500,30.000000,0.000000,1,1,-2129403545,723,14,723,14,0,31,2
104,500,30.000000,0.000000,1,1,-2129403538,725,14,725,14,0,31,2
104,500,30.000000,0.000000,1,1,-2129403530,728,13,728,13,0,31,2
104,500,30.000000,0.000000,1,1,-2129403524,732,13,732,13,0,31,2
104,500,30.000000,0.000000,1,1,-2129403517,737,13,737,13,0,31,2
104,500,30.000000,0.000000,1,1,-2129403508,744,16,744,16,0,31,2
104,500,30.000000,0.000000,1,1,-2129403502,757,19,757,19,0,31,2
104,500,30.000000,0.000000,1,1,-2129403495,770,21,770,21,0,31,2
104,500,30.000000,0.000000,1,1,-2129403489,781,23,781,23,0,31,2
104,500,30.000000,0.000000,1,1,-2129403482,802,26,802,26,0,31,2
104,500,30.000000,0.000000,1,1,-2129403475,824,28,824,28,0,31,2
104,500,30.000000,0.000000,1,1,-2129403468,849,31,849,31,0,31,2
104,500,30.000000,0.000000,1,1,-2129403460,878,33,878,33,0,31,2
104,500,30.000000,0.000000,1,1,-2129403454,913,33,913,33,0,31,2
104,500,30.000000,0.000000,1,1,-2129403447,937,33,937,33,0,31,2
104,500,30.000000,0.000000,1,1,-2129403439,982,33,982,33,0,31,2
104,500,30.000000,0.000000,1,1,-2129403432,1029,32,1029,32,0,31,2
104,500,30.000000,0.000000,1,1,-2129403426,1066,30,1066,30,0,31,2
104,500,30.000000,0.000000,1,1,-2129403419,1095,29,1095,29,0,31,2
104,500,30.000000,0.000000,1,1,-2129403412,1125,26,1125,26,0,31,2
104,500,30.000000,0.000000,1,1,-2129403406,1148,23,1148,23,0,31,2
104,500,30.000000,0.000000,1,1,-2129403399,1172,19,1172,19,0,31,2
104,500,30.000000,0.000000,1,1,-2129403392,1182,17,1182,17,0,31,2
104,500,30.000000,0.000000,1,1,-2129403385,1191,15,1191,15,0,31,2
104,500,30.000000,0.000000,1,1,-2129403378,1195,13,1195,13,0,31,2
104,500,30.000000,0.000000,1,1,-2129403370,1197,11,1197,11,0,31,2
104,500,30.000000,0.000000,1,1,-2129403363,1198,10,1198,10,0,31,2
104,500,30.000000,0.000000,1,1,-2129403356,1198,8,1198,8,0,31,2
104,500,30.000000,0.000000,1,1,-2129403349,1198,7,1198,7,0,31,2
104,500,30.000000,0.000000,1,1,-2129403342,1197,6,1197,6,0,31,2
104,500,30.000000,0.000000,1,1,-2129403336,1195,5,1195,5,0,31,2
104,500,30.000000,0.000000,1,1,-2129403329,1195,5,1195,5,0,31,2
104,500,30.000000,0.000000,1,1,-2129403322,1194,5,1194,5,0,31,2
104,500,30.000000,0.000000,1,1,-2129403315,1194,5,1194,5,0,31,2
104,500,30.000000,0.000000,1,1,-2129403308,1194,5,1194,5,0,31,2
104,500,30.000000,0.000000,1,1,-2129403301,1194,5,1194,5,0,31,2
104,500,30.000000,0.000000,1,1,-2129403294,1194,5,1194,5,0,31,2
104,500,30.000000,0.000000,1,1,-2129403288,1194,4,1194,4,0,31,2
104,500,30.000000,0.000000,1,1,-2129403281,1195,3,1195,3,0,31,2
104,500,30.000000,0.000000,1,1,-2129403274,1196,3,1196,3,0,31,2
104,500,30.000000,0.000000,1,1,-2129403266,1197,3,1197,3,0,31,2
104,500,30.000000,0.000000,1,1,-2129403260,1197,2,1197,2,0,31,2
104,500,30.000000,0.000000,1,1,-2129403252,1198,2,1198,2,0,31,2
104,500,30.000000,0.000000,1,1,-2129403246,1199,2,1199,2,0,31,2
104,500,30.000000,0.000000,1,1,-2129403239,1200,2,1200,2,0,31,2
104,500,30.000000,0.000000,1,1,-2129403232,1201,1,1201,1,0,31,2
104,500,30.000000,0.000000,1,1,-2129403224,1203,1,1203,1,0,31,2
104,500,30.000000,0.000000,1,1,-2129403218,1204,1,1204,1,0,31,2
104,500,30.000000,0.000000,1,1,-2129403211,1205,1,1205,1,0,31,2
104,500,30.000000,0.000000,1,1,-2129403203,1205,1,1205,1,0,31,2
104,500,30.000000,0.000000,1,1,-2129403196,1205,1,1205,1,0,31,2
104,500,30.000000,0.000000,1,1,-2129403189,1205,1,1205,1,0,31,2
104,500,30.000000,0.000000,1,1,-2129403183,1205,1,1205,1,0,31,2
104,500,30.000000,0.000000,1,1,-2129403175,1205,1,1205,1,0,31,2
104,500,30.000000,0.000000,1,1,-2129403168,1205,2,1205,2,0,31,2
104,500,30.000000,0.000000,1,1,-2129403162,1205,3,1205,3,0,31,2
104,500,30.000000,0.000000,1,1,-2129403154,1205,4,1205,4,0,31,2
104,500,30.000000,0.000000,1,1,-2129403147,1205,5,1205,5,0,31,2
104,500,30.000000,0.000000,1,1,-2129403141,1205,6,1205,6,0,31,2
104,500,30.000000,0.000000,1,1,-2129403135,1205,7,1205,7,0,31,2
104,500,30.000000,0.000000,1,1,-2129403128,1205,7,1205,7,0,31,2
104,500,30.000000,0.000000,1,1,-2129403120,1205,7,1205,7,0,31,2
104,500,30.000000,0.000000,1,1,-2129403114,1205,8,1205,8,0,31,2
104,500,30.000000,0.000000,1,1,-2129403095,1205,9,1205,9,0,31,2
