104,500,30.000000,60.000000,0,3,-2128742025,703,5,703,5,0,106,4
104,500,30.000000,60.000000,0,3,-2128742022,703,5,703,5,0,106,4
104,500,30.000000,60.000000,0,3,-2128742016,705,3,705,3,0,106,4
104,500,30.000000,60.000000,0,3,-2128742009,706,3,706,3,0,106,4
104,500,30.000000,60.000000,0,3,-2128742003,707,2,707,2,0,106,4
104,500,30.000000,60.000000,0,3,-2128741997,709,1,709,1,0,106,4
104,500,30.000000,60.000000,0,3,-2128741991,709,1,709,1,0,106,4
104,500,30.000000,60.000000,0,3,-2128741983,709,1,709,1,0,106,4
104,500,30.000000,60.000000,0,3,-2128741976,709,1,709,1,0,106,4
104,500,30.000000,60.000000,0,3,-2128741969,709,1,709,1,0,106,4
104,500,30.000000,60.000000,0,3,-2128741962,709,1,709,1,0,106,4
104,500,30.000000,60.000000,0,3,-2128741956,710,1,710,1,0,106,4
104,500,30.000000,60.000000,0,3,-2128741948,715,1,715,1,0,106,4
104,500,30.000000,60.000000,0,3,-2128741941,723,2,723,2,0,106,4
104,500,30.000000,60.000000,0,3,-2128741935,732,4,732,4,0,106,4
104,500,30.000000,60.000000,0,3,-2128741928,742,6,742,6,0,106,4
104,500,30.000000,60.000000,0,3,-2128741921,755,8,755,8,0,106,4
104,500,30.000000,60.000000,0,3,-2128741914,776,9,776,9,0,106,4
104,500,30.000000,60.000000,0,3,-2128741907,803,11,803,11,0,106,4
104,500,30.000000,60.000000,0,3,-2128741900,832,12,832,12,0,106,4
104,500,30.000000,60.000000,0,3,-2128741893,862,13,862,13,0,106,4
104,500,30.000000,60.000000,0,3,-2128741886,907,13,907,13,0,106,4
104,500,30.000000,60.000000,0,3,-2128741880,952,13,952,13,0,106,4
104,500,30.000000,60.000000,0,3,-2128741873,989,11,989,11,0,106,4
104,500,30.000000,60.000000,0,3,-2128741866,1036,8,1036,8,0,106,4
104,500,30.000000,60.000000,0,3,-2128741859,1071,6,1071,6,0,106,4
104,500,30.000000,60.000000,0,3,-2128741852,1109,3,1109,3,0,106,4
104,500,30.000000,60.000000,0,3,-2128741844,1131,0,1131,0,0,106,4
104,500,30.000000,60.000000,0,3,-2128741837,1158,0,1158,-3,0,106,4
104,500,30.000000,60.000000,0,3,-2128741830,1180,0,1180,-6,0,106,4
104,500,30.000000,60.000000,0,3,-2128741823,1202,0,1202,-9,0,106,4
104,500,30.000000,60.000000,0,3,-2128741817,1224,0,1224,-12,0,106,4
104,500,30.000000,60.000000,0,3,-2128741809,1239,0,1239,-14,0,106,4
104,500,30.000000,60.000000,0,3,-2128741802,1253,0,1253,-16,0,106,4
104,500,30.000000,60.000000,0,3,-2128741796,1261,0,1261,-18,0,106,4
104,500,30.000000,60.000000,0,3,-2128741788,1263,0,1263,-19,0,106,4
104,500,30.000000,60.000000,0,3,-2128741782,1266,0,1266,-20,0,106,4
104,500,30.000000,60.000000,0,3,-2128741775,1266,0,1266,-20,0,106,4
104,500,30.000000,60.000000,0,3,-2128741768,1265,0,1265,-20,0,106,4
104,500,30.000000,60.000000,0,3,-2128741762,1264,0,1264,-20,0,106,4
104,500,30.000000,60.000000,0,3,-2128741754,1263,0,1263,-20,0,106,4
104,500,30.000000,60.000000,0,3,-2128741747,1262,0,1262,-20,0,106,4
104,500,30.000000,60.000000,0,3,-2128741739,1262,0,1262,-20,0,106,4
104,500,30.000000,60.000000,0,3,-2128741733,1262,0,1262,-20,0,106,4
104,500,30.000000,60.000000,0,3,-2128741726,1262,0,1262,-20,0,106,4
104,500,30.000000,60.000000,0,3,-2128741719,1264,0,1264,-21,0,106,4
104,500,30.000000,60.000000,0,3,-2128741712,1267,0,1267,-22,0,106,4
104,500,30.000000,60.000000,0,3,-2128741705,1269,0,1269,-23,0,106,4
104,500,30.000000,60.000000,0,3,-2128741699,1270,0,1270,-23,0,106,4
104,500,30.000000,60.000000,0,3,-2128741691,1271,0,1271,-23,0,106,4
104,500,30.000000,60.000000,0,3,-2128741684,1271,0,1271,-23,0,106,4
104,500,30.000000,60.000000,0,3,-2128741678,1271,0,1271,-23,0,106,4
104,500,30.000000,60.000000,0,3,-2128741671,1271,0,1271,-23,0,106,4
104,500,30.000000,60.000000,0,3,-2128741663,1269,0,1269,-23,0,106,4
104,500,30.000000,60.000000,0,3,-2128741657,1267,0,1267,-23,0,106,4
104,500,30.000000,60.000000,0,3,-2128741650,1265,0,1265,-23,0,106,4
104,500,30.000000,60.000000,0,3,-2128741643,1263,0,1263,-23,0,106,4
104,500,30.000000,60.000000,0,3,-2128741636,1260,1,1260,-22,0,106,4
104,500,30.000000,60.000000,0,3,-2128741629,1254,2,1254,-21,0,106,4
104,500,30.000000,60.000000,0,3,-2128741622,1249,3,1249,-20,0,106,4
104,500,30.000000,60.000000,0,3,-2128741616,1244,4,1244,-19,0,106,4
104,500,30.000000,60.000000,0,3,-2128741609,1238,5,1238,-18,0,106,4
104,500,30.000000,60.000000,0,3,-2128741602,1233,6,1233,-17,0,106,4
104,500,30.000000,60.000000,0,3,-2128741595,1228,7,1228,-16,0,106,4
104,500,30.000000,60.000000,0,3,-2128741587,1224,7,1224,-16,0,106,4
104,500,30.000000,60.000000,0,3,-2128741581,1220,8,1220,-15,0,106,4
104,500,30.000000,60.000000,0,3,-2128741574,1218,8,1218,-15,0,106,4
104,500,30.000000,60.000000,0,3,-2128741567,1216,8,1216,-15,0,106,4
104,500,30.000000,60.000000,0,3,-2128741559,1214,8,1214,-15,0,106,4
104,500,30.000000,60.000000,0,3,-2128741553,1214,8,1214,-15,0,106,4
104,500,30.000000,60.000000,0,3,-2128741545,1214,8,1214,-15,0,106,4
104,500,30.000000,60.000000,0,3,-2128741539,1214,8,1214,-15,0,106,4
104,500,30.000000,60.000000,0,3,-2128741531,1214,8,1214,-15,0,106,4
104,500,30.000000,60.000000,0,3,-2128741525,1214,7,1214,-16,0,106,4
104,500,30.000000,60.000000,0,3,-2128741518,1214,6,1214,-17,0,106,4
104,500,30.000000,60.000000,0,3,-2128741512,1214,5,1214,-18,0,106,4
104,500,30.000000,60.000000,0,3,-2128741504,1214,4,1214,-19,0,106,4
104,500,30.000000,60.000000,0,3,-2128741498,1214,4,1214,-19,0,106,4
104,500,30.000000,60.000000,0,3,-2128741490,1214,4,1214,-19,0,106,4
104,500,30.000000,60.000000,0,3,-2128741483,1214,4,1214,-19,0,106,4
104,500,30.000000,60.000000,0,3,-2128741477,1214,4,1214,-19,0,106,4
104,500,30.000000,60.000000,0,3,-2128741470,1214,4,1214,-19,0,106,4
104,500,30.000000,60.000000,0,3,-2128741463,1214,3,1214,-20,0,106,4
104,500,30.000000,60.000000,0,3,-2128741456,1214,2,1214,-21,0,106,4
104,500,30.000000,60.000000,0,3,-2128741448,1214,2,1214,-21,0,106,4
104,500,30.000000,60.000000,0,3,-2128741431,1214,2,1214,-21,0,106,4
