104,500,30.000000,0.000000,0,2,-2128409826,707,0,707,0,0,143,3
104,500,30.000000,0.000000,0,2,-2128409824,707,0,707,0,0,143,3
104,500,30.000000,0.000000,0,2,-2128409818,707,0,707,0,0,143,3
104,500,30.000000,0.000000,0,2,-2128409811,707,0,707,0,0,143,3
104,500,30.000000,0.000000,0,2,-2128409804,707,0,707,0,0,143,3
104,500,30.000000,0.000000,0,2,-2128409797,707,0,707,-1,0,143,3
104,500,30.000000,0.000000,0,2,-2128409789,708,0,708,-2,0,143,3
104,500,30.000000,0.000000,0,2,-2128409782,709,0,709,-3,0,143,3
104,500,30.000000,0.000000,0,2,-2128409775,711,0,711,-4,0,143,3
104,500,30.000000,0.000000,0,2,-2128409768,714,0,714,-6,0,143,3
104,500,30.000000,0.000000,0,2,-2128409762,717,0,717,-8,0,143,3
104,500,30.000000,0.000000,0,2,-2128409755,721,0,721,-9,0,143,3
104,500,30.000000,0.000000,0,2,-2128409748,726,0,726,-10,0,143,3
104,500,30.000000,0.000000,0,2,-2128409740,736,0,736,-11,0,143,3
104,500,30.000000,0.000000,0,2,-2128409733,747,0,747,-12,0,143,3
104,500,30.000000,0.000000,0,2,-2128409726,763,0,763,-12,0,143,3
104,500,30.000000,0.000000,0,2,-2128409719,787,0,787,-12,0,143,3
104,500,30.000000,0.000000,0,2,-2128409712,814,0,814,-12,0,143,3
104,500,30.000000,0.000000,0,2,-2128409706,847,0,847,-12,0,143,3
104,500,30.000000,0.000000,0,2,-2128409699,896,0,896,-13,0,143,3
104,500,30.000000,0.000000,0,2,-2128409693,934,0,934,-14,0,143,3
104,500,30.000000,0.000000,0,2,-2128409686,982,0,982,-15,0,143,3
104,500,30.000000,0.000000,0,2,-2128409678,1036,0,1036,-18,0,143,3
104,500,30.000000,0.000000,0,2,-2128409671,1080,0,1080,-20,0,143,3
104,500,30.000000,0.000000,0,2,-2128409665,1119,0,1119,-23,0,143,3
104,500,30.000000,0.000000,0,2,-2128409658,1161,0,1161,-27,0,143,3
104,500,30.000000,0.000000,0,2,-2128409651,1196,0,1196,-32,0,143,3
104,500,30.000000,0.000000,0,2,-2128409644,1219,0,1219,-36,0,143,3
104,500,30.000000,0.000000,0,2,-2128409637,1232,0,1232,-39,0,143,3
104,500,30.000000,0.000000,0,2,-2128409630,1241,0,1241,-42,0,143,3
104,500,30.000000,0.000000,0,2,-2128409623,1244,0,1244,-43,0,143,3
104,500,30.000000,0.000000,0,2,-2128409617,1244,0,1244,-44,0,143,3
104,500,30.000000,0.000000,0,2,-2128409609,1244,0,1244,-45,0,143,3
104,500,30.000000,0.000000,0,2,-2128409603,1244,0,1244,-46,0,143,3
104,500,30.000000,0.000000,0,2,-2128409595,1243,0,1243,-48,0,143,3
104,500,30.000000,0.000000,0,2,-2128409588,1240,0,1240,-49,0,143,3
104,500,30.000000,0.000000,0,2,-2128409581,1237,0,1237,-50,0,143,3
104,500,30.000000,0.000000,0,2,-2128409574,1232,0,1232,-51,0,143,3
104,500,30.000000,0.000000,0,2,-2128409568,1226,0,1226,-51,0,143,3
104,500,30.000000,0.000000,0,2,-2128409561,1220,0,1220,-51,0,143,3
104,500,30.000000,0.000000,0,2,-2128409554,1217,0,1217,-51,0,143,3
104,500,30.000000,0.000000,0,2,-2128409546,1214,0,1214,-51,0,143,3
104,500,30.000000,0.000000,0,2,-2128409540,1211,0,1211,-51,0,143,3
104,500,30.000000,0.000000,0,2,-2128409532,1211,0,1211,-51,0,143,3
104,500,30.000000,0.000000,0,2,-2128409526,1211,0,1211,-51,0,143,3
104,500,30.000000,0.000000,0,2,-2128409519,1211,0,1211,-51,0,143,3
104,500,30.000000,0.000000,0,2,-2128409511,1211,0,1211,-51,0,143,3
104,500,30.000000,0.000000,0,2,-2128409506,1211,0,1211,-51,0,143,3
104,500,30.000000,0.000000,0,2,-2128409499,1211,0,1211,-51,0,143,3
104,500,30.000000,0.000000,0,2,-2128409492,1211,0,1211,-51,0,143,3
104,500,30.000000,0.000000,0,2,-2128409484,1211,0,1211,-51,0,143,3
104,500,30.000000,0.000000,0,2,-2128409477,1211,0,1211,-51,0,143,3
104,500,30.000000,0.000000,0,2,-2128409470,1211,0,1211,-52,0,143,3
104,500,30.000000,0.000000,0,2,-2128409464,1211,0,1211,-53,0,143,3
104,500,30.000000,0.000000,0,2,-2128409456,1210,0,1210,-53,0,143,3
104,500,30.000000,0.000000,0,2,-2128409450,1209,0,1209,-53,0,143,3
104,500,30.000000,0.000000,0,2,-2128409442,1209,0,1209,-53,0,143,3
104,500,30.000000,0.000000,0,2,-2128409436,1209,0,1209,-53,0,143,3
104,500,30.000000,0.000000,0,2,-2128409429,1209,0,1209,-53,0,143,3
104,500,30.000000,0.000000,0,2,-2128409421,1209,0,1209,-53,0,143,3
104,500,30.000000,0.000000,0,2,-2128409414,1209,0,1209,-54,0,143,3
104,500,30.000000,0.000000,0,2,-2128409399,1209,0,1209,-55,0,143,3
104,500,30.000000,0.000000,0,2,-2128409389,1209,0,1209,-55,0,143,3
104,500,30.000000,0.000000,0,2,-2128409371,1209,0,1209,-55,0,143,3
