104,1000,30.000000,10000.000000,1,3,-2128539031,462,17,462,17,0,129,5
104,1000,30.000000,10000.000000,1,3,-2128539029,462,17,462,17,0,129,5
104,1000,30.000000,10000.000000,1,3,-2128539023,462,17,462,17,0,129,5
104,1000,30.000000,10000.000000,1,3,-2128539016,462,17,462,17,0,129,5
104,1000,30.000000,10000.000000,1,3,-2128539009,462,17,462,17,0,129,5
104,1000,30.000000,10000.000000,1,3,-2128539002,462,17,462,17,0,129,5
104,1000,30.000000,10000.000000,1,3,-2128538994,462,17,462,17,0,129,5
104,1000,30.000000,10000.000000,1,3,-2128538988,462,17,462,17,0,129,5
104,1000,30.000000,10000.000000,1,3,-2128538980,463,17,463,17,0,129,5
104,1000,30.000000,10000.000000,1,3,-2128538974,465,17,465,17,0,129,5
104,1000,30.000000,10000.000000,1,3,-2128538967,469,18,469,18,0,129,5
104,1000,30.000000,10000.000000,1,3,-2128538960,474,19,474,19,0,129,5
104,1000,30.000000,10000.000000,1,3,-2128538953,487,21,487,21,0,129,5
104,1000,30.000000,10000.000000,1,3,-2128538946,502,23,502,23,0,129,5
104,1000,30.000000,10000.000000,1,3,-2128538938,529,26,529,26,0,129,5
104,1000,30.000000,10000.000000,1,3,-2128538932,572,30,572,30,0,129,5
104,1000,30.000000,10000.000000,1,3,-2128538925,614,34,614,34,0,129,5
104,1000,30.000000,10000.000000,1,3,-2128538918,655,37,655,37,0,129,5
104,1000,30.000000,10000.000000,1,3,-2128538911,707,40,707,40,0,129,5
104,1000,30.000000,10000.000000,1,3,-2128538905,779,43,779,43,0,129,5
104,1000,30.000000,10000.000000,1,3,-2128538898,855,45,855,45,0,129,5
104,1000,30.000000,10000.000000,1,3,-2128538890,950,46,950,46,0,129,5
104,1000,30.000000,10000.000000,1,3,-2128538884,1048,46,1048,46,0,129,5
104,1000,30.000000,10000.000000,1,3,-2128538877,1144,46,1144,46,0,129,5
104,1000,30.000000,10000.000000,1,3,-2128538870,1219,46,1219,46,0,129,5
104,1000,30.000000,10000.000000,1,3,-2128538862,1295,45,1295,45,0,129,5
104,1000,30.000000,10000.000000,1,3,-2128538855,1365,42,1365,42,0,129,5
104,1000,30.000000,10000.000000,1,3,-2128538849,1422,39,1422,39,0,129,5
104,1000,30.000000,10000.000000,1,3,-2128538841,1468,35,1468,35,0,129,5
104,1000,30.000000,10000.000000,1,3,-2128538835,1507,31,1507,31,0,129,5
104,1000,30.000000,10000.000000,1,3,-2128538827,1536,28,1536,28,0,129,5
104,1000,30.000000,10000.000000,1,3,-2128538820,1556,25,1556,25,0,129,5
104,1000,30.000000,10000.000000,1,3,-2128538815,1567,22,1567,22,0,129,5
104,1000,30.000000,10000.000000,1,3,-2128538808,1569,21,1569,21,0,129,5
104,1000,30.000000,10000.000000,1,3,-2128538801,1569,19,1569,19,0,129,5
104,1000,30.000000,10000.000000,1,3,-2128538794,1569,18,1569,18,0,129,5
104,1000,30.000000,10000.000000,1,3,-2128538787,1566,17,1566,17,0,129,5
104,1000,30.000000,10000.000000,1,3,-2128538780,1561,15,1561,15,0,129,5
104,1000,30.000000,10000.000000,1,3,-2128538773,1556,14,1556,14,0,129,5
104,1000,30.000000,10000.000000,1,3,-2128538766,1553,13,1553,13,0,129,5
104,1000,30.000000,10000.000000,1,3,-2128538759,1551,13,1551,13,0,129,5
104,1000,30.000000,10000.000000,1,3,-2128538752,1549,12,1549,12,0,129,5
104,1000,30.000000,10000.000000,1,3,-2128538745,1547,12,1547,12,0,129,5
104,1000,30.000000,10000.000000,1,3,-2128538739,1547,11,1547,11,0,129,5
104,1000,30.000000,10000.000000,1,3,-2128538732,1546,10,1546,10,0,129,5
104,1000,30.000000,10000.000000,1,3,-2128538724,1546,10,1546,10,0,129,5
104,1000,30.000000,10000.000000,1,3,-2128538718,1546,10,1546,10,0,129,5
104,1000,30.000000,10000.000000,1,3,-2128538711,1546,10,1546,10,0,129,5
104,1000,30.000000,10000.000000,1,3,-2128538704,1546,10,1546,10,0,129,5
104,1000,30.000000,10000.000000,1,3,-2128538697,1546,9,1546,9,0,129,5
104,1000,30.000000,10000.000000,1,3,-2128538690,1546,8,1546,8,0,129,5
104,1000,30.000000,10000.000000,1,3,-2128538683,1546,8,1546,8,0,129,5
104,1000,30.000000,10000.000000,1,3,-2128538676,1546,7,1546,7,0,129,5
104,1000,30.000000,10000.000000,1,3,-2128538669,1544,6,1544,6,0,129,5
104,1000,30.000000,10000.000000,1,3,-2128538662,1541,5,1541,5,0,129,5
104,1000,30.000000,10000.000000,1,3,-2128538654,1536,4,1536,4,0,129,5
104,1000,30.000000,10000.000000,1,3,-2128538647,1526,3,1526,3,0,129,5
104,1000,30.000000,10000.000000,1,3,-2128538641,1515,3,1515,3,0,129,5
104,1000,30.000000,10000.000000,1,3,-2128538633,1498,3,1498,3,0,129,5
104,1000,30.000000,10000.000000,1,3,-2128538627,1481,3,1481,3,0,129,5
104,1000,30.000000,10000.000000,1,3,-2128538620,1466,3,1466,3,0,129,5
104,1000,30.000000,10000.000000,1,3,-2128538613,1455,3,1455,3,0,129,5
104,1000,30.000000,10000.000000,1,3,-2128538606,1447,3,1447,3,0,129,5
104,1000,30.000000,10000.000000,1,3,-2128538599,1442,4,1442,4,0,129,5
104,1000,30.000000,10000.000000,1,3,-2128538593,1439,4,1439,4,0,129,5
104,1000,30.000000,10000.000000,1,3,-2128538586,1435,4,1435,4,0,129,5
104,1000,30.000000,10000.000000,1,3,-2128538579,1435,4,1435,4,0,129,5
104,1000,30.000000,10000.000000,1,3,-2128538572,1435,4,1435,4,0,129,5
104,1000,30.000000,10000.000000,1,3,-2128538565,1435,4,1435,4,0,129,5
104,1000,30.000000,10000.000000,1,3,-2128538558,1435,4,1435,4,0,129,5
104,1000,30.000000,10000.000000,1,3,-2128538550,1435,4,1435,4,0,129,5
104,1000,30.000000,10000.000000,1,3,-2128538543,1435,4,1435,4,0,129,5
104,1000,30.000000,10000.000000,1,3,-2128538536,1435,5,1435,5,0,129,5
104,1000,30.000000,10000.000000,1,3,-2128538529,1435,5,1435,5,0,129,5
104,1000,30.000000,10000.000000,1,3,-2128538523,1435,5,1435,5,0,129,5
104,1000,30.000000,10000.000000,1,3,-2128538516,1435,6,1435,6,0,129,5
104,1000,30.000000,10000.000000,1,3,-2128538508,1436,6,1436,6,0,129,5
104,1000,30.000000,10000.000000,1,3,-2128538501,1437,6,1437,6,0,129,5
104,1000,30.000000,10000.000000,1,3,-2128538495,1438,7,1438,7,0,129,5
104,1000,30.000000,10000.000000,1,3,-2128538487,1439,7,1439,7,0,129,5
104,1000,30.000000,10000.000000,1,3,-2128538480,1440,8,1440,8,0,129,5
104,1000,30.000000,10000.000000,1,3,-2128538474,1441,8,1441,8,0,129,5
104,1000,30.000000,10000.000000,1,3,-2128538467,1442,9,1442,9,0,129,5
104,1000,30.000000,10000.000000,1,3,-2128538460,1444,9,1444,9,0,129,5
104,1000,30.000000,10000.000000,1,3,-2128538453,1446,10,1446,10,0,129,5
104,1000,30.000000,10000.000000,1,3,-2128538446,1448,11,1448,11,0,129,5
104,1000,30.000000,10000.000000,1,3,-2128538439,1449,12,1449,12,0,129,5
104,1000,30.000000,10000.000000,1,3,-2128538433,1450,12,1450,12,0,129,5
104,1000,30.000000,10000.000000,1,3,-2128538426,1451,13,1451,13,0,129,5
104,1000,30.000000,10000.000000,1,3,-2128538419,1452,14,1452,14,0,129,5
104,1000,30.000000,10000.000000,1,3,-2128538411,1452,14,1452,14,0,129,5
104,1000,30.000000,10000.000000,1,3,-2128538404,1452,14,1452,14,0,129,5
104,1000,30.000000,10000.000000,1,3,-2128538398,1452,14,1452,14,0,129,5
104,1000,30.000000,10000.000000,1,3,-2128538390,1452,14,1452,14,0,129,5
104,1000,30.000000,10000.000000,1,3,-2128538384,1452,14,1452,14,0,129,5
104,1000,30.000000,10000.000000,1,3,-2128538377,1452,14,1452,14,0,129,5
104,1000,30.000000,10000.000000,1,3,-2128538370,1452,14,1452,14,0,129,5
104,1000,30.000000,10000.000000,1,3,-2128538363,1452,14,1452,14,0,129,5
104,1000,30.000000,10000.000000,1,3,-2128538355,1452,14,1452,14,0,129,5
104,1000,30.000000,10000.000000,1,3,-2128538350,1452,14,1452,14,0,129,5
104,1000,30.000000,10000.000000,1,3,-2128538342,1452,14,1452,14,0,129,5
104,1000,30.000000,10000.000000,1,3,-2128538336,1452,14,1452,14,0,129,5
104,1000,30.000000,10000.000000,1,3,-2128538328,1452,14,1452,14,0,129,5
104,1000,30.000000,10000.000000,1,3,-2128538321,1452,14,1452,14,0,129,5
104,1000,30.000000,10000.000000,1,3,-2128538303,1452,14,1452,14,0,129,5
