104,1000,30.000000,60.000000,0,3,-2128874593,459,0,459,0,0,90,3
104,1000,30.000000,60.000000,0,3,-2128874592,459,0,459,0,0,90,3
104,1000,30.000000,60.000000,0,3,-2128874585,459,0,459,0,0,90,3
104,1000,30.000000,60.000000,0,3,-2128874569,459,0,459,0,0,90,3
104,1000,30.000000,60.000000,0,3,-2128874559,459,0,459,0,0,90,3
104,1000,30.000000,60.000000,0,3,-2128874548,459,0,459,0,0,90,3
104,1000,30.000000,60.000000,0,3,-2128874541,459,0,459,0,0,90,3
104,1000,30.000000,60.000000,0,3,-2128874535,459,0,459,-1,0,90,3
104,1000,30.000000,60.000000,0,3,-2128874529,459,0,459,-2,0,90,3
104,1000,30.000000,60.000000,0,3,-2128874521,459,0,459,-2,0,90,3
104,1000,30.000000,60.000000,0,3,-2128874515,459,0,459,-2,0,90,3
104,1000,30.000000,60.000000,0,3,-2128874508,460,0,460,-2,0,90,3
104,1000,30.000000,60.000000,0,3,-2128874501,462,0,462,-2,0,90,3
104,1000,30.000000,60.000000,0,3,-2128874494,469,0,469,-3,0,90,3
104,1000,30.000000,60.000000,0,3,-2128874487,479,0,479,-4,0,90,3
104,1000,30.000000,60.000000,0,3,-2128874480,496,0,496,-5,0,90,3
104,1000,30.000000,60.000000,0,3,-2128874473,518,0,518,-6,0,90,3
104,1000,30.000000,60.000000,0,3,-2128874467,555,0,555,-7,0,90,3
104,1000,30.000000,60.000000,0,3,-2128874460,589,0,589,-8,0,90,3
104,1000,30.000000,60.000000,0,3,-2128874453,651,0,651,-11,0,90,3
104,1000,30.000000,60.000000,0,3,-2128874446,719,0,719,-13,0,90,3
104,1000,30.000000,60.000000,0,3,-2128874439,787,0,787,-14,0,90,3
104,1000,30.000000,60.000000,0,3,-2128874432,873,0,873,-17,0,90,3
104,1000,30.000000,60.000000,0,3,-2128874425,958,0,958,-20,0,90,3
104,1000,30.000000,60.000000,0,3,-2128874418,1054,0,1054,-24,0,90,3
104,1000,30.000000,60.000000,0,3,-2128874410,1145,0,1145,-28,0,90,3
104,1000,30.000000,60.000000,0,3,-2128874403,1239,0,1239,-32,0,90,3
104,1000,30.000000,60.000000,0,3,-2128874397,1330,0,1330,-36,0,90,3
104,1000,30.000000,60.000000,0,3,-2128874390,1399,0,1399,-39,0,90,3
104,1000,30.000000,60.000000,0,3,-2128874383,1468,0,1468,-43,0,90,3
104,1000,30.000000,60.000000,0,3,-2128874376,1510,0,1510,-44,0,90,3
104,1000,30.000000,60.000000,0,3,-2128874369,1546,0,1546,-46,0,90,3
104,1000,30.000000,60.000000,0,3,-2128874363,1560,0,1560,-47,0,90,3
104,1000,30.000000,60.000000,0,3,-2128874356,1568,0,1568,-48,0,90,3
104,1000,30.000000,60.000000,0,3,-2128874348,1569,0,1569,-48,0,90,3
104,1000,30.000000,60.000000,0,3,-2128874341,1567,0,1567,-48,0,90,3
104,1000,30.000000,60.000000,0,3,-2128874334,1564,0,1564,-49,0,90,3
104,1000,30.000000,60.000000,0,3,-2128874328,1560,0,1560,-50,0,90,3
104,1000,30.000000,60.000000,0,3,-2128874320,1556,0,1556,-51,0,90,3
104,1000,30.000000,60.000000,0,3,-2128874313,1551,0,1551,-52,0,90,3
104,1000,30.000000,60.000000,0,3,-2128874306,1546,0,1546,-53,0,90,3
104,1000,30.000000,60.000000,0,3,-2128874300,1541,0,1541,-54,0,90,3
104,1000,30.000000,60.000000,0,3,-2128874293,1539,0,1539,-55,0,90,3
104,1000,30.000000,60.000000,0,3,-2128874285,1536,0,1536,-56,0,90,3
104,1000,30.000000,60.000000,0,3,-2128874278,1534,0,1534,-56,0,90,3
104,1000,30.000000,60.000000,0,3,-2128874272,1532,0,1532,-56,0,90,3
104,1000,30.000000,60.000000,0,3,-2128874264,1530,0,1530,-56,0,90,3
104,1000,30.000000,60.000000,0,3,-2128874257,1528,0,1528,-57,0,90,3
104,1000,30.000000,60.000000,0,3,-2128874251,1528,0,1528,-57,0,90,3
104,1000,30.000000,60.000000,0,3,-2128874243,1528,0,1528,-57,0,90,3
104,1000,30.000000,60.000000,0,3,-2128874237,1528,0,1528,-57,0,90,3
104,1000,30.000000,60.000000,0,3,-2128874230,1528,0,1528,-57,0,90,3
104,1000,30.000000,60.000000,0,3,-2128874223,1527,0,1527,-57,0,90,3
104,1000,30.000000,60.000000,0,3,-2128874217,1526,0,1526,-58,0,90,3
104,1000,30.000000,60.000000,0,3,-2128874210,1523,0,1523,-59,0,90,3
104,1000,30.000000,60.000000,0,3,-2128874203,1518,0,1518,-60,0,90,3
104,1000,30.000000,60.000000,0,3,-2128874195,1512,0,1512,-62,0,90,3
104,1000,30.000000,60.000000,0,3,-2128874189,1505,0,1505,-63,0,90,3
104,1000,30.000000,60.000000,0,3,-2128874182,1498,0,1498,-64,0,90,3
104,1000,30.000000,60.000000,0,3,-2128874175,1490,0,1490,-65,0,90,3
104,1000,30.000000,60.000000,0,3,-2128874168,1481,0,1481,-67,0,90,3
104,1000,30.000000,60.000000,0,3,-2128874161,1474,0,1474,-69,0,90,3
104,1000,30.000000,60.000000,0,3,-2128874153,1469,0,1469,-69,0,90,3
104,1000,30.000000,60.000000,0,3,-2128874147,1466,0,1466,-70,0,90,3
104,1000,30.000000,60.000000,0,3,-2128874139,1464,0,1464,-71,0,90,3
104,1000,30.000000,60.000000,0,3,-2128874133,1463,0,1463,-72,0,90,3
104,1000,30.000000,60.000000,0,3,-2128874126,1462,0,1462,-72,0,90,3
104,1000,30.000000,60.000000,0,3,-2128874119,1461,0,1461,-72,0,90,3
104,1000,30.000000,60.000000,0,3,-2128874112,1461,0,1461,-72,0,90,3
104,1000,30.000000,60.000000,0,3,-2128874106,1461,0,1461,-72,0,90,3
104,1000,30.000000,60.000000,0,3,-2128874099,1461,0,1461,-72,0,90,3
104,1000,30.000000,60.000000,0,3,-2128874091,1460,0,1460,-72,0,90,3
104,1000,30.000000,60.000000,0,3,-2128874085,1459,0,1459,-72,0,90,3
104,1000,30.000000,60.000000,0,3,-2128874077,1457,0,1457,-72,0,90,3
104,1000,30.000000,60.000000,0,3,-2128874070,1456,0,1456,-72,0,90,3
104,1000,30.000000,60.000000,0,3,-2128874064,1454,0,1454,-72,0,90,3
104,1000,30.000000,60.000000,0,3,-2128874057,1452,0,1452,-72,0,90,3
104,1000,30.000000,60.000000,0,3,-2128874050,1450,0,1450,-72,0,90,3
104,1000,30.000000,60.000000,0,3,-2128874042,1449,0,1449,-72,0,90,3
104,1000,30.000000,60.000000,0,3,-2128874036,1448,0,1448,-72,0,90,3
104,1000,30.000000,60.000000,0,3,-2128874028,1447,0,1447,-72,0,90,3
104,1000,30.000000,60.000000,0,3,-2128874021,1447,0,1447,-72,0,90,3
104,1000,30.000000,60.000000,0,3,-2128874014,1447,0,1447,-72,0,90,3
104,1000,30.000000,60.000000,0,3,-2128874008,1447,0,1447,-72,0,90,3
104,1000,30.000000,60.000000,0,3,-2128874001,1447,0,1447,-72,0,90,3
104,1000,30.000000,60.000000,0,3,-2128873983,1447,0,1447,-72,0,90,3
