104,500,30.000000,60.000000,0,2,-2128398354,704,0,704,0,0,145,0
104,500,30.000000,60.000000,0,2,-2128398352,704,0,704,0,0,145,0
104,500,30.000000,60.000000,0,2,-2128398345,704,0,704,0,0,145,0
104,500,30.000000,60.000000,0,2,-2128398339,704,0,704,0,0,145,0
104,500,30.000000,60.000000,0,2,-2128398332,704,0,704,0,0,145,0
104,500,30.000000,60.000000,0,2,-2128398325,705,0,705,-1,0,145,0
104,500,30.000000,60.000000,0,2,-2128398317,706,0,706,-1,0,145,0
104,500,30.000000,60.000000,0,2,-2128398310,709,0,709,-2,0,145,0
104,500,30.000000,60.000000,0,2,-2128398304,713,0,713,-4,0,145,0
104,500,30.000000,60.000000,0,2,-2128398296,720,0,720,-5,0,145,0
104,500,30.000000,60.000000,0,2,-2128398289,732,0,732,-6,0,145,0
104,500,30.000000,60.000000,0,2,-2128398282,749,0,749,-8,0,145,0
104,500,30.000000,60.000000,0,2,-2128398276,770,0,770,-8,0,145,0
104,500,30.000000,60.000000,0,2,-2128398268,799,0,799,-8,0,145,0
104,500,30.000000,60.000000,0,2,-2128398262,827,0,827,-9,0,145,0
104,500,30.000000,60.000000,0,2,-2128398255,863,0,863,-10,0,145,0
104,500,30.000000,60.000000,0,2,-2128398248,909,0,909,-11,0,145,0
104,500,30.000000,60.000000,0,2,-2128398241,943,0,943,-13,0,145,0
104,500,30.000000,60.000000,0,2,-2128398234,995,0,995,-14,0,145,0
104,500,30.000000,60.000000,0,2,-2128398228,1029,0,1029,-15,0,145,0
104,500,30.000000,60.000000,0,2,-2128398220,1074,0,1074,-18,0,145,0
104,500,30.000000,60.000000,0,2,-2128398213,1119,0,1119,-22,0,145,0
104,500,30.000000,60.000000,0,2,-2128398206,1152,0,1152,-24,0,145,0
104,500,30.000000,60.000000,0,2,-2128398200,1184,0,1184,-27,0,145,0
104,500,30.000000,60.000000,0,2,-2128398193,1200,0,1200,-30,0,145,0
104,500,30.000000,60.000000,0,2,-2128398186,1210,0,1210,-31,0,145,0
104,500,30.000000,60.000000,0,2,-2128398179,1215,0,1215,-32,0,145,0
104,500,30.000000,60.000000,0,2,-2128398171,1217,0,1217,-32,0,145,0
104,500,30.000000,60.000000,0,2,-2128398165,1219,0,1219,-33,0,145,0
104,500,30.000000,60.000000,0,2,-2128398158,1219,0,1219,-34,0,145,0
104,500,30.000000,60.000000,0,2,-2128398152,1219,0,1219,-35,0,145,0
104,500,30.000000,60.000000,0,2,-2128398144,1218,0,1218,-36,0,145,0
104,500,30.000000,60.000000,0,2,-2128398137,1216,0,1216,-37,0,145,0
104,500,30.000000,60.000000,0,2,-2128398130,1215,0,1215,-38,0,145,0
104,500,30.000000,60.000000,0,2,-2128398123,1214,0,1214,-39,0,145,0
104,500,30.000000,60.000000,0,2,-2128398117,1213,0,1213,-40,0,145,0
104,500,30.000000,60.000000,0,2,-2128398110,1213,0,1213,-40,0,145,0
104,500,30.000000,60.000000,0,2,-2128398102,1212,0,1212,-40,0,145,0
104,500,30.000000,60.000000,0,2,-2128398096,1212,0,1212,-40,0,145,0
104,500,30.000000,60.000000,0,2,-2128398088,1212,0,1212,-40,0,145,0
104,500,30.000000,60.000000,0,2,-2128398082,1212,0,1212,-40,0,145,0
104,500,30.000000,60.000000,0,2,-2128398075,1212,0,1212,-40,0,145,0
104,500,30.000000,60.000000,0,2,-2128398059,1212,0,1212,-40,0,145,0
104,500,30.000000,60.000000,0,2,-2128398049,1212,0,1212,-40,0,145,0
104,500,30.000000,60.000000,0,2,-2128398042,1212,0,1212,-40,0,145,0
104,500,30.000000,60.000000,0,2,-2128398035,1212,0,1212,-40,0,145,0
104,500,30.000000,60.000000,0,2,-2128398029,1212,0,1212,-40,0,145,0
104,500,30.000000,60.000000,0,2,-2128398023,1212,0,1212,-40,0,145,0
104,500,30.000000,60.000000,0,2,-2128398017,1212,0,1212,-40,0,145,0
104,500,30.000000,60.000000,0,2,-2128398010,1212,0,1212,-40,0,145,0
104,500,30.000000,60.000000,0,2,-2128398004,1212,0,1212,-40,0,145,0
104,500,30.000000,60.000000,0,2,-2128397998,1212,0,1212,-40,0,145,0
104,500,30.000000,60.000000,0,2,-2128397991,1212,0,1212,-40,0,145,0
104,500,30.000000,60.000000,0,2,-2128397984,1212,0,1212,-40,0,145,0
104,500,30.000000,60.000000,0,2,-2128397977,1211,0,1211,-40,0,145,0
104,500,30.000000,60.000000,0,2,-2128397969,1211,0,1211,-40,0,145,0
104,500,30.000000,60.000000,0,2,-2128397963,1211,0,1211,-40,0,145,0
104,500,30.000000,60.000000,0,2,-2128397956,1211,0,1211,-40,0,145,0
104,500,30.000000,60.000000,0,2,-2128397938,1211,0,1211,-40,0,145,0
