104,500,30.000000,0.000000,0,1,-2129700594,718,0,718,0,0,1,4
104,500,30.000000,0.000000,0,1,-2129700592,718,0,718,0,0,1,4
104,500,30.000000,0.000000,0,1,-2129700586,718,0,718,-1,0,1,4
104,500,30.000000,0.000000,0,1,-2129700579,718,0,718,-2,0,1,4
104,500,30.000000,0.000000,0,1,-2129700572,718,0,718,-2,0,1,4
104,500,30.000000,0.000000,0,1,-2129700565,718,0,718,-2,0,1,4
104,500,30.000000,0.000000,0,1,-2129700558,718,0,718,-2,0,1,4
104,500,30.000000,0.000000,0,1,-2129700551,718,0,718,-2,0,1,4
104,500,30.000000,0.000000,0,1,-2129700545,718,0,718,-2,0,1,4
104,500,30.000000,0.000000,0,1,-2129700538,718,0,718,-2,0,1,4
104,500,30.000000,0.000000,0,1,-2129700530,718,0,718,-2,0,1,4
104,500,30.000000,0.000000,0,1,-2129700523,720,0,720,-3,0,1,4
104,500,30.000000,0.000000,0,1,-2129700516,724,0,724,-3,0,1,4
104,500,30.000000,0.000000,0,1,-2129700510,730,0,730,-4,0,1,4
104,500,30.000000,0.000000,0,1,-2129700502,741,0,741,-4,0,1,4
104,500,30.000000,0.000000,0,1,-2129700496,753,0,753,-4,0,1,4
104,500,30.000000,0.000000,0,1,-2129700489,769,0,769,-5,0,1,4
104,500,30.000000,0.000000,0,1,-2129700482,796,0,796,-5,0,1,4
104,500,30.000000,0.000000,0,1,-2129700474,824,0,824,-6,0,1,4
104,500,30.000000,0.000000,0,1,-2129700467,853,0,853,-6,0,1,4
104,500,30.000000,0.000000,0,1,-2129700460,892,0,892,-7,0,1,4
104,500,30.000000,0.000000,0,1,-2129700454,933,0,933,-7,0,1,4
104,500,30.000000,0.000000,0,1,-2129700447,978,0,978,-8,0,1,4
104,500,30.000000,0.000000,0,1,-2129700440,1017,0,1017,-9,0,1,4
104,500,30.000000,0.000000,0,1,-2129700433,1055,0,1055,-10,0,1,4
104,500,30.000000,0.000000,0,1,-2129700426,1095,0,1095,-11,0,1,4
104,500,30.000000,0.000000,0,1,-2129700420,1138,0,1138,-13,0,1,4
104,500,30.000000,0.000000,0,1,-2129700413,1166,0,1166,-15,0,1,4
104,500,30.000000,0.000000,0,1,-2129700405,1195,0,1195,-16,0,1,4
104,500,30.000000,0.000000,0,1,-2129700399,1217,0,1217,-18,0,1,4
104,500,30.000000,0.000000,0,1,-2129700392,1234,0,1234,-20,0,1,4
104,500,30.000000,0.000000,0,1,-2129700384,1245,0,1245,-21,0,1,4
104,500,30.000000,0.000000,0,1,-2129700377,1254,0,1254,-22,0,1,4
104,500,30.000000,0.000000,0,1,-2129700371,1258,0,1258,-23,0,1,4
104,500,30.000000,0.000000,0,1,-2129700363,1260,0,1260,-23,0,1,4
104,500,30.000000,0.000000,0,1,-2129700357,1261,0,1261,-23,0,1,4
104,500,30.000000,0.000000,0,1,-2129700349,1262,0,1262,-24,0,1,4
104,500,30.000000,0.000000,0,1,-2129700343,1262,0,1262,-24,0,1,4
104,500,30.000000,0.000000,0,1,-2129700336,1262,0,1262,-24,0,1,4
104,500,30.000000,0.000000,0,1,-2129700329,1262,0,1262,-24,0,1,4
104,500,30.000000,0.000000,0,1,-2129700322,1262,0,1262,-24,0,1,4
104,500,30.000000,0.000000,0,1,-2129700315,1262,0,1262,-24,0,1,4
104,500,30.000000,0.000000,0,1,-2129700308,1262,0,1262,-24,0,1,4
104,500,30.000000,0.000000,0,1,-2129700299,1262,0,1262,-24,0,1,4
104,500,30.000000,0.000000,0,1,-2129700290,1261,0,1261,-24,0,1,4
104,500,30.000000,0.000000,0,1,-2129700284,1261,0,1261,-24,0,1,4
104,500,30.000000,0.000000,0,1,-2129700279,1260,0,1260,-24,0,1,4
104,500,30.000000,0.000000,0,1,-2129700273,1260,0,1260,-24,0,1,4
104,500,30.000000,0.000000,0,1,-2129700266,1260,0,1260,-24,0,1,4
104,500,30.000000,0.000000,0,1,-2129700259,1260,0,1260,-24,0,1,4
104,500,30.000000,0.000000,0,1,-2129700252,1260,0,1260,-24,0,1,4
104,500,30.000000,0.000000,0,1,-2129700246,1260,0,1260,-24,0,1,4
104,500,30.000000,0.000000,0,1,-2129700238,1260,0,1260,-24,0,1,4
104,500,30.000000,0.000000,0,1,-2129700231,1261,0,1261,-24,0,1,4
104,500,30.000000,0.000000,0,1,-2129700224,1262,0,1262,-24,0,1,4
104,500,30.000000,0.000000,0,1,-2129700217,1262,0,1262,-24,0,1,4
104,500,30.000000,0.000000,0,1,-2129700211,1262,0,1262,-24,0,1,4
104,500,30.000000,0.000000,0,1,-2129700203,1262,0,1262,-24,0,1,4
104,500,30.000000,0.000000,0,1,-2129700196,1262,0,1262,-24,0,1,4
104,500,30.000000,0.000000,0,1,-2129700190,1262,0,1262,-24,0,1,4
104,500,30.000000,0.000000,0,1,-2129700183,1261,0,1261,-24,0,1,4
104,500,30.000000,0.000000,0,1,-2129700175,1259,0,1259,-24,0,1,4
104,500,30.000000,0.000000,0,1,-2129700169,1257,0,1257,-24,0,1,4
104,500,30.000000,0.000000,0,1,-2129700156,1256,0,1256,-24,0,1,4
104,500,30.000000,0.000000,0,1,-2129700150,1250,0,1250,-24,0,1,4
104,500,30.000000,0.000000,0,1,-2129700143,1247,0,1247,-24,0,1,4
104,500,30.000000,0.000000,0,1,-2129700135,1242,0,1242,-25,0,1,4
104,500,30.000000,0.000000,0,1,-2129700128,1234,0,1234,-25,0,1,4
104,500,30.000000,0.000000,0,1,-2129700120,1226,0,1226,-26,0,1,4
104,500,30.000000,0.000000,0,1,-2129700113,1219,0,1219,-26,0,1,4
104,500,30.000000,0.000000,0,1,-2129700106,1214,0,1214,-26,0,1,4
104,500,30.000000,0.000000,0,1,-2129700099,1211,0,1211,-26,0,1,4
104,500,30.000000,0.000000,0,1,-2129700092,1208,0,1208,-26,0,1,4
104,500,30.000000,0.000000,0,1,-2129700086,1206,0,1206,-26,0,1,4
104,500,30.000000,0.000000,0,1,-2129700079,1203,0,1203,-26,0,1,4
104,500,30.000000,0.000000,0,1,-2129700071,1202,0,1202,-26,0,1,4
104,500,30.000000,0.000000,0,1,-2129700066,1201,0,1201,-26,0,1,4
104,500,30.000000,0.000000,0,1,-2129700059,1201,0,1201,-26,0,1,4
104,500,30.000000,0.000000,0,1,-2129700052,1201,0,1201,-26,0,1,4
104,500,30.000000,0.000000,0,1,-2129700045,1201,0,1201,-26,0,1,4
104,500,30.000000,0.000000,0,1,-2129700038,1201,0,1201,-26,0,1,4
104,500,30.000000,0.000000,0,1,-2129700030,1202,0,1202,-26,0,1,4
104,500,30.000000,0.000000,0,1,-2129700024,1203,0,1203,-26,0,1,4
104,500,30.000000,0.000000,0,1,-2129700017,1204,0,1204,-27,0,1,4
104,500,30.000000,0.000000,0,1,-2129700009,1205,0,1205,-27,0,1,4
104,500,30.000000,0.000000,0,1,-2129699992,1206,0,1206,-27,0,1,4
