104,500,30.000000,60.000000,1,2,-2128261062,713,17,713,17,0,161,1
104,500,30.000000,60.000000,1,2,-2128261059,713,17,713,17,0,161,1
104,500,30.000000,60.000000,1,2,-2128261052,713,17,713,17,0,161,1
104,500,30.000000,60.000000,1,2,-2128261045,713,17,713,17,0,161,1
104,500,30.000000,60.000000,1,2,-2128261039,713,17,713,17,0,161,1
104,500,30.000000,60.000000,1,2,-2128261033,713,17,713,17,0,161,1
104,500,30.000000,60.000000,1,2,-2128261027,713,17,713,17,0,161,1
104,500,30.000000,60.000000,1,2,-2128261021,713,17,713,17,0,161,1
104,500,30.000000,60.000000,1,2,-2128261014,713,17,713,17,0,161,1
104,500,30.000000,60.000000,1,2,-2128261008,714,17,714,17,0,161,1
104,500,30.000000,60.000000,1,2,-2128261001,716,17,716,17,0,161,1
104,500,30.000000,60.000000,1,2,-2128260994,719,17,719,17,0,161,1
104,500,30.000000,60.000000,1,2,-2128260987,723,17,723,17,0,161,1
104,500,30.000000,60.000000,1,2,-2128260979,732,18,732,18,0,161,1
104,500,30.000000,60.000000,1,2,-2128260973,751,23,751,23,0,161,1
104,500,30.000000,60.000000,1,2,-2128260964,768,27,768,27,0,161,1
104,500,30.000000,60.000000,1,2,-2128260957,801,35,801,35,0,161,1
104,500,30.000000,60.000000,1,2,-2128260951,824,39,824,39,0,161,1
104,500,30.000000,60.000000,1,2,-2128260944,867,48,867,48,0,161,1
104,500,30.000000,60.000000,1,2,-2128260938,895,54,895,54,0,161,1
104,500,30.000000,60.000000,1,2,-2128260932,936,62,936,62,0,161,1
104,500,30.000000,60.000000,1,2,-2128260925,964,67,964,67,0,161,1
104,500,30.000000,60.000000,1,2,-2128260918,1006,72,1006,72,0,161,1
104,500,30.000000,60.000000,1,2,-2128260911,1043,75,1043,75,0,161,1
104,500,30.000000,60.000000,1,2,-2128260904,1078,77,1078,77,0,161,1
104,500,30.000000,60.000000,1,2,-2128260897,1107,77,1107,77,0,161,1
104,500,30.000000,60.000000,1,2,-2128260891,1130,77,1130,77,0,161,1
104,500,30.000000,60.000000,1,2,-2128260884,1147,77,1147,77,0,161,1
104,500,30.000000,60.000000,1,2,-2128260877,1156,76,1156,76,0,161,1
104,500,30.000000,60.000000,1,2,-2128260870,1161,75,1161,75,0,161,1
104,500,30.000000,60.000000,1,2,-2128260854,1162,73,1162,73,0,161,1
104,500,30.000000,60.000000,1,2,-2128260844,1158,66,1158,66,0,161,1
104,500,30.000000,60.000000,1,2,-2128260837,1154,62,1154,62,0,161,1
104,500,30.000000,60.000000,1,2,-2128260830,1150,58,1150,58,0,161,1
104,500,30.000000,60.000000,1,2,-2128260824,1147,56,1147,56,0,161,1
104,500,30.000000,60.000000,1,2,-2128260818,1144,52,1144,52,0,161,1
104,500,30.000000,60.000000,1,2,-2128260811,1141,49,1141,49,0,161,1
104,500,30.000000,60.000000,1,2,-2128260805,1140,47,1140,47,0,161,1
104,500,30.000000,60.000000,1,2,-2128260798,1140,45,1140,45,0,161,1
104,500,30.000000,60.000000,1,2,-2128260791,1139,43,1139,43,0,161,1
104,500,30.000000,60.000000,1,2,-2128260784,1139,42,1139,42,0,161,1
104,500,30.000000,60.000000,1,2,-2128260778,1140,40,1140,40,0,161,1
104,500,30.000000,60.000000,1,2,-2128260772,1141,38,1141,38,0,161,1
104,500,30.000000,60.000000,1,2,-2128260765,1143,37,1143,37,0,161,1
104,500,30.000000,60.000000,1,2,-2128260758,1145,36,1145,36,0,161,1
104,500,30.000000,60.000000,1,2,-2128260752,1147,35,1147,35,0,161,1
104,500,30.000000,60.000000,1,2,-2128260745,1149,34,1149,34,0,161,1
104,500,30.000000,60.000000,1,2,-2128260738,1150,33,1150,33,0,161,1
104,500,30.000000,60.000000,1,2,-2128260731,1151,33,1151,33,0,161,1
104,500,30.000000,60.000000,1,2,-2128260724,1153,32,1153,32,0,161,1
104,500,30.000000,60.000000,1,2,-2128260717,1156,31,1156,31,0,161,1
104,500,30.000000,60.000000,1,2,-2128260710,1159,29,1159,29,0,161,1
104,500,30.000000,60.000000,1,2,-2128260703,1165,28,1165,28,0,161,1
104,500,30.000000,60.000000,1,2,-2128260696,1171,26,1171,26,0,161,1
104,500,30.000000,60.000000,1,2,-2128260689,1179,24,1179,24,0,161,1
104,500,30.000000,60.000000,1,2,-2128260682,1187,23,1187,23,0,161,1
104,500,30.000000,60.000000,1,2,-2128260675,1196,22,1196,22,0,161,1
104,500,30.000000,60.000000,1,2,-2128260668,1202,20,1202,20,0,161,1
104,500,30.000000,60.000000,1,2,-2128260660,1207,19,1207,19,0,161,1
104,500,30.000000,60.000000,1,2,-2128260654,1210,19,1210,19,0,161,1
104,500,30.000000,60.000000,1,2,-2128260647,1212,18,1212,18,0,161,1
104,500,30.000000,60.000000,1,2,-2128260641,1214,17,1214,17,0,161,1
104,500,30.000000,60.000000,1,2,-2128260633,1216,16,1216,16,0,161,1
104,500,30.000000,60.000000,1,2,-2128260626,1216,16,1216,16,0,161,1
104,500,30.000000,60.000000,1,2,-2128260620,1216,15,1216,15,0,161,1
104,500,30.000000,60.000000,1,2,-2128260613,1216,15,1216,15,0,161,1
104,500,30.000000,60.000000,1,2,-2128260605,1216,15,1216,15,0,161,1
104,500,30.000000,60.000000,1,2,-2128260599,1215,15,1215,15,0,161,1
104,500,30.000000,60.000000,1,2,-2128260591,1214,15,1214,15,0,161,1
104,500,30.000000,60.000000,1,2,-2128260585,1214,15,1214,15,0,161,1
104,500,30.000000,60.000000,1,2,-2128260578,1214,15,1214,15,0,161,1
104,500,30.000000,60.000000,1,2,-2128260570,1214,15,1214,15,0,161,1
104,500,30.000000,60.000000,1,2,-2128260564,1214,15,1214,15,0,161,1
104,500,30.000000,60.000000,1,2,-2128260557,1214,15,1214,15,0,161,1
104,500,30.000000,60.000000,1,2,-2128260540,1214,15,1214,15,0,161,1
