104,1000,30.000000,60.000000,1,0,-2128909884,472,21,472,21,0,87,4
104,1000,30.000000,60.000000,1,0,-2128909882,472,21,472,21,0,87,4
104,1000,30.000000,60.000000,1,0,-2128909875,472,21,472,21,0,87,4
104,1000,30.000000,60.000000,1,0,-2128909868,472,21,472,21,0,87,4
104,1000,30.000000,60.000000,1,0,-2128909862,472,21,472,21,0,87,4
104,1000,30.000000,60.000000,1,0,-2128909854,472,21,472,21,0,87,4
104,1000,30.000000,60.000000,1,0,-2128909848,472,21,472,21,0,87,4
104,1000,30.000000,60.000000,1,0,-2128909841,472,21,472,21,0,87,4
104,1000,30.000000,60.000000,1,0,-2128909834,472,21,472,21,0,87,4
104,1000,30.000000,60.000000,1,0,-2128909827,472,21,472,21,0,87,4
104,1000,30.000000,60.000000,1,0,-2128909819,472,21,472,21,0,87,4
104,1000,30.000000,60.000000,1,0,-2128909813,474,23,474,23,0,87,4
104,1000,30.000000,60.000000,1,0,-2128909805,479,25,479,25,0,87,4
104,1000,30.000000,60.000000,1,0,-2128909799,487,28,487,28,0,87,4
104,1000,30.000000,60.000000,1,0,-2128909792,497,30,497,30,0,87,4
104,1000,30.000000,60.000000,1,0,-2128909784,518,33,518,33,0,87,4
104,1000,30.000000,60.000000,1,0,-2128909777,540,36,540,36,0,87,4
104,1000,30.000000,60.000000,1,0,-2128909770,571,38,571,38,0,87,4
104,1000,30.000000,60.000000,1,0,-2128909765,602,41,602,41,0,87,4
104,1000,30.000000,60.000000,1,0,-2128909757,641,44,641,44,0,87,4
104,1000,30.000000,60.000000,1,0,-2128909750,706,50,706,50,0,87,4
104,1000,30.000000,60.000000,1,0,-2128909743,758,54,758,54,0,87,4
104,1000,30.000000,60.000000,1,0,-2128909737,807,58,807,58,0,87,4
104,1000,30.000000,60.000000,1,0,-2128909730,874,61,874,61,0,87,4
104,1000,30.000000,60.000000,1,0,-2128909723,933,62,933,62,0,87,4
104,1000,30.000000,60.000000,1,0,-2128909716,984,62,984,62,0,87,4
104,1000,30.000000,60.000000,1,0,-2128909707,1036,62,1036,62,0,87,4
104,1000,30.000000,60.000000,1,0,-2128909699,1089,62,1089,62,0,87,4
104,1000,30.000000,60.000000,1,0,-2128909692,1137,59,1137,59,0,87,4
104,1000,30.000000,60.000000,1,0,-2128909683,1174,56,1174,56,0,87,4
104,1000,30.000000,60.000000,1,0,-2128909677,1211,52,1211,52,0,87,4
104,1000,30.000000,60.000000,1,0,-2128909671,1234,48,1234,48,0,87,4
104,1000,30.000000,60.000000,1,0,-2128909664,1252,44,1252,44,0,87,4
104,1000,30.000000,60.000000,1,0,-2128909658,1270,40,1270,40,0,87,4
104,1000,30.000000,60.000000,1,0,-2128909652,1280,37,1280,37,0,87,4
104,1000,30.000000,60.000000,1,0,-2128909645,1288,34,1288,34,0,87,4
104,1000,30.000000,60.000000,1,0,-2128909638,1292,32,1292,32,0,87,4
104,1000,30.000000,60.000000,1,0,-2128909632,1294,31,1294,31,0,87,4
104,1000,30.000000,60.000000,1,0,-2128909626,1295,30,1295,30,0,87,4
104,1000,30.000000,60.000000,1,0,-2128909618,1296,29,1296,29,0,87,4
104,1000,30.000000,60.000000,1,0,-2128909612,1297,28,1297,28,0,87,4
104,1000,30.000000,60.000000,1,0,-2128909605,1298,27,1298,27,0,87,4
104,1000,30.000000,60.000000,1,0,-2128909598,1299,27,1299,27,0,87,4
104,1000,30.000000,60.000000,1,0,-2128909591,1300,27,1300,27,0,87,4
104,1000,30.000000,60.000000,1,0,-2128909583,1301,27,1301,27,0,87,4
104,1000,30.000000,60.000000,1,0,-2128909576,1302,27,1302,27,0,87,4
104,1000,30.000000,60.000000,1,0,-2128909569,1303,27,1303,27,0,87,4
104,1000,30.000000,60.000000,1,0,-2128909562,1305,26,1305,26,0,87,4
104,1000,30.000000,60.000000,1,0,-2128909555,1306,26,1306,26,0,87,4
104,1000,30.000000,60.000000,1,0,-2128909549,1307,25,1307,25,0,87,4
104,1000,30.000000,60.000000,1,0,-2128909541,1308,25,1308,25,0,87,4
104,1000,30.000000,60.000000,1,0,-2128909535,1310,25,1310,25,0,87,4
104,1000,30.000000,60.000000,1,0,-2128909528,1311,25,1311,25,0,87,4
104,1000,30.000000,60.000000,1,0,-2128909521,1313,24,1313,24,0,87,4
104,1000,30.000000,60.000000,1,0,-2128909515,1316,23,1316,23,0,87,4
104,1000,30.000000,60.000000,1,0,-2128909508,1319,23,1319,23,0,87,4
104,1000,30.000000,60.000000,1,0,-2128909501,1323,22,1323,22,0,87,4
104,1000,30.000000,60.000000,1,0,-2128909493,1328,22,1328,22,0,87,4
104,1000,30.000000,60.000000,1,0,-2128909487,1337,22,1337,22,0,87,4
104,1000,30.000000,60.000000,1,0,-2128909480,1344,22,1344,22,0,87,4
104,1000,30.000000,60.000000,1,0,-2128909464,1353,22,1353,22,0,87,4
104,1000,30.000000,60.000000,1,0,-2128909454,1380,24,1380,24,0,87,4
104,1000,30.000000,60.000000,1,0,-2128909447,1402,27,1402,27,0,87,4
104,1000,30.000000,60.000000,1,0,-2128909440,1419,28,1419,28,0,87,4
104,1000,30.000000,60.000000,1,0,-2128909434,1430,30,1430,30,0,87,4
104,1000,30.000000,60.000000,1,0,-2128909427,1438,31,1438,31,0,87,4
104,1000,30.000000,60.000000,1,0,-2128909421,1444,31,1444,31,0,87,4
104,1000,30.000000,60.000000,1,0,-2128909414,1447,31,1447,31,0,87,4
104,1000,30.000000,60.000000,1,0,-2128909408,1450,31,1450,31,0,87,4
104,1000,30.000000,60.000000,1,0,-2128909402,1451,31,1451,31,0,87,4
104,1000,30.000000,60.000000,1,0,-2128909395,1452,31,1452,31,0,87,4
104,1000,30.000000,60.000000,1,0,-2128909388,1453,31,1453,31,0,87,4
104,1000,30.000000,60.000000,1,0,-2128909382,1453,31,1453,31,0,87,4
104,1000,30.000000,60.000000,1,0,-2128909376,1453,31,1453,31,0,87,4
104,1000,30.000000,60.000000,1,0,-2128909368,1453,31,1453,31,0,87,4
104,1000,30.000000,60.000000,1,0,-2128909361,1453,30,1453,30,0,87,4
104,1000,30.000000,60.000000,1,0,-2128909354,1453,30,1453,30,0,87,4
104,1000,30.000000,60.000000,1,0,-2128909347,1454,29,1454,29,0,87,4
104,1000,30.000000,60.000000,1,0,-2128909341,1455,29,1455,29,0,87,4
104,1000,30.000000,60.000000,1,0,-2128909334,1457,28,1457,28,0,87,4
104,1000,30.000000,60.000000,1,0,-2128909327,1459,28,1459,28,0,87,4
104,1000,30.000000,60.000000,1,0,-2128909320,1462,27,1462,27,0,87,4
104,1000,30.000000,60.000000,1,0,-2128909312,1466,26,1466,26,0,87,4
104,1000,30.000000,60.000000,1,0,-2128909305,1469,26,1469,26,0,87,4
104,1000,30.000000,60.000000,1,0,-2128909298,1471,25,1471,25,0,87,4
104,1000,30.000000,60.000000,1,0,-2128909291,1472,24,1472,24,0,87,4
104,1000,30.000000,60.000000,1,0,-2128909284,1472,23,1472,23,0,87,4
104,1000,30.000000,60.000000,1,0,-2128909278,1473,23,1473,23,0,87,4
104,1000,30.000000,60.000000,1,0,-2128909271,1474,23,1474,23,0,87,4
104,1000,30.000000,60.000000,1,0,-2128909264,1474,22,1474,22,0,87,4
104,1000,30.000000,60.000000,1,0,-2128909258,1473,21,1473,21,0,87,4
104,1000,30.000000,60.000000,1,0,-2128909251,1472,21,1472,21,0,87,4
104,1000,30.000000,60.000000,1,0,-2128909243,1470,20,1470,20,0,87,4
104,1000,30.000000,60.000000,1,0,-2128909237,1468,19,1468,19,0,87,4
104,1000,30.000000,60.000000,1,0,-2128909229,1465,18,1465,18,0,87,4
104,1000,30.000000,60.000000,1,0,-2128909214,1464,18,1464,18,0,87,4
104,1000,30.000000,60.000000,1,0,-2128909205,1463,17,1463,17,0,87,4
104,1000,30.000000,60.000000,1,0,-2128909197,1463,17,1463,17,0,87,4
104,1000,30.000000,60.000000,1,0,-2128909190,1463,17,1463,17,0,87,4
104,1000,30.000000,60.000000,1,0,-2128909184,1463,17,1463,17,0,87,4
104,1000,30.000000,60.000000,1,0,-2128909178,1463,17,1463,17,0,87,4
104,1000,30.000000,60.000000,1,0,-2128909161,1463,17,1463,17,0,87,4
