104,1000,30.000000,0.000000,0,1,-2129560694,450,0,450,0,0,18,1
104,1000,30.000000,0.000000,0,1,-2129560692,450,0,450,0,0,18,1
104,1000,30.000000,0.000000,0,1,-2129560686,453,0,453,-1,0,18,1
104,1000,30.000000,0.000000,0,1,-2129560678,457,0,457,-2,0,18,1
104,1000,30.000000,0.000000,0,1,-2129560672,458,0,458,-2,0,18,1
104,1000,30.000000,0.000000,0,1,-2129560665,459,0,459,-2,0,18,1
104,1000,30.000000,0.000000,0,1,-2129560659,459,0,459,-2,0,18,1
104,1000,30.000000,0.000000,0,1,-2129560651,459,0,459,-2,0,18,1
104,1000,30.000000,0.000000,0,1,-2129560645,459,0,459,-2,0,18,1
104,1000,30.000000,0.000000,0,1,-2129560638,459,0,459,-2,0,18,1
104,1000,30.000000,0.000000,0,1,-2129560631,459,0,459,-2,0,18,1
104,1000,30.000000,0.000000,0,1,-2129560624,459,0,459,-2,0,18,1
104,1000,30.000000,0.000000,0,1,-2129560616,459,0,459,-2,0,18,1
104,1000,30.000000,0.000000,0,1,-2129560610,459,0,459,-2,0,18,1
104,1000,30.000000,0.000000,0,1,-2129560603,459,0,459,-2,0,18,1
104,1000,30.000000,0.000000,0,1,-2129560595,459,0,459,-3,0,18,1
104,1000,30.000000,0.000000,0,1,-2129560589,462,0,462,-3,0,18,1
104,1000,30.000000,0.000000,0,1,-2129560582,465,0,465,-3,0,18,1
104,1000,30.000000,0.000000,0,1,-2129560575,470,0,470,-4,0,18,1
104,1000,30.000000,0.000000,0,1,-2129560569,482,0,482,-5,0,18,1
104,1000,30.000000,0.000000,0,1,-2129560562,502,0,502,-7,0,18,1
104,1000,30.000000,0.000000,0,1,-2129560554,533,0,533,-11,0,18,1
104,1000,30.000000,0.000000,0,1,-2129560548,570,0,570,-14,0,18,1
104,1000,30.000000,0.000000,0,1,-2129560540,612,0,612,-17,0,18,1
104,1000,30.000000,0.000000,0,1,-2129560534,668,0,668,-21,0,18,1
104,1000,30.000000,0.000000,0,1,-2129560527,724,0,724,-24,0,18,1
104,1000,30.000000,0.000000,0,1,-2129560519,792,0,792,-29,0,18,1
104,1000,30.000000,0.000000,0,1,-2129560512,873,0,873,-34,0,18,1
104,1000,30.000000,0.000000,0,1,-2129560505,940,0,940,-39,0,18,1
104,1000,30.000000,0.000000,0,1,-2129560498,1009,0,1009,-44,0,18,1
104,1000,30.000000,0.000000,0,1,-2129560488,1076,0,1076,-48,0,18,1
104,1000,30.000000,0.000000,0,1,-2129560481,1161,0,1161,-53,0,18,1
104,1000,30.000000,0.000000,0,1,-2129560474,1214,0,1214,-56,0,18,1
104,1000,30.000000,0.000000,0,1,-2129560465,1261,0,1261,-59,0,18,1
104,1000,30.000000,0.000000,0,1,-2129560459,1318,0,1318,-64,0,18,1
104,1000,30.000000,0.000000,0,1,-2129560453,1341,0,1341,-66,0,18,1
104,1000,30.000000,0.000000,0,1,-2129560446,1357,0,1357,-67,0,18,1
104,1000,30.000000,0.000000,0,1,-2129560440,1375,0,1375,-69,0,18,1
104,1000,30.000000,0.000000,0,1,-2129560434,1384,0,1384,-70,0,18,1
104,1000,30.000000,0.000000,0,1,-2129560427,1390,0,1390,-71,0,18,1
104,1000,30.000000,0.000000,0,1,-2129560421,1394,0,1394,-72,0,18,1
104,1000,30.000000,0.000000,0,1,-2129560414,1399,0,1399,-73,0,18,1
104,1000,30.000000,0.000000,0,1,-2129560408,1399,0,1399,-73,0,18,1
104,1000,30.000000,0.000000,0,1,-2129560402,1399,0,1399,-73,0,18,1
104,1000,30.000000,0.000000,0,1,-2129560395,1399,0,1399,-73,0,18,1
104,1000,30.000000,0.000000,0,1,-2129560388,1399,0,1399,-73,0,18,1
104,1000,30.000000,0.000000,0,1,-2129560381,1399,0,1399,-73,0,18,1
104,1000,30.000000,0.000000,0,1,-2129560373,1399,0,1399,-73,0,18,1
104,1000,30.000000,0.000000,0,1,-2129560367,1399,0,1399,-73,0,18,1
104,1000,30.000000,0.000000,0,1,-2129560359,1399,0,1399,-73,0,18,1
104,1000,30.000000,0.000000,0,1,-2129560351,1399,0,1399,-73,0,18,1
104,1000,30.000000,0.000000,0,1,-2129560343,1399,0,1399,-73,0,18,1
104,1000,30.000000,0.000000,0,1,-2129560336,1399,0,1399,-73,0,18,1
104,1000,30.000000,0.000000,0,1,-2129560330,1399,0,1399,-73,0,18,1
104,1000,30.000000,0.000000,0,1,-2129560324,1399,0,1399,-73,0,18,1
104,1000,30.000000,0.000000,0,1,-2129560317,1399,0,1399,-73,0,18,1
104,1000,30.000000,0.000000,0,1,-2129560311,1399,0,1399,-73,0,18,1
104,1000,30.000000,0.000000,0,1,-2129560305,1399,0,1399,-73,0,18,1
104,1000,30.000000,0.000000,0,1,-2129560289,1399,0,1399,-73,0,18,1
104,1000,30.000000,0.000000,0,1,-2129560279,1399,0,1399,-74,0,18,1
104,1000,30.000000,0.000000,0,1,-2129560271,1399,0,1399,-74,0,18,1
104,1000,30.000000,0.000000,0,1,-2129560265,1399,0,1399,-74,0,18,1
104,1000,30.000000,0.000000,0,1,-2129560259,1399,0,1399,-74,0,18,1
104,1000,30.000000,0.000000,0,1,-2129560252,1399,0,1399,-74,0,18,1
104,1000,30.000000,0.000000,0,1,-2129560246,1401,0,1401,-74,0,18,1
104,1000,30.000000,0.000000,0,1,-2129560240,1404,0,1404,-74,0,18,1
104,1000,30.000000,0.000000,0,1,-2129560233,1409,0,1409,-75,0,18,1
104,1000,30.000000,0.000000,0,1,-2129560227,1416,0,1416,-75,0,18,1
104,1000,30.000000,0.000000,0,1,-2129560220,1427,0,1427,-77,0,18,1
104,1000,30.000000,0.000000,0,1,-2129560214,1438,0,1438,-77,0,18,1
104,1000,30.000000,0.000000,0,1,-2129560207,1450,0,1450,-79,0,18,1
104,1000,30.000000,0.000000,0,1,-2129560201,1461,0,1461,-80,0,18,1
104,1000,30.000000,0.000000,0,1,-2129560193,1478,0,1478,-81,0,18,1
104,1000,30.000000,0.000000,0,1,-2129560186,1490,0,1490,-83,0,18,1
104,1000,30.000000,0.000000,0,1,-2129560179,1502,0,1502,-85,0,18,1
104,1000,30.000000,0.000000,0,1,-2129560172,1512,0,1512,-86,0,18,1
104,1000,30.000000,0.000000,0,1,-2129560166,1521,0,1521,-87,0,18,1
104,1000,30.000000,0.000000,0,1,-2129560159,1527,0,1527,-89,0,18,1
104,1000,30.000000,0.000000,0,1,-2129560152,1533,0,1533,-89,0,18,1
104,1000,30.000000,0.000000,0,1,-2129560144,1537,0,1537,-90,0,18,1
104,1000,30.000000,0.000000,0,1,-2129560138,1540,0,1540,-91,0,18,1
104,1000,30.000000,0.000000,0,1,-2129560131,1541,0,1541,-91,0,18,1
104,1000,30.000000,0.000000,0,1,-2129560124,1542,0,1542,-91,0,18,1
104,1000,30.000000,0.000000,0,1,-2129560117,1541,0,1541,-91,0,18,1
104,1000,30.000000,0.000000,0,1,-2129560110,1539,0,1539,-91,0,18,1
104,1000,30.000000,0.000000,0,1,-2129560102,1536,0,1536,-91,0,18,1
104,1000,30.000000,0.000000,0,1,-2129560096,1531,0,1531,-91,0,18,1
104,1000,30.000000,0.000000,0,1,-2129560090,1528,0,1528,-91,0,18,1
104,1000,30.000000,0.000000,0,1,-2129560074,1526,0,1526,-91,0,18,1
104,1000,30.000000,0.000000,0,1,-2129560065,1526,0,1526,-91,0,18,1
104,1000,30.000000,0.000000,0,1,-2129560057,1526,0,1526,-91,0,18,1
104,1000,30.000000,0.000000,0,1,-2129560051,1526,0,1526,-92,0,18,1
104,1000,30.000000,0.000000,0,1,-2129560044,1526,0,1526,-92,0,18,1
104,1000,30.000000,0.000000,0,1,-2129560038,1526,0,1526,-92,0,18,1
104,1000,30.000000,0.000000,0,1,-2129560032,1526,0,1526,-92,0,18,1
104,1000,30.000000,0.000000,0,1,-2129560026,1526,0,1526,-92,0,18,1
104,1000,30.000000,0.000000,0,1,-2129560019,1526,0,1526,-92,0,18,1
104,1000,30.000000,0.000000,0,1,-2129560013,1525,0,1525,-92,0,18,1
104,1000,30.000000,0.000000,0,1,-2129560006,1523,0,1523,-92,0,18,1
104,1000,30.000000,0.000000,0,1,-2129559998,1520,0,1520,-92,0,18,1
104,1000,30.000000,0.000000,0,1,-2129559991,1517,0,1517,-92,0,18,1
104,1000,30.000000,0.000000,0,1,-2129559985,1513,0,1513,-92,0,18,1
104,1000,30.000000,0.000000,0,1,-2129559978,1509,0,1509,-92,0,18,1
104,1000,30.000000,0.000000,0,1,-2129559971,1503,0,1503,-92,0,18,1
104,1000,30.000000,0.000000,0,1,-2129559964,1497,0,1497,-92,0,18,1
104,1000,30.000000,0.000000,0,1,-2129559957,1492,0,1492,-92,0,18,1
104,1000,30.000000,0.000000,0,1,-2129559951,1490,0,1490,-92,0,18,1
104,1000,30.000000,0.000000,0,1,-2129559943,1489,0,1489,-92,0,18,1
104,1000,30.000000,0.000000,0,1,-2129559937,1488,0,1488,-92,0,18,1
104,1000,30.000000,0.000000,0,1,-2129559929,1487,0,1487,-92,0,18,1
104,1000,30.000000,0.000000,0,1,-2129559922,1485,0,1485,-93,0,18,1
104,1000,30.000000,0.000000,0,1,-2129559916,1483,0,1483,-93,0,18,1
104,1000,30.000000,0.000000,0,1,-2129559908,1481,0,1481,-94,0,18,1
104,1000,30.000000,0.000000,0,1,-2129559902,1479,0,1479,-94,0,18,1
104,1000,30.000000,0.000000,0,1,-2129559894,1476,0,1476,-95,0,18,1
104,1000,30.000000,0.000000,0,1,-2129559887,1475,0,1475,-96,0,18,1
104,1000,30.000000,0.000000,0,1,-2129559880,1473,0,1473,-97,0,18,1
104,1000,30.000000,0.000000,0,1,-2129559874,1472,0,1472,-97,0,18,1
104,1000,30.000000,0.000000,0,1,-2129559866,1471,0,1471,-97,0,18,1
104,1000,30.000000,0.000000,0,1,-2129559860,1470,0,1470,-97,0,18,1
104,1000,30.000000,0.000000,0,1,-2129559853,1470,0,1470,-97,0,18,1
104,1000,30.000000,0.000000,0,1,-2129559846,1470,0,1470,-97,0,18,1
104,1000,30.000000,0.000000,0,1,-2129559840,1470,0,1470,-97,0,18,1
104,1000,30.000000,0.000000,0,1,-2129559833,1470,0,1470,-97,0,18,1
104,1000,30.000000,0.000000,0,1,-2129559825,1470,0,1470,-97,0,18,1
104,1000,30.000000,0.000000,0,1,-2129559808,1470,0,1470,-97,0,18,1
