104,500,30.000000,0.000000,1,3,-2128600037,702,20,702,20,0,122,2
104,500,30.000000,0.000000,1,3,-2128600035,702,20,702,20,0,122,2
104,500,30.000000,0.000000,1,3,-2128600029,703,20,703,20,0,122,2
104,500,30.000000,0.000000,1,3,-2128600022,704,20,704,20,0,122,2
104,500,30.000000,0.000000,1,3,-2128600014,704,20,704,20,0,122,2
104,500,30.000000,0.000000,1,3,-2128599999,705,20,705,20,0,122,2
104,500,30.000000,0.000000,1,3,-2128599990,705,20,705,20,0,122,2
104,500,30.000000,0.000000,1,3,-2128599982,706,20,706,20,0,122,2
104,500,30.000000,0.000000,1,3,-2128599975,709,20,709,20,0,122,2
104,500,30.000000,0.000000,1,3,-2128599968,712,21,712,21,0,122,2
104,500,30.000000,0.000000,1,3,-2128599962,718,22,718,22,0,122,2
104,500,30.000000,0.000000,1,3,-2128599956,726,23,726,23,0,122,2
104,500,30.000000,0.000000,1,3,-2128599950,739,25,739,25,0,122,2
104,500,30.000000,0.000000,1,3,-2128599943,754,26,754,26,0,122,2
104,500,30.000000,0.000000,1,3,-2128599936,778,28,778,28,0,122,2
104,500,30.000000,0.000000,1,3,-2128599929,812,30,812,30,0,122,2
104,500,30.000000,0.000000,1,3,-2128599922,860,33,860,33,0,122,2
104,500,30.000000,0.000000,1,3,-2128599915,908,36,908,36,0,122,2
104,500,30.000000,0.000000,1,3,-2128599908,958,38,958,38,0,122,2
104,500,30.000000,0.000000,1,3,-2128599901,1011,40,1011,40,0,122,2
104,500,30.000000,0.000000,1,3,-2128599894,1047,41,1047,41,0,122,2
104,500,30.000000,0.000000,1,3,-2128599887,1101,43,1101,43,0,122,2
104,500,30.000000,0.000000,1,3,-2128599880,1144,43,1144,43,0,122,2
104,500,30.000000,0.000000,1,3,-2128599874,1179,43,1179,43,0,122,2
104,500,30.000000,0.000000,1,3,-2128599868,1203,43,1203,43,0,122,2
104,500,30.000000,0.000000,1,3,-2128599861,1229,43,1229,43,0,122,2
104,500,30.000000,0.000000,1,3,-2128599855,1240,43,1240,43,0,122,2
104,500,30.000000,0.000000,1,3,-2128599848,1248,42,1248,42,0,122,2
104,500,30.000000,0.000000,1,3,-2128599841,1251,41,1251,41,0,122,2
104,500,30.000000,0.000000,1,3,-2128599833,1252,40,1252,40,0,122,2
104,500,30.000000,0.000000,1,3,-2128599827,1252,39,1252,39,0,122,2
104,500,30.000000,0.000000,1,3,-2128599821,1253,36,1253,36,0,122,2
104,500,30.000000,0.000000,1,3,-2128599813,1253,34,1253,34,0,122,2
104,500,30.000000,0.000000,1,3,-2128599806,1254,32,1254,32,0,122,2
104,500,30.000000,0.000000,1,3,-2128599800,1255,29,1255,29,0,122,2
104,500,30.000000,0.000000,1,3,-2128599792,1256,27,1256,27,0,122,2
104,500,30.000000,0.000000,1,3,-2128599785,1258,26,1258,26,0,122,2
104,500,30.000000,0.000000,1,3,-2128599778,1258,25,1258,25,0,122,2
104,500,30.000000,0.000000,1,3,-2128599771,1259,24,1259,24,0,122,2
104,500,30.000000,0.000000,1,3,-2128599764,1260,23,1260,23,0,122,2
104,500,30.000000,0.000000,1,3,-2128599757,1260,23,1260,23,0,122,2
104,500,30.000000,0.000000,1,3,-2128599751,1260,23,1260,23,0,122,2
104,500,30.000000,0.000000,1,3,-2128599744,1260,23,1260,23,0,122,2
104,500,30.000000,0.000000,1,3,-2128599737,1260,23,1260,23,0,122,2
104,500,30.000000,0.000000,1,3,-2128599730,1260,23,1260,23,0,122,2
104,500,30.000000,0.000000,1,3,-2128599723,1260,23,1260,23,0,122,2
104,500,30.000000,0.000000,1,3,-2128599716,1260,23,1260,23,0,122,2
104,500,30.000000,0.000000,1,3,-2128599709,1258,23,1258,23,0,122,2
104,500,30.000000,0.000000,1,3,-2128599701,1256,23,1256,23,0,122,2
104,500,30.000000,0.000000,1,3,-2128599695,1254,22,1254,22,0,122,2
104,500,30.000000,0.000000,1,3,-2128599688,1253,22,1253,22,0,122,2
104,500,30.000000,0.000000,1,3,-2128599681,1251,21,1251,21,0,122,2
104,500,30.000000,0.000000,1,3,-2128599674,1249,20,1249,20,0,122,2
104,500,30.000000,0.000000,1,3,-2128599667,1246,19,1246,19,0,122,2
104,500,30.000000,0.000000,1,3,-2128599661,1242,18,1242,18,0,122,2
104,500,30.000000,0.000000,1,3,-2128599653,1237,18,1237,18,0,122,2
104,500,30.000000,0.000000,1,3,-2128599647,1227,17,1227,17,0,122,2
104,500,30.000000,0.000000,1,3,-2128599640,1219,16,1219,16,0,122,2
104,500,30.000000,0.000000,1,3,-2128599633,1207,16,1207,16,0,122,2
104,500,30.000000,0.000000,1,3,-2128599626,1199,16,1199,16,0,122,2
104,500,30.000000,0.000000,1,3,-2128599619,1194,16,1194,16,0,122,2
104,500,30.000000,0.000000,1,3,-2128599612,1192,15,1192,15,0,122,2
104,500,30.000000,0.000000,1,3,-2128599605,1190,14,1190,14,0,122,2
104,500,30.000000,0.000000,1,3,-2128599598,1190,14,1190,14,0,122,2
104,500,30.000000,0.000000,1,3,-2128599591,1190,14,1190,14,0,122,2
104,500,30.000000,0.000000,1,3,-2128599584,1190,14,1190,14,0,122,2
104,500,30.000000,0.000000,1,3,-2128599577,1190,14,1190,14,0,122,2
104,500,30.000000,0.000000,1,3,-2128599570,1191,13,1191,13,0,122,2
104,500,30.000000,0.000000,1,3,-2128599563,1192,13,1192,13,0,122,2
104,500,30.000000,0.000000,1,3,-2128599556,1193,13,1193,13,0,122,2
104,500,30.000000,0.000000,1,3,-2128599548,1195,13,1195,13,0,122,2
104,500,30.000000,0.000000,1,3,-2128599542,1196,13,1196,13,0,122,2
104,500,30.000000,0.000000,1,3,-2128599534,1197,13,1197,13,0,122,2
104,500,30.000000,0.000000,1,3,-2128599527,1197,14,1197,14,0,122,2
104,500,30.000000,0.000000,1,3,-2128599521,1197,15,1197,15,0,122,2
104,500,30.000000,0.000000,1,3,-2128599514,1197,15,1197,15,0,122,2
104,500,30.000000,0.000000,1,3,-2128599508,1197,15,1197,15,0,122,2
104,500,30.000000,0.000000,1,3,-2128599501,1197,15,1197,15,0,122,2
104,500,30.000000,0.000000,1,3,-2128599493,1197,15,1197,15,0,122,2
104,500,30.000000,0.000000,1,3,-2128599487,1197,15,1197,15,0,122,2
104,500,30.000000,0.000000,1,3,-2128599479,1197,15,1197,15,0,122,2
104,500,30.000000,0.000000,1,3,-2128599473,1197,15,1197,15,0,122,2
104,500,30.000000,0.000000,1,3,-2128599466,1197,15,1197,15,0,122,2
104,500,30.000000,0.000000,1,3,-2128599459,1197,15,1197,15,0,122,2
104,500,30.000000,0.000000,1,3,-2128599452,1197,15,1197,15,0,122,2
104,500,30.000000,0.000000,1,3,-2128599445,1198,16,1198,16,0,122,2
104,500,30.000000,0.000000,1,3,-2128599438,1199,16,1199,16,0,122,2
104,500,30.000000,0.000000,1,3,-2128599431,1200,17,1200,17,0,122,2
104,500,30.000000,0.000000,1,3,-2128599424,1201,18,1201,18,0,122,2
104,500,30.000000,0.000000,1,3,-2128599417,1202,19,1202,19,0,122,2
104,500,30.000000,0.000000,1,3,-2128599411,1203,20,1203,20,0,122,2
104,500,30.000000,0.000000,1,3,-2128599404,1203,20,1203,20,0,122,2
104,500,30.000000,0.000000,1,3,-2128599397,1203,20,1203,20,0,122,2
104,500,30.000000,0.000000,1,3,-2128599390,1203,20,1203,20,0,122,2
104,500,30.000000,0.000000,1,3,-2128599383,1203,20,1203,20,0,122,2
104,500,30.000000,0.000000,1,3,-2128599376,1203,20,1203,20,0,122,2
104,500,30.000000,0.000000,1,3,-2128599368,1203,20,1203,20,0,122,2
104,500,30.000000,0.000000,1,3,-2128599350,1203,20,1203,20,0,122,2
