104,1000,30.000000,0.000000,0,3,-2128862294,464,0,464,0,0,92,0
104,1000,30.000000,0.000000,0,3,-2128862292,464,0,464,0,0,92,0
104,1000,30.000000,0.000000,0,3,-2128862286,464,0,464,0,0,92,0
104,1000,30.000000,0.000000,0,3,-2128862279,464,0,464,0,0,92,0
104,1000,30.000000,0.000000,0,3,-2128862272,464,0,464,0,0,92,0
104,1000,30.000000,0.000000,0,3,-2128862265,464,0,464,0,0,92,0
104,1000,30.000000,0.000000,0,3,-2128862258,464,0,464,0,0,92,0
104,1000,30.000000,0.000000,0,3,-2128862251,464,0,464,0,0,92,0
104,1000,30.000000,0.000000,0,3,-2128862245,464,0,464,0,0,92,0
104,1000,30.000000,0.000000,0,3,-2128862229,464,0,464,0,0,92,0
104,1000,30.000000,0.000000,0,3,-2128862220,468,0,468,-1,0,92,0
104,1000,30.000000,0.000000,0,3,-2128862212,479,0,479,-3,0,92,0
104,1000,30.000000,0.000000,0,3,-2128862205,497,0,497,-3,0,92,0
104,1000,30.000000,0.000000,0,3,-2128862198,520,0,520,-4,0,92,0
104,1000,30.000000,0.000000,0,3,-2128862193,548,0,548,-4,0,92,0
104,1000,30.000000,0.000000,0,3,-2128862185,586,0,586,-4,0,92,0
104,1000,30.000000,0.000000,0,3,-2128862180,639,2,639,-2,0,92,0
104,1000,30.000000,0.000000,0,3,-2128862173,679,3,679,-1,0,92,0
104,1000,30.000000,0.000000,0,3,-2128862167,734,3,734,-1,0,92,0
104,1000,30.000000,0.000000,0,3,-2128862160,804,3,804,-1,0,92,0
104,1000,30.000000,0.000000,0,3,-2128862153,883,5,883,1,0,92,0
104,1000,30.000000,0.000000,0,3,-2128862147,975,5,975,1,0,92,0
104,1000,30.000000,0.000000,0,3,-2128862140,1067,4,1067,0,0,92,0
104,1000,30.000000,0.000000,0,3,-2128862133,1149,3,1149,-1,0,92,0
104,1000,30.000000,0.000000,0,3,-2128862127,1245,1,1245,-3,0,92,0
104,1000,30.000000,0.000000,0,3,-2128862120,1341,0,1341,-5,0,92,0
104,1000,30.000000,0.000000,0,3,-2128862112,1421,0,1421,-7,0,92,0
104,1000,30.000000,0.000000,0,3,-2128862105,1488,0,1488,-8,0,92,0
104,1000,30.000000,0.000000,0,3,-2128862099,1530,0,1530,-10,0,92,0
104,1000,30.000000,0.000000,0,3,-2128862092,1567,0,1567,-13,0,92,0
104,1000,30.000000,0.000000,0,3,-2128862085,1592,0,1592,-15,0,92,0
104,1000,30.000000,0.000000,0,3,-2128862078,1606,0,1606,-17,0,92,0
104,1000,30.000000,0.000000,0,3,-2128862071,1609,0,1609,-18,0,92,0
104,1000,30.000000,0.000000,0,3,-2128862064,1609,0,1609,-19,0,92,0
104,1000,30.000000,0.000000,0,3,-2128862057,1607,0,1607,-20,0,92,0
104,1000,30.000000,0.000000,0,3,-2128862050,1603,0,1603,-21,0,92,0
104,1000,30.000000,0.000000,0,3,-2128862043,1598,0,1598,-22,0,92,0
104,1000,30.000000,0.000000,0,3,-2128862036,1592,0,1592,-23,0,92,0
104,1000,30.000000,0.000000,0,3,-2128862030,1587,0,1587,-23,0,92,0
104,1000,30.000000,0.000000,0,3,-2128862023,1585,0,1585,-24,0,92,0
104,1000,30.000000,0.000000,0,3,-2128862016,1583,0,1583,-24,0,92,0
104,1000,30.000000,0.000000,0,3,-2128862008,1582,0,1582,-25,0,92,0
104,1000,30.000000,0.000000,0,3,-2128862002,1581,0,1581,-26,0,92,0
104,1000,30.000000,0.000000,0,3,-2128861994,1580,0,1580,-26,0,92,0
104,1000,30.000000,0.000000,0,3,-2128861979,1579,0,1579,-26,0,92,0
104,1000,30.000000,0.000000,0,3,-2128861970,1578,0,1578,-26,0,92,0
104,1000,30.000000,0.000000,0,3,-2128861962,1578,0,1578,-26,0,92,0
104,1000,30.000000,0.000000,0,3,-2128861956,1578,0,1578,-26,0,92,0
104,1000,30.000000,0.000000,0,3,-2128861949,1576,0,1576,-26,0,92,0
104,1000,30.000000,0.000000,0,3,-2128861943,1575,0,1575,-27,0,92,0
104,1000,30.000000,0.000000,0,3,-2128861936,1573,0,1573,-27,0,92,0
104,1000,30.000000,0.000000,0,3,-2128861930,1571,0,1571,-28,0,92,0
104,1000,30.000000,0.000000,0,3,-2128861924,1566,0,1566,-28,0,92,0
104,1000,30.000000,0.000000,0,3,-2128861917,1560,0,1560,-29,0,92,0
104,1000,30.000000,0.000000,0,3,-2128861910,1554,0,1554,-29,0,92,0
104,1000,30.000000,0.000000,0,3,-2128861904,1543,0,1543,-30,0,92,0
104,1000,30.000000,0.000000,0,3,-2128861897,1537,0,1537,-30,0,92,0
104,1000,30.000000,0.000000,0,3,-2128861889,1530,0,1530,-31,0,92,0
104,1000,30.000000,0.000000,0,3,-2128861883,1522,0,1522,-32,0,92,0
104,1000,30.000000,0.000000,0,3,-2128861877,1517,0,1517,-33,0,92,0
104,1000,30.000000,0.000000,0,3,-2128861870,1511,0,1511,-34,0,92,0
104,1000,30.000000,0.000000,0,3,-2128861863,1504,0,1504,-34,0,92,0
104,1000,30.000000,0.000000,0,3,-2128861856,1496,0,1496,-35,0,92,0
104,1000,30.000000,0.000000,0,3,-2128861848,1487,0,1487,-36,0,92,0
104,1000,30.000000,0.000000,0,3,-2128861842,1478,0,1478,-36,0,92,0
104,1000,30.000000,0.000000,0,3,-2128861835,1469,0,1469,-37,0,92,0
104,1000,30.000000,0.000000,0,3,-2128861828,1459,0,1459,-38,0,92,0
104,1000,30.000000,0.000000,0,3,-2128861821,1451,0,1451,-38,0,92,0
104,1000,30.000000,0.000000,0,3,-2128861814,1445,0,1445,-38,0,92,0
104,1000,30.000000,0.000000,0,3,-2128861806,1442,0,1442,-38,0,92,0
104,1000,30.000000,0.000000,0,3,-2128861800,1440,0,1440,-39,0,92,0
104,1000,30.000000,0.000000,0,3,-2128861792,1438,0,1438,-40,0,92,0
104,1000,30.000000,0.000000,0,3,-2128861787,1438,0,1438,-40,0,92,0
104,1000,30.000000,0.000000,0,3,-2128861780,1438,0,1438,-40,0,92,0
104,1000,30.000000,0.000000,0,3,-2128861773,1440,0,1440,-41,0,92,0
104,1000,30.000000,0.000000,0,3,-2128861766,1442,0,1442,-42,0,92,0
104,1000,30.000000,0.000000,0,3,-2128861758,1445,0,1445,-42,0,92,0
104,1000,30.000000,0.000000,0,3,-2128861751,1449,0,1449,-43,0,92,0
104,1000,30.000000,0.000000,0,3,-2128861744,1451,0,1451,-43,0,92,0
104,1000,30.000000,0.000000,0,3,-2128861737,1452,0,1452,-44,0,92,0
104,1000,30.000000,0.000000,0,3,-2128861730,1453,0,1453,-45,0,92,0
104,1000,30.000000,0.000000,0,3,-2128861723,1453,0,1453,-45,0,92,0
104,1000,30.000000,0.000000,0,3,-2128861716,1453,0,1453,-45,0,92,0
104,1000,30.000000,0.000000,0,3,-2128861710,1453,0,1453,-45,0,92,0
104,1000,30.000000,0.000000,0,3,-2128861703,1453,0,1453,-45,0,92,0
104,1000,30.000000,0.000000,0,3,-2128861695,1453,0,1453,-45,0,92,0
104,1000,30.000000,0.000000,0,3,-2128861689,1453,0,1453,-45,0,92,0
104,1000,30.000000,0.000000,0,3,-2128861682,1453,0,1453,-45,0,92,0
104,1000,30.000000,0.000000,0,3,-2128861675,1453,0,1453,-45,0,92,0
104,1000,30.000000,0.000000,0,3,-2128861668,1453,0,1453,-45,0,92,0
104,1000,30.000000,0.000000,0,3,-2128861660,1454,0,1454,-45,0,92,0
104,1000,30.000000,0.000000,0,3,-2128861654,1455,0,1455,-45,0,92,0
104,1000,30.000000,0.000000,0,3,-2128861647,1457,0,1457,-45,0,92,0
104,1000,30.000000,0.000000,0,3,-2128861641,1459,0,1459,-45,0,92,0
104,1000,30.000000,0.000000,0,3,-2128861634,1461,0,1461,-45,0,92,0
104,1000,30.000000,0.000000,0,3,-2128861627,1464,0,1464,-45,0,92,0
104,1000,30.000000,0.000000,0,3,-2128861619,1464,0,1464,-45,0,92,0
104,1000,30.000000,0.000000,0,3,-2128861613,1464,0,1464,-45,0,92,0
104,1000,30.000000,0.000000,0,3,-2128861606,1464,0,1464,-45,0,92,0
104,1000,30.000000,0.000000,0,3,-2128861599,1464,0,1464,-45,0,92,0
104,1000,30.000000,0.000000,0,3,-2128861591,1464,0,1464,-45,0,92,0
104,1000,30.000000,0.000000,0,3,-2128861584,1463,0,1463,-45,0,92,0
104,1000,30.000000,0.000000,0,3,-2128861578,1462,0,1462,-45,0,92,0
104,1000,30.000000,0.000000,0,3,-2128861570,1461,1,1461,-44,0,92,0
104,1000,30.000000,0.000000,0,3,-2128861564,1460,2,1460,-43,0,92,0
104,1000,30.000000,0.000000,0,3,-2128861557,1459,2,1459,-43,0,92,0
104,1000,30.000000,0.000000,0,3,-2128861539,1459,3,1459,-42,0,92,0
