104,1000,30.000000,10000.000000,0,3,-2128786741,458,0,458,0,0,101,3
104,1000,30.000000,10000.000000,0,3,-2128786739,458,0,458,0,0,101,3
104,1000,30.000000,10000.000000,0,3,-2128786732,458,0,458,0,0,101,3
104,1000,30.000000,10000.000000,0,3,-2128786726,458,0,458,0,0,101,3
104,1000,30.000000,10000.000000,0,3,-2128786718,458,0,458,0,0,101,3
104,1000,30.000000,10000.000000,0,3,-2128786711,458,0,458,0,0,101,3
104,1000,30.000000,10000.000000,0,3,-2128786704,458,0,458,0,0,101,3
104,1000,30.000000,10000.000000,0,3,-2128786697,458,0,458,0,0,101,3
104,1000,30.000000,10000.000000,0,3,-2128786690,458,0,458,0,0,101,3
104,1000,30.000000,10000.000000,0,3,-2128786683,458,0,458,0,0,101,3
104,1000,30.000000,10000.000000,0,3,-2128786677,460,0,460,0,0,101,3
104,1000,30.000000,10000.000000,0,3,-2128786670,466,0,466,-1,0,101,3
104,1000,30.000000,10000.000000,0,3,-2128786662,479,0,479,-2,0,101,3
104,1000,30.000000,10000.000000,0,3,-2128786656,492,0,492,-2,0,101,3
104,1000,30.000000,10000.000000,0,3,-2128786649,516,0,516,-2,0,101,3
104,1000,30.000000,10000.000000,0,3,-2128786642,555,0,555,-2,0,101,3
104,1000,30.000000,10000.000000,0,3,-2128786635,600,0,600,-2,0,101,3
104,1000,30.000000,10000.000000,0,3,-2128786627,651,0,651,-2,0,101,3
104,1000,30.000000,10000.000000,0,3,-2128786621,714,0,714,-2,0,101,3
104,1000,30.000000,10000.000000,0,3,-2128786614,759,0,759,-2,0,101,3
104,1000,30.000000,10000.000000,0,3,-2128786607,858,0,858,-2,0,101,3
104,1000,30.000000,10000.000000,0,3,-2128786600,926,1,926,-1,0,101,3
104,1000,30.000000,10000.000000,0,3,-2128786593,989,1,989,-1,0,101,3
104,1000,30.000000,10000.000000,0,3,-2128786586,1080,1,1080,-1,0,101,3
104,1000,30.000000,10000.000000,0,3,-2128786579,1148,1,1148,-1,0,101,3
104,1000,30.000000,10000.000000,0,3,-2128786571,1222,1,1222,-1,0,101,3
104,1000,30.000000,10000.000000,0,3,-2128786565,1280,1,1280,-1,0,101,3
104,1000,30.000000,10000.000000,0,3,-2128786558,1329,1,1329,-1,0,101,3
104,1000,30.000000,10000.000000,0,3,-2128786551,1381,0,1381,-2,0,101,3
104,1000,30.000000,10000.000000,0,3,-2128786544,1424,0,1424,-3,0,101,3
104,1000,30.000000,10000.000000,0,3,-2128786538,1453,0,1453,-4,0,101,3
104,1000,30.000000,10000.000000,0,3,-2128786531,1467,0,1467,-5,0,101,3
104,1000,30.000000,10000.000000,0,3,-2128786523,1473,0,1473,-6,0,101,3
104,1000,30.000000,10000.000000,0,3,-2128786517,1473,0,1473,-7,0,101,3
104,1000,30.000000,10000.000000,0,3,-2128786510,1473,0,1473,-8,0,101,3
104,1000,30.000000,10000.000000,0,3,-2128786503,1473,0,1473,-9,0,101,3
104,1000,30.000000,10000.000000,0,3,-2128786497,1472,0,1472,-10,0,101,3
104,1000,30.000000,10000.000000,0,3,-2128786490,1472,0,1472,-11,0,101,3
104,1000,30.000000,10000.000000,0,3,-2128786474,1471,0,1471,-12,0,101,3
104,1000,30.000000,10000.000000,0,3,-2128786465,1468,0,1468,-14,0,101,3
104,1000,30.000000,10000.000000,0,3,-2128786457,1466,0,1466,-14,0,101,3
104,1000,30.000000,10000.000000,0,3,-2128786450,1464,0,1464,-15,0,101,3
104,1000,30.000000,10000.000000,0,3,-2128786444,1462,0,1462,-15,0,101,3
104,1000,30.000000,10000.000000,0,3,-2128786438,1461,0,1461,-15,0,101,3
104,1000,30.000000,10000.000000,0,3,-2128786432,1459,0,1459,-15,0,101,3
104,1000,30.000000,10000.000000,0,3,-2128786425,1457,0,1457,-16,0,101,3
104,1000,30.000000,10000.000000,0,3,-2128786419,1456,0,1456,-16,0,101,3
104,1000,30.000000,10000.000000,0,3,-2128786412,1454,0,1454,-16,0,101,3
104,1000,30.000000,10000.000000,0,3,-2128786406,1454,0,1454,-16,0,101,3
104,1000,30.000000,10000.000000,0,3,-2128786398,1454,0,1454,-16,0,101,3
104,1000,30.000000,10000.000000,0,3,-2128786392,1454,0,1454,-17,0,101,3
104,1000,30.000000,10000.000000,0,3,-2128786385,1455,0,1455,-18,0,101,3
104,1000,30.000000,10000.000000,0,3,-2128786378,1456,0,1456,-18,0,101,3
104,1000,30.000000,10000.000000,0,3,-2128786370,1457,0,1457,-19,0,101,3
104,1000,30.000000,10000.000000,0,3,-2128786364,1458,0,1458,-19,0,101,3
104,1000,30.000000,10000.000000,0,3,-2128786357,1459,0,1459,-19,0,101,3
104,1000,30.000000,10000.000000,0,3,-2128786351,1459,0,1459,-19,0,101,3
104,1000,30.000000,10000.000000,0,3,-2128786343,1459,0,1459,-19,0,101,3
104,1000,30.000000,10000.000000,0,3,-2128786336,1459,0,1459,-20,0,101,3
104,1000,30.000000,10000.000000,0,3,-2128786329,1459,0,1459,-21,0,101,3
104,1000,30.000000,10000.000000,0,3,-2128786322,1459,0,1459,-21,0,101,3
104,1000,30.000000,10000.000000,0,3,-2128786315,1459,0,1459,-21,0,101,3
104,1000,30.000000,10000.000000,0,3,-2128786309,1458,0,1458,-21,0,101,3
104,1000,30.000000,10000.000000,0,3,-2128786301,1458,0,1458,-21,0,101,3
104,1000,30.000000,10000.000000,0,3,-2128786295,1458,0,1458,-21,0,101,3
104,1000,30.000000,10000.000000,0,3,-2128786288,1458,0,1458,-22,0,101,3
104,1000,30.000000,10000.000000,0,3,-2128786269,1458,0,1458,-23,0,101,3
