104,1000,30.000000,60.000000,0,1,-2129681164,456,0,456,0,0,3,5
104,1000,30.000000,60.000000,0,1,-2129681162,456,0,456,0,0,3,5
104,1000,30.000000,60.000000,0,1,-2129681156,456,0,456,0,0,3,5
104,1000,30.000000,60.000000,0,1,-2129681149,456,0,456,0,0,3,5
104,1000,30.000000,60.000000,0,1,-2129681143,456,0,456,0,0,3,5
104,1000,30.000000,60.000000,0,1,-2129681135,456,0,456,0,0,3,5
104,1000,30.000000,60.000000,0,1,-2129681127,456,0,456,0,0,3,5
104,1000,30.000000,60.000000,0,1,-2129681121,456,0,456,0,0,3,5
104,1000,30.000000,60.000000,0,1,-2129681113,456,0,456,0,0,3,5
104,1000,30.000000,60.000000,0,1,-2129681107,457,0,457,0,0,3,5
104,1000,30.000000,60.000000,0,1,-2129681101,458,0,458,-1,0,3,5
104,1000,30.000000,60.000000,0,1,-2129681093,461,0,461,-2,0,3,5
104,1000,30.000000,60.000000,0,1,-2129681085,467,0,467,-4,0,3,5
104,1000,30.000000,60.000000,0,1,-2129681076,476,0,476,-6,0,3,5
104,1000,30.000000,60.000000,0,1,-2129681068,501,0,501,-10,0,3,5
104,1000,30.000000,60.000000,0,1,-2129681062,531,0,531,-13,0,3,5
104,1000,30.000000,60.000000,0,1,-2129681054,570,0,570,-17,0,3,5
104,1000,30.000000,60.000000,0,1,-2129681047,630,0,630,-23,0,3,5
104,1000,30.000000,60.000000,0,1,-2129681041,692,0,692,-28,0,3,5
104,1000,30.000000,60.000000,0,1,-2129681034,746,0,746,-32,0,3,5
104,1000,30.000000,60.000000,0,1,-2129681028,815,0,815,-38,0,3,5
104,1000,30.000000,60.000000,0,1,-2129681022,879,0,879,-43,0,3,5
104,1000,30.000000,60.000000,0,1,-2129681016,934,0,934,-48,0,3,5
104,1000,30.000000,60.000000,0,1,-2129681009,1028,0,1028,-54,0,3,5
104,1000,30.000000,60.000000,0,1,-2129681003,1099,0,1099,-59,0,3,5
104,1000,30.000000,60.000000,0,1,-2129680996,1155,0,1155,-62,0,3,5
104,1000,30.000000,60.000000,0,1,-2129680989,1240,0,1240,-69,0,3,5
104,1000,30.000000,60.000000,0,1,-2129680982,1309,0,1309,-75,0,3,5
104,1000,30.000000,60.000000,0,1,-2129680975,1365,0,1365,-79,0,3,5
104,1000,30.000000,60.000000,0,1,-2129680968,1405,0,1405,-82,0,3,5
104,1000,30.000000,60.000000,0,1,-2129680961,1433,0,1433,-84,0,3,5
104,1000,30.000000,60.000000,0,1,-2129680954,1456,0,1456,-85,0,3,5
104,1000,30.000000,60.000000,0,1,-2129680947,1466,0,1466,-86,0,3,5
104,1000,30.000000,60.000000,0,1,-2129680941,1469,0,1469,-86,0,3,5
104,1000,30.000000,60.000000,0,1,-2129680934,1469,0,1469,-87,0,3,5
104,1000,30.000000,60.000000,0,1,-2129680926,1469,0,1469,-88,0,3,5
104,1000,30.000000,60.000000,0,1,-2129680920,1467,0,1467,-88,0,3,5
104,1000,30.000000,60.000000,0,1,-2129680913,1464,0,1464,-88,0,3,5
104,1000,30.000000,60.000000,0,1,-2129680906,1459,0,1459,-88,0,3,5
104,1000,30.000000,60.000000,0,1,-2129680899,1453,0,1453,-88,0,3,5
104,1000,30.000000,60.000000,0,1,-2129680892,1448,0,1448,-88,0,3,5
104,1000,30.000000,60.000000,0,1,-2129680886,1439,0,1439,-89,0,3,5
104,1000,30.000000,60.000000,0,1,-2129680878,1434,0,1434,-89,0,3,5
104,1000,30.000000,60.000000,0,1,-2129680870,1429,0,1429,-89,0,3,5
104,1000,30.000000,60.000000,0,1,-2129680864,1424,0,1424,-90,0,3,5
104,1000,30.000000,60.000000,0,1,-2129680858,1415,0,1415,-91,0,3,5
104,1000,30.000000,60.000000,0,1,-2129680851,1411,0,1411,-92,0,3,5
104,1000,30.000000,60.000000,0,1,-2129680844,1408,0,1408,-93,0,3,5
104,1000,30.000000,60.000000,0,1,-2129680837,1405,0,1405,-94,0,3,5
104,1000,30.000000,60.000000,0,1,-2129680830,1403,0,1403,-95,0,3,5
104,1000,30.000000,60.000000,0,1,-2129680823,1402,0,1402,-95,0,3,5
104,1000,30.000000,60.000000,0,1,-2129680815,1401,0,1401,-95,0,3,5
104,1000,30.000000,60.000000,0,1,-2129680808,1400,0,1400,-95,0,3,5
104,1000,30.000000,60.000000,0,1,-2129680801,1400,0,1400,-95,0,3,5
104,1000,30.000000,60.000000,0,1,-2129680795,1400,0,1400,-95,0,3,5
104,1000,30.000000,60.000000,0,1,-2129680788,1400,0,1400,-95,0,3,5
104,1000,30.000000,60.000000,0,1,-2129680780,1400,0,1400,-96,0,3,5
104,1000,30.000000,60.000000,0,1,-2129680774,1400,0,1400,-98,0,3,5
104,1000,30.000000,60.000000,0,1,-2129680767,1400,0,1400,-99,0,3,5
104,1000,30.000000,60.000000,0,1,-2129680760,1401,0,1401,-99,0,3,5
104,1000,30.000000,60.000000,0,1,-2129680753,1401,0,1401,-100,0,3,5
104,1000,30.000000,60.000000,0,1,-2129680747,1402,0,1402,-101,0,3,5
104,1000,30.000000,60.000000,0,1,-2129680739,1403,0,1403,-102,0,3,5
104,1000,30.000000,60.000000,0,1,-2129680732,1404,0,1404,-103,0,3,5
104,1000,30.000000,60.000000,0,1,-2129680725,1405,0,1405,-103,0,3,5
104,1000,30.000000,60.000000,0,1,-2129680719,1406,0,1406,-103,0,3,5
104,1000,30.000000,60.000000,0,1,-2129680711,1407,0,1407,-103,0,3,5
104,1000,30.000000,60.000000,0,1,-2129680704,1408,0,1408,-103,0,3,5
104,1000,30.000000,60.000000,0,1,-2129680698,1410,0,1410,-103,0,3,5
104,1000,30.000000,60.000000,0,1,-2129680691,1412,0,1412,-105,0,3,5
104,1000,30.000000,60.000000,0,1,-2129680684,1415,0,1415,-106,0,3,5
104,1000,30.000000,60.000000,0,1,-2129680676,1419,0,1419,-107,0,3,5
104,1000,30.000000,60.000000,0,1,-2129680669,1422,0,1422,-109,0,3,5
104,1000,30.000000,60.000000,0,1,-2129680662,1425,0,1425,-110,0,3,5
104,1000,30.000000,60.000000,0,1,-2129680655,1427,0,1427,-110,0,3,5
104,1000,30.000000,60.000000,0,1,-2129680649,1427,0,1427,-111,0,3,5
104,1000,30.000000,60.000000,0,1,-2129680642,1427,0,1427,-112,0,3,5
104,1000,30.000000,60.000000,0,1,-2129680635,1428,0,1428,-112,0,3,5
104,1000,30.000000,60.000000,0,1,-2129680628,1428,0,1428,-113,0,3,5
104,1000,30.000000,60.000000,0,1,-2129680621,1428,0,1428,-114,0,3,5
104,1000,30.000000,60.000000,0,1,-2129680614,1428,0,1428,-114,0,3,5
104,1000,30.000000,60.000000,0,1,-2129680608,1428,0,1428,-114,0,3,5
104,1000,30.000000,60.000000,0,1,-2129680601,1428,0,1428,-114,0,3,5
104,1000,30.000000,60.000000,0,1,-2129680594,1428,0,1428,-114,0,3,5
104,1000,30.000000,60.000000,0,1,-2129680586,1428,0,1428,-114,0,3,5
104,1000,30.000000,60.000000,0,1,-2129680580,1429,0,1429,-114,0,3,5
104,1000,30.000000,60.000000,0,1,-2129680573,1429,0,1429,-115,0,3,5
104,1000,30.000000,60.000000,0,1,-2129680565,1430,0,1430,-115,0,3,5
104,1000,30.000000,60.000000,0,1,-2129680559,1431,0,1431,-115,0,3,5
104,1000,30.000000,60.000000,0,1,-2129680552,1432,0,1432,-115,0,3,5
104,1000,30.000000,60.000000,0,1,-2129680544,1433,0,1433,-116,0,3,5
104,1000,30.000000,60.000000,0,1,-2129680538,1434,0,1434,-117,0,3,5
104,1000,30.000000,60.000000,0,1,-2129680530,1435,0,1435,-117,0,3,5
104,1000,30.000000,60.000000,0,1,-2129680524,1437,0,1437,-117,0,3,5
104,1000,30.000000,60.000000,0,1,-2129680517,1438,0,1438,-118,0,3,5
104,1000,30.000000,60.000000,0,1,-2129680509,1440,0,1440,-118,0,3,5
104,1000,30.000000,60.000000,0,1,-2129680502,1441,0,1441,-118,0,3,5
104,1000,30.000000,60.000000,0,1,-2129680496,1441,0,1441,-119,0,3,5
104,1000,30.000000,60.000000,0,1,-2129680489,1441,0,1441,-120,0,3,5
104,1000,30.000000,60.000000,0,1,-2129680471,1441,0,1441,-120,1,3,5
