104,500,30.000000,0.000000,1,1,-2129327607,705,15,705,15,0,40,4
104,500,30.000000,0.000000,1,1,-2129327605,705,15,705,15,0,40,4
104,500,30.000000,0.000000,1,1,-2129327597,705,15,705,15,0,40,4
104,500,30.000000,0.000000,1,1,-2129327591,705,15,705,15,0,40,4
104,500,30.000000,0.000000,1,1,-2129327584,705,15,705,15,0,40,4
104,500,30.000000,0.000000,1,1,-2129327578,705,15,705,15,0,40,4
104,500,30.000000,0.000000,1,1,-2129327572,705,15,705,15,0,40,4
104,500,30.000000,0.000000,1,1,-2129327566,705,15,705,15,0,40,4
104,500,30.000000,0.000000,1,1,-2129327560,705,15,705,15,0,40,4
104,500,30.000000,0.000000,1,1,-2129327553,705,15,705,15,0,40,4
104,500,30.000000,0.000000,1,1,-2129327547,705,15,705,15,0,40,4
104,500,30.000000,0.000000,1,1,-2129327540,706,15,706,15,0,40,4
104,500,30.000000,0.000000,1,1,-2129327533,710,15,710,15,0,40,4
104,500,30.000000,0.000000,1,1,-2129327525,718,17,718,17,0,40,4
104,500,30.000000,0.000000,1,1,-2129327519,728,18,728,18,0,40,4
104,500,30.000000,0.000000,1,1,-2129327512,743,20,743,20,0,40,4
104,500,30.000000,0.000000,1,1,-2129327504,771,24,771,24,0,40,4
104,500,30.000000,0.000000,1,1,-2129327497,807,28,807,28,0,40,4
104,500,30.000000,0.000000,1,1,-2129327490,837,32,837,32,0,40,4
104,500,30.000000,0.000000,1,1,-2129327483,882,36,882,36,0,40,4
104,500,30.000000,0.000000,1,1,-2129327476,935,41,935,41,0,40,4
104,500,30.000000,0.000000,1,1,-2129327469,990,45,990,45,0,40,4
104,500,30.000000,0.000000,1,1,-2129327462,1046,50,1046,50,0,40,4
104,500,30.000000,0.000000,1,1,-2129327455,1102,54,1102,54,0,40,4
104,500,30.000000,0.000000,1,1,-2129327449,1157,56,1157,56,0,40,4
104,500,30.000000,0.000000,1,1,-2129327441,1204,57,1204,57,0,40,4
104,500,30.000000,0.000000,1,1,-2129327434,1250,57,1250,57,0,40,4
104,500,30.000000,0.000000,1,1,-2129327428,1284,57,1284,57,0,40,4
104,500,30.000000,0.000000,1,1,-2129327421,1306,57,1306,57,0,40,4
104,500,30.000000,0.000000,1,1,-2129327415,1321,56,1321,56,0,40,4
104,500,30.000000,0.000000,1,1,-2129327408,1329,54,1329,54,0,40,4
104,500,30.000000,0.000000,1,1,-2129327401,1330,52,1330,52,0,40,4
104,500,30.000000,0.000000,1,1,-2129327393,1330,51,1330,51,0,40,4
104,500,30.000000,0.000000,1,1,-2129327386,1327,49,1327,49,0,40,4
104,500,30.000000,0.000000,1,1,-2129327379,1323,46,1323,46,0,40,4
104,500,30.000000,0.000000,1,1,-2129327372,1319,43,1319,43,0,40,4
104,500,30.000000,0.000000,1,1,-2129327365,1316,41,1316,41,0,40,4
104,500,30.000000,0.000000,1,1,-2129327358,1315,39,1315,39,0,40,4
104,500,30.000000,0.000000,1,1,-2129327351,1315,38,1315,38,0,40,4
104,500,30.000000,0.000000,1,1,-2129327345,1314,38,1314,38,0,40,4
104,500,30.000000,0.000000,1,1,-2129327338,1314,37,1314,37,0,40,4
104,500,30.000000,0.000000,1,1,-2129327331,1314,36,1314,36,0,40,4
104,500,30.000000,0.000000,1,1,-2129327324,1314,36,1314,36,0,40,4
104,500,30.000000,0.000000,1,1,-2129327317,1314,36,1314,36,0,40,4
104,500,30.000000,0.000000,1,1,-2129327309,1314,36,1314,36,0,40,4
104,500,30.000000,0.000000,1,1,-2129327303,1314,36,1314,36,0,40,4
104,500,30.000000,0.000000,1,1,-2129327297,1314,35,1314,35,0,40,4
104,500,30.000000,0.000000,1,1,-2129327290,1313,35,1313,35,0,40,4
104,500,30.000000,0.000000,1,1,-2129327283,1310,34,1310,34,0,40,4
104,500,30.000000,0.000000,1,1,-2129327276,1306,34,1306,34,0,40,4
104,500,30.000000,0.000000,1,1,-2129327269,1302,33,1302,33,0,40,4
104,500,30.000000,0.000000,1,1,-2129327261,1297,31,1297,31,0,40,4
104,500,30.000000,0.000000,1,1,-2129327255,1293,30,1293,30,0,40,4
104,500,30.000000,0.000000,1,1,-2129327248,1288,29,1288,29,0,40,4
104,500,30.000000,0.000000,1,1,-2129327241,1283,28,1283,28,0,40,4
104,500,30.000000,0.000000,1,1,-2129327233,1280,27,1280,27,0,40,4
104,500,30.000000,0.000000,1,1,-2129327227,1279,26,1279,26,0,40,4
104,500,30.000000,0.000000,1,1,-2129327220,1277,26,1277,26,0,40,4
104,500,30.000000,0.000000,1,1,-2129327213,1275,25,1275,25,0,40,4
104,500,30.000000,0.000000,1,1,-2129327206,1272,24,1272,24,0,40,4
104,500,30.000000,0.000000,1,1,-2129327198,1269,24,1269,24,0,40,4
104,500,30.000000,0.000000,1,1,-2129327191,1265,24,1265,24,0,40,4
104,500,30.000000,0.000000,1,1,-2129327184,1261,24,1261,24,0,40,4
104,500,30.000000,0.000000,1,1,-2129327177,1257,24,1257,24,0,40,4
104,500,30.000000,0.000000,1,1,-2129327171,1253,24,1253,24,0,40,4
104,500,30.000000,0.000000,1,1,-2129327164,1249,24,1249,24,0,40,4
104,500,30.000000,0.000000,1,1,-2129327158,1244,25,1244,25,0,40,4
104,500,30.000000,0.000000,1,1,-2129327151,1237,25,1237,25,0,40,4
104,500,30.000000,0.000000,1,1,-2129327143,1232,26,1232,26,0,40,4
104,500,30.000000,0.000000,1,1,-2129327136,1228,26,1228,26,0,40,4
104,500,30.000000,0.000000,1,1,-2129327130,1226,26,1226,26,0,40,4
104,500,30.000000,0.000000,1,1,-2129327114,1225,26,1225,26,0,40,4
104,500,30.000000,0.000000,1,1,-2129327105,1224,26,1224,26,0,40,4
104,500,30.000000,0.000000,1,1,-2129327097,1224,26,1224,26,0,40,4
104,500,30.000000,0.000000,1,1,-2129327091,1224,26,1224,26,0,40,4
104,500,30.000000,0.000000,1,1,-2129327085,1224,26,1224,26,0,40,4
104,500,30.000000,0.000000,1,1,-2129327078,1224,26,1224,26,0,40,4
104,500,30.000000,0.000000,1,1,-2129327072,1224,26,1224,26,0,40,4
104,500,30.000000,0.000000,1,1,-2129327066,1223,26,1223,26,0,40,4
104,500,30.000000,0.000000,1,1,-2129327058,1220,27,1220,27,0,40,4
104,500,30.000000,0.000000,1,1,-2129327052,1216,27,1216,27,0,40,4
104,500,30.000000,0.000000,1,1,-2129327045,1213,27,1213,27,0,40,4
104,500,30.000000,0.000000,1,1,-2129327037,1208,28,1208,28,0,40,4
104,500,30.000000,0.000000,1,1,-2129327031,1205,28,1205,28,0,40,4
104,500,30.000000,0.000000,1,1,-2129327024,1203,28,1203,28,0,40,4
104,500,30.000000,0.000000,1,1,-2129327018,1201,28,1201,28,0,40,4
104,500,30.000000,0.000000,1,1,-2129327011,1199,28,1199,28,0,40,4
104,500,30.000000,0.000000,1,1,-2129327004,1199,28,1199,28,0,40,4
104,500,30.000000,0.000000,1,1,-2129326988,1199,28,1199,28,0,40,4
104,500,30.000000,0.000000,1,1,-2129326979,1201,28,1201,28,0,40,4
104,500,30.000000,0.000000,1,1,-2129326971,1202,27,1202,27,0,40,4
104,500,30.000000,0.000000,1,1,-2129326965,1202,27,1202,27,0,40,4
104,500,30.000000,0.000000,1,1,-2129326960,1202,27,1202,27,0,40,4
104,500,30.000000,0.000000,1,1,-2129326954,1202,27,1202,27,0,40,4
104,500,30.000000,0.000000,1,1,-2129326947,1202,27,1202,27,0,40,4
104,500,30.000000,0.000000,1,1,-2129326941,1202,27,1202,27,0,40,4
104,500,30.000000,0.000000,1,1,-2129326935,1202,27,1202,27,0,40,4
104,500,30.000000,0.000000,1,1,-2129326928,1202,27,1202,27,0,40,4
104,500,30.000000,0.000000,1,1,-2129326910,1202,27,1202,27,0,40,4
