104,1000,30.000000,60.000000,0,1,-2129542361,457,0,457,0,1,20,1
104,1000,30.000000,60.000000,0,1,-2129542359,457,0,457,0,1,20,1
104,1000,30.000000,60.000000,0,1,-2129542353,457,0,457,0,1,20,1
104,1000,30.000000,60.000000,0,1,-2129542345,457,0,457,0,1,20,1
104,1000,30.000000,60.000000,0,1,-2129542339,457,0,457,0,1,20,1
104,1000,30.000000,60.000000,0,1,-2129542332,457,0,457,0,1,20,1
104,1000,30.000000,60.000000,0,1,-2129542326,457,0,457,0,1,20,1
104,1000,30.000000,60.000000,0,1,-2129542319,457,0,457,0,1,20,1
104,1000,30.000000,60.000000,0,1,-2129542311,457,0,457,0,1,20,1
104,1000,30.000000,60.000000,0,1,-2129542305,457,0,457,0,1,20,1
104,1000,30.000000,60.000000,0,1,-2129542297,457,0,457,-1,1,20,1
104,1000,30.000000,60.000000,0,1,-2129542290,457,0,457,-2,1,20,1
104,1000,30.000000,60.000000,0,1,-2129542283,460,0,460,-4,1,20,1
104,1000,30.000000,60.000000,0,1,-2129542276,467,0,467,-6,1,20,1
104,1000,30.000000,60.000000,0,1,-2129542269,479,0,479,-9,1,20,1
104,1000,30.000000,60.000000,0,1,-2129542263,495,0,495,-11,1,20,1
104,1000,30.000000,60.000000,0,1,-2129542256,519,0,519,-14,1,20,1
104,1000,30.000000,60.000000,0,1,-2129542250,552,0,552,-17,1,20,1
104,1000,30.000000,60.000000,0,1,-2129542240,583,0,583,-19,1,20,1
104,1000,30.000000,60.000000,0,1,-2129542232,653,0,653,-23,1,20,1
104,1000,30.000000,60.000000,0,1,-2129542226,706,0,706,-27,1,20,1
104,1000,30.000000,60.000000,0,1,-2129542220,769,0,769,-31,1,20,1
104,1000,30.000000,60.000000,0,1,-2129542214,837,0,837,-35,1,20,1
104,1000,30.000000,60.000000,0,1,-2129542207,915,0,915,-40,1,20,1
104,1000,30.000000,60.000000,0,1,-2129542200,988,0,988,-43,1,20,1
104,1000,30.000000,60.000000,0,1,-2129542193,1087,0,1087,-49,1,20,1
104,1000,30.000000,60.000000,0,1,-2129542186,1188,0,1188,-55,1,20,1
104,1000,30.000000,60.000000,0,1,-2129542179,1276,0,1276,-60,1,20,1
104,1000,30.000000,60.000000,0,1,-2129542172,1358,0,1358,-65,1,20,1
104,1000,30.000000,60.000000,0,1,-2129542166,1411,0,1411,-69,1,20,1
104,1000,30.000000,60.000000,0,1,-2129542158,1454,0,1454,-72,1,20,1
104,1000,30.000000,60.000000,0,1,-2129542151,1505,0,1505,-76,1,20,1
104,1000,30.000000,60.000000,0,1,-2129542145,1530,0,1530,-78,1,20,1
104,1000,30.000000,60.000000,0,1,-2129542139,1546,0,1546,-80,1,20,1
104,1000,30.000000,60.000000,0,1,-2129542131,1556,0,1556,-81,1,20,1
104,1000,30.000000,60.000000,0,1,-2129542125,1558,0,1558,-82,1,20,1
104,1000,30.000000,60.000000,0,1,-2129542118,1560,0,1560,-83,1,20,1
104,1000,30.000000,60.000000,0,1,-2129542111,1558,0,1558,-83,1,20,1
104,1000,30.000000,60.000000,0,1,-2129542104,1555,0,1555,-84,1,20,1
104,1000,30.000000,60.000000,0,1,-2129542097,1552,0,1552,-84,1,20,1
104,1000,30.000000,60.000000,0,1,-2129542089,1548,0,1548,-84,1,20,1
104,1000,30.000000,60.000000,0,1,-2129542082,1544,0,1544,-84,1,20,1
104,1000,30.000000,60.000000,0,1,-2129542075,1542,0,1542,-84,1,20,1
104,1000,30.000000,60.000000,0,1,-2129542069,1541,0,1541,-84,1,20,1
104,1000,30.000000,60.000000,0,1,-2129542062,1540,0,1540,-84,1,20,1
104,1000,30.000000,60.000000,0,1,-2129542054,1539,0,1539,-84,1,20,1
104,1000,30.000000,60.000000,0,1,-2129542048,1538,0,1538,-84,1,20,1
104,1000,30.000000,60.000000,0,1,-2129542041,1537,0,1537,-84,1,20,1
104,1000,30.000000,60.000000,0,1,-2129542033,1536,0,1536,-84,1,20,1
104,1000,30.000000,60.000000,0,1,-2129542027,1533,0,1533,-84,1,20,1
104,1000,30.000000,60.000000,0,1,-2129542021,1530,0,1530,-85,1,20,1
104,1000,30.000000,60.000000,0,1,-2129542013,1529,0,1529,-85,1,20,1
104,1000,30.000000,60.000000,0,1,-2129542006,1528,0,1528,-85,1,20,1
104,1000,30.000000,60.000000,0,1,-2129541999,1528,0,1528,-86,1,20,1
104,1000,30.000000,60.000000,0,1,-2129541992,1527,0,1527,-86,1,20,1
104,1000,30.000000,60.000000,0,1,-2129541986,1526,0,1526,-86,1,20,1
104,1000,30.000000,60.000000,0,1,-2129541978,1524,0,1524,-87,1,20,1
104,1000,30.000000,60.000000,0,1,-2129541972,1520,0,1520,-88,1,20,1
104,1000,30.000000,60.000000,0,1,-2129541965,1515,0,1515,-88,1,20,1
104,1000,30.000000,60.000000,0,1,-2129541958,1509,0,1509,-90,1,20,1
104,1000,30.000000,60.000000,0,1,-2129541951,1502,0,1502,-90,1,20,1
104,1000,30.000000,60.000000,0,1,-2129541943,1495,0,1495,-91,1,20,1
104,1000,30.000000,60.000000,0,1,-2129541936,1490,0,1490,-92,1,20,1
104,1000,30.000000,60.000000,0,1,-2129541930,1488,0,1488,-93,1,20,1
104,1000,30.000000,60.000000,0,1,-2129541922,1486,0,1486,-94,1,20,1
104,1000,30.000000,60.000000,0,1,-2129541916,1484,0,1484,-95,1,20,1
104,1000,30.000000,60.000000,0,1,-2129541908,1484,0,1484,-95,1,20,1
104,1000,30.000000,60.000000,0,1,-2129541902,1484,0,1484,-95,1,20,1
104,1000,30.000000,60.000000,0,1,-2129541895,1484,0,1484,-95,1,20,1
104,1000,30.000000,60.000000,0,1,-2129541889,1484,0,1484,-96,1,20,1
104,1000,30.000000,60.000000,0,1,-2129541882,1484,0,1484,-97,1,20,1
104,1000,30.000000,60.000000,0,1,-2129541874,1484,0,1484,-97,1,20,1
104,1000,30.000000,60.000000,0,1,-2129541859,1484,0,1484,-97,1,20,1
104,1000,30.000000,60.000000,0,1,-2129541850,1484,0,1484,-97,1,20,1
104,1000,30.000000,60.000000,0,1,-2129541842,1484,0,1484,-97,1,20,1
104,1000,30.000000,60.000000,0,1,-2129541836,1484,0,1484,-97,1,20,1
104,1000,30.000000,60.000000,0,1,-2129541829,1484,0,1484,-97,1,20,1
104,1000,30.000000,60.000000,0,1,-2129541823,1483,0,1483,-98,1,20,1
104,1000,30.000000,60.000000,0,1,-2129541817,1482,0,1482,-99,1,20,1
104,1000,30.000000,60.000000,0,1,-2129541811,1479,0,1479,-99,1,20,1
104,1000,30.000000,60.000000,0,1,-2129541804,1478,0,1478,-99,1,20,1
104,1000,30.000000,60.000000,0,1,-2129541798,1476,0,1476,-100,1,20,1
104,1000,30.000000,60.000000,0,1,-2129541791,1474,0,1474,-100,1,20,1
104,1000,30.000000,60.000000,0,1,-2129541784,1473,0,1473,-100,1,20,1
104,1000,30.000000,60.000000,0,1,-2129541769,1472,0,1472,-100,1,20,1
104,1000,30.000000,60.000000,0,1,-2129541760,1472,0,1472,-100,1,20,1
104,1000,30.000000,60.000000,0,1,-2129541752,1472,0,1472,-100,1,20,1
104,1000,30.000000,60.000000,0,1,-2129541745,1472,0,1472,-100,1,20,1
104,1000,30.000000,60.000000,0,1,-2129541739,1472,0,1472,-100,1,20,1
104,1000,30.000000,60.000000,0,1,-2129541722,1472,0,1472,-100,0,20,1
