104,1000,30.000000,10000.000000,0,1,-2129654449,461,0,461,0,1,6,5
104,1000,30.000000,10000.000000,0,1,-2129654447,461,0,461,0,1,6,5
104,1000,30.000000,10000.000000,0,1,-2129654440,461,0,461,0,1,6,5
104,1000,30.000000,10000.000000,0,1,-2129654434,461,0,461,0,1,6,5
104,1000,30.000000,10000.000000,0,1,-2129654427,461,0,461,0,1,6,5
104,1000,30.000000,10000.000000,0,1,-2129654421,461,0,461,0,1,6,5
104,1000,30.000000,10000.000000,0,1,-2129654413,461,0,461,0,1,6,5
104,1000,30.000000,10000.000000,0,1,-2129654407,461,0,461,0,1,6,5
104,1000,30.000000,10000.000000,0,1,-2129654400,461,0,461,0,1,6,5
104,1000,30.000000,10000.000000,0,1,-2129654393,462,0,462,0,1,6,5
104,1000,30.000000,10000.000000,0,1,-2129654386,463,0,463,0,1,6,5
104,1000,30.000000,10000.000000,0,1,-2129654378,467,0,467,-1,1,6,5
104,1000,30.000000,10000.000000,0,1,-2129654372,472,0,472,-1,1,6,5
104,1000,30.000000,10000.000000,0,1,-2129654364,481,0,481,-1,1,6,5
104,1000,30.000000,10000.000000,0,1,-2129654357,496,0,496,-1,1,6,5
104,1000,30.000000,10000.000000,0,1,-2129654350,523,0,523,-2,1,6,5
104,1000,30.000000,10000.000000,0,1,-2129654343,549,0,549,-3,1,6,5
104,1000,30.000000,10000.000000,0,1,-2129654336,594,0,594,-5,1,6,5
104,1000,30.000000,10000.000000,0,1,-2129654330,648,0,648,-7,1,6,5
104,1000,30.000000,10000.000000,0,1,-2129654323,696,0,696,-9,1,6,5
104,1000,30.000000,10000.000000,0,1,-2129654316,764,0,764,-14,1,6,5
104,1000,30.000000,10000.000000,0,1,-2129654310,823,0,823,-17,1,6,5
104,1000,30.000000,10000.000000,0,1,-2129654303,913,0,913,-24,1,6,5
104,1000,30.000000,10000.000000,0,1,-2129654295,1004,0,1004,-31,1,6,5
104,1000,30.000000,10000.000000,0,1,-2129654288,1085,0,1085,-37,1,6,5
104,1000,30.000000,10000.000000,0,1,-2129654281,1170,0,1170,-45,1,6,5
104,1000,30.000000,10000.000000,0,1,-2129654274,1245,0,1245,-53,1,6,5
104,1000,30.000000,10000.000000,0,1,-2129654266,1310,0,1310,-60,1,6,5
104,1000,30.000000,10000.000000,0,1,-2129654259,1377,0,1377,-69,1,6,5
104,1000,30.000000,10000.000000,0,1,-2129654253,1431,0,1431,-78,1,6,5
104,1000,30.000000,10000.000000,0,1,-2129654247,1472,0,1472,-86,1,6,5
104,1000,30.000000,10000.000000,0,1,-2129654239,1507,0,1507,-92,1,6,5
104,1000,30.000000,10000.000000,0,1,-2129654232,1534,0,1534,-98,1,6,5
104,1000,30.000000,10000.000000,0,1,-2129654226,1550,0,1550,-102,1,6,5
104,1000,30.000000,10000.000000,0,1,-2129654219,1555,0,1555,-103,1,6,5
104,1000,30.000000,10000.000000,0,1,-2129654204,1555,0,1555,-104,1,6,5
104,1000,30.000000,10000.000000,0,1,-2129654195,1554,0,1554,-105,1,6,5
104,1000,30.000000,10000.000000,0,1,-2129654187,1552,0,1552,-105,1,6,5
104,1000,30.000000,10000.000000,0,1,-2129654180,1550,0,1550,-105,1,6,5
104,1000,30.000000,10000.000000,0,1,-2129654174,1549,0,1549,-105,1,6,5
104,1000,30.000000,10000.000000,0,1,-2129654168,1547,0,1547,-105,1,6,5
104,1000,30.000000,10000.000000,0,1,-2129654161,1546,0,1546,-105,1,6,5
104,1000,30.000000,10000.000000,0,1,-2129654155,1545,0,1545,-105,1,6,5
104,1000,30.000000,10000.000000,0,1,-2129654148,1543,1,1543,-104,1,6,5
104,1000,30.000000,10000.000000,0,1,-2129654141,1543,1,1543,-104,1,6,5
104,1000,30.000000,10000.000000,0,1,-2129654135,1542,1,1542,-104,1,6,5
104,1000,30.000000,10000.000000,0,1,-2129654128,1542,1,1542,-104,1,6,5
104,1000,30.000000,10000.000000,0,1,-2129654121,1542,1,1542,-104,1,6,5
104,1000,30.000000,10000.000000,0,1,-2129654115,1542,1,1542,-104,1,6,5
104,1000,30.000000,10000.000000,0,1,-2129654108,1542,1,1542,-104,1,6,5
104,1000,30.000000,10000.000000,0,1,-2129654100,1540,1,1540,-104,1,6,5
104,1000,30.000000,10000.000000,0,1,-2129654093,1539,1,1539,-104,1,6,5
104,1000,30.000000,10000.000000,0,1,-2129654086,1536,1,1536,-104,1,6,5
104,1000,30.000000,10000.000000,0,1,-2129654079,1531,1,1531,-104,1,6,5
104,1000,30.000000,10000.000000,0,1,-2129654073,1525,1,1525,-104,1,6,5
104,1000,30.000000,10000.000000,0,1,-2129654066,1520,1,1520,-104,1,6,5
104,1000,30.000000,10000.000000,0,1,-2129654059,1512,1,1512,-104,1,6,5
104,1000,30.000000,10000.000000,0,1,-2129654052,1504,1,1504,-104,1,6,5
104,1000,30.000000,10000.000000,0,1,-2129654045,1494,1,1494,-104,1,6,5
104,1000,30.000000,10000.000000,0,1,-2129654039,1482,1,1482,-104,1,6,5
104,1000,30.000000,10000.000000,0,1,-2129654032,1473,0,1473,-105,1,6,5
104,1000,30.000000,10000.000000,0,1,-2129654025,1466,0,1466,-106,1,6,5
104,1000,30.000000,10000.000000,0,1,-2129654018,1461,0,1461,-106,1,6,5
104,1000,30.000000,10000.000000,0,1,-2129654011,1458,0,1458,-107,1,6,5
104,1000,30.000000,10000.000000,0,1,-2129654004,1455,0,1455,-107,1,6,5
104,1000,30.000000,10000.000000,0,1,-2129653997,1454,0,1454,-108,1,6,5
104,1000,30.000000,10000.000000,0,1,-2129653990,1454,0,1454,-109,1,6,5
104,1000,30.000000,10000.000000,0,1,-2129653983,1454,0,1454,-110,1,6,5
104,1000,30.000000,10000.000000,0,1,-2129653975,1454,0,1454,-110,1,6,5
104,1000,30.000000,10000.000000,0,1,-2129653968,1454,0,1454,-110,1,6,5
104,1000,30.000000,10000.000000,0,1,-2129653961,1454,0,1454,-110,1,6,5
104,1000,30.000000,10000.000000,0,1,-2129653955,1454,0,1454,-110,1,6,5
104,1000,30.000000,10000.000000,0,1,-2129653948,1454,0,1454,-110,1,6,5
104,1000,30.000000,10000.000000,0,1,-2129653942,1454,0,1454,-110,1,6,5
104,1000,30.000000,10000.000000,0,1,-2129653934,1453,0,1453,-110,1,6,5
104,1000,30.000000,10000.000000,0,1,-2129653927,1451,0,1451,-110,1,6,5
104,1000,30.000000,10000.000000,0,1,-2129653921,1449,0,1449,-110,1,6,5
104,1000,30.000000,10000.000000,0,1,-2129653913,1447,0,1447,-110,1,6,5
104,1000,30.000000,10000.000000,0,1,-2129653907,1446,0,1446,-110,1,6,5
104,1000,30.000000,10000.000000,0,1,-2129653899,1445,0,1445,-110,1,6,5
104,1000,30.000000,10000.000000,0,1,-2129653893,1445,0,1445,-110,1,6,5
104,1000,30.000000,10000.000000,0,1,-2129653886,1445,0,1445,-110,1,6,5
104,1000,30.000000,10000.000000,0,1,-2129653879,1445,0,1445,-110,1,6,5
104,1000,30.000000,10000.000000,0,1,-2129653871,1445,0,1445,-110,1,6,5
104,1000,30.000000,10000.000000,0,1,-2129653865,1445,0,1445,-110,1,6,5
104,1000,30.000000,10000.000000,0,1,-2129653857,1445,0,1445,-110,1,6,5
104,1000,30.000000,10000.000000,0,1,-2129653850,1445,0,1445,-110,1,6,5
104,1000,30.000000,10000.000000,0,1,-2129653844,1445,0,1445,-110,1,6,5
104,1000,30.000000,10000.000000,0,1,-2129653813,1445,0,1445,-110,0,6,5
