104,1000,30.000000,0.000000,0,3,-2128792852,460,0,460,0,0,100,4
104,1000,30.000000,0.000000,0,3,-2128792850,460,0,460,0,0,100,4
104,1000,30.000000,0.000000,0,3,-2128792844,460,0,460,0,0,100,4
104,1000,30.000000,0.000000,0,3,-2128792836,460,0,460,0,0,100,4
104,1000,30.000000,0.000000,0,3,-2128792830,460,0,460,0,0,100,4
104,1000,30.000000,0.000000,0,3,-2128792814,460,0,460,-1,0,100,4
104,1000,30.000000,0.000000,0,3,-2128792805,460,0,460,-2,0,100,4
104,1000,30.000000,0.000000,0,3,-2128792797,460,0,460,-3,0,100,4
104,1000,30.000000,0.000000,0,3,-2128792791,461,0,461,-3,0,100,4
104,1000,30.000000,0.000000,0,3,-2128792783,461,0,461,-4,0,100,4
104,1000,30.000000,0.000000,0,3,-2128792777,463,0,463,-4,0,100,4
104,1000,30.000000,0.000000,0,3,-2128792772,466,0,466,-5,0,100,4
104,1000,30.000000,0.000000,0,3,-2128792765,472,0,472,-6,0,100,4
104,1000,30.000000,0.000000,0,3,-2128792758,482,0,482,-7,0,100,4
104,1000,30.000000,0.000000,0,3,-2128792751,508,0,508,-9,0,100,4
104,1000,30.000000,0.000000,0,3,-2128792745,536,0,536,-10,0,100,4
104,1000,30.000000,0.000000,0,3,-2128792738,581,0,581,-11,0,100,4
104,1000,30.000000,0.000000,0,3,-2128792732,635,0,635,-13,0,100,4
104,1000,30.000000,0.000000,0,3,-2128792726,703,0,703,-14,0,100,4
104,1000,30.000000,0.000000,0,3,-2128792718,768,0,768,-16,0,100,4
104,1000,30.000000,0.000000,0,3,-2128792711,880,0,880,-18,0,100,4
104,1000,30.000000,0.000000,0,3,-2128792704,984,0,984,-21,0,100,4
104,1000,30.000000,0.000000,0,3,-2128792697,1098,0,1098,-24,0,100,4
104,1000,30.000000,0.000000,0,3,-2128792690,1182,0,1182,-27,0,100,4
104,1000,30.000000,0.000000,0,3,-2128792683,1283,0,1283,-31,0,100,4
104,1000,30.000000,0.000000,0,3,-2128792677,1363,0,1363,-34,0,100,4
104,1000,30.000000,0.000000,0,3,-2128792669,1431,0,1431,-36,0,100,4
104,1000,30.000000,0.000000,0,3,-2128792662,1482,0,1482,-38,0,100,4
104,1000,30.000000,0.000000,0,3,-2128792655,1531,0,1531,-41,0,100,4
104,1000,30.000000,0.000000,0,3,-2128792648,1553,0,1553,-43,0,100,4
104,1000,30.000000,0.000000,0,3,-2128792642,1570,0,1570,-45,0,100,4
104,1000,30.000000,0.000000,0,3,-2128792635,1579,0,1579,-47,0,100,4
104,1000,30.000000,0.000000,0,3,-2128792628,1582,0,1582,-48,0,100,4
104,1000,30.000000,0.000000,0,3,-2128792621,1586,0,1586,-50,0,100,4
104,1000,30.000000,0.000000,0,3,-2128792614,1586,0,1586,-51,0,100,4
104,1000,30.000000,0.000000,0,3,-2128792608,1584,0,1584,-53,0,100,4
104,1000,30.000000,0.000000,0,3,-2128792601,1582,0,1582,-54,0,100,4
104,1000,30.000000,0.000000,0,3,-2128792593,1579,0,1579,-55,0,100,4
104,1000,30.000000,0.000000,0,3,-2128792587,1578,0,1578,-56,0,100,4
104,1000,30.000000,0.000000,0,3,-2128792580,1577,0,1577,-57,0,100,4
104,1000,30.000000,0.000000,0,3,-2128792573,1576,0,1576,-58,0,100,4
104,1000,30.000000,0.000000,0,3,-2128792565,1575,0,1575,-59,0,100,4
104,1000,30.000000,0.000000,0,3,-2128792559,1574,0,1574,-60,0,100,4
104,1000,30.000000,0.000000,0,3,-2128792551,1573,0,1573,-61,0,100,4
104,1000,30.000000,0.000000,0,3,-2128792544,1572,0,1572,-62,0,100,4
104,1000,30.000000,0.000000,0,3,-2128792538,1571,0,1571,-63,0,100,4
104,1000,30.000000,0.000000,0,3,-2128792530,1571,0,1571,-64,0,100,4
104,1000,30.000000,0.000000,0,3,-2128792524,1571,0,1571,-65,0,100,4
104,1000,30.000000,0.000000,0,3,-2128792517,1570,0,1570,-65,0,100,4
104,1000,30.000000,0.000000,0,3,-2128792510,1570,0,1570,-66,0,100,4
104,1000,30.000000,0.000000,0,3,-2128792503,1569,0,1569,-67,0,100,4
104,1000,30.000000,0.000000,0,3,-2128792496,1568,0,1568,-68,0,100,4
104,1000,30.000000,0.000000,0,3,-2128792489,1567,0,1567,-69,0,100,4
104,1000,30.000000,0.000000,0,3,-2128792482,1564,0,1564,-70,0,100,4
104,1000,30.000000,0.000000,0,3,-2128792475,1561,0,1561,-71,0,100,4
104,1000,30.000000,0.000000,0,3,-2128792468,1555,0,1555,-71,0,100,4
104,1000,30.000000,0.000000,0,3,-2128792461,1548,0,1548,-72,0,100,4
104,1000,30.000000,0.000000,0,3,-2128792454,1537,0,1537,-72,0,100,4
104,1000,30.000000,0.000000,0,3,-2128792448,1525,0,1525,-73,0,100,4
104,1000,30.000000,0.000000,0,3,-2128792441,1515,0,1515,-73,0,100,4
104,1000,30.000000,0.000000,0,3,-2128792433,1504,0,1504,-73,0,100,4
104,1000,30.000000,0.000000,0,3,-2128792426,1495,0,1495,-73,0,100,4
104,1000,30.000000,0.000000,0,3,-2128792420,1487,0,1487,-73,0,100,4
104,1000,30.000000,0.000000,0,3,-2128792413,1481,0,1481,-73,0,100,4
104,1000,30.000000,0.000000,0,3,-2128792405,1477,0,1477,-73,0,100,4
104,1000,30.000000,0.000000,0,3,-2128792398,1475,0,1475,-74,0,100,4
104,1000,30.000000,0.000000,0,3,-2128792392,1474,0,1474,-74,0,100,4
104,1000,30.000000,0.000000,0,3,-2128792384,1474,0,1474,-75,0,100,4
104,1000,30.000000,0.000000,0,3,-2128792378,1473,0,1473,-76,0,100,4
104,1000,30.000000,0.000000,0,3,-2128792372,1473,0,1473,-77,0,100,4
104,1000,30.000000,0.000000,0,3,-2128792364,1473,0,1473,-78,0,100,4
104,1000,30.000000,0.000000,0,3,-2128792357,1473,0,1473,-78,0,100,4
104,1000,30.000000,0.000000,0,3,-2128792351,1473,0,1473,-78,0,100,4
104,1000,30.000000,0.000000,0,3,-2128792344,1473,0,1473,-78,0,100,4
104,1000,30.000000,0.000000,0,3,-2128792337,1473,0,1473,-79,0,100,4
104,1000,30.000000,0.000000,0,3,-2128792330,1473,0,1473,-80,0,100,4
104,1000,30.000000,0.000000,0,3,-2128792323,1472,0,1472,-80,0,100,4
104,1000,30.000000,0.000000,0,3,-2128792316,1472,0,1472,-81,0,100,4
104,1000,30.000000,0.000000,0,3,-2128792308,1471,0,1471,-81,0,100,4
104,1000,30.000000,0.000000,0,3,-2128792301,1470,0,1470,-81,0,100,4
104,1000,30.000000,0.000000,0,3,-2128792294,1470,0,1470,-81,0,100,4
104,1000,30.000000,0.000000,0,3,-2128792287,1470,0,1470,-81,0,100,4
104,1000,30.000000,0.000000,0,3,-2128792281,1469,0,1469,-81,0,100,4
104,1000,30.000000,0.000000,0,3,-2128792263,1468,0,1468,-82,0,100,4
104,1000,30.000000,0.000000,0,3,-2128792254,1466,0,1466,-83,0,100,4
104,1000,30.000000,0.000000,0,3,-2128792247,1466,0,1466,-83,0,100,4
104,1000,30.000000,0.000000,0,3,-2128792239,1466,0,1466,-83,0,100,4
104,1000,30.000000,0.000000,0,3,-2128792233,1466,0,1466,-83,0,100,4
104,1000,30.000000,0.000000,0,3,-2128792225,1466,0,1466,-83,0,100,4
104,1000,30.000000,0.000000,0,3,-2128792219,1466,0,1466,-83,0,100,4
104,1000,30.000000,0.000000,0,3,-2128792211,1466,0,1466,-83,0,100,4
104,1000,30.000000,0.000000,0,3,-2128792205,1466,0,1466,-83,0,100,4
104,1000,30.000000,0.000000,0,3,-2128792177,1466,0,1466,-83,0,100,4
