104,1000,30.000000,10000.000000,0,1,-2129550757,455,0,455,0,0,19,1
104,1000,30.000000,10000.000000,0,1,-2129550755,455,0,455,0,0,19,1
104,1000,30.000000,10000.000000,0,1,-2129550749,455,0,455,-1,0,19,1
104,1000,30.000000,10000.000000,0,1,-2129550734,455,0,455,-2,0,19,1
104,1000,30.000000,10000.000000,0,1,-2129550724,456,0,456,-3,0,19,1
104,1000,30.000000,10000.000000,0,1,-2129550717,458,0,458,-3,0,19,1
104,1000,30.000000,10000.000000,0,1,-2129550711,459,0,459,-4,0,19,1
104,1000,30.000000,10000.000000,0,1,-2129550704,461,0,461,-4,0,19,1
104,1000,30.000000,10000.000000,0,1,-2129550697,463,0,463,-4,0,19,1
104,1000,30.000000,10000.000000,0,1,-2129550691,465,0,465,-5,0,19,1
104,1000,30.000000,10000.000000,0,1,-2129550685,467,0,467,-5,0,19,1
104,1000,30.000000,10000.000000,0,1,-2129550678,470,0,470,-5,0,19,1
104,1000,30.000000,10000.000000,0,1,-2129550672,474,0,474,-5,0,19,1
104,1000,30.000000,10000.000000,0,1,-2129550665,480,0,480,-5,0,19,1
104,1000,30.000000,10000.000000,0,1,-2129550658,490,0,490,-5,0,19,1
104,1000,30.000000,10000.000000,0,1,-2129550652,506,0,506,-5,0,19,1
104,1000,30.000000,10000.000000,0,1,-2129550644,526,0,526,-5,0,19,1
104,1000,30.000000,10000.000000,0,1,-2129550637,553,0,553,-6,0,19,1
104,1000,30.000000,10000.000000,0,1,-2129550631,597,0,597,-7,0,19,1
104,1000,30.000000,10000.000000,0,1,-2129550625,641,0,641,-10,0,19,1
104,1000,30.000000,10000.000000,0,1,-2129550618,688,0,688,-12,0,19,1
104,1000,30.000000,10000.000000,0,1,-2129550611,741,0,741,-14,0,19,1
104,1000,30.000000,10000.000000,0,1,-2129550604,803,0,803,-18,0,19,1
104,1000,30.000000,10000.000000,0,1,-2129550597,889,0,889,-23,0,19,1
104,1000,30.000000,10000.000000,0,1,-2129550590,973,0,973,-29,0,19,1
104,1000,30.000000,10000.000000,0,1,-2129550583,1057,0,1057,-35,0,19,1
104,1000,30.000000,10000.000000,0,1,-2129550576,1142,0,1142,-41,0,19,1
104,1000,30.000000,10000.000000,0,1,-2129550569,1217,0,1217,-48,0,19,1
104,1000,30.000000,10000.000000,0,1,-2129550561,1286,0,1286,-54,0,19,1
104,1000,30.000000,10000.000000,0,1,-2129550555,1355,0,1355,-60,0,19,1
104,1000,30.000000,10000.000000,0,1,-2129550547,1405,0,1405,-66,0,19,1
104,1000,30.000000,10000.000000,0,1,-2129550540,1442,0,1442,-70,0,19,1
104,1000,30.000000,10000.000000,0,1,-2129550533,1471,0,1471,-74,0,19,1
104,1000,30.000000,10000.000000,0,1,-2129550526,1484,0,1484,-77,0,19,1
104,1000,30.000000,10000.000000,0,1,-2129550520,1492,0,1492,-79,0,19,1
104,1000,30.000000,10000.000000,0,1,-2129550513,1493,0,1493,-80,0,19,1
104,1000,30.000000,10000.000000,0,1,-2129550507,1494,0,1494,-81,0,19,1
104,1000,30.000000,10000.000000,0,1,-2129550499,1494,0,1494,-81,0,19,1
104,1000,30.000000,10000.000000,0,1,-2129550493,1494,0,1494,-81,0,19,1
104,1000,30.000000,10000.000000,0,1,-2129550486,1494,0,1494,-81,0,19,1
104,1000,30.000000,10000.000000,0,1,-2129550478,1494,0,1494,-81,0,19,1
104,1000,30.000000,10000.000000,0,1,-2129550472,1494,0,1494,-81,0,19,1
104,1000,30.000000,10000.000000,0,1,-2129550464,1494,0,1494,-81,0,19,1
104,1000,30.000000,10000.000000,0,1,-2129550449,1494,0,1494,-81,0,19,1
104,1000,30.000000,10000.000000,0,1,-2129550439,1494,0,1494,-81,0,19,1
104,1000,30.000000,10000.000000,0,1,-2129550431,1493,0,1493,-81,0,19,1
104,1000,30.000000,10000.000000,0,1,-2129550423,1490,0,1490,-81,0,19,1
104,1000,30.000000,10000.000000,0,1,-2129550416,1487,0,1487,-81,0,19,1
104,1000,30.000000,10000.000000,0,1,-2129550409,1486,0,1486,-81,0,19,1
104,1000,30.000000,10000.000000,0,1,-2129550402,1485,0,1485,-81,0,19,1
104,1000,30.000000,10000.000000,0,1,-2129550395,1484,0,1484,-81,0,19,1
104,1000,30.000000,10000.000000,0,1,-2129550388,1484,0,1484,-81,0,19,1
104,1000,30.000000,10000.000000,0,1,-2129550380,1484,0,1484,-81,0,19,1
104,1000,30.000000,10000.000000,0,1,-2129550375,1484,0,1484,-81,0,19,1
104,1000,30.000000,10000.000000,0,1,-2129550367,1484,0,1484,-81,0,19,1
104,1000,30.000000,10000.000000,0,1,-2129550361,1484,0,1484,-82,0,19,1
104,1000,30.000000,10000.000000,0,1,-2129550354,1484,0,1484,-83,0,19,1
104,1000,30.000000,10000.000000,0,1,-2129550347,1485,0,1485,-83,0,19,1
104,1000,30.000000,10000.000000,0,1,-2129550340,1486,0,1486,-83,0,19,1
104,1000,30.000000,10000.000000,0,1,-2129550333,1486,0,1486,-83,0,19,1
104,1000,30.000000,10000.000000,0,1,-2129550326,1486,0,1486,-83,0,19,1
104,1000,30.000000,10000.000000,0,1,-2129550319,1486,0,1486,-83,0,19,1
104,1000,30.000000,10000.000000,0,1,-2129550311,1486,0,1486,-84,0,19,1
104,1000,30.000000,10000.000000,0,1,-2129550304,1485,0,1485,-84,0,19,1
104,1000,30.000000,10000.000000,0,1,-2129550298,1484,0,1484,-84,0,19,1
104,1000,30.000000,10000.000000,0,1,-2129550291,1483,0,1483,-85,0,19,1
104,1000,30.000000,10000.000000,0,1,-2129550283,1481,0,1481,-85,0,19,1
104,1000,30.000000,10000.000000,0,1,-2129550276,1479,0,1479,-86,0,19,1
104,1000,30.000000,10000.000000,0,1,-2129550270,1477,0,1477,-87,0,19,1
104,1000,30.000000,10000.000000,0,1,-2129550263,1476,0,1476,-87,0,19,1
104,1000,30.000000,10000.000000,0,1,-2129550256,1474,0,1474,-88,0,19,1
104,1000,30.000000,10000.000000,0,1,-2129550249,1472,0,1472,-89,0,19,1
104,1000,30.000000,10000.000000,0,1,-2129550242,1469,0,1469,-90,0,19,1
104,1000,30.000000,10000.000000,0,1,-2129550236,1467,0,1467,-90,0,19,1
104,1000,30.000000,10000.000000,0,1,-2129550229,1466,0,1466,-90,0,19,1
104,1000,30.000000,10000.000000,0,1,-2129550221,1465,0,1465,-90,0,19,1
104,1000,30.000000,10000.000000,0,1,-2129550215,1465,0,1465,-91,0,19,1
104,1000,30.000000,10000.000000,0,1,-2129550208,1464,0,1464,-92,0,19,1
104,1000,30.000000,10000.000000,0,1,-2129550200,1463,0,1463,-92,0,19,1
104,1000,30.000000,10000.000000,0,1,-2129550194,1462,0,1462,-92,0,19,1
104,1000,30.000000,10000.000000,0,1,-2129550186,1461,0,1461,-92,0,19,1
104,1000,30.000000,10000.000000,0,1,-2129550179,1461,0,1461,-92,0,19,1
104,1000,30.000000,10000.000000,0,1,-2129550161,1461,0,1461,-92,0,19,1
