104,500,30.000000,10000.000000,0,1,-2129643283,706,0,706,0,0,8,1
104,500,30.000000,10000.000000,0,1,-2129643281,706,0,706,0,0,8,1
104,500,30.000000,10000.000000,0,1,-2129643274,706,0,706,0,0,8,1
104,500,30.000000,10000.000000,0,1,-2129643268,706,0,706,0,0,8,1
104,500,30.000000,10000.000000,0,1,-2129643261,706,0,706,0,0,8,1
104,500,30.000000,10000.000000,0,1,-2129643254,706,0,706,0,0,8,1
104,500,30.000000,10000.000000,0,1,-2129643247,706,0,706,0,0,8,1
104,500,30.000000,10000.000000,0,1,-2129643239,706,0,706,0,0,8,1
104,500,30.000000,10000.000000,0,1,-2129643233,706,0,706,0,0,8,1
104,500,30.000000,10000.000000,0,1,-2129643226,706,0,706,0,0,8,1
104,500,30.000000,10000.000000,0,1,-2129643218,706,0,706,0,0,8,1
104,500,30.000000,10000.000000,0,1,-2129643212,706,0,706,0,0,8,1
104,500,30.000000,10000.000000,0,1,-2129643205,707,0,707,0,0,8,1
104,500,30.000000,10000.000000,0,1,-2129643199,710,0,710,0,0,8,1
104,500,30.000000,10000.000000,0,1,-2129643191,713,0,713,0,0,8,1
104,500,30.000000,10000.000000,0,1,-2129643184,718,0,718,-1,0,8,1
104,500,30.000000,10000.000000,0,1,-2129643177,728,0,728,-1,0,8,1
104,500,30.000000,10000.000000,0,1,-2129643171,741,0,741,-2,0,8,1
104,500,30.000000,10000.000000,0,1,-2129643163,760,0,760,-3,0,8,1
104,500,30.000000,10000.000000,0,1,-2129643156,783,0,783,-4,0,8,1
104,500,30.000000,10000.000000,0,1,-2129643150,812,0,812,-6,0,8,1
104,500,30.000000,10000.000000,0,1,-2129643142,846,0,846,-8,0,8,1
104,500,30.000000,10000.000000,0,1,-2129643136,885,0,885,-10,0,8,1
104,500,30.000000,10000.000000,0,1,-2129643129,910,0,910,-12,0,8,1
104,500,30.000000,10000.000000,0,1,-2129643122,955,0,955,-14,0,8,1
104,500,30.000000,10000.000000,0,1,-2129643115,997,0,997,-16,0,8,1
104,500,30.000000,10000.000000,0,1,-2129643108,1036,0,1036,-18,0,8,1
104,500,30.000000,10000.000000,0,1,-2129643101,1070,0,1070,-21,0,8,1
104,500,30.000000,10000.000000,0,1,-2129643094,1097,0,1097,-22,0,8,1
104,500,30.000000,10000.000000,0,1,-2129643087,1117,0,1117,-22,0,8,1
104,500,30.000000,10000.000000,0,1,-2129643080,1132,0,1132,-23,0,8,1
104,500,30.000000,10000.000000,0,1,-2129643073,1143,0,1143,-24,0,8,1
104,500,30.000000,10000.000000,0,1,-2129643066,1147,0,1147,-24,0,8,1
104,500,30.000000,10000.000000,0,1,-2129643059,1148,0,1148,-24,0,8,1
104,500,30.000000,10000.000000,0,1,-2129643053,1150,0,1150,-24,0,8,1
104,500,30.000000,10000.000000,0,1,-2129643046,1150,0,1150,-24,0,8,1
104,500,30.000000,10000.000000,0,1,-2129643039,1148,0,1148,-24,0,8,1
104,500,30.000000,10000.000000,0,1,-2129643031,1145,0,1145,-24,0,8,1
104,500,30.000000,10000.000000,0,1,-2129643024,1141,0,1141,-24,0,8,1
104,500,30.000000,10000.000000,0,1,-2129643017,1137,0,1137,-24,0,8,1
104,500,30.000000,10000.000000,0,1,-2129643010,1134,0,1134,-24,0,8,1
104,500,30.000000,10000.000000,0,1,-2129643003,1132,0,1132,-24,0,8,1
104,500,30.000000,10000.000000,0,1,-2129642997,1131,0,1131,-24,0,8,1
104,500,30.000000,10000.000000,0,1,-2129642991,1130,0,1130,-24,0,8,1
104,500,30.000000,10000.000000,0,1,-2129642984,1130,0,1130,-24,0,8,1
104,500,30.000000,10000.000000,0,1,-2129642976,1130,0,1130,-24,0,8,1
104,500,30.000000,10000.000000,0,1,-2129642970,1130,0,1130,-24,0,8,1
104,500,30.000000,10000.000000,0,1,-2129642963,1130,0,1130,-24,0,8,1
104,500,30.000000,10000.000000,0,1,-2129642956,1130,0,1130,-24,0,8,1
104,500,30.000000,10000.000000,0,1,-2129642948,1130,0,1130,-24,0,8,1
104,500,30.000000,10000.000000,0,1,-2129642941,1130,0,1130,-24,0,8,1
104,500,30.000000,10000.000000,0,1,-2129642934,1130,0,1130,-24,0,8,1
104,500,30.000000,10000.000000,0,1,-2129642928,1130,0,1130,-24,0,8,1
104,500,30.000000,10000.000000,0,1,-2129642921,1130,0,1130,-24,0,8,1
104,500,30.000000,10000.000000,0,1,-2129642914,1132,0,1132,-24,0,8,1
104,500,30.000000,10000.000000,0,1,-2129642906,1135,0,1135,-25,0,8,1
104,500,30.000000,10000.000000,0,1,-2129642899,1139,0,1139,-25,0,8,1
104,500,30.000000,10000.000000,0,1,-2129642892,1145,0,1145,-26,0,8,1
104,500,30.000000,10000.000000,0,1,-2129642885,1152,0,1152,-26,0,8,1
104,500,30.000000,10000.000000,0,1,-2129642878,1162,0,1162,-27,0,8,1
104,500,30.000000,10000.000000,0,1,-2129642871,1173,0,1173,-28,0,8,1
104,500,30.000000,10000.000000,0,1,-2129642865,1183,0,1183,-28,0,8,1
104,500,30.000000,10000.000000,0,1,-2129642858,1193,0,1193,-28,0,8,1
104,500,30.000000,10000.000000,0,1,-2129642851,1203,0,1203,-29,0,8,1
104,500,30.000000,10000.000000,0,1,-2129642845,1216,0,1216,-30,0,8,1
104,500,30.000000,10000.000000,0,1,-2129642838,1225,0,1225,-31,0,8,1
104,500,30.000000,10000.000000,0,1,-2129642831,1233,0,1233,-32,0,8,1
104,500,30.000000,10000.000000,0,1,-2129642824,1237,0,1237,-32,0,8,1
104,500,30.000000,10000.000000,0,1,-2129642817,1240,0,1240,-32,0,8,1
104,500,30.000000,10000.000000,0,1,-2129642810,1243,0,1243,-32,0,8,1
104,500,30.000000,10000.000000,0,1,-2129642803,1243,0,1243,-33,0,8,1
104,500,30.000000,10000.000000,0,1,-2129642796,1243,0,1243,-34,0,8,1
104,500,30.000000,10000.000000,0,1,-2129642789,1241,0,1241,-34,0,8,1
104,500,30.000000,10000.000000,0,1,-2129642781,1238,0,1238,-34,0,8,1
104,500,30.000000,10000.000000,0,1,-2129642775,1236,0,1236,-34,0,8,1
104,500,30.000000,10000.000000,0,1,-2129642768,1234,0,1234,-34,0,8,1
104,500,30.000000,10000.000000,0,1,-2129642761,1232,0,1232,-34,0,8,1
104,500,30.000000,10000.000000,0,1,-2129642753,1231,0,1231,-34,0,8,1
104,500,30.000000,10000.000000,0,1,-2129642747,1230,0,1230,-34,0,8,1
104,500,30.000000,10000.000000,0,1,-2129642739,1229,0,1229,-34,0,8,1
104,500,30.000000,10000.000000,0,1,-2129642733,1228,0,1228,-34,0,8,1
104,500,30.000000,10000.000000,0,1,-2129642727,1228,0,1228,-34,0,8,1
104,500,30.000000,10000.000000,0,1,-2129642720,1228,0,1228,-34,0,8,1
104,500,30.000000,10000.000000,0,1,-2129642704,1228,0,1228,-34,0,8,1
104,500,30.000000,10000.000000,0,1,-2129642695,1228,0,1228,-34,0,8,1
104,500,30.000000,10000.000000,0,1,-2129642687,1227,0,1227,-34,0,8,1
104,500,30.000000,10000.000000,0,1,-2129642681,1225,0,1225,-34,0,8,1
104,500,30.000000,10000.000000,0,1,-2129642674,1223,0,1223,-34,0,8,1
104,500,30.000000,10000.000000,0,1,-2129642668,1220,0,1220,-34,0,8,1
104,500,30.000000,10000.000000,0,1,-2129642662,1217,0,1217,-34,0,8,1
104,500,30.000000,10000.000000,0,1,-2129642655,1212,0,1212,-35,0,8,1
104,500,30.000000,10000.000000,0,1,-2129642648,1208,0,1208,-35,0,8,1
104,500,30.000000,10000.000000,0,1,-2129642641,1205,0,1205,-36,0,8,1
104,500,30.000000,10000.000000,0,1,-2129642634,1202,0,1202,-37,0,8,1
104,500,30.000000,10000.000000,0,1,-2129642628,1201,0,1201,-38,0,8,1
104,500,30.000000,10000.000000,0,1,-2129642621,1200,0,1200,-39,0,8,1
104,500,30.000000,10000.000000,0,1,-2129642615,1200,0,1200,-39,0,8,1
104,500,30.000000,10000.000000,0,1,-2129642608,1200,0,1200,-40,0,8,1
104,500,30.000000,10000.000000,0,1,-2129642590,1200,0,1200,-41,0,8,1
