104,500,30.000000,0.000000,1,0,-2129077817,703,16,703,16,0,68,0
104,500,30.000000,0.000000,1,0,-2129077815,703,16,703,16,0,68,0
104,500,30.000000,0.000000,1,0,-2129077809,703,16,703,16,0,68,0
104,500,30.000000,0.000000,1,0,-2129077801,703,16,703,16,0,68,0
104,500,30.000000,0.000000,1,0,-2129077794,703,16,703,16,0,68,0
104,500,30.000000,0.000000,1,0,-2129077788,703,16,703,16,0,68,0
104,500,30.000000,0.000000,1,0,-2129077781,703,16,703,16,0,68,0
104,500,30.000000,0.000000,1,0,-2129077774,703,16,703,16,0,68,0
104,500,30.000000,0.000000,1,0,-2129077767,704,16,704,16,0,68,0
104,500,30.000000,0.000000,1,0,-2129077759,706,16,706,16,0,68,0
104,500,30.000000,0.000000,1,0,-2129077753,708,16,708,16,0,68,0
104,500,30.000000,0.000000,1,0,-2129077746,710,17,710,17,0,68,0
104,500,30.000000,0.000000,1,0,-2129077739,715,18,715,18,0,68,0
104,500,30.000000,0.000000,1,0,-2129077732,720,20,720,20,0,68,0
104,500,30.000000,0.000000,1,0,-2129077725,730,23,730,23,0,68,0
104,500,30.000000,0.000000,1,0,-2129077718,747,27,747,27,0,68,0
104,500,30.000000,0.000000,1,0,-2129077711,763,32,763,32,0,68,0
104,500,30.000000,0.000000,1,0,-2129077705,780,37,780,37,0,68,0
104,500,30.000000,0.000000,1,0,-2129077698,803,44,803,44,0,68,0
104,500,30.000000,0.000000,1,0,-2129077691,830,52,830,52,0,68,0
104,500,30.000000,0.000000,1,0,-2129077683,858,60,858,60,0,68,0
104,500,30.000000,0.000000,1,0,-2129077677,887,66,887,66,0,68,0
104,500,30.000000,0.000000,1,0,-2129077669,923,73,923,73,0,68,0
104,500,30.000000,0.000000,1,0,-2129077662,952,77,952,77,0,68,0
104,500,30.000000,0.000000,1,0,-2129077655,981,81,981,81,0,68,0
104,500,30.000000,0.000000,1,0,-2129077650,1010,82,1010,82,0,68,0
104,500,30.000000,0.000000,1,0,-2129077643,1033,82,1033,82,0,68,0
104,500,30.000000,0.000000,1,0,-2129077636,1058,81,1058,81,0,68,0
104,500,30.000000,0.000000,1,0,-2129077629,1084,77,1084,77,0,68,0
104,500,30.000000,0.000000,1,0,-2129077621,1103,74,1103,74,0,68,0
104,500,30.000000,0.000000,1,0,-2129077614,1114,71,1114,71,0,68,0
104,500,30.000000,0.000000,1,0,-2129077599,1125,67,1125,67,0,68,0
104,500,30.000000,0.000000,1,0,-2129077589,1145,55,1145,55,0,68,0
104,500,30.000000,0.000000,1,0,-2129077581,1156,47,1156,47,0,68,0
104,500,30.000000,0.000000,1,0,-2129077574,1165,39,1165,39,0,68,0
104,500,30.000000,0.000000,1,0,-2129077568,1173,33,1173,33,0,68,0
104,500,30.000000,0.000000,1,0,-2129077561,1179,29,1179,29,0,68,0
104,500,30.000000,0.000000,1,0,-2129077555,1184,26,1184,26,0,68,0
104,500,30.000000,0.000000,1,0,-2129077548,1188,23,1188,23,0,68,0
104,500,30.000000,0.000000,1,0,-2129077540,1193,19,1193,19,0,68,0
104,500,30.000000,0.000000,1,0,-2129077534,1198,17,1198,17,0,68,0
104,500,30.000000,0.000000,1,0,-2129077527,1203,15,1203,15,0,68,0
104,500,30.000000,0.000000,1,0,-2129077520,1206,14,1206,14,0,68,0
104,500,30.000000,0.000000,1,0,-2129077513,1209,14,1209,14,0,68,0
104,500,30.000000,0.000000,1,0,-2129077507,1210,14,1210,14,0,68,0
104,500,30.000000,0.000000,1,0,-2129077501,1211,14,1211,14,0,68,0
104,500,30.000000,0.000000,1,0,-2129077495,1211,14,1211,14,0,68,0
104,500,30.000000,0.000000,1,0,-2129077488,1211,14,1211,14,0,68,0
104,500,30.000000,0.000000,1,0,-2129077482,1211,14,1211,14,0,68,0
104,500,30.000000,0.000000,1,0,-2129077475,1209,14,1209,14,0,68,0
104,500,30.000000,0.000000,1,0,-2129077468,1207,14,1207,14,0,68,0
104,500,30.000000,0.000000,1,0,-2129077462,1204,16,1204,16,0,68,0
104,500,30.000000,0.000000,1,0,-2129077455,1202,17,1202,17,0,68,0
104,500,30.000000,0.000000,1,0,-2129077448,1201,18,1201,18,0,68,0
104,500,30.000000,0.000000,1,0,-2129077441,1200,18,1200,18,0,68,0
104,500,30.000000,0.000000,1,0,-2129077434,1199,19,1199,19,0,68,0
104,500,30.000000,0.000000,1,0,-2129077427,1199,19,1199,19,0,68,0
104,500,30.000000,0.000000,1,0,-2129077420,1199,20,1199,20,0,68,0
104,500,30.000000,0.000000,1,0,-2129077413,1199,21,1199,21,0,68,0
104,500,30.000000,0.000000,1,0,-2129077406,1199,22,1199,22,0,68,0
104,500,30.000000,0.000000,1,0,-2129077399,1201,22,1201,22,0,68,0
104,500,30.000000,0.000000,1,0,-2129077392,1203,22,1203,22,0,68,0
104,500,30.000000,0.000000,1,0,-2129077385,1204,22,1204,22,0,68,0
104,500,30.000000,0.000000,1,0,-2129077379,1205,22,1205,22,0,68,0
104,500,30.000000,0.000000,1,0,-2129077372,1205,22,1205,22,0,68,0
104,500,30.000000,0.000000,1,0,-2129077364,1205,22,1205,22,0,68,0
104,500,30.000000,0.000000,1,0,-2129077349,1205,22,1205,22,0,68,0
104,500,30.000000,0.000000,1,0,-2129077340,1205,22,1205,22,0,68,0
104,500,30.000000,0.000000,1,0,-2129077332,1205,22,1205,22,0,68,0
104,500,30.000000,0.000000,1,0,-2129077313,1205,22,1205,22,0,68,0
