104,500,30.000000,60.000000,1,0,-2129070939,711,17,711,17,0,68,5
104,500,30.000000,60.000000,1,0,-2129070938,711,17,711,17,0,68,5
104,500,30.000000,60.000000,1,0,-2129070931,712,17,712,17,0,68,5
104,500,30.000000,60.000000,1,0,-2129070925,713,16,713,16,0,68,5
104,500,30.000000,60.000000,1,0,-2129070919,715,16,715,16,0,68,5
104,500,30.000000,60.000000,1,0,-2129070912,716,16,716,16,0,68,5
104,500,30.000000,60.000000,1,0,-2129070906,718,16,718,16,0,68,5
104,500,30.000000,60.000000,1,0,-2129070899,718,16,718,16,0,68,5
104,500,30.000000,60.000000,1,0,-2129070892,718,16,718,16,0,68,5
104,500,30.000000,60.000000,1,0,-2129070886,718,16,718,16,0,68,5
104,500,30.000000,60.000000,1,0,-2129070879,719,16,719,16,0,68,5
104,500,30.000000,60.000000,1,0,-2129070872,720,16,720,16,0,68,5
104,500,30.000000,60.000000,1,0,-2129070865,721,17,721,17,0,68,5
104,500,30.000000,60.000000,1,0,-2129070858,723,19,723,19,0,68,5
104,500,30.000000,60.000000,1,0,-2129070850,727,22,727,22,0,68,5
104,500,30.000000,60.000000,1,0,-2129070843,736,26,736,26,0,68,5
104,500,30.000000,60.000000,1,0,-2129070837,754,32,754,32,0,68,5
104,500,30.000000,60.000000,1,0,-2129070830,778,39,778,39,0,68,5
104,500,30.000000,60.000000,1,0,-2129070823,807,44,807,44,0,68,5
104,500,30.000000,60.000000,1,0,-2129070816,837,50,837,50,0,68,5
104,500,30.000000,60.000000,1,0,-2129070808,878,56,878,56,0,68,5
104,500,30.000000,60.000000,1,0,-2129070801,917,60,917,60,0,68,5
104,500,30.000000,60.000000,1,0,-2129070795,959,64,959,64,0,68,5
104,500,30.000000,60.000000,1,0,-2129070789,998,66,998,66,0,68,5
104,500,30.000000,60.000000,1,0,-2129070782,1020,67,1020,67,0,68,5
104,500,30.000000,60.000000,1,0,-2129070775,1050,68,1050,68,0,68,5
104,500,30.000000,60.000000,1,0,-2129070768,1073,68,1073,68,0,68,5
104,500,30.000000,60.000000,1,0,-2129070760,1094,68,1094,68,0,68,5
104,500,30.000000,60.000000,1,0,-2129070754,1113,65,1113,65,0,68,5
104,500,30.000000,60.000000,1,0,-2129070747,1121,63,1121,63,0,68,5
104,500,30.000000,60.000000,1,0,-2129070740,1128,61,1128,61,0,68,5
104,500,30.000000,60.000000,1,0,-2129070733,1135,57,1135,57,0,68,5
104,500,30.000000,60.000000,1,0,-2129070726,1139,55,1139,55,0,68,5
104,500,30.000000,60.000000,1,0,-2129070719,1142,52,1142,52,0,68,5
104,500,30.000000,60.000000,1,0,-2129070712,1143,50,1143,50,0,68,5
104,500,30.000000,60.000000,1,0,-2129070705,1145,48,1145,48,0,68,5
104,500,30.000000,60.000000,1,0,-2129070697,1146,46,1146,46,0,68,5
104,500,30.000000,60.000000,1,0,-2129070690,1147,45,1147,45,0,68,5
104,500,30.000000,60.000000,1,0,-2129070684,1148,43,1148,43,0,68,5
104,500,30.000000,60.000000,1,0,-2129070676,1149,42,1149,42,0,68,5
104,500,30.000000,60.000000,1,0,-2129070671,1150,40,1150,40,0,68,5
104,500,30.000000,60.000000,1,0,-2129070663,1151,38,1151,38,0,68,5
104,500,30.000000,60.000000,1,0,-2129070657,1151,37,1151,37,0,68,5
104,500,30.000000,60.000000,1,0,-2129070649,1152,36,1152,36,0,68,5
104,500,30.000000,60.000000,1,0,-2129070634,1152,36,1152,36,0,68,5
104,500,30.000000,60.000000,1,0,-2129070625,1152,36,1152,36,0,68,5
104,500,30.000000,60.000000,1,0,-2129070617,1152,36,1152,36,0,68,5
104,500,30.000000,60.000000,1,0,-2129070611,1152,36,1152,36,0,68,5
104,500,30.000000,60.000000,1,0,-2129070604,1152,36,1152,36,0,68,5
104,500,30.000000,60.000000,1,0,-2129070597,1152,35,1152,35,0,68,5
104,500,30.000000,60.000000,1,0,-2129070591,1153,34,1153,34,0,68,5
104,500,30.000000,60.000000,1,0,-2129070585,1153,34,1153,34,0,68,5
104,500,30.000000,60.000000,1,0,-2129070579,1154,34,1154,34,0,68,5
104,500,30.000000,60.000000,1,0,-2129070573,1156,34,1156,34,0,68,5
104,500,30.000000,60.000000,1,0,-2129070566,1158,33,1158,33,0,68,5
104,500,30.000000,60.000000,1,0,-2129070559,1161,32,1161,32,0,68,5
104,500,30.000000,60.000000,1,0,-2129070552,1164,31,1164,31,0,68,5
104,500,30.000000,60.000000,1,0,-2129070545,1168,30,1168,30,0,68,5
104,500,30.000000,60.000000,1,0,-2129070537,1171,29,1171,29,0,68,5
104,500,30.000000,60.000000,1,0,-2129070530,1176,28,1176,28,0,68,5
104,500,30.000000,60.000000,1,0,-2129070525,1180,27,1180,27,0,68,5
104,500,30.000000,60.000000,1,0,-2129070518,1183,27,1183,27,0,68,5
104,500,30.000000,60.000000,1,0,-2129070510,1185,27,1185,27,0,68,5
104,500,30.000000,60.000000,1,0,-2129070503,1187,27,1187,27,0,68,5
104,500,30.000000,60.000000,1,0,-2129070496,1189,26,1189,26,0,68,5
104,500,30.000000,60.000000,1,0,-2129070490,1189,26,1189,26,0,68,5
104,500,30.000000,60.000000,1,0,-2129070474,1189,26,1189,26,0,68,5
104,500,30.000000,60.000000,1,0,-2129070465,1189,26,1189,26,0,68,5
104,500,30.000000,60.000000,1,0,-2129070457,1189,26,1189,26,0,68,5
104,500,30.000000,60.000000,1,0,-2129070451,1189,26,1189,26,0,68,5
104,500,30.000000,60.000000,1,0,-2129070445,1189,26,1189,26,0,68,5
104,500,30.000000,60.000000,1,0,-2129070439,1189,26,1189,26,0,68,5
104,500,30.000000,60.000000,1,0,-2129070432,1189,26,1189,26,0,68,5
104,500,30.000000,60.000000,1,0,-2129070426,1190,26,1190,26,0,68,5
104,500,30.000000,60.000000,1,0,-2129070419,1191,25,1191,25,0,68,5
104,500,30.000000,60.000000,1,0,-2129070413,1192,25,1192,25,0,68,5
104,500,30.000000,60.000000,1,0,-2129070406,1193,24,1193,24,0,68,5
104,500,30.000000,60.000000,1,0,-2129070399,1194,23,1194,23,0,68,5
104,500,30.000000,60.000000,1,0,-2129070381,1194,23,1194,23,1,68,5
