104,1000,30.000000,0.000000,1,1,-2129401573,467,17,467,17,0,31,4
104,1000,30.000000,0.000000,1,1,-2129401571,467,17,467,17,0,31,4
104,1000,30.000000,0.000000,1,1,-2129401566,467,18,467,18,0,31,4
104,1000,30.000000,0.000000,1,1,-2129401559,467,18,467,18,0,31,4
104,1000,30.000000,0.000000,1,1,-2129401552,467,18,467,18,0,31,4
104,1000,30.000000,0.000000,1,1,-2129401545,467,18,467,18,0,31,4
104,1000,30.000000,0.000000,1,1,-2129401529,467,18,467,18,0,31,4
104,1000,30.000000,0.000000,1,1,-2129401520,467,18,467,18,0,31,4
104,1000,30.000000,0.000000,1,1,-2129401512,470,18,470,18,0,31,4
104,1000,30.000000,0.000000,1,1,-2129401505,476,17,476,17,0,31,4
104,1000,30.000000,0.000000,1,1,-2129401499,484,16,484,16,0,31,4
104,1000,30.000000,0.000000,1,1,-2129401492,494,15,494,15,0,31,4
104,1000,30.000000,0.000000,1,1,-2129401486,507,15,507,15,0,31,4
104,1000,30.000000,0.000000,1,1,-2129401480,523,15,523,15,0,31,4
104,1000,30.000000,0.000000,1,1,-2129401473,550,17,550,17,0,31,4
104,1000,30.000000,0.000000,1,1,-2129401465,571,18,571,18,0,31,4
104,1000,30.000000,0.000000,1,1,-2129401459,614,23,614,23,0,31,4
104,1000,30.000000,0.000000,1,1,-2129401453,651,27,651,27,0,31,4
104,1000,30.000000,0.000000,1,1,-2129401446,688,31,688,31,0,31,4
104,1000,30.000000,0.000000,1,1,-2129401439,741,36,741,36,0,31,4
104,1000,30.000000,0.000000,1,1,-2129401433,797,41,797,41,0,31,4
104,1000,30.000000,0.000000,1,1,-2129401426,841,45,841,45,0,31,4
104,1000,30.000000,0.000000,1,1,-2129401420,898,49,898,49,0,31,4
104,1000,30.000000,0.000000,1,1,-2129401413,950,54,950,54,0,31,4
104,1000,30.000000,0.000000,1,1,-2129401406,1001,57,1001,57,0,31,4
104,1000,30.000000,0.000000,1,1,-2129401399,1051,60,1051,60,0,31,4
104,1000,30.000000,0.000000,1,1,-2129401391,1104,61,1104,61,0,31,4
104,1000,30.000000,0.000000,1,1,-2129401384,1144,61,1144,61,0,31,4
104,1000,30.000000,0.000000,1,1,-2129401377,1179,61,1179,61,0,31,4
104,1000,30.000000,0.000000,1,1,-2129401371,1217,61,1217,61,0,31,4
104,1000,30.000000,0.000000,1,1,-2129401364,1255,60,1255,60,0,31,4
104,1000,30.000000,0.000000,1,1,-2129401357,1291,57,1291,57,0,31,4
104,1000,30.000000,0.000000,1,1,-2129401349,1320,54,1320,54,0,31,4
104,1000,30.000000,0.000000,1,1,-2129401343,1344,50,1344,50,0,31,4
104,1000,30.000000,0.000000,1,1,-2129401335,1359,46,1359,46,0,31,4
104,1000,30.000000,0.000000,1,1,-2129401329,1374,41,1374,41,0,31,4
104,1000,30.000000,0.000000,1,1,-2129401322,1382,38,1382,38,0,31,4
104,1000,30.000000,0.000000,1,1,-2129401315,1388,35,1388,35,0,31,4
104,1000,30.000000,0.000000,1,1,-2129401308,1391,32,1391,32,0,31,4
104,1000,30.000000,0.000000,1,1,-2129401301,1392,30,1392,30,0,31,4
104,1000,30.000000,0.000000,1,1,-2129401295,1392,29,1392,29,0,31,4
104,1000,30.000000,0.000000,1,1,-2129401279,1392,27,1392,27,0,31,4
104,1000,30.000000,0.000000,1,1,-2129401270,1393,25,1393,25,0,31,4
104,1000,30.000000,0.000000,1,1,-2129401262,1394,24,1394,24,0,31,4
104,1000,30.000000,0.000000,1,1,-2129401255,1396,23,1396,23,0,31,4
104,1000,30.000000,0.000000,1,1,-2129401249,1397,22,1397,22,0,31,4
104,1000,30.000000,0.000000,1,1,-2129401242,1399,21,1399,21,0,31,4
104,1000,30.000000,0.000000,1,1,-2129401236,1400,20,1400,20,0,31,4
104,1000,30.000000,0.000000,1,1,-2129401229,1401,20,1401,20,0,31,4
104,1000,30.000000,0.000000,1,1,-2129401223,1402,19,1402,19,0,31,4
104,1000,30.000000,0.000000,1,1,-2129401217,1404,17,1404,17,0,31,4
104,1000,30.000000,0.000000,1,1,-2129401210,1404,17,1404,17,0,31,4
104,1000,30.000000,0.000000,1,1,-2129401204,1404,17,1404,17,0,31,4
104,1000,30.000000,0.000000,1,1,-2129401197,1404,16,1404,16,0,31,4
104,1000,30.000000,0.000000,1,1,-2129401189,1404,16,1404,16,0,31,4
104,1000,30.000000,0.000000,1,1,-2129401182,1404,16,1404,16,0,31,4
104,1000,30.000000,0.000000,1,1,-2129401176,1404,15,1404,15,0,31,4
104,1000,30.000000,0.000000,1,1,-2129401169,1404,14,1404,14,0,31,4
104,1000,30.000000,0.000000,1,1,-2129401163,1405,14,1405,14,0,31,4
104,1000,30.000000,0.000000,1,1,-2129401156,1408,13,1408,13,0,31,4
104,1000,30.000000,0.000000,1,1,-2129401149,1413,12,1413,12,0,31,4
104,1000,30.000000,0.000000,1,1,-2129401141,1419,10,1419,10,0,31,4
104,1000,30.000000,0.000000,1,1,-2129401135,1428,9,1428,9,0,31,4
104,1000,30.000000,0.000000,1,1,-2129401127,1436,9,1436,9,0,31,4
104,1000,30.000000,0.000000,1,1,-2129401120,1446,8,1446,8,0,31,4
104,1000,30.000000,0.000000,1,1,-2129401114,1457,8,1457,8,0,31,4
104,1000,30.000000,0.000000,1,1,-2129401106,1466,8,1466,8,0,31,4
104,1000,30.000000,0.000000,1,1,-2129401099,1475,8,1475,8,0,31,4
104,1000,30.000000,0.000000,1,1,-2129401092,1479,8,1479,8,0,31,4
104,1000,30.000000,0.000000,1,1,-2129401086,1481,9,1481,9,0,31,4
104,1000,30.000000,0.000000,1,1,-2129401078,1483,10,1483,10,0,31,4
104,1000,30.000000,0.000000,1,1,-2129401072,1483,11,1483,11,0,31,4
104,1000,30.000000,0.000000,1,1,-2129401065,1483,13,1483,13,0,31,4
104,1000,30.000000,0.000000,1,1,-2129401058,1482,14,1482,14,0,31,4
104,1000,30.000000,0.000000,1,1,-2129401051,1481,15,1481,15,0,31,4
104,1000,30.000000,0.000000,1,1,-2129401044,1481,16,1481,16,0,31,4
104,1000,30.000000,0.000000,1,1,-2129401037,1480,16,1480,16,0,31,4
104,1000,30.000000,0.000000,1,1,-2129401031,1480,17,1480,17,0,31,4
104,1000,30.000000,0.000000,1,1,-2129401024,1479,18,1479,18,0,31,4
104,1000,30.000000,0.000000,1,1,-2129401017,1477,18,1477,18,0,31,4
104,1000,30.000000,0.000000,1,1,-2129401009,1476,19,1476,19,0,31,4
104,1000,30.000000,0.000000,1,1,-2129401002,1475,19,1475,19,0,31,4
104,1000,30.000000,0.000000,1,1,-2129400995,1474,20,1474,20,0,31,4
104,1000,30.000000,0.000000,1,1,-2129400989,1473,20,1473,20,0,31,4
104,1000,30.000000,0.000000,1,1,-2129400981,1471,21,1471,21,0,31,4
104,1000,30.000000,0.000000,1,1,-2129400975,1470,21,1470,21,0,31,4
104,1000,30.000000,0.000000,1,1,-2129400968,1469,22,1469,22,0,31,4
104,1000,30.000000,0.000000,1,1,-2129400961,1468,23,1468,23,0,31,4
104,1000,30.000000,0.000000,1,1,-2129400954,1468,23,1468,23,0,31,4
104,1000,30.000000,0.000000,1,1,-2129400947,1468,23,1468,23,0,31,4
104,1000,30.000000,0.000000,1,1,-2129400939,1468,23,1468,23,0,31,4
104,1000,30.000000,0.000000,1,1,-2129400933,1468,23,1468,23,0,31,4
104,1000,30.000000,0.000000,1,1,-2129400927,1468,23,1468,23,0,31,4
104,1000,30.000000,0.000000,1,1,-2129400920,1468,23,1468,23,0,31,4
104,1000,30.000000,0.000000,1,1,-2129400904,1467,23,1467,23,0,31,4
104,1000,30.000000,0.000000,1,1,-2129400883,1466,23,1466,23,0,31,4
