104,1000,30.000000,0.000000,1,1,-2129346380,446,7,446,7,0,38,1
104,1000,30.000000,0.000000,1,1,-2129346379,446,7,446,7,0,38,1
104,1000,30.000000,0.000000,1,1,-2129346372,446,7,446,7,0,38,1
104,1000,30.000000,0.000000,1,1,-2129346366,446,7,446,7,0,38,1
104,1000,30.000000,0.000000,1,1,-2129346358,446,7,446,7,0,38,1
104,1000,30.000000,0.000000,1,1,-2129346351,446,7,446,7,0,38,1
104,1000,30.000000,0.000000,1,1,-2129346344,446,7,446,7,0,38,1
104,1000,30.000000,0.000000,1,1,-2129346337,446,7,446,7,0,38,1
104,1000,30.000000,0.000000,1,1,-2129346331,446,7,446,7,0,38,1
104,1000,30.000000,0.000000,1,1,-2129346323,446,7,446,7,0,38,1
104,1000,30.000000,0.000000,1,1,-2129346317,446,7,446,7,0,38,1
104,1000,30.000000,0.000000,1,1,-2129346310,446,7,446,7,0,38,1
104,1000,30.000000,0.000000,1,1,-2129346294,446,7,446,7,0,38,1
104,1000,30.000000,0.000000,1,1,-2129346283,451,9,451,9,0,38,1
104,1000,30.000000,0.000000,1,1,-2129346277,463,13,463,13,0,38,1
104,1000,30.000000,0.000000,1,1,-2129346270,479,17,479,17,0,38,1
104,1000,30.000000,0.000000,1,1,-2129346264,496,20,496,20,0,38,1
104,1000,30.000000,0.000000,1,1,-2129346257,520,25,520,25,0,38,1
104,1000,30.000000,0.000000,1,1,-2129346251,552,31,552,31,0,38,1
104,1000,30.000000,0.000000,1,1,-2129346245,585,37,585,37,0,38,1
104,1000,30.000000,0.000000,1,1,-2129346238,629,43,629,43,0,38,1
104,1000,30.000000,0.000000,1,1,-2129346232,675,49,675,49,0,38,1
104,1000,30.000000,0.000000,1,1,-2129346224,728,54,728,54,0,38,1
104,1000,30.000000,0.000000,1,1,-2129346218,778,58,778,58,0,38,1
104,1000,30.000000,0.000000,1,1,-2129346211,825,63,825,63,0,38,1
104,1000,30.000000,0.000000,1,1,-2129346205,880,67,880,67,0,38,1
104,1000,30.000000,0.000000,1,1,-2129346198,925,70,925,70,0,38,1
104,1000,30.000000,0.000000,1,1,-2129346191,979,72,979,72,0,38,1
104,1000,30.000000,0.000000,1,1,-2129346184,1035,74,1035,74,0,38,1
104,1000,30.000000,0.000000,1,1,-2129346177,1176,76,1176,76,0,38,1
104,1000,30.000000,0.000000,1,1,-2129346170,1230,76,1230,76,0,38,1
104,1000,30.000000,0.000000,1,1,-2129346163,1277,76,1277,76,0,38,1
104,1000,30.000000,0.000000,1,1,-2129346157,1316,74,1316,74,0,38,1
104,1000,30.000000,0.000000,1,1,-2129346149,1356,70,1356,70,0,38,1
104,1000,30.000000,0.000000,1,1,-2129346142,1386,66,1386,66,0,38,1
104,1000,30.000000,0.000000,1,1,-2129346135,1422,61,1422,61,0,38,1
104,1000,30.000000,0.000000,1,1,-2129346128,1451,58,1451,58,0,38,1
104,1000,30.000000,0.000000,1,1,-2129346121,1479,53,1479,53,0,38,1
104,1000,30.000000,0.000000,1,1,-2129346116,1497,50,1497,50,0,38,1
104,1000,30.000000,0.000000,1,1,-2129346109,1509,48,1509,48,0,38,1
104,1000,30.000000,0.000000,1,1,-2129346101,1516,46,1516,46,0,38,1
104,1000,30.000000,0.000000,1,1,-2129346094,1518,44,1518,44,0,38,1
104,1000,30.000000,0.000000,1,1,-2129346087,1518,43,1518,43,0,38,1
104,1000,30.000000,0.000000,1,1,-2129346080,1516,42,1516,42,0,38,1
104,1000,30.000000,0.000000,1,1,-2129346073,1514,42,1514,42,0,38,1
104,1000,30.000000,0.000000,1,1,-2129346066,1512,41,1512,41,0,38,1
104,1000,30.000000,0.000000,1,1,-2129346059,1510,41,1510,41,0,38,1
104,1000,30.000000,0.000000,1,1,-2129346052,1508,41,1508,41,0,38,1
104,1000,30.000000,0.000000,1,1,-2129346046,1506,41,1506,41,0,38,1
104,1000,30.000000,0.000000,1,1,-2129346038,1505,41,1505,41,0,38,1
104,1000,30.000000,0.000000,1,1,-2129346031,1503,40,1503,40,0,38,1
104,1000,30.000000,0.000000,1,1,-2129346025,1503,40,1503,40,0,38,1
104,1000,30.000000,0.000000,1,1,-2129346017,1503,40,1503,40,0,38,1
104,1000,30.000000,0.000000,1,1,-2129346011,1503,40,1503,40,0,38,1
104,1000,30.000000,0.000000,1,1,-2129346004,1503,40,1503,40,0,38,1
104,1000,30.000000,0.000000,1,1,-2129345997,1503,40,1503,40,0,38,1
104,1000,30.000000,0.000000,1,1,-2129345991,1503,39,1503,39,0,38,1
104,1000,30.000000,0.000000,1,1,-2129345984,1503,38,1503,38,0,38,1
104,1000,30.000000,0.000000,1,1,-2129345977,1503,38,1503,38,0,38,1
104,1000,30.000000,0.000000,1,1,-2129345970,1503,38,1503,38,0,38,1
104,1000,30.000000,0.000000,1,1,-2129345954,1502,37,1502,37,0,38,1
104,1000,30.000000,0.000000,1,1,-2129345944,1494,35,1494,35,0,38,1
104,1000,30.000000,0.000000,1,1,-2129345937,1489,34,1489,34,0,38,1
104,1000,30.000000,0.000000,1,1,-2129345930,1485,33,1485,33,0,38,1
104,1000,30.000000,0.000000,1,1,-2129345924,1483,32,1483,32,0,38,1
104,1000,30.000000,0.000000,1,1,-2129345917,1483,31,1483,31,0,38,1
104,1000,30.000000,0.000000,1,1,-2129345911,1483,31,1483,31,0,38,1
104,1000,30.000000,0.000000,1,1,-2129345905,1483,31,1483,31,0,38,1
104,1000,30.000000,0.000000,1,1,-2129345899,1483,31,1483,31,0,38,1
104,1000,30.000000,0.000000,1,1,-2129345892,1483,30,1483,30,0,38,1
104,1000,30.000000,0.000000,1,1,-2129345886,1483,29,1483,29,0,38,1
104,1000,30.000000,0.000000,1,1,-2129345879,1483,28,1483,28,0,38,1
104,1000,30.000000,0.000000,1,1,-2129345872,1483,27,1483,27,0,38,1
104,1000,30.000000,0.000000,1,1,-2129345865,1483,25,1483,25,0,38,1
104,1000,30.000000,0.000000,1,1,-2129345858,1483,24,1483,24,0,38,1
104,1000,30.000000,0.000000,1,1,-2129345851,1483,23,1483,23,0,38,1
104,1000,30.000000,0.000000,1,1,-2129345845,1482,23,1482,23,0,38,1
104,1000,30.000000,0.000000,1,1,-2129345829,1481,23,1481,23,0,38,1
104,1000,30.000000,0.000000,1,1,-2129345819,1479,23,1479,23,0,38,1
104,1000,30.000000,0.000000,1,1,-2129345811,1479,23,1479,23,0,38,1
104,1000,30.000000,0.000000,1,1,-2129345805,1478,23,1478,23,0,38,1
104,1000,30.000000,0.000000,1,1,-2129345799,1478,23,1478,23,0,38,1
104,1000,30.000000,0.000000,1,1,-2129345793,1478,23,1478,23,0,38,1
104,1000,30.000000,0.000000,1,1,-2129345786,1478,23,1478,23,0,38,1
104,1000,30.000000,0.000000,1,1,-2129345780,1478,23,1478,23,0,38,1
104,1000,30.000000,0.000000,1,1,-2129345774,1478,23,1478,23,0,38,1
104,1000,30.000000,0.000000,1,1,-2129345767,1478,23,1478,23,0,38,1
104,1000,30.000000,0.000000,1,1,-2129345761,1478,23,1478,23,0,38,1
104,1000,30.000000,0.000000,1,1,-2129345754,1478,23,1478,23,0,38,1
104,1000,30.000000,0.000000,1,1,-2129345746,1478,23,1478,23,0,38,1
104,1000,30.000000,0.000000,1,1,-2129345728,1478,23,1478,23,1,38,1
