104,1000,30.000000,60.000000,1,1,-2129393275,457,11,457,11,0,32,4
104,1000,30.000000,60.000000,1,1,-2129393273,457,11,457,11,0,32,4
104,1000,30.000000,60.000000,1,1,-2129393266,457,12,457,12,0,32,4
104,1000,30.000000,60.000000,1,1,-2129393259,457,12,457,12,0,32,4
104,1000,30.000000,60.000000,1,1,-2129393252,457,12,457,12,0,32,4
104,1000,30.000000,60.000000,1,1,-2129393246,457,12,457,12,0,32,4
104,1000,30.000000,60.000000,1,1,-2129393239,457,12,457,12,0,32,4
104,1000,30.000000,60.000000,1,1,-2129393232,457,12,457,12,0,32,4
104,1000,30.000000,60.000000,1,1,-2129393224,457,12,457,12,0,32,4
104,1000,30.000000,60.000000,1,1,-2129393217,457,12,457,12,0,32,4
104,1000,30.000000,60.000000,1,1,-2129393211,459,12,459,12,0,32,4
104,1000,30.000000,60.000000,1,1,-2129393204,461,12,461,12,0,32,4
104,1000,30.000000,60.000000,1,1,-2129393197,466,12,466,12,0,32,4
104,1000,30.000000,60.000000,1,1,-2129393191,475,14,475,14,0,32,4
104,1000,30.000000,60.000000,1,1,-2129393184,488,18,488,18,0,32,4
104,1000,30.000000,60.000000,1,1,-2129393177,514,24,514,24,0,32,4
104,1000,30.000000,60.000000,1,1,-2129393169,544,30,544,30,0,32,4
104,1000,30.000000,60.000000,1,1,-2129393162,594,42,594,42,0,32,4
104,1000,30.000000,60.000000,1,1,-2129393155,624,48,624,48,0,32,4
104,1000,30.000000,60.000000,1,1,-2129393148,664,57,664,57,0,32,4
104,1000,30.000000,60.000000,1,1,-2129393141,716,66,716,66,0,32,4
104,1000,30.000000,60.000000,1,1,-2129393134,767,72,767,72,0,32,4
104,1000,30.000000,60.000000,1,1,-2129393127,831,79,831,79,0,32,4
104,1000,30.000000,60.000000,1,1,-2129393120,896,85,896,85,0,32,4
104,1000,30.000000,60.000000,1,1,-2129393113,965,89,965,89,0,32,4
104,1000,30.000000,60.000000,1,1,-2129393106,1024,89,1024,89,0,32,4
104,1000,30.000000,60.000000,1,1,-2129393099,1076,89,1076,89,0,32,4
104,1000,30.000000,60.000000,1,1,-2129393092,1140,88,1140,88,0,32,4
104,1000,30.000000,60.000000,1,1,-2129393085,1203,83,1203,83,0,32,4
104,1000,30.000000,60.000000,1,1,-2129393079,1257,79,1257,79,0,32,4
104,1000,30.000000,60.000000,1,1,-2129393072,1295,75,1295,75,0,32,4
104,1000,30.000000,60.000000,1,1,-2129393065,1338,69,1338,69,0,32,4
104,1000,30.000000,60.000000,1,1,-2129393059,1380,62,1380,62,0,32,4
104,1000,30.000000,60.000000,1,1,-2129393052,1419,56,1419,56,0,32,4
104,1000,30.000000,60.000000,1,1,-2129393045,1449,51,1449,51,0,32,4
104,1000,30.000000,60.000000,1,1,-2129393038,1470,47,1470,47,0,32,4
104,1000,30.000000,60.000000,1,1,-2129393031,1490,42,1490,42,0,32,4
104,1000,30.000000,60.000000,1,1,-2129393024,1500,39,1500,39,0,32,4
104,1000,30.000000,60.000000,1,1,-2129393017,1505,37,1505,37,0,32,4
104,1000,30.000000,60.000000,1,1,-2129393009,1506,37,1506,37,0,32,4
104,1000,30.000000,60.000000,1,1,-2129393003,1508,36,1508,36,0,32,4
104,1000,30.000000,60.000000,1,1,-2129392996,1508,35,1508,35,0,32,4
104,1000,30.000000,60.000000,1,1,-2129392988,1508,34,1508,34,0,32,4
104,1000,30.000000,60.000000,1,1,-2129392982,1508,34,1508,34,0,32,4
104,1000,30.000000,60.000000,1,1,-2129392975,1508,34,1508,34,0,32,4
104,1000,30.000000,60.000000,1,1,-2129392968,1507,34,1507,34,0,32,4
104,1000,30.000000,60.000000,1,1,-2129392962,1506,34,1506,34,0,32,4
104,1000,30.000000,60.000000,1,1,-2129392954,1506,34,1506,34,0,32,4
104,1000,30.000000,60.000000,1,1,-2129392948,1506,34,1506,34,0,32,4
104,1000,30.000000,60.000000,1,1,-2129392940,1506,34,1506,34,0,32,4
104,1000,30.000000,60.000000,1,1,-2129392933,1506,34,1506,34,0,32,4
104,1000,30.000000,60.000000,1,1,-2129392927,1506,34,1506,34,0,32,4
104,1000,30.000000,60.000000,1,1,-2129392920,1506,34,1506,34,0,32,4
104,1000,30.000000,60.000000,1,1,-2129392913,1505,34,1505,34,0,32,4
104,1000,30.000000,60.000000,1,1,-2129392906,1504,34,1504,34,0,32,4
104,1000,30.000000,60.000000,1,1,-2129392899,1501,34,1501,34,0,32,4
104,1000,30.000000,60.000000,1,1,-2129392891,1497,34,1497,34,0,32,4
104,1000,30.000000,60.000000,1,1,-2129392885,1491,36,1491,36,0,32,4
104,1000,30.000000,60.000000,1,1,-2129392878,1486,37,1486,37,0,32,4
104,1000,30.000000,60.000000,1,1,-2129392870,1478,38,1478,38,0,32,4
104,1000,30.000000,60.000000,1,1,-2129392863,1470,38,1470,38,0,32,4
104,1000,30.000000,60.000000,1,1,-2129392856,1460,40,1460,40,0,32,4
104,1000,30.000000,60.000000,1,1,-2129392850,1451,41,1451,41,0,32,4
104,1000,30.000000,60.000000,1,1,-2129392843,1445,42,1445,42,0,32,4
104,1000,30.000000,60.000000,1,1,-2129392837,1440,42,1440,42,0,32,4
104,1000,30.000000,60.000000,1,1,-2129392830,1438,42,1438,42,0,32,4
104,1000,30.000000,60.000000,1,1,-2129392814,1435,42,1435,42,0,32,4
104,1000,30.000000,60.000000,1,1,-2129392804,1437,41,1437,41,0,32,4
104,1000,30.000000,60.000000,1,1,-2129392797,1441,39,1441,39,0,32,4
104,1000,30.000000,60.000000,1,1,-2129392790,1445,37,1445,37,0,32,4
104,1000,30.000000,60.000000,1,1,-2129392783,1447,35,1447,35,0,32,4
104,1000,30.000000,60.000000,1,1,-2129392777,1450,34,1450,34,0,32,4
104,1000,30.000000,60.000000,1,1,-2129392770,1451,34,1451,34,0,32,4
104,1000,30.000000,60.000000,1,1,-2129392764,1451,34,1451,34,0,32,4
104,1000,30.000000,60.000000,1,1,-2129392758,1451,34,1451,34,0,32,4
104,1000,30.000000,60.000000,1,1,-2129392752,1451,34,1451,34,0,32,4
104,1000,30.000000,60.000000,1,1,-2129392745,1451,33,1451,33,0,32,4
104,1000,30.000000,60.000000,1,1,-2129392738,1451,33,1451,33,0,32,4
104,1000,30.000000,60.000000,1,1,-2129392731,1451,33,1451,33,0,32,4
104,1000,30.000000,60.000000,1,1,-2129392724,1451,33,1451,33,0,32,4
104,1000,30.000000,60.000000,1,1,-2129392717,1451,33,1451,33,0,32,4
104,1000,30.000000,60.000000,1,1,-2129392711,1451,33,1451,33,0,32,4
104,1000,30.000000,60.000000,1,1,-2129392704,1451,33,1451,33,0,32,4
104,1000,30.000000,60.000000,1,1,-2129392698,1451,32,1451,32,0,32,4
104,1000,30.000000,60.000000,1,1,-2129392690,1451,32,1451,32,0,32,4
104,1000,30.000000,60.000000,1,1,-2129392683,1451,31,1451,31,0,32,4
104,1000,30.000000,60.000000,1,1,-2129392677,1452,30,1452,30,0,32,4
104,1000,30.000000,60.000000,1,1,-2129392669,1453,29,1453,29,0,32,4
104,1000,30.000000,60.000000,1,1,-2129392663,1455,28,1455,28,0,32,4
104,1000,30.000000,60.000000,1,1,-2129392656,1456,27,1456,27,0,32,4
104,1000,30.000000,60.000000,1,1,-2129392648,1456,25,1456,25,0,32,4
104,1000,30.000000,60.000000,1,1,-2129392642,1456,24,1456,24,0,32,4
104,1000,30.000000,60.000000,1,1,-2129392634,1456,23,1456,23,0,32,4
104,1000,30.000000,60.000000,1,1,-2129392627,1456,22,1456,22,0,32,4
104,1000,30.000000,60.000000,1,1,-2129392621,1455,21,1455,21,0,32,4
104,1000,30.000000,60.000000,1,1,-2129392614,1454,21,1454,21,0,32,4
104,1000,30.000000,60.000000,1,1,-2129392606,1453,20,1453,20,0,32,4
104,1000,30.000000,60.000000,1,1,-2129392588,1453,20,1453,20,0,32,4
