108,720,21.600000,0.000000,1,5,1243021559,598,10,598,10,0,27,3
108,720,21.600000,0.000000,1,5,1243021560,598,10,598,10,0,27,3
108,720,21.600000,0.000000,1,5,1243021566,598,10,598,10,0,27,3
108,720,21.600000,0.000000,1,5,1243021571,598,10,598,10,0,27,3
108,720,21.600000,0.000000,1,5,1243021577,598,10,598,10,0,27,3
108,720,21.600000,0.000000,1,5,1243021582,598,10,598,10,0,27,3
108,720,21.600000,0.000000,1,5,1243021588,598,10,598,10,0,27,3
108,720,21.600000,0.000000,1,5,1243021593,598,10,598,10,0,27,3
108,720,21.600000,0.000000,1,5,1243021599,598,10,598,10,0,27,3
108,720,21.600000,0.000000,1,5,1243021604,598,10,598,10,0,27,3
108,720,21.600000,0.000000,1,5,1243021610,598,10,598,10,0,27,3
108,720,21.600000,0.000000,1,5,1243021615,598,10,598,10,0,27,3
108,720,21.600000,0.000000,1,5,1243021621,598,10,598,10,0,27,3
108,720,21.600000,0.000000,1,5,1243021626,598,10,598,10,0,27,3
108,720,21.600000,0.000000,1,5,1243021632,599,10,599,10,0,27,3
108,720,21.600000,0.000000,1,5,1243021637,600,11,600,11,0,27,3
108,720,21.600000,0.000000,1,5,1243021643,604,12,604,12,0,27,3
108,720,21.600000,0.000000,1,5,1243021649,609,13,609,13,0,27,3
108,720,21.600000,0.000000,1,5,1243021655,617,16,617,16,0,27,3
108,720,21.600000,0.000000,1,5,1243021661,627,18,627,18,0,27,3
108,720,21.600000,0.000000,1,5,1243021666,640,21,640,21,0,27,3
108,720,21.600000,0.000000,1,5,1243021672,656,25,656,25,0,27,3
108,720,21.600000,0.000000,1,5,1243021678,672,29,672,29,0,27,3
108,720,21.600000,0.000000,1,5,1243021683,693,33,693,33,0,27,3
108,720,21.600000,0.000000,1,5,1243021689,722,37,722,37,0,27,3
108,720,21.600000,0.000000,1,5,1243021695,750,41,750,41,0,27,3
108,720,21.600000,0.000000,1,5,1243021700,784,45,784,45,0,27,3
108,720,21.600000,0.000000,1,5,1243021707,817,48,817,48,0,27,3
108,720,21.600000,0.000000,1,5,1243021713,868,50,868,50,0,27,3
108,720,21.600000,0.000000,1,5,1243021719,902,51,902,51,0,27,3
108,720,21.600000,0.000000,1,5,1243021725,948,51,948,51,0,27,3
108,720,21.600000,0.000000,1,5,1243021731,1012,51,1012,51,0,27,3
108,720,21.600000,0.000000,1,5,1243021737,1059,50,1059,50,0,27,3
108,720,21.600000,0.000000,1,5,1243021742,1104,48,1104,48,0,27,3
108,720,21.600000,0.000000,1,5,1243021748,1148,46,1148,46,0,27,3
108,720,21.600000,0.000000,1,5,1243021754,1188,43,1188,43,0,27,3
108,720,21.600000,0.000000,1,5,1243021759,1222,40,1222,40,0,27,3
108,720,21.600000,0.000000,1,5,1243021765,1256,36,1256,36,0,27,3
108,720,21.600000,0.000000,1,5,1243021771,1290,33,1290,33,0,27,3
108,720,21.600000,0.000000,1,5,1243021777,1310,30,1310,30,0,27,3
108,720,21.600000,0.000000,1,5,1243021783,1327,27,1327,27,0,27,3
108,720,21.600000,0.000000,1,5,1243021788,1344,24,1344,24,0,27,3
108,720,21.600000,0.000000,1,5,1243021793,1354,22,1354,22,0,27,3
108,720,21.600000,0.000000,1,5,1243021799,1361,20,1361,20,0,27,3
108,720,21.600000,0.000000,1,5,1243021805,1364,17,1364,17,0,27,3
108,720,21.600000,0.000000,1,5,1243021810,1366,15,1366,15,0,27,3
108,720,21.600000,0.000000,1,5,1243021816,1367,13,1367,13,0,27,3
108,720,21.600000,0.000000,1,5,1243021822,1367,12,1367,12,0,27,3
108,720,21.600000,0.000000,1,5,1243021827,1367,10,1367,10,0,27,3
108,720,21.600000,0.000000,1,5,1243021833,1366,10,1366,10,0,27,3
108,720,21.600000,0.000000,1,5,1243021838,1365,10,1365,10,0,27,3
108,720,21.600000,0.000000,1,5,1243021844,1363,10,1363,10,0,27,3
108,720,21.600000,0.000000,1,5,1243021849,1362,9,1362,9,0,27,3
108,720,21.600000,0.000000,1,5,1243021855,1360,8,1360,8,0,27,3
108,720,21.600000,0.000000,1,5,1243021861,1359,8,1359,8,0,27,3
108,720,21.600000,0.000000,1,5,1243021867,1358,8,1358,8,0,27,3
108,720,21.600000,0.000000,1,5,1243021872,1357,8,1357,8,0,27,3
108,720,21.600000,0.000000,1,5,1243021878,1356,8,1356,8,0,27,3
108,720,21.600000,0.000000,1,5,1243021883,1356,8,1356,8,0,27,3
108,720,21.600000,0.000000,1,5,1243021889,1356,8,1356,8,0,27,3
108,720,21.600000,0.000000,1,5,1243021894,1356,8,1356,8,0,27,3
108,720,21.600000,0.000000,1,5,1243021900,1356,8,1356,8,0,27,3
108,720,21.600000,0.000000,1,5,1243021905,1356,8,1356,8,0,27,3
108,720,21.600000,0.000000,1,5,1243021910,1356,8,1356,8,0,27,3
108,720,21.600000,0.000000,1,5,1243021916,1356,8,1356,8,0,27,3
108,720,21.600000,0.000000,1,5,1243021921,1356,8,1356,8,0,27,3
108,720,21.600000,0.000000,1,5,1243021927,1356,8,1356,8,0,27,3
108,720,21.600000,0.000000,1,5,1243021932,1356,8,1356,8,0,27,3
108,720,21.600000,0.000000,1,5,1243021938,1356,7,1356,7,0,27,3
108,720,21.600000,0.000000,1,5,1243021944,1356,6,1356,6,0,27,3
108,720,21.600000,0.000000,1,5,1243021949,1356,5,1356,5,0,27,3
108,720,21.600000,0.000000,1,5,1243021956,1356,5,1356,5,0,27,3
108,720,21.600000,0.000000,1,5,1243021961,1354,5,1354,5,0,27,3
108,720,21.600000,0.000000,1,5,1243021967,1352,5,1352,5,0,27,3
108,720,21.600000,0.000000,1,5,1243021972,1350,5,1350,5,0,27,3
108,720,21.600000,0.000000,1,5,1243021978,1347,5,1347,5,0,27,3
108,720,21.600000,0.000000,1,5,1243021984,1345,5,1345,5,0,27,3
108,720,21.600000,0.000000,1,5,1243021989,1343,5,1343,5,0,27,3
108,720,21.600000,0.000000,1,5,1243021995,1342,5,1342,5,0,27,3
108,720,21.600000,0.000000,1,5,1243022001,1341,5,1341,5,0,27,3
108,720,21.600000,0.000000,1,5,1243022006,1340,5,1340,5,0,27,3
108,720,21.600000,0.000000,1,5,1243022012,1339,5,1339,5,0,27,3
108,720,21.600000,0.000000,1,5,1243022018,1338,5,1338,5,0,27,3
108,720,21.600000,0.000000,1,5,1243022023,1337,5,1337,5,0,27,3
108,720,21.600000,0.000000,1,5,1243022029,1336,5,1336,5,0,27,3
108,720,21.600000,0.000000,1,5,1243022034,1334,4,1334,4,0,27,3
108,720,21.600000,0.000000,1,5,1243022040,1332,4,1332,4,0,27,3
108,720,21.600000,0.000000,1,5,1243022048,1330,4,1330,4,0,27,3
108,720,21.600000,0.000000,1,5,1243022053,1327,4,1327,4,0,27,3
108,720,21.600000,0.000000,1,5,1243022059,1324,5,1324,5,0,27,3
108,720,21.600000,0.000000,1,5,1243022065,1321,5,1321,5,0,27,3
108,720,21.600000,0.000000,1,5,1243022071,1318,6,1318,6,0,27,3
108,720,21.600000,0.000000,1,5,1243022076,1315,7,1315,7,0,27,3
108,720,21.600000,0.000000,1,5,1243022082,1312,8,1312,8,0,27,3
108,720,21.600000,0.000000,1,5,1243022088,1311,9,1311,9,0,27,3
108,720,21.600000,0.000000,1,5,1243022093,1176,10,1310,10,0,27,3
108,720,21.600000,0.000000,1,5,1243022098,1175,11,1309,11,0,27,3
108,720,21.600000,0.000000,1,5,1243022104,1174,11,1308,11,0,27,3
108,720,21.600000,0.000000,1,5,1243022109,1173,11,1307,11,0,27,3
108,720,21.600000,0.000000,1,5,1243022115,1172,11,1306,11,0,27,3
108,720,21.600000,0.000000,1,5,1243022120,1172,11,1306,11,0,27,3
108,720,21.600000,0.000000,1,5,1243022126,1172,11,1306,11,0,27,3
108,720,21.600000,0.000000,1,5,1243022132,1172,11,1306,11,0,27,3
108,720,21.600000,0.000000,1,5,1243022138,1173,11,1307,11,0,27,3
108,720,21.600000,0.000000,1,5,1243022143,1174,11,1308,11,0,27,3
108,720,21.600000,0.000000,1,5,1243022149,1175,11,1309,11,0,27,3
108,720,21.600000,0.000000,1,5,1243022155,1176,11,1310,11,0,27,3
108,720,21.600000,0.000000,1,5,1243022160,1311,11,1311,11,0,27,3
108,720,21.600000,0.000000,1,5,1243022165,1312,11,1312,11,0,27,3
108,720,21.600000,0.000000,1,5,1243022171,1313,11,1313,11,0,27,3
108,720,21.600000,0.000000,1,5,1243022176,1314,11,1314,11,0,27,3
108,720,21.600000,0.000000,1,5,1243022182,1315,11,1315,11,0,27,3
108,720,21.600000,0.000000,1,5,1243022188,1315,11,1315,11,0,27,3
108,720,21.600000,0.000000,1,5,1243022193,1315,11,1315,11,0,27,3
108,720,21.600000,0.000000,1,5,1243022199,1315,11,1315,11,0,27,3
108,720,21.600000,0.000000,1,5,1243022204,1315,11,1315,11,0,27,3
108,720,21.600000,0.000000,1,5,1243022210,1315,11,1315,11,0,27,3
108,720,21.600000,0.000000,1,5,1243022215,1315,11,1315,11,0,27,3
108,720,21.600000,0.000000,1,5,1243022221,1316,11,1316,11,0,27,3
108,720,21.600000,0.000000,1,5,1243022226,1317,11,1317,11,0,27,3
108,720,21.600000,0.000000,1,5,1243022231,1318,11,1318,11,0,27,3
108,720,21.600000,0.000000,1,5,1243022237,1318,11,1318,11,0,27,3
108,720,21.600000,0.000000,1,5,1243022242,1318,11,1318,11,0,27,3
108,720,21.600000,0.000000,1,5,1243022248,1318,11,1318,11,0,27,3
108,720,21.600000,0.000000,1,5,1243022254,1318,12,1318,12,0,27,3
108,720,21.600000,0.000000,1,5,1243022259,1318,13,1318,13,0,27,3
108,720,21.600000,0.000000,1,5,1243022265,1318,14,1318,14,0,27,3
108,720,21.600000,0.000000,1,5,1243022270,1318,14,1318,14,0,27,3
108,720,21.600000,0.000000,1,5,1243022284,1318,14,1318,14,0,27,3
