108,720,21.600000,10000.000000,0,5,1242851900,596,0,596,0,0,10,5
108,720,21.600000,10000.000000,0,5,1242851902,596,0,596,0,0,10,5
108,720,21.600000,10000.000000,0,5,1242851908,596,0,596,0,0,10,5
108,720,21.600000,10000.000000,0,5,1242851914,596,0,596,0,0,10,5
108,720,21.600000,10000.000000,0,5,1242851919,596,0,596,0,0,10,5
108,720,21.600000,10000.000000,0,5,1242851925,596,0,596,0,0,10,5
108,720,21.600000,10000.000000,0,5,1242851930,596,0,596,0,0,10,5
108,720,21.600000,10000.000000,0,5,1242851936,596,0,596,0,0,10,5
108,720,21.600000,10000.000000,0,5,1242851941,596,0,596,0,0,10,5
108,720,21.600000,10000.000000,0,5,1242851946,596,0,596,0,0,10,5
108,720,21.600000,10000.000000,0,5,1242851952,596,0,596,0,0,10,5
108,720,21.600000,10000.000000,0,5,1242851957,596,0,596,0,0,10,5
108,720,21.600000,10000.000000,0,5,1242851963,596,0,596,0,0,10,5
108,720,21.600000,10000.000000,0,5,1242851969,597,0,597,0,0,10,5
108,720,21.600000,10000.000000,0,5,1242851974,598,0,598,0,0,10,5
108,720,21.600000,10000.000000,0,5,1242851980,602,0,602,-1,0,10,5
108,720,21.600000,10000.000000,0,5,1242851986,609,0,609,-1,0,10,5
108,720,21.600000,10000.000000,0,5,1242851992,619,0,619,-1,0,10,5
108,720,21.600000,10000.000000,0,5,1242851998,636,0,636,-1,0,10,5
108,720,21.600000,10000.000000,0,5,1242852004,655,0,655,-1,0,10,5
108,720,21.600000,10000.000000,0,5,1242852009,670,0,670,-1,0,10,5
108,720,21.600000,10000.000000,0,5,1242852015,691,0,691,-1,0,10,5
108,720,21.600000,10000.000000,0,5,1242852020,714,0,714,-1,0,10,5
108,720,21.600000,10000.000000,0,5,1242852026,739,0,739,-2,0,10,5
108,720,21.600000,10000.000000,0,5,1242852032,767,0,767,-2,0,10,5
108,720,21.600000,10000.000000,0,5,1242852038,799,0,799,-3,0,10,5
108,720,21.600000,10000.000000,0,5,1242852044,825,0,825,-3,0,10,5
108,720,21.600000,10000.000000,0,5,1242852051,859,0,859,-4,0,10,5
108,720,21.600000,10000.000000,0,5,1242852056,912,0,912,-5,0,10,5
108,720,21.600000,10000.000000,0,5,1242852062,953,0,953,-7,0,10,5
108,720,21.600000,10000.000000,0,5,1242852068,987,0,987,-8,0,10,5
108,720,21.600000,10000.000000,0,5,1242852073,1033,0,1033,-10,0,10,5
108,720,21.600000,10000.000000,0,5,1242852079,1071,0,1071,-11,0,10,5
108,720,21.600000,10000.000000,0,5,1242852085,1109,0,1109,-13,0,10,5
108,720,21.600000,10000.000000,0,5,1242852091,1148,0,1148,-15,0,10,5
108,720,21.600000,10000.000000,0,5,1242852096,1182,0,1182,-17,0,10,5
108,720,21.600000,10000.000000,0,5,1242852102,1211,0,1211,-19,0,10,5
108,720,21.600000,10000.000000,0,5,1242852108,1239,0,1239,-22,0,10,5
108,720,21.600000,10000.000000,0,5,1242852113,1265,0,1265,-25,0,10,5
108,720,21.600000,10000.000000,0,5,1242852119,1287,0,1287,-27,0,10,5
108,720,21.600000,10000.000000,0,5,1242852125,1308,0,1308,-29,0,10,5
108,720,21.600000,10000.000000,0,5,1242852130,1325,0,1325,-31,0,10,5
108,720,21.600000,10000.000000,0,5,1242852136,1335,0,1335,-32,0,10,5
108,720,21.600000,10000.000000,0,5,1242852142,1342,0,1342,-34,0,10,5
108,720,21.600000,10000.000000,0,5,1242852148,1347,0,1347,-35,0,10,5
108,720,21.600000,10000.000000,0,5,1242852154,1349,0,1349,-36,0,10,5
108,720,21.600000,10000.000000,0,5,1242852160,1351,0,1351,-38,0,10,5
108,720,21.600000,10000.000000,0,5,1242852165,1353,0,1353,-40,0,10,5
108,720,21.600000,10000.000000,0,5,1242852171,1353,0,1353,-41,0,10,5
108,720,21.600000,10000.000000,0,5,1242852177,1352,0,1352,-42,0,10,5
108,720,21.600000,10000.000000,0,5,1242852184,1351,0,1351,-42,0,10,5
108,720,21.600000,10000.000000,0,5,1242852190,1349,0,1349,-42,0,10,5
108,720,21.600000,10000.000000,0,5,1242852195,1348,0,1348,-42,0,10,5
108,720,21.600000,10000.000000,0,5,1242852202,1347,0,1347,-42,0,10,5
108,720,21.600000,10000.000000,0,5,1242852208,1346,0,1346,-42,0,10,5
108,720,21.600000,10000.000000,0,5,1242852214,1345,0,1345,-42,0,10,5
108,720,21.600000,10000.000000,0,5,1242852220,1343,0,1343,-42,0,10,5
108,720,21.600000,10000.000000,0,5,1242852226,1341,0,1341,-42,0,10,5
108,720,21.600000,10000.000000,0,5,1242852231,1340,0,1340,-42,0,10,5
108,720,21.600000,10000.000000,0,5,1242852237,1339,0,1339,-43,0,10,5
108,720,21.600000,10000.000000,0,5,1242852243,1338,0,1338,-43,0,10,5
108,720,21.600000,10000.000000,0,5,1242852248,1337,0,1337,-43,0,10,5
108,720,21.600000,10000.000000,0,5,1242852254,1337,0,1337,-43,0,10,5
108,720,21.600000,10000.000000,0,5,1242852259,1336,0,1336,-44,0,10,5
108,720,21.600000,10000.000000,0,5,1242852265,1335,0,1335,-45,0,10,5
108,720,21.600000,10000.000000,0,5,1242852271,1334,0,1334,-46,0,10,5
108,720,21.600000,10000.000000,0,5,1242852276,1333,0,1333,-47,0,10,5
108,720,21.600000,10000.000000,0,5,1242852282,1332,0,1332,-48,0,10,5
108,720,21.600000,10000.000000,0,5,1242852288,1332,0,1332,-49,0,10,5
108,720,21.600000,10000.000000,0,5,1242852294,1331,0,1331,-49,0,10,5
108,720,21.600000,10000.000000,0,5,1242852302,1329,0,1329,-50,0,10,5
108,720,21.600000,10000.000000,0,5,1242852308,1328,0,1328,-50,0,10,5
108,720,21.600000,10000.000000,0,5,1242852314,1327,0,1327,-50,0,10,5
108,720,21.600000,10000.000000,0,5,1242852319,1326,0,1326,-50,0,10,5
108,720,21.600000,10000.000000,0,5,1242852325,1324,0,1324,-51,0,10,5
108,720,21.600000,10000.000000,0,5,1242852331,1323,0,1323,-51,0,10,5
108,720,21.600000,10000.000000,0,5,1242852336,1323,0,1323,-52,0,10,5
108,720,21.600000,10000.000000,0,5,1242852342,1322,0,1322,-53,0,10,5
108,720,21.600000,10000.000000,0,5,1242852348,1321,0,1321,-54,0,10,5
108,720,21.600000,10000.000000,0,5,1242852354,1321,0,1321,-54,0,10,5
108,720,21.600000,10000.000000,0,5,1242852359,1321,0,1321,-54,0,10,5
108,720,21.600000,10000.000000,0,5,1242852365,1321,0,1321,-54,0,10,5
108,720,21.600000,10000.000000,0,5,1242852371,1321,0,1321,-54,0,10,5
108,720,21.600000,10000.000000,0,5,1242852376,1321,0,1321,-54,0,10,5
108,720,21.600000,10000.000000,0,5,1242852382,1321,0,1321,-54,0,10,5
108,720,21.600000,10000.000000,0,5,1242852388,1321,0,1321,-54,0,10,5
108,720,21.600000,10000.000000,0,5,1242852393,1321,0,1321,-55,0,10,5
108,720,21.600000,10000.000000,0,5,1242852399,1321,0,1321,-56,0,10,5
108,720,21.600000,10000.000000,0,5,1242852404,1321,0,1321,-56,0,10,5
108,720,21.600000,10000.000000,0,5,1242852410,1321,0,1321,-56,0,10,5
108,720,21.600000,10000.000000,0,5,1242852415,1321,0,1321,-56,0,10,5
108,720,21.600000,10000.000000,0,5,1242852421,1321,0,1321,-56,0,10,5
108,720,21.600000,10000.000000,0,5,1242852426,1321,0,1321,-56,0,10,5
108,720,21.600000,10000.000000,0,5,1242852432,1321,0,1321,-56,0,10,5
108,720,21.600000,10000.000000,0,5,1242852437,1321,0,1321,-56,0,10,5
108,720,21.600000,10000.000000,0,5,1242852442,1321,0,1321,-56,0,10,5
108,720,21.600000,10000.000000,0,5,1242852448,1321,0,1321,-56,0,10,5
108,720,21.600000,10000.000000,0,5,1242852467,1321,0,1321,-56,0,10,5
