108,360,21.600000,0.000000,1,4,1243622068,779,10,779,10,0,84,1
108,360,21.600000,0.000000,1,4,1243622070,779,10,779,10,0,84,1
108,360,21.600000,0.000000,1,4,1243622075,779,10,779,10,0,84,1
108,360,21.600000,0.000000,1,4,1243622081,779,10,779,10,0,84,1
108,360,21.600000,0.000000,1,4,1243622087,780,10,780,10,0,84,1
108,360,21.600000,0.000000,1,4,1243622092,781,10,781,10,0,84,1
108,360,21.600000,0.000000,1,4,1243622098,782,10,782,10,0,84,1
108,360,21.600000,0.000000,1,4,1243622104,783,10,783,10,0,84,1
108,360,21.600000,0.000000,1,4,1243622109,783,10,783,10,0,84,1
108,360,21.600000,0.000000,1,4,1243622114,784,10,784,10,0,84,1
108,360,21.600000,0.000000,1,4,1243622120,785,10,785,10,0,84,1
108,360,21.600000,0.000000,1,4,1243622125,785,10,785,10,0,84,1
108,360,21.600000,0.000000,1,4,1243622131,785,10,785,10,0,84,1
108,360,21.600000,0.000000,1,4,1243622137,785,10,785,10,0,84,1
108,360,21.600000,0.000000,1,4,1243622142,785,10,785,10,0,84,1
108,360,21.600000,0.000000,1,4,1243622150,785,10,785,10,0,84,1
108,360,21.600000,0.000000,1,4,1243622155,785,10,785,10,0,84,1
108,360,21.600000,0.000000,1,4,1243622161,785,10,785,10,0,84,1
108,360,21.600000,0.000000,1,4,1243622166,785,11,785,11,0,84,1
108,360,21.600000,0.000000,1,4,1243622172,785,12,785,12,0,84,1
108,360,21.600000,0.000000,1,4,1243622178,786,14,786,14,0,84,1
108,360,21.600000,0.000000,1,4,1243622183,788,16,788,16,0,84,1
108,360,21.600000,0.000000,1,4,1243622189,790,18,790,18,0,84,1
108,360,21.600000,0.000000,1,4,1243622194,793,20,793,20,0,84,1
108,360,21.600000,0.000000,1,4,1243622200,799,22,799,22,0,84,1
108,360,21.600000,0.000000,1,4,1243622206,809,26,809,26,0,84,1
108,360,21.600000,0.000000,1,4,1243622211,817,29,817,29,0,84,1
108,360,21.600000,0.000000,1,4,1243622217,832,33,832,33,0,84,1
108,360,21.600000,0.000000,1,4,1243622222,842,36,842,36,0,84,1
108,360,21.600000,0.000000,1,4,1243622228,859,39,859,39,0,84,1
108,360,21.600000,0.000000,1,4,1243622233,880,42,880,42,0,84,1
108,360,21.600000,0.000000,1,4,1243622239,902,45,902,45,0,84,1
108,360,21.600000,0.000000,1,4,1243622244,924,48,924,48,0,84,1
108,360,21.600000,0.000000,1,4,1243622250,947,51,947,51,0,84,1
108,360,21.600000,0.000000,1,4,1243622256,964,53,964,53,0,84,1
108,360,21.600000,0.000000,1,4,1243622261,981,56,981,56,0,84,1
108,360,21.600000,0.000000,1,4,1243622267,998,59,998,59,0,84,1
108,360,21.600000,0.000000,1,4,1243622273,1011,61,1011,61,0,84,1
108,360,21.600000,0.000000,1,4,1243622278,1021,62,1021,62,0,84,1
108,360,21.600000,0.000000,1,4,1243622284,1031,63,1031,63,0,84,1
108,360,21.600000,0.000000,1,4,1243622290,1041,63,1041,63,0,84,1
108,360,21.600000,0.000000,1,4,1243622295,1047,63,1047,63,0,84,1
108,360,21.600000,0.000000,1,4,1243622301,1052,63,1052,63,0,84,1
108,360,21.600000,0.000000,1,4,1243622306,1056,62,1056,62,0,84,1
108,360,21.600000,0.000000,1,4,1243622312,1059,61,1059,61,0,84,1
108,360,21.600000,0.000000,1,4,1243622318,1061,59,1061,59,0,84,1
108,360,21.600000,0.000000,1,4,1243622323,1062,57,1062,57,0,84,1
108,360,21.600000,0.000000,1,4,1243622329,1063,56,1063,56,0,84,1
108,360,21.600000,0.000000,1,4,1243622335,1064,54,1064,54,0,84,1
108,360,21.600000,0.000000,1,4,1243622340,1065,52,1065,52,0,84,1
108,360,21.600000,0.000000,1,4,1243622346,1066,50,1066,50,0,84,1
108,360,21.600000,0.000000,1,4,1243622351,1067,49,1067,49,0,84,1
108,360,21.600000,0.000000,1,4,1243622357,1069,48,1069,48,0,84,1
108,360,21.600000,0.000000,1,4,1243622362,1072,46,1072,46,0,84,1
108,360,21.600000,0.000000,1,4,1243622368,1074,45,1074,45,0,84,1
108,360,21.600000,0.000000,1,4,1243622374,1077,44,1077,44,0,84,1
108,360,21.600000,0.000000,1,4,1243622380,1079,42,1079,42,0,84,1
108,360,21.600000,0.000000,1,4,1243622385,1081,41,1081,41,0,84,1
108,360,21.600000,0.000000,1,4,1243622391,1083,40,1083,40,0,84,1
108,360,21.600000,0.000000,1,4,1243622397,1084,40,1084,40,0,84,1
108,360,21.600000,0.000000,1,4,1243622402,1086,39,1086,39,0,84,1
108,360,21.600000,0.000000,1,4,1243622408,1088,39,1088,39,0,84,1
108,360,21.600000,0.000000,1,4,1243622413,1090,38,1090,38,0,84,1
108,360,21.600000,0.000000,1,4,1243622419,1092,38,1092,38,0,84,1
108,360,21.600000,0.000000,1,4,1243622424,1094,38,1094,38,0,84,1
108,360,21.600000,0.000000,1,4,1243622430,1095,37,1095,37,0,84,1
108,360,21.600000,0.000000,1,4,1243622435,1096,37,1096,37,0,84,1
108,360,21.600000,0.000000,1,4,1243622441,1097,37,1097,37,0,84,1
108,360,21.600000,0.000000,1,4,1243622446,1099,37,1099,37,0,84,1
108,360,21.600000,0.000000,1,4,1243622452,1101,37,1101,37,0,84,1
108,360,21.600000,0.000000,1,4,1243622458,1102,37,1102,37,0,84,1
108,360,21.600000,0.000000,1,4,1243622463,1104,37,1104,37,0,84,1
108,360,21.600000,0.000000,1,4,1243622469,1105,37,1105,37,0,84,1
108,360,21.600000,0.000000,1,4,1243622474,1106,36,1106,36,0,84,1
108,360,21.600000,0.000000,1,4,1243622480,1107,35,1107,35,0,84,1
108,360,21.600000,0.000000,1,4,1243622485,1108,35,1108,35,0,84,1
108,360,21.600000,0.000000,1,4,1243622491,1108,35,1108,35,0,84,1
108,360,21.600000,0.000000,1,4,1243622496,1109,34,1109,34,0,84,1
108,360,21.600000,0.000000,1,4,1243622502,1110,34,1110,34,0,84,1
108,360,21.600000,0.000000,1,4,1243622508,1110,34,1110,34,0,84,1
108,360,21.600000,0.000000,1,4,1243622514,1111,34,1111,34,0,84,1
108,360,21.600000,0.000000,1,4,1243622519,1112,34,1112,34,0,84,1
108,360,21.600000,0.000000,1,4,1243622525,1113,33,1113,33,0,84,1
108,360,21.600000,0.000000,1,4,1243622530,1114,33,1114,33,0,84,1
108,360,21.600000,0.000000,1,4,1243622536,1116,32,1116,32,0,84,1
108,360,21.600000,0.000000,1,4,1243622541,1117,32,1117,32,0,84,1
108,360,21.600000,0.000000,1,4,1243622547,1118,31,1118,31,0,84,1
108,360,21.600000,0.000000,1,4,1243622553,1120,30,1120,30,0,84,1
108,360,21.600000,0.000000,1,4,1243622559,1121,30,1121,30,0,84,1
108,360,21.600000,0.000000,1,4,1243622564,1122,30,1122,30,0,84,1
108,360,21.600000,0.000000,1,4,1243622570,1123,30,1123,30,0,84,1
108,360,21.600000,0.000000,1,4,1243622575,1124,30,1124,30,0,84,1
108,360,21.600000,0.000000,1,4,1243622581,1125,30,1125,30,0,84,1
108,360,21.600000,0.000000,1,4,1243622587,1126,30,1126,30,0,84,1
108,360,21.600000,0.000000,1,4,1243622592,1127,30,1127,30,0,84,1
108,360,21.600000,0.000000,1,4,1243622598,1128,30,1128,30,0,84,1
108,360,21.600000,0.000000,1,4,1243622604,1129,30,1129,30,0,84,1
108,360,21.600000,0.000000,1,4,1243622609,1130,30,1130,30,0,84,1
108,360,21.600000,0.000000,1,4,1243622615,1131,30,1131,30,0,84,1
108,360,21.600000,0.000000,1,4,1243622621,1132,30,1132,30,0,84,1
108,360,21.600000,0.000000,1,4,1243622627,1133,30,1133,30,0,84,1
108,360,21.600000,0.000000,1,4,1243622633,1135,30,1135,30,0,84,1
108,360,21.600000,0.000000,1,4,1243622639,1138,29,1138,29,0,84,1
108,360,21.600000,0.000000,1,4,1243622645,1141,28,1141,28,0,84,1
108,360,21.600000,0.000000,1,4,1243622650,1144,27,1144,27,0,84,1
108,360,21.600000,0.000000,1,4,1243622656,1146,26,1146,26,0,84,1
108,360,21.600000,0.000000,1,4,1243622661,1148,25,1148,25,0,84,1
108,360,21.600000,0.000000,1,4,1243622667,1150,24,1150,24,0,84,1
108,360,21.600000,0.000000,1,4,1243622672,1151,24,1151,24,0,84,1
108,360,21.600000,0.000000,1,4,1243622678,1152,24,1152,24,0,84,1
108,360,21.600000,0.000000,1,4,1243622684,1153,23,1153,23,0,84,1
108,360,21.600000,0.000000,1,4,1243622690,1153,23,1153,23,0,84,1
108,360,21.600000,0.000000,1,4,1243622695,1154,22,1154,22,0,84,1
108,360,21.600000,0.000000,1,4,1243622702,1155,21,1155,21,0,84,1
108,360,21.600000,0.000000,1,4,1243622707,1155,21,1155,21,0,84,1
108,360,21.600000,0.000000,1,4,1243622713,1155,21,1155,21,0,84,1
108,360,21.600000,0.000000,1,4,1243622718,1155,21,1155,21,0,84,1
108,360,21.600000,0.000000,1,4,1243622724,1155,21,1155,21,0,84,1
108,360,21.600000,0.000000,1,4,1243622729,1155,21,1155,21,0,84,1
108,360,21.600000,0.000000,1,4,1243622735,1155,20,1155,20,0,84,1
108,360,21.600000,0.000000,1,4,1243622741,1155,20,1155,20,0,84,1
108,360,21.600000,0.000000,1,4,1243622746,1155,20,1155,20,0,84,1
108,360,21.600000,0.000000,1,4,1243622752,1154,20,1154,20,0,84,1
108,360,21.600000,0.000000,1,4,1243622757,1154,20,1154,20,0,84,1
108,360,21.600000,0.000000,1,4,1243622763,1154,20,1154,20,0,84,1
108,360,21.600000,0.000000,1,4,1243622768,1153,20,1153,20,0,84,1
108,360,21.600000,0.000000,1,4,1243622774,1152,20,1152,20,0,84,1
108,360,21.600000,0.000000,1,4,1243622780,1151,20,1151,20,0,84,1
108,360,21.600000,0.000000,1,4,1243622785,1149,20,1149,20,0,84,1
108,360,21.600000,0.000000,1,4,1243622792,1147,20,1147,20,0,84,1
108,360,21.600000,0.000000,1,4,1243622797,1145,20,1145,20,0,84,1
108,360,21.600000,0.000000,1,4,1243622803,1144,20,1144,20,0,84,1
108,360,21.600000,0.000000,1,4,1243622808,1143,20,1143,20,0,84,1
108,360,21.600000,0.000000,1,4,1243622814,1142,20,1142,20,0,84,1
108,360,21.600000,0.000000,1,4,1243622819,1141,20,1141,20,0,84,1
108,360,21.600000,0.000000,1,4,1243622825,1141,20,1141,20,0,84,1
108,360,21.600000,0.000000,1,4,1243622831,1141,20,1141,20,0,84,1
108,360,21.600000,0.000000,1,4,1243622836,1141,20,1141,20,0,84,1
108,360,21.600000,0.000000,1,4,1243622842,1141,20,1141,20,0,84,1
108,360,21.600000,0.000000,1,4,1243622847,1141,20,1141,20,0,84,1
108,360,21.600000,0.000000,1,4,1243622853,1141,19,1141,19,0,84,1
108,360,21.600000,0.000000,1,4,1243622859,1141,19,1141,19,0,84,1
108,360,21.600000,0.000000,1,4,1243622864,1141,18,1141,18,0,84,1
108,360,21.600000,0.000000,1,4,1243622870,1141,17,1141,17,0,84,1
108,360,21.600000,0.000000,1,4,1243622876,1141,16,1141,16,0,84,1
108,360,21.600000,0.000000,1,4,1243622881,1141,15,1141,15,0,84,1
108,360,21.600000,0.000000,1,4,1243622887,1141,14,1141,14,0,84,1
108,360,21.600000,0.000000,1,4,1243622892,1141,14,1141,14,0,84,1
108,360,21.600000,0.000000,1,4,1243622898,1141,14,1141,14,0,84,1
108,360,21.600000,0.000000,1,4,1243622903,1141,14,1141,14,0,84,1
108,360,21.600000,0.000000,1,4,1243622909,1141,14,1141,14,0,84,1
108,360,21.600000,0.000000,1,4,1243622914,1141,14,1141,14,0,84,1
108,360,21.600000,0.000000,1,4,1243622933,1141,15,1141,15,0,84,1
