108,360,21.600000,43.200000,1,4,1243641273,782,0,782,0,0,86,1
108,360,21.600000,43.200000,1,4,1243641275,782,0,782,0,0,86,1
108,360,21.600000,43.200000,1,4,1243641280,783,0,783,0,0,86,1
108,360,21.600000,43.200000,1,4,1243641286,784,0,784,0,0,86,1
108,360,21.600000,43.200000,1,4,1243641291,785,0,785,0,0,86,1
108,360,21.600000,43.200000,1,4,1243641297,786,0,786,0,0,86,1
108,360,21.600000,43.200000,1,4,1243641303,786,1,786,1,0,86,1
108,360,21.600000,43.200000,1,4,1243641308,786,2,786,2,0,86,1
108,360,21.600000,43.200000,1,4,1243641313,786,3,786,3,0,86,1
108,360,21.600000,43.200000,1,4,1243641319,787,3,787,3,0,86,1
108,360,21.600000,43.200000,1,4,1243641325,787,3,787,3,0,86,1
108,360,21.600000,43.200000,1,4,1243641330,787,4,787,4,0,86,1
108,360,21.600000,43.200000,1,4,1243641335,787,5,787,5,0,86,1
108,360,21.600000,43.200000,1,4,1243641341,787,6,787,6,0,86,1
108,360,21.600000,43.200000,1,4,1243641347,788,7,788,7,0,86,1
108,360,21.600000,43.200000,1,4,1243641352,789,9,789,9,0,86,1
108,360,21.600000,43.200000,1,4,1243641358,790,11,790,11,0,86,1
108,360,21.600000,43.200000,1,4,1243641364,792,12,792,12,0,86,1
108,360,21.600000,43.200000,1,4,1243641370,795,13,795,13,0,86,1
108,360,21.600000,43.200000,1,4,1243641375,799,16,799,16,0,86,1
108,360,21.600000,43.200000,1,4,1243641381,806,18,806,18,0,86,1
108,360,21.600000,43.200000,1,4,1243641387,814,21,814,21,0,86,1
108,360,21.600000,43.200000,1,4,1243641392,824,24,824,24,0,86,1
108,360,21.600000,43.200000,1,4,1243641398,838,27,838,27,0,86,1
108,360,21.600000,43.200000,1,4,1243641403,852,29,852,29,0,86,1
108,360,21.600000,43.200000,1,4,1243641409,868,32,868,32,0,86,1
108,360,21.600000,43.200000,1,4,1243641415,884,34,884,34,0,86,1
108,360,21.600000,43.200000,1,4,1243641420,901,37,901,37,0,86,1
108,360,21.600000,43.200000,1,4,1243641426,918,39,918,39,0,86,1
108,360,21.600000,43.200000,1,4,1243641432,936,41,936,41,0,86,1
108,360,21.600000,43.200000,1,4,1243641437,952,43,952,43,0,86,1
108,360,21.600000,43.200000,1,4,1243641443,964,45,964,45,0,86,1
108,360,21.600000,43.200000,1,4,1243641448,981,47,981,47,0,86,1
108,360,21.600000,43.200000,1,4,1243641454,997,50,997,50,0,86,1
108,360,21.600000,43.200000,1,4,1243641459,1010,52,1010,52,0,86,1
108,360,21.600000,43.200000,1,4,1243641464,1025,54,1025,54,0,86,1
108,360,21.600000,43.200000,1,4,1243641470,1037,56,1037,56,0,86,1
108,360,21.600000,43.200000,1,4,1243641475,1051,57,1051,57,0,86,1
108,360,21.600000,43.200000,1,4,1243641481,1063,58,1063,58,0,86,1
108,360,21.600000,43.200000,1,4,1243641487,1076,58,1076,58,0,86,1
108,360,21.600000,43.200000,1,4,1243641492,1085,59,1085,59,0,86,1
108,360,21.600000,43.200000,1,4,1243641498,1095,59,1095,59,0,86,1
108,360,21.600000,43.200000,1,4,1243641503,1105,59,1105,59,0,86,1
108,360,21.600000,43.200000,1,4,1243641509,1114,59,1114,59,0,86,1
108,360,21.600000,43.200000,1,4,1243641514,1124,59,1124,59,0,86,1
108,360,21.600000,43.200000,1,4,1243641519,1134,58,1134,58,0,86,1
108,360,21.600000,43.200000,1,4,1243641525,1143,57,1143,57,0,86,1
108,360,21.600000,43.200000,1,4,1243641530,1154,55,1154,55,0,86,1
108,360,21.600000,43.200000,1,4,1243641536,1162,54,1162,54,0,86,1
108,360,21.600000,43.200000,1,4,1243641542,1169,53,1169,53,0,86,1
108,360,21.600000,43.200000,1,4,1243641547,1173,53,1173,53,0,86,1
108,360,21.600000,43.200000,1,4,1243641553,1177,51,1177,51,0,86,1
108,360,21.600000,43.200000,1,4,1243641558,1179,49,1179,49,0,86,1
108,360,21.600000,43.200000,1,4,1243641564,1180,48,1180,48,0,86,1
108,360,21.600000,43.200000,1,4,1243641570,1181,47,1181,47,0,86,1
108,360,21.600000,43.200000,1,4,1243641575,1181,46,1181,46,0,86,1
108,360,21.600000,43.200000,1,4,1243641580,1181,45,1181,45,0,86,1
108,360,21.600000,43.200000,1,4,1243641586,1180,43,1180,43,0,86,1
108,360,21.600000,43.200000,1,4,1243641592,1177,41,1177,41,0,86,1
108,360,21.600000,43.200000,1,4,1243641598,1174,39,1174,39,0,86,1
108,360,21.600000,43.200000,1,4,1243641603,1172,38,1172,38,0,86,1
108,360,21.600000,43.200000,1,4,1243641609,1169,36,1169,36,0,86,1
108,360,21.600000,43.200000,1,4,1243641615,1167,36,1167,36,0,86,1
108,360,21.600000,43.200000,1,4,1243641620,1165,35,1165,35,0,86,1
108,360,21.600000,43.200000,1,4,1243641626,1164,34,1164,34,0,86,1
108,360,21.600000,43.200000,1,4,1243641631,1163,33,1163,33,0,86,1
108,360,21.600000,43.200000,1,4,1243641637,1162,33,1162,33,0,86,1
108,360,21.600000,43.200000,1,4,1243641642,1162,32,1162,32,0,86,1
108,360,21.600000,43.200000,1,4,1243641648,1162,31,1162,31,0,86,1
108,360,21.600000,43.200000,1,4,1243641653,1162,30,1162,30,0,86,1
108,360,21.600000,43.200000,1,4,1243641659,1162,29,1162,29,0,86,1
108,360,21.600000,43.200000,1,4,1243641664,1162,28,1162,28,0,86,1
108,360,21.600000,43.200000,1,4,1243641670,1162,27,1162,27,0,86,1
108,360,21.600000,43.200000,1,4,1243641676,1162,26,1162,26,0,86,1
108,360,21.600000,43.200000,1,4,1243641681,1162,25,1162,25,0,86,1
108,360,21.600000,43.200000,1,4,1243641688,1162,24,1162,24,0,86,1
108,360,21.600000,43.200000,1,4,1243641693,1162,23,1162,23,0,86,1
108,360,21.600000,43.200000,1,4,1243641699,1162,22,1162,22,0,86,1
108,360,21.600000,43.200000,1,4,1243641705,1162,22,1162,22,0,86,1
108,360,21.600000,43.200000,1,4,1243641711,1162,21,1162,21,0,86,1
108,360,21.600000,43.200000,1,4,1243641719,1162,20,1162,20,0,86,1
108,360,21.600000,43.200000,1,4,1243641725,1161,20,1161,20,0,86,1
108,360,21.600000,43.200000,1,4,1243641730,1160,20,1160,20,0,86,1
108,360,21.600000,43.200000,1,4,1243641736,1159,19,1159,19,0,86,1
108,360,21.600000,43.200000,1,4,1243641742,1159,19,1159,19,0,86,1
108,360,21.600000,43.200000,1,4,1243641748,1158,19,1158,19,0,86,1
108,360,21.600000,43.200000,1,4,1243641754,1157,19,1157,19,0,86,1
108,360,21.600000,43.200000,1,4,1243641759,1156,19,1156,19,0,86,1
108,360,21.600000,43.200000,1,4,1243641765,1154,19,1154,19,0,86,1
108,360,21.600000,43.200000,1,4,1243641771,1152,19,1152,19,0,86,1
108,360,21.600000,43.200000,1,4,1243641776,1150,19,1150,19,0,86,1
108,360,21.600000,43.200000,1,4,1243641782,1149,19,1149,19,0,86,1
108,360,21.600000,43.200000,1,4,1243641788,1148,19,1148,19,0,86,1
108,360,21.600000,43.200000,1,4,1243641794,1147,19,1147,19,0,86,1
108,360,21.600000,43.200000,1,4,1243641799,1146,19,1146,19,0,86,1
108,360,21.600000,43.200000,1,4,1243641808,1146,19,1146,19,0,86,1
108,360,21.600000,43.200000,1,4,1243641814,1145,18,1145,18,0,86,1
108,360,21.600000,43.200000,1,4,1243641820,1144,17,1144,17,0,86,1
108,360,21.600000,43.200000,1,4,1243641825,1144,17,1144,17,0,86,1
108,360,21.600000,43.200000,1,4,1243641831,1144,17,1144,17,0,86,1
108,360,21.600000,43.200000,1,4,1243641836,1144,17,1144,17,0,86,1
108,360,21.600000,43.200000,1,4,1243641842,1144,17,1144,17,0,86,1
108,360,21.600000,43.200000,1,4,1243641848,1143,17,1143,17,0,86,1
108,360,21.600000,43.200000,1,4,1243641854,1142,17,1142,17,0,86,1
108,360,21.600000,43.200000,1,4,1243641859,1142,17,1142,17,0,86,1
108,360,21.600000,43.200000,1,4,1243641865,1142,17,1142,17,0,86,1
108,360,21.600000,43.200000,1,4,1243641871,1142,17,1142,17,0,86,1
108,360,21.600000,43.200000,1,4,1243641876,1142,17,1142,17,0,86,1
108,360,21.600000,43.200000,1,4,1243641882,1142,17,1142,17,0,86,1
108,360,21.600000,43.200000,1,4,1243641887,1142,17,1142,17,0,86,1
108,360,21.600000,43.200000,1,4,1243641892,1142,17,1142,17,0,86,1
108,360,21.600000,43.200000,1,4,1243641898,1142,17,1142,17,0,86,1
108,360,21.600000,43.200000,1,4,1243641903,1142,17,1142,17,0,86,1
108,360,21.600000,43.200000,1,4,1243641909,1142,17,1142,17,0,86,1
108,360,21.600000,43.200000,1,4,1243641914,1142,17,1142,17,0,86,1
108,360,21.600000,43.200000,1,4,1243641920,1142,17,1142,17,0,86,1
108,360,21.600000,43.200000,1,4,1243641925,1142,17,1142,17,0,86,1
108,360,21.600000,43.200000,1,4,1243641931,1142,17,1142,17,0,86,1
108,360,21.600000,43.200000,1,4,1243641937,1142,17,1142,17,0,86,1
108,360,21.600000,43.200000,1,4,1243641943,1142,17,1142,17,0,86,1
108,360,21.600000,43.200000,1,4,1243641948,1142,17,1142,17,0,86,1
108,360,21.600000,43.200000,1,4,1243641953,1142,17,1142,17,0,86,1
108,360,21.600000,43.200000,1,4,1243641973,1143,17,1143,17,0,86,1
