111,720,21.600000,0.000000,1,2,1293292592,602,0,602,0,0,23,3
111,720,21.600000,0.000000,1,2,1293292593,602,0,602,0,0,23,3
111,720,21.600000,0.000000,1,2,1293292600,603,1,603,1,0,23,3
111,720,21.600000,0.000000,1,2,1293292605,603,2,603,2,0,23,3
111,720,21.600000,0.000000,1,2,1293292611,604,3,604,3,0,23,3
111,720,21.600000,0.000000,1,2,1293292617,605,4,605,4,0,23,3
111,720,21.600000,0.000000,1,2,1293292623,605,4,605,4,0,23,3
111,720,21.600000,0.000000,1,2,1293292628,605,4,605,4,0,23,3
111,720,21.600000,0.000000,1,2,1293292634,605,4,605,4,0,23,3
111,720,21.600000,0.000000,1,2,1293292639,605,4,605,4,0,23,3
111,720,21.600000,0.000000,1,2,1293292645,606,4,606,4,0,23,3
111,720,21.600000,0.000000,1,2,1293292652,608,5,608,5,0,23,3
111,720,21.600000,0.000000,1,2,1293292658,612,6,612,6,0,23,3
111,720,21.600000,0.000000,1,2,1293292664,617,7,617,7,0,23,3
111,720,21.600000,0.000000,1,2,1293292670,626,9,626,9,0,23,3
111,720,21.600000,0.000000,1,2,1293292675,635,11,635,11,0,23,3
111,720,21.600000,0.000000,1,2,1293292681,645,14,645,14,0,23,3
111,720,21.600000,0.000000,1,2,1293292687,658,17,658,17,0,23,3
111,720,21.600000,0.000000,1,2,1293292693,669,19,669,19,0,23,3
111,720,21.600000,0.000000,1,2,1293292699,684,22,684,22,0,23,3
111,720,21.600000,0.000000,1,2,1293292705,712,27,712,27,0,23,3
111,720,21.600000,0.000000,1,2,1293292711,734,31,734,31,0,23,3
111,720,21.600000,0.000000,1,2,1293292718,755,34,755,34,0,23,3
111,720,21.600000,0.000000,1,2,1293292724,789,39,789,39,0,23,3
111,720,21.600000,0.000000,1,2,1293292730,814,42,814,42,0,23,3
111,720,21.600000,0.000000,1,2,1293292736,840,46,840,46,0,23,3
111,720,21.600000,0.000000,1,2,1293292742,874,50,874,50,0,23,3
111,720,21.600000,0.000000,1,2,1293292747,899,52,899,52,0,23,3
111,720,21.600000,0.000000,1,2,1293292753,931,56,931,56,0,23,3
111,720,21.600000,0.000000,1,2,1293292758,961,59,961,59,0,23,3
111,720,21.600000,0.000000,1,2,1293292764,988,61,988,61,0,23,3
111,720,21.600000,0.000000,1,2,1293292770,1020,63,1020,63,0,23,3
111,720,21.600000,0.000000,1,2,1293292776,1054,64,1054,64,0,23,3
111,720,21.600000,0.000000,1,2,1293292782,1084,64,1084,64,0,23,3
111,720,21.600000,0.000000,1,2,1293292787,1114,65,1114,65,0,23,3
111,720,21.600000,0.000000,1,2,1293292793,1142,65,1142,65,0,23,3
111,720,21.600000,0.000000,1,2,1293292799,1167,65,1167,65,0,23,3
111,720,21.600000,0.000000,1,2,1293292804,1192,64,1192,64,0,23,3
111,720,21.600000,0.000000,1,2,1293292810,1218,63,1218,63,0,23,3
111,720,21.600000,0.000000,1,2,1293292816,1235,62,1235,62,0,23,3
111,720,21.600000,0.000000,1,2,1293292821,1256,60,1256,60,0,23,3
111,720,21.600000,0.000000,1,2,1293292827,1276,58,1276,58,0,23,3
111,720,21.600000,0.000000,1,2,1293292833,1293,56,1293,56,0,23,3
111,720,21.600000,0.000000,1,2,1293292838,1314,54,1314,54,0,23,3
111,720,21.600000,0.000000,1,2,1293292844,1327,52,1327,52,0,23,3
111,720,21.600000,0.000000,1,2,1293292850,1341,49,1341,49,0,23,3
111,720,21.600000,0.000000,1,2,1293292855,1353,47,1353,47,0,23,3
111,720,21.600000,0.000000,1,2,1293292861,1362,45,1362,45,0,23,3
111,720,21.600000,0.000000,1,2,1293292867,1369,43,1369,43,0,23,3
111,720,21.600000,0.000000,1,2,1293292873,1375,41,1375,41,0,23,3
111,720,21.600000,0.000000,1,2,1293292878,1379,39,1379,39,0,23,3
111,720,21.600000,0.000000,1,2,1293292884,1381,38,1381,38,0,23,3
111,720,21.600000,0.000000,1,2,1293292890,1383,37,1383,37,0,23,3
111,720,21.600000,0.000000,1,2,1293292896,1384,36,1384,36,0,23,3
111,720,21.600000,0.000000,1,2,1293292902,1385,36,1385,36,0,23,3
111,720,21.600000,0.000000,1,2,1293292908,1385,36,1385,36,0,23,3
111,720,21.600000,0.000000,1,2,1293292914,1385,36,1385,36,0,23,3
111,720,21.600000,0.000000,1,2,1293292920,1385,36,1385,36,0,23,3
111,720,21.600000,0.000000,1,2,1293292925,1385,36,1385,36,0,23,3
111,720,21.600000,0.000000,1,2,1293292931,1384,36,1384,36,0,23,3
111,720,21.600000,0.000000,1,2,1293292937,1383,35,1383,35,0,23,3
111,720,21.600000,0.000000,1,2,1293292942,1383,35,1383,35,0,23,3
111,720,21.600000,0.000000,1,2,1293292948,1383,35,1383,35,0,23,3
111,720,21.600000,0.000000,1,2,1293292954,1383,34,1383,34,0,23,3
111,720,21.600000,0.000000,1,2,1293292960,1383,33,1383,33,0,23,3
111,720,21.600000,0.000000,1,2,1293292965,1383,32,1383,32,0,23,3
111,720,21.600000,0.000000,1,2,1293292971,1383,32,1383,32,0,23,3
111,720,21.600000,0.000000,1,2,1293292977,1383,32,1383,32,0,23,3
111,720,21.600000,0.000000,1,2,1293292982,1383,32,1383,32,0,23,3
111,720,21.600000,0.000000,1,2,1293292988,1383,32,1383,32,0,23,3
111,720,21.600000,0.000000,1,2,1293292994,1383,31,1383,31,0,23,3
111,720,21.600000,0.000000,1,2,1293292999,1383,30,1383,30,0,23,3
111,720,21.600000,0.000000,1,2,1293293005,1382,29,1382,29,0,23,3
111,720,21.600000,0.000000,1,2,1293293011,1380,28,1380,28,0,23,3
111,720,21.600000,0.000000,1,2,1293293017,1376,27,1376,27,0,23,3
111,720,21.600000,0.000000,1,2,1293293023,1373,26,1373,26,0,23,3
111,720,21.600000,0.000000,1,2,1293293029,1369,24,1369,24,0,23,3
111,720,21.600000,0.000000,1,2,1293293036,1365,23,1365,23,0,23,3
111,720,21.600000,0.000000,1,2,1293293042,1360,22,1360,22,0,23,3
111,720,21.600000,0.000000,1,2,1293293048,1356,21,1356,21,0,23,3
111,720,21.600000,0.000000,1,2,1293293053,1353,20,1353,20,0,23,3
111,720,21.600000,0.000000,1,2,1293293059,1349,18,1349,18,0,23,3
111,720,21.600000,0.000000,1,2,1293293065,1345,17,1345,17,0,23,3
111,720,21.600000,0.000000,1,2,1293293070,1340,16,1340,16,0,23,3
111,720,21.600000,0.000000,1,2,1293293076,1335,15,1335,15,0,23,3
111,720,21.600000,0.000000,1,2,1293293081,1329,14,1329,14,0,23,3
111,720,21.600000,0.000000,1,2,1293293087,1323,13,1323,13,0,23,3
111,720,21.600000,0.000000,1,2,1293293093,1319,13,1319,13,0,23,3
111,720,21.600000,0.000000,1,2,1293293098,1315,12,1315,12,0,23,3
111,720,21.600000,0.000000,1,2,1293293104,1312,11,1312,11,0,23,3
111,720,21.600000,0.000000,1,2,1293293110,1311,11,1311,11,0,23,3
111,720,21.600000,0.000000,1,2,1293293115,1310,11,1310,11,0,23,3
111,720,21.600000,0.000000,1,2,1293293121,1309,11,1309,11,0,23,3
111,720,21.600000,0.000000,1,2,1293293127,1309,10,1309,10,0,23,3
111,720,21.600000,0.000000,1,2,1293293132,1308,10,1308,10,0,23,3
111,720,21.600000,0.000000,1,2,1293293137,1307,10,1307,10,0,23,3
111,720,21.600000,0.000000,1,2,1293293143,1307,10,1307,10,0,23,3
111,720,21.600000,0.000000,1,2,1293293148,1307,10,1307,10,0,23,3
111,720,21.600000,0.000000,1,2,1293293154,1307,10,1307,10,0,23,3
111,720,21.600000,0.000000,1,2,1293293160,1307,10,1307,10,0,23,3
111,720,21.600000,0.000000,1,2,1293293165,1307,10,1307,10,0,23,3
111,720,21.600000,0.000000,1,2,1293293171,1307,10,1307,10,0,23,3
111,720,21.600000,0.000000,1,2,1293293177,1307,10,1307,10,0,23,3
111,720,21.600000,0.000000,1,2,1293293182,1307,10,1307,10,0,23,3
111,720,21.600000,0.000000,1,2,1293293188,1307,10,1307,10,0,23,3
111,720,21.600000,0.000000,1,2,1293293193,1307,10,1307,10,0,23,3
111,720,21.600000,0.000000,1,2,1293293199,1307,10,1307,10,0,23,3
111,720,21.600000,0.000000,1,2,1293293204,1307,10,1307,10,0,23,3
111,720,21.600000,0.000000,1,2,1293293210,1307,10,1307,10,0,23,3
111,720,21.600000,0.000000,1,2,1293293216,1307,10,1307,10,0,23,3
111,720,21.600000,0.000000,1,2,1293293221,1307,10,1307,10,0,23,3
111,720,21.600000,0.000000,1,2,1293293227,1307,10,1307,10,0,23,3
111,720,21.600000,0.000000,1,2,1293293232,1307,10,1307,10,0,23,3
111,720,21.600000,0.000000,1,2,1293293238,1307,10,1307,10,0,23,3
111,720,21.600000,0.000000,1,2,1293293243,1307,10,1307,10,0,23,3
111,720,21.600000,0.000000,1,2,1293293249,1307,10,1307,10,0,23,3
111,720,21.600000,0.000000,1,2,1293293254,1307,10,1307,10,0,23,3
111,720,21.600000,0.000000,1,2,1293293260,1307,10,1307,10,0,23,3
111,720,21.600000,0.000000,1,2,1293293266,1307,10,1307,10,0,23,3
111,720,21.600000,0.000000,1,2,1293293271,1307,10,1307,10,0,23,3
111,720,21.600000,0.000000,1,2,1293293277,1307,10,1307,10,0,23,3
111,720,21.600000,0.000000,1,2,1293293283,1307,10,1307,10,0,23,3
111,720,21.600000,0.000000,1,2,1293293288,1307,10,1307,10,0,23,3
111,720,21.600000,0.000000,1,2,1293293294,1307,10,1307,10,0,23,3
111,720,21.600000,0.000000,1,2,1293293299,1307,10,1307,10,0,23,3
111,720,21.600000,0.000000,1,2,1293293305,1307,10,1307,10,0,23,3
111,720,21.600000,0.000000,1,2,1293293310,1307,10,1307,10,0,23,3
111,720,21.600000,0.000000,1,2,1293293316,1307,10,1307,10,0,23,3
111,720,21.600000,0.000000,1,2,1293293322,1307,10,1307,10,0,23,3
111,720,21.600000,0.000000,1,2,1293293327,1307,10,1307,10,0,23,3
111,720,21.600000,0.000000,1,2,1293293333,1307,10,1307,10,0,23,3
111,720,21.600000,0.000000,1,2,1293293338,1307,10,1307,10,0,23,3
111,720,21.600000,0.000000,1,2,1293293344,1308,10,1308,10,0,23,3
111,720,21.600000,0.000000,1,2,1293293350,1309,10,1309,10,0,23,3
111,720,21.600000,0.000000,1,2,1293293355,1310,10,1310,10,0,23,3
111,720,21.600000,0.000000,1,2,1293293361,1311,10,1311,10,0,23,3
111,720,21.600000,0.000000,1,2,1293293367,1312,10,1312,10,0,23,3
111,720,21.600000,0.000000,1,2,1293293373,1312,10,1312,10,0,23,3
111,720,21.600000,0.000000,1,2,1293293378,1313,10,1313,10,0,23,3
111,720,21.600000,0.000000,1,2,1293293383,1314,10,1314,10,0,23,3
111,720,21.600000,0.000000,1,2,1293293389,1314,11,1314,11,0,23,3
111,720,21.600000,0.000000,1,2,1293293395,1315,11,1315,11,0,23,3
111,720,21.600000,0.000000,1,2,1293293401,1316,11,1316,11,0,23,3
111,720,21.600000,0.000000,1,2,1293293406,1316,11,1316,11,0,23,3
111,720,21.600000,0.000000,1,2,1293293412,1316,11,1316,11,0,23,3
111,720,21.600000,0.000000,1,2,1293293418,1316,11,1316,11,0,23,3
111,720,21.600000,0.000000,1,2,1293293423,1316,11,1316,11,0,23,3
111,720,21.600000,0.000000,1,2,1293293429,1316,11,1316,11,0,23,3
111,720,21.600000,0.000000,1,2,1293293436,1316,11,1316,11,0,23,3
111,720,21.600000,0.000000,1,2,1293293446,1316,11,1316,11,0,23,3
