111,720,21.600000,43.200000,1,3,1294361403,608,16,608,16,0,130,4
111,720,21.600000,43.200000,1,3,1294361405,608,16,608,16,0,130,4
111,720,21.600000,43.200000,1,3,1294361411,608,16,608,16,0,130,4
111,720,21.600000,43.200000,1,3,1294361417,609,16,609,16,0,130,4
111,720,21.600000,43.200000,1,3,1294361422,610,16,610,16,0,130,4
111,720,21.600000,43.200000,1,3,1294361428,611,16,611,16,0,130,4
111,720,21.600000,43.200000,1,3,1294361433,612,16,612,16,0,130,4
111,720,21.600000,43.200000,1,3,1294361439,612,16,612,16,0,130,4
111,720,21.600000,43.200000,1,3,1294361444,612,16,612,16,0,130,4
111,720,21.600000,43.200000,1,3,1294361449,612,16,612,16,0,130,4
111,720,21.600000,43.200000,1,3,1294361455,613,16,613,16,0,130,4
111,720,21.600000,43.200000,1,3,1294361461,614,16,614,16,0,130,4
111,720,21.600000,43.200000,1,3,1294361467,616,16,616,16,0,130,4
111,720,21.600000,43.200000,1,3,1294361473,620,17,620,17,0,130,4
111,720,21.600000,43.200000,1,3,1294361480,625,18,625,18,0,130,4
111,720,21.600000,43.200000,1,3,1294361486,637,21,637,21,0,130,4
111,720,21.600000,43.200000,1,3,1294361492,649,23,649,23,0,130,4
111,720,21.600000,43.200000,1,3,1294361498,665,24,665,24,0,130,4
111,720,21.600000,43.200000,1,3,1294361504,687,25,687,25,0,130,4
111,720,21.600000,43.200000,1,3,1294361509,714,25,714,25,0,130,4
111,720,21.600000,43.200000,1,3,1294361515,747,26,747,26,0,130,4
111,720,21.600000,43.200000,1,3,1294361521,770,27,770,27,0,130,4
111,720,21.600000,43.200000,1,3,1294361527,806,27,806,27,0,130,4
111,720,21.600000,43.200000,1,3,1294361532,846,28,846,28,0,130,4
111,720,21.600000,43.200000,1,3,1294361538,888,28,888,28,0,130,4
111,720,21.600000,43.200000,1,3,1294361543,936,28,936,28,0,130,4
111,720,21.600000,43.200000,1,3,1294361549,987,28,987,28,0,130,4
111,720,21.600000,43.200000,1,3,1294361555,1037,27,1037,27,0,130,4
111,720,21.600000,43.200000,1,3,1294361560,1082,27,1082,27,0,130,4
111,720,21.600000,43.200000,1,3,1294361566,1109,28,1109,28,0,130,4
111,720,21.600000,43.200000,1,3,1294361571,1143,29,1143,29,0,130,4
111,720,21.600000,43.200000,1,3,1294361577,1170,29,1170,29,0,130,4
111,720,21.600000,43.200000,1,3,1294361583,1187,29,1187,29,0,130,4
111,720,21.600000,43.200000,1,3,1294361588,1203,29,1203,29,0,130,4
111,720,21.600000,43.200000,1,3,1294361594,1218,29,1218,29,0,130,4
111,720,21.600000,43.200000,1,3,1294361600,1227,29,1227,29,0,130,4
111,720,21.600000,43.200000,1,3,1294361605,1233,29,1233,29,0,130,4
111,720,21.600000,43.200000,1,3,1294361611,1236,29,1236,29,0,130,4
111,720,21.600000,43.200000,1,3,1294361617,1237,29,1237,29,0,130,4
111,720,21.600000,43.200000,1,3,1294361622,1238,29,1238,29,0,130,4
111,720,21.600000,43.200000,1,3,1294361628,1239,29,1239,29,0,130,4
111,720,21.600000,43.200000,1,3,1294361633,1238,29,1238,29,0,130,4
111,720,21.600000,43.200000,1,3,1294361639,1236,29,1236,29,0,130,4
111,720,21.600000,43.200000,1,3,1294361644,1235,29,1235,29,0,130,4
111,720,21.600000,43.200000,1,3,1294361650,1234,30,1234,30,0,130,4
111,720,21.600000,43.200000,1,3,1294361656,1233,31,1233,31,0,130,4
111,720,21.600000,43.200000,1,3,1294361662,1232,31,1232,31,0,130,4
111,720,21.600000,43.200000,1,3,1294361667,1232,31,1232,31,0,130,4
111,720,21.600000,43.200000,1,3,1294361673,1232,31,1232,31,0,130,4
111,720,21.600000,43.200000,1,3,1294361678,1232,31,1232,31,0,130,4
111,720,21.600000,43.200000,1,3,1294361684,1232,31,1232,31,0,130,4
111,720,21.600000,43.200000,1,3,1294361689,1232,31,1232,31,0,130,4
111,720,21.600000,43.200000,1,3,1294361694,1232,31,1232,31,0,130,4
111,720,21.600000,43.200000,1,3,1294361700,1233,31,1233,31,0,130,4
111,720,21.600000,43.200000,1,3,1294361706,1234,31,1234,31,0,130,4
111,720,21.600000,43.200000,1,3,1294361712,1235,31,1235,31,0,130,4
111,720,21.600000,43.200000,1,3,1294361718,1235,31,1235,31,0,130,4
111,720,21.600000,43.200000,1,3,1294361724,1235,31,1235,31,0,130,4
111,720,21.600000,43.200000,1,3,1294361730,1235,31,1235,31,0,130,4
111,720,21.600000,43.200000,1,3,1294361735,1235,31,1235,31,0,130,4
111,720,21.600000,43.200000,1,3,1294361741,1235,31,1235,31,0,130,4
111,720,21.600000,43.200000,1,3,1294361746,1235,31,1235,31,0,130,4
111,720,21.600000,43.200000,1,3,1294361752,1235,30,1235,30,0,130,4
111,720,21.600000,43.200000,1,3,1294361757,1235,29,1235,29,0,130,4
111,720,21.600000,43.200000,1,3,1294361763,1235,28,1235,28,0,130,4
111,720,21.600000,43.200000,1,3,1294361768,1235,28,1235,28,0,130,4
111,720,21.600000,43.200000,1,3,1294361774,1235,28,1235,28,0,130,4
111,720,21.600000,43.200000,1,3,1294361779,1235,28,1235,28,0,130,4
111,720,21.600000,43.200000,1,3,1294361785,1235,28,1235,28,0,130,4
111,720,21.600000,43.200000,1,3,1294361791,1235,28,1235,28,0,130,4
111,720,21.600000,43.200000,1,3,1294361796,1236,28,1236,28,0,130,4
111,720,21.600000,43.200000,1,3,1294361802,1238,27,1238,27,0,130,4
111,720,21.600000,43.200000,1,3,1294361808,1241,27,1241,27,0,130,4
111,720,21.600000,43.200000,1,3,1294361813,1244,27,1244,27,0,130,4
111,720,21.600000,43.200000,1,3,1294361818,1248,26,1248,26,0,130,4
111,720,21.600000,43.200000,1,3,1294361824,1252,25,1252,25,0,130,4
111,720,21.600000,43.200000,1,3,1294361829,1256,24,1256,24,0,130,4
111,720,21.600000,43.200000,1,3,1294361836,1261,23,1261,23,0,130,4
111,720,21.600000,43.200000,1,3,1294361841,1265,22,1265,22,0,130,4
111,720,21.600000,43.200000,1,3,1294361847,1269,21,1269,21,0,130,4
111,720,21.600000,43.200000,1,3,1294361853,1272,19,1272,19,0,130,4
111,720,21.600000,43.200000,1,3,1294361858,1275,18,1275,18,0,130,4
111,720,21.600000,43.200000,1,3,1294361864,1277,17,1277,17,0,130,4
111,720,21.600000,43.200000,1,3,1294361870,1280,16,1280,16,0,130,4
111,720,21.600000,43.200000,1,3,1294361876,1283,16,1283,16,0,130,4
111,720,21.600000,43.200000,1,3,1294361881,1285,16,1285,16,0,130,4
111,720,21.600000,43.200000,1,3,1294361887,1287,16,1287,16,0,130,4
111,720,21.600000,43.200000,1,3,1294361893,1289,15,1289,15,0,130,4
111,720,21.600000,43.200000,1,3,1294361899,1291,14,1291,14,0,130,4
111,720,21.600000,43.200000,1,3,1294361904,1292,14,1292,14,0,130,4
111,720,21.600000,43.200000,1,3,1294361910,1293,14,1293,14,0,130,4
111,720,21.600000,43.200000,1,3,1294361916,1294,13,1294,13,0,130,4
111,720,21.600000,43.200000,1,3,1294361922,1295,13,1295,13,0,130,4
111,720,21.600000,43.200000,1,3,1294361927,1296,13,1296,13,0,130,4
111,720,21.600000,43.200000,1,3,1294361933,1297,13,1297,13,0,130,4
111,720,21.600000,43.200000,1,3,1294361939,1298,13,1298,13,0,130,4
111,720,21.600000,43.200000,1,3,1294361944,1299,13,1299,13,0,130,4
111,720,21.600000,43.200000,1,3,1294361950,1300,13,1300,13,0,130,4
111,720,21.600000,43.200000,1,3,1294361955,1301,13,1301,13,0,130,4
111,720,21.600000,43.200000,1,3,1294361961,1302,13,1302,13,0,130,4
111,720,21.600000,43.200000,1,3,1294361967,1303,13,1303,13,0,130,4
111,720,21.600000,43.200000,1,3,1294361973,1304,13,1304,13,0,130,4
111,720,21.600000,43.200000,1,3,1294361978,1306,13,1306,13,0,130,4
111,720,21.600000,43.200000,1,3,1294361984,1308,13,1308,13,0,130,4
111,720,21.600000,43.200000,1,3,1294361989,1310,13,1310,13,0,130,4
111,720,21.600000,43.200000,1,3,1294361995,1312,13,1312,13,0,130,4
111,720,21.600000,43.200000,1,3,1294362001,1314,13,1314,13,0,130,4
111,720,21.600000,43.200000,1,3,1294362006,1316,13,1316,13,0,130,4
111,720,21.600000,43.200000,1,3,1294362011,1317,13,1317,13,0,130,4
111,720,21.600000,43.200000,1,3,1294362017,1317,13,1317,13,0,130,4
111,720,21.600000,43.200000,1,3,1294362023,1317,13,1317,13,0,130,4
111,720,21.600000,43.200000,1,3,1294362029,1317,13,1317,13,0,130,4
111,720,21.600000,43.200000,1,3,1294362034,1317,13,1317,13,0,130,4
111,720,21.600000,43.200000,1,3,1294362040,1317,13,1317,13,0,130,4
111,720,21.600000,43.200000,1,3,1294362045,1317,13,1317,13,0,130,4
111,720,21.600000,43.200000,1,3,1294362051,1317,13,1317,13,0,130,4
111,720,21.600000,43.200000,1,3,1294362056,1317,13,1317,13,0,130,4
111,720,21.600000,43.200000,1,3,1294362062,1317,13,1317,13,0,130,4
111,720,21.600000,43.200000,1,3,1294362067,1317,13,1317,13,0,130,4
111,720,21.600000,43.200000,1,3,1294362072,1317,13,1317,13,0,130,4
111,720,21.600000,43.200000,1,3,1294362078,1317,13,1317,13,0,130,4
111,720,21.600000,43.200000,1,3,1294362084,1317,13,1317,13,0,130,4
111,720,21.600000,43.200000,1,3,1294362089,1317,13,1317,13,0,130,4
111,720,21.600000,43.200000,1,3,1294362094,1317,13,1317,13,0,130,4
111,720,21.600000,43.200000,1,3,1294362100,1317,13,1317,13,0,130,4
111,720,21.600000,43.200000,1,3,1294362105,1317,13,1317,13,0,130,4
111,720,21.600000,43.200000,1,3,1294362111,1317,13,1317,13,0,130,4
111,720,21.600000,43.200000,1,3,1294362117,1317,13,1317,13,0,130,4
111,720,21.600000,43.200000,1,3,1294362123,1317,13,1317,13,0,130,4
111,720,21.600000,43.200000,1,3,1294362128,1317,13,1317,13,0,130,4
111,720,21.600000,43.200000,1,3,1294362138,1317,13,1317,13,0,130,4
