111,720,21.600000,0.000000,0,3,1294159987,608,0,608,0,0,109,5
111,720,21.600000,0.000000,0,3,1294159988,608,0,608,0,0,109,5
111,720,21.600000,0.000000,0,3,1294159994,608,0,608,0,0,109,5
111,720,21.600000,0.000000,0,3,1294160000,608,0,608,0,0,109,5
111,720,21.600000,0.000000,0,3,1294160005,608,0,608,0,0,109,5
111,720,21.600000,0.000000,0,3,1294160011,608,0,608,0,0,109,5
111,720,21.600000,0.000000,0,3,1294160016,608,0,608,0,0,109,5
111,720,21.600000,0.000000,0,3,1294160022,608,0,608,0,0,109,5
111,720,21.600000,0.000000,0,3,1294160028,608,0,608,0,0,109,5
111,720,21.600000,0.000000,0,3,1294160033,608,0,608,0,0,109,5
111,720,21.600000,0.000000,0,3,1294160038,608,0,608,0,0,109,5
111,720,21.600000,0.000000,0,3,1294160044,609,0,609,0,0,109,5
111,720,21.600000,0.000000,0,3,1294160050,610,0,610,0,0,109,5
111,720,21.600000,0.000000,0,3,1294160056,612,0,612,0,0,109,5
111,720,21.600000,0.000000,0,3,1294160062,619,0,619,0,0,109,5
111,720,21.600000,0.000000,0,3,1294160068,627,0,627,-1,0,109,5
111,720,21.600000,0.000000,0,3,1294160073,644,0,644,-3,0,109,5
111,720,21.600000,0.000000,0,3,1294160079,666,0,666,-5,0,109,5
111,720,21.600000,0.000000,0,3,1294160085,694,0,694,-8,0,109,5
111,720,21.600000,0.000000,0,3,1294160090,728,0,728,-11,0,109,5
111,720,21.600000,0.000000,0,3,1294160096,767,0,767,-15,0,109,5
111,720,21.600000,0.000000,0,3,1294160101,812,0,812,-19,0,109,5
111,720,21.600000,0.000000,0,3,1294160107,859,0,859,-24,0,109,5
111,720,21.600000,0.000000,0,3,1294160113,905,0,905,-28,0,109,5
111,720,21.600000,0.000000,0,3,1294160119,949,0,949,-33,0,109,5
111,720,21.600000,0.000000,0,3,1294160124,993,0,993,-37,0,109,5
111,720,21.600000,0.000000,0,3,1294160130,1039,0,1039,-42,0,109,5
111,720,21.600000,0.000000,0,3,1294160136,1079,0,1079,-46,0,109,5
111,720,21.600000,0.000000,0,3,1294160141,1118,0,1118,-50,0,109,5
111,720,21.600000,0.000000,0,3,1294160147,1152,0,1152,-53,0,109,5
111,720,21.600000,0.000000,0,3,1294160153,1180,0,1180,-57,0,109,5
111,720,21.600000,0.000000,0,3,1294160158,1199,0,1199,-60,0,109,5
111,720,21.600000,0.000000,0,3,1294160164,1213,0,1213,-63,0,109,5
111,720,21.600000,0.000000,0,3,1294160169,1226,0,1226,-66,0,109,5
111,720,21.600000,0.000000,0,3,1294160175,1230,0,1230,-68,0,109,5
111,720,21.600000,0.000000,0,3,1294160181,1231,0,1231,-69,0,109,5
111,720,21.600000,0.000000,0,3,1294160187,1231,0,1231,-70,0,109,5
111,720,21.600000,0.000000,0,3,1294160192,1229,0,1229,-72,0,109,5
111,720,21.600000,0.000000,0,3,1294160199,1226,0,1226,-75,0,109,5
111,720,21.600000,0.000000,0,3,1294160204,1221,0,1221,-77,0,109,5
111,720,21.600000,0.000000,0,3,1294160210,1216,0,1216,-79,0,109,5
111,720,21.600000,0.000000,0,3,1294160216,1211,0,1211,-80,0,109,5
111,720,21.600000,0.000000,0,3,1294160221,1207,0,1207,-81,0,109,5
111,720,21.600000,0.000000,0,3,1294160227,1204,0,1204,-82,0,109,5
111,720,21.600000,0.000000,0,3,1294160232,1201,0,1201,-83,0,109,5
111,720,21.600000,0.000000,0,3,1294160238,1200,0,1200,-83,0,109,5
111,720,21.600000,0.000000,0,3,1294160244,1199,0,1199,-83,0,109,5
111,720,21.600000,0.000000,0,3,1294160249,1198,0,1198,-83,0,109,5
111,720,21.600000,0.000000,0,3,1294160256,1198,0,1198,-83,0,109,5
111,720,21.600000,0.000000,0,3,1294160261,1200,0,1200,-83,0,109,5
111,720,21.600000,0.000000,0,3,1294160268,1202,0,1202,-83,0,109,5
111,720,21.600000,0.000000,0,3,1294160273,1205,0,1205,-83,0,109,5
111,720,21.600000,0.000000,0,3,1294160279,1207,0,1207,-83,0,109,5
111,720,21.600000,0.000000,0,3,1294160285,1208,0,1208,-84,0,109,5
111,720,21.600000,0.000000,0,3,1294160290,1208,0,1208,-84,0,109,5
111,720,21.600000,0.000000,0,3,1294160296,1208,0,1208,-85,0,109,5
111,720,21.600000,0.000000,0,3,1294160302,1208,0,1208,-86,0,109,5
111,720,21.600000,0.000000,0,3,1294160307,1208,0,1208,-86,0,109,5
111,720,21.600000,0.000000,0,3,1294160313,1208,0,1208,-86,0,109,5
111,720,21.600000,0.000000,0,3,1294160319,1209,0,1209,-86,0,109,5
111,720,21.600000,0.000000,0,3,1294160326,1209,0,1209,-86,0,109,5
111,720,21.600000,0.000000,0,3,1294160331,1210,0,1210,-86,0,109,5
111,720,21.600000,0.000000,0,3,1294160338,1211,0,1211,-87,0,109,5
111,720,21.600000,0.000000,0,3,1294160343,1213,0,1213,-88,0,109,5
111,720,21.600000,0.000000,0,3,1294160349,1216,0,1216,-89,0,109,5
111,720,21.600000,0.000000,0,3,1294160355,1221,0,1221,-90,0,109,5
111,720,21.600000,0.000000,0,3,1294160361,1225,0,1225,-92,0,109,5
111,720,21.600000,0.000000,0,3,1294160367,1230,0,1230,-93,0,109,5
111,720,21.600000,0.000000,0,3,1294160372,1235,0,1235,-95,0,109,5
111,720,21.600000,0.000000,0,3,1294160378,1239,0,1239,-96,0,109,5
111,720,21.600000,0.000000,0,3,1294160384,1245,0,1245,-98,0,109,5
111,720,21.600000,0.000000,0,3,1294160390,1253,0,1253,-101,0,109,5
111,720,21.600000,0.000000,0,3,1294160396,1259,0,1259,-103,0,109,5
111,720,21.600000,0.000000,0,3,1294160402,1264,0,1264,-105,0,109,5
111,720,21.600000,0.000000,0,3,1294160407,1267,0,1267,-107,0,109,5
111,720,21.600000,0.000000,0,3,1294160413,1270,0,1270,-109,0,109,5
111,720,21.600000,0.000000,0,3,1294160419,1272,0,1272,-110,0,109,5
111,720,21.600000,0.000000,0,3,1294160425,1273,0,1273,-111,0,109,5
111,720,21.600000,0.000000,0,3,1294160430,1275,0,1275,-112,0,109,5
111,720,21.600000,0.000000,0,3,1294160436,1276,0,1276,-113,0,109,5
111,720,21.600000,0.000000,0,3,1294160442,1279,0,1279,-115,0,109,5
111,720,21.600000,0.000000,0,3,1294160448,1282,0,1282,-116,0,109,5
111,720,21.600000,0.000000,0,3,1294160453,1285,0,1285,-117,0,109,5
111,720,21.600000,0.000000,0,3,1294160459,1289,0,1289,-118,0,109,5
111,720,21.600000,0.000000,0,3,1294160465,1293,0,1293,-119,0,109,5
111,720,21.600000,0.000000,0,3,1294160470,1297,0,1297,-120,0,109,5
111,720,21.600000,0.000000,0,3,1294160476,1300,0,1300,-120,0,109,5
111,720,21.600000,0.000000,0,3,1294160481,1302,0,1302,-120,0,109,5
111,720,21.600000,0.000000,0,3,1294160487,1304,0,1304,-120,0,109,5
111,720,21.600000,0.000000,0,3,1294160493,1305,0,1305,-121,0,109,5
111,720,21.600000,0.000000,0,3,1294160498,1306,0,1306,-121,0,109,5
111,720,21.600000,0.000000,0,3,1294160504,1307,0,1307,-121,0,109,5
111,720,21.600000,0.000000,0,3,1294160509,1307,0,1307,-121,0,109,5
111,720,21.600000,0.000000,0,3,1294160515,1307,0,1307,-121,0,109,5
111,720,21.600000,0.000000,0,3,1294160521,1307,0,1307,-121,0,109,5
111,720,21.600000,0.000000,0,3,1294160526,1307,0,1307,-121,0,109,5
111,720,21.600000,0.000000,0,3,1294160532,1307,0,1307,-121,0,109,5
111,720,21.600000,0.000000,0,3,1294160537,1307,0,1307,-121,0,109,5
111,720,21.600000,0.000000,0,3,1294160542,1307,0,1307,-121,0,109,5
111,720,21.600000,0.000000,0,3,1294160548,1307,0,1307,-121,0,109,5
111,720,21.600000,0.000000,0,3,1294160553,1307,0,1307,-121,0,109,5
111,720,21.600000,0.000000,0,3,1294160559,1307,0,1307,-121,0,109,5
111,720,21.600000,0.000000,0,3,1294160565,1307,0,1307,-121,0,109,5
111,720,21.600000,0.000000,0,3,1294160570,1307,0,1307,-121,0,109,5
111,720,21.600000,0.000000,0,3,1294160576,1308,0,1308,-122,0,109,5
111,720,21.600000,0.000000,0,3,1294160582,1309,0,1309,-122,0,109,5
111,720,21.600000,0.000000,0,3,1294160587,1310,0,1310,-122,0,109,5
111,720,21.600000,0.000000,0,3,1294160593,1311,0,1311,-122,0,109,5
111,720,21.600000,0.000000,0,3,1294160599,1311,0,1311,-123,0,109,5
111,720,21.600000,0.000000,0,3,1294160605,1312,0,1312,-123,0,109,5
111,720,21.600000,0.000000,0,3,1294160610,1312,0,1312,-124,0,109,5
111,720,21.600000,0.000000,0,3,1294160616,1313,0,1313,-125,0,109,5
111,720,21.600000,0.000000,0,3,1294160622,1315,0,1315,-126,0,109,5
111,720,21.600000,0.000000,0,3,1294160628,1317,0,1317,-127,0,109,5
111,720,21.600000,0.000000,0,3,1294160633,1320,0,1320,-129,0,109,5
111,720,21.600000,0.000000,0,3,1294160639,1324,0,1324,-131,0,109,5
111,720,21.600000,0.000000,0,3,1294160645,1329,0,1329,-133,0,109,5
111,720,21.600000,0.000000,0,3,1294160651,1334,0,1334,-135,0,109,5
111,720,21.600000,0.000000,0,3,1294160657,1343,0,1343,-137,0,109,5
111,720,21.600000,0.000000,0,3,1294160663,1349,0,1349,-138,0,109,5
111,720,21.600000,0.000000,0,3,1294160668,1352,0,1352,-139,0,109,5
111,720,21.600000,0.000000,0,3,1294160674,1353,0,1353,-139,0,109,5
111,720,21.600000,0.000000,0,3,1294160679,1354,0,1354,-139,0,109,5
111,720,21.600000,0.000000,0,3,1294160685,1355,0,1355,-139,0,109,5
111,720,21.600000,0.000000,0,3,1294160691,1355,0,1355,-139,0,109,5
111,720,21.600000,0.000000,0,3,1294160697,1355,0,1355,-139,0,109,5
111,720,21.600000,0.000000,0,3,1294160703,1355,0,1355,-139,0,109,5
111,720,21.600000,0.000000,0,3,1294160709,1355,0,1355,-139,0,109,5
111,720,21.600000,0.000000,0,3,1294160715,1355,0,1355,-140,0,109,5
111,720,21.600000,0.000000,0,3,1294160721,1355,0,1355,-141,0,109,5
111,720,21.600000,0.000000,0,3,1294160727,1353,0,1353,-141,0,109,5
111,720,21.600000,0.000000,0,3,1294160733,1351,0,1351,-141,0,109,5
111,720,21.600000,0.000000,0,3,1294160739,1348,0,1348,-141,0,109,5
111,720,21.600000,0.000000,0,3,1294160745,1344,0,1344,-141,0,109,5
111,720,21.600000,0.000000,0,3,1294160750,1341,0,1341,-141,0,109,5
111,720,21.600000,0.000000,0,3,1294160756,1339,0,1339,-141,0,109,5
111,720,21.600000,0.000000,0,3,1294160762,1337,1,1337,-140,0,109,5
111,720,21.600000,0.000000,0,3,1294160768,1336,1,1336,-140,0,109,5
111,720,21.600000,0.000000,0,3,1294160774,1335,1,1335,-140,0,109,5
111,720,21.600000,0.000000,0,3,1294160779,1334,2,1334,-139,0,109,5
111,720,21.600000,0.000000,0,3,1294160784,1333,3,1333,-138,0,109,5
111,720,21.600000,0.000000,0,3,1294160790,1333,3,1333,-138,0,109,5
111,720,21.600000,0.000000,0,3,1294160796,1333,4,1333,-137,0,109,5
111,720,21.600000,0.000000,0,3,1294160801,1332,4,1332,-137,0,109,5
111,720,21.600000,0.000000,0,3,1294160807,1331,4,1331,-137,0,109,5
111,720,21.600000,0.000000,0,3,1294160813,1330,3,1330,-138,0,109,5
111,720,21.600000,0.000000,0,3,1294160819,1329,3,1329,-138,0,109,5
111,720,21.600000,0.000000,0,3,1294160825,1328,3,1328,-138,0,109,5
111,720,21.600000,0.000000,0,3,1294160830,1327,3,1327,-138,0,109,5
111,720,21.600000,0.000000,0,3,1294160836,1326,3,1326,-138,0,109,5
111,720,21.600000,0.000000,0,3,1294160842,1325,2,1325,-139,0,109,5
111,720,21.600000,0.000000,0,3,1294160847,1324,1,1324,-140,0,109,5
111,720,21.600000,0.000000,0,3,1294160853,1323,0,1323,-141,0,109,5
111,720,21.600000,0.000000,0,3,1294160859,1321,0,1321,-143,0,109,5
111,720,21.600000,0.000000,0,3,1294160865,1318,0,1318,-145,0,109,5
111,720,21.600000,0.000000,0,3,1294160870,1317,0,1317,-146,0,109,5
111,720,21.600000,0.000000,0,3,1294160876,1316,0,1316,-147,0,109,5
111,720,21.600000,0.000000,0,3,1294160881,1315,0,1315,-148,0,109,5
111,720,21.600000,0.000000,0,3,1294160887,1314,0,1314,-149,0,109,5
111,720,21.600000,0.000000,0,3,1294160892,1314,0,1314,-149,0,109,5
111,720,21.600000,0.000000,0,3,1294160898,1314,0,1314,-149,0,109,5
111,720,21.600000,0.000000,0,3,1294160903,1314,0,1314,-149,0,109,5
111,720,21.600000,0.000000,0,3,1294160909,1314,0,1314,-149,0,109,5
111,720,21.600000,0.000000,0,3,1294160914,1314,0,1314,-149,0,109,5
111,720,21.600000,0.000000,0,3,1294160920,1314,0,1314,-150,0,109,5
111,720,21.600000,0.000000,0,3,1294160925,1314,0,1314,-151,0,109,5
111,720,21.600000,0.000000,0,3,1294160931,1314,0,1314,-152,0,109,5
111,720,21.600000,0.000000,0,3,1294160937,1314,0,1314,-153,0,109,5
111,720,21.600000,0.000000,0,3,1294160943,1314,0,1314,-153,0,109,5
111,720,21.600000,0.000000,0,3,1294160948,1314,0,1314,-153,0,109,5
111,720,21.600000,0.000000,0,3,1294160954,1314,0,1314,-153,0,109,5
111,720,21.600000,0.000000,0,3,1294160964,1314,0,1314,-153,0,109,5
