111,720,21.600000,0.000000,1,2,1293392327,599,6,599,6,0,33,1
111,720,21.600000,0.000000,1,2,1293392329,599,6,599,6,0,33,1
111,720,21.600000,0.000000,1,2,1293392335,599,6,599,6,0,33,1
111,720,21.600000,0.000000,1,2,1293392340,599,6,599,6,0,33,1
111,720,21.600000,0.000000,1,2,1293392346,599,6,599,6,0,33,1
111,720,21.600000,0.000000,1,2,1293392353,599,6,599,6,0,33,1
111,720,21.600000,0.000000,1,2,1293392359,599,6,599,6,0,33,1
111,720,21.600000,0.000000,1,2,1293392364,599,6,599,6,0,33,1
111,720,21.600000,0.000000,1,2,1293392370,599,6,599,6,0,33,1
111,720,21.600000,0.000000,1,2,1293392376,599,6,599,6,0,33,1
111,720,21.600000,0.000000,1,2,1293392381,599,6,599,6,0,33,1
111,720,21.600000,0.000000,1,2,1293392387,599,6,599,6,0,33,1
111,720,21.600000,0.000000,1,2,1293392393,599,6,599,6,0,33,1
111,720,21.600000,0.000000,1,2,1293392398,602,6,602,6,0,33,1
111,720,21.600000,0.000000,1,2,1293392404,608,8,608,8,0,33,1
111,720,21.600000,0.000000,1,2,1293392410,619,11,619,11,0,33,1
111,720,21.600000,0.000000,1,2,1293392416,635,13,635,13,0,33,1
111,720,21.600000,0.000000,1,2,1293392422,653,15,653,15,0,33,1
111,720,21.600000,0.000000,1,2,1293392428,665,16,665,16,0,33,1
111,720,21.600000,0.000000,1,2,1293392433,691,18,691,18,0,33,1
111,720,21.600000,0.000000,1,2,1293392439,725,20,725,20,0,33,1
111,720,21.600000,0.000000,1,2,1293392445,772,22,772,22,0,33,1
111,720,21.600000,0.000000,1,2,1293392451,818,23,818,23,0,33,1
111,720,21.600000,0.000000,1,2,1293392457,878,25,878,25,0,33,1
111,720,21.600000,0.000000,1,2,1293392462,929,27,929,27,0,33,1
111,720,21.600000,0.000000,1,2,1293392468,980,29,980,29,0,33,1
111,720,21.600000,0.000000,1,2,1293392474,1039,30,1039,30,0,33,1
111,720,21.600000,0.000000,1,2,1293392479,1098,32,1098,32,0,33,1
111,720,21.600000,0.000000,1,2,1293392485,1145,33,1145,33,0,33,1
111,720,21.600000,0.000000,1,2,1293392491,1191,35,1191,35,0,33,1
111,720,21.600000,0.000000,1,2,1293392496,1229,36,1229,36,0,33,1
111,720,21.600000,0.000000,1,2,1293392503,1263,37,1263,37,0,33,1
111,720,21.600000,0.000000,1,2,1293392509,1293,39,1293,39,0,33,1
111,720,21.600000,0.000000,1,2,1293392515,1315,39,1315,39,0,33,1
111,720,21.600000,0.000000,1,2,1293392521,1329,40,1329,40,0,33,1
111,720,21.600000,0.000000,1,2,1293392526,1336,40,1336,40,0,33,1
111,720,21.600000,0.000000,1,2,1293392532,1339,39,1339,39,0,33,1
111,720,21.600000,0.000000,1,2,1293392537,1339,39,1339,39,0,33,1
111,720,21.600000,0.000000,1,2,1293392543,1339,38,1339,38,0,33,1
111,720,21.600000,0.000000,1,2,1293392549,1337,36,1337,36,0,33,1
111,720,21.600000,0.000000,1,2,1293392555,1332,33,1332,33,0,33,1
111,720,21.600000,0.000000,1,2,1293392560,1326,30,1326,30,0,33,1
111,720,21.600000,0.000000,1,2,1293392566,1321,28,1321,28,0,33,1
111,720,21.600000,0.000000,1,2,1293392571,1317,27,1317,27,0,33,1
111,720,21.600000,0.000000,1,2,1293392577,1314,25,1314,25,0,33,1
111,720,21.600000,0.000000,1,2,1293392583,1313,24,1313,24,0,33,1
111,720,21.600000,0.000000,1,2,1293392588,1313,24,1313,24,0,33,1
111,720,21.600000,0.000000,1,2,1293392594,1313,23,1313,23,0,33,1
111,720,21.600000,0.000000,1,2,1293392599,1313,22,1313,22,0,33,1
111,720,21.600000,0.000000,1,2,1293392605,1314,21,1314,21,0,33,1
111,720,21.600000,0.000000,1,2,1293392611,1316,21,1316,21,0,33,1
111,720,21.600000,0.000000,1,2,1293392616,1318,21,1318,21,0,33,1
111,720,21.600000,0.000000,1,2,1293392622,1319,21,1319,21,0,33,1
111,720,21.600000,0.000000,1,2,1293392627,1321,21,1321,21,0,33,1
111,720,21.600000,0.000000,1,2,1293392633,1322,21,1322,21,0,33,1
111,720,21.600000,0.000000,1,2,1293392638,1323,21,1323,21,0,33,1
111,720,21.600000,0.000000,1,2,1293392644,1324,21,1324,21,0,33,1
111,720,21.600000,0.000000,1,2,1293392650,1325,21,1325,21,0,33,1
111,720,21.600000,0.000000,1,2,1293392655,1325,21,1325,21,0,33,1
111,720,21.600000,0.000000,1,2,1293392660,1325,21,1325,21,0,33,1
111,720,21.600000,0.000000,1,2,1293392666,1325,21,1325,21,0,33,1
111,720,21.600000,0.000000,1,2,1293392671,1325,21,1325,21,0,33,1
111,720,21.600000,0.000000,1,2,1293392677,1325,20,1325,20,0,33,1
111,720,21.600000,0.000000,1,2,1293392683,1325,19,1325,19,0,33,1
111,720,21.600000,0.000000,1,2,1293392688,1325,19,1325,19,0,33,1
111,720,21.600000,0.000000,1,2,1293392694,1325,19,1325,19,0,33,1
111,720,21.600000,0.000000,1,2,1293392700,1325,19,1325,19,0,33,1
111,720,21.600000,0.000000,1,2,1293392706,1325,19,1325,19,0,33,1
111,720,21.600000,0.000000,1,2,1293392712,1325,19,1325,19,0,33,1
111,720,21.600000,0.000000,1,2,1293392720,1325,19,1325,19,0,33,1
111,720,21.600000,0.000000,1,2,1293392725,1325,19,1325,19,0,33,1
111,720,21.600000,0.000000,1,2,1293392731,1325,19,1325,19,0,33,1
111,720,21.600000,0.000000,1,2,1293392737,1325,19,1325,19,0,33,1
111,720,21.600000,0.000000,1,2,1293392742,1325,19,1325,19,0,33,1
111,720,21.600000,0.000000,1,2,1293392748,1325,19,1325,19,0,33,1
111,720,21.600000,0.000000,1,2,1293392754,1325,19,1325,19,0,33,1
111,720,21.600000,0.000000,1,2,1293392759,1325,19,1325,19,0,33,1
111,720,21.600000,0.000000,1,2,1293392765,1325,19,1325,19,0,33,1
111,720,21.600000,0.000000,1,2,1293392771,1325,19,1325,19,0,33,1
111,720,21.600000,0.000000,1,2,1293392776,1325,19,1325,19,0,33,1
111,720,21.600000,0.000000,1,2,1293392782,1325,19,1325,19,0,33,1
111,720,21.600000,0.000000,1,2,1293392787,1325,19,1325,19,0,33,1
111,720,21.600000,0.000000,1,2,1293392792,1325,19,1325,19,0,33,1
111,720,21.600000,0.000000,1,2,1293392798,1325,19,1325,19,0,33,1
111,720,21.600000,0.000000,1,2,1293392804,1325,19,1325,19,0,33,1
111,720,21.600000,0.000000,1,2,1293392810,1325,19,1325,19,0,33,1
111,720,21.600000,0.000000,1,2,1293392815,1325,19,1325,19,0,33,1
111,720,21.600000,0.000000,1,2,1293392821,1325,18,1325,18,0,33,1
111,720,21.600000,0.000000,1,2,1293392832,1325,17,1325,17,0,33,1
