111,720,21.600000,0.000000,0,3,1294103005,606,0,606,0,0,104,3
111,720,21.600000,0.000000,0,3,1294103006,606,0,606,0,0,104,3
111,720,21.600000,0.000000,0,3,1294103012,606,0,606,0,0,104,3
111,720,21.600000,0.000000,0,3,1294103018,606,0,606,0,0,104,3
111,720,21.600000,0.000000,0,3,1294103023,606,0,606,0,0,104,3
111,720,21.600000,0.000000,0,3,1294103029,606,0,606,0,0,104,3
111,720,21.600000,0.000000,0,3,1294103034,606,0,606,0,0,104,3
111,720,21.600000,0.000000,0,3,1294103040,606,0,606,0,0,104,3
111,720,21.600000,0.000000,0,3,1294103045,606,0,606,0,0,104,3
111,720,21.600000,0.000000,0,3,1294103050,606,0,606,0,0,104,3
111,720,21.600000,0.000000,0,3,1294103056,606,0,606,0,0,104,3
111,720,21.600000,0.000000,0,3,1294103062,607,0,607,-1,0,104,3
111,720,21.600000,0.000000,0,3,1294103068,610,0,610,-2,0,104,3
111,720,21.600000,0.000000,0,3,1294103074,618,0,618,-4,0,104,3
111,720,21.600000,0.000000,0,3,1294103080,634,0,634,-7,0,104,3
111,720,21.600000,0.000000,0,3,1294103086,655,0,655,-12,0,104,3
111,720,21.600000,0.000000,0,3,1294103093,683,0,683,-18,0,104,3
111,720,21.600000,0.000000,0,3,1294103099,711,0,711,-23,0,104,3
111,720,21.600000,0.000000,0,3,1294103105,745,0,745,-29,0,104,3
111,720,21.600000,0.000000,0,3,1294103110,785,0,785,-35,0,104,3
111,720,21.600000,0.000000,0,3,1294103117,836,0,836,-43,0,104,3
111,720,21.600000,0.000000,0,3,1294103123,881,0,881,-49,0,104,3
111,720,21.600000,0.000000,0,3,1294103128,932,0,932,-56,0,104,3
111,720,21.600000,0.000000,0,3,1294103134,983,0,983,-63,0,104,3
111,720,21.600000,0.000000,0,3,1294103140,1033,0,1033,-70,0,104,3
111,720,21.600000,0.000000,0,3,1294103145,1083,0,1083,-77,0,104,3
111,720,21.600000,0.000000,0,3,1294103151,1133,0,1133,-84,0,104,3
111,720,21.600000,0.000000,0,3,1294103157,1183,0,1183,-92,0,104,3
111,720,21.600000,0.000000,0,3,1294103162,1226,0,1226,-99,0,104,3
111,720,21.600000,0.000000,0,3,1294103168,1269,0,1269,-105,0,104,3
111,720,21.600000,0.000000,0,3,1294103173,1297,0,1297,-110,0,104,3
111,720,21.600000,0.000000,0,3,1294103179,1322,0,1322,-114,0,104,3
111,720,21.600000,0.000000,0,3,1294103185,1334,0,1334,-117,0,104,3
111,720,21.600000,0.000000,0,3,1294103190,1343,0,1343,-120,0,104,3
111,720,21.600000,0.000000,0,3,1294103196,1344,0,1344,-121,0,104,3
111,720,21.600000,0.000000,0,3,1294103202,1345,0,1345,-122,0,104,3
111,720,21.600000,0.000000,0,3,1294103208,1344,0,1344,-123,0,104,3
111,720,21.600000,0.000000,0,3,1294103213,1341,0,1341,-124,0,104,3
111,720,21.600000,0.000000,0,3,1294103219,1337,0,1337,-126,0,104,3
111,720,21.600000,0.000000,0,3,1294103225,1333,0,1333,-128,0,104,3
111,720,21.600000,0.000000,0,3,1294103231,1330,0,1330,-129,0,104,3
111,720,21.600000,0.000000,0,3,1294103236,1327,0,1327,-130,0,104,3
111,720,21.600000,0.000000,0,3,1294103241,1326,0,1326,-131,0,104,3
111,720,21.600000,0.000000,0,3,1294103248,1325,0,1325,-132,0,104,3
111,720,21.600000,0.000000,0,3,1294103254,1324,0,1324,-132,0,104,3
111,720,21.600000,0.000000,0,3,1294103260,1323,0,1323,-133,0,104,3
111,720,21.600000,0.000000,0,3,1294103266,1322,0,1322,-133,0,104,3
111,720,21.600000,0.000000,0,3,1294103272,1321,0,1321,-133,0,104,3
111,720,21.600000,0.000000,0,3,1294103277,1321,0,1321,-133,0,104,3
111,720,21.600000,0.000000,0,3,1294103283,1321,0,1321,-133,0,104,3
111,720,21.600000,0.000000,0,3,1294103288,1321,0,1321,-133,0,104,3
111,720,21.600000,0.000000,0,3,1294103294,1321,0,1321,-133,0,104,3
111,720,21.600000,0.000000,0,3,1294103299,1321,0,1321,-133,0,104,3
111,720,21.600000,0.000000,0,3,1294103304,1320,0,1320,-134,0,104,3
111,720,21.600000,0.000000,0,3,1294103310,1319,0,1319,-135,0,104,3
111,720,21.600000,0.000000,0,3,1294103316,1318,0,1318,-136,0,104,3
111,720,21.600000,0.000000,0,3,1294103322,1317,0,1317,-137,0,104,3
111,720,21.600000,0.000000,0,3,1294103327,1317,0,1317,-138,0,104,3
111,720,21.600000,0.000000,0,3,1294103333,1317,0,1317,-139,0,104,3
111,720,21.600000,0.000000,0,3,1294103339,1317,0,1317,-139,0,104,3
111,720,21.600000,0.000000,0,3,1294103345,1317,0,1317,-139,0,104,3
111,720,21.600000,0.000000,0,3,1294103350,1317,0,1317,-140,0,104,3
111,720,21.600000,0.000000,0,3,1294103356,1318,0,1318,-140,0,104,3
111,720,21.600000,0.000000,0,3,1294103361,1320,0,1320,-141,0,104,3
111,720,21.600000,0.000000,0,3,1294103367,1322,0,1322,-142,0,104,3
111,720,21.600000,0.000000,0,3,1294103372,1324,0,1324,-143,0,104,3
111,720,21.600000,0.000000,0,3,1294103378,1326,0,1326,-144,0,104,3
111,720,21.600000,0.000000,0,3,1294103384,1328,0,1328,-145,0,104,3
111,720,21.600000,0.000000,0,3,1294103389,1330,0,1330,-146,0,104,3
111,720,21.600000,0.000000,0,3,1294103395,1331,0,1331,-147,0,104,3
111,720,21.600000,0.000000,0,3,1294103401,1331,0,1331,-148,0,104,3
111,720,21.600000,0.000000,0,3,1294103407,1332,0,1332,-148,0,104,3
111,720,21.600000,0.000000,0,3,1294103413,1333,0,1333,-149,0,104,3
111,720,21.600000,0.000000,0,3,1294103418,1334,0,1334,-150,0,104,3
111,720,21.600000,0.000000,0,3,1294103423,1334,0,1334,-151,0,104,3
111,720,21.600000,0.000000,0,3,1294103429,1334,0,1334,-152,0,104,3
111,720,21.600000,0.000000,0,3,1294103434,1334,0,1334,-153,0,104,3
111,720,21.600000,0.000000,0,3,1294103440,1334,0,1334,-154,0,104,3
111,720,21.600000,0.000000,0,3,1294103445,1334,0,1334,-155,0,104,3
111,720,21.600000,0.000000,0,3,1294103451,1334,0,1334,-156,0,104,3
111,720,21.600000,0.000000,0,3,1294103457,1334,0,1334,-156,0,104,3
111,720,21.600000,0.000000,0,3,1294103462,1334,0,1334,-157,0,104,3
111,720,21.600000,0.000000,0,3,1294103468,1334,0,1334,-158,0,104,3
111,720,21.600000,0.000000,0,3,1294103473,1334,0,1334,-158,0,104,3
111,720,21.600000,0.000000,0,3,1294103479,1334,0,1334,-158,0,104,3
111,720,21.600000,0.000000,0,3,1294103484,1334,0,1334,-158,0,104,3
111,720,21.600000,0.000000,0,3,1294103490,1334,0,1334,-158,0,104,3
111,720,21.600000,0.000000,0,3,1294103495,1334,0,1334,-158,0,104,3
111,720,21.600000,0.000000,0,3,1294103501,1334,0,1334,-158,0,104,3
111,720,21.600000,0.000000,0,3,1294103507,1334,0,1334,-158,0,104,3
111,720,21.600000,0.000000,0,3,1294103517,1334,0,1334,-158,1,104,3
