111,720,21.600000,0.000000,0,2,1293084868,604,0,604,0,0,6,5
111,720,21.600000,0.000000,0,2,1293084870,604,0,604,0,0,6,5
111,720,21.600000,0.000000,0,2,1293084876,604,0,604,0,0,6,5
111,720,21.600000,0.000000,0,2,1293084882,604,0,604,0,0,6,5
111,720,21.600000,0.000000,0,2,1293084887,604,0,604,0,0,6,5
111,720,21.600000,0.000000,0,2,1293084893,604,0,604,0,0,6,5
111,720,21.600000,0.000000,0,2,1293084899,604,0,604,-1,0,6,5
111,720,21.600000,0.000000,0,2,1293084904,604,0,604,-2,0,6,5
111,720,21.600000,0.000000,0,2,1293084909,604,0,604,-2,0,6,5
111,720,21.600000,0.000000,0,2,1293084915,604,0,604,-2,0,6,5
111,720,21.600000,0.000000,0,2,1293084921,604,0,604,-2,0,6,5
111,720,21.600000,0.000000,0,2,1293084927,604,0,604,-2,0,6,5
111,720,21.600000,0.000000,0,2,1293084932,604,0,604,-2,0,6,5
111,720,21.600000,0.000000,0,2,1293084938,605,0,605,-2,0,6,5
111,720,21.600000,0.000000,0,2,1293084944,612,0,612,-2,0,6,5
111,720,21.600000,0.000000,0,2,1293084950,622,0,622,-3,0,6,5
111,720,21.600000,0.000000,0,2,1293084955,639,0,639,-4,0,6,5
111,720,21.600000,0.000000,0,2,1293084961,660,0,660,-5,0,6,5
111,720,21.600000,0.000000,0,2,1293084967,687,0,687,-6,0,6,5
111,720,21.600000,0.000000,0,2,1293084972,723,0,723,-7,0,6,5
111,720,21.600000,0.000000,0,2,1293084978,757,0,757,-7,0,6,5
111,720,21.600000,0.000000,0,2,1293084984,800,0,800,-8,0,6,5
111,720,21.600000,0.000000,0,2,1293084990,838,0,838,-10,0,6,5
111,720,21.600000,0.000000,0,2,1293084996,885,0,885,-11,0,6,5
111,720,21.600000,0.000000,0,2,1293085001,936,0,936,-13,0,6,5
111,720,21.600000,0.000000,0,2,1293085007,987,0,987,-14,0,6,5
111,720,21.600000,0.000000,0,2,1293085012,1038,0,1038,-16,0,6,5
111,720,21.600000,0.000000,0,2,1293085018,1089,0,1089,-18,0,6,5
111,720,21.600000,0.000000,0,2,1293085024,1140,0,1140,-21,0,6,5
111,720,21.600000,0.000000,0,2,1293085030,1191,0,1191,-24,0,6,5
111,720,21.600000,0.000000,0,2,1293085036,1258,0,1258,-28,0,6,5
111,720,21.600000,0.000000,0,2,1293085042,1283,0,1283,-30,0,6,5
111,720,21.600000,0.000000,0,2,1293085048,1308,0,1308,-32,0,6,5
111,720,21.600000,0.000000,0,2,1293085053,1335,0,1335,-35,0,6,5
111,720,21.600000,0.000000,0,2,1293085059,1351,0,1351,-37,0,6,5
111,720,21.600000,0.000000,0,2,1293085065,1359,0,1359,-38,0,6,5
111,720,21.600000,0.000000,0,2,1293085070,1363,0,1363,-39,0,6,5
111,720,21.600000,0.000000,0,2,1293085076,1363,0,1363,-39,0,6,5
111,720,21.600000,0.000000,0,2,1293085082,1363,0,1363,-39,0,6,5
111,720,21.600000,0.000000,0,2,1293085087,1363,0,1363,-40,0,6,5
111,720,21.600000,0.000000,0,2,1293085092,1362,0,1362,-41,0,6,5
111,720,21.600000,0.000000,0,2,1293085098,1361,0,1361,-42,0,6,5
111,720,21.600000,0.000000,0,2,1293085104,1358,0,1358,-43,0,6,5
111,720,21.600000,0.000000,0,2,1293085109,1354,0,1354,-45,0,6,5
111,720,21.600000,0.000000,0,2,1293085115,1350,0,1350,-46,0,6,5
111,720,21.600000,0.000000,0,2,1293085121,1348,0,1348,-46,0,6,5
111,720,21.600000,0.000000,0,2,1293085126,1347,0,1347,-46,0,6,5
111,720,21.600000,0.000000,0,2,1293085132,1345,0,1345,-46,0,6,5
111,720,21.600000,0.000000,0,2,1293085137,1343,0,1343,-46,0,6,5
111,720,21.600000,0.000000,0,2,1293085143,1342,0,1342,-46,0,6,5
111,720,21.600000,0.000000,0,2,1293085148,1341,0,1341,-46,0,6,5
111,720,21.600000,0.000000,0,2,1293085153,1340,0,1340,-46,0,6,5
111,720,21.600000,0.000000,0,2,1293085159,1340,0,1340,-46,0,6,5
111,720,21.600000,0.000000,0,2,1293085165,1340,0,1340,-46,0,6,5
111,720,21.600000,0.000000,0,2,1293085171,1340,0,1340,-46,0,6,5
111,720,21.600000,0.000000,0,2,1293085176,1341,0,1341,-46,0,6,5
111,720,21.600000,0.000000,0,2,1293085182,1342,0,1342,-46,0,6,5
111,720,21.600000,0.000000,0,2,1293085188,1343,0,1343,-46,0,6,5
111,720,21.600000,0.000000,0,2,1293085193,1343,0,1343,-46,0,6,5
111,720,21.600000,0.000000,0,2,1293085200,1343,0,1343,-46,0,6,5
111,720,21.600000,0.000000,0,2,1293085207,1343,0,1343,-46,0,6,5
111,720,21.600000,0.000000,0,2,1293085212,1343,0,1343,-46,0,6,5
111,720,21.600000,0.000000,0,2,1293085217,1343,0,1343,-46,0,6,5
111,720,21.600000,0.000000,0,2,1293085223,1343,0,1343,-46,0,6,5
111,720,21.600000,0.000000,0,2,1293085232,1343,0,1343,-46,0,6,5
111,720,21.600000,0.000000,0,2,1293085238,1343,0,1343,-46,0,6,5
111,720,21.600000,0.000000,0,2,1293085244,1343,0,1343,-46,0,6,5
111,720,21.600000,0.000000,0,2,1293085249,1343,0,1343,-46,0,6,5
111,720,21.600000,0.000000,0,2,1293085255,1343,0,1343,-46,0,6,5
111,720,21.600000,0.000000,0,2,1293085261,1343,0,1343,-46,0,6,5
111,720,21.600000,0.000000,0,2,1293085266,1343,0,1343,-46,0,6,5
111,720,21.600000,0.000000,0,2,1293085272,1342,0,1342,-46,0,6,5
111,720,21.600000,0.000000,0,2,1293085278,1342,0,1342,-46,0,6,5
111,720,21.600000,0.000000,0,2,1293085284,1342,0,1342,-46,0,6,5
111,720,21.600000,0.000000,0,2,1293085289,1341,0,1341,-47,0,6,5
111,720,21.600000,0.000000,0,2,1293085295,1341,0,1341,-47,0,6,5
111,720,21.600000,0.000000,0,2,1293085301,1341,0,1341,-47,0,6,5
111,720,21.600000,0.000000,0,2,1293085307,1341,0,1341,-47,0,6,5
111,720,21.600000,0.000000,0,2,1293085316,1341,0,1341,-48,0,6,5
111,720,21.600000,0.000000,0,2,1293085322,1341,0,1341,-49,0,6,5
111,720,21.600000,0.000000,0,2,1293085327,1341,0,1341,-49,0,6,5
111,720,21.600000,0.000000,0,2,1293085333,1340,0,1340,-50,0,6,5
111,720,21.600000,0.000000,0,2,1293085338,1339,0,1339,-51,0,6,5
111,720,21.600000,0.000000,0,2,1293085344,1339,0,1339,-51,0,6,5
111,720,21.600000,0.000000,0,2,1293085351,1339,0,1339,-51,0,6,5
111,720,21.600000,0.000000,0,2,1293085357,1338,0,1338,-51,0,6,5
111,720,21.600000,0.000000,0,2,1293085363,1336,0,1336,-51,0,6,5
111,720,21.600000,0.000000,0,2,1293085369,1334,0,1334,-51,0,6,5
111,720,21.600000,0.000000,0,2,1293085375,1332,0,1332,-52,0,6,5
111,720,21.600000,0.000000,0,2,1293085380,1329,0,1329,-52,0,6,5
111,720,21.600000,0.000000,0,2,1293085386,1326,0,1326,-52,0,6,5
111,720,21.600000,0.000000,0,2,1293085392,1324,0,1324,-53,0,6,5
111,720,21.600000,0.000000,0,2,1293085397,1322,0,1322,-53,0,6,5
111,720,21.600000,0.000000,0,2,1293085403,1321,0,1321,-53,0,6,5
111,720,21.600000,0.000000,0,2,1293085408,1320,0,1320,-53,0,6,5
111,720,21.600000,0.000000,0,2,1293085414,1319,0,1319,-53,0,6,5
111,720,21.600000,0.000000,0,2,1293085419,1318,0,1318,-53,0,6,5
111,720,21.600000,0.000000,0,2,1293085425,1318,0,1318,-53,0,6,5
111,720,21.600000,0.000000,0,2,1293085430,1318,0,1318,-53,0,6,5
111,720,21.600000,0.000000,0,2,1293085436,1318,0,1318,-53,0,6,5
111,720,21.600000,0.000000,0,2,1293085442,1318,0,1318,-53,0,6,5
111,720,21.600000,0.000000,0,2,1293085448,1318,0,1318,-53,0,6,5
111,720,21.600000,0.000000,0,2,1293085453,1318,0,1318,-53,0,6,5
111,720,21.600000,0.000000,0,2,1293085458,1318,0,1318,-53,0,6,5
111,720,21.600000,0.000000,0,2,1293085464,1318,0,1318,-53,0,6,5
111,720,21.600000,0.000000,0,2,1293085470,1318,0,1318,-53,0,6,5
111,720,21.600000,0.000000,0,2,1293085475,1318,0,1318,-53,0,6,5
111,720,21.600000,0.000000,0,2,1293085481,1318,0,1318,-53,0,6,5
111,720,21.600000,0.000000,0,2,1293085487,1318,0,1318,-53,0,6,5
111,720,21.600000,0.000000,0,2,1293085492,1318,0,1318,-53,0,6,5
111,720,21.600000,0.000000,0,2,1293085497,1318,0,1318,-53,0,6,5
111,720,21.600000,0.000000,0,2,1293085503,1318,0,1318,-53,0,6,5
111,720,21.600000,0.000000,0,2,1293085509,1318,0,1318,-53,0,6,5
111,720,21.600000,0.000000,0,2,1293085514,1318,0,1318,-53,0,6,5
111,720,21.600000,0.000000,0,2,1293085520,1318,0,1318,-53,0,6,5
111,720,21.600000,0.000000,0,2,1293085525,1318,0,1318,-54,0,6,5
111,720,21.600000,0.000000,0,2,1293085531,1318,0,1318,-55,0,6,5
111,720,21.600000,0.000000,0,2,1293085537,1318,0,1318,-56,0,6,5
111,720,21.600000,0.000000,0,2,1293085543,1318,0,1318,-56,0,6,5
111,720,21.600000,0.000000,0,2,1293085554,1318,0,1318,-56,0,6,5
