111,720,21.600000,10000.000000,0,0,1293599218,604,0,604,0,1,54,3
111,720,21.600000,10000.000000,0,0,1293599219,604,0,604,0,1,54,3
111,720,21.600000,10000.000000,0,0,1293599225,604,0,604,0,1,54,3
111,720,21.600000,10000.000000,0,0,1293599231,605,0,605,0,1,54,3
111,720,21.600000,10000.000000,0,0,1293599236,606,0,606,0,1,54,3
111,720,21.600000,10000.000000,0,0,1293599242,607,0,607,0,1,54,3
111,720,21.600000,10000.000000,0,0,1293599247,608,0,608,0,1,54,3
111,720,21.600000,10000.000000,0,0,1293599253,608,0,608,0,1,54,3
111,720,21.600000,10000.000000,0,0,1293599258,608,0,608,0,1,54,3
111,720,21.600000,10000.000000,0,0,1293599265,608,0,608,0,1,54,3
111,720,21.600000,10000.000000,0,0,1293599270,609,0,609,0,1,54,3
111,720,21.600000,10000.000000,0,0,1293599276,610,0,610,0,1,54,3
111,720,21.600000,10000.000000,0,0,1293599281,615,0,615,0,1,54,3
111,720,21.600000,10000.000000,0,0,1293599287,622,0,622,-1,1,54,3
111,720,21.600000,10000.000000,0,0,1293599293,636,0,636,-3,1,54,3
111,720,21.600000,10000.000000,0,0,1293599299,675,0,675,-8,1,54,3
111,720,21.600000,10000.000000,0,0,1293599305,700,0,700,-12,1,54,3
111,720,21.600000,10000.000000,0,0,1293599311,721,0,721,-15,1,54,3
111,720,21.600000,10000.000000,0,0,1293599317,749,0,749,-18,1,54,3
111,720,21.600000,10000.000000,0,0,1293599323,777,0,777,-22,1,54,3
111,720,21.600000,10000.000000,0,0,1293599329,812,0,812,-27,1,54,3
111,720,21.600000,10000.000000,0,0,1293599334,863,0,863,-33,1,54,3
111,720,21.600000,10000.000000,0,0,1293599339,901,0,901,-38,1,54,3
111,720,21.600000,10000.000000,0,0,1293599345,946,0,946,-44,1,54,3
111,720,21.600000,10000.000000,0,0,1293599351,991,0,991,-49,1,54,3
111,720,21.600000,10000.000000,0,0,1293599357,1036,0,1036,-55,1,54,3
111,720,21.600000,10000.000000,0,0,1293599363,1081,0,1081,-60,1,54,3
111,720,21.600000,10000.000000,0,0,1293599369,1119,0,1119,-64,1,54,3
111,720,21.600000,10000.000000,0,0,1293599375,1153,0,1153,-68,1,54,3
111,720,21.600000,10000.000000,0,0,1293599381,1187,0,1187,-72,1,54,3
111,720,21.600000,10000.000000,0,0,1293599386,1221,0,1221,-77,1,54,3
111,720,21.600000,10000.000000,0,0,1293599392,1244,0,1244,-80,1,54,3
111,720,21.600000,10000.000000,0,0,1293599397,1263,0,1263,-83,1,54,3
111,720,21.600000,10000.000000,0,0,1293599403,1272,0,1272,-84,1,54,3
111,720,21.600000,10000.000000,0,0,1293599408,1278,0,1278,-85,1,54,3
111,720,21.600000,10000.000000,0,0,1293599414,1279,0,1279,-86,1,54,3
111,720,21.600000,10000.000000,0,0,1293599419,1280,0,1280,-87,1,54,3
111,720,21.600000,10000.000000,0,0,1293599425,1281,0,1281,-88,1,54,3
111,720,21.600000,10000.000000,0,0,1293599430,1282,0,1282,-89,1,54,3
111,720,21.600000,10000.000000,0,0,1293599437,1282,0,1282,-89,1,54,3
111,720,21.600000,10000.000000,0,0,1293599443,1281,0,1281,-90,1,54,3
111,720,21.600000,10000.000000,0,0,1293599449,1279,0,1279,-90,1,54,3
111,720,21.600000,10000.000000,0,0,1293599455,1277,0,1277,-90,1,54,3
111,720,21.600000,10000.000000,0,0,1293599461,1276,0,1276,-90,1,54,3
111,720,21.600000,10000.000000,0,0,1293599466,1276,0,1276,-90,1,54,3
111,720,21.600000,10000.000000,0,0,1293599471,1276,0,1276,-90,1,54,3
111,720,21.600000,10000.000000,0,0,1293599477,1276,0,1276,-91,1,54,3
111,720,21.600000,10000.000000,0,0,1293599483,1275,0,1275,-91,1,54,3
111,720,21.600000,10000.000000,0,0,1293599488,1274,0,1274,-91,1,54,3
111,720,21.600000,10000.000000,0,0,1293599494,1273,0,1273,-91,1,54,3
111,720,21.600000,10000.000000,0,0,1293599499,1274,0,1274,-91,1,54,3
111,720,21.600000,10000.000000,0,0,1293599505,1275,0,1275,-91,1,54,3
111,720,21.600000,10000.000000,0,0,1293599511,1276,0,1276,-91,1,54,3
111,720,21.600000,10000.000000,0,0,1293599517,1276,0,1276,-91,1,54,3
111,720,21.600000,10000.000000,0,0,1293599522,1276,0,1276,-91,1,54,3
111,720,21.600000,10000.000000,0,0,1293599527,1276,0,1276,-91,1,54,3
111,720,21.600000,10000.000000,0,0,1293599533,1276,0,1276,-91,1,54,3
111,720,21.600000,10000.000000,0,0,1293599538,1276,0,1276,-91,1,54,3
111,720,21.600000,10000.000000,0,0,1293599544,1276,0,1276,-91,1,54,3
111,720,21.600000,10000.000000,0,0,1293599549,1276,0,1276,-91,1,54,3
111,720,21.600000,10000.000000,0,0,1293599555,1276,0,1276,-91,1,54,3
111,720,21.600000,10000.000000,0,0,1293599560,1276,0,1276,-91,1,54,3
111,720,21.600000,10000.000000,0,0,1293599566,1276,0,1276,-91,1,54,3
111,720,21.600000,10000.000000,0,0,1293599571,1276,0,1276,-91,1,54,3
111,720,21.600000,10000.000000,0,0,1293599577,1276,0,1276,-91,1,54,3
111,720,21.600000,10000.000000,0,0,1293599582,1276,0,1276,-91,1,54,3
111,720,21.600000,10000.000000,0,0,1293599588,1276,0,1276,-91,1,54,3
111,720,21.600000,10000.000000,0,0,1293599593,1276,0,1276,-91,1,54,3
111,720,21.600000,10000.000000,0,0,1293599599,1277,0,1277,-91,1,54,3
111,720,21.600000,10000.000000,0,0,1293599605,1280,0,1280,-91,1,54,3
111,720,21.600000,10000.000000,0,0,1293599611,1284,0,1284,-92,1,54,3
111,720,21.600000,10000.000000,0,0,1293599617,1289,0,1289,-94,1,54,3
111,720,21.600000,10000.000000,0,0,1293599622,1294,0,1294,-96,1,54,3
111,720,21.600000,10000.000000,0,0,1293599628,1297,0,1297,-97,1,54,3
111,720,21.600000,10000.000000,0,0,1293599634,1301,0,1301,-99,1,54,3
111,720,21.600000,10000.000000,0,0,1293599639,1304,0,1304,-101,1,54,3
111,720,21.600000,10000.000000,0,0,1293599645,1307,0,1307,-103,1,54,3
111,720,21.600000,10000.000000,0,0,1293599650,1310,0,1310,-106,1,54,3
111,720,21.600000,10000.000000,0,0,1293599656,1314,0,1314,-109,1,54,3
111,720,21.600000,10000.000000,0,0,1293599661,1318,0,1318,-112,1,54,3
111,720,21.600000,10000.000000,0,0,1293599667,1321,0,1321,-114,1,54,3
111,720,21.600000,10000.000000,0,0,1293599674,1325,0,1325,-117,1,54,3
111,720,21.600000,10000.000000,0,0,1293599680,1329,0,1329,-120,1,54,3
111,720,21.600000,10000.000000,0,0,1293599685,1331,0,1331,-122,1,54,3
111,720,21.600000,10000.000000,0,0,1293599691,1333,0,1333,-124,1,54,3
111,720,21.600000,10000.000000,0,0,1293599698,1334,0,1334,-126,1,54,3
111,720,21.600000,10000.000000,0,0,1293599704,1335,0,1335,-128,1,54,3
111,720,21.600000,10000.000000,0,0,1293599709,1335,0,1335,-129,1,54,3
111,720,21.600000,10000.000000,0,0,1293599716,1335,0,1335,-129,1,54,3
111,720,21.600000,10000.000000,0,0,1293599721,1335,0,1335,-129,1,54,3
111,720,21.600000,10000.000000,0,0,1293599727,1335,0,1335,-130,1,54,3
111,720,21.600000,10000.000000,0,0,1293599732,1334,0,1334,-130,1,54,3
111,720,21.600000,10000.000000,0,0,1293599738,1333,0,1333,-130,1,54,3
111,720,21.600000,10000.000000,0,0,1293599744,1332,0,1332,-131,1,54,3
111,720,21.600000,10000.000000,0,0,1293599749,1331,0,1331,-131,1,54,3
111,720,21.600000,10000.000000,0,0,1293599755,1330,0,1330,-131,1,54,3
111,720,21.600000,10000.000000,0,0,1293599761,1329,0,1329,-131,1,54,3
111,720,21.600000,10000.000000,0,0,1293599766,1329,0,1329,-131,1,54,3
111,720,21.600000,10000.000000,0,0,1293599772,1329,0,1329,-131,1,54,3
111,720,21.600000,10000.000000,0,0,1293599778,1329,0,1329,-131,1,54,3
111,720,21.600000,10000.000000,0,0,1293599783,1329,0,1329,-131,1,54,3
111,720,21.600000,10000.000000,0,0,1293599789,1329,0,1329,-131,1,54,3
111,720,21.600000,10000.000000,0,0,1293599794,1329,0,1329,-131,1,54,3
111,720,21.600000,10000.000000,0,0,1293599800,1329,0,1329,-131,1,54,3
111,720,21.600000,10000.000000,0,0,1293599806,1329,0,1329,-131,1,54,3
111,720,21.600000,10000.000000,0,0,1293599811,1329,0,1329,-131,1,54,3
111,720,21.600000,10000.000000,0,0,1293599817,1329,0,1329,-131,1,54,3
111,720,21.600000,10000.000000,0,0,1293599823,1329,0,1329,-131,1,54,3
111,720,21.600000,10000.000000,0,0,1293599829,1329,0,1329,-131,1,54,3
111,720,21.600000,10000.000000,0,0,1293599834,1329,0,1329,-131,1,54,3
111,720,21.600000,10000.000000,0,0,1293599839,1329,0,1329,-131,1,54,3
111,720,21.600000,10000.000000,0,0,1293599845,1329,0,1329,-131,1,54,3
111,720,21.600000,10000.000000,0,0,1293599851,1329,0,1329,-131,1,54,3
111,720,21.600000,10000.000000,0,0,1293599859,1329,0,1329,-131,1,54,3
111,720,21.600000,10000.000000,0,0,1293599867,1328,0,1328,-131,1,54,3
111,720,21.600000,10000.000000,0,0,1293599874,1327,0,1327,-131,1,54,3
111,720,21.600000,10000.000000,0,0,1293599880,1326,0,1326,-131,1,54,3
111,720,21.600000,10000.000000,0,0,1293599886,1326,0,1326,-131,1,54,3
111,720,21.600000,10000.000000,0,0,1293599892,1326,0,1326,-131,1,54,3
111,720,21.600000,10000.000000,0,0,1293599898,1326,0,1326,-131,1,54,3
111,720,21.600000,10000.000000,0,0,1293599903,1325,0,1325,-132,1,54,3
111,720,21.600000,10000.000000,0,0,1293599909,1324,0,1324,-133,1,54,3
111,720,21.600000,10000.000000,0,0,1293599915,1323,0,1323,-134,1,54,3
111,720,21.600000,10000.000000,0,0,1293599920,1323,0,1323,-134,1,54,3
111,720,21.600000,10000.000000,0,0,1293599926,1323,0,1323,-135,1,54,3
111,720,21.600000,10000.000000,0,0,1293599932,1322,0,1322,-135,1,54,3
111,720,21.600000,10000.000000,0,0,1293599938,1322,0,1322,-136,1,54,3
111,720,21.600000,10000.000000,0,0,1293599943,1322,0,1322,-137,1,54,3
111,720,21.600000,10000.000000,0,0,1293599954,1322,0,1322,-137,0,54,3
