111,720,21.600000,0.000000,0,3,1294007696,592,0,592,0,0,94,5
111,720,21.600000,0.000000,0,3,1294007698,592,0,592,0,0,94,5
111,720,21.600000,0.000000,0,3,1294007704,592,0,592,0,0,94,5
111,720,21.600000,0.000000,0,3,1294007709,592,0,592,0,0,94,5
111,720,21.600000,0.000000,0,3,1294007715,593,0,593,0,0,94,5
111,720,21.600000,0.000000,0,3,1294007721,594,0,594,0,0,94,5
111,720,21.600000,0.000000,0,3,1294007727,594,0,594,0,0,94,5
111,720,21.600000,0.000000,0,3,1294007732,594,0,594,0,0,94,5
111,720,21.600000,0.000000,0,3,1294007738,594,0,594,0,0,94,5
111,720,21.600000,0.000000,0,3,1294007743,594,0,594,0,0,94,5
111,720,21.600000,0.000000,0,3,1294007749,594,0,594,0,0,94,5
111,720,21.600000,0.000000,0,3,1294007754,595,0,595,0,0,94,5
111,720,21.600000,0.000000,0,3,1294007760,595,0,595,0,0,94,5
111,720,21.600000,0.000000,0,3,1294007765,595,0,595,0,0,94,5
111,720,21.600000,0.000000,0,3,1294007771,595,0,595,0,0,94,5
111,720,21.600000,0.000000,0,3,1294007778,598,0,598,0,0,94,5
111,720,21.600000,0.000000,0,3,1294007784,604,0,604,0,0,94,5
111,720,21.600000,0.000000,0,3,1294007789,614,0,614,-1,0,94,5
111,720,21.600000,0.000000,0,3,1294007795,626,0,626,-2,0,94,5
111,720,21.600000,0.000000,0,3,1294007800,638,0,638,-2,0,94,5
111,720,21.600000,0.000000,0,3,1294007806,655,0,655,-3,0,94,5
111,720,21.600000,0.000000,0,3,1294007811,678,0,678,-4,0,94,5
111,720,21.600000,0.000000,0,3,1294007817,705,0,705,-4,0,94,5
111,720,21.600000,0.000000,0,3,1294007823,739,0,739,-4,0,94,5
111,720,21.600000,0.000000,0,3,1294007829,772,0,772,-5,0,94,5
111,720,21.600000,0.000000,0,3,1294007835,806,0,806,-6,0,94,5
111,720,21.600000,0.000000,0,3,1294007841,857,0,857,-7,0,94,5
111,720,21.600000,0.000000,0,3,1294007847,894,0,894,-8,0,94,5
111,720,21.600000,0.000000,0,3,1294007854,928,0,928,-9,0,94,5
111,720,21.600000,0.000000,0,3,1294007860,970,0,970,-11,0,94,5
111,720,21.600000,0.000000,0,3,1294007865,1015,0,1015,-15,0,94,5
111,720,21.600000,0.000000,0,3,1294007871,1066,0,1066,-20,0,94,5
111,720,21.600000,0.000000,0,3,1294007877,1100,0,1100,-24,0,94,5
111,720,21.600000,0.000000,0,3,1294007883,1129,0,1129,-28,0,94,5
111,720,21.600000,0.000000,0,3,1294007889,1150,0,1150,-30,0,94,5
111,720,21.600000,0.000000,0,3,1294007895,1170,0,1170,-33,0,94,5
111,720,21.600000,0.000000,0,3,1294007901,1185,0,1185,-36,0,94,5
111,720,21.600000,0.000000,0,3,1294007906,1193,0,1193,-38,0,94,5
111,720,21.600000,0.000000,0,3,1294007912,1198,0,1198,-40,0,94,5
111,720,21.600000,0.000000,0,3,1294007918,1199,0,1199,-40,0,94,5
111,720,21.600000,0.000000,0,3,1294007923,1200,0,1200,-41,0,94,5
111,720,21.600000,0.000000,0,3,1294007929,1200,0,1200,-41,0,94,5
111,720,21.600000,0.000000,0,3,1294007935,1200,0,1200,-41,0,94,5
111,720,21.600000,0.000000,0,3,1294007940,1199,0,1199,-42,0,94,5
111,720,21.600000,0.000000,0,3,1294007946,1198,0,1198,-42,0,94,5
111,720,21.600000,0.000000,0,3,1294007951,1197,0,1197,-42,0,94,5
111,720,21.600000,0.000000,0,3,1294007957,1196,0,1196,-42,0,94,5
111,720,21.600000,0.000000,0,3,1294007962,1196,0,1196,-42,0,94,5
111,720,21.600000,0.000000,0,3,1294007968,1195,0,1195,-42,0,94,5
111,720,21.600000,0.000000,0,3,1294007973,1194,0,1194,-42,0,94,5
111,720,21.600000,0.000000,0,3,1294007979,1194,0,1194,-42,0,94,5
111,720,21.600000,0.000000,0,3,1294007984,1194,0,1194,-42,0,94,5
111,720,21.600000,0.000000,0,3,1294007990,1194,0,1194,-42,0,94,5
111,720,21.600000,0.000000,0,3,1294007995,1194,0,1194,-42,0,94,5
111,720,21.600000,0.000000,0,3,1294008001,1194,0,1194,-42,0,94,5
111,720,21.600000,0.000000,0,3,1294008007,1194,0,1194,-42,0,94,5
111,720,21.600000,0.000000,0,3,1294008012,1194,0,1194,-42,0,94,5
111,720,21.600000,0.000000,0,3,1294008018,1194,0,1194,-42,0,94,5
111,720,21.600000,0.000000,0,3,1294008024,1194,0,1194,-42,0,94,5
111,720,21.600000,0.000000,0,3,1294008029,1194,0,1194,-42,0,94,5
111,720,21.600000,0.000000,0,3,1294008034,1194,0,1194,-42,0,94,5
111,720,21.600000,0.000000,0,3,1294008040,1194,0,1194,-42,0,94,5
111,720,21.600000,0.000000,0,3,1294008046,1194,0,1194,-42,0,94,5
111,720,21.600000,0.000000,0,3,1294008051,1194,0,1194,-42,0,94,5
111,720,21.600000,0.000000,0,3,1294008056,1194,0,1194,-42,0,94,5
111,720,21.600000,0.000000,0,3,1294008062,1194,0,1194,-42,0,94,5
111,720,21.600000,0.000000,0,3,1294008067,1194,0,1194,-42,0,94,5
111,720,21.600000,0.000000,0,3,1294008073,1195,0,1195,-43,0,94,5
111,720,21.600000,0.000000,0,3,1294008079,1196,0,1196,-44,0,94,5
111,720,21.600000,0.000000,0,3,1294008085,1197,0,1197,-45,0,94,5
111,720,21.600000,0.000000,0,3,1294008090,1199,0,1199,-46,0,94,5
111,720,21.600000,0.000000,0,3,1294008096,1201,0,1201,-47,0,94,5
111,720,21.600000,0.000000,0,3,1294008102,1204,0,1204,-48,0,94,5
111,720,21.600000,0.000000,0,3,1294008108,1208,0,1208,-49,0,94,5
111,720,21.600000,0.000000,0,3,1294008113,1213,0,1213,-51,0,94,5
111,720,21.600000,0.000000,0,3,1294008118,1218,0,1218,-53,0,94,5
111,720,21.600000,0.000000,0,3,1294008124,1225,0,1225,-55,0,94,5
111,720,21.600000,0.000000,0,3,1294008131,1232,0,1232,-57,0,94,5
111,720,21.600000,0.000000,0,3,1294008137,1241,0,1241,-60,0,94,5
111,720,21.600000,0.000000,0,3,1294008142,1252,0,1252,-63,0,94,5
111,720,21.600000,0.000000,0,3,1294008148,1259,0,1259,-65,0,94,5
111,720,21.600000,0.000000,0,3,1294008154,1267,0,1267,-68,0,94,5
111,720,21.600000,0.000000,0,3,1294008160,1273,0,1273,-70,0,94,5
111,720,21.600000,0.000000,0,3,1294008166,1279,0,1279,-72,0,94,5
111,720,21.600000,0.000000,0,3,1294008171,1282,0,1282,-73,0,94,5
111,720,21.600000,0.000000,0,3,1294008177,1284,0,1284,-75,0,94,5
111,720,21.600000,0.000000,0,3,1294008182,1285,0,1285,-75,0,94,5
111,720,21.600000,0.000000,0,3,1294008188,1286,0,1286,-76,0,94,5
111,720,21.600000,0.000000,0,3,1294008193,1287,0,1287,-77,0,94,5
111,720,21.600000,0.000000,0,3,1294008199,1288,0,1288,-78,0,94,5
111,720,21.600000,0.000000,0,3,1294008205,1289,0,1289,-79,0,94,5
111,720,21.600000,0.000000,0,3,1294008211,1289,0,1289,-79,0,94,5
111,720,21.600000,0.000000,0,3,1294008216,1289,0,1289,-79,0,94,5
111,720,21.600000,0.000000,0,3,1294008222,1289,0,1289,-79,0,94,5
111,720,21.600000,0.000000,0,3,1294008227,1289,0,1289,-79,0,94,5
111,720,21.600000,0.000000,0,3,1294008232,1289,0,1289,-79,0,94,5
111,720,21.600000,0.000000,0,3,1294008238,1289,0,1289,-79,0,94,5
111,720,21.600000,0.000000,0,3,1294008244,1289,0,1289,-79,0,94,5
111,720,21.600000,0.000000,0,3,1294008249,1289,0,1289,-79,0,94,5
111,720,21.600000,0.000000,0,3,1294008255,1289,0,1289,-79,0,94,5
111,720,21.600000,0.000000,0,3,1294008261,1289,0,1289,-79,0,94,5
111,720,21.600000,0.000000,0,3,1294008267,1289,0,1289,-79,0,94,5
111,720,21.600000,0.000000,0,3,1294008273,1289,0,1289,-79,0,94,5
111,720,21.600000,0.000000,0,3,1294008279,1289,0,1289,-79,0,94,5
111,720,21.600000,0.000000,0,3,1294008284,1289,0,1289,-79,0,94,5
111,720,21.600000,0.000000,0,3,1294008290,1289,0,1289,-79,0,94,5
111,720,21.600000,0.000000,0,3,1294008295,1289,0,1289,-79,0,94,5
111,720,21.600000,0.000000,0,3,1294008300,1289,0,1289,-79,0,94,5
111,720,21.600000,0.000000,0,3,1294008306,1289,0,1289,-79,0,94,5
111,720,21.600000,0.000000,0,3,1294008312,1289,0,1289,-79,0,94,5
111,720,21.600000,0.000000,0,3,1294008317,1289,0,1289,-79,0,94,5
111,720,21.600000,0.000000,0,3,1294008323,1289,0,1289,-79,0,94,5
111,720,21.600000,0.000000,0,3,1294008329,1289,0,1289,-79,0,94,5
111,720,21.600000,0.000000,0,3,1294008334,1289,0,1289,-79,0,94,5
111,720,21.600000,0.000000,0,3,1294008340,1289,0,1289,-80,0,94,5
111,720,21.600000,0.000000,0,3,1294008346,1290,0,1290,-80,0,94,5
111,720,21.600000,0.000000,0,3,1294008351,1290,0,1290,-81,0,94,5
111,720,21.600000,0.000000,0,3,1294008357,1291,0,1291,-82,0,94,5
111,720,21.600000,0.000000,0,3,1294008362,1292,0,1292,-83,0,94,5
111,720,21.600000,0.000000,0,3,1294008368,1293,0,1293,-83,0,94,5
111,720,21.600000,0.000000,0,3,1294008374,1294,0,1294,-83,0,94,5
111,720,21.600000,0.000000,0,3,1294008379,1295,0,1295,-84,0,94,5
111,720,21.600000,0.000000,0,3,1294008385,1297,0,1297,-85,0,94,5
111,720,21.600000,0.000000,0,3,1294008391,1300,0,1300,-86,0,94,5
111,720,21.600000,0.000000,0,3,1294008397,1304,0,1304,-88,0,94,5
111,720,21.600000,0.000000,0,3,1294008403,1307,0,1307,-90,0,94,5
111,720,21.600000,0.000000,0,3,1294008408,1311,0,1311,-92,0,94,5
111,720,21.600000,0.000000,0,3,1294008414,1314,0,1314,-94,0,94,5
111,720,21.600000,0.000000,0,3,1294008419,1317,0,1317,-96,0,94,5
111,720,21.600000,0.000000,0,3,1294008425,1320,0,1320,-98,0,94,5
111,720,21.600000,0.000000,0,3,1294008430,1323,0,1323,-100,0,94,5
111,720,21.600000,0.000000,0,3,1294008436,1325,0,1325,-102,0,94,5
111,720,21.600000,0.000000,0,3,1294008442,1326,0,1326,-103,0,94,5
111,720,21.600000,0.000000,0,3,1294008447,1326,0,1326,-104,0,94,5
111,720,21.600000,0.000000,0,3,1294008453,1327,0,1327,-105,0,94,5
111,720,21.600000,0.000000,0,3,1294008459,1327,0,1327,-105,0,94,5
111,720,21.600000,0.000000,0,3,1294008464,1327,0,1327,-105,0,94,5
111,720,21.600000,0.000000,0,3,1294008470,1327,0,1327,-105,0,94,5
111,720,21.600000,0.000000,0,3,1294008475,1327,0,1327,-105,0,94,5
111,720,21.600000,0.000000,0,3,1294008481,1327,0,1327,-105,0,94,5
111,720,21.600000,0.000000,0,3,1294008486,1327,0,1327,-105,0,94,5
111,720,21.600000,0.000000,0,3,1294008491,1327,0,1327,-105,0,94,5
111,720,21.600000,0.000000,0,3,1294008497,1327,0,1327,-105,0,94,5
111,720,21.600000,0.000000,0,3,1294008503,1327,0,1327,-105,0,94,5
111,720,21.600000,0.000000,0,3,1294008508,1327,0,1327,-105,0,94,5
111,720,21.600000,0.000000,0,3,1294008513,1327,0,1327,-105,0,94,5
111,720,21.600000,0.000000,0,3,1294008519,1327,0,1327,-105,0,94,5
111,720,21.600000,0.000000,0,3,1294008525,1327,0,1327,-105,0,94,5
111,720,21.600000,0.000000,0,3,1294008530,1327,0,1327,-105,0,94,5
111,720,21.600000,0.000000,0,3,1294008536,1327,0,1327,-105,0,94,5
111,720,21.600000,0.000000,0,3,1294008542,1327,0,1327,-106,0,94,5
111,720,21.600000,0.000000,0,3,1294008547,1327,0,1327,-107,0,94,5
111,720,21.600000,0.000000,0,3,1294008553,1327,0,1327,-108,0,94,5
111,720,21.600000,0.000000,0,3,1294008558,1327,0,1327,-108,0,94,5
111,720,21.600000,0.000000,0,3,1294008564,1327,0,1327,-108,0,94,5
111,720,21.600000,0.000000,0,3,1294008569,1327,0,1327,-108,0,94,5
111,720,21.600000,0.000000,0,3,1294008575,1327,0,1327,-108,0,94,5
111,720,21.600000,0.000000,0,3,1294008581,1327,0,1327,-108,0,94,5
111,720,21.600000,0.000000,0,3,1294008586,1327,0,1327,-108,0,94,5
111,720,21.600000,0.000000,0,3,1294008592,1327,0,1327,-108,0,94,5
111,720,21.600000,0.000000,0,3,1294008597,1327,0,1327,-108,0,94,5
111,720,21.600000,0.000000,0,3,1294008603,1327,0,1327,-108,0,94,5
111,720,21.600000,0.000000,0,3,1294008608,1327,0,1327,-108,0,94,5
111,720,21.600000,0.000000,0,3,1294008613,1327,0,1327,-108,0,94,5
111,720,21.600000,0.000000,0,3,1294008619,1327,0,1327,-108,0,94,5
111,720,21.600000,0.000000,0,3,1294008625,1327,0,1327,-108,0,94,5
111,720,21.600000,0.000000,0,3,1294008630,1327,0,1327,-108,0,94,5
111,720,21.600000,0.000000,0,3,1294008636,1327,0,1327,-108,0,94,5
111,720,21.600000,0.000000,0,3,1294008641,1327,0,1327,-108,0,94,5
111,720,21.600000,0.000000,0,3,1294008647,1327,0,1327,-108,0,94,5
111,720,21.600000,0.000000,0,3,1294008653,1327,0,1327,-108,0,94,5
111,720,21.600000,0.000000,0,3,1294008659,1327,0,1327,-108,0,94,5
111,720,21.600000,0.000000,0,3,1294008664,1327,0,1327,-109,0,94,5
111,720,21.600000,0.000000,0,3,1294008670,1327,0,1327,-110,0,94,5
111,720,21.600000,0.000000,0,3,1294008675,1326,0,1326,-110,0,94,5
111,720,21.600000,0.000000,0,3,1294008687,1325,0,1325,-110,0,94,5
