111,720,21.600000,0.000000,0,3,1294131309,597,0,597,0,0,107,0
111,720,21.600000,0.000000,0,3,1294131311,597,0,597,0,0,107,0
111,720,21.600000,0.000000,0,3,1294131316,597,0,597,0,0,107,0
111,720,21.600000,0.000000,0,3,1294131322,597,0,597,0,0,107,0
111,720,21.600000,0.000000,0,3,1294131327,597,0,597,0,0,107,0
111,720,21.600000,0.000000,0,3,1294131333,597,0,597,0,0,107,0
111,720,21.600000,0.000000,0,3,1294131338,597,0,597,0,0,107,0
111,720,21.600000,0.000000,0,3,1294131344,597,0,597,0,0,107,0
111,720,21.600000,0.000000,0,3,1294131350,597,0,597,0,0,107,0
111,720,21.600000,0.000000,0,3,1294131356,597,0,597,0,0,107,0
111,720,21.600000,0.000000,0,3,1294131361,598,0,598,0,0,107,0
111,720,21.600000,0.000000,0,3,1294131367,600,0,600,-1,0,107,0
111,720,21.600000,0.000000,0,3,1294131373,606,0,606,-1,0,107,0
111,720,21.600000,0.000000,0,3,1294131379,618,0,618,-2,0,107,0
111,720,21.600000,0.000000,0,3,1294131385,631,0,631,-2,0,107,0
111,720,21.600000,0.000000,0,3,1294131392,655,0,655,-4,0,107,0
111,720,21.600000,0.000000,0,3,1294131397,687,0,687,-7,0,107,0
111,720,21.600000,0.000000,0,3,1294131403,723,0,723,-11,0,107,0
111,720,21.600000,0.000000,0,3,1294131409,766,0,766,-15,0,107,0
111,720,21.600000,0.000000,0,3,1294131414,809,0,809,-19,0,107,0
111,720,21.600000,0.000000,0,3,1294131420,853,0,853,-23,0,107,0
111,720,21.600000,0.000000,0,3,1294131426,897,0,897,-27,0,107,0
111,720,21.600000,0.000000,0,3,1294131432,941,0,941,-31,0,107,0
111,720,21.600000,0.000000,0,3,1294131438,986,0,986,-36,0,107,0
111,720,21.600000,0.000000,0,3,1294131443,1033,0,1033,-41,0,107,0
111,720,21.600000,0.000000,0,3,1294131449,1080,0,1080,-46,0,107,0
111,720,21.600000,0.000000,0,3,1294131454,1125,0,1125,-51,0,107,0
111,720,21.600000,0.000000,0,3,1294131460,1169,0,1169,-56,0,107,0
111,720,21.600000,0.000000,0,3,1294131466,1210,0,1210,-61,0,107,0
111,720,21.600000,0.000000,0,3,1294131472,1254,0,1254,-67,0,107,0
111,720,21.600000,0.000000,0,3,1294131478,1285,0,1285,-72,0,107,0
111,720,21.600000,0.000000,0,3,1294131484,1313,0,1313,-77,0,107,0
111,720,21.600000,0.000000,0,3,1294131490,1332,0,1332,-82,0,107,0
111,720,21.600000,0.000000,0,3,1294131496,1344,0,1344,-86,0,107,0
111,720,21.600000,0.000000,0,3,1294131502,1348,0,1348,-88,0,107,0
111,720,21.600000,0.000000,0,3,1294131509,1349,0,1349,-89,0,107,0
111,720,21.600000,0.000000,0,3,1294131514,1349,0,1349,-90,0,107,0
111,720,21.600000,0.000000,0,3,1294131520,1348,0,1348,-90,0,107,0
111,720,21.600000,0.000000,0,3,1294131526,1346,0,1346,-91,0,107,0
111,720,21.600000,0.000000,0,3,1294131532,1344,0,1344,-92,0,107,0
111,720,21.600000,0.000000,0,3,1294131537,1342,0,1342,-93,0,107,0
111,720,21.600000,0.000000,0,3,1294131543,1341,0,1341,-93,0,107,0
111,720,21.600000,0.000000,0,3,1294131548,1340,0,1340,-93,0,107,0
111,720,21.600000,0.000000,0,3,1294131554,1339,0,1339,-93,0,107,0
111,720,21.600000,0.000000,0,3,1294131559,1339,0,1339,-93,0,107,0
111,720,21.600000,0.000000,0,3,1294131565,1339,0,1339,-93,0,107,0
111,720,21.600000,0.000000,0,3,1294131571,1339,0,1339,-93,0,107,0
111,720,21.600000,0.000000,0,3,1294131576,1339,0,1339,-93,0,107,0
111,720,21.600000,0.000000,0,3,1294131582,1339,0,1339,-93,0,107,0
111,720,21.600000,0.000000,0,3,1294131588,1339,0,1339,-93,0,107,0
111,720,21.600000,0.000000,0,3,1294131593,1339,0,1339,-93,0,107,0
111,720,21.600000,0.000000,0,3,1294131599,1339,0,1339,-93,0,107,0
111,720,21.600000,0.000000,0,3,1294131604,1339,0,1339,-93,0,107,0
111,720,21.600000,0.000000,0,3,1294131610,1339,0,1339,-93,0,107,0
111,720,21.600000,0.000000,0,3,1294131616,1339,0,1339,-93,0,107,0
111,720,21.600000,0.000000,0,3,1294131621,1339,0,1339,-93,0,107,0
111,720,21.600000,0.000000,0,3,1294131627,1339,0,1339,-93,0,107,0
111,720,21.600000,0.000000,0,3,1294131632,1339,0,1339,-93,0,107,0
111,720,21.600000,0.000000,0,3,1294131637,1339,0,1339,-93,0,107,0
111,720,21.600000,0.000000,0,3,1294131643,1340,0,1340,-93,0,107,0
111,720,21.600000,0.000000,0,3,1294131649,1341,0,1341,-93,0,107,0
111,720,21.600000,0.000000,0,3,1294131654,1342,0,1342,-94,0,107,0
111,720,21.600000,0.000000,0,3,1294131660,1343,0,1343,-94,0,107,0
111,720,21.600000,0.000000,0,3,1294131666,1344,0,1344,-95,0,107,0
111,720,21.600000,0.000000,0,3,1294131672,1345,0,1345,-95,0,107,0
111,720,21.600000,0.000000,0,3,1294131677,1346,0,1346,-96,0,107,0
111,720,21.600000,0.000000,0,3,1294131683,1347,0,1347,-96,0,107,0
111,720,21.600000,0.000000,0,3,1294131689,1347,0,1347,-96,0,107,0
111,720,21.600000,0.000000,0,3,1294131694,1347,0,1347,-96,0,107,0
111,720,21.600000,0.000000,0,3,1294131700,1347,0,1347,-96,0,107,0
111,720,21.600000,0.000000,0,3,1294131705,1347,0,1347,-96,0,107,0
111,720,21.600000,0.000000,0,3,1294131711,1347,0,1347,-97,0,107,0
111,720,21.600000,0.000000,0,3,1294131719,1347,0,1347,-98,0,107,0
111,720,21.600000,0.000000,0,3,1294131725,1345,0,1345,-99,0,107,0
111,720,21.600000,0.000000,0,3,1294131731,1343,0,1343,-100,0,107,0
111,720,21.600000,0.000000,0,3,1294131737,1342,0,1342,-100,0,107,0
111,720,21.600000,0.000000,0,3,1294131743,1340,0,1340,-101,0,107,0
111,720,21.600000,0.000000,0,3,1294131748,1339,0,1339,-102,0,107,0
111,720,21.600000,0.000000,0,3,1294131754,1337,0,1337,-103,0,107,0
111,720,21.600000,0.000000,0,3,1294131760,1336,0,1336,-104,0,107,0
111,720,21.600000,0.000000,0,3,1294131765,1335,0,1335,-104,0,107,0
111,720,21.600000,0.000000,0,3,1294131771,1333,0,1333,-105,0,107,0
111,720,21.600000,0.000000,0,3,1294131777,1330,0,1330,-105,0,107,0
111,720,21.600000,0.000000,0,3,1294131782,1328,0,1328,-105,0,107,0
111,720,21.600000,0.000000,0,3,1294131788,1327,0,1327,-105,0,107,0
111,720,21.600000,0.000000,0,3,1294131794,1326,0,1326,-106,0,107,0
111,720,21.600000,0.000000,0,3,1294131799,1325,0,1325,-106,0,107,0
111,720,21.600000,0.000000,0,3,1294131805,1325,0,1325,-106,0,107,0
111,720,21.600000,0.000000,0,3,1294131811,1324,0,1324,-106,0,107,0
111,720,21.600000,0.000000,0,3,1294131817,1324,0,1324,-107,0,107,0
111,720,21.600000,0.000000,0,3,1294131822,1324,0,1324,-107,0,107,0
111,720,21.600000,0.000000,0,3,1294131827,1324,0,1324,-107,0,107,0
111,720,21.600000,0.000000,0,3,1294131833,1324,0,1324,-107,0,107,0
111,720,21.600000,0.000000,0,3,1294131839,1324,0,1324,-107,0,107,0
111,720,21.600000,0.000000,0,3,1294131844,1324,0,1324,-107,0,107,0
111,720,21.600000,0.000000,0,3,1294131850,1324,0,1324,-107,0,107,0
111,720,21.600000,0.000000,0,3,1294131856,1324,0,1324,-107,0,107,0
111,720,21.600000,0.000000,0,3,1294131862,1324,0,1324,-107,0,107,0
111,720,21.600000,0.000000,0,3,1294131867,1324,0,1324,-107,0,107,0
111,720,21.600000,0.000000,0,3,1294131873,1324,0,1324,-107,0,107,0
111,720,21.600000,0.000000,0,3,1294131879,1324,0,1324,-107,0,107,0
111,720,21.600000,0.000000,0,3,1294131884,1324,0,1324,-107,0,107,0
111,720,21.600000,0.000000,0,3,1294131889,1324,0,1324,-107,0,107,0
111,720,21.600000,0.000000,0,3,1294131895,1324,0,1324,-107,0,107,0
111,720,21.600000,0.000000,0,3,1294131900,1324,0,1324,-107,0,107,0
111,720,21.600000,0.000000,0,3,1294131906,1324,0,1324,-107,0,107,0
111,720,21.600000,0.000000,0,3,1294131912,1324,0,1324,-108,0,107,0
111,720,21.600000,0.000000,0,3,1294131918,1324,0,1324,-109,0,107,0
111,720,21.600000,0.000000,0,3,1294131923,1324,0,1324,-109,0,107,0
111,720,21.600000,0.000000,0,3,1294131935,1324,0,1324,-109,0,107,0
