111,720,21.600000,0.000000,1,0,1293721639,603,15,603,15,0,66,0
111,720,21.600000,0.000000,1,0,1293721641,603,15,603,15,0,66,0
111,720,21.600000,0.000000,1,0,1293721646,603,15,603,15,0,66,0
111,720,21.600000,0.000000,1,0,1293721652,603,15,603,15,0,66,0
111,720,21.600000,0.000000,1,0,1293721658,603,15,603,15,0,66,0
111,720,21.600000,0.000000,1,0,1293721663,603,15,603,15,0,66,0
111,720,21.600000,0.000000,1,0,1293721669,603,15,603,15,0,66,0
111,720,21.600000,0.000000,1,0,1293721674,603,15,603,15,0,66,0
111,720,21.600000,0.000000,1,0,1293721680,603,15,603,15,0,66,0
111,720,21.600000,0.000000,1,0,1293721685,603,15,603,15,0,66,0
111,720,21.600000,0.000000,1,0,1293721690,603,15,603,15,0,66,0
111,720,21.600000,0.000000,1,0,1293721696,603,15,603,15,0,66,0
111,720,21.600000,0.000000,1,0,1293721703,604,15,604,15,0,66,0
111,720,21.600000,0.000000,1,0,1293721709,607,17,607,17,0,66,0
111,720,21.600000,0.000000,1,0,1293721718,611,19,611,19,0,66,0
111,720,21.600000,0.000000,1,0,1293721724,625,23,625,23,0,66,0
111,720,21.600000,0.000000,1,0,1293721730,638,26,638,26,0,66,0
111,720,21.600000,0.000000,1,0,1293721736,659,29,659,29,0,66,0
111,720,21.600000,0.000000,1,0,1293721741,683,32,683,32,0,66,0
111,720,21.600000,0.000000,1,0,1293721747,711,35,711,35,0,66,0
111,720,21.600000,0.000000,1,0,1293721752,744,38,744,38,0,66,0
111,720,21.600000,0.000000,1,0,1293721758,784,40,784,40,0,66,0
111,720,21.600000,0.000000,1,0,1293721764,827,41,827,41,0,66,0
111,720,21.600000,0.000000,1,0,1293721770,869,42,869,42,0,66,0
111,720,21.600000,0.000000,1,0,1293721776,915,43,915,43,0,66,0
111,720,21.600000,0.000000,1,0,1293721782,966,44,966,44,0,66,0
111,720,21.600000,0.000000,1,0,1293721788,1017,44,1017,44,0,66,0
111,720,21.600000,0.000000,1,0,1293721793,1062,44,1062,44,0,66,0
111,720,21.600000,0.000000,1,0,1293721802,1100,44,1100,44,0,66,0
111,720,21.600000,0.000000,1,0,1293721808,1168,44,1168,44,0,66,0
111,720,21.600000,0.000000,1,0,1293721813,1202,43,1202,43,0,66,0
111,720,21.600000,0.000000,1,0,1293721819,1236,40,1236,40,0,66,0
111,720,21.600000,0.000000,1,0,1293721825,1264,37,1264,37,0,66,0
111,720,21.600000,0.000000,1,0,1293721831,1286,34,1286,34,0,66,0
111,720,21.600000,0.000000,1,0,1293721837,1306,30,1306,30,0,66,0
111,720,21.600000,0.000000,1,0,1293721842,1319,26,1319,26,0,66,0
111,720,21.600000,0.000000,1,0,1293721848,1330,22,1330,22,0,66,0
111,720,21.600000,0.000000,1,0,1293721854,1336,19,1336,19,0,66,0
111,720,21.600000,0.000000,1,0,1293721860,1338,17,1338,17,0,66,0
111,720,21.600000,0.000000,1,0,1293721869,1338,15,1338,15,0,66,0
111,720,21.600000,0.000000,1,0,1293721874,1336,13,1336,13,0,66,0
111,720,21.600000,0.000000,1,0,1293721880,1335,12,1335,12,0,66,0
111,720,21.600000,0.000000,1,0,1293721887,1333,11,1333,11,0,66,0
111,720,21.600000,0.000000,1,0,1293721892,1332,10,1332,10,0,66,0
111,720,21.600000,0.000000,1,0,1293721898,1331,10,1331,10,0,66,0
111,720,21.600000,0.000000,1,0,1293721904,1330,10,1330,10,0,66,0
111,720,21.600000,0.000000,1,0,1293721910,1329,10,1329,10,0,66,0
111,720,21.600000,0.000000,1,0,1293721916,1329,10,1329,10,0,66,0
111,720,21.600000,0.000000,1,0,1293721922,1329,10,1329,10,0,66,0
111,720,21.600000,0.000000,1,0,1293721927,1329,10,1329,10,0,66,0
111,720,21.600000,0.000000,1,0,1293721933,1329,10,1329,10,0,66,0
111,720,21.600000,0.000000,1,0,1293721939,1329,10,1329,10,0,66,0
111,720,21.600000,0.000000,1,0,1293721944,1329,10,1329,10,0,66,0
111,720,21.600000,0.000000,1,0,1293721950,1329,10,1329,10,0,66,0
111,720,21.600000,0.000000,1,0,1293721955,1329,10,1329,10,0,66,0
111,720,21.600000,0.000000,1,0,1293721961,1329,10,1329,10,0,66,0
111,720,21.600000,0.000000,1,0,1293721967,1329,10,1329,10,0,66,0
111,720,21.600000,0.000000,1,0,1293721972,1329,10,1329,10,0,66,0
111,720,21.600000,0.000000,1,0,1293721978,1329,10,1329,10,0,66,0
111,720,21.600000,0.000000,1,0,1293721984,1329,10,1329,10,0,66,0
111,720,21.600000,0.000000,1,0,1293721989,1329,10,1329,10,0,66,0
111,720,21.600000,0.000000,1,0,1293721995,1329,10,1329,10,0,66,0
111,720,21.600000,0.000000,1,0,1293722000,1329,10,1329,10,0,66,0
111,720,21.600000,0.000000,1,0,1293722006,1329,10,1329,10,0,66,0
111,720,21.600000,0.000000,1,0,1293722012,1331,10,1331,10,0,66,0
111,720,21.600000,0.000000,1,0,1293722018,1334,10,1334,10,0,66,0
111,720,21.600000,0.000000,1,0,1293722024,1339,11,1339,11,0,66,0
111,720,21.600000,0.000000,1,0,1293722029,1343,11,1343,11,0,66,0
111,720,21.600000,0.000000,1,0,1293722035,1350,12,1350,12,0,66,0
111,720,21.600000,0.000000,1,0,1293722041,1356,12,1356,12,0,66,0
111,720,21.600000,0.000000,1,0,1293722046,1360,12,1360,12,0,66,0
111,720,21.600000,0.000000,1,0,1293722052,1363,13,1363,13,0,66,0
111,720,21.600000,0.000000,1,0,1293722058,1364,13,1364,13,0,66,0
111,720,21.600000,0.000000,1,0,1293722063,1364,13,1364,13,0,66,0
111,720,21.600000,0.000000,1,0,1293722069,1364,13,1364,13,0,66,0
111,720,21.600000,0.000000,1,0,1293722074,1364,13,1364,13,0,66,0
111,720,21.600000,0.000000,1,0,1293722080,1364,13,1364,13,0,66,0
111,720,21.600000,0.000000,1,0,1293722086,1363,13,1363,13,0,66,0
111,720,21.600000,0.000000,1,0,1293722092,1361,14,1361,14,0,66,0
111,720,21.600000,0.000000,1,0,1293722097,1358,14,1358,14,0,66,0
111,720,21.600000,0.000000,1,0,1293722103,1356,14,1356,14,0,66,0
111,720,21.600000,0.000000,1,0,1293722108,1354,14,1354,14,0,66,0
111,720,21.600000,0.000000,1,0,1293722114,1351,14,1351,14,0,66,0
111,720,21.600000,0.000000,1,0,1293722119,1348,14,1348,14,0,66,0
111,720,21.600000,0.000000,1,0,1293722125,1347,14,1347,14,0,66,0
111,720,21.600000,0.000000,1,0,1293722131,1347,14,1347,14,0,66,0
111,720,21.600000,0.000000,1,0,1293722136,1346,14,1346,14,0,66,0
111,720,21.600000,0.000000,1,0,1293722142,1345,14,1345,14,0,66,0
111,720,21.600000,0.000000,1,0,1293722147,1345,14,1345,14,0,66,0
111,720,21.600000,0.000000,1,0,1293722153,1345,14,1345,14,0,66,0
111,720,21.600000,0.000000,1,0,1293722159,1345,14,1345,14,0,66,0
111,720,21.600000,0.000000,1,0,1293722165,1345,14,1345,14,0,66,0
111,720,21.600000,0.000000,1,0,1293722170,1345,14,1345,14,0,66,0
111,720,21.600000,0.000000,1,0,1293722176,1345,14,1345,14,0,66,0
111,720,21.600000,0.000000,1,0,1293722182,1345,14,1345,14,0,66,0
111,720,21.600000,0.000000,1,0,1293722187,1345,14,1345,14,0,66,0
111,720,21.600000,0.000000,1,0,1293722192,1344,14,1344,14,0,66,0
111,720,21.600000,0.000000,1,0,1293722198,1344,14,1344,14,0,66,0
111,720,21.600000,0.000000,1,0,1293722204,1344,14,1344,14,0,66,0
111,720,21.600000,0.000000,1,0,1293722209,1343,14,1343,14,0,66,0
111,720,21.600000,0.000000,1,0,1293722215,1343,14,1343,14,0,66,0
111,720,21.600000,0.000000,1,0,1293722220,1342,14,1342,14,0,66,0
111,720,21.600000,0.000000,1,0,1293722226,1341,14,1341,14,0,66,0
111,720,21.600000,0.000000,1,0,1293722232,1341,14,1341,14,0,66,0
111,720,21.600000,0.000000,1,0,1293722237,1340,14,1340,14,0,66,0
111,720,21.600000,0.000000,1,0,1293722243,1340,13,1340,13,0,66,0
111,720,21.600000,0.000000,1,0,1293722248,1339,13,1339,13,0,66,0
111,720,21.600000,0.000000,1,0,1293722253,1338,13,1338,13,0,66,0
111,720,21.600000,0.000000,1,0,1293722259,1337,13,1337,13,0,66,0
111,720,21.600000,0.000000,1,0,1293722265,1337,13,1337,13,0,66,0
111,720,21.600000,0.000000,1,0,1293722271,1337,13,1337,13,0,66,0
111,720,21.600000,0.000000,1,0,1293722277,1336,13,1336,13,0,66,0
111,720,21.600000,0.000000,1,0,1293722283,1336,13,1336,13,0,66,0
111,720,21.600000,0.000000,1,0,1293722289,1336,13,1336,13,0,66,0
111,720,21.600000,0.000000,1,0,1293722294,1335,13,1335,13,0,66,0
111,720,21.600000,0.000000,1,0,1293722300,1335,13,1335,13,0,66,0
111,720,21.600000,0.000000,1,0,1293722305,1334,13,1334,13,0,66,0
111,720,21.600000,0.000000,1,0,1293722311,1333,12,1333,12,0,66,0
111,720,21.600000,0.000000,1,0,1293722317,1330,12,1330,12,0,66,0
111,720,21.600000,0.000000,1,0,1293722323,1327,12,1327,12,0,66,0
111,720,21.600000,0.000000,1,0,1293722328,1324,12,1324,12,0,66,0
111,720,21.600000,0.000000,1,0,1293722334,1322,12,1322,12,0,66,0
111,720,21.600000,0.000000,1,0,1293722340,1320,13,1320,13,0,66,0
111,720,21.600000,0.000000,1,0,1293722345,1319,13,1319,13,0,66,0
111,720,21.600000,0.000000,1,0,1293722351,1318,13,1318,13,0,66,0
111,720,21.600000,0.000000,1,0,1293722357,1317,13,1317,13,0,66,0
111,720,21.600000,0.000000,1,0,1293722362,1316,13,1316,13,0,66,0
111,720,21.600000,0.000000,1,0,1293722367,1316,13,1316,13,0,66,0
111,720,21.600000,0.000000,1,0,1293722373,1316,13,1316,13,0,66,0
111,720,21.600000,0.000000,1,0,1293722379,1316,13,1316,13,0,66,0
111,720,21.600000,0.000000,1,0,1293722384,1316,13,1316,13,0,66,0
111,720,21.600000,0.000000,1,0,1293722390,1316,13,1316,13,0,66,0
111,720,21.600000,0.000000,1,0,1293722395,1316,13,1316,13,0,66,0
111,720,21.600000,0.000000,1,0,1293722401,1316,13,1316,13,0,66,0
111,720,21.600000,0.000000,1,0,1293722406,1316,13,1316,13,0,66,0
111,720,21.600000,0.000000,1,0,1293722412,1316,13,1316,13,0,66,0
111,720,21.600000,0.000000,1,0,1293722423,1316,13,1316,13,0,66,0
