111,720,21.600000,10000.000000,1,3,1294226088,596,16,596,16,0,116,0
111,720,21.600000,10000.000000,1,3,1294226089,596,16,596,16,0,116,0
111,720,21.600000,10000.000000,1,3,1294226095,596,16,596,16,0,116,0
111,720,21.600000,10000.000000,1,3,1294226101,596,16,596,16,0,116,0
111,720,21.600000,10000.000000,1,3,1294226110,596,16,596,16,0,116,0
111,720,21.600000,10000.000000,1,3,1294226116,596,16,596,16,0,116,0
111,720,21.600000,10000.000000,1,3,1294226122,596,16,596,16,0,116,0
111,720,21.600000,10000.000000,1,3,1294226127,597,16,597,16,0,116,0
111,720,21.600000,10000.000000,1,3,1294226133,598,16,598,16,0,116,0
111,720,21.600000,10000.000000,1,3,1294226138,598,16,598,16,0,116,0
111,720,21.600000,10000.000000,1,3,1294226144,599,16,599,16,0,116,0
111,720,21.600000,10000.000000,1,3,1294226149,600,16,600,16,0,116,0
111,720,21.600000,10000.000000,1,3,1294226155,600,16,600,16,0,116,0
111,720,21.600000,10000.000000,1,3,1294226160,600,16,600,16,0,116,0
111,720,21.600000,10000.000000,1,3,1294226166,600,17,600,17,0,116,0
111,720,21.600000,10000.000000,1,3,1294226172,601,18,601,18,0,116,0
111,720,21.600000,10000.000000,1,3,1294226178,605,20,605,20,0,116,0
111,720,21.600000,10000.000000,1,3,1294226184,613,22,613,22,0,116,0
111,720,21.600000,10000.000000,1,3,1294226190,623,24,623,24,0,116,0
111,720,21.600000,10000.000000,1,3,1294226195,640,26,640,26,0,116,0
111,720,21.600000,10000.000000,1,3,1294226201,663,28,663,28,0,116,0
111,720,21.600000,10000.000000,1,3,1294226208,684,29,684,29,0,116,0
111,720,21.600000,10000.000000,1,3,1294226213,727,30,727,30,0,116,0
111,720,21.600000,10000.000000,1,3,1294226219,770,31,770,31,0,116,0
111,720,21.600000,10000.000000,1,3,1294226225,821,32,821,32,0,116,0
111,720,21.600000,10000.000000,1,3,1294226230,872,33,872,33,0,116,0
111,720,21.600000,10000.000000,1,3,1294226236,927,34,927,34,0,116,0
111,720,21.600000,10000.000000,1,3,1294226242,982,34,982,34,0,116,0
111,720,21.600000,10000.000000,1,3,1294226248,1037,35,1037,35,0,116,0
111,720,21.600000,10000.000000,1,3,1294226254,1092,35,1092,35,0,116,0
111,720,21.600000,10000.000000,1,3,1294226260,1143,35,1143,35,0,116,0
111,720,21.600000,10000.000000,1,3,1294226265,1189,36,1189,36,0,116,0
111,720,21.600000,10000.000000,1,3,1294226271,1222,37,1222,37,0,116,0
111,720,21.600000,10000.000000,1,3,1294226277,1251,38,1251,38,0,116,0
111,720,21.600000,10000.000000,1,3,1294226282,1270,38,1270,38,0,116,0
111,720,21.600000,10000.000000,1,3,1294226288,1284,38,1284,38,0,116,0
111,720,21.600000,10000.000000,1,3,1294226293,1295,38,1295,38,0,116,0
111,720,21.600000,10000.000000,1,3,1294226300,1297,38,1297,38,0,116,0
111,720,21.600000,10000.000000,1,3,1294226306,1297,38,1297,38,0,116,0
111,720,21.600000,10000.000000,1,3,1294226311,1294,37,1294,37,0,116,0
111,720,21.600000,10000.000000,1,3,1294226317,1288,35,1288,35,0,116,0
111,720,21.600000,10000.000000,1,3,1294226322,1280,33,1280,33,0,116,0
111,720,21.600000,10000.000000,1,3,1294226328,1273,32,1273,32,0,116,0
111,720,21.600000,10000.000000,1,3,1294226334,1264,31,1264,31,0,116,0
111,720,21.600000,10000.000000,1,3,1294226341,1254,30,1254,30,0,116,0
111,720,21.600000,10000.000000,1,3,1294226347,1245,29,1245,29,0,116,0
111,720,21.600000,10000.000000,1,3,1294226353,1241,29,1241,29,0,116,0
111,720,21.600000,10000.000000,1,3,1294226358,1239,29,1239,29,0,116,0
111,720,21.600000,10000.000000,1,3,1294226364,1239,28,1239,28,0,116,0
111,720,21.600000,10000.000000,1,3,1294226369,1239,27,1239,27,0,116,0
111,720,21.600000,10000.000000,1,3,1294226375,1239,27,1239,27,0,116,0
111,720,21.600000,10000.000000,1,3,1294226381,1239,27,1239,27,0,116,0
111,720,21.600000,10000.000000,1,3,1294226386,1239,27,1239,27,0,116,0
111,720,21.600000,10000.000000,1,3,1294226391,1240,27,1240,27,0,116,0
111,720,21.600000,10000.000000,1,3,1294226397,1241,27,1241,27,0,116,0
111,720,21.600000,10000.000000,1,3,1294226403,1241,27,1241,27,0,116,0
111,720,21.600000,10000.000000,1,3,1294226409,1241,27,1241,27,0,116,0
111,720,21.600000,10000.000000,1,3,1294226415,1241,27,1241,27,0,116,0
111,720,21.600000,10000.000000,1,3,1294226421,1241,26,1241,26,0,116,0
111,720,21.600000,10000.000000,1,3,1294226427,1242,25,1242,25,0,116,0
111,720,21.600000,10000.000000,1,3,1294226433,1242,24,1242,24,0,116,0
111,720,21.600000,10000.000000,1,3,1294226438,1243,23,1243,23,0,116,0
111,720,21.600000,10000.000000,1,3,1294226444,1244,22,1244,22,0,116,0
111,720,21.600000,10000.000000,1,3,1294226449,1245,21,1245,21,0,116,0
111,720,21.600000,10000.000000,1,3,1294226455,1246,20,1246,20,0,116,0
111,720,21.600000,10000.000000,1,3,1294226461,1247,20,1247,20,0,116,0
111,720,21.600000,10000.000000,1,3,1294226467,1248,19,1248,19,0,116,0
111,720,21.600000,10000.000000,1,3,1294226472,1248,19,1248,19,0,116,0
111,720,21.600000,10000.000000,1,3,1294226478,1248,19,1248,19,0,116,0
111,720,21.600000,10000.000000,1,3,1294226483,1248,19,1248,19,0,116,0
111,720,21.600000,10000.000000,1,3,1294226489,1248,19,1248,19,0,116,0
111,720,21.600000,10000.000000,1,3,1294226495,1248,19,1248,19,0,116,0
111,720,21.600000,10000.000000,1,3,1294226500,1248,19,1248,19,0,116,0
111,720,21.600000,10000.000000,1,3,1294226506,1248,19,1248,19,0,116,0
111,720,21.600000,10000.000000,1,3,1294226511,1249,19,1249,19,0,116,0
111,720,21.600000,10000.000000,1,3,1294226517,1250,19,1250,19,0,116,0
111,720,21.600000,10000.000000,1,3,1294226523,1252,19,1252,19,0,116,0
111,720,21.600000,10000.000000,1,3,1294226528,1255,19,1255,19,0,116,0
111,720,21.600000,10000.000000,1,3,1294226534,1260,19,1260,19,0,116,0
111,720,21.600000,10000.000000,1,3,1294226541,1266,19,1266,19,0,116,0
111,720,21.600000,10000.000000,1,3,1294226548,1275,19,1275,19,0,116,0
111,720,21.600000,10000.000000,1,3,1294226554,1284,19,1284,19,0,116,0
111,720,21.600000,10000.000000,1,3,1294226559,1293,19,1293,19,0,116,0
111,720,21.600000,10000.000000,1,3,1294226565,1299,19,1299,19,0,116,0
111,720,21.600000,10000.000000,1,3,1294226570,1304,19,1304,19,0,116,0
111,720,21.600000,10000.000000,1,3,1294226576,1307,19,1307,19,0,116,0
111,720,21.600000,10000.000000,1,3,1294226582,1308,19,1308,19,0,116,0
111,720,21.600000,10000.000000,1,3,1294226587,1310,19,1310,19,0,116,0
111,720,21.600000,10000.000000,1,3,1294226593,1311,19,1311,19,0,116,0
111,720,21.600000,10000.000000,1,3,1294226599,1312,19,1312,19,0,116,0
111,720,21.600000,10000.000000,1,3,1294226604,1312,19,1312,19,0,116,0
111,720,21.600000,10000.000000,1,3,1294226610,1312,19,1312,19,0,116,0
111,720,21.600000,10000.000000,1,3,1294226615,1312,19,1312,19,0,116,0
111,720,21.600000,10000.000000,1,3,1294226621,1312,19,1312,19,0,116,0
111,720,21.600000,10000.000000,1,3,1294226626,1312,19,1312,19,0,116,0
111,720,21.600000,10000.000000,1,3,1294226632,1312,18,1312,18,0,116,0
111,720,21.600000,10000.000000,1,3,1294226637,1311,18,1311,18,0,116,0
111,720,21.600000,10000.000000,1,3,1294226643,1311,17,1311,17,0,116,0
111,720,21.600000,10000.000000,1,3,1294226648,1311,16,1311,16,0,116,0
111,720,21.600000,10000.000000,1,3,1294226654,1311,16,1311,16,0,116,0
111,720,21.600000,10000.000000,1,3,1294226659,1311,16,1311,16,0,116,0
111,720,21.600000,10000.000000,1,3,1294226665,1310,16,1310,16,0,116,0
111,720,21.600000,10000.000000,1,3,1294226670,1310,16,1310,16,0,116,0
111,720,21.600000,10000.000000,1,3,1294226675,1310,16,1310,16,0,116,0
111,720,21.600000,10000.000000,1,3,1294226681,1310,16,1310,16,0,116,0
111,720,21.600000,10000.000000,1,3,1294226687,1310,16,1310,16,0,116,0
111,720,21.600000,10000.000000,1,3,1294226693,1309,16,1309,16,0,116,0
111,720,21.600000,10000.000000,1,3,1294226698,1308,16,1308,16,0,116,0
111,720,21.600000,10000.000000,1,3,1294226704,1307,16,1307,16,0,116,0
111,720,21.600000,10000.000000,1,3,1294226710,1306,17,1306,17,0,116,0
111,720,21.600000,10000.000000,1,3,1294226717,1305,18,1305,18,0,116,0
111,720,21.600000,10000.000000,1,3,1294226723,1305,18,1305,18,0,116,0
111,720,21.600000,10000.000000,1,3,1294226728,1305,18,1305,18,0,116,0
111,720,21.600000,10000.000000,1,3,1294226734,1305,18,1305,18,0,116,0
111,720,21.600000,10000.000000,1,3,1294226740,1305,18,1305,18,0,116,0
111,720,21.600000,10000.000000,1,3,1294226745,1305,18,1305,18,0,116,0
111,720,21.600000,10000.000000,1,3,1294226751,1305,18,1305,18,0,116,0
111,720,21.600000,10000.000000,1,3,1294226757,1306,18,1306,18,0,116,0
111,720,21.600000,10000.000000,1,3,1294226762,1307,17,1307,17,0,116,0
111,720,21.600000,10000.000000,1,3,1294226768,1308,16,1308,16,0,116,0
111,720,21.600000,10000.000000,1,3,1294226775,1309,15,1309,15,0,116,0
111,720,21.600000,10000.000000,1,3,1294226780,1310,14,1310,14,0,116,0
111,720,21.600000,10000.000000,1,3,1294226786,1311,13,1311,13,0,116,0
111,720,21.600000,10000.000000,1,3,1294226791,1311,12,1311,12,0,116,0
111,720,21.600000,10000.000000,1,3,1294226797,1311,11,1311,11,0,116,0
111,720,21.600000,10000.000000,1,3,1294226803,1311,10,1311,10,0,116,0
111,720,21.600000,10000.000000,1,3,1294226809,1311,10,1311,10,0,116,0
111,720,21.600000,10000.000000,1,3,1294226814,1311,10,1311,10,0,116,0
111,720,21.600000,10000.000000,1,3,1294226819,1311,10,1311,10,0,116,0
111,720,21.600000,10000.000000,1,3,1294226825,1311,10,1311,10,0,116,0
111,720,21.600000,10000.000000,1,3,1294226831,1311,10,1311,10,0,116,0
111,720,21.600000,10000.000000,1,3,1294226837,1312,10,1312,10,0,116,0
111,720,21.600000,10000.000000,1,3,1294226842,1313,10,1313,10,0,116,0
111,720,21.600000,10000.000000,1,3,1294226848,1314,10,1314,10,0,116,0
111,720,21.600000,10000.000000,1,3,1294226854,1315,10,1315,10,0,116,0
111,720,21.600000,10000.000000,1,3,1294226859,1316,10,1316,10,0,116,0
111,720,21.600000,10000.000000,1,3,1294226865,1317,10,1317,10,0,116,0
111,720,21.600000,10000.000000,1,3,1294226871,1318,10,1318,10,0,116,0
111,720,21.600000,10000.000000,1,3,1294226878,1320,10,1320,10,0,116,0
111,720,21.600000,10000.000000,1,3,1294226883,1322,9,1322,9,0,116,0
111,720,21.600000,10000.000000,1,3,1294226889,1324,9,1324,9,0,116,0
111,720,21.600000,10000.000000,1,3,1294226895,1325,9,1325,9,0,116,0
111,720,21.600000,10000.000000,1,3,1294226900,1326,8,1326,8,0,116,0
111,720,21.600000,10000.000000,1,3,1294226906,1327,8,1327,8,0,116,0
111,720,21.600000,10000.000000,1,3,1294226912,1328,8,1328,8,0,116,0
111,720,21.600000,10000.000000,1,3,1294226917,1329,8,1329,8,0,116,0
111,720,21.600000,10000.000000,1,3,1294226923,1329,8,1329,8,0,116,0
111,720,21.600000,10000.000000,1,3,1294226929,1329,8,1329,8,0,116,0
111,720,21.600000,10000.000000,1,3,1294226935,1329,8,1329,8,0,116,0
111,720,21.600000,10000.000000,1,3,1294226942,1329,8,1329,8,0,116,0
111,720,21.600000,10000.000000,1,3,1294226947,1329,8,1329,8,0,116,0
111,720,21.600000,10000.000000,1,3,1294226952,1329,8,1329,8,0,116,0
111,720,21.600000,10000.000000,1,3,1294226964,1329,8,1329,8,0,116,0
