100,720,21.600000,0.000000,1,1,867807576,611,0,611,0,0,7,1
100,720,21.600000,0.000000,1,1,867807577,611,0,611,0,0,7,1
100,720,21.600000,0.000000,1,1,867807583,611,0,611,0,0,7,1
100,720,21.600000,0.000000,1,1,867807588,611,0,611,-1,0,7,1
100,720,21.600000,0.000000,1,1,867807594,611,0,611,-2,0,7,1
100,720,21.600000,0.000000,1,1,867807600,611,0,611,-2,0,7,1
100,720,21.600000,0.000000,1,1,867807605,611,0,611,-2,0,7,1
100,720,21.600000,0.000000,1,1,867807611,611,0,611,-2,0,7,1
100,720,21.600000,0.000000,1,1,867807616,611,0,611,-2,0,7,1
100,720,21.600000,0.000000,1,1,867807622,611,0,611,-2,0,7,1
100,720,21.600000,0.000000,1,1,867807628,611,0,611,-2,0,7,1
100,720,21.600000,0.000000,1,1,867807633,611,0,611,-2,0,7,1
100,720,21.600000,0.000000,1,1,867807639,611,0,611,-2,0,7,1
100,720,21.600000,0.000000,1,1,867807644,611,0,611,-2,0,7,1
100,720,21.600000,0.000000,1,1,867807650,611,0,611,-2,0,7,1
100,720,21.600000,0.000000,1,1,867807655,611,0,611,-2,0,7,1
100,720,21.600000,0.000000,1,1,867807661,611,0,611,-2,0,7,1
100,720,21.600000,0.000000,1,1,867807668,611,0,611,-2,0,7,1
100,720,21.600000,0.000000,1,1,867807673,611,0,611,-2,0,7,1
100,720,21.600000,0.000000,1,1,867807679,613,0,613,-3,0,7,1
100,720,21.600000,0.000000,1,1,867807684,620,0,620,-4,0,7,1
100,720,21.600000,0.000000,1,1,867807690,626,0,626,-6,0,7,1
100,720,21.600000,0.000000,1,1,867807696,631,0,631,-7,0,7,1
100,720,21.600000,0.000000,1,1,867807702,646,0,646,-11,0,7,1
100,720,21.600000,0.000000,1,1,867807708,662,0,662,-14,0,7,1
100,720,21.600000,0.000000,1,1,867807713,675,0,675,-16,0,7,1
100,720,21.600000,0.000000,1,1,867807719,696,0,696,-20,0,7,1
100,720,21.600000,0.000000,1,1,867807725,713,0,713,-23,0,7,1
100,720,21.600000,0.000000,1,1,867807730,738,0,738,-26,0,7,1
100,720,21.600000,0.000000,1,1,867807736,765,0,765,-30,0,7,1
100,720,21.600000,0.000000,1,1,867807741,796,0,796,-33,0,7,1
100,720,21.600000,0.000000,1,1,867807747,824,0,824,-36,0,7,1
100,720,21.600000,0.000000,1,1,867807753,858,0,858,-39,0,7,1
100,720,21.600000,0.000000,1,1,867807758,892,0,892,-42,0,7,1
100,720,21.600000,0.000000,1,1,867807764,927,0,927,-44,0,7,1
100,720,21.600000,0.000000,1,1,867807770,964,0,964,-45,0,7,1
100,720,21.600000,0.000000,1,1,867807777,1010,0,1010,-47,0,7,1
100,720,21.600000,0.000000,1,1,867807783,1044,0,1044,-48,0,7,1
100,720,21.600000,0.000000,1,1,867807789,1084,0,1084,-49,0,7,1
100,720,21.600000,0.000000,1,1,867807794,1118,0,1118,-50,0,7,1
100,720,21.600000,0.000000,1,1,867807800,1152,0,1152,-51,0,7,1
100,720,21.600000,0.000000,1,1,867807805,1176,0,1176,-52,0,7,1
100,720,21.600000,0.000000,1,1,867807811,1203,0,1203,-53,0,7,1
100,720,21.600000,0.000000,1,1,867807817,1234,0,1234,-53,0,7,1
100,720,21.600000,0.000000,1,1,867807823,1256,0,1256,-53,0,7,1
100,720,21.600000,0.000000,1,1,867807828,1269,0,1269,-53,0,7,1
100,720,21.600000,0.000000,1,1,867807834,1284,0,1284,-53,0,7,1
100,720,21.600000,0.000000,1,1,867807841,1296,0,1296,-53,0,7,1
100,720,21.600000,0.000000,1,1,867807847,1306,0,1306,-54,0,7,1
100,720,21.600000,0.000000,1,1,867807853,1311,0,1311,-54,0,7,1
100,720,21.600000,0.000000,1,1,867807858,1312,0,1312,-54,0,7,1
100,720,21.600000,0.000000,1,1,867807863,1312,0,1312,-54,0,7,1
100,720,21.600000,0.000000,1,1,867807869,1312,0,1312,-54,0,7,1
100,720,21.600000,0.000000,1,1,867807874,1312,0,1312,-54,0,7,1
100,720,21.600000,0.000000,1,1,867807880,1312,0,1312,-54,0,7,1
100,720,21.600000,0.000000,1,1,867807886,1312,0,1312,-54,0,7,1
100,720,21.600000,0.000000,1,1,867807892,1312,0,1312,-54,0,7,1
100,720,21.600000,0.000000,1,1,867807897,1312,0,1312,-54,0,7,1
100,720,21.600000,0.000000,1,1,867807903,1312,0,1312,-54,0,7,1
100,720,21.600000,0.000000,1,1,867807908,1312,0,1312,-54,0,7,1
100,720,21.600000,0.000000,1,1,867807914,1312,0,1312,-54,0,7,1
100,720,21.600000,0.000000,1,1,867807920,1313,0,1313,-55,0,7,1
100,720,21.600000,0.000000,1,1,867807925,1314,0,1314,-56,0,7,1
100,720,21.600000,0.000000,1,1,867807931,1316,0,1316,-57,0,7,1
100,720,21.600000,0.000000,1,1,867807937,1319,0,1319,-59,0,7,1
100,720,21.600000,0.000000,1,1,867807942,1323,0,1323,-60,0,7,1
100,720,21.600000,0.000000,1,1,867807948,1326,0,1326,-61,0,7,1
100,720,21.600000,0.000000,1,1,867807954,1329,0,1329,-62,0,7,1
100,720,21.600000,0.000000,1,1,867807961,1331,0,1331,-62,0,7,1
100,720,21.600000,0.000000,1,1,867807966,1333,0,1333,-63,0,7,1
100,720,21.600000,0.000000,1,1,867807972,1335,0,1335,-64,0,7,1
100,720,21.600000,0.000000,1,1,867807977,1337,0,1337,-65,0,7,1
100,720,21.600000,0.000000,1,1,867807983,1337,0,1337,-65,0,7,1
100,720,21.600000,0.000000,1,1,867807988,1337,0,1337,-65,0,7,1
100,720,21.600000,0.000000,1,1,867807993,1337,0,1337,-65,0,7,1
100,720,21.600000,0.000000,1,1,867807999,1337,0,1337,-65,0,7,1
100,720,21.600000,0.000000,1,1,867808005,1337,0,1337,-65,0,7,1
100,720,21.600000,0.000000,1,1,867808011,1337,0,1337,-65,0,7,1
100,720,21.600000,0.000000,1,1,867808016,1338,0,1338,-65,0,7,1
100,720,21.600000,0.000000,1,1,867808022,1339,0,1339,-65,0,7,1
100,720,21.600000,0.000000,1,1,867808028,1340,0,1340,-65,0,7,1
100,720,21.600000,0.000000,1,1,867808034,1342,0,1342,-66,0,7,1
100,720,21.600000,0.000000,1,1,867808039,1344,0,1344,-66,0,7,1
100,720,21.600000,0.000000,1,1,867808045,1345,0,1345,-66,0,7,1
100,720,21.600000,0.000000,1,1,867808050,1346,0,1346,-66,0,7,1
100,720,21.600000,0.000000,1,1,867808055,1347,0,1347,-66,0,7,1
100,720,21.600000,0.000000,1,1,867808061,1348,0,1348,-66,0,7,1
100,720,21.600000,0.000000,1,1,867808067,1348,0,1348,-66,0,7,1
100,720,21.600000,0.000000,1,1,867808072,1348,0,1348,-66,0,7,1
100,720,21.600000,0.000000,1,1,867808078,1348,0,1348,-66,0,7,1
100,720,21.600000,0.000000,1,1,867808084,1348,0,1348,-66,0,7,1
100,720,21.600000,0.000000,1,1,867808089,1348,0,1348,-66,0,7,1
100,720,21.600000,0.000000,1,1,867808094,1348,0,1348,-66,0,7,1
100,720,21.600000,0.000000,1,1,867808100,1348,0,1348,-66,0,7,1
100,720,21.600000,0.000000,1,1,867808105,1348,0,1348,-66,0,7,1
100,720,21.600000,0.000000,1,1,867808111,1348,0,1348,-66,0,7,1
100,720,21.600000,0.000000,1,1,867808116,1348,0,1348,-66,0,7,1
100,720,21.600000,0.000000,1,1,867808122,1348,0,1348,-66,0,7,1
100,720,21.600000,0.000000,1,1,867808127,1347,0,1347,-66,0,7,1
100,720,21.600000,0.000000,1,1,867808133,1346,0,1346,-66,0,7,1
100,720,21.600000,0.000000,1,1,867808138,1345,0,1345,-66,0,7,1
100,720,21.600000,0.000000,1,1,867808144,1343,0,1343,-66,0,7,1
100,720,21.600000,0.000000,1,1,867808150,1340,0,1340,-66,0,7,1
100,720,21.600000,0.000000,1,1,867808156,1337,0,1337,-66,0,7,1
100,720,21.600000,0.000000,1,1,867808162,1334,0,1334,-66,0,7,1
100,720,21.600000,0.000000,1,1,867808168,1327,0,1327,-66,0,7,1
100,720,21.600000,0.000000,1,1,867808173,1324,0,1324,-66,0,7,1
100,720,21.600000,0.000000,1,1,867808179,1321,0,1321,-66,0,7,1
100,720,21.600000,0.000000,1,1,867808184,1318,0,1318,-66,0,7,1
100,720,21.600000,0.000000,1,1,867808190,1316,0,1316,-66,0,7,1
100,720,21.600000,0.000000,1,1,867808195,1315,0,1315,-66,0,7,1
100,720,21.600000,0.000000,1,1,867808201,1314,0,1314,-66,0,7,1
100,720,21.600000,0.000000,1,1,867808207,1313,0,1313,-66,0,7,1
100,720,21.600000,0.000000,1,1,867808213,1312,0,1312,-66,0,7,1
100,720,21.600000,0.000000,1,1,867808218,1312,0,1312,-66,0,7,1
100,720,21.600000,0.000000,1,1,867808224,1312,0,1312,-66,0,7,1
100,720,21.600000,0.000000,1,1,867808230,1312,0,1312,-66,0,7,1
100,720,21.600000,0.000000,1,1,867808235,1312,0,1312,-66,0,7,1
100,720,21.600000,0.000000,1,1,867808240,1312,0,1312,-66,0,7,1
100,720,21.600000,0.000000,1,1,867808246,1312,0,1312,-66,0,7,1
100,720,21.600000,0.000000,1,1,867808252,1312,0,1312,-66,0,7,1
100,720,21.600000,0.000000,1,1,867808257,1312,0,1312,-66,0,7,1
100,720,21.600000,0.000000,1,1,867808263,1312,0,1312,-66,0,7,1
100,720,21.600000,0.000000,1,1,867808268,1312,0,1312,-66,0,7,1
100,720,21.600000,0.000000,1,1,867808274,1312,0,1312,-66,0,7,1
100,720,21.600000,0.000000,1,1,867808280,1312,0,1312,-66,0,7,1
100,720,21.600000,0.000000,1,1,867808285,1312,0,1312,-66,0,7,1
100,720,21.600000,0.000000,1,1,867808291,1312,0,1312,-66,0,7,1
100,720,21.600000,0.000000,1,1,867808296,1312,0,1312,-66,0,7,1
100,720,21.600000,0.000000,1,1,867808302,1312,0,1312,-66,0,7,1
100,720,21.600000,0.000000,1,1,867808313,1312,0,1312,-66,0,7,1
