100,720,21.600000,0.000000,1,1,867797530,604,7,604,7,0,5,1
100,720,21.600000,0.000000,1,1,867797531,604,7,604,7,0,5,1
100,720,21.600000,0.000000,1,1,867797537,604,6,604,6,0,5,1
100,720,21.600000,0.000000,1,1,867797543,604,5,604,5,0,5,1
100,720,21.600000,0.000000,1,1,867797548,604,5,604,5,0,5,1
100,720,21.600000,0.000000,1,1,867797554,604,5,604,5,0,5,1
100,720,21.600000,0.000000,1,1,867797559,604,5,604,5,0,5,1
100,720,21.600000,0.000000,1,1,867797565,604,5,604,5,0,5,1
100,720,21.600000,0.000000,1,1,867797570,604,5,604,5,0,5,1
100,720,21.600000,0.000000,1,1,867797575,604,5,604,5,0,5,1
100,720,21.600000,0.000000,1,1,867797581,604,5,604,5,0,5,1
100,720,21.600000,0.000000,1,1,867797586,604,5,604,5,0,5,1
100,720,21.600000,0.000000,1,1,867797592,604,5,604,5,0,5,1
100,720,21.600000,0.000000,1,1,867797598,604,5,604,5,0,5,1
100,720,21.600000,0.000000,1,1,867797605,604,5,604,5,0,5,1
100,720,21.600000,0.000000,1,1,867797611,609,3,609,3,0,5,1
100,720,21.600000,0.000000,1,1,867797617,615,0,615,0,0,5,1
100,720,21.600000,0.000000,1,1,867797623,621,0,621,-1,0,5,1
100,720,21.600000,0.000000,1,1,867797628,631,0,631,-2,0,5,1
100,720,21.600000,0.000000,1,1,867797635,642,0,642,-3,0,5,1
100,720,21.600000,0.000000,1,1,867797641,665,0,665,-4,0,5,1
100,720,21.600000,0.000000,1,1,867797646,689,0,689,-4,0,5,1
100,720,21.600000,0.000000,1,1,867797652,711,0,711,-5,0,5,1
100,720,21.600000,0.000000,1,1,867797658,737,0,737,-5,0,5,1
100,720,21.600000,0.000000,1,1,867797663,765,0,765,-6,0,5,1
100,720,21.600000,0.000000,1,1,867797669,799,0,799,-6,0,5,1
100,720,21.600000,0.000000,1,1,867797674,825,0,825,-7,0,5,1
100,720,21.600000,0.000000,1,1,867797680,867,0,867,-8,0,5,1
100,720,21.600000,0.000000,1,1,867797686,910,0,910,-9,0,5,1
100,720,21.600000,0.000000,1,1,867797691,956,0,956,-10,0,5,1
100,720,21.600000,0.000000,1,1,867797696,1003,0,1003,-11,0,5,1
100,720,21.600000,0.000000,1,1,867797702,1033,0,1033,-12,0,5,1
100,720,21.600000,0.000000,1,1,867797708,1076,0,1076,-13,0,5,1
100,720,21.600000,0.000000,1,1,867797715,1127,0,1127,-14,0,5,1
100,720,21.600000,0.000000,1,1,867797721,1169,0,1169,-15,0,5,1
100,720,21.600000,0.000000,1,1,867797726,1195,0,1195,-15,0,5,1
100,720,21.600000,0.000000,1,1,867797732,1229,0,1229,-15,0,5,1
100,720,21.600000,0.000000,1,1,867797738,1256,0,1256,-16,0,5,1
100,720,21.600000,0.000000,1,1,867797743,1274,0,1274,-16,0,5,1
100,720,21.600000,0.000000,1,1,867797749,1288,0,1288,-16,0,5,1
100,720,21.600000,0.000000,1,1,867797755,1297,0,1297,-16,0,5,1
100,720,21.600000,0.000000,1,1,867797760,1301,0,1301,-16,0,5,1
100,720,21.600000,0.000000,1,1,867797766,1302,0,1302,-16,0,5,1
100,720,21.600000,0.000000,1,1,867797772,1303,0,1303,-16,0,5,1
100,720,21.600000,0.000000,1,1,867797778,1304,0,1304,-16,0,5,1
100,720,21.600000,0.000000,1,1,867797785,1304,0,1304,-16,0,5,1
100,720,21.600000,0.000000,1,1,867797791,1303,0,1303,-16,0,5,1
100,720,21.600000,0.000000,1,1,867797798,1302,0,1302,-16,0,5,1
100,720,21.600000,0.000000,1,1,867797804,1301,0,1301,-16,0,5,1
100,720,21.600000,0.000000,1,1,867797809,1299,0,1299,-16,0,5,1
100,720,21.600000,0.000000,1,1,867797815,1299,0,1299,-16,0,5,1
100,720,21.600000,0.000000,1,1,867797822,1298,0,1298,-16,0,5,1
100,720,21.600000,0.000000,1,1,867797828,1297,0,1297,-16,0,5,1
100,720,21.600000,0.000000,1,1,867797835,1297,0,1297,-16,0,5,1
100,720,21.600000,0.000000,1,1,867797841,1297,0,1297,-16,0,5,1
100,720,21.600000,0.000000,1,1,867797847,1296,0,1296,-16,0,5,1
100,720,21.600000,0.000000,1,1,867797852,1295,0,1295,-16,0,5,1
100,720,21.600000,0.000000,1,1,867797858,1294,0,1294,-16,0,5,1
100,720,21.600000,0.000000,1,1,867797864,1294,0,1294,-16,0,5,1
100,720,21.600000,0.000000,1,1,867797870,1294,0,1294,-17,0,5,1
100,720,21.600000,0.000000,1,1,867797875,1294,0,1294,-18,0,5,1
100,720,21.600000,0.000000,1,1,867797880,1293,0,1293,-18,0,5,1
100,720,21.600000,0.000000,1,1,867797886,1292,0,1292,-18,0,5,1
100,720,21.600000,0.000000,1,1,867797892,1291,0,1291,-18,0,5,1
100,720,21.600000,0.000000,1,1,867797897,1291,0,1291,-18,0,5,1
100,720,21.600000,0.000000,1,1,867797903,1291,0,1291,-18,0,5,1
100,720,21.600000,0.000000,1,1,867797909,1291,0,1291,-18,0,5,1
100,720,21.600000,0.000000,1,1,867797914,1291,0,1291,-18,0,5,1
100,720,21.600000,0.000000,1,1,867797920,1291,0,1291,-18,0,5,1
100,720,21.600000,0.000000,1,1,867797925,1291,0,1291,-18,0,5,1
100,720,21.600000,0.000000,1,1,867797931,1291,0,1291,-18,0,5,1
100,720,21.600000,0.000000,1,1,867797938,1291,0,1291,-18,0,5,1
100,720,21.600000,0.000000,1,1,867797944,1291,0,1291,-18,0,5,1
100,720,21.600000,0.000000,1,1,867797950,1291,0,1291,-18,0,5,1
100,720,21.600000,0.000000,1,1,867797955,1291,0,1291,-19,0,5,1
100,720,21.600000,0.000000,1,1,867797961,1293,0,1293,-20,0,5,1
100,720,21.600000,0.000000,1,1,867797968,1295,0,1295,-21,0,5,1
100,720,21.600000,0.000000,1,1,867797974,1298,0,1298,-23,0,5,1
100,720,21.600000,0.000000,1,1,867797980,1300,0,1300,-24,0,5,1
100,720,21.600000,0.000000,1,1,867797986,1303,0,1303,-25,0,5,1
100,720,21.600000,0.000000,1,1,867797992,1304,0,1304,-26,0,5,1
100,720,21.600000,0.000000,1,1,867797998,1305,0,1305,-26,0,5,1
100,720,21.600000,0.000000,1,1,867798003,1306,0,1306,-26,0,5,1
100,720,21.600000,0.000000,1,1,867798008,1307,0,1307,-27,0,5,1
100,720,21.600000,0.000000,1,1,867798014,1307,0,1307,-27,0,5,1
100,720,21.600000,0.000000,1,1,867798019,1307,0,1307,-27,0,5,1
100,720,21.600000,0.000000,1,1,867798025,1307,0,1307,-27,0,5,1
100,720,21.600000,0.000000,1,1,867798030,1307,0,1307,-27,0,5,1
100,720,21.600000,0.000000,1,1,867798036,1307,0,1307,-27,0,5,1
100,720,21.600000,0.000000,1,1,867798043,1307,0,1307,-27,0,5,1
100,720,21.600000,0.000000,1,1,867798049,1307,0,1307,-27,0,5,1
100,720,21.600000,0.000000,1,1,867798054,1307,0,1307,-27,0,5,1
100,720,21.600000,0.000000,1,1,867798060,1307,0,1307,-27,0,5,1
100,720,21.600000,0.000000,1,1,867798065,1307,0,1307,-27,0,5,1
100,720,21.600000,0.000000,1,1,867798070,1307,0,1307,-27,0,5,1
100,720,21.600000,0.000000,1,1,867798076,1307,0,1307,-27,0,5,1
100,720,21.600000,0.000000,1,1,867798082,1307,0,1307,-27,0,5,1
100,720,21.600000,0.000000,1,1,867798087,1307,0,1307,-27,0,5,1
100,720,21.600000,0.000000,1,1,867798093,1307,0,1307,-27,0,5,1
100,720,21.600000,0.000000,1,1,867798099,1307,0,1307,-27,0,5,1
100,720,21.600000,0.000000,1,1,867798104,1307,0,1307,-27,0,5,1
100,720,21.600000,0.000000,1,1,867798110,1307,0,1307,-27,0,5,1
100,720,21.600000,0.000000,1,1,867798115,1307,0,1307,-27,0,5,1
100,720,21.600000,0.000000,1,1,867798121,1307,0,1307,-27,0,5,1
100,720,21.600000,0.000000,1,1,867798126,1307,0,1307,-27,0,5,1
100,720,21.600000,0.000000,1,1,867798131,1307,0,1307,-27,0,5,1
100,720,21.600000,0.000000,1,1,867798137,1307,0,1307,-27,0,5,1
100,720,21.600000,0.000000,1,1,867798142,1307,0,1307,-27,0,5,1
100,720,21.600000,0.000000,1,1,867798149,1307,0,1307,-27,0,5,1
100,720,21.600000,0.000000,1,1,867798154,1307,0,1307,-27,0,5,1
100,720,21.600000,0.000000,1,1,867798160,1307,0,1307,-27,0,5,1
100,720,21.600000,0.000000,1,1,867798165,1307,0,1307,-27,0,5,1
100,720,21.600000,0.000000,1,1,867798171,1307,0,1307,-28,0,5,1
100,720,21.600000,0.000000,1,1,867798176,1307,0,1307,-29,0,5,1
100,720,21.600000,0.000000,1,1,867798182,1307,0,1307,-29,0,5,1
100,720,21.600000,0.000000,1,1,867798187,1307,0,1307,-29,0,5,1
100,720,21.600000,0.000000,1,1,867798193,1307,0,1307,-29,0,5,1
100,720,21.600000,0.000000,1,1,867798198,1307,0,1307,-29,0,5,1
100,720,21.600000,0.000000,1,1,867798204,1307,0,1307,-29,0,5,1
100,720,21.600000,0.000000,1,1,867798210,1307,0,1307,-29,0,5,1
100,720,21.600000,0.000000,1,1,867798215,1307,0,1307,-29,0,5,1
100,720,21.600000,0.000000,1,1,867798226,1307,0,1307,-29,1,5,1
