101,720,21.600000,0.000000,0,1,868693238,599,6,599,6,1,38,2
101,720,21.600000,0.000000,0,1,868693240,599,6,599,6,1,38,2
101,720,21.600000,0.000000,0,1,868693245,599,6,599,6,1,38,2
101,720,21.600000,0.000000,0,1,868693250,599,6,599,6,1,38,2
101,720,21.600000,0.000000,0,1,868693256,599,6,599,6,1,38,2
101,720,21.600000,0.000000,0,1,868693262,599,6,599,6,1,38,2
101,720,21.600000,0.000000,0,1,868693267,599,5,599,5,1,38,2
101,720,21.600000,0.000000,0,1,868693273,599,4,599,4,1,38,2
101,720,21.600000,0.000000,0,1,868693278,599,3,599,3,1,38,2
101,720,21.600000,0.000000,0,1,868693283,599,2,599,2,1,38,2
101,720,21.600000,0.000000,0,1,868693289,600,2,600,2,1,38,2
101,720,21.600000,0.000000,0,1,868693294,601,2,601,2,1,38,2
101,720,21.600000,0.000000,0,1,868693300,602,2,602,2,1,38,2
101,720,21.600000,0.000000,0,1,868693305,605,3,605,3,1,38,2
101,720,21.600000,0.000000,0,1,868693311,611,5,611,5,1,38,2
101,720,21.600000,0.000000,0,1,868693317,619,7,619,7,1,38,2
101,720,21.600000,0.000000,0,1,868693323,634,9,634,9,1,38,2
101,720,21.600000,0.000000,0,1,868693328,648,12,648,12,1,38,2
101,720,21.600000,0.000000,0,1,868693334,665,15,665,15,1,38,2
101,720,21.600000,0.000000,0,1,868693340,687,18,687,18,1,38,2
101,720,21.600000,0.000000,0,1,868693346,712,21,712,21,1,38,2
101,720,21.600000,0.000000,0,1,868693351,739,23,739,23,1,38,2
101,720,21.600000,0.000000,0,1,868693357,773,27,773,27,1,38,2
101,720,21.600000,0.000000,0,1,868693363,808,30,808,30,1,38,2
101,720,21.600000,0.000000,0,1,868693368,849,32,849,32,1,38,2
101,720,21.600000,0.000000,0,1,868693375,883,33,883,33,1,38,2
101,720,21.600000,0.000000,0,1,868693380,933,34,933,34,1,38,2
101,720,21.600000,0.000000,0,1,868693386,969,34,969,34,1,38,2
101,720,21.600000,0.000000,0,1,868693392,1013,34,1013,34,1,38,2
101,720,21.600000,0.000000,0,1,868693397,1055,34,1055,34,1,38,2
101,720,21.600000,0.000000,0,1,868693403,1089,34,1089,34,1,38,2
101,720,21.600000,0.000000,0,1,868693408,1114,34,1114,34,1,38,2
101,720,21.600000,0.000000,0,1,868693414,1147,33,1147,33,1,38,2
101,720,21.600000,0.000000,0,1,868693420,1179,32,1179,32,1,38,2
101,720,21.600000,0.000000,0,1,868693425,1203,30,1203,30,1,38,2
101,720,21.600000,0.000000,0,1,868693431,1226,28,1226,28,1,38,2
101,720,21.600000,0.000000,0,1,868693437,1248,26,1248,26,1,38,2
101,720,21.600000,0.000000,0,1,868693442,1269,24,1269,24,1,38,2
101,720,21.600000,0.000000,0,1,868693448,1286,22,1286,22,1,38,2
101,720,21.600000,0.000000,0,1,868693453,1297,20,1297,20,1,38,2
101,720,21.600000,0.000000,0,1,868693459,1307,19,1307,19,1,38,2
101,720,21.600000,0.000000,0,1,868693465,1311,18,1311,18,1,38,2
101,720,21.600000,0.000000,0,1,868693470,1315,17,1315,17,1,38,2
101,720,21.600000,0.000000,0,1,868693476,1316,16,1316,16,1,38,2
101,720,21.600000,0.000000,0,1,868693482,1317,15,1317,15,1,38,2
101,720,21.600000,0.000000,0,1,868693488,1317,14,1317,14,1,38,2
101,720,21.600000,0.000000,0,1,868693494,1316,14,1316,14,1,38,2
101,720,21.600000,0.000000,0,1,868693499,1315,14,1315,14,1,38,2
101,720,21.600000,0.000000,0,1,868693505,1314,14,1314,14,1,38,2
101,720,21.600000,0.000000,0,1,868693511,1313,14,1313,14,1,38,2
101,720,21.600000,0.000000,0,1,868693517,1312,14,1312,14,1,38,2
101,720,21.600000,0.000000,0,1,868693522,1312,14,1312,14,1,38,2
101,720,21.600000,0.000000,0,1,868693527,1312,14,1312,14,1,38,2
101,720,21.600000,0.000000,0,1,868693533,1313,14,1313,14,1,38,2
101,720,21.600000,0.000000,0,1,868693538,1314,14,1314,14,1,38,2
101,720,21.600000,0.000000,0,1,868693544,1315,14,1315,14,1,38,2
101,720,21.600000,0.000000,0,1,868693550,1316,14,1316,14,1,38,2
101,720,21.600000,0.000000,0,1,868693555,1316,14,1316,14,1,38,2
101,720,21.600000,0.000000,0,1,868693560,1316,14,1316,14,1,38,2
101,720,21.600000,0.000000,0,1,868693566,1316,14,1316,14,1,38,2
101,720,21.600000,0.000000,0,1,868693572,1316,14,1316,14,1,38,2
101,720,21.600000,0.000000,0,1,868693577,1316,14,1316,14,1,38,2
101,720,21.600000,0.000000,0,1,868693583,1316,14,1316,14,1,38,2
101,720,21.600000,0.000000,0,1,868693588,1316,14,1316,14,1,38,2
101,720,21.600000,0.000000,0,1,868693595,1316,14,1316,14,1,38,2
101,720,21.600000,0.000000,0,1,868693600,1316,14,1316,14,1,38,2
101,720,21.600000,0.000000,0,1,868693606,1316,14,1316,14,1,38,2
101,720,21.600000,0.000000,0,1,868693612,1316,14,1316,14,1,38,2
101,720,21.600000,0.000000,0,1,868693616,1316,14,1316,14,1,38,2
101,720,21.600000,0.000000,0,1,868693622,1316,14,1316,14,1,38,2
101,720,21.600000,0.000000,0,1,868693627,1316,14,1316,14,1,38,2
101,720,21.600000,0.000000,0,1,868693633,1316,14,1316,14,1,38,2
101,720,21.600000,0.000000,0,1,868693638,1316,14,1316,14,1,38,2
101,720,21.600000,0.000000,0,1,868693644,1316,14,1316,14,1,38,2
101,720,21.600000,0.000000,0,1,868693649,1316,14,1316,14,1,38,2
101,720,21.600000,0.000000,0,1,868693655,1316,14,1316,14,1,38,2
101,720,21.600000,0.000000,0,1,868693660,1316,14,1316,14,1,38,2
101,720,21.600000,0.000000,0,1,868693666,1316,14,1316,14,1,38,2
101,720,21.600000,0.000000,0,1,868693672,1316,14,1316,14,1,38,2
101,720,21.600000,0.000000,0,1,868693677,1316,14,1316,14,1,38,2
101,720,21.600000,0.000000,0,1,868693682,1316,14,1316,14,1,38,2
101,720,21.600000,0.000000,0,1,868693688,1316,14,1316,14,1,38,2
101,720,21.600000,0.000000,0,1,868693693,1316,13,1316,13,1,38,2
101,720,21.600000,0.000000,0,1,868693699,1316,12,1316,12,1,38,2
101,720,21.600000,0.000000,0,1,868693705,1316,12,1316,12,1,38,2
101,720,21.600000,0.000000,0,1,868693711,1316,12,1316,12,1,38,2
101,720,21.600000,0.000000,0,1,868693716,1316,12,1316,12,1,38,2
101,720,21.600000,0.000000,0,1,868693722,1316,12,1316,12,1,38,2
101,720,21.600000,0.000000,0,1,868693728,1316,12,1316,12,1,38,2
101,720,21.600000,0.000000,0,1,868693738,1316,12,1316,12,0,38,2
