101,720,21.600000,0.000000,1,0,868516318,600,0,600,0,0,45,2
101,720,21.600000,0.000000,1,0,868516319,600,0,600,0,0,45,2
101,720,21.600000,0.000000,1,0,868516327,600,0,600,0,0,45,2
101,720,21.600000,0.000000,1,0,868516332,600,0,600,0,0,45,2
101,720,21.600000,0.000000,1,0,868516337,600,0,600,-1,0,45,2
101,720,21.600000,0.000000,1,0,868516346,600,0,600,-1,0,45,2
101,720,21.600000,0.000000,1,0,868516352,600,0,600,-1,0,45,2
101,720,21.600000,0.000000,1,0,868516358,601,0,601,-1,0,45,2
101,720,21.600000,0.000000,1,0,868516363,602,0,602,-2,0,45,2
101,720,21.600000,0.000000,1,0,868516369,605,0,605,-4,0,45,2
101,720,21.600000,0.000000,1,0,868516375,609,0,609,-6,0,45,2
101,720,21.600000,0.000000,1,0,868516381,614,0,614,-8,0,45,2
101,720,21.600000,0.000000,1,0,868516387,620,0,620,-11,0,45,2
101,720,21.600000,0.000000,1,0,868516396,630,0,630,-15,0,45,2
101,720,21.600000,0.000000,1,0,868516401,649,0,649,-19,0,45,2
101,720,21.600000,0.000000,1,0,868516411,665,0,665,-22,0,45,2
101,720,21.600000,0.000000,1,0,868516417,700,0,700,-28,0,45,2
101,720,21.600000,0.000000,1,0,868516423,722,0,722,-31,0,45,2
101,720,21.600000,0.000000,1,0,868516429,745,0,745,-34,0,45,2
101,720,21.600000,0.000000,1,0,868516435,772,0,772,-38,0,45,2
101,720,21.600000,0.000000,1,0,868516441,798,0,798,-42,0,45,2
101,720,21.600000,0.000000,1,0,868516447,832,0,832,-47,0,45,2
101,720,21.600000,0.000000,1,0,868516453,858,0,858,-50,0,45,2
101,720,21.600000,0.000000,1,0,868516462,900,0,900,-56,0,45,2
101,720,21.600000,0.000000,1,0,868516468,984,0,984,-67,0,45,2
101,720,21.600000,0.000000,1,0,868516474,1018,0,1018,-72,0,45,2
101,720,21.600000,0.000000,1,0,868516480,1061,0,1061,-77,0,45,2
101,720,21.600000,0.000000,1,0,868516486,1095,0,1095,-81,0,45,2
101,720,21.600000,0.000000,1,0,868516496,1129,0,1129,-85,0,45,2
101,720,21.600000,0.000000,1,0,868516502,1205,0,1205,-96,0,45,2
101,720,21.600000,0.000000,1,0,868516508,1239,0,1239,-102,0,45,2
101,720,21.600000,0.000000,1,0,868516513,1273,0,1273,-107,0,45,2
101,720,21.600000,0.000000,1,0,868516522,1302,0,1302,-112,0,45,2
101,720,21.600000,0.000000,1,0,868516528,1341,0,1341,-120,0,45,2
101,720,21.600000,0.000000,1,0,868516534,1358,0,1358,-123,0,45,2
101,720,21.600000,0.000000,1,0,868516539,1375,0,1375,-127,0,45,2
101,720,21.600000,0.000000,1,0,868516545,1385,0,1385,-130,0,45,2
101,720,21.600000,0.000000,1,0,868516551,1392,0,1392,-132,0,45,2
101,720,21.600000,0.000000,1,0,868516557,1394,0,1394,-132,0,45,2
101,720,21.600000,0.000000,1,0,868516563,1394,0,1394,-132,0,45,2
101,720,21.600000,0.000000,1,0,868516568,1394,0,1394,-132,0,45,2
101,720,21.600000,0.000000,1,0,868516574,1394,0,1394,-132,0,45,2
101,720,21.600000,0.000000,1,0,868516580,1394,0,1394,-132,0,45,2
101,720,21.600000,0.000000,1,0,868516585,1393,0,1393,-132,0,45,2
101,720,21.600000,0.000000,1,0,868516591,1391,0,1391,-132,0,45,2
101,720,21.600000,0.000000,1,0,868516596,1390,0,1390,-132,0,45,2
101,720,21.600000,0.000000,1,0,868516602,1389,0,1389,-132,0,45,2
101,720,21.600000,0.000000,1,0,868516608,1388,0,1388,-132,0,45,2
101,720,21.600000,0.000000,1,0,868516614,1387,0,1387,-132,0,45,2
101,720,21.600000,0.000000,1,0,868516620,1386,0,1386,-132,0,45,2
101,720,21.600000,0.000000,1,0,868516626,1385,0,1385,-132,0,45,2
101,720,21.600000,0.000000,1,0,868516632,1384,0,1384,-132,0,45,2
101,720,21.600000,0.000000,1,0,868516638,1383,0,1383,-132,0,45,2
101,720,21.600000,0.000000,1,0,868516644,1383,0,1383,-132,0,45,2
101,720,21.600000,0.000000,1,0,868516649,1382,0,1382,-132,0,45,2
101,720,21.600000,0.000000,1,0,868516655,1381,0,1381,-132,0,45,2
101,720,21.600000,0.000000,1,0,868516661,1381,0,1381,-132,0,45,2
101,720,21.600000,0.000000,1,0,868516667,1381,0,1381,-132,0,45,2
101,720,21.600000,0.000000,1,0,868516672,1381,0,1381,-132,0,45,2
101,720,21.600000,0.000000,1,0,868516678,1381,0,1381,-132,0,45,2
101,720,21.600000,0.000000,1,0,868516684,1381,0,1381,-132,0,45,2
101,720,21.600000,0.000000,1,0,868516690,1381,0,1381,-132,0,45,2
101,720,21.600000,0.000000,1,0,868516695,1381,0,1381,-132,0,45,2
101,720,21.600000,0.000000,1,0,868516701,1381,0,1381,-132,0,45,2
101,720,21.600000,0.000000,1,0,868516706,1381,0,1381,-132,0,45,2
101,720,21.600000,0.000000,1,0,868516712,1380,0,1380,-132,0,45,2
101,720,21.600000,0.000000,1,0,868516719,1379,0,1379,-132,0,45,2
101,720,21.600000,0.000000,1,0,868516725,1377,0,1377,-132,0,45,2
101,720,21.600000,0.000000,1,0,868516731,1375,0,1375,-132,0,45,2
101,720,21.600000,0.000000,1,0,868516737,1374,0,1374,-132,0,45,2
101,720,21.600000,0.000000,1,0,868516743,1372,0,1372,-132,0,45,2
101,720,21.600000,0.000000,1,0,868516749,1369,0,1369,-132,0,45,2
101,720,21.600000,0.000000,1,0,868516755,1366,0,1366,-132,0,45,2
101,720,21.600000,0.000000,1,0,868516760,1361,0,1361,-132,0,45,2
101,720,21.600000,0.000000,1,0,868516766,1357,0,1357,-132,0,45,2
101,720,21.600000,0.000000,1,0,868516772,1353,0,1353,-132,0,45,2
101,720,21.600000,0.000000,1,0,868516779,1347,0,1347,-132,0,45,2
101,720,21.600000,0.000000,1,0,868516785,1340,0,1340,-132,0,45,2
101,720,21.600000,0.000000,1,0,868516791,1338,0,1338,-132,0,45,2
101,720,21.600000,0.000000,1,0,868516797,1335,0,1335,-132,0,45,2
101,720,21.600000,0.000000,1,0,868516803,1334,0,1334,-132,0,45,2
101,720,21.600000,0.000000,1,0,868516808,1333,0,1333,-132,0,45,2
101,720,21.600000,0.000000,1,0,868516814,1332,0,1332,-132,0,45,2
101,720,21.600000,0.000000,1,0,868516819,1331,0,1331,-133,0,45,2
101,720,21.600000,0.000000,1,0,868516825,1330,0,1330,-133,0,45,2
101,720,21.600000,0.000000,1,0,868516830,1329,0,1329,-133,0,45,2
101,720,21.600000,0.000000,1,0,868516836,1328,0,1328,-133,0,45,2
101,720,21.600000,0.000000,1,0,868516842,1327,0,1327,-133,0,45,2
101,720,21.600000,0.000000,1,0,868516848,1327,0,1327,-133,0,45,2
101,720,21.600000,0.000000,1,0,868516854,1327,0,1327,-133,0,45,2
101,720,21.600000,0.000000,1,0,868516860,1327,0,1327,-133,0,45,2
101,720,21.600000,0.000000,1,0,868516865,1327,0,1327,-133,0,45,2
101,720,21.600000,0.000000,1,0,868516871,1327,0,1327,-133,0,45,2
101,720,21.600000,0.000000,1,0,868516877,1326,0,1326,-133,0,45,2
101,720,21.600000,0.000000,1,0,868516882,1325,0,1325,-133,0,45,2
101,720,21.600000,0.000000,1,0,868516888,1324,0,1324,-133,0,45,2
101,720,21.600000,0.000000,1,0,868516893,1324,0,1324,-133,0,45,2
101,720,21.600000,0.000000,1,0,868516898,1324,0,1324,-133,0,45,2
101,720,21.600000,0.000000,1,0,868516904,1324,0,1324,-133,0,45,2
101,720,21.600000,0.000000,1,0,868516910,1324,0,1324,-133,0,45,2
101,720,21.600000,0.000000,1,0,868516915,1324,0,1324,-133,0,45,2
101,720,21.600000,0.000000,1,0,868516921,1324,0,1324,-133,0,45,2
101,720,21.600000,0.000000,1,0,868516927,1324,0,1324,-133,0,45,2
101,720,21.600000,0.000000,1,0,868516933,1324,0,1324,-133,0,45,2
101,720,21.600000,0.000000,1,0,868516939,1324,0,1324,-133,0,45,2
101,720,21.600000,0.000000,1,0,868516944,1323,0,1323,-133,0,45,2
101,720,21.600000,0.000000,1,0,868516949,1322,0,1322,-133,0,45,2
101,720,21.600000,0.000000,1,0,868516955,1321,0,1321,-134,0,45,2
101,720,21.600000,0.000000,1,0,868516961,1320,0,1320,-134,0,45,2
101,720,21.600000,0.000000,1,0,868516967,1318,0,1318,-134,0,45,2
101,720,21.600000,0.000000,1,0,868516973,1317,0,1317,-134,0,45,2
101,720,21.600000,0.000000,1,0,868516978,1317,0,1317,-134,0,45,2
101,720,21.600000,0.000000,1,0,868516984,1316,0,1316,-135,0,45,2
101,720,21.600000,0.000000,1,0,868516990,1315,0,1315,-136,0,45,2
101,720,21.600000,0.000000,1,0,868516995,1315,0,1315,-136,0,45,2
101,720,21.600000,0.000000,1,0,868517001,1315,0,1315,-136,0,45,2
101,720,21.600000,0.000000,1,0,868517012,1315,0,1315,-136,0,45,2
