101,720,21.600000,43.200000,1,1,868785847,597,8,597,8,0,11,2
101,720,21.600000,43.200000,1,1,868785848,597,8,597,8,0,11,2
101,720,21.600000,43.200000,1,1,868785854,597,8,597,8,0,11,2
101,720,21.600000,43.200000,1,1,868785860,597,8,597,8,0,11,2
101,720,21.600000,43.200000,1,1,868785865,597,8,597,8,0,11,2
101,720,21.600000,43.200000,1,1,868785870,597,8,597,8,0,11,2
101,720,21.600000,43.200000,1,1,868785876,597,8,597,8,0,11,2
101,720,21.600000,43.200000,1,1,868785881,597,8,597,8,0,11,2
101,720,21.600000,43.200000,1,1,868785887,597,7,597,7,0,11,2
101,720,21.600000,43.200000,1,1,868785892,597,6,597,6,0,11,2
101,720,21.600000,43.200000,1,1,868785898,597,5,597,5,0,11,2
101,720,21.600000,43.200000,1,1,868785904,597,5,597,5,0,11,2
101,720,21.600000,43.200000,1,1,868785910,598,5,598,5,0,11,2
101,720,21.600000,43.200000,1,1,868785915,598,5,598,5,0,11,2
101,720,21.600000,43.200000,1,1,868785921,600,5,600,5,0,11,2
101,720,21.600000,43.200000,1,1,868785927,604,5,604,5,0,11,2
101,720,21.600000,43.200000,1,1,868785932,610,6,610,6,0,11,2
101,720,21.600000,43.200000,1,1,868785938,617,6,617,6,0,11,2
101,720,21.600000,43.200000,1,1,868785944,626,6,626,6,0,11,2
101,720,21.600000,43.200000,1,1,868785950,637,6,637,6,0,11,2
101,720,21.600000,43.200000,1,1,868785955,655,7,655,7,0,11,2
101,720,21.600000,43.200000,1,1,868785961,674,7,674,7,0,11,2
101,720,21.600000,43.200000,1,1,868785967,696,8,696,8,0,11,2
101,720,21.600000,43.200000,1,1,868785972,715,9,715,9,0,11,2
101,720,21.600000,43.200000,1,1,868785978,738,10,738,10,0,11,2
101,720,21.600000,43.200000,1,1,868785984,766,11,766,11,0,11,2
101,720,21.600000,43.200000,1,1,868785990,792,12,792,12,0,11,2
101,720,21.600000,43.200000,1,1,868785995,826,12,826,12,0,11,2
101,720,21.600000,43.200000,1,1,868786001,860,12,860,12,0,11,2
101,720,21.600000,43.200000,1,1,868786007,894,12,894,12,0,11,2
101,720,21.600000,43.200000,1,1,868786013,940,12,940,12,0,11,2
101,720,21.600000,43.200000,1,1,868786018,991,12,991,12,0,11,2
101,720,21.600000,43.200000,1,1,868786024,1038,12,1038,12,0,11,2
101,720,21.600000,43.200000,1,1,868786031,1072,11,1072,11,0,11,2
101,720,21.600000,43.200000,1,1,868786037,1115,11,1115,11,0,11,2
101,720,21.600000,43.200000,1,1,868786042,1149,11,1149,11,0,11,2
101,720,21.600000,43.200000,1,1,868786048,1187,10,1187,10,0,11,2
101,720,21.600000,43.200000,1,1,868786053,1220,10,1220,10,0,11,2
101,720,21.600000,43.200000,1,1,868786059,1242,10,1242,10,0,11,2
101,720,21.600000,43.200000,1,1,868786064,1271,9,1271,9,0,11,2
101,720,21.600000,43.200000,1,1,868786070,1293,9,1293,9,0,11,2
101,720,21.600000,43.200000,1,1,868786076,1314,9,1314,9,0,11,2
101,720,21.600000,43.200000,1,1,868786082,1333,8,1333,8,0,11,2
101,720,21.600000,43.200000,1,1,868786088,1350,7,1350,7,0,11,2
101,720,21.600000,43.200000,1,1,868786094,1363,6,1363,6,0,11,2
101,720,21.600000,43.200000,1,1,868786100,1371,6,1371,6,0,11,2
101,720,21.600000,43.200000,1,1,868786105,1375,6,1375,6,0,11,2
101,720,21.600000,43.200000,1,1,868786111,1376,6,1376,6,0,11,2
101,720,21.600000,43.200000,1,1,868786116,1376,6,1376,6,0,11,2
101,720,21.600000,43.200000,1,1,868786123,1376,6,1376,6,0,11,2
101,720,21.600000,43.200000,1,1,868786129,1374,6,1374,6,0,11,2
101,720,21.600000,43.200000,1,1,868786134,1371,5,1371,5,0,11,2
101,720,21.600000,43.200000,1,1,868786140,1368,5,1368,5,0,11,2
101,720,21.600000,43.200000,1,1,868786145,1363,5,1363,5,0,11,2
101,720,21.600000,43.200000,1,1,868786151,1360,5,1360,5,0,11,2
101,720,21.600000,43.200000,1,1,868786157,1356,5,1356,5,0,11,2
101,720,21.600000,43.200000,1,1,868786162,1353,5,1353,5,0,11,2
101,720,21.600000,43.200000,1,1,868786168,1351,5,1351,5,0,11,2
101,720,21.600000,43.200000,1,1,868786174,1350,5,1350,5,0,11,2
101,720,21.600000,43.200000,1,1,868786179,1349,5,1349,5,0,11,2
101,720,21.600000,43.200000,1,1,868786184,1349,5,1349,5,0,11,2
101,720,21.600000,43.200000,1,1,868786190,1349,5,1349,5,0,11,2
101,720,21.600000,43.200000,1,1,868786198,1349,5,1349,5,0,11,2
101,720,21.600000,43.200000,1,1,868786203,1349,5,1349,5,0,11,2
101,720,21.600000,43.200000,1,1,868786209,1349,5,1349,5,0,11,2
101,720,21.600000,43.200000,1,1,868786214,1349,5,1349,5,0,11,2
101,720,21.600000,43.200000,1,1,868786220,1349,5,1349,5,0,11,2
101,720,21.600000,43.200000,1,1,868786225,1349,5,1349,5,0,11,2
101,720,21.600000,43.200000,1,1,868786231,1349,5,1349,5,0,11,2
101,720,21.600000,43.200000,1,1,868786237,1349,4,1349,4,0,11,2
101,720,21.600000,43.200000,1,1,868786242,1349,3,1349,3,0,11,2
101,720,21.600000,43.200000,1,1,868786248,1349,2,1349,2,0,11,2
101,720,21.600000,43.200000,1,1,868786253,1349,2,1349,2,0,11,2
101,720,21.600000,43.200000,1,1,868786259,1349,2,1349,2,0,11,2
101,720,21.600000,43.200000,1,1,868786265,1349,2,1349,2,0,11,2
101,720,21.600000,43.200000,1,1,868786270,1349,2,1349,2,0,11,2
101,720,21.600000,43.200000,1,1,868786275,1349,2,1349,2,0,11,2
101,720,21.600000,43.200000,1,1,868786282,1349,2,1349,2,0,11,2
101,720,21.600000,43.200000,1,1,868786287,1348,2,1348,2,0,11,2
101,720,21.600000,43.200000,1,1,868786293,1347,2,1347,2,0,11,2
101,720,21.600000,43.200000,1,1,868786299,1347,1,1347,1,0,11,2
101,720,21.600000,43.200000,1,1,868786304,1346,0,1346,0,0,11,2
101,720,21.600000,43.200000,1,1,868786310,1345,0,1345,0,0,11,2
101,720,21.600000,43.200000,1,1,868786315,1345,0,1345,0,0,11,2
101,720,21.600000,43.200000,1,1,868786321,1344,0,1344,0,0,11,2
101,720,21.600000,43.200000,1,1,868786326,1344,0,1344,-1,0,11,2
101,720,21.600000,43.200000,1,1,868786332,1344,0,1344,-1,0,11,2
101,720,21.600000,43.200000,1,1,868786338,1344,0,1344,-1,0,11,2
101,720,21.600000,43.200000,1,1,868786345,1344,0,1344,-1,0,11,2
101,720,21.600000,43.200000,1,1,868786350,1343,0,1343,-1,0,11,2
101,720,21.600000,43.200000,1,1,868786356,1342,0,1342,-1,0,11,2
101,720,21.600000,43.200000,1,1,868786362,1341,0,1341,-1,0,11,2
101,720,21.600000,43.200000,1,1,868786367,1340,0,1340,-1,0,11,2
101,720,21.600000,43.200000,1,1,868786372,1339,0,1339,-1,0,11,2
101,720,21.600000,43.200000,1,1,868786378,1338,0,1338,-1,0,11,2
101,720,21.600000,43.200000,1,1,868786384,1337,0,1337,-1,0,11,2
101,720,21.600000,43.200000,1,1,868786390,1336,0,1336,-1,0,11,2
101,720,21.600000,43.200000,1,1,868786395,1335,0,1335,-2,0,11,2
101,720,21.600000,43.200000,1,1,868786401,1334,0,1334,-2,0,11,2
101,720,21.600000,43.200000,1,1,868786406,1332,0,1332,-2,0,11,2
101,720,21.600000,43.200000,1,1,868786412,1331,0,1331,-2,0,11,2
101,720,21.600000,43.200000,1,1,868786418,1330,0,1330,-2,0,11,2
101,720,21.600000,43.200000,1,1,868786423,1328,0,1328,-2,0,11,2
101,720,21.600000,43.200000,1,1,868786429,1327,0,1327,-2,0,11,2
101,720,21.600000,43.200000,1,1,868786434,1325,0,1325,-2,0,11,2
101,720,21.600000,43.200000,1,1,868786440,1324,0,1324,-2,0,11,2
101,720,21.600000,43.200000,1,1,868786446,1323,0,1323,-2,0,11,2
101,720,21.600000,43.200000,1,1,868786453,1322,0,1322,-2,0,11,2
101,720,21.600000,43.200000,1,1,868786458,1321,0,1321,-2,0,11,2
101,720,21.600000,43.200000,1,1,868786465,1320,0,1320,-2,0,11,2
101,720,21.600000,43.200000,1,1,868786470,1320,1,1320,-1,0,11,2
101,720,21.600000,43.200000,1,1,868786476,1320,2,1320,0,0,11,2
101,720,21.600000,43.200000,1,1,868786482,1320,3,1320,1,0,11,2
101,720,21.600000,43.200000,1,1,868786487,1320,3,1320,1,0,11,2
101,720,21.600000,43.200000,1,1,868786492,1320,3,1320,1,0,11,2
101,720,21.600000,43.200000,1,1,868786498,1320,3,1320,1,0,11,2
101,720,21.600000,43.200000,1,1,868786503,1320,3,1320,1,0,11,2
101,720,21.600000,43.200000,1,1,868786509,1320,3,1320,1,0,11,2
101,720,21.600000,43.200000,1,1,868786515,1320,3,1320,1,0,11,2
101,720,21.600000,43.200000,1,1,868786520,1320,3,1320,1,0,11,2
101,720,21.600000,43.200000,1,1,868786530,1320,3,1320,1,0,11,2
