110,720,21.600000,10000.000000,1,3,1289949561,600,11,600,11,0,38,4
110,720,21.600000,10000.000000,1,3,1289949563,600,11,600,11,0,38,4
110,720,21.600000,10000.000000,1,3,1289949569,600,11,600,11,0,38,4
110,720,21.600000,10000.000000,1,3,1289949574,600,11,600,11,0,38,4
110,720,21.600000,10000.000000,1,3,1289949580,600,11,600,11,0,38,4
110,720,21.600000,10000.000000,1,3,1289949585,600,11,600,11,0,38,4
110,720,21.600000,10000.000000,1,3,1289949591,601,11,601,11,0,38,4
110,720,21.600000,10000.000000,1,3,1289949597,602,11,602,11,0,38,4
110,720,21.600000,10000.000000,1,3,1289949603,604,11,604,11,0,38,4
110,720,21.600000,10000.000000,1,3,1289949609,607,11,607,11,0,38,4
110,720,21.600000,10000.000000,1,3,1289949615,612,12,612,12,0,38,4
110,720,21.600000,10000.000000,1,3,1289949620,618,13,618,13,0,38,4
110,720,21.600000,10000.000000,1,3,1289949626,625,15,625,15,0,38,4
110,720,21.600000,10000.000000,1,3,1289949632,634,17,634,17,0,38,4
110,720,21.600000,10000.000000,1,3,1289949638,649,19,649,19,0,38,4
110,720,21.600000,10000.000000,1,3,1289949644,668,21,668,21,0,38,4
110,720,21.600000,10000.000000,1,3,1289949650,690,23,690,23,0,38,4
110,720,21.600000,10000.000000,1,3,1289949655,717,25,717,25,0,38,4
110,720,21.600000,10000.000000,1,3,1289949661,747,26,747,26,0,38,4
110,720,21.600000,10000.000000,1,3,1289949667,781,28,781,28,0,38,4
110,720,21.600000,10000.000000,1,3,1289949672,815,30,815,30,0,38,4
110,720,21.600000,10000.000000,1,3,1289949678,859,32,859,32,0,38,4
110,720,21.600000,10000.000000,1,3,1289949685,906,33,906,33,0,38,4
110,720,21.600000,10000.000000,1,3,1289949691,970,34,970,34,0,38,4
110,720,21.600000,10000.000000,1,3,1289949698,1021,34,1021,34,0,38,4
110,720,21.600000,10000.000000,1,3,1289949704,1082,34,1082,34,0,38,4
110,720,21.600000,10000.000000,1,3,1289949710,1127,34,1127,34,0,38,4
110,720,21.600000,10000.000000,1,3,1289949715,1171,34,1171,34,0,38,4
110,720,21.600000,10000.000000,1,3,1289949721,1215,33,1215,33,0,38,4
110,720,21.600000,10000.000000,1,3,1289949727,1249,32,1249,32,0,38,4
110,720,21.600000,10000.000000,1,3,1289949732,1276,31,1276,31,0,38,4
110,720,21.600000,10000.000000,1,3,1289949738,1299,29,1299,29,0,38,4
110,720,21.600000,10000.000000,1,3,1289949744,1317,27,1317,27,0,38,4
110,720,21.600000,10000.000000,1,3,1289949749,1333,24,1333,24,0,38,4
110,720,21.600000,10000.000000,1,3,1289949755,1343,22,1343,22,0,38,4
110,720,21.600000,10000.000000,1,3,1289949761,1349,20,1349,20,0,38,4
110,720,21.600000,10000.000000,1,3,1289949766,1349,19,1349,19,0,38,4
110,720,21.600000,10000.000000,1,3,1289949772,1349,19,1349,19,0,38,4
110,720,21.600000,10000.000000,1,3,1289949778,1347,18,1347,18,0,38,4
110,720,21.600000,10000.000000,1,3,1289949785,1344,17,1344,17,0,38,4
110,720,21.600000,10000.000000,1,3,1289949791,1338,16,1338,16,0,38,4
110,720,21.600000,10000.000000,1,3,1289949796,1332,15,1332,15,0,38,4
110,720,21.600000,10000.000000,1,3,1289949802,1326,15,1326,15,0,38,4
110,720,21.600000,10000.000000,1,3,1289949807,1322,15,1322,15,0,38,4
110,720,21.600000,10000.000000,1,3,1289949813,1320,15,1320,15,0,38,4
110,720,21.600000,10000.000000,1,3,1289949819,1319,15,1319,15,0,38,4
110,720,21.600000,10000.000000,1,3,1289949825,1318,15,1318,15,0,38,4
110,720,21.600000,10000.000000,1,3,1289949830,1317,15,1317,15,0,38,4
110,720,21.600000,10000.000000,1,3,1289949836,1316,15,1316,15,0,38,4
110,720,21.600000,10000.000000,1,3,1289949842,1316,15,1316,15,0,38,4
110,720,21.600000,10000.000000,1,3,1289949848,1316,16,1316,16,0,38,4
110,720,21.600000,10000.000000,1,3,1289949853,1316,17,1316,17,0,38,4
110,720,21.600000,10000.000000,1,3,1289949859,1316,17,1316,17,0,38,4
110,720,21.600000,10000.000000,1,3,1289949865,1316,17,1316,17,0,38,4
110,720,21.600000,10000.000000,1,3,1289949870,1317,17,1317,17,0,38,4
110,720,21.600000,10000.000000,1,3,1289949875,1317,17,1317,17,0,38,4
110,720,21.600000,10000.000000,1,3,1289949881,1317,17,1317,17,0,38,4
110,720,21.600000,10000.000000,1,3,1289949887,1317,17,1317,17,0,38,4
110,720,21.600000,10000.000000,1,3,1289949892,1317,17,1317,17,0,38,4
110,720,21.600000,10000.000000,1,3,1289949898,1317,17,1317,17,0,38,4
110,720,21.600000,10000.000000,1,3,1289949903,1317,17,1317,17,0,38,4
110,720,21.600000,10000.000000,1,3,1289949909,1317,17,1317,17,0,38,4
110,720,21.600000,10000.000000,1,3,1289949914,1317,17,1317,17,0,38,4
110,720,21.600000,10000.000000,1,3,1289949920,1317,17,1317,17,0,38,4
110,720,21.600000,10000.000000,1,3,1289949926,1316,17,1316,17,0,38,4
110,720,21.600000,10000.000000,1,3,1289949931,1315,18,1315,18,0,38,4
110,720,21.600000,10000.000000,1,3,1289949937,1314,18,1314,18,0,38,4
110,720,21.600000,10000.000000,1,3,1289949943,1312,19,1312,19,0,38,4
110,720,21.600000,10000.000000,1,3,1289949949,1311,19,1311,19,0,38,4
110,720,21.600000,10000.000000,1,3,1289949954,1310,19,1310,19,0,38,4
110,720,21.600000,10000.000000,1,3,1289949960,1309,19,1309,19,0,38,4
110,720,21.600000,10000.000000,1,3,1289949966,1308,19,1308,19,0,38,4
110,720,21.600000,10000.000000,1,3,1289949971,1307,19,1307,19,0,38,4
110,720,21.600000,10000.000000,1,3,1289949977,1307,19,1307,19,0,38,4
110,720,21.600000,10000.000000,1,3,1289949983,1307,19,1307,19,0,38,4
110,720,21.600000,10000.000000,1,3,1289949988,1307,19,1307,19,0,38,4
110,720,21.600000,10000.000000,1,3,1289949994,1307,19,1307,19,0,38,4
110,720,21.600000,10000.000000,1,3,1289949999,1307,19,1307,19,0,38,4
110,720,21.600000,10000.000000,1,3,1289950005,1307,19,1307,19,0,38,4
110,720,21.600000,10000.000000,1,3,1289950011,1307,19,1307,19,0,38,4
110,720,21.600000,10000.000000,1,3,1289950016,1308,19,1308,19,0,38,4
110,720,21.600000,10000.000000,1,3,1289950022,1308,19,1308,19,0,38,4
110,720,21.600000,10000.000000,1,3,1289950028,1309,19,1309,19,0,38,4
110,720,21.600000,10000.000000,1,3,1289950033,1310,19,1310,19,0,38,4
110,720,21.600000,10000.000000,1,3,1289950039,1310,19,1310,19,0,38,4
110,720,21.600000,10000.000000,1,3,1289950044,1310,19,1310,19,0,38,4
110,720,21.600000,10000.000000,1,3,1289950050,1310,19,1310,19,0,38,4
110,720,21.600000,10000.000000,1,3,1289950055,1310,19,1310,19,0,38,4
110,720,21.600000,10000.000000,1,3,1289950060,1310,19,1310,19,0,38,4
110,720,21.600000,10000.000000,1,3,1289950066,1310,19,1310,19,0,38,4
110,720,21.600000,10000.000000,1,3,1289950072,1310,19,1310,19,0,38,4
110,720,21.600000,10000.000000,1,3,1289950090,1310,19,1310,19,0,38,4
