110,720,21.600000,10000.000000,0,0,1290441949,598,0,598,0,0,89,4
110,720,21.600000,10000.000000,0,0,1290441950,598,0,598,0,0,89,4
110,720,21.600000,10000.000000,0,0,1290441956,598,0,598,0,0,89,4
110,720,21.600000,10000.000000,0,0,1290441961,598,0,598,0,0,89,4
110,720,21.600000,10000.000000,0,0,1290441967,598,0,598,0,0,89,4
110,720,21.600000,10000.000000,0,0,1290441972,598,0,598,0,0,89,4
110,720,21.600000,10000.000000,0,0,1290441978,598,0,598,0,0,89,4
110,720,21.600000,10000.000000,0,0,1290441983,598,0,598,0,0,89,4
110,720,21.600000,10000.000000,0,0,1290441989,599,0,599,0,0,89,4
110,720,21.600000,10000.000000,0,0,1290441995,600,0,600,0,0,89,4
110,720,21.600000,10000.000000,0,0,1290442001,600,0,600,0,0,89,4
110,720,21.600000,10000.000000,0,0,1290442007,601,0,601,0,0,89,4
110,720,21.600000,10000.000000,0,0,1290442013,605,0,605,0,0,89,4
110,720,21.600000,10000.000000,0,0,1290442018,611,0,611,0,0,89,4
110,720,21.600000,10000.000000,0,0,1290442024,623,0,623,0,0,89,4
110,720,21.600000,10000.000000,0,0,1290442030,633,0,633,-1,0,89,4
110,720,21.600000,10000.000000,0,0,1290442036,649,0,649,-2,0,89,4
110,720,21.600000,10000.000000,0,0,1290442041,671,0,671,-3,0,89,4
110,720,21.600000,10000.000000,0,0,1290442047,694,0,694,-4,0,89,4
110,720,21.600000,10000.000000,0,0,1290442053,720,0,720,-5,0,89,4
110,720,21.600000,10000.000000,0,0,1290442058,753,0,753,-6,0,89,4
110,720,21.600000,10000.000000,0,0,1290442064,787,0,787,-7,0,89,4
110,720,21.600000,10000.000000,0,0,1290442070,827,0,827,-8,0,89,4
110,720,21.600000,10000.000000,0,0,1290442075,871,0,871,-9,0,89,4
110,720,21.600000,10000.000000,0,0,1290442081,914,0,914,-10,0,89,4
110,720,21.600000,10000.000000,0,0,1290442088,965,0,965,-12,0,89,4
110,720,21.600000,10000.000000,0,0,1290442094,1027,0,1027,-15,0,89,4
110,720,21.600000,10000.000000,0,0,1290442100,1078,0,1078,-17,0,89,4
110,720,21.600000,10000.000000,0,0,1290442105,1122,0,1122,-20,0,89,4
110,720,21.600000,10000.000000,0,0,1290442111,1162,0,1162,-23,0,89,4
110,720,21.600000,10000.000000,0,0,1290442117,1206,0,1206,-27,0,89,4
110,720,21.600000,10000.000000,0,0,1290442123,1240,0,1240,-30,0,89,4
110,720,21.600000,10000.000000,0,0,1290442128,1274,0,1274,-34,0,89,4
110,720,21.600000,10000.000000,0,0,1290442134,1315,0,1315,-39,0,89,4
110,720,21.600000,10000.000000,0,0,1290442140,1341,0,1341,-42,0,89,4
110,720,21.600000,10000.000000,0,0,1290442146,1366,0,1366,-45,0,89,4
110,720,21.600000,10000.000000,0,0,1290442151,1382,0,1382,-48,0,89,4
110,720,21.600000,10000.000000,0,0,1290442157,1402,0,1402,-51,0,89,4
110,720,21.600000,10000.000000,0,0,1290442163,1414,0,1414,-53,0,89,4
110,720,21.600000,10000.000000,0,0,1290442169,1420,0,1420,-55,0,89,4
110,720,21.600000,10000.000000,0,0,1290442174,1424,0,1424,-57,0,89,4
110,720,21.600000,10000.000000,0,0,1290442180,1425,0,1425,-58,0,89,4
110,720,21.600000,10000.000000,0,0,1290442186,1426,0,1426,-59,0,89,4
110,720,21.600000,10000.000000,0,0,1290442192,1426,0,1426,-60,0,89,4
110,720,21.600000,10000.000000,0,0,1290442198,1425,0,1425,-61,0,89,4
110,720,21.600000,10000.000000,0,0,1290442205,1424,0,1424,-62,0,89,4
110,720,21.600000,10000.000000,0,0,1290442211,1423,0,1423,-63,0,89,4
110,720,21.600000,10000.000000,0,0,1290442217,1422,0,1422,-63,0,89,4
110,720,21.600000,10000.000000,0,0,1290442222,1421,0,1421,-64,0,89,4
110,720,21.600000,10000.000000,0,0,1290442228,1419,0,1419,-65,0,89,4
110,720,21.600000,10000.000000,0,0,1290442233,1418,0,1418,-66,0,89,4
110,720,21.600000,10000.000000,0,0,1290442238,1417,0,1417,-67,0,89,4
110,720,21.600000,10000.000000,0,0,1290442244,1416,0,1416,-68,0,89,4
110,720,21.600000,10000.000000,0,0,1290442250,1416,0,1416,-68,0,89,4
110,720,21.600000,10000.000000,0,0,1290442256,1416,0,1416,-68,0,89,4
110,720,21.600000,10000.000000,0,0,1290442262,1416,0,1416,-68,0,89,4
110,720,21.600000,10000.000000,0,0,1290442267,1416,0,1416,-68,0,89,4
110,720,21.600000,10000.000000,0,0,1290442273,1416,0,1416,-68,0,89,4
110,720,21.600000,10000.000000,0,0,1290442278,1416,0,1416,-68,0,89,4
110,720,21.600000,10000.000000,0,0,1290442283,1416,0,1416,-68,0,89,4
110,720,21.600000,10000.000000,0,0,1290442289,1416,0,1416,-68,0,89,4
110,720,21.600000,10000.000000,0,0,1290442294,1416,0,1416,-68,0,89,4
110,720,21.600000,10000.000000,0,0,1290442299,1415,0,1415,-68,0,89,4
110,720,21.600000,10000.000000,0,0,1290442306,1414,0,1414,-69,0,89,4
110,720,21.600000,10000.000000,0,0,1290442312,1413,0,1413,-70,0,89,4
110,720,21.600000,10000.000000,0,0,1290442317,1411,0,1411,-70,0,89,4
110,720,21.600000,10000.000000,0,0,1290442323,1410,0,1410,-70,0,89,4
110,720,21.600000,10000.000000,0,0,1290442329,1409,0,1409,-70,0,89,4
110,720,21.600000,10000.000000,0,0,1290442334,1406,0,1406,-70,0,89,4
110,720,21.600000,10000.000000,0,0,1290442340,1403,0,1403,-71,0,89,4
110,720,21.600000,10000.000000,0,0,1290442346,1398,0,1398,-72,0,89,4
110,720,21.600000,10000.000000,0,0,1290442352,1388,0,1388,-72,0,89,4
110,720,21.600000,10000.000000,0,0,1290442357,1382,0,1382,-73,0,89,4
110,720,21.600000,10000.000000,0,0,1290442362,1373,0,1373,-73,0,89,4
110,720,21.600000,10000.000000,0,0,1290442368,1364,0,1364,-73,0,89,4
110,720,21.600000,10000.000000,0,0,1290442374,1357,0,1357,-74,0,89,4
110,720,21.600000,10000.000000,0,0,1290442379,1352,0,1352,-75,0,89,4
110,720,21.600000,10000.000000,0,0,1290442385,1350,0,1350,-75,0,89,4
110,720,21.600000,10000.000000,0,0,1290442391,1349,0,1349,-75,0,89,4
110,720,21.600000,10000.000000,0,0,1290442397,1349,0,1349,-76,0,89,4
110,720,21.600000,10000.000000,0,0,1290442402,1349,0,1349,-77,0,89,4
110,720,21.600000,10000.000000,0,0,1290442408,1349,0,1349,-78,0,89,4
110,720,21.600000,10000.000000,0,0,1290442414,1349,0,1349,-78,0,89,4
110,720,21.600000,10000.000000,0,0,1290442419,1348,0,1348,-78,0,89,4
110,720,21.600000,10000.000000,0,0,1290442424,1347,0,1347,-78,0,89,4
110,720,21.600000,10000.000000,0,0,1290442430,1347,0,1347,-78,0,89,4
110,720,21.600000,10000.000000,0,0,1290442436,1347,0,1347,-78,0,89,4
110,720,21.600000,10000.000000,0,0,1290442442,1347,0,1347,-78,0,89,4
110,720,21.600000,10000.000000,0,0,1290442447,1347,0,1347,-78,0,89,4
110,720,21.600000,10000.000000,0,0,1290442453,1347,0,1347,-79,0,89,4
110,720,21.600000,10000.000000,0,0,1290442459,1346,0,1346,-79,0,89,4
110,720,21.600000,10000.000000,0,0,1290442464,1345,0,1345,-79,0,89,4
110,720,21.600000,10000.000000,0,0,1290442470,1343,0,1343,-79,0,89,4
110,720,21.600000,10000.000000,0,0,1290442476,1342,0,1342,-80,0,89,4
110,720,21.600000,10000.000000,0,0,1290442481,1340,0,1340,-80,0,89,4
110,720,21.600000,10000.000000,0,0,1290442488,1339,0,1339,-81,0,89,4
110,720,21.600000,10000.000000,0,0,1290442494,1338,0,1338,-81,0,89,4
110,720,21.600000,10000.000000,0,0,1290442500,1337,0,1337,-81,0,89,4
110,720,21.600000,10000.000000,0,0,1290442505,1336,0,1336,-82,0,89,4
110,720,21.600000,10000.000000,0,0,1290442511,1335,0,1335,-83,0,89,4
110,720,21.600000,10000.000000,0,0,1290442517,1335,0,1335,-83,0,89,4
110,720,21.600000,10000.000000,0,0,1290442522,1335,0,1335,-84,0,89,4
110,720,21.600000,10000.000000,0,0,1290442528,1334,0,1334,-84,0,89,4
110,720,21.600000,10000.000000,0,0,1290442534,1333,0,1333,-84,0,89,4
110,720,21.600000,10000.000000,0,0,1290442539,1332,0,1332,-85,0,89,4
110,720,21.600000,10000.000000,0,0,1290442544,1330,0,1330,-85,0,89,4
110,720,21.600000,10000.000000,0,0,1290442550,1328,0,1328,-85,0,89,4
110,720,21.600000,10000.000000,0,0,1290442556,1326,0,1326,-86,0,89,4
110,720,21.600000,10000.000000,0,0,1290442562,1324,0,1324,-86,0,89,4
110,720,21.600000,10000.000000,0,0,1290442568,1322,0,1322,-87,0,89,4
110,720,21.600000,10000.000000,0,0,1290442574,1320,0,1320,-88,0,89,4
110,720,21.600000,10000.000000,0,0,1290442580,1318,0,1318,-89,0,89,4
110,720,21.600000,10000.000000,0,0,1290442585,1316,0,1316,-89,0,89,4
110,720,21.600000,10000.000000,0,0,1290442591,1315,0,1315,-90,0,89,4
110,720,21.600000,10000.000000,0,0,1290442597,1314,0,1314,-90,0,89,4
110,720,21.600000,10000.000000,0,0,1290442603,1313,0,1313,-90,0,89,4
110,720,21.600000,10000.000000,0,0,1290442608,1313,0,1313,-91,0,89,4
110,720,21.600000,10000.000000,0,0,1290442613,1313,0,1313,-91,0,89,4
110,720,21.600000,10000.000000,0,0,1290442619,1313,0,1313,-91,0,89,4
110,720,21.600000,10000.000000,0,0,1290442624,1313,0,1313,-91,0,89,4
110,720,21.600000,10000.000000,0,0,1290442630,1313,0,1313,-91,0,89,4
110,720,21.600000,10000.000000,0,0,1290442635,1313,0,1313,-91,0,89,4
110,720,21.600000,10000.000000,0,0,1290442641,1313,0,1313,-91,0,89,4
110,720,21.600000,10000.000000,0,0,1290442647,1313,0,1313,-91,0,89,4
110,720,21.600000,10000.000000,0,0,1290442652,1313,0,1313,-91,0,89,4
110,720,21.600000,10000.000000,0,0,1290442658,1312,0,1312,-91,0,89,4
110,720,21.600000,10000.000000,0,0,1290442664,1312,0,1312,-91,0,89,4
110,720,21.600000,10000.000000,0,0,1290442669,1312,0,1312,-91,0,89,4
110,720,21.600000,10000.000000,0,0,1290442674,1312,0,1312,-91,0,89,4
110,720,21.600000,10000.000000,0,0,1290442680,1312,0,1312,-91,0,89,4
110,720,21.600000,10000.000000,0,0,1290442685,1312,0,1312,-91,0,89,4
110,720,21.600000,10000.000000,0,0,1290442704,1312,0,1312,-91,0,89,4
