110,360,21.600000,10000.000000,1,3,1289839397,781,11,781,11,0,26,0
110,360,21.600000,10000.000000,1,3,1289839398,781,11,781,11,0,26,0
110,360,21.600000,10000.000000,1,3,1289839404,781,11,781,11,0,26,0
110,360,21.600000,10000.000000,1,3,1289839409,781,11,781,11,0,26,0
110,360,21.600000,10000.000000,1,3,1289839415,781,11,781,11,0,26,0
110,360,21.600000,10000.000000,1,3,1289839421,781,12,781,12,0,26,0
110,360,21.600000,10000.000000,1,3,1289839426,782,12,782,12,0,26,0
110,360,21.600000,10000.000000,1,3,1289839431,783,12,783,12,0,26,0
110,360,21.600000,10000.000000,1,3,1289839437,784,12,784,12,0,26,0
110,360,21.600000,10000.000000,1,3,1289839443,785,12,785,12,0,26,0
110,360,21.600000,10000.000000,1,3,1289839448,786,12,786,12,0,26,0
110,360,21.600000,10000.000000,1,3,1289839454,787,12,787,12,0,26,0
110,360,21.600000,10000.000000,1,3,1289839459,787,13,787,13,0,26,0
110,360,21.600000,10000.000000,1,3,1289839465,787,14,787,14,0,26,0
110,360,21.600000,10000.000000,1,3,1289839471,788,15,788,15,0,26,0
110,360,21.600000,10000.000000,1,3,1289839477,790,16,790,16,0,26,0
110,360,21.600000,10000.000000,1,3,1289839483,793,17,793,17,0,26,0
110,360,21.600000,10000.000000,1,3,1289839489,801,19,801,19,0,26,0
110,360,21.600000,10000.000000,1,3,1289839495,810,20,810,20,0,26,0
110,360,21.600000,10000.000000,1,3,1289839501,823,21,823,21,0,26,0
110,360,21.600000,10000.000000,1,3,1289839507,840,22,840,22,0,26,0
110,360,21.600000,10000.000000,1,3,1289839514,859,23,859,23,0,26,0
110,360,21.600000,10000.000000,1,3,1289839519,893,25,893,25,0,26,0
110,360,21.600000,10000.000000,1,3,1289839525,915,26,915,26,0,26,0
110,360,21.600000,10000.000000,1,3,1289839531,941,27,941,27,0,26,0
110,360,21.600000,10000.000000,1,3,1289839536,958,28,958,28,0,26,0
110,360,21.600000,10000.000000,1,3,1289839542,985,29,985,29,0,26,0
110,360,21.600000,10000.000000,1,3,1289839548,1009,30,1009,30,0,26,0
110,360,21.600000,10000.000000,1,3,1289839553,1036,31,1036,31,0,26,0
110,360,21.600000,10000.000000,1,3,1289839559,1068,31,1068,31,0,26,0
110,360,21.600000,10000.000000,1,3,1289839565,1093,31,1093,31,0,26,0
110,360,21.600000,10000.000000,1,3,1289839570,1115,31,1115,31,0,26,0
110,360,21.600000,10000.000000,1,3,1289839576,1137,31,1137,31,0,26,0
110,360,21.600000,10000.000000,1,3,1289839581,1150,30,1150,30,0,26,0
110,360,21.600000,10000.000000,1,3,1289839587,1161,28,1161,28,0,26,0
110,360,21.600000,10000.000000,1,3,1289839593,1168,27,1168,27,0,26,0
110,360,21.600000,10000.000000,1,3,1289839598,1172,25,1172,25,0,26,0
110,360,21.600000,10000.000000,1,3,1289839604,1172,24,1172,24,0,26,0
110,360,21.600000,10000.000000,1,3,1289839610,1171,22,1171,22,0,26,0
110,360,21.600000,10000.000000,1,3,1289839615,1169,21,1169,21,0,26,0
110,360,21.600000,10000.000000,1,3,1289839621,1166,20,1166,20,0,26,0
110,360,21.600000,10000.000000,1,3,1289839626,1161,19,1161,19,0,26,0
110,360,21.600000,10000.000000,1,3,1289839632,1156,18,1156,18,0,26,0
110,360,21.600000,10000.000000,1,3,1289839638,1151,17,1151,17,0,26,0
110,360,21.600000,10000.000000,1,3,1289839644,1146,17,1146,17,0,26,0
110,360,21.600000,10000.000000,1,3,1289839649,1141,17,1141,17,0,26,0
110,360,21.600000,10000.000000,1,3,1289839655,1137,17,1137,17,0,26,0
110,360,21.600000,10000.000000,1,3,1289839661,1135,16,1135,16,0,26,0
110,360,21.600000,10000.000000,1,3,1289839666,1134,16,1134,16,0,26,0
110,360,21.600000,10000.000000,1,3,1289839672,1133,16,1133,16,0,26,0
110,360,21.600000,10000.000000,1,3,1289839677,1133,16,1133,16,0,26,0
110,360,21.600000,10000.000000,1,3,1289839683,1133,16,1133,16,0,26,0
110,360,21.600000,10000.000000,1,3,1289839689,1133,16,1133,16,0,26,0
110,360,21.600000,10000.000000,1,3,1289839695,1134,16,1134,16,0,26,0
110,360,21.600000,10000.000000,1,3,1289839701,1135,16,1135,16,0,26,0
110,360,21.600000,10000.000000,1,3,1289839708,1136,16,1136,16,0,26,0
110,360,21.600000,10000.000000,1,3,1289839714,1137,16,1137,16,0,26,0
110,360,21.600000,10000.000000,1,3,1289839720,1138,16,1138,16,0,26,0
110,360,21.600000,10000.000000,1,3,1289839725,1138,16,1138,16,0,26,0
110,360,21.600000,10000.000000,1,3,1289839731,1138,16,1138,16,0,26,0
110,360,21.600000,10000.000000,1,3,1289839737,1137,15,1137,15,0,26,0
110,360,21.600000,10000.000000,1,3,1289839742,1136,15,1136,15,0,26,0
110,360,21.600000,10000.000000,1,3,1289839748,1136,14,1136,14,0,26,0
110,360,21.600000,10000.000000,1,3,1289839753,1135,14,1135,14,0,26,0
110,360,21.600000,10000.000000,1,3,1289839759,1135,14,1135,14,0,26,0
110,360,21.600000,10000.000000,1,3,1289839765,1134,14,1134,14,0,26,0
110,360,21.600000,10000.000000,1,3,1289839770,1134,13,1134,13,0,26,0
110,360,21.600000,10000.000000,1,3,1289839776,1134,13,1134,13,0,26,0
110,360,21.600000,10000.000000,1,3,1289839781,1134,13,1134,13,0,26,0
110,360,21.600000,10000.000000,1,3,1289839787,1134,13,1134,13,0,26,0
110,360,21.600000,10000.000000,1,3,1289839793,1134,13,1134,13,0,26,0
110,360,21.600000,10000.000000,1,3,1289839798,1134,13,1134,13,0,26,0
110,360,21.600000,10000.000000,1,3,1289839803,1134,13,1134,13,0,26,0
110,360,21.600000,10000.000000,1,3,1289839808,1134,13,1134,13,0,26,0
110,360,21.600000,10000.000000,1,3,1289839814,1134,13,1134,13,0,26,0
110,360,21.600000,10000.000000,1,3,1289839819,1134,13,1134,13,0,26,0
110,360,21.600000,10000.000000,1,3,1289839825,1134,13,1134,13,0,26,0
110,360,21.600000,10000.000000,1,3,1289839831,1134,13,1134,13,0,26,0
110,360,21.600000,10000.000000,1,3,1289839837,1134,13,1134,13,0,26,0
110,360,21.600000,10000.000000,1,3,1289839843,1134,13,1134,13,0,26,0
110,360,21.600000,10000.000000,1,3,1289839848,1135,13,1135,13,0,26,0
110,360,21.600000,10000.000000,1,3,1289839854,1136,13,1136,13,0,26,0
110,360,21.600000,10000.000000,1,3,1289839860,1136,13,1136,13,0,26,0
110,360,21.600000,10000.000000,1,3,1289839865,1136,13,1136,13,0,26,0
110,360,21.600000,10000.000000,1,3,1289839871,1136,13,1136,13,0,26,0
110,360,21.600000,10000.000000,1,3,1289839885,1136,13,1136,13,0,26,0
