110,360,21.600000,0.000000,0,2,1290203199,778,0,778,0,0,64,0
110,360,21.600000,0.000000,0,2,1290203201,778,0,778,0,0,64,0
110,360,21.600000,0.000000,0,2,1290203206,779,0,779,0,0,64,0
110,360,21.600000,0.000000,0,2,1290203212,780,0,780,0,0,64,0
110,360,21.600000,0.000000,0,2,1290203217,780,0,780,0,0,64,0
110,360,21.600000,0.000000,0,2,1290203223,780,0,780,0,0,64,0
110,360,21.600000,0.000000,0,2,1290203229,780,0,780,0,0,64,0
110,360,21.600000,0.000000,0,2,1290203234,780,0,780,0,0,64,0
110,360,21.600000,0.000000,0,2,1290203239,780,0,780,0,0,64,0
110,360,21.600000,0.000000,0,2,1290203245,780,0,780,0,0,64,0
110,360,21.600000,0.000000,0,2,1290203251,780,0,780,0,0,64,0
110,360,21.600000,0.000000,0,2,1290203256,780,0,780,0,0,64,0
110,360,21.600000,0.000000,0,2,1290203262,780,0,780,0,0,64,0
110,360,21.600000,0.000000,0,2,1290203267,780,0,780,0,0,64,0
110,360,21.600000,0.000000,0,2,1290203273,780,0,780,0,0,64,0
110,360,21.600000,0.000000,0,2,1290203279,780,0,780,0,0,64,0
110,360,21.600000,0.000000,0,2,1290203285,783,0,783,-1,0,64,0
110,360,21.600000,0.000000,0,2,1290203290,788,0,788,-1,0,64,0
110,360,21.600000,0.000000,0,2,1290203296,798,0,798,-2,0,64,0
110,360,21.600000,0.000000,0,2,1290203302,811,0,811,-4,0,64,0
110,360,21.600000,0.000000,0,2,1290203307,831,0,831,-7,0,64,0
110,360,21.600000,0.000000,0,2,1290203313,856,0,856,-9,0,64,0
110,360,21.600000,0.000000,0,2,1290203319,880,0,880,-11,0,64,0
110,360,21.600000,0.000000,0,2,1290203325,905,0,905,-13,0,64,0
110,360,21.600000,0.000000,0,2,1290203330,931,0,931,-14,0,64,0
110,360,21.600000,0.000000,0,2,1290203336,965,0,965,-16,0,64,0
110,360,21.600000,0.000000,0,2,1290203342,998,0,998,-18,0,64,0
110,360,21.600000,0.000000,0,2,1290203348,1034,0,1034,-20,0,64,0
110,360,21.600000,0.000000,0,2,1290203354,1071,0,1071,-22,0,64,0
110,360,21.600000,0.000000,0,2,1290203359,1105,0,1105,-24,0,64,0
110,360,21.600000,0.000000,0,2,1290203366,1132,0,1132,-27,0,64,0
110,360,21.600000,0.000000,0,2,1290203372,1162,0,1162,-30,0,64,0
110,360,21.600000,0.000000,0,2,1290203378,1183,0,1183,-32,0,64,0
110,360,21.600000,0.000000,0,2,1290203384,1196,0,1196,-34,0,64,0
110,360,21.600000,0.000000,0,2,1290203389,1204,0,1204,-36,0,64,0
110,360,21.600000,0.000000,0,2,1290203395,1208,0,1208,-38,0,64,0
110,360,21.600000,0.000000,0,2,1290203401,1208,0,1208,-38,0,64,0
110,360,21.600000,0.000000,0,2,1290203407,1208,0,1208,-39,0,64,0
110,360,21.600000,0.000000,0,2,1290203413,1206,0,1206,-41,0,64,0
110,360,21.600000,0.000000,0,2,1290203418,1202,0,1202,-43,0,64,0
110,360,21.600000,0.000000,0,2,1290203424,1198,0,1198,-44,0,64,0
110,360,21.600000,0.000000,0,2,1290203429,1192,0,1192,-45,0,64,0
110,360,21.600000,0.000000,0,2,1290203435,1186,0,1186,-46,0,64,0
110,360,21.600000,0.000000,0,2,1290203440,1181,0,1181,-47,0,64,0
110,360,21.600000,0.000000,0,2,1290203446,1174,0,1174,-47,0,64,0
110,360,21.600000,0.000000,0,2,1290203452,1170,0,1170,-47,0,64,0
110,360,21.600000,0.000000,0,2,1290203457,1165,0,1165,-48,0,64,0
110,360,21.600000,0.000000,0,2,1290203463,1160,0,1160,-48,0,64,0
110,360,21.600000,0.000000,0,2,1290203469,1158,0,1158,-48,0,64,0
110,360,21.600000,0.000000,0,2,1290203475,1156,0,1156,-48,0,64,0
110,360,21.600000,0.000000,0,2,1290203481,1155,0,1155,-49,0,64,0
110,360,21.600000,0.000000,0,2,1290203487,1155,0,1155,-49,0,64,0
110,360,21.600000,0.000000,0,2,1290203492,1154,0,1154,-49,0,64,0
110,360,21.600000,0.000000,0,2,1290203498,1152,0,1152,-49,0,64,0
110,360,21.600000,0.000000,0,2,1290203503,1152,0,1152,-49,0,64,0
110,360,21.600000,0.000000,0,2,1290203509,1151,0,1151,-49,0,64,0
110,360,21.600000,0.000000,0,2,1290203515,1150,0,1150,-49,0,64,0
110,360,21.600000,0.000000,0,2,1290203521,1150,0,1150,-49,0,64,0
110,360,21.600000,0.000000,0,2,1290203527,1149,0,1149,-50,0,64,0
110,360,21.600000,0.000000,0,2,1290203532,1148,0,1148,-50,0,64,0
110,360,21.600000,0.000000,0,2,1290203540,1147,0,1147,-51,0,64,0
110,360,21.600000,0.000000,0,2,1290203545,1144,0,1144,-52,0,64,0
110,360,21.600000,0.000000,0,2,1290203551,1143,0,1143,-52,0,64,0
110,360,21.600000,0.000000,0,2,1290203556,1142,0,1142,-53,0,64,0
110,360,21.600000,0.000000,0,2,1290203562,1141,0,1141,-54,0,64,0
110,360,21.600000,0.000000,0,2,1290203567,1140,0,1140,-55,0,64,0
110,360,21.600000,0.000000,0,2,1290203573,1138,0,1138,-56,0,64,0
110,360,21.600000,0.000000,0,2,1290203579,1136,0,1136,-57,0,64,0
110,360,21.600000,0.000000,0,2,1290203584,1135,0,1135,-57,0,64,0
110,360,21.600000,0.000000,0,2,1290203590,1135,0,1135,-58,0,64,0
110,360,21.600000,0.000000,0,2,1290203596,1135,0,1135,-59,0,64,0
110,360,21.600000,0.000000,0,2,1290203601,1135,0,1135,-59,0,64,0
110,360,21.600000,0.000000,0,2,1290203607,1135,0,1135,-59,0,64,0
110,360,21.600000,0.000000,0,2,1290203613,1135,0,1135,-59,0,64,0
110,360,21.600000,0.000000,0,2,1290203618,1135,0,1135,-59,0,64,0
110,360,21.600000,0.000000,0,2,1290203623,1135,0,1135,-59,0,64,0
110,360,21.600000,0.000000,0,2,1290203629,1135,0,1135,-59,0,64,0
110,360,21.600000,0.000000,0,2,1290203634,1135,0,1135,-59,0,64,0
110,360,21.600000,0.000000,0,2,1290203640,1135,0,1135,-59,0,64,0
110,360,21.600000,0.000000,0,2,1290203646,1135,0,1135,-59,0,64,0
110,360,21.600000,0.000000,0,2,1290203651,1135,0,1135,-59,0,64,0
110,360,21.600000,0.000000,0,2,1290203657,1135,0,1135,-59,0,64,0
110,360,21.600000,0.000000,0,2,1290203663,1135,0,1135,-59,0,64,0
110,360,21.600000,0.000000,0,2,1290203669,1135,0,1135,-59,0,64,0
110,360,21.600000,0.000000,0,2,1290203675,1135,0,1135,-59,0,64,0
110,360,21.600000,0.000000,0,2,1290203681,1135,0,1135,-59,0,64,0
110,360,21.600000,0.000000,0,2,1290203687,1135,0,1135,-59,0,64,0
110,360,21.600000,0.000000,0,2,1290203692,1135,0,1135,-59,0,64,0
110,360,21.600000,0.000000,0,2,1290203700,1135,0,1135,-59,0,64,0
110,360,21.600000,0.000000,0,2,1290203706,1135,0,1135,-59,0,64,0
110,360,21.600000,0.000000,0,2,1290203712,1135,0,1135,-59,0,64,0
110,360,21.600000,0.000000,0,2,1290203717,1135,0,1135,-59,0,64,0
110,360,21.600000,0.000000,0,2,1290203723,1135,0,1135,-59,0,64,0
110,360,21.600000,0.000000,0,2,1290203729,1135,0,1135,-59,0,64,0
110,360,21.600000,0.000000,0,2,1290203734,1135,0,1135,-59,0,64,0
110,360,21.600000,0.000000,0,2,1290203740,1135,0,1135,-59,0,64,0
110,360,21.600000,0.000000,0,2,1290203753,1135,0,1135,-59,0,64,0
