110,720,21.600000,10000.000000,0,2,1290020251,601,0,601,0,0,45,0
110,720,21.600000,10000.000000,0,2,1290020253,601,0,601,0,0,45,0
110,720,21.600000,10000.000000,0,2,1290020259,601,0,601,0,0,45,0
110,720,21.600000,10000.000000,0,2,1290020264,601,0,601,0,0,45,0
110,720,21.600000,10000.000000,0,2,1290020270,601,0,601,0,0,45,0
110,720,21.600000,10000.000000,0,2,1290020275,601,0,601,0,0,45,0
110,720,21.600000,10000.000000,0,2,1290020281,601,0,601,0,0,45,0
110,720,21.600000,10000.000000,0,2,1290020286,601,0,601,0,0,45,0
110,720,21.600000,10000.000000,0,2,1290020292,603,0,603,0,0,45,0
110,720,21.600000,10000.000000,0,2,1290020298,609,0,609,0,0,45,0
110,720,21.600000,10000.000000,0,2,1290020304,619,0,619,0,0,45,0
110,720,21.600000,10000.000000,0,2,1290020310,631,0,631,-2,0,45,0
110,720,21.600000,10000.000000,0,2,1290020315,643,0,643,-4,0,45,0
110,720,21.600000,10000.000000,0,2,1290020321,660,0,660,-5,0,45,0
110,720,21.600000,10000.000000,0,2,1290020327,682,0,682,-6,0,45,0
110,720,21.600000,10000.000000,0,2,1290020332,709,0,709,-7,0,45,0
110,720,21.600000,10000.000000,0,2,1290020338,732,0,732,-8,0,45,0
110,720,21.600000,10000.000000,0,2,1290020344,760,0,760,-9,0,45,0
110,720,21.600000,10000.000000,0,2,1290020350,801,0,801,-11,0,45,0
110,720,21.600000,10000.000000,0,2,1290020355,835,0,835,-12,0,45,0
110,720,21.600000,10000.000000,0,2,1290020361,870,0,870,-13,0,45,0
110,720,21.600000,10000.000000,0,2,1290020367,910,0,910,-14,0,45,0
110,720,21.600000,10000.000000,0,2,1290020373,938,0,938,-15,0,45,0
110,720,21.600000,10000.000000,0,2,1290020378,982,0,982,-17,0,45,0
110,720,21.600000,10000.000000,0,2,1290020384,1026,0,1026,-19,0,45,0
110,720,21.600000,10000.000000,0,2,1290020390,1073,0,1073,-20,0,45,0
110,720,21.600000,10000.000000,0,2,1290020395,1118,0,1118,-22,0,45,0
110,720,21.600000,10000.000000,0,2,1290020401,1158,0,1158,-24,0,45,0
110,720,21.600000,10000.000000,0,2,1290020407,1199,0,1199,-26,0,45,0
110,720,21.600000,10000.000000,0,2,1290020412,1239,0,1239,-27,0,45,0
110,720,21.600000,10000.000000,0,2,1290020418,1273,0,1273,-29,0,45,0
110,720,21.600000,10000.000000,0,2,1290020424,1307,0,1307,-31,0,45,0
110,720,21.600000,10000.000000,0,2,1290020429,1341,0,1341,-33,0,45,0
110,720,21.600000,10000.000000,0,2,1290020435,1364,0,1364,-35,0,45,0
110,720,21.600000,10000.000000,0,2,1290020440,1386,0,1386,-36,0,45,0
110,720,21.600000,10000.000000,0,2,1290020446,1402,0,1402,-37,0,45,0
110,720,21.600000,10000.000000,0,2,1290020452,1414,0,1414,-39,0,45,0
110,720,21.600000,10000.000000,0,2,1290020457,1422,0,1422,-40,0,45,0
110,720,21.600000,10000.000000,0,2,1290020463,1426,0,1426,-41,0,45,0
110,720,21.600000,10000.000000,0,2,1290020469,1426,0,1426,-42,0,45,0
110,720,21.600000,10000.000000,0,2,1290020475,1426,0,1426,-42,0,45,0
110,720,21.600000,10000.000000,0,2,1290020481,1425,0,1425,-42,0,45,0
110,720,21.600000,10000.000000,0,2,1290020487,1423,0,1423,-43,0,45,0
110,720,21.600000,10000.000000,0,2,1290020492,1421,0,1421,-44,0,45,0
110,720,21.600000,10000.000000,0,2,1290020498,1418,0,1418,-44,0,45,0
110,720,21.600000,10000.000000,0,2,1290020504,1414,0,1414,-45,0,45,0
110,720,21.600000,10000.000000,0,2,1290020510,1412,0,1412,-45,0,45,0
110,720,21.600000,10000.000000,0,2,1290020516,1409,0,1409,-46,0,45,0
110,720,21.600000,10000.000000,0,2,1290020521,1407,0,1407,-46,0,45,0
110,720,21.600000,10000.000000,0,2,1290020527,1405,0,1405,-47,0,45,0
110,720,21.600000,10000.000000,0,2,1290020533,1403,0,1403,-48,0,45,0
110,720,21.600000,10000.000000,0,2,1290020538,1401,0,1401,-48,0,45,0
110,720,21.600000,10000.000000,0,2,1290020544,1399,0,1399,-49,0,45,0
110,720,21.600000,10000.000000,0,2,1290020550,1397,0,1397,-50,0,45,0
110,720,21.600000,10000.000000,0,2,1290020556,1395,0,1395,-50,0,45,0
110,720,21.600000,10000.000000,0,2,1290020561,1395,0,1395,-51,0,45,0
110,720,21.600000,10000.000000,0,2,1290020566,1394,0,1394,-51,0,45,0
110,720,21.600000,10000.000000,0,2,1290020572,1394,0,1394,-51,0,45,0
110,720,21.600000,10000.000000,0,2,1290020577,1394,0,1394,-51,0,45,0
110,720,21.600000,10000.000000,0,2,1290020583,1394,0,1394,-51,0,45,0
110,720,21.600000,10000.000000,0,2,1290020589,1394,0,1394,-51,0,45,0
110,720,21.600000,10000.000000,0,2,1290020594,1394,0,1394,-52,0,45,0
110,720,21.600000,10000.000000,0,2,1290020600,1393,0,1393,-52,0,45,0
110,720,21.600000,10000.000000,0,2,1290020605,1391,0,1391,-53,0,45,0
110,720,21.600000,10000.000000,0,2,1290020611,1388,0,1388,-53,0,45,0
110,720,21.600000,10000.000000,0,2,1290020617,1384,0,1384,-53,0,45,0
110,720,21.600000,10000.000000,0,2,1290020622,1378,0,1378,-53,0,45,0
110,720,21.600000,10000.000000,0,2,1290020627,1372,0,1372,-53,0,45,0
110,720,21.600000,10000.000000,0,2,1290020633,1364,0,1364,-53,0,45,0
110,720,21.600000,10000.000000,0,2,1290020639,1356,0,1356,-53,0,45,0
110,720,21.600000,10000.000000,0,2,1290020644,1347,0,1347,-53,0,45,0
110,720,21.600000,10000.000000,0,2,1290020650,1340,0,1340,-53,0,45,0
110,720,21.600000,10000.000000,0,2,1290020656,1332,0,1332,-53,0,45,0
110,720,21.600000,10000.000000,0,2,1290020662,1326,0,1326,-53,0,45,0
110,720,21.600000,10000.000000,0,2,1290020667,1322,0,1322,-53,0,45,0
110,720,21.600000,10000.000000,0,2,1290020673,1320,0,1320,-54,0,45,0
110,720,21.600000,10000.000000,0,2,1290020678,1319,0,1319,-54,0,45,0
110,720,21.600000,10000.000000,0,2,1290020684,1318,0,1318,-54,0,45,0
110,720,21.600000,10000.000000,0,2,1290020690,1318,0,1318,-55,0,45,0
110,720,21.600000,10000.000000,0,2,1290020695,1318,0,1318,-56,0,45,0
110,720,21.600000,10000.000000,0,2,1290020702,1318,0,1318,-57,0,45,0
110,720,21.600000,10000.000000,0,2,1290020707,1318,0,1318,-57,0,45,0
110,720,21.600000,10000.000000,0,2,1290020713,1318,0,1318,-57,0,45,0
110,720,21.600000,10000.000000,0,2,1290020719,1318,0,1318,-57,0,45,0
110,720,21.600000,10000.000000,0,2,1290020724,1318,0,1318,-57,0,45,0
110,720,21.600000,10000.000000,0,2,1290020729,1318,0,1318,-57,0,45,0
110,720,21.600000,10000.000000,0,2,1290020735,1318,0,1318,-57,0,45,0
110,720,21.600000,10000.000000,0,2,1290020741,1318,0,1318,-57,0,45,0
110,720,21.600000,10000.000000,0,2,1290020747,1318,0,1318,-57,0,45,0
110,720,21.600000,10000.000000,0,2,1290020752,1318,0,1318,-57,0,45,0
110,720,21.600000,10000.000000,0,2,1290020758,1318,0,1318,-57,0,45,0
110,720,21.600000,10000.000000,0,2,1290020764,1318,0,1318,-57,0,45,0
110,720,21.600000,10000.000000,0,2,1290020770,1318,0,1318,-57,0,45,0
110,720,21.600000,10000.000000,0,2,1290020775,1318,0,1318,-57,0,45,0
110,720,21.600000,10000.000000,0,2,1290020781,1318,0,1318,-57,0,45,0
110,720,21.600000,10000.000000,0,2,1290020787,1318,0,1318,-57,0,45,0
110,720,21.600000,10000.000000,0,2,1290020792,1318,0,1318,-57,0,45,0
110,720,21.600000,10000.000000,0,2,1290020798,1318,0,1318,-57,0,45,0
110,720,21.600000,10000.000000,0,2,1290020803,1318,0,1318,-57,0,45,0
110,720,21.600000,10000.000000,0,2,1290020809,1318,0,1318,-57,0,45,0
110,720,21.600000,10000.000000,0,2,1290020814,1318,0,1318,-57,0,45,0
110,720,21.600000,10000.000000,0,2,1290020819,1318,0,1318,-58,0,45,0
110,720,21.600000,10000.000000,0,2,1290020825,1318,0,1318,-59,0,45,0
110,720,21.600000,10000.000000,0,2,1290020831,1318,0,1318,-60,0,45,0
110,720,21.600000,10000.000000,0,2,1290020836,1318,0,1318,-61,0,45,0
110,720,21.600000,10000.000000,0,2,1290020842,1318,0,1318,-61,0,45,0
110,720,21.600000,10000.000000,0,2,1290020848,1318,0,1318,-61,0,45,0
110,720,21.600000,10000.000000,0,2,1290020854,1318,0,1318,-61,0,45,0
110,720,21.600000,10000.000000,0,2,1290020859,1318,0,1318,-61,0,45,0
110,720,21.600000,10000.000000,0,2,1290020877,1318,0,1318,-62,0,45,0
