110,360,21.600000,0.000000,0,2,1290153456,771,0,771,0,0,59,2
110,360,21.600000,0.000000,0,2,1290153458,771,0,771,0,0,59,2
110,360,21.600000,0.000000,0,2,1290153464,771,0,771,0,0,59,2
110,360,21.600000,0.000000,0,2,1290153469,771,0,771,0,0,59,2
110,360,21.600000,0.000000,0,2,1290153475,772,0,772,0,0,59,2
110,360,21.600000,0.000000,0,2,1290153480,773,0,773,0,0,59,2
110,360,21.600000,0.000000,0,2,1290153485,773,0,773,0,0,59,2
110,360,21.600000,0.000000,0,2,1290153491,773,0,773,0,0,59,2
110,360,21.600000,0.000000,0,2,1290153497,773,0,773,0,0,59,2
110,360,21.600000,0.000000,0,2,1290153502,773,0,773,0,0,59,2
110,360,21.600000,0.000000,0,2,1290153508,773,0,773,0,0,59,2
110,360,21.600000,0.000000,0,2,1290153513,773,0,773,0,0,59,2
110,360,21.600000,0.000000,0,2,1290153519,775,0,775,0,0,59,2
110,360,21.600000,0.000000,0,2,1290153525,783,0,783,0,0,59,2
110,360,21.600000,0.000000,0,2,1290153531,794,0,794,0,0,59,2
110,360,21.600000,0.000000,0,2,1290153537,810,0,810,0,0,59,2
110,360,21.600000,0.000000,0,2,1290153542,828,0,828,-1,0,59,2
110,360,21.600000,0.000000,0,2,1290153548,851,0,851,-2,0,59,2
110,360,21.600000,0.000000,0,2,1290153555,877,0,877,-4,0,59,2
110,360,21.600000,0.000000,0,2,1290153561,913,0,913,-6,0,59,2
110,360,21.600000,0.000000,0,2,1290153567,940,0,940,-7,0,59,2
110,360,21.600000,0.000000,0,2,1290153572,974,0,974,-8,0,59,2
110,360,21.600000,0.000000,0,2,1290153578,1008,0,1008,-9,0,59,2
110,360,21.600000,0.000000,0,2,1290153584,1041,0,1041,-11,0,59,2
110,360,21.600000,0.000000,0,2,1290153589,1074,0,1074,-13,0,59,2
110,360,21.600000,0.000000,0,2,1290153595,1108,0,1108,-16,0,59,2
110,360,21.600000,0.000000,0,2,1290153600,1142,0,1142,-19,0,59,2
110,360,21.600000,0.000000,0,2,1290153606,1169,0,1169,-22,0,59,2
110,360,21.600000,0.000000,0,2,1290153612,1190,0,1190,-24,0,59,2
110,360,21.600000,0.000000,0,2,1290153618,1211,0,1211,-27,0,59,2
110,360,21.600000,0.000000,0,2,1290153623,1222,0,1222,-29,0,59,2
110,360,21.600000,0.000000,0,2,1290153629,1227,0,1227,-30,0,59,2
110,360,21.600000,0.000000,0,2,1290153634,1229,0,1229,-31,0,59,2
110,360,21.600000,0.000000,0,2,1290153640,1229,0,1229,-32,0,59,2
110,360,21.600000,0.000000,0,2,1290153646,1227,0,1227,-33,0,59,2
110,360,21.600000,0.000000,0,2,1290153651,1223,0,1223,-34,0,59,2
110,360,21.600000,0.000000,0,2,1290153657,1218,0,1218,-36,0,59,2
110,360,21.600000,0.000000,0,2,1290153663,1210,0,1210,-38,0,59,2
110,360,21.600000,0.000000,0,2,1290153668,1203,0,1203,-39,0,59,2
110,360,21.600000,0.000000,0,2,1290153674,1196,0,1196,-40,0,59,2
110,360,21.600000,0.000000,0,2,1290153680,1186,0,1186,-41,0,59,2
110,360,21.600000,0.000000,0,2,1290153686,1178,0,1178,-42,0,59,2
110,360,21.600000,0.000000,0,2,1290153693,1172,0,1172,-43,0,59,2
110,360,21.600000,0.000000,0,2,1290153698,1168,0,1168,-43,0,59,2
110,360,21.600000,0.000000,0,2,1290153706,1167,0,1167,-43,0,59,2
110,360,21.600000,0.000000,0,2,1290153711,1166,0,1166,-43,0,59,2
110,360,21.600000,0.000000,0,2,1290153717,1165,0,1165,-43,0,59,2
110,360,21.600000,0.000000,0,2,1290153723,1165,0,1165,-43,0,59,2
110,360,21.600000,0.000000,0,2,1290153728,1165,0,1165,-43,0,59,2
110,360,21.600000,0.000000,0,2,1290153734,1165,0,1165,-43,0,59,2
110,360,21.600000,0.000000,0,2,1290153739,1165,0,1165,-43,0,59,2
110,360,21.600000,0.000000,0,2,1290153745,1165,0,1165,-43,0,59,2
110,360,21.600000,0.000000,0,2,1290153751,1165,0,1165,-43,0,59,2
110,360,21.600000,0.000000,0,2,1290153757,1164,0,1164,-44,0,59,2
110,360,21.600000,0.000000,0,2,1290153762,1163,0,1163,-44,0,59,2
110,360,21.600000,0.000000,0,2,1290153768,1162,0,1162,-45,0,59,2
110,360,21.600000,0.000000,0,2,1290153774,1160,0,1160,-45,0,59,2
110,360,21.600000,0.000000,0,2,1290153779,1159,0,1159,-45,0,59,2
110,360,21.600000,0.000000,0,2,1290153785,1157,0,1157,-46,0,59,2
110,360,21.600000,0.000000,0,2,1290153791,1155,0,1155,-46,0,59,2
110,360,21.600000,0.000000,0,2,1290153797,1153,0,1153,-47,0,59,2
110,360,21.600000,0.000000,0,2,1290153802,1151,0,1151,-48,0,59,2
110,360,21.600000,0.000000,0,2,1290153808,1150,0,1150,-49,0,59,2
110,360,21.600000,0.000000,0,2,1290153814,1148,0,1148,-50,0,59,2
110,360,21.600000,0.000000,0,2,1290153819,1147,0,1147,-50,0,59,2
110,360,21.600000,0.000000,0,2,1290153825,1145,0,1145,-51,0,59,2
110,360,21.600000,0.000000,0,2,1290153831,1144,0,1144,-52,0,59,2
110,360,21.600000,0.000000,0,2,1290153839,1143,0,1143,-52,0,59,2
110,360,21.600000,0.000000,0,2,1290153845,1142,0,1142,-52,0,59,2
110,360,21.600000,0.000000,0,2,1290153851,1141,0,1141,-52,0,59,2
110,360,21.600000,0.000000,0,2,1290153857,1140,0,1140,-52,0,59,2
110,360,21.600000,0.000000,0,2,1290153863,1140,0,1140,-53,0,59,2
110,360,21.600000,0.000000,0,2,1290153868,1140,0,1140,-53,0,59,2
110,360,21.600000,0.000000,0,2,1290153874,1140,0,1140,-53,0,59,2
110,360,21.600000,0.000000,0,2,1290153880,1140,0,1140,-53,0,59,2
110,360,21.600000,0.000000,0,2,1290153885,1140,0,1140,-53,0,59,2
110,360,21.600000,0.000000,0,2,1290153890,1140,0,1140,-53,0,59,2
110,360,21.600000,0.000000,0,2,1290153896,1140,0,1140,-53,0,59,2
110,360,21.600000,0.000000,0,2,1290153902,1140,0,1140,-53,0,59,2
110,360,21.600000,0.000000,0,2,1290153907,1140,0,1140,-53,0,59,2
110,360,21.600000,0.000000,0,2,1290153913,1140,0,1140,-53,0,59,2
110,360,21.600000,0.000000,0,2,1290153918,1140,0,1140,-53,0,59,2
110,360,21.600000,0.000000,0,2,1290153924,1140,0,1140,-53,0,59,2
110,360,21.600000,0.000000,0,2,1290153929,1140,0,1140,-53,0,59,2
110,360,21.600000,0.000000,0,2,1290153935,1140,0,1140,-53,0,59,2
110,360,21.600000,0.000000,0,2,1290153940,1140,0,1140,-53,0,59,2
110,360,21.600000,0.000000,0,2,1290153946,1140,0,1140,-53,0,59,2
110,360,21.600000,0.000000,0,2,1290153951,1140,0,1140,-53,0,59,2
110,360,21.600000,0.000000,0,2,1290153957,1140,0,1140,-53,0,59,2
110,360,21.600000,0.000000,0,2,1290153963,1140,0,1140,-53,0,59,2
110,360,21.600000,0.000000,0,2,1290153968,1140,0,1140,-53,0,59,2
110,360,21.600000,0.000000,0,2,1290153974,1140,0,1140,-53,0,59,2
110,360,21.600000,0.000000,0,2,1290153979,1140,0,1140,-53,0,59,2
110,360,21.600000,0.000000,0,2,1290153985,1140,0,1140,-53,0,59,2
110,360,21.600000,0.000000,0,2,1290153991,1140,0,1140,-53,0,59,2
110,360,21.600000,0.000000,0,2,1290153997,1140,0,1140,-53,0,59,2
110,360,21.600000,0.000000,0,2,1290154002,1140,0,1140,-53,0,59,2
110,360,21.600000,0.000000,0,2,1290154007,1140,0,1140,-53,0,59,2
110,360,21.600000,0.000000,0,2,1290154013,1140,0,1140,-53,0,59,2
110,360,21.600000,0.000000,0,2,1290154018,1140,0,1140,-53,0,59,2
110,360,21.600000,0.000000,0,2,1290154024,1140,0,1140,-53,0,59,2
110,360,21.600000,0.000000,0,2,1290154029,1140,0,1140,-53,0,59,2
110,360,21.600000,0.000000,0,2,1290154035,1140,0,1140,-53,0,59,2
110,360,21.600000,0.000000,0,2,1290154041,1140,0,1140,-54,0,59,2
110,360,21.600000,0.000000,0,2,1290154047,1140,0,1140,-55,0,59,2
110,360,21.600000,0.000000,0,2,1290154052,1140,0,1140,-55,0,59,2
110,360,21.600000,0.000000,0,2,1290154066,1140,0,1140,-55,0,59,2
