110,720,21.600000,10000.000000,1,2,1290382557,599,16,599,16,1,83,2
110,720,21.600000,10000.000000,1,2,1290382558,599,16,599,16,1,83,2
110,720,21.600000,10000.000000,1,2,1290382564,599,16,599,16,1,83,2
110,720,21.600000,10000.000000,1,2,1290382569,599,16,599,16,1,83,2
110,720,21.600000,10000.000000,1,2,1290382575,599,16,599,16,1,83,2
110,720,21.600000,10000.000000,1,2,1290382580,599,16,599,16,1,83,2
110,720,21.600000,10000.000000,1,2,1290382585,599,16,599,16,1,83,2
110,720,21.600000,10000.000000,1,2,1290382591,599,16,599,16,1,83,2
110,720,21.600000,10000.000000,1,2,1290382597,599,16,599,16,1,83,2
110,720,21.600000,10000.000000,1,2,1290382602,599,16,599,16,1,83,2
110,720,21.600000,10000.000000,1,2,1290382608,599,16,599,16,1,83,2
110,720,21.600000,10000.000000,1,2,1290382614,600,16,600,16,1,83,2
110,720,21.600000,10000.000000,1,2,1290382619,601,16,601,16,1,83,2
110,720,21.600000,10000.000000,1,2,1290382625,604,17,604,17,1,83,2
110,720,21.600000,10000.000000,1,2,1290382631,610,19,610,19,1,83,2
110,720,21.600000,10000.000000,1,2,1290382637,618,22,618,22,1,83,2
110,720,21.600000,10000.000000,1,2,1290382643,629,24,629,24,1,83,2
110,720,21.600000,10000.000000,1,2,1290382648,646,27,646,27,1,83,2
110,720,21.600000,10000.000000,1,2,1290382654,664,30,664,30,1,83,2
110,720,21.600000,10000.000000,1,2,1290382660,689,33,689,33,1,83,2
110,720,21.600000,10000.000000,1,2,1290382666,717,36,717,36,1,83,2
110,720,21.600000,10000.000000,1,2,1290382672,751,39,751,39,1,83,2
110,720,21.600000,10000.000000,1,2,1290382678,786,41,786,41,1,83,2
110,720,21.600000,10000.000000,1,2,1290382685,837,44,837,44,1,83,2
110,720,21.600000,10000.000000,1,2,1290382691,899,46,899,46,1,83,2
110,720,21.600000,10000.000000,1,2,1290382697,950,46,950,46,1,83,2
110,720,21.600000,10000.000000,1,2,1290382703,1008,47,1008,47,1,83,2
110,720,21.600000,10000.000000,1,2,1290382709,1076,46,1076,46,1,83,2
110,720,21.600000,10000.000000,1,2,1290382715,1121,44,1121,44,1,83,2
110,720,21.600000,10000.000000,1,2,1290382721,1149,43,1149,43,1,83,2
110,720,21.600000,10000.000000,1,2,1290382727,1187,41,1187,41,1,83,2
110,720,21.600000,10000.000000,1,2,1290382732,1221,40,1221,40,1,83,2
110,720,21.600000,10000.000000,1,2,1290382738,1249,38,1249,38,1,83,2
110,720,21.600000,10000.000000,1,2,1290382744,1271,36,1271,36,1,83,2
110,720,21.600000,10000.000000,1,2,1290382750,1288,34,1288,34,1,83,2
110,720,21.600000,10000.000000,1,2,1290382755,1302,33,1302,33,1,83,2
110,720,21.600000,10000.000000,1,2,1290382761,1316,30,1316,30,1,83,2
110,720,21.600000,10000.000000,1,2,1290382768,1324,29,1324,29,1,83,2
110,720,21.600000,10000.000000,1,2,1290382773,1332,26,1332,26,1,83,2
110,720,21.600000,10000.000000,1,2,1290382779,1334,25,1334,25,1,83,2
110,720,21.600000,10000.000000,1,2,1290382785,1337,24,1337,24,1,83,2
110,720,21.600000,10000.000000,1,2,1290382791,1337,23,1337,23,1,83,2
110,720,21.600000,10000.000000,1,2,1290382797,1337,22,1337,22,1,83,2
110,720,21.600000,10000.000000,1,2,1290382802,1337,22,1337,22,1,83,2
110,720,21.600000,10000.000000,1,2,1290382808,1337,21,1337,21,1,83,2
110,720,21.600000,10000.000000,1,2,1290382814,1336,21,1336,21,1,83,2
110,720,21.600000,10000.000000,1,2,1290382819,1335,21,1335,21,1,83,2
110,720,21.600000,10000.000000,1,2,1290382824,1334,21,1334,21,1,83,2
110,720,21.600000,10000.000000,1,2,1290382830,1333,21,1333,21,1,83,2
110,720,21.600000,10000.000000,1,2,1290382835,1333,21,1333,21,1,83,2
110,720,21.600000,10000.000000,1,2,1290382841,1333,21,1333,21,1,83,2
110,720,21.600000,10000.000000,1,2,1290382847,1333,21,1333,21,1,83,2
110,720,21.600000,10000.000000,1,2,1290382852,1333,21,1333,21,1,83,2
110,720,21.600000,10000.000000,1,2,1290382858,1333,21,1333,21,1,83,2
110,720,21.600000,10000.000000,1,2,1290382863,1333,21,1333,21,1,83,2
110,720,21.600000,10000.000000,1,2,1290382869,1333,21,1333,21,1,83,2
110,720,21.600000,10000.000000,1,2,1290382874,1333,22,1333,22,1,83,2
110,720,21.600000,10000.000000,1,2,1290382880,1334,23,1334,23,1,83,2
110,720,21.600000,10000.000000,1,2,1290382885,1335,23,1335,23,1,83,2
110,720,21.600000,10000.000000,1,2,1290382891,1336,23,1336,23,1,83,2
110,720,21.600000,10000.000000,1,2,1290382896,1337,23,1337,23,1,83,2
110,720,21.600000,10000.000000,1,2,1290382902,1338,23,1338,23,1,83,2
110,720,21.600000,10000.000000,1,2,1290382908,1339,23,1339,23,1,83,2
110,720,21.600000,10000.000000,1,2,1290382913,1339,22,1339,22,1,83,2
110,720,21.600000,10000.000000,1,2,1290382919,1339,21,1339,21,1,83,2
110,720,21.600000,10000.000000,1,2,1290382924,1339,20,1339,20,1,83,2
110,720,21.600000,10000.000000,1,2,1290382930,1339,19,1339,19,1,83,2
110,720,21.600000,10000.000000,1,2,1290382936,1339,19,1339,19,1,83,2
110,720,21.600000,10000.000000,1,2,1290382942,1338,19,1338,19,1,83,2
110,720,21.600000,10000.000000,1,2,1290382947,1335,19,1335,19,1,83,2
110,720,21.600000,10000.000000,1,2,1290382953,1332,19,1332,19,1,83,2
110,720,21.600000,10000.000000,1,2,1290382959,1328,19,1328,19,1,83,2
110,720,21.600000,10000.000000,1,2,1290382964,1325,19,1325,19,1,83,2
110,720,21.600000,10000.000000,1,2,1290382970,1322,19,1322,19,1,83,2
110,720,21.600000,10000.000000,1,2,1290382976,1319,19,1319,19,1,83,2
110,720,21.600000,10000.000000,1,2,1290382982,1318,19,1318,19,1,83,2
110,720,21.600000,10000.000000,1,2,1290382987,1317,19,1317,19,1,83,2
110,720,21.600000,10000.000000,1,2,1290382993,1316,19,1316,19,1,83,2
110,720,21.600000,10000.000000,1,2,1290382998,1316,19,1316,19,1,83,2
110,720,21.600000,10000.000000,1,2,1290383004,1316,19,1316,19,1,83,2
110,720,21.600000,10000.000000,1,2,1290383010,1316,19,1316,19,1,83,2
110,720,21.600000,10000.000000,1,2,1290383015,1316,19,1316,19,1,83,2
110,720,21.600000,10000.000000,1,2,1290383021,1316,18,1316,18,1,83,2
110,720,21.600000,10000.000000,1,2,1290383027,1316,17,1316,17,1,83,2
110,720,21.600000,10000.000000,1,2,1290383032,1315,17,1315,17,1,83,2
110,720,21.600000,10000.000000,1,2,1290383038,1314,17,1314,17,1,83,2
110,720,21.600000,10000.000000,1,2,1290383044,1313,17,1313,17,1,83,2
110,720,21.600000,10000.000000,1,2,1290383049,1313,17,1313,17,1,83,2
110,720,21.600000,10000.000000,1,2,1290383055,1313,17,1313,17,1,83,2
110,720,21.600000,10000.000000,1,2,1290383060,1313,17,1313,17,1,83,2
110,720,21.600000,10000.000000,1,2,1290383066,1313,17,1313,17,1,83,2
110,720,21.600000,10000.000000,1,2,1290383072,1313,17,1313,17,1,83,2
110,720,21.600000,10000.000000,1,2,1290383077,1313,17,1313,17,1,83,2
110,720,21.600000,10000.000000,1,2,1290383082,1313,17,1313,17,1,83,2
110,720,21.600000,10000.000000,1,2,1290383088,1313,17,1313,17,1,83,2
110,720,21.600000,10000.000000,1,2,1290383093,1313,17,1313,17,1,83,2
110,720,21.600000,10000.000000,1,2,1290383106,1313,17,1313,17,0,83,2
