51,500,115.000000,10000.000000,0,0,283666797,682,0,682,0,0,19,19
51,500,115.000000,10000.000000,0,0,283666798,682,0,682,0,0,19,19
51,500,115.000000,10000.000000,0,0,283666805,682,0,682,0,0,19,19
51,500,115.000000,10000.000000,0,0,283666812,682,0,682,0,0,19,19
51,500,115.000000,10000.000000,0,0,283666819,682,0,682,0,0,19,19
51,500,115.000000,10000.000000,0,0,283666826,682,0,682,0,0,19,19
51,500,115.000000,10000.000000,0,0,283666833,682,0,682,0,0,19,19
51,500,115.000000,10000.000000,0,0,283666849,682,0,682,0,0,19,19
51,500,115.000000,10000.000000,0,0,283666858,682,0,682,0,0,19,19
51,500,115.000000,10000.000000,0,0,283666866,682,0,682,0,0,19,19
51,500,115.000000,10000.000000,0,0,283666872,683,0,683,-1,0,19,19
51,500,115.000000,10000.000000,0,0,283666877,686,0,686,-2,0,19,19
51,500,115.000000,10000.000000,0,0,283666883,690,0,690,-3,0,19,19
51,500,115.000000,10000.000000,0,0,283666889,696,0,696,-3,0,19,19
51,500,115.000000,10000.000000,0,0,283666896,704,0,704,-5,0,19,19
51,500,115.000000,10000.000000,0,0,283666902,713,0,713,-8,0,19,19
51,500,115.000000,10000.000000,0,0,283666909,724,0,724,-10,0,19,19
51,500,115.000000,10000.000000,0,0,283666916,743,0,743,-15,0,19,19
51,500,115.000000,10000.000000,0,0,283666923,764,0,764,-20,0,19,19
51,500,115.000000,10000.000000,0,0,283666930,788,0,788,-25,0,19,19
51,500,115.000000,10000.000000,0,0,283666938,818,0,818,-32,0,19,19
51,500,115.000000,10000.000000,0,0,283666944,853,0,853,-40,0,19,19
51,500,115.000000,10000.000000,0,0,283666951,892,0,892,-49,0,19,19
51,500,115.000000,10000.000000,0,0,283666958,928,0,928,-58,0,19,19
51,500,115.000000,10000.000000,0,0,283666974,967,0,967,-69,0,19,19
51,500,115.000000,10000.000000,0,0,283666983,1042,0,1042,-89,0,19,19
51,500,115.000000,10000.000000,0,0,283666991,1083,0,1083,-99,0,19,19
51,500,115.000000,10000.000000,0,0,283666996,1126,0,1126,-110,0,19,19
51,500,115.000000,10000.000000,0,0,283667003,1154,0,1154,-116,0,19,19
51,500,115.000000,10000.000000,0,0,283667010,1175,0,1175,-121,0,19,19
51,500,115.000000,10000.000000,0,0,283667016,1200,0,1200,-127,0,19,19
51,500,115.000000,10000.000000,0,0,283667022,1212,0,1212,-130,0,19,19
51,500,115.000000,10000.000000,0,0,283667028,1220,0,1220,-132,0,19,19
51,500,115.000000,10000.000000,0,0,283667035,1225,0,1225,-133,0,19,19
51,500,115.000000,10000.000000,0,0,283667041,1227,0,1227,-134,0,19,19
51,500,115.000000,10000.000000,0,0,283667048,1230,0,1230,-135,0,19,19
51,500,115.000000,10000.000000,0,0,283667055,1230,0,1230,-136,0,19,19
51,500,115.000000,10000.000000,0,0,283667062,1228,0,1228,-136,0,19,19
51,500,115.000000,10000.000000,0,0,283667069,1226,0,1226,-136,0,19,19
51,500,115.000000,10000.000000,0,0,283667076,1224,0,1224,-136,0,19,19
51,500,115.000000,10000.000000,0,0,283667083,1223,0,1223,-136,0,19,19
51,500,115.000000,10000.000000,0,0,283667090,1222,0,1222,-136,0,19,19
51,500,115.000000,10000.000000,0,0,283667097,1221,0,1221,-136,0,19,19
51,500,115.000000,10000.000000,0,0,283667103,1221,0,1221,-136,0,19,19
51,500,115.000000,10000.000000,0,0,283667110,1221,0,1221,-136,0,19,19
51,500,115.000000,10000.000000,0,0,283667117,1221,0,1221,-136,0,19,19
51,500,115.000000,10000.000000,0,0,283667133,1221,0,1221,-136,0,19,19
51,500,115.000000,10000.000000,0,0,283667142,1221,0,1221,-136,0,19,19
51,500,115.000000,10000.000000,0,0,283667150,1221,0,1221,-136,0,19,19
51,500,115.000000,10000.000000,0,0,283667156,1220,0,1220,-136,0,19,19
51,500,115.000000,10000.000000,0,0,283667163,1219,0,1219,-136,0,19,19
51,500,115.000000,10000.000000,0,0,283667170,1217,0,1217,-136,0,19,19
51,500,115.000000,10000.000000,0,0,283667176,1216,0,1216,-136,0,19,19
51,500,115.000000,10000.000000,0,0,283667182,1214,0,1214,-136,0,19,19
51,500,115.000000,10000.000000,0,0,283667189,1213,0,1213,-136,0,19,19
51,500,115.000000,10000.000000,0,0,283667194,1212,0,1212,-136,0,19,19
51,500,115.000000,10000.000000,0,0,283667201,1211,0,1211,-136,0,19,19
51,500,115.000000,10000.000000,0,0,283667208,1211,0,1211,-136,0,19,19
51,500,115.000000,10000.000000,0,0,283667223,1211,0,1211,-136,0,19,19
51,500,115.000000,10000.000000,0,0,283667232,1211,0,1211,-136,0,19,19
51,500,115.000000,10000.000000,0,0,283667240,1211,0,1211,-136,0,19,19
51,500,115.000000,10000.000000,0,0,283667246,1211,0,1211,-136,0,19,19
51,500,115.000000,10000.000000,0,0,283667269,1211,0,1211,-136,0,19,19
