51,1000,115.000000,0.000000,0,0,282974253,443,0,443,0,0,1,15
51,1000,115.000000,0.000000,0,0,282974255,443,0,443,0,0,1,15
51,1000,115.000000,0.000000,0,0,282974261,443,0,443,0,0,1,15
51,1000,115.000000,0.000000,0,0,282974267,443,0,443,0,0,1,15
51,1000,115.000000,0.000000,0,0,282974274,443,0,443,0,0,1,15
51,1000,115.000000,0.000000,0,0,282974281,443,0,443,0,0,1,15
51,1000,115.000000,0.000000,0,0,282974288,443,0,443,0,0,1,15
51,1000,115.000000,0.000000,0,0,282974295,443,0,443,0,0,1,15
51,1000,115.000000,0.000000,0,0,282974302,443,0,443,0,0,1,15
51,1000,115.000000,0.000000,0,0,282974309,443,0,443,0,0,1,15
51,1000,115.000000,0.000000,0,0,282974315,443,0,443,0,0,1,15
51,1000,115.000000,0.000000,0,0,282974322,443,0,443,0,0,1,15
51,1000,115.000000,0.000000,0,0,282974338,444,0,444,0,0,1,15
51,1000,115.000000,0.000000,0,0,282974346,451,0,451,0,0,1,15
51,1000,115.000000,0.000000,0,0,282974353,460,0,460,0,0,1,15
51,1000,115.000000,0.000000,0,0,282974359,472,0,472,0,0,1,15
51,1000,115.000000,0.000000,0,0,282974365,488,0,488,0,0,1,15
51,1000,115.000000,0.000000,0,0,282974371,501,0,501,0,0,1,15
51,1000,115.000000,0.000000,0,0,282974378,522,0,522,-1,0,1,15
51,1000,115.000000,0.000000,0,0,282974385,552,0,552,-3,0,1,15
51,1000,115.000000,0.000000,0,0,282974392,591,0,591,-6,0,1,15
51,1000,115.000000,0.000000,0,0,282974399,639,0,639,-11,0,1,15
51,1000,115.000000,0.000000,0,0,282974406,691,0,691,-15,0,1,15
51,1000,115.000000,0.000000,0,0,282974413,747,0,747,-18,0,1,15
51,1000,115.000000,0.000000,0,0,282974428,811,0,811,-23,0,1,15
51,1000,115.000000,0.000000,0,0,282974437,947,0,947,-30,0,1,15
51,1000,115.000000,0.000000,0,0,282974445,1033,0,1033,-34,0,1,15
51,1000,115.000000,0.000000,0,0,282974452,1105,0,1105,-36,0,1,15
51,1000,115.000000,0.000000,0,0,282974458,1164,0,1164,-38,0,1,15
51,1000,115.000000,0.000000,0,0,282974464,1207,0,1207,-39,0,1,15
51,1000,115.000000,0.000000,0,0,282974470,1244,0,1244,-40,0,1,15
51,1000,115.000000,0.000000,0,0,282974476,1282,0,1282,-40,0,1,15
51,1000,115.000000,0.000000,0,0,282974482,1313,0,1313,-40,0,1,15
51,1000,115.000000,0.000000,0,0,282974498,1345,0,1345,-40,0,1,15
51,1000,115.000000,0.000000,0,0,282974507,1420,0,1420,-41,0,1,15
51,1000,115.000000,0.000000,0,0,282974515,1454,0,1454,-42,0,1,15
51,1000,115.000000,0.000000,0,0,282974521,1473,0,1473,-43,0,1,15
51,1000,115.000000,0.000000,0,0,282974528,1482,0,1482,-44,0,1,15
51,1000,115.000000,0.000000,0,0,282974534,1491,0,1491,-45,0,1,15
51,1000,115.000000,0.000000,0,0,282974540,1495,0,1495,-45,0,1,15
51,1000,115.000000,0.000000,0,0,282974546,1497,0,1497,-45,0,1,15
51,1000,115.000000,0.000000,0,0,282974552,1500,0,1500,-45,0,1,15
51,1000,115.000000,0.000000,0,0,282974559,1501,0,1501,-45,0,1,15
51,1000,115.000000,0.000000,0,0,282974566,1501,0,1501,-45,0,1,15
51,1000,115.000000,0.000000,0,0,282974572,1501,0,1501,-45,0,1,15
51,1000,115.000000,0.000000,0,0,282974588,1501,0,1501,-45,0,1,15
51,1000,115.000000,0.000000,0,0,282974597,1501,0,1501,-45,0,1,15
51,1000,115.000000,0.000000,0,0,282974605,1501,0,1501,-45,0,1,15
51,1000,115.000000,0.000000,0,0,282974611,1501,0,1501,-45,0,1,15
51,1000,115.000000,0.000000,0,0,282974617,1501,0,1501,-45,0,1,15
51,1000,115.000000,0.000000,0,0,282974623,1501,0,1501,-45,0,1,15
51,1000,115.000000,0.000000,0,0,282974629,1501,0,1501,-45,0,1,15
51,1000,115.000000,0.000000,0,0,282974636,1501,0,1501,-45,0,1,15
51,1000,115.000000,0.000000,0,0,282974642,1501,0,1501,-45,0,1,15
51,1000,115.000000,0.000000,0,0,282974649,1502,0,1502,-45,0,1,15
51,1000,115.000000,0.000000,0,0,282974656,1503,0,1503,-45,0,1,15
51,1000,115.000000,0.000000,0,0,282974663,1504,0,1504,-45,0,1,15
51,1000,115.000000,0.000000,0,0,282974671,1505,0,1505,-45,0,1,15
51,1000,115.000000,0.000000,0,0,282974677,1505,0,1505,-45,0,1,15
51,1000,115.000000,0.000000,0,0,282974684,1505,0,1505,-45,0,1,15
51,1000,115.000000,0.000000,0,0,282974691,1505,0,1505,-45,0,1,15
51,1000,115.000000,0.000000,0,0,282974697,1505,0,1505,-46,0,1,15
51,1000,115.000000,0.000000,0,0,282974713,1505,0,1505,-47,0,1,15
51,1000,115.000000,0.000000,0,0,282974722,1503,0,1503,-48,0,1,15
51,1000,115.000000,0.000000,0,0,282974730,1501,0,1501,-49,0,1,15
51,1000,115.000000,0.000000,0,0,282974736,1499,0,1499,-50,0,1,15
51,1000,115.000000,0.000000,0,0,282974744,1497,0,1497,-50,0,1,15
51,1000,115.000000,0.000000,0,0,282974751,1496,0,1496,-50,0,1,15
51,1000,115.000000,0.000000,0,0,282974757,1495,0,1495,-51,0,1,15
51,1000,115.000000,0.000000,0,0,282974763,1494,0,1494,-51,0,1,15
51,1000,115.000000,0.000000,0,0,282974770,1494,0,1494,-51,0,1,15
51,1000,115.000000,0.000000,0,0,282974774,1493,0,1493,-51,0,1,15
51,1000,115.000000,0.000000,0,0,282974781,1492,0,1492,-51,0,1,15
51,1000,115.000000,0.000000,0,0,282974788,1492,0,1492,-51,0,1,15
51,1000,115.000000,0.000000,0,0,282974803,1491,0,1491,-51,0,1,15
51,1000,115.000000,0.000000,0,0,282974809,1489,0,1489,-51,0,1,15
51,1000,115.000000,0.000000,0,0,282974816,1488,0,1488,-51,0,1,15
51,1000,115.000000,0.000000,0,0,282974823,1487,0,1487,-51,0,1,15
51,1000,115.000000,0.000000,0,0,282974856,1486,0,1486,-51,0,1,15
