51,1000,30.000000,30.000000,0,0,283528967,466,16,466,16,0,15,2
51,1000,30.000000,30.000000,0,0,283528969,466,16,466,16,0,15,2
51,1000,30.000000,30.000000,0,0,283528975,464,16,464,16,0,15,2
51,1000,30.000000,30.000000,0,0,283528982,463,16,463,16,0,15,2
51,1000,30.000000,30.000000,0,0,283528989,463,16,463,16,0,15,2
51,1000,30.000000,30.000000,0,0,283528995,463,16,463,16,0,15,2
51,1000,30.000000,30.000000,0,0,283529002,463,16,463,16,0,15,2
51,1000,30.000000,30.000000,0,0,283529018,463,16,463,16,0,15,2
51,1000,30.000000,30.000000,0,0,283529027,463,15,463,15,0,15,2
51,1000,30.000000,30.000000,0,0,283529035,463,14,463,14,0,15,2
51,1000,30.000000,30.000000,0,0,283529041,464,13,464,13,0,15,2
51,1000,30.000000,30.000000,0,0,283529048,467,11,467,11,0,15,2
51,1000,30.000000,30.000000,0,0,283529054,472,10,472,10,0,15,2
51,1000,30.000000,30.000000,0,0,283529060,477,9,477,9,0,15,2
51,1000,30.000000,30.000000,0,0,283529066,485,7,485,7,0,15,2
51,1000,30.000000,30.000000,0,0,283529073,496,4,496,4,0,15,2
51,1000,30.000000,30.000000,0,0,283529079,521,0,521,-1,0,15,2
51,1000,30.000000,30.000000,0,0,283529086,538,0,538,-5,0,15,2
51,1000,30.000000,30.000000,0,0,283529093,574,0,574,-12,0,15,2
51,1000,30.000000,30.000000,0,0,283529101,614,0,614,-19,0,15,2
51,1000,30.000000,30.000000,0,0,283529108,652,0,652,-26,0,15,2
51,1000,30.000000,30.000000,0,0,283529115,715,0,715,-35,0,15,2
51,1000,30.000000,30.000000,0,0,283529121,766,0,766,-44,0,15,2
51,1000,30.000000,30.000000,0,0,283529127,807,0,807,-51,0,15,2
51,1000,30.000000,30.000000,0,0,283529143,872,0,872,-62,0,15,2
51,1000,30.000000,30.000000,0,0,283529152,1035,0,1035,-91,0,15,2
51,1000,30.000000,30.000000,0,0,283529160,1161,0,1161,-114,0,15,2
51,1000,30.000000,30.000000,0,0,283529166,1238,0,1238,-129,0,15,2
51,1000,30.000000,30.000000,0,0,283529173,1297,0,1297,-139,0,15,2
51,1000,30.000000,30.000000,0,0,283529179,1339,0,1339,-146,0,15,2
51,1000,30.000000,30.000000,0,0,283529185,1377,0,1377,-152,0,15,2
51,1000,30.000000,30.000000,0,0,283529191,1418,0,1418,-159,0,15,2
51,1000,30.000000,30.000000,0,0,283529197,1440,0,1440,-162,0,15,2
51,1000,30.000000,30.000000,0,0,283529204,1466,0,1466,-165,0,15,2
51,1000,30.000000,30.000000,0,0,283529211,1488,0,1488,-167,0,15,2
51,1000,30.000000,30.000000,0,0,283529218,1498,0,1498,-168,0,15,2
51,1000,30.000000,30.000000,0,0,283529233,1503,0,1503,-168,0,15,2
51,1000,30.000000,30.000000,0,0,283529242,1504,0,1504,-168,0,15,2
51,1000,30.000000,30.000000,0,0,283529250,1501,0,1501,-168,0,15,2
51,1000,30.000000,30.000000,0,0,283529257,1496,2,1496,-166,0,15,2
51,1000,30.000000,30.000000,0,0,283529263,1491,4,1491,-164,0,15,2
51,1000,30.000000,30.000000,0,0,283529269,1487,5,1487,-163,0,15,2
51,1000,30.000000,30.000000,0,0,283529275,1485,7,1485,-161,0,15,2
51,1000,30.000000,30.000000,0,0,283529281,1483,8,1483,-160,0,15,2
51,1000,30.000000,30.000000,0,0,283529288,1482,8,1482,-160,0,15,2
51,1000,30.000000,30.000000,0,0,283529294,1481,8,1481,-160,0,15,2
51,1000,30.000000,30.000000,0,0,283529301,1480,8,1480,-160,0,15,2
51,1000,30.000000,30.000000,0,0,283529308,1480,8,1480,-160,0,15,2
51,1000,30.000000,30.000000,0,0,283529315,1480,8,1480,-160,0,15,2
51,1000,30.000000,30.000000,0,0,283529322,1480,8,1480,-160,0,15,2
51,1000,30.000000,30.000000,0,0,283529329,1480,8,1480,-160,0,15,2
51,1000,30.000000,30.000000,0,0,283529336,1480,8,1480,-160,0,15,2
51,1000,30.000000,30.000000,0,0,283529343,1480,8,1480,-160,0,15,2
51,1000,30.000000,30.000000,0,0,283529358,1480,7,1480,-161,0,15,2
51,1000,30.000000,30.000000,0,0,283529367,1480,5,1480,-163,0,15,2
51,1000,30.000000,30.000000,0,0,283529375,1480,4,1480,-164,0,15,2
51,1000,30.000000,30.000000,0,0,283529382,1481,3,1481,-165,0,15,2
51,1000,30.000000,30.000000,0,0,283529388,1482,2,1482,-166,0,15,2
51,1000,30.000000,30.000000,0,0,283529394,1482,2,1482,-166,0,15,2
51,1000,30.000000,30.000000,0,0,283529400,1482,1,1482,-167,0,15,2
51,1000,30.000000,30.000000,0,0,283529406,1482,0,1482,-168,0,15,2
51,1000,30.000000,30.000000,0,0,283529412,1482,0,1482,-168,0,15,2
51,1000,30.000000,30.000000,0,0,283529419,1482,0,1482,-169,0,15,2
51,1000,30.000000,30.000000,0,0,283529426,1482,0,1482,-170,0,15,2
51,1000,30.000000,30.000000,0,0,283529433,1482,0,1482,-171,0,15,2
51,1000,30.000000,30.000000,0,0,283529440,1482,0,1482,-172,0,15,2
51,1000,30.000000,30.000000,0,0,283529447,1481,0,1481,-172,0,15,2
51,1000,30.000000,30.000000,0,0,283529454,1481,0,1481,-172,0,15,2
51,1000,30.000000,30.000000,0,0,283529461,1481,0,1481,-173,0,15,2
51,1000,30.000000,30.000000,0,0,283529468,1481,0,1481,-174,0,15,2
51,1000,30.000000,30.000000,0,0,283529475,1481,0,1481,-174,0,15,2
51,1000,30.000000,30.000000,0,0,283529482,1481,0,1481,-174,0,15,2
51,1000,30.000000,30.000000,0,0,283529489,1481,0,1481,-174,0,15,2
51,1000,30.000000,30.000000,0,0,283529496,1480,0,1480,-174,0,15,2
51,1000,30.000000,30.000000,0,0,283529502,1479,0,1479,-175,0,15,2
51,1000,30.000000,30.000000,0,0,283529518,1478,0,1478,-175,0,15,2
51,1000,30.000000,30.000000,0,0,283529527,1475,0,1475,-176,0,15,2
51,1000,30.000000,30.000000,0,0,283529535,1472,0,1472,-177,0,15,2
51,1000,30.000000,30.000000,0,0,283529541,1468,0,1468,-177,0,15,2
51,1000,30.000000,30.000000,0,0,283529549,1465,0,1465,-177,0,15,2
51,1000,30.000000,30.000000,0,0,283529555,1461,0,1461,-177,0,15,2
51,1000,30.000000,30.000000,0,0,283529562,1459,0,1459,-177,0,15,2
51,1000,30.000000,30.000000,0,0,283529578,1459,0,1459,-177,0,15,2
51,1000,30.000000,30.000000,0,0,283529587,1459,0,1459,-177,0,15,2
51,1000,30.000000,30.000000,0,0,283529595,1459,0,1459,-177,0,15,2
51,1000,30.000000,30.000000,0,0,283529601,1459,0,1459,-177,0,15,2
51,1000,30.000000,30.000000,0,0,283529607,1459,0,1459,-177,0,15,2
51,1000,30.000000,30.000000,0,0,283529614,1459,0,1459,-177,0,15,2
51,1000,30.000000,30.000000,0,0,283529621,1459,0,1459,-177,0,15,2
51,1000,30.000000,30.000000,0,0,283529627,1459,0,1459,-177,0,15,2
51,1000,30.000000,30.000000,0,0,283529644,1459,0,1459,-177,0,15,2
51,1000,30.000000,30.000000,0,0,283529669,1459,0,1459,-177,0,15,2
