51,1000,30.000000,90.000000,1,0,283951032,468,13,468,13,0,25,7
51,1000,30.000000,90.000000,1,0,283951034,468,13,468,13,0,25,7
51,1000,30.000000,90.000000,1,0,283951040,468,13,468,13,0,25,7
51,1000,30.000000,90.000000,1,0,283951046,468,13,468,13,0,25,7
51,1000,30.000000,90.000000,1,0,283951052,468,13,468,13,0,25,7
51,1000,30.000000,90.000000,1,0,283951059,468,13,468,13,0,25,7
51,1000,30.000000,90.000000,1,0,283951066,468,13,468,13,0,25,7
51,1000,30.000000,90.000000,1,0,283951072,468,13,468,13,0,25,7
51,1000,30.000000,90.000000,1,0,283951079,468,13,468,13,0,25,7
51,1000,30.000000,90.000000,1,0,283951086,468,13,468,13,0,25,7
51,1000,30.000000,90.000000,1,0,283951093,468,13,468,13,0,25,7
51,1000,30.000000,90.000000,1,0,283951100,469,14,469,14,0,25,7
51,1000,30.000000,90.000000,1,0,283951108,473,15,473,15,0,25,7
51,1000,30.000000,90.000000,1,0,283951116,481,17,481,17,0,25,7
51,1000,30.000000,90.000000,1,0,283951122,493,21,493,21,0,25,7
51,1000,30.000000,90.000000,1,0,283951128,511,26,511,26,0,25,7
51,1000,30.000000,90.000000,1,0,283951135,533,33,533,33,0,25,7
51,1000,30.000000,90.000000,1,0,283951142,572,43,572,43,0,25,7
51,1000,30.000000,90.000000,1,0,283951152,618,55,618,55,0,25,7
51,1000,30.000000,90.000000,1,0,283951160,697,76,697,76,0,25,7
51,1000,30.000000,90.000000,1,0,283951166,754,91,754,91,0,25,7
51,1000,30.000000,90.000000,1,0,283951172,808,105,808,105,0,25,7
51,1000,30.000000,90.000000,1,0,283951178,851,115,851,115,0,25,7
51,1000,30.000000,90.000000,1,0,283951185,893,122,893,122,0,25,7
51,1000,30.000000,90.000000,1,0,283951192,994,141,994,141,0,25,7
51,1000,30.000000,90.000000,1,0,283951198,1059,149,1059,149,0,25,7
51,1000,30.000000,90.000000,1,0,283951204,1129,155,1129,155,0,25,7
51,1000,30.000000,90.000000,1,0,283951211,1198,160,1198,160,0,25,7
51,1000,30.000000,90.000000,1,0,283951219,1262,160,1262,160,0,25,7
51,1000,30.000000,90.000000,1,0,283951225,1326,160,1326,160,0,25,7
51,1000,30.000000,90.000000,1,0,283951232,1390,156,1390,156,0,25,7
51,1000,30.000000,90.000000,1,0,283951240,1456,149,1456,149,0,25,7
51,1000,30.000000,90.000000,1,0,283951247,1505,140,1505,140,0,25,7
51,1000,30.000000,90.000000,1,0,283951253,1543,129,1543,129,0,25,7
51,1000,30.000000,90.000000,1,0,283951260,1577,117,1577,117,0,25,7
51,1000,30.000000,90.000000,1,0,283951267,1600,106,1600,106,0,25,7
51,1000,30.000000,90.000000,1,0,283951283,1620,94,1620,94,0,25,7
51,1000,30.000000,90.000000,1,0,283951292,1648,71,1648,71,0,25,7
51,1000,30.000000,90.000000,1,0,283951300,1655,60,1655,60,0,25,7
51,1000,30.000000,90.000000,1,0,283951307,1657,53,1657,53,0,25,7
51,1000,30.000000,90.000000,1,0,283951313,1657,48,1657,48,0,25,7
51,1000,30.000000,90.000000,1,0,283951319,1657,44,1657,44,0,25,7
51,1000,30.000000,90.000000,1,0,283951325,1655,40,1655,40,0,25,7
51,1000,30.000000,90.000000,1,0,283951331,1653,36,1653,36,0,25,7
51,1000,30.000000,90.000000,1,0,283951337,1650,34,1650,34,0,25,7
51,1000,30.000000,90.000000,1,0,283951343,1648,31,1648,31,0,25,7
51,1000,30.000000,90.000000,1,0,283951350,1645,29,1645,29,0,25,7
51,1000,30.000000,90.000000,1,0,283951357,1643,27,1643,27,0,25,7
51,1000,30.000000,90.000000,1,0,283951373,1642,26,1642,26,0,25,7
51,1000,30.000000,90.000000,1,0,283951382,1640,24,1640,24,0,25,7
51,1000,30.000000,90.000000,1,0,283951390,1639,23,1639,23,0,25,7
51,1000,30.000000,90.000000,1,0,283951396,1638,23,1638,23,0,25,7
51,1000,30.000000,90.000000,1,0,283951403,1637,23,1637,23,0,25,7
51,1000,30.000000,90.000000,1,0,283951409,1636,22,1636,22,0,25,7
51,1000,30.000000,90.000000,1,0,283951415,1635,22,1635,22,0,25,7
51,1000,30.000000,90.000000,1,0,283951421,1633,21,1633,21,0,25,7
51,1000,30.000000,90.000000,1,0,283951427,1631,20,1631,20,0,25,7
51,1000,30.000000,90.000000,1,0,283951434,1627,19,1627,19,0,25,7
51,1000,30.000000,90.000000,1,0,283951441,1619,19,1619,19,0,25,7
51,1000,30.000000,90.000000,1,0,283951447,1609,18,1609,18,0,25,7
51,1000,30.000000,90.000000,1,0,283951454,1597,17,1597,17,0,25,7
51,1000,30.000000,90.000000,1,0,283951461,1577,16,1577,16,0,25,7
51,1000,30.000000,90.000000,1,0,283951468,1560,15,1560,15,0,25,7
51,1000,30.000000,90.000000,1,0,283951475,1544,15,1544,15,0,25,7
51,1000,30.000000,90.000000,1,0,283951482,1533,15,1533,15,0,25,7
51,1000,30.000000,90.000000,1,0,283951498,1522,15,1522,15,0,25,7
51,1000,30.000000,90.000000,1,0,283951508,1505,14,1505,14,0,25,7
51,1000,30.000000,90.000000,1,0,283951515,1499,13,1499,13,0,25,7
51,1000,30.000000,90.000000,1,0,283951522,1494,12,1494,12,0,25,7
51,1000,30.000000,90.000000,1,0,283951528,1488,12,1488,12,0,25,7
51,1000,30.000000,90.000000,1,0,283951534,1485,11,1485,11,0,25,7
51,1000,30.000000,90.000000,1,0,283951541,1482,11,1482,11,0,25,7
51,1000,30.000000,90.000000,1,0,283951547,1481,11,1481,11,0,25,7
51,1000,30.000000,90.000000,1,0,283951553,1480,10,1480,10,0,25,7
51,1000,30.000000,90.000000,1,0,283951559,1479,10,1479,10,0,25,7
51,1000,30.000000,90.000000,1,0,283951565,1478,10,1478,10,0,25,7
51,1000,30.000000,90.000000,1,0,283951572,1477,10,1477,10,0,25,7
51,1000,30.000000,90.000000,1,0,283951579,1477,10,1477,10,0,25,7
51,1000,30.000000,90.000000,1,0,283951586,1477,10,1477,10,0,25,7
51,1000,30.000000,90.000000,1,0,283951593,1477,10,1477,10,0,25,7
51,1000,30.000000,90.000000,1,0,283951600,1477,10,1477,10,0,25,7
51,1000,30.000000,90.000000,1,0,283951607,1477,10,1477,10,0,25,7
51,1000,30.000000,90.000000,1,0,283951623,1477,10,1477,10,0,25,7
51,1000,30.000000,90.000000,1,0,283951632,1477,10,1477,10,0,25,7
51,1000,30.000000,90.000000,1,0,283951640,1477,10,1477,10,0,25,7
51,1000,30.000000,90.000000,1,0,283951646,1477,10,1477,10,0,25,7
51,1000,30.000000,90.000000,1,0,283951652,1476,10,1476,10,0,25,7
51,1000,30.000000,90.000000,1,0,283951658,1474,9,1474,9,0,25,7
51,1000,30.000000,90.000000,1,0,283951665,1474,9,1474,9,0,25,7
51,1000,30.000000,90.000000,1,0,283951671,1473,9,1473,9,0,25,7
51,1000,30.000000,90.000000,1,0,283951677,1472,9,1472,9,0,25,7
51,1000,30.000000,90.000000,1,0,283951683,1471,9,1471,9,0,25,7
51,1000,30.000000,90.000000,1,0,283951691,1470,9,1470,9,0,25,7
51,1000,30.000000,90.000000,1,0,283951697,1469,9,1469,9,0,25,7
51,1000,30.000000,90.000000,1,0,283951705,1467,9,1467,9,0,25,7
51,1000,30.000000,90.000000,1,0,283951712,1465,9,1465,9,0,25,7
51,1000,30.000000,90.000000,1,0,283951718,1463,9,1463,9,0,25,7
51,1000,30.000000,90.000000,1,0,283951725,1462,9,1462,9,0,25,7
51,1000,30.000000,90.000000,1,0,283951732,1461,9,1461,9,0,25,7
51,1000,30.000000,90.000000,1,0,283951739,1461,9,1461,9,0,25,7
51,1000,30.000000,90.000000,1,0,283951746,1461,9,1461,9,0,25,7
51,1000,30.000000,90.000000,1,0,283951753,1461,9,1461,9,0,25,7
51,1000,30.000000,90.000000,1,0,283951760,1461,9,1461,9,0,25,7
51,1000,30.000000,90.000000,1,0,283951767,1461,9,1461,9,0,25,7
51,1000,30.000000,90.000000,1,0,283951805,1461,9,1461,9,0,25,7
