51,500,30.000000,30.000000,1,0,283881524,705,0,705,0,0,22,14
51,500,30.000000,30.000000,1,0,283881525,705,0,705,0,0,22,14
51,500,30.000000,30.000000,1,0,283881532,705,0,705,0,0,22,14
51,500,30.000000,30.000000,1,0,283881539,705,0,705,0,0,22,14
51,500,30.000000,30.000000,1,0,283881546,705,0,705,0,0,22,14
51,500,30.000000,30.000000,1,0,283881553,705,0,705,0,0,22,14
51,500,30.000000,30.000000,1,0,283881560,705,0,705,0,0,22,14
51,500,30.000000,30.000000,1,0,283881567,705,0,705,0,0,22,14
51,500,30.000000,30.000000,1,0,283881583,705,0,705,0,0,22,14
51,500,30.000000,30.000000,1,0,283881592,705,0,705,0,0,22,14
51,500,30.000000,30.000000,1,0,283881600,710,1,710,1,0,22,14
51,500,30.000000,30.000000,1,0,283881606,719,2,719,2,0,22,14
51,500,30.000000,30.000000,1,0,283881612,731,5,731,5,0,22,14
51,500,30.000000,30.000000,1,0,283881619,744,8,744,8,0,22,14
51,500,30.000000,30.000000,1,0,283881625,762,14,762,14,0,22,14
51,500,30.000000,30.000000,1,0,283881631,778,19,778,19,0,22,14
51,500,30.000000,30.000000,1,0,283881637,801,27,801,27,0,22,14
51,500,30.000000,30.000000,1,0,283881643,832,35,832,35,0,22,14
51,500,30.000000,30.000000,1,0,283881650,867,46,867,46,0,22,14
51,500,30.000000,30.000000,1,0,283881658,905,59,905,59,0,22,14
51,500,30.000000,30.000000,1,0,283881664,960,76,960,76,0,22,14
51,500,30.000000,30.000000,1,0,283881671,997,86,997,86,0,22,14
51,500,30.000000,30.000000,1,0,283881678,1033,94,1033,94,0,22,14
51,500,30.000000,30.000000,1,0,283881685,1073,101,1073,101,0,22,14
51,500,30.000000,30.000000,1,0,283881692,1126,107,1126,107,0,22,14
51,500,30.000000,30.000000,1,0,283881708,1154,108,1154,108,0,22,14
51,500,30.000000,30.000000,1,0,283881717,1231,103,1231,103,0,22,14
51,500,30.000000,30.000000,1,0,283881725,1267,93,1267,93,0,22,14
51,500,30.000000,30.000000,1,0,283881731,1288,84,1288,84,0,22,14
51,500,30.000000,30.000000,1,0,283881738,1303,75,1303,75,0,22,14
51,500,30.000000,30.000000,1,0,283881744,1309,71,1309,71,0,22,14
51,500,30.000000,30.000000,1,0,283881750,1315,63,1315,63,0,22,14
51,500,30.000000,30.000000,1,0,283881756,1318,57,1318,57,0,22,14
51,500,30.000000,30.000000,1,0,283881762,1319,49,1319,49,0,22,14
51,500,30.000000,30.000000,1,0,283881770,1319,41,1319,41,0,22,14
51,500,30.000000,30.000000,1,0,283881775,1319,32,1319,32,0,22,14
51,500,30.000000,30.000000,1,0,283881782,1317,22,1317,22,0,22,14
51,500,30.000000,30.000000,1,0,283881789,1314,13,1314,13,0,22,14
51,500,30.000000,30.000000,1,0,283881796,1312,6,1312,6,0,22,14
51,500,30.000000,30.000000,1,0,283881803,1310,0,1310,0,0,22,14
51,500,30.000000,30.000000,1,0,283881810,1309,0,1309,-4,0,22,14
51,500,30.000000,30.000000,1,0,283881817,1309,0,1309,-8,0,22,14
51,500,30.000000,30.000000,1,0,283881833,1309,0,1309,-10,0,22,14
51,500,30.000000,30.000000,1,0,283881842,1309,0,1309,-12,0,22,14
51,500,30.000000,30.000000,1,0,283881850,1309,0,1309,-12,0,22,14
51,500,30.000000,30.000000,1,0,283881856,1309,0,1309,-12,0,22,14
51,500,30.000000,30.000000,1,0,283881862,1309,0,1309,-12,0,22,14
51,500,30.000000,30.000000,1,0,283881869,1308,1,1308,-11,0,22,14
51,500,30.000000,30.000000,1,0,283881875,1307,2,1307,-10,0,22,14
51,500,30.000000,30.000000,1,0,283881881,1305,3,1305,-9,0,22,14
51,500,30.000000,30.000000,1,0,283881887,1304,4,1304,-8,0,22,14
51,500,30.000000,30.000000,1,0,283881894,1301,5,1301,-7,0,22,14
51,500,30.000000,30.000000,1,0,283881900,1299,5,1299,-7,0,22,14
51,500,30.000000,30.000000,1,0,283881907,1297,6,1297,-6,0,22,14
51,500,30.000000,30.000000,1,0,283881914,1294,6,1294,-6,0,22,14
51,500,30.000000,30.000000,1,0,283881921,1291,6,1291,-6,0,22,14
51,500,30.000000,30.000000,1,0,283881928,1286,7,1286,-5,0,22,14
51,500,30.000000,30.000000,1,0,283881935,1281,7,1281,-5,0,22,14
51,500,30.000000,30.000000,1,0,283881942,1275,7,1275,-5,0,22,14
51,500,30.000000,30.000000,1,0,283881958,1268,7,1268,-5,0,22,14
51,500,30.000000,30.000000,1,0,283881967,1255,5,1255,-7,0,22,14
51,500,30.000000,30.000000,1,0,283881975,1246,4,1246,-8,0,22,14
51,500,30.000000,30.000000,1,0,283881982,1240,3,1240,-9,0,22,14
51,500,30.000000,30.000000,1,0,283881988,1236,2,1236,-10,0,22,14
51,500,30.000000,30.000000,1,0,283881994,1234,1,1234,-11,0,22,14
51,500,30.000000,30.000000,1,0,283882000,1232,0,1232,-12,0,22,14
51,500,30.000000,30.000000,1,0,283882006,1231,0,1231,-13,0,22,14
51,500,30.000000,30.000000,1,0,283882012,1230,0,1230,-13,0,22,14
51,500,30.000000,30.000000,1,0,283882018,1229,0,1229,-13,0,22,14
51,500,30.000000,30.000000,1,0,283882025,1227,0,1227,-14,0,22,14
51,500,30.000000,30.000000,1,0,283882032,1226,0,1226,-14,0,22,14
51,500,30.000000,30.000000,1,0,283882039,1226,0,1226,-15,0,22,14
51,500,30.000000,30.000000,1,0,283882046,1226,0,1226,-16,0,22,14
51,500,30.000000,30.000000,1,0,283882053,1226,0,1226,-16,0,22,14
51,500,30.000000,30.000000,1,0,283882060,1226,0,1226,-16,0,22,14
51,500,30.000000,30.000000,1,0,283882067,1226,0,1226,-16,0,22,14
51,500,30.000000,30.000000,1,0,283882083,1226,0,1226,-16,0,22,14
51,500,30.000000,30.000000,1,0,283882092,1226,0,1226,-16,0,22,14
51,500,30.000000,30.000000,1,0,283882100,1225,0,1225,-16,0,22,14
51,500,30.000000,30.000000,1,0,283882106,1223,0,1223,-16,0,22,14
51,500,30.000000,30.000000,1,0,283882113,1222,0,1222,-16,0,22,14
51,500,30.000000,30.000000,1,0,283882119,1221,0,1221,-16,0,22,14
51,500,30.000000,30.000000,1,0,283882124,1220,0,1220,-16,0,22,14
51,500,30.000000,30.000000,1,0,283882131,1219,0,1219,-16,0,22,14
51,500,30.000000,30.000000,1,0,283882137,1218,0,1218,-16,0,22,14
51,500,30.000000,30.000000,1,0,283882144,1217,0,1217,-17,0,22,14
51,500,30.000000,30.000000,1,0,283882151,1216,0,1216,-18,0,22,14
51,500,30.000000,30.000000,1,0,283882158,1216,0,1216,-18,0,22,14
51,500,30.000000,30.000000,1,0,283882165,1216,0,1216,-18,0,22,14
51,500,30.000000,30.000000,1,0,283882171,1216,0,1216,-18,0,22,14
51,500,30.000000,30.000000,1,0,283882178,1216,0,1216,-18,0,22,14
51,500,30.000000,30.000000,1,0,283882185,1216,0,1216,-18,0,22,14
51,500,30.000000,30.000000,1,0,283882192,1216,0,1216,-18,0,22,14
51,500,30.000000,30.000000,1,0,283882208,1216,0,1216,-18,0,22,14
51,500,30.000000,30.000000,1,0,283882217,1216,0,1216,-18,0,22,14
51,500,30.000000,30.000000,1,0,283882225,1216,0,1216,-18,0,22,14
51,500,30.000000,30.000000,1,0,283882231,1216,0,1216,-18,0,22,14
51,500,30.000000,30.000000,1,0,283882237,1216,0,1216,-18,0,22,14
51,500,30.000000,30.000000,1,0,283882243,1216,0,1216,-18,0,22,14
51,500,30.000000,30.000000,1,0,283882249,1216,0,1216,-18,0,22,14
51,500,30.000000,30.000000,1,0,283882255,1216,0,1216,-18,0,22,14
51,500,30.000000,30.000000,1,0,283882262,1216,0,1216,-18,0,22,14
51,500,30.000000,30.000000,1,0,283882292,1216,0,1216,-18,0,22,14
