51,500,115.000000,10000.000000,1,0,283991275,723,19,723,19,0,26,17
51,500,115.000000,10000.000000,1,0,283991277,723,19,723,19,0,26,17
51,500,115.000000,10000.000000,1,0,283991285,723,19,723,19,0,26,17
51,500,115.000000,10000.000000,1,0,283991291,723,19,723,19,0,26,17
51,500,115.000000,10000.000000,1,0,283991298,723,19,723,19,0,26,17
51,500,115.000000,10000.000000,1,0,283991304,723,19,723,19,0,26,17
51,500,115.000000,10000.000000,1,0,283991310,723,19,723,19,0,26,17
51,500,115.000000,10000.000000,1,0,283991316,725,19,725,19,0,26,17
51,500,115.000000,10000.000000,1,0,283991322,730,19,730,19,0,26,17
51,500,115.000000,10000.000000,1,0,283991329,737,21,737,21,0,26,17
51,500,115.000000,10000.000000,1,0,283991335,751,24,751,24,0,26,17
51,500,115.000000,10000.000000,1,0,283991342,770,27,770,27,0,26,17
51,500,115.000000,10000.000000,1,0,283991349,791,30,791,30,0,26,17
51,500,115.000000,10000.000000,1,0,283991356,820,35,820,35,0,26,17
51,500,115.000000,10000.000000,1,0,283991363,850,38,850,38,0,26,17
51,500,115.000000,10000.000000,1,0,283991370,881,42,881,42,0,26,17
51,500,115.000000,10000.000000,1,0,283991377,914,45,914,45,0,26,17
51,500,115.000000,10000.000000,1,0,283991384,949,49,949,49,0,26,17
51,500,115.000000,10000.000000,1,0,283991391,1020,56,1020,56,0,26,17
51,500,115.000000,10000.000000,1,0,283991399,1060,59,1060,59,0,26,17
51,500,115.000000,10000.000000,1,0,283991406,1091,61,1091,61,0,26,17
51,500,115.000000,10000.000000,1,0,283991412,1117,62,1117,62,0,26,17
51,500,115.000000,10000.000000,1,0,283991419,1139,63,1139,63,0,26,17
51,500,115.000000,10000.000000,1,0,283991426,1166,63,1166,63,0,26,17
51,500,115.000000,10000.000000,1,0,283991433,1186,61,1186,61,0,26,17
51,500,115.000000,10000.000000,1,0,283991440,1203,57,1203,57,0,26,17
51,500,115.000000,10000.000000,1,0,283991446,1218,53,1218,53,0,26,17
51,500,115.000000,10000.000000,1,0,283991454,1226,50,1226,50,0,26,17
51,500,115.000000,10000.000000,1,0,283991460,1235,45,1235,45,0,26,17
51,500,115.000000,10000.000000,1,0,283991467,1240,41,1240,41,0,26,17
51,500,115.000000,10000.000000,1,0,283991474,1243,37,1243,37,0,26,17
51,500,115.000000,10000.000000,1,0,283991481,1244,34,1244,34,0,26,17
51,500,115.000000,10000.000000,1,0,283991488,1244,31,1244,31,0,26,17
51,500,115.000000,10000.000000,1,0,283991495,1244,28,1244,28,0,26,17
51,500,115.000000,10000.000000,1,0,283991502,1244,26,1244,26,0,26,17
51,500,115.000000,10000.000000,1,0,283991518,1244,25,1244,25,0,26,17
51,500,115.000000,10000.000000,1,0,283991527,1244,23,1244,23,0,26,17
51,500,115.000000,10000.000000,1,0,283991535,1244,23,1244,23,0,26,17
51,500,115.000000,10000.000000,1,0,283991541,1244,23,1244,23,0,26,17
51,500,115.000000,10000.000000,1,0,283991548,1244,23,1244,23,0,26,17
51,500,115.000000,10000.000000,1,0,283991553,1244,23,1244,23,0,26,17
51,500,115.000000,10000.000000,1,0,283991559,1245,23,1245,23,0,26,17
51,500,115.000000,10000.000000,1,0,283991566,1246,23,1246,23,0,26,17
51,500,115.000000,10000.000000,1,0,283991572,1246,23,1246,23,0,26,17
51,500,115.000000,10000.000000,1,0,283991579,1246,23,1246,23,0,26,17
51,500,115.000000,10000.000000,1,0,283991586,1246,23,1246,23,0,26,17
51,500,115.000000,10000.000000,1,0,283991593,1246,23,1246,23,0,26,17
51,500,115.000000,10000.000000,1,0,283991599,1246,23,1246,23,0,26,17
51,500,115.000000,10000.000000,1,0,283991607,1246,23,1246,23,0,26,17
51,500,115.000000,10000.000000,1,0,283991615,1244,22,1244,22,0,26,17
51,500,115.000000,10000.000000,1,0,283991622,1241,21,1241,21,0,26,17
51,500,115.000000,10000.000000,1,0,283991627,1239,20,1239,20,0,26,17
51,500,115.000000,10000.000000,1,0,283991634,1237,19,1237,19,0,26,17
51,500,115.000000,10000.000000,1,0,283991641,1235,18,1235,18,0,26,17
51,500,115.000000,10000.000000,1,0,283991648,1234,18,1234,18,0,26,17
51,500,115.000000,10000.000000,1,0,283991655,1233,17,1233,17,0,26,17
51,500,115.000000,10000.000000,1,0,283991663,1232,17,1232,17,0,26,17
51,500,115.000000,10000.000000,1,0,283991669,1231,16,1231,16,0,26,17
51,500,115.000000,10000.000000,1,0,283991676,1230,15,1230,15,0,26,17
51,500,115.000000,10000.000000,1,0,283991682,1230,15,1230,15,0,26,17
51,500,115.000000,10000.000000,1,0,283991689,1230,15,1230,15,0,26,17
51,500,115.000000,10000.000000,1,0,283991713,1230,15,1230,15,0,26,17
