51,1000,115.000000,60.000000,1,0,222077,490,10,490,10,0,39,16
51,1000,115.000000,60.000000,1,0,222078,490,10,490,10,0,39,16
51,1000,115.000000,60.000000,1,0,222094,490,11,490,11,0,39,16
51,1000,115.000000,60.000000,1,0,222103,490,12,490,12,0,39,16
51,1000,115.000000,60.000000,1,0,222111,490,13,490,13,0,39,16
51,1000,115.000000,60.000000,1,0,222117,490,15,490,15,0,39,16
51,1000,115.000000,60.000000,1,0,222124,492,17,492,17,0,39,16
51,1000,115.000000,60.000000,1,0,222130,496,19,496,19,0,39,16
51,1000,115.000000,60.000000,1,0,222136,501,23,501,23,0,39,16
51,1000,115.000000,60.000000,1,0,222142,510,28,510,28,0,39,16
51,1000,115.000000,60.000000,1,0,222148,520,33,520,33,0,39,16
51,1000,115.000000,60.000000,1,0,222155,541,41,541,41,0,39,16
51,1000,115.000000,60.000000,1,0,222162,563,49,563,49,0,39,16
51,1000,115.000000,60.000000,1,0,222169,592,59,592,59,0,39,16
51,1000,115.000000,60.000000,1,0,222176,623,71,623,71,0,39,16
51,1000,115.000000,60.000000,1,0,222182,653,81,653,81,0,39,16
51,1000,115.000000,60.000000,1,0,222189,692,94,692,94,0,39,16
51,1000,115.000000,60.000000,1,0,222197,741,109,741,109,0,39,16
51,1000,115.000000,60.000000,1,0,222203,805,128,805,128,0,39,16
51,1000,115.000000,60.000000,1,0,222219,865,144,865,144,0,39,16
51,1000,115.000000,60.000000,1,0,222228,990,172,990,172,0,39,16
51,1000,115.000000,60.000000,1,0,222236,1060,182,1060,182,0,39,16
51,1000,115.000000,60.000000,1,0,222242,1122,186,1122,186,0,39,16
51,1000,115.000000,60.000000,1,0,222249,1169,186,1169,186,0,39,16
51,1000,115.000000,60.000000,1,0,222255,1201,184,1201,184,0,39,16
51,1000,115.000000,60.000000,1,0,222260,1223,180,1223,180,0,39,16
51,1000,115.000000,60.000000,1,0,222267,1246,174,1246,174,0,39,16
51,1000,115.000000,60.000000,1,0,222273,1277,163,1277,163,0,39,16
51,1000,115.000000,60.000000,1,0,222280,1307,151,1307,151,0,39,16
51,1000,115.000000,60.000000,1,0,222287,1335,138,1335,138,0,39,16
51,1000,115.000000,60.000000,1,0,222294,1360,122,1360,122,0,39,16
51,1000,115.000000,60.000000,1,0,222309,1386,107,1386,107,0,39,16
51,1000,115.000000,60.000000,1,0,222318,1428,78,1428,78,0,39,16
51,1000,115.000000,60.000000,1,0,222326,1443,65,1443,65,0,39,16
51,1000,115.000000,60.000000,1,0,222332,1449,58,1449,58,0,39,16
51,1000,115.000000,60.000000,1,0,222339,1452,53,1452,53,0,39,16
51,1000,115.000000,60.000000,1,0,222345,1452,49,1452,49,0,39,16
51,1000,115.000000,60.000000,1,0,222351,1451,46,1451,46,0,39,16
51,1000,115.000000,60.000000,1,0,222357,1448,43,1448,43,0,39,16
51,1000,115.000000,60.000000,1,0,222363,1445,40,1445,40,0,39,16
51,1000,115.000000,60.000000,1,0,222379,1441,38,1441,38,0,39,16
51,1000,115.000000,60.000000,1,0,222388,1437,34,1437,34,0,39,16
51,1000,115.000000,60.000000,1,0,222396,1436,32,1436,32,0,39,16
51,1000,115.000000,60.000000,1,0,222402,1436,31,1436,31,0,39,16
51,1000,115.000000,60.000000,1,0,222409,1436,30,1436,30,0,39,16
51,1000,115.000000,60.000000,1,0,222415,1436,30,1436,30,0,39,16
51,1000,115.000000,60.000000,1,0,222420,1436,29,1436,29,0,39,16
51,1000,115.000000,60.000000,1,0,222426,1436,28,1436,28,0,39,16
51,1000,115.000000,60.000000,1,0,222432,1435,28,1435,28,0,39,16
51,1000,115.000000,60.000000,1,0,222439,1434,28,1434,28,0,39,16
51,1000,115.000000,60.000000,1,0,222447,1434,27,1434,27,0,39,16
51,1000,115.000000,60.000000,1,0,222453,1433,26,1433,26,0,39,16
51,1000,115.000000,60.000000,1,0,222469,1431,25,1431,25,0,39,16
51,1000,115.000000,60.000000,1,0,222478,1430,24,1430,24,0,39,16
51,1000,115.000000,60.000000,1,0,222486,1430,24,1430,24,0,39,16
51,1000,115.000000,60.000000,1,0,222492,1430,24,1430,24,0,39,16
51,1000,115.000000,60.000000,1,0,222499,1430,24,1430,24,0,39,16
51,1000,115.000000,60.000000,1,0,222505,1430,23,1430,23,0,39,16
51,1000,115.000000,60.000000,1,0,222511,1430,23,1430,23,0,39,16
51,1000,115.000000,60.000000,1,0,222517,1430,22,1430,22,0,39,16
51,1000,115.000000,60.000000,1,0,222523,1430,21,1430,21,0,39,16
51,1000,115.000000,60.000000,1,0,222530,1430,20,1430,20,0,39,16
51,1000,115.000000,60.000000,1,0,222537,1430,19,1430,19,0,39,16
51,1000,115.000000,60.000000,1,0,222544,1430,19,1430,19,0,39,16
51,1000,115.000000,60.000000,1,0,222551,1430,19,1430,19,0,39,16
51,1000,115.000000,60.000000,1,0,222558,1430,19,1430,19,0,39,16
51,1000,115.000000,60.000000,1,0,222580,1430,19,1430,19,0,39,16
