51,1000,115.000000,0.000000,1,0,100871,476,3,476,3,0,35,1
51,1000,115.000000,0.000000,1,0,100873,476,3,476,3,0,35,1
51,1000,115.000000,0.000000,1,0,100880,476,3,476,3,0,35,1
51,1000,115.000000,0.000000,1,0,100887,477,3,477,3,0,35,1
51,1000,115.000000,0.000000,1,0,100894,478,3,478,3,0,35,1
51,1000,115.000000,0.000000,1,0,100900,479,3,479,3,0,35,1
51,1000,115.000000,0.000000,1,0,100907,480,3,480,3,0,35,1
51,1000,115.000000,0.000000,1,0,100914,481,3,481,3,0,35,1
51,1000,115.000000,0.000000,1,0,100921,482,3,482,3,0,35,1
51,1000,115.000000,0.000000,1,0,100928,483,3,483,3,0,35,1
51,1000,115.000000,0.000000,1,0,100935,485,3,485,3,0,35,1
51,1000,115.000000,0.000000,1,0,100942,486,5,486,5,0,35,1
51,1000,115.000000,0.000000,1,0,100949,488,6,488,6,0,35,1
51,1000,115.000000,0.000000,1,0,100956,491,8,491,8,0,35,1
51,1000,115.000000,0.000000,1,0,100963,494,10,494,10,0,35,1
51,1000,115.000000,0.000000,1,0,100970,497,11,497,11,0,35,1
51,1000,115.000000,0.000000,1,0,100977,502,13,502,13,0,35,1
51,1000,115.000000,0.000000,1,0,100984,509,16,509,16,0,35,1
51,1000,115.000000,0.000000,1,0,100991,517,19,517,19,0,35,1
51,1000,115.000000,0.000000,1,0,100998,526,22,526,22,0,35,1
51,1000,115.000000,0.000000,1,0,101005,539,26,539,26,0,35,1
51,1000,115.000000,0.000000,1,0,101012,553,31,553,31,0,35,1
51,1000,115.000000,0.000000,1,0,101020,572,37,572,37,0,35,1
51,1000,115.000000,0.000000,1,0,101025,599,44,599,44,0,35,1
51,1000,115.000000,0.000000,1,0,101033,628,50,628,50,0,35,1
51,1000,115.000000,0.000000,1,0,101039,670,58,670,58,0,35,1
51,1000,115.000000,0.000000,1,0,101046,708,64,708,64,0,35,1
51,1000,115.000000,0.000000,1,0,101053,762,72,762,72,0,35,1
51,1000,115.000000,0.000000,1,0,101060,818,77,818,77,0,35,1
51,1000,115.000000,0.000000,1,0,101067,888,83,888,83,0,35,1
51,1000,115.000000,0.000000,1,0,101074,958,87,958,87,0,35,1
51,1000,115.000000,0.000000,1,0,101081,1028,88,1028,88,0,35,1
51,1000,115.000000,0.000000,1,0,101088,1099,88,1099,88,0,35,1
51,1000,115.000000,0.000000,1,0,101095,1152,88,1152,88,0,35,1
51,1000,115.000000,0.000000,1,0,101102,1205,85,1205,85,0,35,1
51,1000,115.000000,0.000000,1,0,101109,1247,82,1247,82,0,35,1
51,1000,115.000000,0.000000,1,0,101116,1291,78,1291,78,0,35,1
51,1000,115.000000,0.000000,1,0,101123,1344,71,1344,71,0,35,1
51,1000,115.000000,0.000000,1,0,101130,1389,64,1389,64,0,35,1
51,1000,115.000000,0.000000,1,0,101137,1422,57,1422,57,0,35,1
51,1000,115.000000,0.000000,1,0,101144,1451,50,1451,50,0,35,1
51,1000,115.000000,0.000000,1,0,101150,1488,40,1488,40,0,35,1
51,1000,115.000000,0.000000,1,0,101157,1513,32,1513,32,0,35,1
51,1000,115.000000,0.000000,1,0,101164,1536,22,1536,22,0,35,1
51,1000,115.000000,0.000000,1,0,101171,1547,15,1547,15,0,35,1
51,1000,115.000000,0.000000,1,0,101178,1559,5,1559,5,0,35,1
51,1000,115.000000,0.000000,1,0,101185,1564,0,1564,-1,0,35,1
51,1000,115.000000,0.000000,1,0,101192,1568,0,1568,-8,0,35,1
51,1000,115.000000,0.000000,1,0,101199,1568,0,1568,-15,0,35,1
51,1000,115.000000,0.000000,1,0,101206,1568,0,1568,-21,0,35,1
51,1000,115.000000,0.000000,1,0,101213,1566,0,1566,-27,0,35,1
51,1000,115.000000,0.000000,1,0,101220,1565,0,1565,-30,0,35,1
51,1000,115.000000,0.000000,1,0,101227,1564,0,1564,-33,0,35,1
51,1000,115.000000,0.000000,1,0,101234,1562,0,1562,-35,0,35,1
51,1000,115.000000,0.000000,1,0,101241,1560,0,1560,-37,0,35,1
51,1000,115.000000,0.000000,1,0,101248,1558,0,1558,-40,0,35,1
51,1000,115.000000,0.000000,1,0,101255,1556,0,1556,-42,0,35,1
51,1000,115.000000,0.000000,1,0,101262,1554,0,1554,-44,0,35,1
51,1000,115.000000,0.000000,1,0,101268,1553,0,1553,-45,0,35,1
51,1000,115.000000,0.000000,1,0,101275,1552,0,1552,-46,0,35,1
51,1000,115.000000,0.000000,1,0,101282,1551,0,1551,-46,0,35,1
51,1000,115.000000,0.000000,1,0,101289,1550,0,1550,-46,0,35,1
51,1000,115.000000,0.000000,1,0,101296,1550,0,1550,-46,0,35,1
51,1000,115.000000,0.000000,1,0,101303,1550,0,1550,-46,0,35,1
51,1000,115.000000,0.000000,1,0,101310,1550,0,1550,-46,0,35,1
51,1000,115.000000,0.000000,1,0,101317,1550,0,1550,-46,0,35,1
51,1000,115.000000,0.000000,1,0,101324,1550,0,1550,-46,0,35,1
51,1000,115.000000,0.000000,1,0,101331,1550,0,1550,-46,0,35,1
51,1000,115.000000,0.000000,1,0,101338,1550,0,1550,-46,0,35,1
51,1000,115.000000,0.000000,1,0,101345,1550,0,1550,-46,0,35,1
51,1000,115.000000,0.000000,1,0,101352,1548,0,1548,-46,0,35,1
51,1000,115.000000,0.000000,1,0,101359,1545,0,1545,-46,0,35,1
51,1000,115.000000,0.000000,1,0,101366,1540,2,1540,-44,0,35,1
51,1000,115.000000,0.000000,1,0,101373,1535,3,1535,-43,0,35,1
51,1000,115.000000,0.000000,1,0,101380,1528,4,1528,-42,0,35,1
51,1000,115.000000,0.000000,1,0,101387,1522,5,1522,-41,0,35,1
51,1000,115.000000,0.000000,1,0,101394,1516,6,1516,-40,0,35,1
51,1000,115.000000,0.000000,1,0,101400,1511,7,1511,-39,0,35,1
51,1000,115.000000,0.000000,1,0,101407,1505,7,1505,-39,0,35,1
51,1000,115.000000,0.000000,1,0,101414,1500,8,1500,-38,0,35,1
51,1000,115.000000,0.000000,1,0,101421,1494,8,1494,-38,0,35,1
51,1000,115.000000,0.000000,1,0,101428,1487,8,1487,-38,0,35,1
51,1000,115.000000,0.000000,1,0,101435,1480,8,1480,-38,0,35,1
51,1000,115.000000,0.000000,1,0,101442,1474,7,1474,-39,0,35,1
51,1000,115.000000,0.000000,1,0,101449,1469,7,1469,-39,0,35,1
51,1000,115.000000,0.000000,1,0,101456,1465,6,1465,-40,0,35,1
51,1000,115.000000,0.000000,1,0,101463,1461,5,1461,-41,0,35,1
51,1000,115.000000,0.000000,1,0,101470,1459,4,1459,-42,0,35,1
51,1000,115.000000,0.000000,1,0,101477,1458,3,1458,-43,0,35,1
51,1000,115.000000,0.000000,1,0,101484,1456,2,1456,-44,0,35,1
51,1000,115.000000,0.000000,1,0,101491,1456,2,1456,-44,0,35,1
51,1000,115.000000,0.000000,1,0,101498,1456,2,1456,-44,0,35,1
51,1000,115.000000,0.000000,1,0,101505,1456,2,1456,-44,0,35,1
51,1000,115.000000,0.000000,1,0,101534,1456,2,1456,-44,0,35,1
