51,500,115.000000,60.000000,1,0,284148421,724,21,724,21,0,32,19
51,500,115.000000,60.000000,1,0,284148422,724,21,724,21,0,32,19
51,500,115.000000,60.000000,1,0,284148438,724,21,724,21,0,32,19
51,500,115.000000,60.000000,1,0,284148447,725,21,725,21,0,32,19
51,500,115.000000,60.000000,1,0,284148455,725,21,725,21,0,32,19
51,500,115.000000,60.000000,1,0,284148461,726,21,726,21,0,32,19
51,500,115.000000,60.000000,1,0,284148468,726,21,726,21,0,32,19
51,500,115.000000,60.000000,1,0,284148474,727,21,727,21,0,32,19
51,500,115.000000,60.000000,1,0,284148480,729,21,729,21,0,32,19
51,500,115.000000,60.000000,1,0,284148485,733,23,733,23,0,32,19
51,500,115.000000,60.000000,1,0,284148492,737,23,737,23,0,32,19
51,500,115.000000,60.000000,1,0,284148498,741,24,741,24,0,32,19
51,500,115.000000,60.000000,1,0,284148505,754,26,754,26,0,32,19
51,500,115.000000,60.000000,1,0,284148512,770,29,770,29,0,32,19
51,500,115.000000,60.000000,1,0,284148519,788,31,788,31,0,32,19
51,500,115.000000,60.000000,1,0,284148526,814,36,814,36,0,32,19
51,500,115.000000,60.000000,1,0,284148533,843,41,843,41,0,32,19
51,500,115.000000,60.000000,1,0,284148540,880,46,880,46,0,32,19
51,500,115.000000,60.000000,1,0,284148548,913,50,913,50,0,32,19
51,500,115.000000,60.000000,1,0,284148563,946,53,946,53,0,32,19
51,500,115.000000,60.000000,1,0,284148572,1032,58,1032,58,0,32,19
51,500,115.000000,60.000000,1,0,284148580,1074,58,1074,58,0,32,19
51,500,115.000000,60.000000,1,0,284148586,1110,56,1110,56,0,32,19
51,500,115.000000,60.000000,1,0,284148593,1128,53,1128,53,0,32,19
51,500,115.000000,60.000000,1,0,284148599,1144,50,1144,50,0,32,19
51,500,115.000000,60.000000,1,0,284148605,1156,46,1156,46,0,32,19
51,500,115.000000,60.000000,1,0,284148611,1164,43,1164,43,0,32,19
51,500,115.000000,60.000000,1,0,284148617,1170,38,1170,38,0,32,19
51,500,115.000000,60.000000,1,0,284148623,1173,34,1173,34,0,32,19
51,500,115.000000,60.000000,1,0,284148630,1176,28,1176,28,0,32,19
51,500,115.000000,60.000000,1,0,284148637,1177,24,1177,24,0,32,19
51,500,115.000000,60.000000,1,0,284148644,1177,20,1177,20,0,32,19
51,500,115.000000,60.000000,1,0,284148651,1175,15,1175,15,0,32,19
51,500,115.000000,60.000000,1,0,284148658,1172,11,1172,11,0,32,19
51,500,115.000000,60.000000,1,0,284148665,1170,8,1170,8,0,32,19
51,500,115.000000,60.000000,1,0,284148672,1167,5,1167,5,0,32,19
51,500,115.000000,60.000000,1,0,284148679,1166,4,1166,4,0,32,19
51,500,115.000000,60.000000,1,0,284148686,1166,3,1166,3,0,32,19
51,500,115.000000,60.000000,1,0,284148693,1166,3,1166,3,0,32,19
51,500,115.000000,60.000000,1,0,284148700,1166,3,1166,3,0,32,19
51,500,115.000000,60.000000,1,0,284148707,1166,3,1166,3,0,32,19
51,500,115.000000,60.000000,1,0,284148714,1166,3,1166,3,0,32,19
51,500,115.000000,60.000000,1,0,284148721,1166,3,1166,3,0,32,19
51,500,115.000000,60.000000,1,0,284148728,1166,3,1166,3,0,32,19
51,500,115.000000,60.000000,1,0,284148735,1166,3,1166,3,0,32,19
51,500,115.000000,60.000000,1,0,284148742,1166,3,1166,3,0,32,19
51,500,115.000000,60.000000,1,0,284148748,1166,3,1166,3,0,32,19
51,500,115.000000,60.000000,1,0,284148755,1166,3,1166,3,0,32,19
51,500,115.000000,60.000000,1,0,284148762,1166,3,1166,3,0,32,19
51,500,115.000000,60.000000,1,0,284148769,1166,3,1166,3,0,32,19
51,500,115.000000,60.000000,1,0,284148776,1166,3,1166,3,0,32,19
51,500,115.000000,60.000000,1,0,284148783,1167,2,1167,2,0,32,19
51,500,115.000000,60.000000,1,0,284148790,1168,2,1168,2,0,32,19
51,500,115.000000,60.000000,1,0,284148798,1170,2,1170,2,0,32,19
51,500,115.000000,60.000000,1,0,284148804,1172,2,1172,2,0,32,19
51,500,115.000000,60.000000,1,0,284148811,1173,1,1173,1,0,32,19
51,500,115.000000,60.000000,1,0,284148818,1175,1,1175,1,0,32,19
51,500,115.000000,60.000000,1,0,284148825,1177,1,1177,1,0,32,19
51,500,115.000000,60.000000,1,0,284148832,1178,1,1178,1,0,32,19
51,500,115.000000,60.000000,1,0,284148840,1179,1,1179,1,0,32,19
51,500,115.000000,60.000000,1,0,284148846,1179,1,1179,1,0,32,19
51,500,115.000000,60.000000,1,0,284148853,1179,1,1179,1,0,32,19
51,500,115.000000,60.000000,1,0,284148860,1179,2,1179,2,0,32,19
51,500,115.000000,60.000000,1,0,284148868,1179,3,1179,3,0,32,19
51,500,115.000000,60.000000,1,0,284148873,1178,3,1178,3,0,32,19
51,500,115.000000,60.000000,1,0,284148881,1178,3,1178,3,0,32,19
51,500,115.000000,60.000000,1,0,284148887,1178,3,1178,3,0,32,19
51,500,115.000000,60.000000,1,0,284148894,1178,3,1178,3,0,32,19
51,500,115.000000,60.000000,1,0,284148901,1178,3,1178,3,0,32,19
51,500,115.000000,60.000000,1,0,284148924,1178,3,1178,3,0,32,19
