51,1000,115.000000,60.000000,2,0,364675,464,7,464,7,0,43,0
51,1000,115.000000,60.000000,2,0,364676,464,7,464,7,0,43,0
51,1000,115.000000,60.000000,2,0,364683,464,7,464,7,0,43,0
51,1000,115.000000,60.000000,2,0,364690,464,7,464,7,0,43,0
51,1000,115.000000,60.000000,2,0,364697,464,7,464,7,0,43,0
51,1000,115.000000,60.000000,2,0,364704,464,7,464,7,0,43,0
51,1000,115.000000,60.000000,2,0,364711,464,7,464,7,0,43,0
51,1000,115.000000,60.000000,2,0,364727,464,7,464,7,0,43,0
51,1000,115.000000,60.000000,2,0,364736,464,7,464,7,0,43,0
51,1000,115.000000,60.000000,2,0,364744,466,7,466,7,0,43,0
51,0.250000,115.000000,60.000000,2,0,364750,470,8,470,8,0,43,0
51,0.250000,115.000000,60.000000,2,0,364756,478,10,478,10,0,43,0
51,0.250000,115.000000,60.000000,2,0,364761,486,12,486,12,0,43,0
51,0.230769,115.000000,60.000000,2,0,364768,499,15,499,15,0,43,0
51,0.214286,115.000000,60.000000,2,0,364774,513,18,513,18,0,43,0
51,0.235294,115.000000,60.000000,2,0,364780,530,22,530,22,0,43,0
51,0.241379,115.000000,60.000000,2,0,364787,559,29,559,29,0,43,0
51,0.200000,115.000000,60.000000,2,0,364794,604,38,604,38,0,43,0
51,0.196078,115.000000,60.000000,2,0,364801,655,48,655,48,0,43,0
51,0.150943,115.000000,60.000000,2,0,364808,708,56,708,56,0,43,0
51,0.126984,115.000000,60.000000,2,0,364815,771,64,771,64,0,43,0
51,0.136364,115.000000,60.000000,2,0,364822,815,70,815,70,0,43,0
51,0.090909,115.000000,60.000000,2,0,364829,881,76,881,76,0,43,0
51,0.055556,115.000000,60.000000,2,0,364836,935,79,935,79,0,43,0
51,0.043478,115.000000,60.000000,2,0,364843,1004,82,1004,82,0,43,0
51,1000,115.000000,60.000000,2,0,364850,1062,82,1062,82,0,43,0
51,1000,115.000000,60.000000,2,0,364857,1126,82,1126,82,0,43,0
51,-0.040816,115.000000,60.000000,2,0,364864,1175,80,1175,80,0,43,0
51,-0.068966,115.000000,60.000000,2,0,364871,1233,76,1233,76,0,43,0
51,-0.100000,115.000000,60.000000,2,0,364877,1283,71,1283,71,0,43,0
51,-0.155556,115.000000,60.000000,2,0,364884,1328,64,1328,64,0,43,0
51,-0.189189,115.000000,60.000000,2,0,364891,1365,57,1365,57,0,43,0
51,-0.214286,115.000000,60.000000,2,0,364898,1393,51,1393,51,0,43,0
51,-0.315789,115.000000,60.000000,2,0,364905,1412,45,1412,45,0,43,0
51,-0.437500,115.000000,60.000000,2,0,364912,1428,38,1428,38,0,43,0
51,-0.625000,115.000000,60.000000,2,0,364920,1436,33,1436,33,0,43,0
51,-1.250000,115.000000,60.000000,2,0,364926,1440,28,1440,28,0,43,0
51,-4.000000,115.000000,60.000000,2,0,364933,1441,24,1441,24,0,43,0
51,4.000000,115.000000,60.000000,2,0,364940,1440,20,1440,20,0,43,0
51,1.500000,115.000000,60.000000,2,0,364947,1438,17,1438,17,0,43,0
51,1.500000,115.000000,60.000000,2,0,364954,1436,14,1436,14,0,43,0
51,1.000000,115.000000,60.000000,2,0,364961,1433,11,1433,11,0,43,0
51,1.000000,115.000000,60.000000,2,0,364968,1431,9,1431,9,0,43,0
51,0.500000,115.000000,60.000000,2,0,364975,1429,8,1429,8,0,43,0
51,0.666667,115.000000,60.000000,2,0,364982,1426,6,1426,6,0,43,0
51,0.500000,115.000000,60.000000,2,0,364989,1424,5,1424,5,0,43,0
51,2.000000,115.000000,60.000000,2,0,364995,1423,3,1423,3,0,43,0
51,2.000000,115.000000,60.000000,2,0,365003,1422,1,1422,1,0,43,0
51,1000,115.000000,60.000000,2,0,365009,1422,0,1422,0,0,43,0
51,1000,115.000000,60.000000,2,0,365016,1422,0,1422,-1,0,43,0
51,1000,115.000000,60.000000,2,0,365023,1422,0,1422,-2,0,43,0
51,1000,115.000000,60.000000,2,0,365030,1424,0,1424,-2,0,43,0
51,1000,115.000000,60.000000,2,0,365037,1428,0,1428,-2,0,43,0
51,1000,115.000000,60.000000,2,0,365045,1431,0,1431,-2,0,43,0
51,1000,115.000000,60.000000,2,0,365051,1434,0,1434,-2,0,43,0
51,1000,115.000000,60.000000,2,0,365059,1437,0,1437,-2,0,43,0
51,1000,115.000000,60.000000,2,0,365065,1439,0,1439,-3,0,43,0
51,1000,115.000000,60.000000,2,0,365072,1442,0,1442,-4,0,43,0
51,1000,115.000000,60.000000,2,0,365079,1442,0,1442,-4,0,43,0
51,1000,115.000000,60.000000,2,0,365086,1442,0,1442,-4,0,43,0
51,1000,115.000000,60.000000,2,0,365102,1442,0,1442,-4,0,43,0
51,1000,115.000000,60.000000,2,0,365111,1442,0,1442,-4,0,43,0
51,1000,115.000000,60.000000,2,0,365119,1441,0,1441,-4,0,43,0
51,1000,115.000000,60.000000,2,0,365125,1441,0,1441,-4,0,43,0
51,1000,115.000000,60.000000,2,0,365131,1441,0,1441,-4,0,43,0
51,1000,115.000000,60.000000,2,0,365136,1441,0,1441,-4,0,43,0
51,1000,115.000000,60.000000,2,0,365143,1441,0,1441,-4,0,43,0
51,1000,115.000000,60.000000,2,0,365148,1441,0,1441,-4,0,43,0
51,1000,115.000000,60.000000,2,0,365155,1441,0,1441,-4,0,43,0
51,1000,115.000000,60.000000,2,0,365171,1441,0,1441,-4,0,43,0
51,1000,115.000000,60.000000,2,0,365180,1441,0,1441,-4,0,43,0
51,1000,115.000000,60.000000,2,0,365188,1441,0,1441,-4,0,43,0
51,1000,115.000000,60.000000,2,0,365218,1441,0,1441,-4,0,43,0
