51,500,115.000000,0.000000,2,0,472378,719,1,719,1,0,46,9
51,500,115.000000,0.000000,2,0,472380,719,1,719,1,0,46,9
51,500,115.000000,0.000000,2,0,472386,719,1,719,1,0,46,9
51,500,115.000000,0.000000,2,0,472392,719,1,719,1,0,46,9
51,500,115.000000,0.000000,2,0,472398,719,1,719,1,0,46,9
51,500,115.000000,0.000000,2,0,472404,719,1,719,1,0,46,9
51,500,115.000000,0.000000,2,0,472410,719,1,719,1,0,46,9
51,500,115.000000,0.000000,2,0,472417,719,1,719,1,0,46,9
51,500,115.000000,0.000000,2,0,472424,719,1,719,1,0,46,9
51,500,115.000000,0.000000,2,0,472430,719,1,719,1,0,46,9
51,500,115.000000,0.000000,2,0,472446,719,1,719,1,0,46,9
51,500,115.000000,0.000000,2,0,472455,719,1,719,1,0,46,9
51,0.250000,115.000000,0.000000,2,0,472463,723,2,723,2,0,46,9
51,0.428571,115.000000,0.000000,2,0,472469,730,5,730,5,0,46,9
51,0.428571,115.000000,0.000000,2,0,472476,744,11,744,11,0,46,9
51,0.411765,115.000000,0.000000,2,0,472482,761,18,761,18,0,46,9
51,0.416667,115.000000,0.000000,2,0,472488,785,28,785,28,0,46,9
51,0.466667,115.000000,0.000000,2,0,472494,815,42,815,42,0,46,9
51,0.454545,115.000000,0.000000,2,0,472501,848,57,848,57,0,46,9
51,0.451613,115.000000,0.000000,2,0,472507,879,71,879,71,0,46,9
51,0.433333,115.000000,0.000000,2,0,472514,909,84,909,84,0,46,9
51,0.435897,115.000000,0.000000,2,0,472521,948,101,948,101,0,46,9
51,0.434783,115.000000,0.000000,2,0,472529,994,121,994,121,0,46,9
51,0.377778,115.000000,0.000000,2,0,472538,1039,138,1039,138,0,46,9
51,0.326531,115.000000,0.000000,2,0,472545,1088,154,1088,154,0,46,9
51,0.291667,115.000000,0.000000,2,0,472551,1208,189,1208,189,0,46,9
51,0.212121,115.000000,0.000000,2,0,472557,1241,196,1241,196,0,46,9
51,0.130435,115.000000,0.000000,2,0,472563,1264,199,1264,199,0,46,9
51,0.038462,115.000000,0.000000,2,0,472570,1290,200,1290,200,0,46,9
51,500,115.000000,0.000000,2,0,472577,1323,200,1323,200,0,46,9
51,-0.131579,115.000000,0.000000,2,0,472583,1361,195,1361,195,0,46,9
51,-0.272727,115.000000,0.000000,2,0,472590,1383,189,1383,189,0,46,9
51,-0.533333,115.000000,0.000000,2,0,472597,1398,181,1398,181,0,46,9
51,-0.909091,115.000000,0.000000,2,0,472604,1409,171,1409,171,0,46,9
51,-1.500000,115.000000,0.000000,2,0,472611,1419,156,1419,156,0,46,9
51,-5.666667,115.000000,0.000000,2,0,472618,1422,139,1422,139,0,46,9
51,17.000000,115.000000,0.000000,2,0,472626,1421,122,1421,122,0,46,9
51,3.000000,115.000000,0.000000,2,0,472632,1414,101,1414,101,0,46,9
51,2.100000,115.000000,0.000000,2,0,472639,1404,80,1404,80,0,46,9
51,1.368421,115.000000,0.000000,2,0,472646,1385,54,1385,54,0,46,9
51,1.120000,115.000000,0.000000,2,0,472653,1360,26,1360,26,0,46,9
51,0.956522,115.000000,0.000000,2,0,472660,1337,4,1337,4,0,46,9
51,0.125000,115.000000,0.000000,2,0,472667,1305,0,1305,-24,0,46,9
51,500,115.000000,0.000000,2,0,472673,1274,0,1274,-49,0,46,9
51,500,115.000000,0.000000,2,0,472698,1250,0,1250,-68,0,46,9
