51,1000,30.000000,30.000000,2,0,745972,460,16,460,16,0,55,10
51,1000,30.000000,30.000000,2,0,745974,460,16,460,16,0,55,10
51,1000,30.000000,30.000000,2,0,745980,460,16,460,16,0,55,10
51,1000,30.000000,30.000000,2,0,745987,460,16,460,16,0,55,10
51,1000,30.000000,30.000000,2,0,745994,460,16,460,16,0,55,10
51,1000,30.000000,30.000000,2,0,746001,460,16,460,16,0,55,10
51,1000,30.000000,30.000000,2,0,746008,460,16,460,16,0,55,10
51,1000,30.000000,30.000000,2,0,746015,460,16,460,16,0,55,10
51,1000,30.000000,30.000000,2,0,746022,460,17,460,17,0,55,10
51,1.000000,30.000000,30.000000,2,0,746029,461,18,461,18,0,55,10
51,0.666667,30.000000,30.000000,2,0,746035,464,20,464,20,0,55,10
51,0.800000,30.000000,30.000000,2,0,746042,469,24,469,24,0,55,10
51,0.571429,30.000000,30.000000,2,0,746049,476,28,476,28,0,55,10
51,0.500000,30.000000,30.000000,2,0,746056,490,35,490,35,0,55,10
51,0.375000,30.000000,30.000000,2,0,746063,514,44,514,44,0,55,10
51,0.333333,30.000000,30.000000,2,0,746070,541,53,541,53,0,55,10
51,0.250000,30.000000,30.000000,2,0,746077,577,62,577,62,0,55,10
51,0.241758,30.000000,30.000000,2,0,746085,668,84,668,84,0,55,10
51,0.183333,30.000000,30.000000,2,0,746091,728,95,728,95,0,55,10
51,0.173913,30.000000,30.000000,2,0,746099,774,103,774,103,0,55,10
51,0.121951,30.000000,30.000000,2,0,746105,815,108,815,108,0,55,10
51,0.076923,30.000000,30.000000,2,0,746112,880,113,880,113,0,55,10
51,0.018868,30.000000,30.000000,2,0,746119,933,114,933,114,0,55,10
51,1000,30.000000,30.000000,2,0,746126,984,114,984,114,0,55,10
51,-0.038462,30.000000,30.000000,2,0,746133,1036,112,1036,112,0,55,10
51,-0.095238,30.000000,30.000000,2,0,746140,1078,108,1078,108,0,55,10
51,-0.139535,30.000000,30.000000,2,0,746146,1121,102,1121,102,0,55,10
51,-0.219512,30.000000,30.000000,2,0,746153,1162,93,1162,93,0,55,10
51,-0.256410,30.000000,30.000000,2,0,746160,1201,83,1201,83,0,55,10
51,-0.310345,30.000000,30.000000,2,0,746167,1230,74,1230,74,0,55,10
51,-0.379310,30.000000,30.000000,2,0,746174,1259,63,1259,63,0,55,10
51,-0.578947,30.000000,30.000000,2,0,746181,1278,52,1278,52,0,55,10
51,-0.684211,30.000000,30.000000,2,0,746188,1297,39,1297,39,0,55,10
51,-0.937500,30.000000,30.000000,2,0,746195,1313,31.600000,1313,24,0,55,10
51,-1.090909,30.000000,30.000000,2,0,746203,1324,31.600000,1324,12,0,55,10
51,-1.380952,30.000000,30.000000,2,0,746210,1345,31.600000,1345,-17,0,55,10
51,-2.200000,30.000000,30.000000,2,0,746216,1350,31.600000,1350,-28,0,55,10
51,-7.000000,30.000000,30.000000,2,0,746223,1351,31.600000,1351,-35,0,55,10
51,-5.500000,30.000000,30.000000,2,0,746230,1353,31.600000,1353,-46,0,55,10
51,1000,30.000000,30.000000,2,0,746237,1353,31.600000,1353,-54,0,55,10
51,1000,30.000000,30.000000,2,0,746244,1353,31.600000,1353,-62,0,55,10
51,11.000000,30.000000,30.000000,2,0,746251,1352,31.600000,1352,-73,0,55,10
51,4.000000,30.000000,30.000000,2,0,746258,1350,31.600000,1350,-81,0,55,10
51,5.000000,30.000000,30.000000,2,0,746265,1349,31.600000,1349,-86,0,55,10
51,2.000000,30.000000,30.000000,2,0,746271,1347,31.600000,1347,-90,0,55,10
51,1.500000,30.000000,30.000000,2,0,746278,1345,31.600000,1345,-93,0,55,10
51,1.000000,30.000000,30.000000,2,0,746285,1344,31.600000,1344,-94,0,55,10
51,2.000000,30.000000,30.000000,2,0,746301,1343,31.600000,1343,-96,0,55,10
51,1000,30.000000,30.000000,2,0,746310,1343,31.600000,1343,-96,0,55,10
51,1000,30.000000,30.000000,2,0,746318,1343,31.600000,1343,-96,0,55,10
51,1000,30.000000,30.000000,2,0,746324,1343,31.600000,1343,-96,0,55,10
51,1000,30.000000,30.000000,2,0,746330,1343,31.600000,1343,-96,0,55,10
51,1000,30.000000,30.000000,2,0,746336,1343,31.600000,1343,-96,0,55,10
51,0.500000,30.000000,30.000000,2,0,746342,1345,32.600000,1345,-95,0,55,10
51,1.000000,30.000000,30.000000,2,0,746349,1346,33.600000,1346,-94,0,55,10
51,0.500000,30.000000,30.000000,2,0,746355,1348,34.600000,1348,-93,0,55,10
51,1000,30.000000,30.000000,2,0,746362,1351,34.600000,1351,-93,0,55,10
51,1000,30.000000,30.000000,2,0,746369,1356,34.600000,1356,-93,0,55,10
51,1000,30.000000,30.000000,2,0,746376,1362,34.600000,1362,-93,0,55,10
51,0.125000,30.000000,30.000000,2,0,746383,1370,35.600000,1370,-92,0,55,10
51,1000,30.000000,30.000000,2,0,746389,1377,35.600000,1377,-92,0,55,10
51,1000,30.000000,30.000000,2,0,746397,1384,35.600000,1384,-92,0,55,10
51,1000,30.000000,30.000000,2,0,746403,1389,35.600000,1389,-92,0,55,10
51,1000,30.000000,30.000000,2,0,746410,1392,35.600000,1392,-92,0,55,10
51,1000,30.000000,30.000000,2,0,746426,1394,35.600000,1394,-92,0,55,10
51,1000,30.000000,30.000000,2,0,746435,1397,35.600000,1397,-92,0,55,10
51,-1.000000,30.000000,30.000000,2,0,746443,1398,34.600000,1398,-93,0,55,10
51,1000,30.000000,30.000000,2,0,746449,1399,34.600000,1399,-93,0,55,10
51,-0.333333,30.000000,30.000000,2,0,746456,1402,33.600000,1402,-94,0,55,10
51,-1.000000,30.000000,30.000000,2,0,746462,1404,31.600000,1404,-96,0,55,10
51,-0.333333,30.000000,30.000000,2,0,746469,1407,31.600000,1407,-97,0,55,10
51,-0.400000,30.000000,30.000000,2,0,746475,1412,31.600000,1412,-99,0,55,10
51,-0.200000,30.000000,30.000000,2,0,746481,1417,30.600000,1417,-100,0,55,10
51,-0.250000,30.000000,30.000000,2,0,746487,1421,29.600000,1421,-101,0,55,10
51,-0.250000,30.000000,30.000000,2,0,746494,1429,27.600000,1429,-103,0,55,10
51,-0.285714,30.000000,30.000000,2,0,746501,1436,25.600000,1436,-105,0,55,10
51,-0.250000,30.000000,30.000000,2,0,746508,1444,23.600000,1444,-107,0,55,10
51,-0.400000,30.000000,30.000000,2,0,746515,1449,21.600000,1449,-109,0,55,10
51,-0.333333,30.000000,30.000000,2,0,746521,1452,20.600000,1452,-110,0,55,10
51,-1.000000,30.000000,30.000000,2,0,746529,1453,19.600000,1453,-111,0,55,10
51,-0.500000,30.000000,30.000000,2,0,746535,1455,18.600000,1455,-112,0,55,10
51,1000,30.000000,30.000000,2,0,746542,1455,18.600000,1455,-112,0,55,10
51,1000,30.000000,30.000000,2,0,746549,1455,17.600000,1455,-113,0,55,10
51,1000,30.000000,30.000000,2,0,746556,1455,15.600000,1455,-115,0,55,10
51,1000,30.000000,30.000000,2,0,746563,1455,14.600000,1455,-116,0,55,10
51,1000,30.000000,30.000000,2,0,746570,1454,14.600000,1454,-116,0,55,10
51,1000,30.000000,30.000000,2,0,746577,1453,14.600000,1453,-116,0,55,10
51,1000,30.000000,30.000000,2,0,746584,1452,14.600000,1452,-116,0,55,10
51,1000,30.000000,30.000000,2,0,746591,1452,14.600000,1452,-116,0,55,10
51,1000,30.000000,30.000000,2,0,746598,1452,14.600000,1452,-116,0,55,10
51,1000,30.000000,30.000000,2,0,746605,1452,14.600000,1452,-116,0,55,10
51,1000,30.000000,30.000000,2,0,746612,1452,14.600000,1452,-116,0,55,10
51,1000,30.000000,30.000000,2,0,746619,1452,14.600000,1452,-116,0,55,10
51,1000,30.000000,30.000000,2,0,746626,1452,13.600000,1452,-117,0,55,10
51,1000,30.000000,30.000000,2,0,746641,1452,12.600000,1452,-118,0,55,10
51,1000,30.000000,30.000000,2,0,746650,1452,11.600000,1452,-119,0,55,10
51,1000,30.000000,30.000000,2,0,746658,1452,11.600000,1452,-119,0,55,10
51,1000,30.000000,30.000000,2,0,746664,1452,11.600000,1452,-119,0,55,10
51,1000,30.000000,30.000000,2,0,746670,1452,11.600000,1452,-119,0,55,10
51,1000,30.000000,30.000000,2,0,746676,1452,11.600000,1452,-119,0,55,10
51,1000,30.000000,30.000000,2,0,746682,1452,11.600000,1452,-119,0,55,10
51,1000,30.000000,30.000000,2,0,746688,1452,11.600000,1452,-119,0,55,10
51,1000,30.000000,30.000000,2,0,746695,1452,10.600000,1452,-120,0,55,10
51,1000,30.000000,30.000000,2,0,746702,1452,9.600000,1452,-121,0,55,10
51,1000,30.000000,30.000000,2,0,746709,1452,9.600000,1452,-121,0,55,10
51,1000,30.000000,30.000000,2,0,746716,1452,9.600000,1452,-121,0,55,10
51,1000,30.000000,30.000000,2,0,746723,1452,9.600000,1452,-121,0,55,10
51,1000,30.000000,30.000000,2,0,746730,1452,9.600000,1452,-121,0,55,10
51,1000,30.000000,30.000000,2,0,746737,1452,9.600000,1452,-121,0,55,10
51,1000,30.000000,30.000000,2,0,746767,1452,9.600000,1452,-121,0,55,10
