51,500,30.000000,60.000000,0,0,283255404,705,0,705,0,0,6,1
51,500,30.000000,60.000000,0,0,283255406,705,0,705,0,0,6,1
51,500,30.000000,60.000000,0,0,283255412,705,0,705,0,0,6,1
51,500,30.000000,60.000000,0,0,283255419,705,0,705,0,0,6,1
51,500,30.000000,60.000000,0,0,283255426,705,0,705,0,0,6,1
51,500,30.000000,60.000000,0,0,283255432,705,0,705,0,0,6,1
51,500,30.000000,60.000000,0,0,283255448,705,0,705,0,0,6,1
51,500,30.000000,60.000000,0,0,283255457,705,0,705,0,0,6,1
51,500,30.000000,60.000000,0,0,283255465,705,0,705,-1,0,6,1
51,500,30.000000,60.000000,0,0,283255471,707,0,707,-2,0,6,1
51,500,30.000000,60.000000,0,0,283255478,709,0,709,-3,0,6,1
51,500,30.000000,60.000000,0,0,283255484,716,0,716,-4,0,6,1
51,500,30.000000,60.000000,0,0,283255490,724,0,724,-5,0,6,1
51,500,30.000000,60.000000,0,0,283255496,733,0,733,-7,0,6,1
51,500,30.000000,60.000000,0,0,283255502,745,0,745,-10,0,6,1
51,500,30.000000,60.000000,0,0,283255509,762,0,762,-13,0,6,1
51,500,30.000000,60.000000,0,0,283255516,785,0,785,-16,0,6,1
51,500,30.000000,60.000000,0,0,283255523,813,0,813,-20,0,6,1
51,500,30.000000,60.000000,0,0,283255530,835,0,835,-25,0,6,1
51,500,30.000000,60.000000,0,0,283255536,864,0,864,-30,0,6,1
51,500,30.000000,60.000000,0,0,283255544,893,0,893,-37,0,6,1
51,500,30.000000,60.000000,0,0,283255550,929,0,929,-44,0,6,1
51,500,30.000000,60.000000,0,0,283255557,969,0,969,-54,0,6,1
51,500,30.000000,60.000000,0,0,283255573,1014,0,1014,-65,0,6,1
51,500,30.000000,60.000000,0,0,283255582,1104,0,1104,-89,0,6,1
51,500,30.000000,60.000000,0,0,283255590,1153,0,1153,-102,0,6,1
51,500,30.000000,60.000000,0,0,283255596,1182,0,1182,-109,0,6,1
51,500,30.000000,60.000000,0,0,283255603,1202,0,1202,-114,0,6,1
51,500,30.000000,60.000000,0,0,283255610,1213,0,1213,-118,0,6,1
51,500,30.000000,60.000000,0,0,283255617,1219,0,1219,-120,0,6,1
51,500,30.000000,60.000000,0,0,283255623,1221,0,1221,-121,0,6,1
51,500,30.000000,60.000000,0,0,283255629,1221,0,1221,-121,0,6,1
51,500,30.000000,60.000000,0,0,283255635,1221,0,1221,-121,0,6,1
51,500,30.000000,60.000000,0,0,283255641,1219,0,1219,-121,0,6,1
51,500,30.000000,60.000000,0,0,283255648,1218,0,1218,-121,0,6,1
51,500,30.000000,60.000000,0,0,283255663,1215,0,1215,-121,0,6,1
51,500,30.000000,60.000000,0,0,283255672,1211,0,1211,-121,0,6,1
51,500,30.000000,60.000000,0,0,283255680,1211,0,1211,-121,0,6,1
51,500,30.000000,60.000000,0,0,283255687,1211,0,1211,-121,0,6,1
51,500,30.000000,60.000000,0,0,283255693,1211,0,1211,-121,0,6,1
51,500,30.000000,60.000000,0,0,283255699,1211,0,1211,-121,0,6,1
51,500,30.000000,60.000000,0,0,283255705,1211,0,1211,-121,0,6,1
51,500,30.000000,60.000000,0,0,283255711,1211,0,1211,-121,0,6,1
51,500,30.000000,60.000000,0,0,283255717,1211,0,1211,-121,0,6,1
51,500,30.000000,60.000000,0,0,283255725,1211,0,1211,-121,0,6,1
51,500,30.000000,60.000000,0,0,283255732,1211,0,1211,-121,0,6,1
51,500,30.000000,60.000000,0,0,283255738,1211,0,1211,-121,0,6,1
51,500,30.000000,60.000000,0,0,283255745,1211,0,1211,-121,0,6,1
51,500,30.000000,60.000000,0,0,283255753,1211,0,1211,-121,0,6,1
51,500,30.000000,60.000000,0,0,283255760,1211,0,1211,-121,0,6,1
51,500,30.000000,60.000000,0,0,283255766,1211,0,1211,-121,0,6,1
51,500,30.000000,60.000000,0,0,283255773,1211,0,1211,-121,0,6,1
51,500,30.000000,60.000000,0,0,283255780,1211,0,1211,-121,0,6,1
51,500,30.000000,60.000000,0,0,283255787,1211,0,1211,-121,0,6,1
51,500,30.000000,60.000000,0,0,283255794,1211,0,1211,-121,0,6,1
51,500,30.000000,60.000000,0,0,283255801,1211,0,1211,-121,0,6,1
51,500,30.000000,60.000000,0,0,283255807,1211,0,1211,-121,0,6,1
51,500,30.000000,60.000000,0,0,283255823,1211,0,1211,-121,0,6,1
51,500,30.000000,60.000000,0,0,283255833,1211,0,1211,-121,0,6,1
51,500,30.000000,60.000000,0,0,283255840,1211,0,1211,-121,0,6,1
51,500,30.000000,60.000000,0,0,283255846,1211,0,1211,-121,0,6,1
51,500,30.000000,60.000000,0,0,283255853,1211,0,1211,-121,0,6,1
51,500,30.000000,60.000000,0,0,283255859,1211,0,1211,-121,0,6,1
51,500,30.000000,60.000000,0,0,283255864,1211,0,1211,-121,0,6,1
51,500,30.000000,60.000000,0,0,283255870,1211,0,1211,-121,0,6,1
51,500,30.000000,60.000000,0,0,283255877,1211,0,1211,-121,0,6,1
51,500,30.000000,60.000000,0,0,283255884,1211,0,1211,-121,0,6,1
51,500,30.000000,60.000000,0,0,283255906,1211,0,1211,-121,0,6,1
