51,500,30.000000,0.000000,0,0,283372238,724,0,724,0,0,9,17
51,500,30.000000,0.000000,0,0,283372240,724,0,724,0,0,9,17
51,500,30.000000,0.000000,0,0,283372246,724,0,724,0,0,9,17
51,500,30.000000,0.000000,0,0,283372253,724,0,724,0,0,9,17
51,500,30.000000,0.000000,0,0,283372259,724,0,724,0,0,9,17
51,500,30.000000,0.000000,0,0,283372265,724,0,724,0,0,9,17
51,500,30.000000,0.000000,0,0,283372271,724,0,724,0,0,9,17
51,500,30.000000,0.000000,0,0,283372277,724,0,724,0,0,9,17
51,500,30.000000,0.000000,0,0,283372284,724,0,724,0,0,9,17
51,500,30.000000,0.000000,0,0,283372293,724,0,724,0,0,9,17
51,500,30.000000,0.000000,0,0,283372299,724,0,724,0,0,9,17
51,500,30.000000,0.000000,0,0,283372305,725,0,725,0,0,9,17
51,500,30.000000,0.000000,0,0,283372312,727,0,727,0,0,9,17
51,500,30.000000,0.000000,0,0,283372319,733,0,733,-1,0,9,17
51,500,30.000000,0.000000,0,0,283372326,742,0,742,-3,0,9,17
51,500,30.000000,0.000000,0,0,283372333,754,0,754,-6,0,9,17
51,500,30.000000,0.000000,0,0,283372340,769,0,769,-10,0,9,17
51,500,30.000000,0.000000,0,0,283372346,792,0,792,-14,0,9,17
51,500,30.000000,0.000000,0,0,283372353,816,0,816,-18,0,9,17
51,500,30.000000,0.000000,0,0,283372360,846,0,846,-23,0,9,17
51,500,30.000000,0.000000,0,0,283372367,888,0,888,-29,0,9,17
51,500,30.000000,0.000000,0,0,283372375,927,0,927,-35,0,9,17
51,500,30.000000,0.000000,0,0,283372381,978,0,978,-42,0,9,17
51,500,30.000000,0.000000,0,0,283372388,1021,0,1021,-49,0,9,17
51,500,30.000000,0.000000,0,0,283372395,1071,0,1071,-57,0,9,17
51,500,30.000000,0.000000,0,0,283372402,1117,0,1117,-64,0,9,17
51,500,30.000000,0.000000,0,0,283372409,1165,0,1165,-71,0,9,17
51,500,30.000000,0.000000,0,0,283372416,1202,0,1202,-77,0,9,17
51,500,30.000000,0.000000,0,0,283372423,1239,0,1239,-83,0,9,17
51,500,30.000000,0.000000,0,0,283372430,1261,0,1261,-86,0,9,17
51,500,30.000000,0.000000,0,0,283372437,1278,0,1278,-88,0,9,17
51,500,30.000000,0.000000,0,0,283372444,1288,0,1288,-90,0,9,17
51,500,30.000000,0.000000,0,0,283372451,1292,0,1292,-91,0,9,17
51,500,30.000000,0.000000,0,0,283372458,1293,0,1293,-91,0,9,17
51,500,30.000000,0.000000,0,0,283372464,1294,0,1294,-91,0,9,17
51,500,30.000000,0.000000,0,0,283372472,1294,0,1294,-91,0,9,17
51,500,30.000000,0.000000,0,0,283372478,1294,0,1294,-91,0,9,17
51,500,30.000000,0.000000,0,0,283372485,1293,0,1293,-92,0,9,17
51,500,30.000000,0.000000,0,0,283372492,1291,0,1291,-92,0,9,17
51,500,30.000000,0.000000,0,0,283372499,1289,0,1289,-92,0,9,17
51,500,30.000000,0.000000,0,0,283372506,1287,0,1287,-92,0,9,17
51,500,30.000000,0.000000,0,0,283372513,1284,0,1284,-92,0,9,17
51,500,30.000000,0.000000,0,0,283372520,1282,0,1282,-92,0,9,17
51,500,30.000000,0.000000,0,0,283372527,1281,0,1281,-92,0,9,17
51,500,30.000000,0.000000,0,0,283372534,1280,0,1280,-92,0,9,17
51,500,30.000000,0.000000,0,0,283372541,1279,0,1279,-92,0,9,17
51,500,30.000000,0.000000,0,0,283372548,1279,0,1279,-92,0,9,17
51,500,30.000000,0.000000,0,0,283372555,1279,0,1279,-92,0,9,17
51,500,30.000000,0.000000,0,0,283372562,1279,0,1279,-92,0,9,17
51,500,30.000000,0.000000,0,0,283372569,1279,0,1279,-92,0,9,17
51,500,30.000000,0.000000,0,0,283372575,1279,0,1279,-92,0,9,17
51,500,30.000000,0.000000,0,0,283372582,1279,0,1279,-92,0,9,17
51,500,30.000000,0.000000,0,0,283372598,1279,0,1279,-92,0,9,17
51,500,30.000000,0.000000,0,0,283372607,1279,0,1279,-92,0,9,17
51,500,30.000000,0.000000,0,0,283372615,1279,0,1279,-92,0,9,17
51,500,30.000000,0.000000,0,0,283372621,1279,0,1279,-92,0,9,17
51,500,30.000000,0.000000,0,0,283372628,1279,0,1279,-92,0,9,17
51,500,30.000000,0.000000,0,0,283372634,1279,0,1279,-92,0,9,17
51,500,30.000000,0.000000,0,0,283372640,1280,0,1280,-92,0,9,17
51,500,30.000000,0.000000,0,0,283372646,1281,0,1281,-92,0,9,17
51,500,30.000000,0.000000,0,0,283372652,1282,0,1282,-92,0,9,17
51,500,30.000000,0.000000,0,0,283372659,1283,0,1283,-92,0,9,17
51,500,30.000000,0.000000,0,0,283372666,1284,0,1284,-92,0,9,17
51,500,30.000000,0.000000,0,0,283372673,1285,0,1285,-92,0,9,17
51,500,30.000000,0.000000,0,0,283372680,1285,0,1285,-92,0,9,17
51,500,30.000000,0.000000,0,0,283372687,1285,0,1285,-92,0,9,17
51,500,30.000000,0.000000,0,0,283372694,1285,0,1285,-92,0,9,17
51,500,30.000000,0.000000,0,0,283372701,1284,1,1284,-91,0,9,17
51,500,30.000000,0.000000,0,0,283372708,1281,1,1281,-91,0,9,17
51,500,30.000000,0.000000,0,0,283372723,1278,2,1278,-90,0,9,17
51,500,30.000000,0.000000,0,0,283372732,1268,3,1268,-89,0,9,17
51,500,30.000000,0.000000,0,0,283372740,1258,3,1258,-89,0,9,17
51,500,30.000000,0.000000,0,0,283372746,1247,3,1247,-89,0,9,17
51,500,30.000000,0.000000,0,0,283372753,1236,3,1236,-89,0,9,17
51,500,30.000000,0.000000,0,0,283372759,1229,3,1229,-89,0,9,17
51,500,30.000000,0.000000,0,0,283372765,1222,3,1222,-89,0,9,17
51,500,30.000000,0.000000,0,0,283372771,1219,2,1219,-90,0,9,17
51,500,30.000000,0.000000,0,0,283372777,1216,2,1216,-90,0,9,17
51,500,30.000000,0.000000,0,0,283372784,1215,2,1215,-90,0,9,17
51,500,30.000000,0.000000,0,0,283372791,1214,1,1214,-91,0,9,17
51,500,30.000000,0.000000,0,0,283372798,1213,0,1213,-92,0,9,17
51,500,30.000000,0.000000,0,0,283372805,1212,0,1212,-92,0,9,17
51,500,30.000000,0.000000,0,0,283372812,1211,0,1211,-92,0,9,17
51,500,30.000000,0.000000,0,0,283372819,1211,0,1211,-92,0,9,17
51,500,30.000000,0.000000,0,0,283372825,1212,0,1212,-93,0,9,17
51,500,30.000000,0.000000,0,0,283372832,1213,0,1213,-93,0,9,17
51,500,30.000000,0.000000,0,0,283372840,1214,0,1214,-94,0,9,17
51,500,30.000000,0.000000,0,0,283372846,1214,0,1214,-94,0,9,17
51,500,30.000000,0.000000,0,0,283372853,1215,0,1215,-94,0,9,17
51,500,30.000000,0.000000,0,0,283372860,1216,0,1216,-94,0,9,17
51,500,30.000000,0.000000,0,0,283372867,1216,0,1216,-94,0,9,17
51,500,30.000000,0.000000,0,0,283372875,1216,0,1216,-94,0,9,17
51,500,30.000000,0.000000,0,0,283372881,1216,0,1216,-94,0,9,17
51,500,30.000000,0.000000,0,0,283372888,1216,0,1216,-94,0,9,17
51,500,30.000000,0.000000,0,0,283372895,1216,0,1216,-94,0,9,17
51,500,30.000000,0.000000,0,0,283372902,1216,0,1216,-94,0,9,17
51,500,30.000000,0.000000,0,0,283372909,1216,0,1216,-94,0,9,17
51,500,30.000000,0.000000,0,0,283372916,1216,0,1216,-94,0,9,17
51,500,30.000000,0.000000,0,0,283372923,1216,0,1216,-94,0,9,17
51,500,30.000000,0.000000,0,0,283372930,1216,0,1216,-94,0,9,17
51,500,30.000000,0.000000,0,0,283372937,1216,0,1216,-94,0,9,17
51,500,30.000000,0.000000,0,0,283372944,1216,0,1216,-94,0,9,17
51,500,30.000000,0.000000,0,0,283372950,1216,0,1216,-94,0,9,17
51,500,30.000000,0.000000,0,0,283372958,1216,0,1216,-94,0,9,17
51,500,30.000000,0.000000,0,0,283372973,1216,0,1216,-94,0,9,17
51,500,30.000000,0.000000,0,0,283372982,1216,0,1216,-94,0,9,17
51,500,30.000000,0.000000,0,0,283372990,1216,0,1216,-94,0,9,17
51,500,30.000000,0.000000,0,0,283373013,1216,0,1216,-94,0,9,17
