5,350,21.600000,22.608000,1,0,35510312,785,0,785,0,0,1,59
5,350,21.600000,22.608000,1,0,35510313,785,0,785,0,0,1,59
5,350,21.600000,22.608000,1,0,35510325,785,0,785,0,0,1,59
5,350,21.600000,22.608000,1,0,35510338,787,0,787,0,0,1,59
5,350,21.600000,22.608000,1,0,35510350,790,0,790,0,0,1,59
5,350,21.600000,22.608000,1,0,35510362,797,1,797,1,0,1,59
5,350,21.600000,22.608000,1,0,35510373,807,2,807,2,0,1,59
5,350,21.600000,22.608000,1,0,35510396,822,3,822,3,0,1,59
5,350,21.600000,22.608000,1,0,35510409,867,8,867,8,0,1,59
5,350,21.600000,22.608000,1,0,35510434,895,11,895,11,0,1,59
5,350,21.600000,22.608000,1,0,35510444,969,16,969,16,0,1,59
5,350,21.600000,22.608000,1,0,35510457,1001,16,1001,16,0,1,59
5,350,21.600000,22.608000,1,0,35510468,1040,14,1040,14,0,1,59
5,350,21.600000,22.608000,1,0,35510481,1072,10,1072,10,0,1,59
5,350,21.600000,22.608000,1,0,35510493,1094,5,1094,5,0,1,59
5,350,21.600000,22.608000,1,0,35510505,1103,0,1103,0,0,1,59
5,350,21.600000,22.608000,1,0,35510516,1105,0,1105,-4,0,1,59
5,350,21.600000,22.608000,1,0,35510528,1105,0,1105,-7,0,1,59
5,350,21.600000,22.608000,1,0,35510540,1105,0,1105,-9,0,1,59
5,350,21.600000,22.608000,1,0,35510550,1105,0,1105,-10,0,1,59
5,350,21.600000,22.608000,1,0,35510563,1105,0,1105,-10,0,1,59
5,350,21.600000,22.608000,1,0,35510573,1105,0,1105,-10,0,1,59
5,350,21.600000,22.608000,1,0,35510586,1105,0,1105,-10,0,1,59
5,350,21.600000,22.608000,1,0,35510596,1105,0,1105,-10,0,1,59
5,350,21.600000,22.608000,1,0,35510608,1106,0,1106,-10,0,1,59
5,350,21.600000,22.608000,1,0,35510620,1107,0,1107,-10,0,1,59
5,350,21.600000,22.608000,1,0,35510631,1107,0,1107,-10,0,1,59
5,350,21.600000,22.608000,1,0,35510642,1106,0,1106,-10,0,1,59
5,350,21.600000,22.608000,1,0,35510652,1104,0,1104,-10,0,1,59
5,350,21.600000,22.608000,1,0,35510663,1104,0,1104,-10,0,1,59
5,350,21.600000,22.608000,1,0,35510675,1104,0,1104,-10,0,1,59
5,350,21.600000,22.608000,1,0,35510686,1104,0,1104,-10,0,1,59
5,350,21.600000,22.608000,1,0,35510698,1104,0,1104,-11,0,1,59
5,350,21.600000,22.608000,1,0,35510708,1105,0,1105,-11,0,1,59
5,350,21.600000,22.608000,1,0,35510722,1107,0,1107,-12,0,1,59
5,350,21.600000,22.608000,1,0,35510732,1111,0,1111,-13,0,1,59
5,350,21.600000,22.608000,1,0,35510743,1118,0,1118,-14,0,1,59
5,350,21.600000,22.608000,1,0,35510757,1126,0,1126,-15,0,1,59
5,350,21.600000,22.608000,1,0,35510770,1137,0,1137,-16,0,1,59
5,350,21.600000,22.608000,1,0,35510783,1143,0,1143,-17,0,1,59
5,350,21.600000,22.608000,1,0,35510796,1143,0,1143,-17,0,1,59
5,350,21.600000,22.608000,1,0,35510808,1143,0,1143,-17,0,1,59
5,350,21.600000,22.608000,1,0,35510820,1141,0,1141,-17,0,1,59
5,350,21.600000,22.608000,1,0,35510830,1139,0,1139,-17,0,1,59
5,350,21.600000,22.608000,1,0,35510840,1138,1,1138,-16,0,1,59
5,350,21.600000,22.608000,1,0,35510851,1137,1,1137,-16,0,1,59
5,350,21.600000,22.608000,1,0,35510861,1136,1,1136,-16,0,1,59
5,350,21.600000,22.608000,1,0,35510873,1136,1,1136,-16,0,1,59
5,350,21.600000,22.608000,1,0,35510885,1136,1,1136,-16,0,1,59
5,350,21.600000,22.608000,1,0,35510897,1136,1,1136,-16,0,1,59
5,350,21.600000,22.608000,1,0,35510909,1136,1,1136,-16,0,1,59
5,350,21.600000,22.608000,1,0,35510920,1134,1,1134,-16,0,1,59
5,350,21.600000,22.608000,1,0,35510932,1131,1,1131,-16,0,1,59
5,350,21.600000,22.608000,1,0,35510944,1130,2,1130,-15,0,1,59
5,350,21.600000,22.608000,1,0,35510955,1129,3,1129,-14,0,1,59
5,350,21.600000,22.608000,1,0,35510966,1129,3,1129,-14,0,1,59
5,350,21.600000,22.608000,1,0,35510978,1129,3,1129,-14,0,1,59
5,350,21.600000,22.608000,1,0,35510990,1129,3,1129,-14,0,1,59
5,350,21.600000,22.608000,1,0,35511001,1129,3,1129,-14,0,1,59
5,350,21.600000,22.608000,1,0,35511012,1129,3,1129,-14,0,1,59
