5,700,21.600000,22.608000,1,0,35478197,610,0,610,0,0,1,33
5,700,21.600000,22.608000,1,0,35478198,610,0,610,0,0,1,33
5,700,21.600000,22.608000,1,0,35478208,610,0,610,0,0,1,33
5,700,21.600000,22.608000,1,0,35478220,610,0,610,0,0,1,33
5,700,21.600000,22.608000,1,0,35478231,610,0,610,0,0,1,33
5,700,21.600000,22.608000,1,0,35478242,612,0,612,0,0,1,33
5,700,21.600000,22.608000,1,0,35478252,617,0,617,-1,0,1,33
5,700,21.600000,22.608000,1,0,35478263,624,0,624,-2,0,1,33
5,700,21.600000,22.608000,1,0,35478274,637,0,637,-3,0,1,33
5,700,21.600000,22.608000,1,0,35478289,656,0,656,-3,0,1,33
5,700,21.600000,22.608000,1,0,35478302,693,0,693,-3,0,1,33
5,700,21.600000,22.608000,1,0,35478317,740,0,740,-3,0,1,33
5,700,21.600000,22.608000,1,0,35478330,806,2,806,-1,0,1,33
5,700,21.600000,22.608000,1,0,35478343,880,3,880,0,0,1,33
5,700,21.600000,22.608000,1,0,35478355,946,3,946,0,0,1,33
5,700,21.600000,22.608000,1,0,35478368,1016,3,1016,0,0,1,33
5,700,21.600000,22.608000,1,0,35478379,1089,1,1089,-2,0,1,33
5,700,21.600000,22.608000,1,0,35478392,1145,0,1145,-6,0,1,33
5,700,21.600000,22.608000,1,0,35478403,1201,0,1201,-11,0,1,33
5,700,21.600000,22.608000,1,0,35478414,1236,0,1236,-17,0,1,33
5,700,21.600000,22.608000,1,0,35478426,1257,0,1257,-22,0,1,33
5,700,21.600000,22.608000,1,0,35478438,1270,0,1270,-29,0,1,33
5,700,21.600000,22.608000,1,0,35478449,1274,0,1274,-35,0,1,33
5,700,21.600000,22.608000,1,0,35478461,1275,0,1275,-41,0,1,33
5,700,21.600000,22.608000,1,0,35478471,1273,0,1273,-46,0,1,33
5,700,21.600000,22.608000,1,0,35478482,1272,0,1272,-48,0,1,33
5,700,21.600000,22.608000,1,0,35478492,1271,0,1271,-50,0,1,33
5,700,21.600000,22.608000,1,0,35478505,1271,0,1271,-50,0,1,33
5,700,21.600000,22.608000,1,0,35478516,1271,0,1271,-50,0,1,33
5,700,21.600000,22.608000,1,0,35478526,1271,0,1271,-50,0,1,33
5,700,21.600000,22.608000,1,0,35478538,1271,0,1271,-50,0,1,33
5,700,21.600000,22.608000,1,0,35478549,1271,0,1271,-50,0,1,33
5,700,21.600000,22.608000,1,0,35478559,1271,0,1271,-50,0,1,33
5,700,21.600000,22.608000,1,0,35478571,1271,0,1271,-50,0,1,33
5,700,21.600000,22.608000,1,0,35478583,1271,0,1271,-50,0,1,33
5,700,21.600000,22.608000,1,0,35478593,1271,0,1271,-50,0,1,33
5,700,21.600000,22.608000,1,0,35478605,1273,0,1273,-51,0,1,33
5,700,21.600000,22.608000,1,0,35478616,1281,0,1281,-52,0,1,33
5,700,21.600000,22.608000,1,0,35478627,1292,0,1292,-53,0,1,33
5,700,21.600000,22.608000,1,0,35478639,1302,0,1302,-54,0,1,33
5,700,21.600000,22.608000,1,0,35478650,1311,0,1311,-55,0,1,33
5,700,21.600000,22.608000,1,0,35478662,1314,0,1314,-55,0,1,33
5,700,21.600000,22.608000,1,0,35478673,1314,0,1314,-55,0,1,33
5,700,21.600000,22.608000,1,0,35478684,1314,0,1314,-55,0,1,33
5,700,21.600000,22.608000,1,0,35478696,1314,0,1314,-55,0,1,33
5,700,21.600000,22.608000,1,0,35478706,1314,0,1314,-55,0,1,33
5,700,21.600000,22.608000,1,0,35478717,1314,0,1314,-55,0,1,33
5,700,21.600000,22.608000,1,0,35478727,1314,0,1314,-55,0,1,33
5,700,21.600000,22.608000,1,0,35478739,1314,0,1314,-55,0,1,33
5,700,21.600000,22.608000,1,0,35478749,1314,0,1314,-55,0,1,33
5,700,21.600000,22.608000,1,0,35478760,1314,0,1314,-55,0,1,33
5,700,21.600000,22.608000,1,0,35478771,1314,0,1314,-55,0,1,33
5,700,21.600000,22.608000,1,0,35478782,1314,0,1314,-55,0,1,33
5,700,21.600000,22.608000,1,0,35478793,1313,0,1313,-55,0,1,33
5,700,21.600000,22.608000,1,0,35478804,1313,0,1313,-55,0,1,33
5,700,21.600000,22.608000,1,0,35478815,1313,0,1313,-55,0,1,33
5,700,21.600000,22.608000,1,0,35478826,1313,0,1313,-55,0,1,33
5,700,21.600000,22.608000,1,0,35478837,1313,0,1313,-55,0,1,33
5,700,21.600000,22.608000,1,0,35478848,1313,0,1313,-55,0,1,33
5,700,21.600000,22.608000,1,0,35478860,1313,0,1313,-55,0,1,33
