5,700,82.800000,10000.000000,1,1,35519200,610,22,610,22,0,1,66
5,700,82.800000,10000.000000,1,1,35519202,610,22,610,22,0,1,66
5,700,82.800000,10000.000000,1,1,35519213,618,25,618,25,0,1,66
5,700,82.800000,10000.000000,1,1,35519226,630,28,630,28,0,1,66
5,700,82.800000,10000.000000,1,1,35519238,659,35,659,35,0,1,66
5,700,82.800000,10000.000000,1,1,35519251,683,40,683,40,0,1,66
5,700,82.800000,10000.000000,1,1,35519266,711,45,711,45,0,1,66
5,700,82.800000,10000.000000,1,1,35519279,761,50,761,50,0,1,66
5,700,82.800000,10000.000000,1,1,35519291,817,54,817,54,0,1,66
5,700,82.800000,10000.000000,1,1,35519304,879,55,879,55,0,1,66
5,700,82.800000,10000.000000,1,1,35519317,946,54,946,54,0,1,66
5,700,82.800000,10000.000000,1,1,35519329,1016,49,1016,49,0,1,66
5,700,82.800000,10000.000000,1,1,35519354,1084,43,1084,43,0,1,66
5,700,82.800000,10000.000000,1,1,35519366,1205,28,1205,28,0,1,66
5,700,82.800000,10000.000000,1,1,35519379,1246,19,1246,19,0,1,66
5,700,82.800000,10000.000000,1,1,35519392,1283,8,1283,8,0,1,66
5,700,82.800000,10000.000000,1,1,35519404,1307,0,1307,-2,0,1,66
5,700,82.800000,10000.000000,1,1,35519415,1320,0,1320,-8,0,1,66
5,700,82.800000,10000.000000,1,1,35519427,1327,0,1327,-12,0,1,66
5,700,82.800000,10000.000000,1,1,35519439,1329,0,1329,-14,0,1,66
5,700,82.800000,10000.000000,1,1,35519451,1329,0,1329,-14,0,1,66
5,700,82.800000,10000.000000,1,1,35519462,1329,0,1329,-14,0,1,66
5,700,82.800000,10000.000000,1,1,35519474,1329,0,1329,-14,0,1,66
5,700,82.800000,10000.000000,1,1,35519485,1329,0,1329,-14,0,1,66
5,700,82.800000,10000.000000,1,1,35519496,1329,0,1329,-14,0,1,66
5,700,82.800000,10000.000000,1,1,35519507,1329,0,1329,-14,0,1,66
5,700,82.800000,10000.000000,1,1,35519519,1329,0,1329,-14,0,1,66
5,700,82.800000,10000.000000,1,1,35519530,1328,0,1328,-14,0,1,66
5,700,82.800000,10000.000000,1,1,35519542,1328,0,1328,-14,0,1,66
5,700,82.800000,10000.000000,1,1,35519553,1328,0,1328,-14,0,1,66
5,700,82.800000,10000.000000,1,1,35519565,1328,0,1328,-14,0,1,66
5,700,82.800000,10000.000000,1,1,35519576,1328,0,1328,-14,0,1,66
5,700,82.800000,10000.000000,1,1,35519590,1328,0,1328,-14,0,1,66
5,700,82.800000,10000.000000,1,1,35519602,1328,0,1328,-14,0,1,66
