5,700,21.600000,12.276000,1,1,35579376,610,22,610,22,0,1,116
5,700,21.600000,12.276000,1,1,35579377,610,22,610,22,0,1,116
5,700,21.600000,12.276000,1,1,35579389,614,21,614,21,0,1,116
5,700,21.600000,12.276000,1,1,35579403,621,21,621,21,0,1,116
5,700,21.600000,12.276000,1,1,35579415,633,20,633,20,0,1,116
5,700,21.600000,12.276000,1,1,35579428,650,20,650,20,0,1,116
5,700,21.600000,12.276000,1,1,35579443,675,20,675,20,0,1,116
5,700,21.600000,12.276000,1,1,35579463,711,21,711,21,0,1,116
5,700,21.600000,12.276000,1,1,35579476,802,24,802,24,0,1,116
5,700,21.600000,12.276000,1,1,35579488,868,26,868,26,0,1,116
5,700,21.600000,12.276000,1,1,35579501,942,27,942,27,0,1,116
5,700,21.600000,12.276000,1,1,35579512,1014,27,1014,27,0,1,116
5,700,21.600000,12.276000,1,1,35579525,1093,26,1093,26,0,1,116
5,700,21.600000,12.276000,1,1,35579536,1170,25,1170,25,0,1,116
5,700,21.600000,12.276000,1,1,35579550,1232,24,1232,24,0,1,116
5,700,21.600000,12.276000,1,1,35579561,1294,22,1294,22,0,1,116
5,700,21.600000,12.276000,1,1,35579573,1332,19,1332,19,0,1,116
5,700,21.600000,12.276000,1,1,35579586,1361,16,1361,16,0,1,116
5,700,21.600000,12.276000,1,1,35579596,1375,13,1375,13,0,1,116
5,700,21.600000,12.276000,1,1,35579607,1377,12,1377,12,0,1,116
5,700,21.600000,12.276000,1,1,35579617,1377,11,1377,11,0,1,116
5,700,21.600000,12.276000,1,1,35579627,1377,10,1377,10,0,1,116
5,700,21.600000,12.276000,1,1,35579638,1377,9,1377,9,0,1,116
5,700,21.600000,12.276000,1,1,35579648,1377,9,1377,9,0,1,116
5,700,21.600000,12.276000,1,1,35579659,1377,9,1377,9,0,1,116
5,700,21.600000,12.276000,1,1,35579670,1377,9,1377,9,0,1,116
5,700,21.600000,12.276000,1,1,35579681,1377,9,1377,9,0,1,116
5,700,21.600000,12.276000,1,1,35579692,1377,9,1377,9,0,1,116
5,700,21.600000,12.276000,1,1,35579704,1377,9,1377,9,0,1,116
5,700,21.600000,12.276000,1,1,35579720,1376,9,1376,9,0,1,116
5,700,21.600000,12.276000,1,1,35579736,1376,9,1376,9,0,1,116
5,700,21.600000,12.276000,1,1,35579750,1376,9,1376,9,0,1,116
5,700,21.600000,12.276000,1,1,35579762,1376,9,1376,9,0,1,116
5,700,21.600000,12.276000,1,1,35579773,1374,9,1374,9,0,1,116
5,700,21.600000,12.276000,1,1,35579786,1368,9,1368,9,0,1,116
5,700,21.600000,12.276000,1,1,35579799,1358,9,1358,9,0,1,116
5,700,21.600000,12.276000,1,1,35579811,1344,8,1344,8,0,1,116
5,700,21.600000,12.276000,1,1,35579824,1328,6,1328,6,0,1,116
5,700,21.600000,12.276000,1,1,35579835,1315,2,1315,2,0,1,116
5,700,21.600000,12.276000,1,1,35579847,1312,0,1312,0,0,1,116
5,700,21.600000,12.276000,1,1,35579858,1312,0,1312,-1,0,1,116
5,700,21.600000,12.276000,1,1,35579869,1312,0,1312,-2,0,1,116
5,700,21.600000,12.276000,1,1,35579879,1311,0,1311,-2,0,1,116
5,700,21.600000,12.276000,1,1,35579889,1310,0,1310,-2,0,1,116
5,700,21.600000,12.276000,1,1,35579900,1309,0,1309,-2,0,1,116
5,700,21.600000,12.276000,1,1,35579911,1308,0,1308,-3,0,1,116
5,700,21.600000,12.276000,1,1,35579922,1306,0,1306,-3,0,1,116
5,700,21.600000,12.276000,1,1,35579933,1305,0,1305,-3,0,1,116
5,700,21.600000,12.276000,1,1,35579943,1304,0,1304,-3,0,1,116
5,700,21.600000,12.276000,1,1,35579956,1304,0,1304,-3,0,1,116
5,700,21.600000,12.276000,1,1,35579967,1303,0,1303,-3,0,1,116
5,700,21.600000,12.276000,1,1,35579978,1302,0,1302,-3,0,1,116
5,700,21.600000,12.276000,1,1,35579992,1301,0,1301,-3,0,1,116
5,700,21.600000,12.276000,1,1,35580003,1300,0,1300,-3,0,1,116
5,700,21.600000,12.276000,1,1,35580015,1299,0,1299,-3,0,1,116
5,700,21.600000,12.276000,1,1,35580025,1298,0,1298,-3,0,1,116
5,700,21.600000,12.276000,1,1,35580037,1298,0,1298,-3,0,1,116
5,700,21.600000,12.276000,1,1,35580047,1298,0,1298,-3,0,1,116
5,700,21.600000,12.276000,1,1,35580059,1298,0,1298,-3,0,1,116
5,700,21.600000,12.276000,1,1,35580070,1299,0,1299,-3,0,1,116
5,700,21.600000,12.276000,1,1,35580081,1299,0,1299,-3,0,1,116
5,700,21.600000,12.276000,1,1,35580091,1299,0,1299,-3,0,1,116
5,700,21.600000,12.276000,1,1,35580103,1299,0,1299,-3,0,1,116
5,700,21.600000,12.276000,1,1,35580113,1299,0,1299,-3,0,1,116
5,700,21.600000,12.276000,1,1,35580124,1299,0,1299,-3,0,1,116
5,700,21.600000,12.276000,1,1,35580135,1299,0,1299,-3,0,1,116
5,700,21.600000,12.276000,1,1,35580146,1299,0,1299,-3,0,1,116
5,700,21.600000,12.276000,1,1,35580157,1299,0,1299,-3,0,1,116
5,700,21.600000,12.276000,1,1,35580170,1301,0,1301,-3,0,1,116
5,700,21.600000,12.276000,1,1,35580180,1302,0,1302,-3,0,1,116
5,700,21.600000,12.276000,1,1,35580191,1303,0,1303,-3,0,1,116
5,700,21.600000,12.276000,1,1,35580202,1303,0,1303,-3,0,1,116
5,700,21.600000,12.276000,1,1,35580215,1303,0,1303,-3,0,1,116
5,700,21.600000,12.276000,1,1,35580226,1303,0,1303,-3,0,1,116
5,700,21.600000,12.276000,1,1,35580238,1303,0,1303,-3,0,1,116
5,700,21.600000,12.276000,1,1,35580250,1303,0,1303,-3,0,1,116
5,700,21.600000,12.276000,1,1,35580260,1303,0,1303,-3,0,1,116
