5,700,82.800000,10000.000000,1,1,35648226,610,22,610,22,0,2,51
5,700,82.800000,10000.000000,1,1,35648227,610,22,610,22,0,2,51
5,700,82.800000,10000.000000,1,1,35648238,624,23,624,23,0,2,51
5,700,82.800000,10000.000000,1,1,35648250,642,23,642,23,0,2,51
5,700,82.800000,10000.000000,1,1,35648262,673,24,673,24,0,2,51
5,700,82.800000,10000.000000,1,1,35648273,715,24,715,24,0,2,51
5,700,82.800000,10000.000000,1,1,35648284,760,25,760,25,0,2,51
5,700,82.800000,10000.000000,1,1,35648298,816,26,816,26,0,2,51
5,700,82.800000,10000.000000,1,1,35648310,883,26,883,26,0,2,51
5,700,82.800000,10000.000000,1,1,35648322,963,26,963,26,0,2,51
5,700,82.800000,10000.000000,1,1,35648334,1031,26,1031,26,0,2,51
5,700,82.800000,10000.000000,1,1,35648345,1100,24,1100,24,0,2,51
5,700,82.800000,10000.000000,1,1,35648356,1168,22,1168,22,0,2,51
5,700,82.800000,10000.000000,1,1,35648367,1224,20,1224,20,0,2,51
5,700,82.800000,10000.000000,1,1,35648380,1268,18,1268,18,0,2,51
5,700,82.800000,10000.000000,1,1,35648390,1309,14,1309,14,0,2,51
5,700,82.800000,10000.000000,1,1,35648402,1332,10,1332,10,0,2,51
5,700,82.800000,10000.000000,1,1,35648413,1347,7,1347,7,0,2,51
5,700,82.800000,10000.000000,1,1,35648425,1350,6,1350,6,0,2,51
5,700,82.800000,10000.000000,1,1,35648435,1350,5,1350,5,0,2,51
5,700,82.800000,10000.000000,1,1,35648445,1350,4,1350,4,0,2,51
5,700,82.800000,10000.000000,1,1,35648456,1348,4,1348,4,0,2,51
5,700,82.800000,10000.000000,1,1,35648467,1346,3,1346,3,0,2,51
5,700,82.800000,10000.000000,1,1,35648477,1346,3,1346,3,0,2,51
5,700,82.800000,10000.000000,1,1,35648488,1346,3,1346,3,0,2,51
5,700,82.800000,10000.000000,1,1,35648500,1345,3,1345,3,0,2,51
5,700,82.800000,10000.000000,1,1,35648510,1344,3,1344,3,0,2,51
5,700,82.800000,10000.000000,1,1,35648521,1343,3,1343,3,0,2,51
5,700,82.800000,10000.000000,1,1,35648533,1342,3,1342,3,0,2,51
5,700,82.800000,10000.000000,1,1,35648543,1342,3,1342,3,0,2,51
5,700,82.800000,10000.000000,1,1,35648557,1342,3,1342,3,0,2,51
5,700,82.800000,10000.000000,1,1,35648569,1342,3,1342,3,0,2,51
5,700,82.800000,10000.000000,1,1,35648581,1342,3,1342,3,0,2,51
5,700,82.800000,10000.000000,1,1,35648592,1342,3,1342,3,0,2,51
5,700,82.800000,10000.000000,1,1,35648607,1341,3,1341,3,0,2,51
5,700,82.800000,10000.000000,1,1,35648618,1340,3,1340,3,0,2,51
5,700,82.800000,10000.000000,1,1,35648629,1338,3,1338,3,0,2,51
5,700,82.800000,10000.000000,1,1,35648641,1337,3,1337,3,0,2,51
5,700,82.800000,10000.000000,1,1,35648651,1336,3,1336,3,0,2,51
