5,700,21.600000,12.276000,1,1,35707088,610,22,610,22,0,2,98
5,700,21.600000,12.276000,1,1,35707089,610,22,610,22,0,2,98
5,700,21.600000,12.276000,1,1,35707100,610,22,610,22,0,2,98
5,700,21.600000,12.276000,1,1,35707111,611,22,611,22,0,2,98
5,700,21.600000,12.276000,1,1,35707122,612,22,612,22,0,2,98
5,700,21.600000,12.276000,1,1,35707135,617,22,617,22,0,2,98
5,700,21.600000,12.276000,1,1,35707148,632,22,632,22,0,2,98
5,700,21.600000,12.276000,1,1,35707165,665,21,665,21,0,2,98
5,700,21.600000,12.276000,1,1,35707181,744,21,744,21,0,2,98
5,700,21.600000,12.276000,1,1,35707199,839,22,839,22,0,2,98
5,700,21.600000,12.276000,1,1,35707212,964,23,964,23,0,2,98
5,700,21.600000,12.276000,1,1,35707226,1051,22,1051,22,0,2,98
5,700,21.600000,12.276000,1,1,35707237,1132,18,1132,18,0,2,98
5,700,21.600000,12.276000,1,1,35707249,1206,13,1206,13,0,2,98
5,700,21.600000,12.276000,1,1,35707261,1282,8,1282,8,0,2,98
5,700,21.600000,12.276000,1,1,35707274,1334,4,1334,4,0,2,98
5,700,21.600000,12.276000,1,1,35707285,1364,1,1364,1,0,2,98
5,700,21.600000,12.276000,1,1,35707296,1372,0,1372,-1,0,2,98
5,700,21.600000,12.276000,1,1,35707307,1371,0,1371,-3,0,2,98
5,700,21.600000,12.276000,1,1,35707319,1368,0,1368,-4,0,2,98
5,700,21.600000,12.276000,1,1,35707329,1365,0,1365,-4,0,2,98
5,700,21.600000,12.276000,1,1,35707342,1362,0,1362,-4,0,2,98
5,700,21.600000,12.276000,1,1,35707354,1359,0,1359,-5,0,2,98
5,700,21.600000,12.276000,1,1,35707365,1356,0,1356,-6,0,2,98
5,700,21.600000,12.276000,1,1,35707376,1356,0,1356,-6,0,2,98
5,700,21.600000,12.276000,1,1,35707389,1356,0,1356,-6,0,2,98
5,700,21.600000,12.276000,1,1,35707400,1355,0,1355,-6,0,2,98
5,700,21.600000,12.276000,1,1,35707411,1354,0,1354,-6,0,2,98
5,700,21.600000,12.276000,1,1,35707423,1354,0,1354,-6,0,2,98
5,700,21.600000,12.276000,1,1,35707434,1354,0,1354,-6,0,2,98
5,700,21.600000,12.276000,1,1,35707447,1354,0,1354,-6,0,2,98
5,700,21.600000,12.276000,1,1,35707458,1355,0,1355,-6,0,2,98
5,700,21.600000,12.276000,1,1,35707472,1357,0,1357,-6,0,2,98
5,700,21.600000,12.276000,1,1,35707486,1357,0,1357,-6,0,2,98
5,700,21.600000,12.276000,1,1,35707497,1357,0,1357,-6,0,2,98
5,700,21.600000,12.276000,1,1,35707508,1356,0,1356,-6,0,2,98
5,700,21.600000,12.276000,1,1,35707521,1354,0,1354,-6,0,2,98
5,700,21.600000,12.276000,1,1,35707533,1350,0,1350,-6,0,2,98
5,700,21.600000,12.276000,1,1,35707544,1346,0,1346,-6,0,2,98
5,700,21.600000,12.276000,1,1,35707555,1344,0,1344,-6,0,2,98
5,700,21.600000,12.276000,1,1,35707567,1343,0,1343,-7,0,2,98
5,700,21.600000,12.276000,1,1,35707579,1343,0,1343,-7,0,2,98
5,700,21.600000,12.276000,1,1,35707590,1343,0,1343,-7,0,2,98
5,700,21.600000,12.276000,1,1,35707601,1342,0,1342,-7,0,2,98
5,700,21.600000,12.276000,1,1,35707611,1341,0,1341,-7,0,2,98
5,700,21.600000,12.276000,1,1,35707623,1339,0,1339,-7,0,2,98
5,700,21.600000,12.276000,1,1,35707636,1334,0,1334,-7,0,2,98
5,700,21.600000,12.276000,1,1,35707648,1330,1,1330,-6,0,2,98
5,700,21.600000,12.276000,1,1,35707658,1329,1,1329,-6,0,2,98
5,700,21.600000,12.276000,1,1,35707669,1328,1,1328,-6,0,2,98
5,700,21.600000,12.276000,1,1,35707680,1328,1,1328,-6,0,2,98
5,700,21.600000,12.276000,1,1,35707690,1328,1,1328,-6,0,2,98
5,700,21.600000,12.276000,1,1,35707702,1328,1,1328,-6,0,2,98
5,700,21.600000,12.276000,1,1,35707714,1328,2,1328,-5,0,2,98
5,700,21.600000,12.276000,1,1,35707724,1328,2,1328,-5,0,2,98
5,700,21.600000,12.276000,1,1,35707735,1327,2,1327,-5,0,2,98
5,700,21.600000,12.276000,1,1,35707745,1325,3,1325,-4,0,2,98
5,700,21.600000,12.276000,1,1,35707756,1323,4,1323,-3,0,2,98
5,700,21.600000,12.276000,1,1,35707767,1321,4,1321,-3,0,2,98
5,700,21.600000,12.276000,1,1,35707778,1319,5,1319,-2,0,2,98
5,700,21.600000,12.276000,1,1,35707789,1315,5,1315,-2,0,2,98
5,700,21.600000,12.276000,1,1,35707801,1309,6,1309,-1,0,2,98
5,700,21.600000,12.276000,1,1,35707813,1300,7,1300,0,0,2,98
5,700,21.600000,12.276000,1,1,35707824,1290,7,1290,0,0,2,98
5,700,21.600000,12.276000,1,1,35707836,1286,7,1286,0,0,2,98
5,700,21.600000,12.276000,1,1,35707849,1286,7,1286,0,0,2,98
5,700,21.600000,12.276000,1,1,35707860,1286,7,1286,0,0,2,98
5,700,21.600000,12.276000,1,1,35707872,1287,7,1287,0,0,2,98
5,700,21.600000,12.276000,1,1,35707884,1289,7,1289,0,0,2,98
5,700,21.600000,12.276000,1,1,35707897,1290,7,1290,0,0,2,98
5,700,21.600000,12.276000,1,1,35707907,1290,7,1290,0,0,2,98
5,700,21.600000,12.276000,1,1,35707918,1290,7,1290,0,0,2,98
5,700,21.600000,12.276000,1,1,35707928,1290,7,1290,0,0,2,98
5,700,21.600000,12.276000,1,1,35707938,1290,7,1290,0,0,2,98
5,700,21.600000,12.276000,1,1,35707951,1290,7,1290,0,0,2,98
5,700,21.600000,12.276000,1,1,35707962,1292,7,1292,0,0,2,98
5,700,21.600000,12.276000,1,1,35707972,1294,7,1294,0,0,2,98
5,700,21.600000,12.276000,1,1,35707983,1298,7,1298,0,0,2,98
5,700,21.600000,12.276000,1,1,35707994,1303,6,1303,-1,0,2,98
5,700,21.600000,12.276000,1,1,35708005,1306,6,1306,-1,0,2,98
5,700,21.600000,12.276000,1,1,35708015,1310,6,1310,-1,0,2,98
5,700,21.600000,12.276000,1,1,35708025,1310,6,1310,-1,0,2,98
5,700,21.600000,12.276000,1,1,35708037,1310,6,1310,-1,0,2,98
5,700,21.600000,12.276000,1,1,35708047,1310,6,1310,-1,0,2,98
5,700,21.600000,12.276000,1,1,35708059,1310,6,1310,-1,0,2,98
5,700,21.600000,12.276000,1,1,35708070,1310,6,1310,-1,0,2,98
5,700,21.600000,12.276000,1,1,35708080,1310,6,1310,-1,0,2,98
5,700,21.600000,12.276000,1,1,35708092,1310,6,1310,-1,0,2,98
5,700,21.600000,12.276000,1,1,35708103,1310,6,1310,-1,0,2,98
5,700,21.600000,12.276000,1,1,35708114,1310,6,1310,-1,0,2,98
5,700,21.600000,12.276000,1,1,35708125,1310,6,1310,-1,0,2,98
5,700,21.600000,12.276000,1,1,35708136,1310,6,1310,-1,0,2,98
5,700,21.600000,12.276000,1,1,35708147,1311,6,1311,-1,0,2,98
5,700,21.600000,12.276000,1,1,35708158,1311,6,1311,-1,0,2,98
