5,350,50.400000,0.000000,1,0,35679469,785,0,785,0,0,2,76
5,350,50.400000,0.000000,1,0,35679470,785,0,785,0,0,2,76
5,350,50.400000,0.000000,1,0,35679481,785,0,785,0,0,2,76
5,350,50.400000,0.000000,1,0,35679492,785,0,785,0,0,2,76
5,350,50.400000,0.000000,1,0,35679505,785,0,785,0,0,2,76
5,350,50.400000,0.000000,1,0,35679517,785,0,785,0,0,2,76
5,350,50.400000,0.000000,1,0,35679530,790,0,790,0,0,2,76
5,350,50.400000,0.000000,1,0,35679542,804,0,804,-1,0,2,76
5,350,50.400000,0.000000,1,0,35679556,829,0,829,-2,0,2,76
5,350,50.400000,0.000000,1,0,35679568,873,0,873,-3,0,2,76
5,350,50.400000,0.000000,1,0,35679580,923,0,923,-3,0,2,76
5,350,50.400000,0.000000,1,0,35679592,969,0,969,-3,0,2,76
5,350,50.400000,0.000000,1,0,35679610,1027,0,1027,-6,0,2,76
5,350,50.400000,0.000000,1,0,35679621,1109,0,1109,-12,0,2,76
5,350,50.400000,0.000000,1,0,35679634,1150,0,1150,-15,0,2,76
5,350,50.400000,0.000000,1,0,35679645,1189,0,1189,-19,0,2,76
5,350,50.400000,0.000000,1,0,35679656,1213,0,1213,-22,0,2,76
5,350,50.400000,0.000000,1,0,35679671,1222,0,1222,-25,0,2,76
5,350,50.400000,0.000000,1,0,35679685,1222,0,1222,-27,0,2,76
5,350,50.400000,0.000000,1,0,35679699,1218,0,1218,-29,0,2,76
5,350,50.400000,0.000000,1,0,35679714,1210,0,1210,-30,0,2,76
5,350,50.400000,0.000000,1,0,35679726,1202,0,1202,-31,0,2,76
5,350,50.400000,0.000000,1,0,35679737,1199,0,1199,-31,0,2,76
5,350,50.400000,0.000000,1,0,35679748,1199,0,1199,-31,0,2,76
5,350,50.400000,0.000000,1,0,35679758,1199,0,1199,-31,0,2,76
5,350,50.400000,0.000000,1,0,35679769,1199,0,1199,-31,0,2,76
5,350,50.400000,0.000000,1,0,35679781,1199,0,1199,-31,0,2,76
5,350,50.400000,0.000000,1,0,35679792,1199,0,1199,-31,0,2,76
5,350,50.400000,0.000000,1,0,35679804,1199,0,1199,-31,0,2,76
5,350,50.400000,0.000000,1,0,35679816,1199,0,1199,-31,0,2,76
5,350,50.400000,0.000000,1,0,35679827,1199,0,1199,-31,0,2,76
5,350,50.400000,0.000000,1,0,35679838,1199,0,1199,-31,0,2,76
5,350,50.400000,0.000000,1,0,35679853,1199,0,1199,-31,0,2,76
5,350,50.400000,0.000000,1,0,35679864,1199,0,1199,-31,0,2,76
5,350,50.400000,0.000000,1,0,35679876,1199,0,1199,-31,0,2,76
5,350,50.400000,0.000000,1,0,35679891,1198,0,1198,-31,0,2,76
5,350,50.400000,0.000000,1,0,35679903,1194,0,1194,-31,0,2,76
5,350,50.400000,0.000000,1,0,35679914,1186,0,1186,-32,0,2,76
5,350,50.400000,0.000000,1,0,35679926,1175,0,1175,-32,0,2,76
5,350,50.400000,0.000000,1,0,35679937,1168,0,1168,-32,0,2,76
5,350,50.400000,0.000000,1,0,35679947,1166,0,1166,-33,0,2,76
5,350,50.400000,0.000000,1,0,35679959,1165,0,1165,-33,0,2,76
5,350,50.400000,0.000000,1,0,35679971,1164,0,1164,-33,0,2,76
5,350,50.400000,0.000000,1,0,35679983,1164,0,1164,-33,0,2,76
5,350,50.400000,0.000000,1,0,35679994,1164,0,1164,-33,0,2,76
5,350,50.400000,0.000000,1,0,35680006,1163,0,1163,-33,0,2,76
5,350,50.400000,0.000000,1,0,35680018,1160,0,1160,-33,0,2,76
5,350,50.400000,0.000000,1,0,35680029,1155,0,1155,-33,0,2,76
5,350,50.400000,0.000000,1,0,35680039,1150,0,1150,-34,0,2,76
5,350,50.400000,0.000000,1,0,35680052,1145,0,1145,-34,0,2,76
5,350,50.400000,0.000000,1,0,35680064,1142,0,1142,-35,0,2,76
5,350,50.400000,0.000000,1,0,35680075,1142,0,1142,-35,0,2,76
5,350,50.400000,0.000000,1,0,35680086,1142,0,1142,-35,0,2,76
5,350,50.400000,0.000000,1,0,35680099,1142,0,1142,-35,0,2,76
5,350,50.400000,0.000000,1,0,35680112,1142,0,1142,-35,0,2,76
5,350,50.400000,0.000000,1,0,35680123,1142,0,1142,-35,0,2,76
5,350,50.400000,0.000000,1,0,35680135,1138,0,1138,-35,0,2,76
5,350,50.400000,0.000000,1,0,35680148,1131,0,1131,-35,0,2,76
5,350,50.400000,0.000000,1,0,35680161,1124,0,1124,-35,0,2,76
5,350,50.400000,0.000000,1,0,35680172,1117,0,1117,-36,0,2,76
5,350,50.400000,0.000000,1,0,35680183,1110,0,1110,-37,0,2,76
5,350,50.400000,0.000000,1,0,35680193,1101,0,1101,-39,0,2,76
5,350,50.400000,0.000000,1,0,35680205,1094,0,1094,-41,0,2,76
5,350,50.400000,0.000000,1,0,35680218,1090,0,1090,-43,0,2,76
5,350,50.400000,0.000000,1,0,35680232,1090,0,1090,-43,0,2,76
5,350,50.400000,0.000000,1,0,35680244,1091,0,1091,-44,0,2,76
5,350,50.400000,0.000000,1,0,35680255,1093,0,1093,-45,0,2,76
5,350,50.400000,0.000000,1,0,35680267,1095,0,1095,-45,0,2,76
5,350,50.400000,0.000000,1,0,35680277,1097,0,1097,-46,0,2,76
5,350,50.400000,0.000000,1,0,35680288,1098,0,1098,-46,0,2,76
5,350,50.400000,0.000000,1,0,35680299,1098,0,1098,-46,0,2,76
5,350,50.400000,0.000000,1,0,35680310,1099,0,1099,-46,0,2,76
5,350,50.400000,0.000000,1,0,35680320,1100,0,1100,-46,0,2,76
5,350,50.400000,0.000000,1,0,35680334,1102,0,1102,-46,0,2,76
5,350,50.400000,0.000000,1,0,35680346,1109,0,1109,-46,0,2,76
5,350,50.400000,0.000000,1,0,35680357,1119,0,1119,-47,0,2,76
5,350,50.400000,0.000000,1,0,35680369,1130,0,1130,-49,0,2,76
5,350,50.400000,0.000000,1,0,35680379,1136,0,1136,-50,0,2,76
5,350,50.400000,0.000000,1,0,35680390,1138,0,1138,-50,0,2,76
5,350,50.400000,0.000000,1,0,35680401,1138,0,1138,-50,0,2,76
5,350,50.400000,0.000000,1,0,35680412,1138,0,1138,-51,0,2,76
5,350,50.400000,0.000000,1,0,35680422,1138,0,1138,-52,0,2,76
5,350,50.400000,0.000000,1,0,35680432,1138,0,1138,-52,0,2,76
5,350,50.400000,0.000000,1,0,35680445,1138,0,1138,-52,0,2,76
5,350,50.400000,0.000000,1,0,35680456,1138,0,1138,-52,0,2,76
5,350,50.400000,0.000000,1,0,35680467,1138,0,1138,-52,0,2,76
5,350,50.400000,0.000000,1,0,35680479,1138,0,1138,-52,0,2,76
5,350,50.400000,0.000000,1,0,35680491,1138,0,1138,-52,0,2,76
5,350,50.400000,0.000000,1,0,35680502,1138,0,1138,-52,0,2,76
5,350,50.400000,0.000000,1,0,35680513,1138,0,1138,-52,0,2,76
5,350,50.400000,0.000000,1,0,35680526,1138,0,1138,-52,0,2,76
