5,350,21.600000,22.608000,1,1,35835787,785,22,785,22,0,3,84
5,350,21.600000,22.608000,1,1,35835787,785,22,785,22,0,3,84
5,350,21.600000,22.608000,1,1,35835798,786,22,786,22,0,3,84
5,350,21.600000,22.608000,1,1,35835810,788,22,788,22,0,3,84
5,350,21.600000,22.608000,1,1,35835823,791,22,791,22,0,3,84
5,350,21.600000,22.608000,1,1,35835836,796,22,796,22,0,3,84
5,350,21.600000,22.608000,1,1,35835848,807,21,807,21,0,3,84
5,350,21.600000,22.608000,1,1,35835859,823,20,823,20,0,3,84
5,350,21.600000,22.608000,1,1,35835871,850,20,850,20,0,3,84
5,350,21.600000,22.608000,1,1,35835884,883,20,883,20,0,3,84
5,350,21.600000,22.608000,1,1,35835895,921,22,921,22,0,3,84
5,350,21.600000,22.608000,1,1,35835907,948,23,948,23,0,3,84
5,350,21.600000,22.608000,1,1,35835926,971,23,971,23,0,3,84
5,350,21.600000,22.608000,1,1,35835938,1004,19,1004,19,0,3,84
5,350,21.600000,22.608000,1,1,35835950,1017,16,1017,16,0,3,84
5,350,21.600000,22.608000,1,1,35835962,1028,13,1028,13,0,3,84
5,350,21.600000,22.608000,1,1,35835974,1038,10,1038,10,0,3,84
5,350,21.600000,22.608000,1,1,35835984,1046,7,1046,7,0,3,84
5,350,21.600000,22.608000,1,1,35835995,1054,6,1054,6,0,3,84
5,350,21.600000,22.608000,1,1,35836006,1060,6,1060,6,0,3,84
5,350,21.600000,22.608000,1,1,35836017,1066,5,1066,5,0,3,84
5,350,21.600000,22.608000,1,1,35836029,1072,5,1072,5,0,3,84
5,350,21.600000,22.608000,1,1,35836039,1078,5,1078,5,0,3,84
5,350,21.600000,22.608000,1,1,35836050,1080,5,1080,5,0,3,84
5,350,21.600000,22.608000,1,1,35836062,1082,5,1082,5,0,3,84
5,350,21.600000,22.608000,1,1,35836074,1082,5,1082,5,0,3,84
5,350,21.600000,22.608000,1,1,35836084,1082,5,1082,5,0,3,84
5,350,21.600000,22.608000,1,1,35836096,1082,5,1082,5,0,3,84
5,350,21.600000,22.608000,1,1,35836109,1083,5,1083,5,0,3,84
5,350,21.600000,22.608000,1,1,35836121,1086,5,1086,5,0,3,84
5,350,21.600000,22.608000,1,1,35836131,1090,5,1090,5,0,3,84
5,350,21.600000,22.608000,1,1,35836142,1092,5,1092,5,0,3,84
5,350,21.600000,22.608000,1,1,35836153,1092,5,1092,5,0,3,84
5,350,21.600000,22.608000,1,1,35836164,1092,5,1092,5,0,3,84
5,350,21.600000,22.608000,1,1,35836175,1092,5,1092,5,0,3,84
5,350,21.600000,22.608000,1,1,35836186,1092,5,1092,5,0,3,84
5,350,21.600000,22.608000,1,1,35836196,1093,5,1093,5,0,3,84
5,350,21.600000,22.608000,1,1,35836207,1094,5,1094,5,0,3,84
5,350,21.600000,22.608000,1,1,35836217,1097,5,1097,5,0,3,84
5,350,21.600000,22.608000,1,1,35836229,1101,4,1101,4,0,3,84
5,350,21.600000,22.608000,1,1,35836239,1106,4,1106,4,0,3,84
5,350,21.600000,22.608000,1,1,35836251,1107,4,1107,4,0,3,84
5,350,21.600000,22.608000,1,1,35836263,1108,4,1108,4,0,3,84
5,350,21.600000,22.608000,1,1,35836275,1108,4,1108,4,0,3,84
5,350,21.600000,22.608000,1,1,35836288,1108,4,1108,4,0,3,84
5,350,21.600000,22.608000,1,1,35836299,1108,4,1108,4,0,3,84
5,350,21.600000,22.608000,1,1,35836311,1108,4,1108,4,0,3,84
5,350,21.600000,22.608000,1,1,35836323,1110,4,1110,4,0,3,84
5,350,21.600000,22.608000,1,1,35836334,1113,4,1113,4,0,3,84
5,350,21.600000,22.608000,1,1,35836346,1115,4,1115,4,0,3,84
5,350,21.600000,22.608000,1,1,35836357,1117,4,1117,4,0,3,84
5,350,21.600000,22.608000,1,1,35836368,1117,4,1117,4,0,3,84
5,350,21.600000,22.608000,1,1,35836379,1117,3,1117,3,0,3,84
5,350,21.600000,22.608000,1,1,35836390,1118,3,1118,3,0,3,84
5,350,21.600000,22.608000,1,1,35836402,1118,3,1118,3,0,3,84
5,350,21.600000,22.608000,1,1,35836413,1119,3,1119,3,0,3,84
5,350,21.600000,22.608000,1,1,35836423,1119,3,1119,3,0,3,84
5,350,21.600000,22.608000,1,1,35836435,1120,3,1120,3,0,3,84
5,350,21.600000,22.608000,1,1,35836445,1121,3,1121,3,0,3,84
5,350,21.600000,22.608000,1,1,35836455,1121,3,1121,3,0,3,84
5,350,21.600000,22.608000,1,1,35836466,1122,3,1122,3,0,3,84
5,350,21.600000,22.608000,1,1,35836477,1123,3,1123,3,0,3,84
5,350,21.600000,22.608000,1,1,35836487,1124,3,1124,3,0,3,84
5,350,21.600000,22.608000,1,1,35836499,1125,3,1125,3,0,3,84
5,350,21.600000,22.608000,1,1,35836510,1127,3,1127,3,0,3,84
5,350,21.600000,22.608000,1,1,35836523,1128,3,1128,3,0,3,84
5,350,21.600000,22.608000,1,1,35836533,1130,3,1130,3,0,3,84
5,350,21.600000,22.608000,1,1,35836545,1132,3,1132,3,0,3,84
5,350,21.600000,22.608000,1,1,35836556,1132,3,1132,3,0,3,84
5,350,21.600000,22.608000,1,1,35836568,1132,3,1132,3,0,3,84
5,350,21.600000,22.608000,1,1,35836579,1132,3,1132,3,0,3,84
5,350,21.600000,22.608000,1,1,35836590,1133,3,1133,3,0,3,84
5,350,21.600000,22.608000,1,1,35836600,1133,3,1133,3,0,3,84
5,350,21.600000,22.608000,1,1,35836611,1133,3,1133,3,0,3,84
5,350,21.600000,22.608000,1,1,35836623,1133,3,1133,3,0,3,84
