5,700,50.400000,0.000000,0,1,35824234,610,22,610,22,0,3,74
5,700,50.400000,0.000000,0,1,35824236,610,22,610,22,0,3,74
5,700,50.400000,0.000000,0,1,35824246,612,22,612,22,0,3,74
5,700,50.400000,0.000000,0,1,35824257,616,22,616,22,0,3,74
5,700,50.400000,0.000000,0,1,35824270,623,21,623,21,0,3,74
5,700,50.400000,0.000000,0,1,35824281,636,21,636,21,0,3,74
5,700,50.400000,0.000000,0,1,35824293,655,21,655,21,0,3,74
5,700,50.400000,0.000000,0,1,35824307,688,21,688,21,0,3,74
5,700,50.400000,0.000000,0,1,35824318,744,23,744,23,0,3,74
5,700,50.400000,0.000000,0,1,35824331,811,26,811,26,0,3,74
5,700,50.400000,0.000000,0,1,35824342,886,28,886,28,0,3,74
5,700,50.400000,0.000000,0,1,35824354,958,28,958,28,0,3,74
5,700,50.400000,0.000000,0,1,35824365,1039,28,1039,28,0,3,74
5,700,50.400000,0.000000,0,1,35824377,1114,27,1114,27,0,3,74
5,700,50.400000,0.000000,0,1,35824389,1176,25,1176,25,0,3,74
5,700,50.400000,0.000000,0,1,35824401,1229,22,1229,22,0,3,74
5,700,50.400000,0.000000,0,1,35824413,1253,20,1253,20,0,3,74
5,700,50.400000,0.000000,0,1,35824424,1268,18,1268,18,0,3,74
5,700,50.400000,0.000000,0,1,35824435,1271,16,1271,16,0,3,74
5,700,50.400000,0.000000,0,1,35824445,1271,16,1271,16,0,3,74
5,700,50.400000,0.000000,0,1,35824456,1270,16,1270,16,0,3,74
5,700,50.400000,0.000000,0,1,35824468,1268,15,1268,15,0,3,74
5,700,50.400000,0.000000,0,1,35824478,1267,15,1267,15,0,3,74
5,700,50.400000,0.000000,0,1,35824489,1267,15,1267,15,0,3,74
5,700,50.400000,0.000000,0,1,35824500,1267,15,1267,15,0,3,74
5,700,50.400000,0.000000,0,1,35824512,1267,15,1267,15,0,3,74
5,700,50.400000,0.000000,0,1,35824522,1268,15,1268,15,0,3,74
5,700,50.400000,0.000000,0,1,35824533,1269,15,1269,15,0,3,74
5,700,50.400000,0.000000,0,1,35824544,1269,15,1269,15,0,3,74
5,700,50.400000,0.000000,0,1,35824554,1269,15,1269,15,0,3,74
5,700,50.400000,0.000000,0,1,35824564,1269,15,1269,15,0,3,74
5,700,50.400000,0.000000,0,1,35824577,1269,15,1269,15,0,3,74
5,700,50.400000,0.000000,0,1,35824588,1270,15,1270,15,0,3,74
5,700,50.400000,0.000000,0,1,35824600,1271,15,1271,15,0,3,74
5,700,50.400000,0.000000,0,1,35824610,1272,15,1272,15,0,3,74
5,700,50.400000,0.000000,0,1,35824621,1273,15,1273,15,0,3,74
5,700,50.400000,0.000000,0,1,35824632,1274,15,1274,15,0,3,74
5,700,50.400000,0.000000,0,1,35824646,1274,15,1274,15,0,3,74
5,700,50.400000,0.000000,0,1,35824661,1276,14,1276,14,0,3,74
5,700,50.400000,0.000000,0,1,35824674,1282,13,1282,13,0,3,74
5,700,50.400000,0.000000,0,1,35824688,1290,11,1290,11,0,3,74
5,700,50.400000,0.000000,0,1,35824700,1305,8,1305,8,0,3,74
5,700,50.400000,0.000000,0,1,35824713,1305,8,1305,8,0,3,74
5,700,50.400000,0.000000,0,1,35824723,1305,8,1305,8,0,3,74
5,700,50.400000,0.000000,0,1,35824734,1305,8,1305,8,0,3,74
5,700,50.400000,0.000000,0,1,35824745,1304,8,1304,8,0,3,74
