5,700,21.600000,10000.000000,1,0,35775510,610,0,610,0,0,3,33
5,700,21.600000,10000.000000,1,0,35775511,610,0,610,0,0,3,33
5,700,21.600000,10000.000000,1,0,35775523,629,0,629,-1,0,3,33
5,700,21.600000,10000.000000,1,0,35775536,657,0,657,-2,0,3,33
5,700,21.600000,10000.000000,1,0,35775548,702,0,702,-3,0,3,33
5,700,21.600000,10000.000000,1,0,35775566,752,0,752,-4,0,3,33
5,700,21.600000,10000.000000,1,0,35775577,835,0,835,-6,0,3,33
5,700,21.600000,10000.000000,1,0,35775587,905,0,905,-9,0,3,33
5,700,21.600000,10000.000000,1,0,35775605,973,0,973,-13,0,3,33
5,700,21.600000,10000.000000,1,0,35775616,1079,0,1079,-20,0,3,33
5,700,21.600000,10000.000000,1,0,35775627,1135,0,1135,-24,0,3,33
5,700,21.600000,10000.000000,1,0,35775639,1191,0,1191,-28,0,3,33
5,700,21.600000,10000.000000,1,0,35775650,1234,0,1234,-31,0,3,33
5,700,21.600000,10000.000000,1,0,35775661,1268,0,1268,-34,0,3,33
5,700,21.600000,10000.000000,1,0,35775673,1292,0,1292,-37,0,3,33
5,700,21.600000,10000.000000,1,0,35775691,1308,0,1308,-39,0,3,33
5,700,21.600000,10000.000000,1,0,35775701,1323,0,1323,-40,0,3,33
5,700,21.600000,10000.000000,1,0,35775713,1329,0,1329,-41,0,3,33
5,700,21.600000,10000.000000,1,0,35775724,1333,0,1333,-41,0,3,33
5,700,21.600000,10000.000000,1,0,35775735,1334,0,1334,-41,0,3,33
5,700,21.600000,10000.000000,1,0,35775745,1334,0,1334,-41,0,3,33
5,700,21.600000,10000.000000,1,0,35775757,1334,0,1334,-41,0,3,33
5,700,21.600000,10000.000000,1,0,35775768,1334,0,1334,-41,0,3,33
5,700,21.600000,10000.000000,1,0,35775780,1333,0,1333,-41,0,3,33
5,700,21.600000,10000.000000,1,0,35775791,1332,0,1332,-41,0,3,33
5,700,21.600000,10000.000000,1,0,35775804,1331,0,1331,-41,0,3,33
5,700,21.600000,10000.000000,1,0,35775816,1331,0,1331,-41,0,3,33
5,700,21.600000,10000.000000,1,0,35775828,1331,0,1331,-41,0,3,33
5,700,21.600000,10000.000000,1,0,35775842,1331,0,1331,-41,0,3,33
5,700,21.600000,10000.000000,1,0,35775855,1331,0,1331,-41,0,3,33
5,700,21.600000,10000.000000,1,0,35775865,1330,0,1330,-41,0,3,33
5,700,21.600000,10000.000000,1,0,35775876,1329,0,1329,-41,0,3,33
5,700,21.600000,10000.000000,1,0,35775886,1327,0,1327,-41,0,3,33
5,700,21.600000,10000.000000,1,0,35775898,1325,0,1325,-41,0,3,33
5,700,21.600000,10000.000000,1,0,35775910,1323,0,1323,-41,0,3,33
5,700,21.600000,10000.000000,1,0,35775923,1322,0,1322,-41,0,3,33
5,700,21.600000,10000.000000,1,0,35775933,1320,1,1320,-40,0,3,33
5,700,21.600000,10000.000000,1,0,35775943,1320,1,1320,-40,0,3,33
5,700,21.600000,10000.000000,1,0,35775953,1319,1,1319,-40,0,3,33
5,700,21.600000,10000.000000,1,0,35775963,1319,1,1319,-40,0,3,33
5,700,21.600000,10000.000000,1,0,35775974,1319,1,1319,-40,0,3,33
5,700,21.600000,10000.000000,1,0,35775984,1319,1,1319,-40,0,3,33
5,700,21.600000,10000.000000,1,0,35775996,1319,1,1319,-40,0,3,33
5,700,21.600000,10000.000000,1,0,35776007,1319,1,1319,-40,0,3,33
5,700,21.600000,10000.000000,1,0,35776019,1319,1,1319,-40,0,3,33
5,700,21.600000,10000.000000,1,0,35776030,1319,1,1319,-40,0,3,33
5,700,21.600000,10000.000000,1,0,35776042,1317,1,1317,-40,0,3,33
5,700,21.600000,10000.000000,1,0,35776056,1316,1,1316,-40,0,3,33
5,700,21.600000,10000.000000,1,0,35776069,1316,1,1316,-40,0,3,33
5,700,21.600000,10000.000000,1,0,35776079,1316,1,1316,-40,0,3,33
5,700,21.600000,10000.000000,1,0,35776089,1316,1,1316,-40,0,3,33
