5,700,21.600000,12.276000,0,1,35813298,610,22,610,22,0,3,65
5,700,21.600000,12.276000,0,1,35813299,610,22,610,22,0,3,65
5,700,21.600000,12.276000,0,1,35813310,611,22,611,22,0,3,65
5,700,21.600000,12.276000,0,1,35813321,612,22,612,22,0,3,65
5,700,21.600000,12.276000,0,1,35813331,614,22,614,22,0,3,65
5,700,21.600000,12.276000,0,1,35813344,619,22,619,22,0,3,65
5,700,21.600000,12.276000,0,1,35813375,627,21,627,21,0,3,65
5,700,21.600000,12.276000,0,1,35813393,715,17,715,17,0,3,65
5,700,21.600000,12.276000,0,1,35813404,809,16,809,16,0,3,65
5,700,21.600000,12.276000,0,1,35813416,888,15,888,15,0,3,65
5,700,21.600000,12.276000,0,1,35813427,963,13,963,13,0,3,65
5,700,21.600000,12.276000,0,1,35813438,1059,10,1059,10,0,3,65
5,700,21.600000,12.276000,0,1,35813450,1144,7,1144,7,0,3,65
5,700,21.600000,12.276000,0,1,35813468,1218,5,1218,5,0,3,65
5,700,21.600000,12.276000,0,1,35813479,1299,1,1299,1,0,3,65
5,700,21.600000,12.276000,0,1,35813490,1329,0,1329,-1,0,3,65
5,700,21.600000,12.276000,0,1,35813503,1343,0,1343,-4,0,3,65
5,700,21.600000,12.276000,0,1,35813516,1344,0,1344,-4,0,3,65
5,700,21.600000,12.276000,0,1,35813526,1342,0,1342,-4,0,3,65
5,700,21.600000,12.276000,0,1,35813536,1337,0,1337,-5,0,3,65
5,700,21.600000,12.276000,0,1,35813547,1332,0,1332,-5,0,3,65
5,700,21.600000,12.276000,0,1,35813557,1329,0,1329,-5,0,3,65
5,700,21.600000,12.276000,0,1,35813568,1328,0,1328,-5,0,3,65
5,700,21.600000,12.276000,0,1,35813579,1327,0,1327,-5,0,3,65
5,700,21.600000,12.276000,0,1,35813589,1327,0,1327,-5,0,3,65
5,700,21.600000,12.276000,0,1,35813600,1327,0,1327,-5,0,3,65
5,700,21.600000,12.276000,0,1,35813610,1327,0,1327,-5,0,3,65
5,700,21.600000,12.276000,0,1,35813620,1327,0,1327,-5,0,3,65
5,700,21.600000,12.276000,0,1,35813632,1327,0,1327,-5,0,3,65
5,700,21.600000,12.276000,0,1,35813643,1327,0,1327,-5,0,3,65
5,700,21.600000,12.276000,0,1,35813653,1327,0,1327,-5,0,3,65
5,700,21.600000,12.276000,0,1,35813664,1327,0,1327,-5,0,3,65
5,700,21.600000,12.276000,0,1,35813675,1327,0,1327,-5,0,3,65
5,700,21.600000,12.276000,0,1,35813685,1326,0,1326,-5,0,3,65
5,700,21.600000,12.276000,0,1,35813695,1323,0,1323,-5,0,3,65
5,700,21.600000,12.276000,0,1,35813707,1319,1,1319,-4,0,3,65
5,700,21.600000,12.276000,0,1,35813717,1317,1,1317,-4,0,3,65
5,700,21.600000,12.276000,0,1,35813728,1316,2,1316,-3,0,3,65
5,700,21.600000,12.276000,0,1,35813740,1315,2,1315,-3,0,3,65
5,700,21.600000,12.276000,0,1,35813752,1315,2,1315,-3,0,3,65
5,700,21.600000,12.276000,0,1,35813764,1315,2,1315,-3,0,3,65
5,700,21.600000,12.276000,0,1,35813774,1315,2,1315,-3,0,3,65
5,700,21.600000,12.276000,0,1,35813784,1315,2,1315,-3,0,3,65
5,700,21.600000,12.276000,0,1,35813795,1315,2,1315,-3,0,3,65
5,700,21.600000,12.276000,0,1,35813805,1315,2,1315,-3,0,3,65
5,700,21.600000,12.276000,0,1,35813815,1315,2,1315,-3,0,3,65
5,700,21.600000,12.276000,0,1,35813826,1315,2,1315,-3,0,3,65
