5,350,50.400000,12.276000,0,1,35922906,785,22,785,22,0,4,35
5,350,50.400000,12.276000,0,1,35922907,785,22,785,22,0,4,35
5,350,50.400000,12.276000,0,1,35922918,785,22,785,22,0,4,35
5,350,50.400000,12.276000,0,1,35922930,785,22,785,22,0,4,35
5,350,50.400000,12.276000,0,1,35922940,785,22,785,22,0,4,35
5,350,50.400000,12.276000,0,1,35922952,786,22,786,22,0,4,35
5,350,50.400000,12.276000,0,1,35922964,790,22,790,22,0,4,35
5,350,50.400000,12.276000,0,1,35922990,799,21,799,21,0,4,35
5,350,50.400000,12.276000,0,1,35923001,852,17,852,17,0,4,35
5,350,50.400000,12.276000,0,1,35923014,898,15,898,15,0,4,35
5,350,50.400000,12.276000,0,1,35923027,955,11,955,11,0,4,35
5,350,50.400000,12.276000,0,1,35923039,1013,7,1013,7,0,4,35
5,350,50.400000,12.276000,0,1,35923050,1071,2,1071,2,0,4,35
5,350,50.400000,12.276000,0,1,35923062,1112,0,1112,-2,0,4,35
5,350,50.400000,12.276000,0,1,35923074,1143,0,1143,-6,0,4,35
5,350,50.400000,12.276000,0,1,35923086,1157,0,1157,-9,0,4,35
5,350,50.400000,12.276000,0,1,35923096,1161,0,1161,-11,0,4,35
5,350,50.400000,12.276000,0,1,35923107,1161,0,1161,-12,0,4,35
5,350,50.400000,12.276000,0,1,35923118,1160,0,1160,-13,0,4,35
5,350,50.400000,12.276000,0,1,35923128,1158,0,1158,-13,0,4,35
5,350,50.400000,12.276000,0,1,35923138,1157,0,1157,-13,0,4,35
5,350,50.400000,12.276000,0,1,35923149,1157,0,1157,-13,0,4,35
5,350,50.400000,12.276000,0,1,35923159,1157,0,1157,-13,0,4,35
5,350,50.400000,12.276000,0,1,35923170,1157,0,1157,-13,0,4,35
5,350,50.400000,12.276000,0,1,35923181,1157,0,1157,-13,0,4,35
5,350,50.400000,12.276000,0,1,35923191,1157,0,1157,-13,0,4,35
5,350,50.400000,12.276000,0,1,35923201,1157,0,1157,-13,0,4,35
5,350,50.400000,12.276000,0,1,35923212,1157,0,1157,-13,0,4,35
5,350,50.400000,12.276000,0,1,35923222,1157,0,1157,-13,0,4,35
5,350,50.400000,12.276000,0,1,35923233,1156,0,1156,-13,0,4,35
5,350,50.400000,12.276000,0,1,35923245,1155,0,1155,-13,0,4,35
5,350,50.400000,12.276000,0,1,35923257,1155,0,1155,-13,0,4,35
5,350,50.400000,12.276000,0,1,35923268,1155,0,1155,-13,0,4,35
5,350,50.400000,12.276000,0,1,35923279,1155,0,1155,-13,0,4,35
5,350,50.400000,12.276000,0,1,35923289,1155,0,1155,-13,0,4,35
5,350,50.400000,12.276000,0,1,35923300,1155,0,1155,-13,0,4,35
5,350,50.400000,12.276000,0,1,35923313,1155,0,1155,-13,0,4,35
5,350,50.400000,12.276000,0,1,35923325,1154,0,1154,-13,0,4,35
5,350,50.400000,12.276000,0,1,35923337,1152,0,1152,-13,0,4,35
5,350,50.400000,12.276000,0,1,35923348,1151,0,1151,-13,0,4,35
5,350,50.400000,12.276000,0,1,35923360,1149,0,1149,-13,0,4,35
5,350,50.400000,12.276000,0,1,35923374,1149,0,1149,-13,0,4,35
