5,350,21.600000,22.608000,0,0,36121076,785,0,785,0,0,5,76
5,350,21.600000,22.608000,0,0,36121076,785,0,785,0,0,5,76
5,350,21.600000,22.608000,0,0,36121088,786,0,786,0,0,5,76
5,350,21.600000,22.608000,0,0,36121098,788,0,788,0,0,5,76
5,350,21.600000,22.608000,0,0,36121110,791,0,791,0,0,5,76
5,350,21.600000,22.608000,0,0,36121131,796,0,796,-1,0,5,76
5,350,21.600000,22.608000,0,0,36121149,811,0,811,-5,0,5,76
5,350,21.600000,22.608000,0,0,36121168,837,0,837,-10,0,5,76
5,350,21.600000,22.608000,0,0,36121183,890,0,890,-19,0,5,76
5,350,21.600000,22.608000,0,0,36121198,950,0,950,-27,0,5,76
5,350,21.600000,22.608000,0,0,36121209,1019,0,1019,-36,0,5,76
5,350,21.600000,22.608000,0,0,36121222,1062,0,1062,-41,0,5,76
5,350,21.600000,22.608000,0,0,36121234,1096,0,1096,-44,0,5,76
5,350,21.600000,22.608000,0,0,36121245,1125,0,1125,-46,0,5,76
5,350,21.600000,22.608000,0,0,36121256,1140,0,1140,-48,0,5,76
5,350,21.600000,22.608000,0,0,36121267,1146,0,1146,-50,0,5,76
5,350,21.600000,22.608000,0,0,36121279,1147,0,1147,-50,0,5,76
5,350,21.600000,22.608000,0,0,36121291,1147,0,1147,-50,0,5,76
5,350,21.600000,22.608000,0,0,36121304,1146,0,1146,-50,0,5,76
5,350,21.600000,22.608000,0,0,36121316,1144,0,1144,-50,0,5,76
5,350,21.600000,22.608000,0,0,36121330,1143,0,1143,-50,0,5,76
5,350,21.600000,22.608000,0,0,36121342,1143,0,1143,-50,0,5,76
5,350,21.600000,22.608000,0,0,36121355,1143,0,1143,-50,0,5,76
5,350,21.600000,22.608000,0,0,36121366,1143,0,1143,-50,0,5,76
5,350,21.600000,22.608000,0,0,36121378,1143,0,1143,-50,0,5,76
5,350,21.600000,22.608000,0,0,36121389,1143,0,1143,-50,0,5,76
5,350,21.600000,22.608000,0,0,36121400,1142,0,1142,-50,0,5,76
5,350,21.600000,22.608000,0,0,36121424,1141,0,1141,-50,0,5,76
5,350,21.600000,22.608000,0,0,36121442,1141,0,1141,-50,0,5,76
5,350,21.600000,22.608000,0,0,36121453,1141,0,1141,-50,0,5,76
5,350,21.600000,22.608000,0,0,36121467,1141,0,1141,-50,0,5,76
5,350,21.600000,22.608000,0,0,36121480,1140,0,1140,-50,0,5,76
5,350,21.600000,22.608000,0,0,36121493,1139,0,1139,-50,0,5,76
5,350,21.600000,22.608000,0,0,36121506,1138,0,1138,-50,0,5,76
5,350,21.600000,22.608000,0,0,36121518,1138,0,1138,-50,0,5,76
5,350,21.600000,22.608000,0,0,36121529,1138,0,1138,-50,0,5,76
