5,350,82.800000,10000.000000,0,1,36317002,785,22,785,22,0,6,116
5,350,82.800000,10000.000000,0,1,36317003,785,22,785,22,0,6,116
5,350,82.800000,10000.000000,0,1,36317015,786,22,786,22,0,6,116
5,350,82.800000,10000.000000,0,1,36317028,792,22,792,22,0,6,116
5,350,82.800000,10000.000000,0,1,36317038,802,20,802,20,0,6,116
5,350,82.800000,10000.000000,0,1,36317050,818,18,818,18,0,6,116
5,350,82.800000,10000.000000,0,1,36317062,846,17,846,17,0,6,116
5,350,82.800000,10000.000000,0,1,36317073,881,16,881,16,0,6,116
5,350,82.800000,10000.000000,0,1,36317085,929,15,929,15,0,6,116
5,350,82.800000,10000.000000,0,1,36317097,979,15,979,15,0,6,116
5,350,82.800000,10000.000000,0,1,36317108,1028,14,1028,14,0,6,116
5,350,82.800000,10000.000000,0,1,36317120,1075,13,1075,13,0,6,116
5,350,82.800000,10000.000000,0,1,36317130,1112,12,1112,12,0,6,116
5,350,82.800000,10000.000000,0,1,36317145,1140,12,1140,12,0,6,116
5,350,82.800000,10000.000000,0,1,36317155,1159,11,1159,11,0,6,116
5,350,82.800000,10000.000000,0,1,36317165,1161,11,1161,11,0,6,116
5,350,82.800000,10000.000000,0,1,36317178,1163,11,1163,11,0,6,116
5,350,82.800000,10000.000000,0,1,36317189,1161,11,1161,11,0,6,116
5,350,82.800000,10000.000000,0,1,36317199,1159,11,1159,11,0,6,116
5,350,82.800000,10000.000000,0,1,36317209,1157,11,1157,11,0,6,116
5,350,82.800000,10000.000000,0,1,36317222,1157,11,1157,11,0,6,116
5,350,82.800000,10000.000000,0,1,36317231,1157,11,1157,11,0,6,116
5,350,82.800000,10000.000000,0,1,36317242,1157,11,1157,11,0,6,116
5,350,82.800000,10000.000000,0,1,36317253,1157,11,1157,11,0,6,116
5,350,82.800000,10000.000000,0,1,36317264,1157,11,1157,11,0,6,116
5,350,82.800000,10000.000000,0,1,36317275,1157,11,1157,11,0,6,116
5,350,82.800000,10000.000000,0,1,36317288,1157,11,1157,11,0,6,116
5,350,82.800000,10000.000000,0,1,36317301,1157,11,1157,11,0,6,116
5,350,82.800000,10000.000000,0,1,36317312,1156,11,1156,11,0,6,116
5,350,82.800000,10000.000000,0,1,36317322,1156,11,1156,11,0,6,116
5,350,82.800000,10000.000000,0,1,36317338,1156,11,1156,11,0,6,116
5,350,82.800000,10000.000000,0,1,36317348,1156,11,1156,11,0,6,116
