5,700,82.800000,42.984000,0,1,36263669,610,22,610,22,0,6,71
5,700,82.800000,42.984000,0,1,36263670,610,22,610,22,0,6,71
5,700,82.800000,42.984000,0,1,36263681,610,22,610,22,0,6,71
5,700,82.800000,42.984000,0,1,36263692,615,23,615,23,0,6,71
5,700,82.800000,42.984000,0,1,36263706,624,23,624,23,0,6,71
5,700,82.800000,42.984000,0,1,36263718,643,23,643,23,0,6,71
5,700,82.800000,42.984000,0,1,36263729,677,23,677,23,0,6,71
5,700,82.800000,42.984000,0,1,36263741,723,26,723,26,0,6,71
5,700,82.800000,42.984000,0,1,36263752,782,30,782,30,0,6,71
5,700,82.800000,42.984000,0,1,36263771,856,34,856,34,0,6,71
5,700,82.800000,42.984000,0,1,36263782,997,37,997,37,0,6,71
5,700,82.800000,42.984000,0,1,36263796,1084,38,1084,38,0,6,71
5,700,82.800000,42.984000,0,1,36263812,1182,37,1182,37,0,6,71
5,700,82.800000,42.984000,0,1,36263827,1276,35,1276,35,0,6,71
5,700,82.800000,42.984000,0,1,36263840,1315,32,1315,32,0,6,71
5,700,82.800000,42.984000,0,1,36263854,1322,28,1322,28,0,6,71
5,700,82.800000,42.984000,0,1,36263867,1321,23,1321,23,0,6,71
5,700,82.800000,42.984000,0,1,36263878,1315,18,1315,18,0,6,71
5,700,82.800000,42.984000,0,1,36263890,1307,14,1307,14,0,6,71
5,700,82.800000,42.984000,0,1,36263901,1301,11,1301,11,0,6,71
5,700,82.800000,42.984000,0,1,36263912,1300,10,1300,10,0,6,71
5,700,82.800000,42.984000,0,1,36263922,1299,9,1299,9,0,6,71
5,700,82.800000,42.984000,0,1,36263934,1299,9,1299,9,0,6,71
5,700,82.800000,42.984000,0,1,36263943,1299,9,1299,9,0,6,71
5,700,82.800000,42.984000,0,1,36263953,1299,9,1299,9,0,6,71
5,700,82.800000,42.984000,0,1,36263964,1299,9,1299,9,0,6,71
5,700,82.800000,42.984000,0,1,36263974,1299,9,1299,9,0,6,71
5,700,82.800000,42.984000,0,1,36263984,1299,9,1299,9,0,6,71
5,700,82.800000,42.984000,0,1,36263994,1299,8,1299,8,0,6,71
5,700,82.800000,42.984000,0,1,36264004,1299,7,1299,7,0,6,71
5,700,82.800000,42.984000,0,1,36264016,1300,7,1300,7,0,6,71
5,700,82.800000,42.984000,0,1,36264028,1300,6,1300,6,0,6,71
5,700,82.800000,42.984000,0,1,36264039,1300,5,1300,5,0,6,71
5,700,82.800000,42.984000,0,1,36264051,1300,4,1300,4,0,6,71
5,700,82.800000,42.984000,0,1,36264063,1300,4,1300,4,0,6,71
5,700,82.800000,42.984000,0,1,36264076,1300,4,1300,4,0,6,71
