5,700,50.400000,22.608000,1,0,36261266,610,0,610,0,0,6,69
5,700,50.400000,22.608000,1,0,36261266,610,0,610,0,0,6,69
5,700,50.400000,22.608000,1,0,36261278,610,0,610,0,0,6,69
5,700,50.400000,22.608000,1,0,36261290,612,0,612,0,0,6,69
5,700,50.400000,22.608000,1,0,36261302,618,0,618,-1,0,6,69
5,700,50.400000,22.608000,1,0,36261313,628,0,628,-3,0,6,69
5,700,50.400000,22.608000,1,0,36261328,647,0,647,-6,0,6,69
5,700,50.400000,22.608000,1,0,36261339,699,0,699,-11,0,6,69
5,700,50.400000,22.608000,1,0,36261356,761,0,761,-17,0,6,69
5,700,50.400000,22.608000,1,0,36261374,881,0,881,-27,0,6,69
5,700,50.400000,22.608000,1,0,36261385,1038,0,1038,-42,0,6,69
5,700,50.400000,22.608000,1,0,36261396,1118,0,1118,-51,0,6,69
5,700,50.400000,22.608000,1,0,36261408,1202,0,1202,-60,0,6,69
5,700,50.400000,22.608000,1,0,36261420,1253,0,1253,-68,0,6,69
5,700,50.400000,22.608000,1,0,36261431,1279,0,1279,-75,0,6,69
5,700,50.400000,22.608000,1,0,36261442,1283,0,1283,-79,0,6,69
5,700,50.400000,22.608000,1,0,36261454,1281,0,1281,-82,0,6,69
5,700,50.400000,22.608000,1,0,36261466,1276,0,1276,-85,0,6,69
5,700,50.400000,22.608000,1,0,36261477,1271,0,1271,-86,0,6,69
5,700,50.400000,22.608000,1,0,36261488,1269,0,1269,-86,0,6,69
5,700,50.400000,22.608000,1,0,36261500,1267,0,1267,-86,0,6,69
5,700,50.400000,22.608000,1,0,36261513,1266,0,1266,-86,0,6,69
5,700,50.400000,22.608000,1,0,36261524,1266,0,1266,-86,0,6,69
5,700,50.400000,22.608000,1,0,36261540,1266,0,1266,-86,0,6,69
5,700,50.400000,22.608000,1,0,36261553,1266,0,1266,-86,0,6,69
5,700,50.400000,22.608000,1,0,36261564,1266,0,1266,-86,0,6,69
5,700,50.400000,22.608000,1,0,36261578,1266,0,1266,-86,0,6,69
5,700,50.400000,22.608000,1,0,36261588,1266,0,1266,-86,0,6,69
5,700,50.400000,22.608000,1,0,36261598,1266,0,1266,-86,0,6,69
5,700,50.400000,22.608000,1,0,36261609,1266,0,1266,-86,0,6,69
5,700,50.400000,22.608000,1,0,36261619,1266,0,1266,-86,0,6,69
5,700,50.400000,22.608000,1,0,36261632,1268,0,1268,-86,0,6,69
5,700,50.400000,22.608000,1,0,36261648,1273,0,1273,-86,0,6,69
5,700,50.400000,22.608000,1,0,36261677,1279,0,1279,-86,0,6,69
5,700,50.400000,22.608000,1,0,36261689,1293,0,1293,-88,0,6,69
5,700,50.400000,22.608000,1,0,36261702,1298,0,1298,-89,0,6,69
5,700,50.400000,22.608000,1,0,36261716,1298,0,1298,-89,0,6,69
5,700,50.400000,22.608000,1,0,36261728,1298,0,1298,-89,0,6,69
5,700,50.400000,22.608000,1,0,36261739,1299,0,1299,-89,0,6,69
5,700,50.400000,22.608000,1,0,36261750,1300,0,1300,-89,0,6,69
5,700,50.400000,22.608000,1,0,36261763,1302,0,1302,-89,0,6,69
5,700,50.400000,22.608000,1,0,36261775,1304,0,1304,-89,0,6,69
5,700,50.400000,22.608000,1,0,36261785,1305,0,1305,-89,0,6,69
5,700,50.400000,22.608000,1,0,36261797,1305,0,1305,-89,0,6,69
5,700,50.400000,22.608000,1,0,36261810,1305,0,1305,-89,0,6,69
5,700,50.400000,22.608000,1,0,36261820,1305,0,1305,-89,0,6,69
