5,700,21.600000,42.984000,1,0,36211205,610,0,610,0,1,6,28
5,700,21.600000,42.984000,1,0,36211206,610,0,610,0,1,6,28
5,700,21.600000,42.984000,1,0,36211218,617,0,617,0,1,6,28
5,700,21.600000,42.984000,1,0,36211237,626,0,626,0,1,6,28
5,700,21.600000,42.984000,1,0,36211249,656,0,656,-2,1,6,28
5,700,21.600000,42.984000,1,0,36211262,690,0,690,-3,1,6,28
5,700,21.600000,42.984000,1,0,36211274,744,0,744,-5,1,6,28
5,700,21.600000,42.984000,1,0,36211289,815,0,815,-8,1,6,28
5,700,21.600000,42.984000,1,0,36211302,910,0,910,-13,1,6,28
5,700,21.600000,42.984000,1,0,36211314,997,0,997,-19,1,6,28
5,700,21.600000,42.984000,1,0,36211332,1073,0,1073,-24,1,6,28
5,700,21.600000,42.984000,1,0,36211343,1185,0,1185,-32,1,6,28
5,700,21.600000,42.984000,1,0,36211354,1230,0,1230,-35,1,6,28
5,700,21.600000,42.984000,1,0,36211368,1266,0,1266,-38,1,6,28
5,700,21.600000,42.984000,1,0,36211380,1290,0,1290,-42,1,6,28
5,700,21.600000,42.984000,1,0,36211390,1291,0,1291,-42,1,6,28
5,700,21.600000,42.984000,1,0,36211401,1292,0,1292,-43,1,6,28
5,700,21.600000,42.984000,1,0,36211411,1292,0,1292,-43,1,6,28
5,700,21.600000,42.984000,1,0,36211423,1291,0,1291,-43,1,6,28
5,700,21.600000,42.984000,1,0,36211437,1290,0,1290,-43,1,6,28
5,700,21.600000,42.984000,1,0,36211447,1289,0,1289,-43,1,6,28
5,700,21.600000,42.984000,1,0,36211458,1289,0,1289,-43,1,6,28
5,700,21.600000,42.984000,1,0,36211470,1289,0,1289,-43,1,6,28
5,700,21.600000,42.984000,1,0,36211481,1289,0,1289,-43,1,6,28
5,700,21.600000,42.984000,1,0,36211493,1289,0,1289,-43,1,6,28
5,700,21.600000,42.984000,1,0,36211514,1289,0,1289,-43,1,6,28
5,700,21.600000,42.984000,1,0,36211524,1289,0,1289,-43,1,6,28
5,700,21.600000,42.984000,1,0,36211540,1289,0,1289,-43,1,6,28
5,700,21.600000,42.984000,1,0,36211552,1289,0,1289,-43,1,6,28
5,700,21.600000,42.984000,1,0,36211562,1289,0,1289,-43,1,6,28
5,700,21.600000,42.984000,1,0,36211573,1289,0,1289,-43,1,6,28
5,700,21.600000,42.984000,1,0,36211586,1290,0,1290,-43,1,6,28
5,700,21.600000,42.984000,1,0,36211598,1292,0,1292,-44,1,6,28
5,700,21.600000,42.984000,1,0,36211609,1295,0,1295,-44,1,6,28
5,700,21.600000,42.984000,1,0,36211622,1300,0,1300,-45,1,6,28
5,700,21.600000,42.984000,1,0,36211637,1306,0,1306,-46,1,6,28
5,700,21.600000,42.984000,1,0,36211651,1315,0,1315,-47,1,6,28
5,700,21.600000,42.984000,1,0,36211663,1321,0,1321,-48,1,6,28
5,700,21.600000,42.984000,1,0,36211673,1322,0,1322,-48,1,6,28
5,700,21.600000,42.984000,1,0,36211686,1323,0,1323,-48,1,6,28
5,700,21.600000,42.984000,1,0,36211697,1323,0,1323,-48,1,6,28
5,700,21.600000,42.984000,1,0,36211708,1322,0,1322,-48,1,6,28
5,700,21.600000,42.984000,1,0,36211719,1321,0,1321,-48,1,6,28
5,700,21.600000,42.984000,1,0,36211731,1321,0,1321,-48,1,6,28
5,700,21.600000,42.984000,1,0,36211741,1321,0,1321,-48,1,6,28
5,700,21.600000,42.984000,1,0,36211755,1321,0,1321,-48,1,6,28
5,700,21.600000,42.984000,1,0,36211766,1321,0,1321,-48,1,6,28
5,700,21.600000,42.984000,1,0,36211777,1321,0,1321,-48,1,6,28
5,700,21.600000,42.984000,1,0,36211788,1321,0,1321,-48,1,6,28
5,700,21.600000,42.984000,1,0,36211800,1320,0,1320,-48,1,6,28
5,700,21.600000,42.984000,1,0,36211811,1316,0,1316,-48,1,6,28
5,700,21.600000,42.984000,1,0,36211822,1313,1,1313,-47,1,6,28
5,700,21.600000,42.984000,1,0,36211834,1312,1,1312,-47,1,6,28
5,700,21.600000,42.984000,1,0,36211846,1312,1,1312,-47,1,6,28
5,700,21.600000,42.984000,1,0,36211858,1312,1,1312,-47,1,6,28
5,700,21.600000,42.984000,1,0,36211875,1312,1,1312,-47,1,6,28
5,700,21.600000,42.984000,1,0,36211886,1312,1,1312,-47,1,6,28
5,700,21.600000,42.984000,1,0,36211897,1312,1,1312,-47,0,6,28
