5,350,50.400000,0.000000,0,1,36270977,785,22,785,22,0,6,77
5,350,50.400000,0.000000,0,1,36270978,785,22,785,22,0,6,77
5,350,50.400000,0.000000,0,1,36270990,785,22,785,22,0,6,77
5,350,50.400000,0.000000,0,1,36271000,785,22,785,22,0,6,77
5,350,50.400000,0.000000,0,1,36271011,785,22,785,22,0,6,77
5,350,50.400000,0.000000,0,1,36271026,786,22,786,22,0,6,77
5,350,50.400000,0.000000,0,1,36271039,797,23,797,23,0,6,77
5,350,50.400000,0.000000,0,1,36271051,821,24,821,24,0,6,77
5,350,50.400000,0.000000,0,1,36271066,854,25,854,25,0,6,77
5,350,50.400000,0.000000,0,1,36271078,917,26,917,26,0,6,77
5,350,50.400000,0.000000,0,1,36271089,970,27,970,27,0,6,77
5,350,50.400000,0.000000,0,1,36271102,1019,27,1019,27,0,6,77
5,350,50.400000,0.000000,0,1,36271114,1081,23,1081,23,0,6,77
5,350,50.400000,0.000000,0,1,36271127,1126,18,1126,18,0,6,77
5,350,50.400000,0.000000,0,1,36271137,1155,13,1155,13,0,6,77
5,350,50.400000,0.000000,0,1,36271152,1166,7,1166,7,0,6,77
5,350,50.400000,0.000000,0,1,36271163,1167,0,1167,-2,0,6,77
5,350,50.400000,0.000000,0,1,36271175,1164,0,1164,-10,0,6,77
5,350,50.400000,0.000000,0,1,36271187,1158,0,1158,-17,0,6,77
5,350,50.400000,0.000000,0,1,36271198,1151,0,1151,-21,0,6,77
5,350,50.400000,0.000000,0,1,36271211,1145,0,1145,-22,0,6,77
5,350,50.400000,0.000000,0,1,36271223,1142,0,1142,-22,0,6,77
5,350,50.400000,0.000000,0,1,36271234,1142,0,1142,-22,0,6,77
5,350,50.400000,0.000000,0,1,36271246,1142,0,1142,-22,0,6,77
5,350,50.400000,0.000000,0,1,36271257,1142,0,1142,-22,0,6,77
5,350,50.400000,0.000000,0,1,36271268,1142,0,1142,-22,0,6,77
5,350,50.400000,0.000000,0,1,36271279,1142,0,1142,-22,0,6,77
5,350,50.400000,0.000000,0,1,36271292,1140,0,1140,-22,0,6,77
5,350,50.400000,0.000000,0,1,36271302,1138,0,1138,-22,0,6,77
5,350,50.400000,0.000000,0,1,36271312,1138,0,1138,-22,0,6,77
5,350,50.400000,0.000000,0,1,36271324,1138,0,1138,-22,0,6,77
5,350,50.400000,0.000000,0,1,36271338,1138,0,1138,-22,0,6,77
5,350,50.400000,0.000000,0,1,36271351,1138,0,1138,-22,0,6,77
5,350,50.400000,0.000000,0,1,36271362,1138,0,1138,-22,0,6,77
5,350,50.400000,0.000000,0,1,36271373,1138,0,1138,-22,0,6,77
5,350,50.400000,0.000000,0,1,36271384,1138,0,1138,-22,0,6,77
5,350,50.400000,0.000000,0,1,36271398,1138,0,1138,-22,0,6,77
