5,350,21.600000,0.000000,0,1,36205427,785,22,785,22,0,6,23
5,350,21.600000,0.000000,0,1,36205429,785,22,785,22,0,6,23
5,350,21.600000,0.000000,0,1,36205441,785,22,785,22,0,6,23
5,350,21.600000,0.000000,0,1,36205451,785,22,785,22,0,6,23
5,350,21.600000,0.000000,0,1,36205461,785,22,785,22,0,6,23
5,350,21.600000,0.000000,0,1,36205472,785,22,785,22,0,6,23
5,350,21.600000,0.000000,0,1,36205483,785,22,785,22,0,6,23
5,350,21.600000,0.000000,0,1,36205493,788,22,788,22,0,6,23
5,350,21.600000,0.000000,0,1,36205507,795,22,795,22,0,6,23
5,350,21.600000,0.000000,0,1,36205519,819,22,819,22,0,6,23
5,350,21.600000,0.000000,0,1,36205532,849,22,849,22,0,6,23
5,350,21.600000,0.000000,0,1,36205543,893,22,893,22,0,6,23
5,350,21.600000,0.000000,0,1,36205555,943,22,943,22,0,6,23
5,350,21.600000,0.000000,0,1,36205567,1000,21,1000,21,0,6,23
5,350,21.600000,0.000000,0,1,36205580,1053,18,1053,18,0,6,23
5,350,21.600000,0.000000,0,1,36205592,1102,15,1102,15,0,6,23
5,350,21.600000,0.000000,0,1,36205606,1135,12,1135,12,0,6,23
5,350,21.600000,0.000000,0,1,36205621,1155,8,1155,8,0,6,23
5,350,21.600000,0.000000,0,1,36205633,1157,5,1157,5,0,6,23
5,350,21.600000,0.000000,0,1,36205648,1153,2,1153,2,0,6,23
5,350,21.600000,0.000000,0,1,36205662,1146,0,1146,0,0,6,23
5,350,21.600000,0.000000,0,1,36205673,1139,0,1139,-1,0,6,23
5,350,21.600000,0.000000,0,1,36205685,1136,0,1136,-2,0,6,23
5,350,21.600000,0.000000,0,1,36205695,1135,0,1135,-2,0,6,23
5,350,21.600000,0.000000,0,1,36205706,1134,0,1134,-2,0,6,23
5,350,21.600000,0.000000,0,1,36205716,1134,0,1134,-2,0,6,23
5,350,21.600000,0.000000,0,1,36205726,1134,0,1134,-2,0,6,23
5,350,21.600000,0.000000,0,1,36205736,1134,0,1134,-2,0,6,23
5,350,21.600000,0.000000,0,1,36205749,1134,0,1134,-2,0,6,23
5,350,21.600000,0.000000,0,1,36205760,1133,0,1133,-2,0,6,23
5,350,21.600000,0.000000,0,1,36205771,1132,0,1132,-2,0,6,23
5,350,21.600000,0.000000,0,1,36205783,1132,0,1132,-2,0,6,23
5,350,21.600000,0.000000,0,1,36205793,1132,0,1132,-2,0,6,23
5,350,21.600000,0.000000,0,1,36205803,1132,0,1132,-2,0,6,23
5,350,21.600000,0.000000,0,1,36205813,1132,0,1132,-2,0,6,23
5,350,21.600000,0.000000,0,1,36205823,1132,0,1132,-3,0,6,23
5,350,21.600000,0.000000,0,1,36205834,1133,0,1133,-3,0,6,23
5,350,21.600000,0.000000,0,1,36205847,1134,0,1134,-3,0,6,23
5,350,21.600000,0.000000,0,1,36205857,1135,0,1135,-3,0,6,23
5,350,21.600000,0.000000,0,1,36205868,1135,0,1135,-3,0,6,23
5,350,21.600000,0.000000,0,1,36205877,1135,0,1135,-3,0,6,23
5,350,21.600000,0.000000,0,1,36205888,1135,0,1135,-3,0,6,23
5,350,21.600000,0.000000,0,1,36205898,1135,0,1135,-3,0,6,23
5,350,21.600000,0.000000,0,1,36205908,1135,0,1135,-3,0,6,23
5,350,21.600000,0.000000,0,1,36205918,1135,0,1135,-3,0,6,23
5,350,21.600000,0.000000,0,1,36205928,1135,0,1135,-3,0,6,23
