5,700,82.800000,0.000000,1,1,36417263,610,22,610,22,0,7,79
5,700,82.800000,0.000000,1,1,36417264,610,22,610,22,0,7,79
5,700,82.800000,0.000000,1,1,36417276,610,22,610,22,0,7,79
5,700,82.800000,0.000000,1,1,36417288,610,22,610,22,0,7,79
5,700,82.800000,0.000000,1,1,36417299,610,22,610,22,0,7,79
5,700,82.800000,0.000000,1,1,36417309,610,22,610,22,0,7,79
5,700,82.800000,0.000000,1,1,36417324,613,22,613,22,0,7,79
5,700,82.800000,0.000000,1,1,36417337,622,21,622,21,0,7,79
5,700,82.800000,0.000000,1,1,36417348,638,20,638,20,0,7,79
5,700,82.800000,0.000000,1,1,36417371,663,19,663,19,0,7,79
5,700,82.800000,0.000000,1,1,36417387,766,20,766,20,0,7,79
5,700,82.800000,0.000000,1,1,36417398,854,21,854,21,0,7,79
5,700,82.800000,0.000000,1,1,36417409,920,22,920,22,0,7,79
5,700,82.800000,0.000000,1,1,36417422,994,23,994,23,0,7,79
5,700,82.800000,0.000000,1,1,36417433,1077,24,1077,24,0,7,79
5,700,82.800000,0.000000,1,1,36417445,1147,25,1147,25,0,7,79
5,700,82.800000,0.000000,1,1,36417457,1206,26,1206,26,0,7,79
5,700,82.800000,0.000000,1,1,36417467,1263,26,1263,26,0,7,79
5,700,82.800000,0.000000,1,1,36417481,1299,26,1299,26,0,7,79
5,700,82.800000,0.000000,1,1,36417492,1319,25,1319,25,0,7,79
5,700,82.800000,0.000000,1,1,36417503,1322,24,1322,24,0,7,79
5,700,82.800000,0.000000,1,1,36417514,1321,23,1321,23,0,7,79
5,700,82.800000,0.000000,1,1,36417525,1319,22,1319,22,0,7,79
5,700,82.800000,0.000000,1,1,36417537,1315,20,1315,20,0,7,79
5,700,82.800000,0.000000,1,1,36417549,1310,19,1310,19,0,7,79
5,700,82.800000,0.000000,1,1,36417560,1306,19,1306,19,0,7,79
5,700,82.800000,0.000000,1,1,36417573,1305,18,1305,18,0,7,79
5,700,82.800000,0.000000,1,1,36417584,1305,18,1305,18,0,7,79
5,700,82.800000,0.000000,1,1,36417596,1305,18,1305,18,0,7,79
5,700,82.800000,0.000000,1,1,36417611,1305,18,1305,18,0,7,79
5,700,82.800000,0.000000,1,1,36417632,1303,18,1303,18,0,7,79
5,700,82.800000,0.000000,1,1,36417649,1296,17,1296,17,0,7,79
5,700,82.800000,0.000000,1,1,36417663,1295,16,1295,16,0,7,79
5,700,82.800000,0.000000,1,1,36417675,1294,15,1294,15,0,7,79
5,700,82.800000,0.000000,1,1,36417689,1294,14,1294,14,0,7,79
5,700,82.800000,0.000000,1,1,36417699,1296,13,1296,13,0,7,79
5,700,82.800000,0.000000,1,1,36417710,1299,12,1299,12,0,7,79
