5,350,50.400000,10000.000000,0,0,36400525,785,0,785,0,0,7,65
5,350,50.400000,10000.000000,0,0,36400526,785,0,785,0,0,7,65
5,350,50.400000,10000.000000,0,0,36400538,785,0,785,0,0,7,65
5,350,50.400000,10000.000000,0,0,36400550,786,0,786,0,0,7,65
5,350,50.400000,10000.000000,0,0,36400561,789,0,789,0,0,7,65
5,350,50.400000,10000.000000,0,0,36400572,794,0,794,-1,0,7,65
5,350,50.400000,10000.000000,0,0,36400585,802,0,802,-2,0,7,65
5,350,50.400000,10000.000000,0,0,36400596,816,0,816,-4,0,7,65
5,350,50.400000,10000.000000,0,0,36400610,840,0,840,-6,0,7,65
5,350,50.400000,10000.000000,0,0,36400627,877,0,877,-8,0,7,65
5,350,50.400000,10000.000000,0,0,36400641,946,0,946,-10,0,7,65
5,350,50.400000,10000.000000,0,0,36400653,1003,0,1003,-13,0,7,65
5,350,50.400000,10000.000000,0,0,36400665,1063,0,1063,-17,0,7,65
5,350,50.400000,10000.000000,0,0,36400676,1114,0,1114,-20,0,7,65
5,350,50.400000,10000.000000,0,0,36400693,1150,0,1150,-23,0,7,65
5,350,50.400000,10000.000000,0,0,36400704,1173,0,1173,-25,0,7,65
5,350,50.400000,10000.000000,0,0,36400718,1172,0,1172,-26,0,7,65
5,350,50.400000,10000.000000,0,0,36400730,1167,0,1167,-27,0,7,65
5,350,50.400000,10000.000000,0,0,36400740,1162,0,1162,-27,0,7,65
5,350,50.400000,10000.000000,0,0,36400755,1158,0,1158,-27,0,7,65
5,350,50.400000,10000.000000,0,0,36400766,1154,0,1154,-27,0,7,65
5,350,50.400000,10000.000000,0,0,36400777,1154,0,1154,-27,0,7,65
5,350,50.400000,10000.000000,0,0,36400789,1154,0,1154,-27,0,7,65
5,350,50.400000,10000.000000,0,0,36400800,1154,0,1154,-27,0,7,65
5,350,50.400000,10000.000000,0,0,36400812,1154,0,1154,-27,0,7,65
5,350,50.400000,10000.000000,0,0,36400823,1154,0,1154,-27,0,7,65
5,350,50.400000,10000.000000,0,0,36400834,1153,0,1153,-27,0,7,65
5,350,50.400000,10000.000000,0,0,36400844,1152,0,1152,-27,0,7,65
5,350,50.400000,10000.000000,0,0,36400855,1151,0,1151,-27,0,7,65
5,350,50.400000,10000.000000,0,0,36400866,1150,0,1150,-27,0,7,65
5,350,50.400000,10000.000000,0,0,36400880,1150,0,1150,-27,0,7,65
5,350,50.400000,10000.000000,0,0,36400890,1150,0,1150,-27,0,7,65
5,350,50.400000,10000.000000,0,0,36400903,1150,0,1150,-27,0,7,65
5,350,50.400000,10000.000000,0,0,36400914,1150,0,1150,-27,0,7,65
5,350,50.400000,10000.000000,0,0,36400925,1150,0,1150,-27,0,7,65
5,350,50.400000,10000.000000,0,0,36400937,1150,0,1150,-27,0,7,65
5,350,50.400000,10000.000000,0,0,36400948,1149,0,1149,-27,0,7,65
5,350,50.400000,10000.000000,0,0,36400959,1148,0,1148,-27,0,7,65
