5,700,21.600000,22.608000,1,0,36435419,610,0,610,0,0,7,93
5,700,21.600000,22.608000,1,0,36435420,610,0,610,0,0,7,93
5,700,21.600000,22.608000,1,0,36435432,610,0,610,0,0,7,93
5,700,21.600000,22.608000,1,0,36435442,610,0,610,0,0,7,93
5,700,21.600000,22.608000,1,0,36435453,613,0,613,0,0,7,93
5,700,21.600000,22.608000,1,0,36435467,618,0,618,0,0,7,93
5,700,21.600000,22.608000,1,0,36435480,632,0,632,-2,0,7,93
5,700,21.600000,22.608000,1,0,36435493,653,0,653,-3,0,7,93
5,700,21.600000,22.608000,1,0,36435508,695,0,695,-5,0,7,93
5,700,21.600000,22.608000,1,0,36435524,761,0,761,-8,0,7,93
5,700,21.600000,22.608000,1,0,36435541,845,0,845,-11,0,7,93
5,700,21.600000,22.608000,1,0,36435553,964,0,964,-19,0,7,93
5,700,21.600000,22.608000,1,0,36435564,1037,0,1037,-25,0,7,93
5,700,21.600000,22.608000,1,0,36435577,1102,0,1102,-30,0,7,93
5,700,21.600000,22.608000,1,0,36435588,1167,0,1167,-35,0,7,93
5,700,21.600000,22.608000,1,0,36435602,1206,0,1206,-38,0,7,93
5,700,21.600000,22.608000,1,0,36435613,1241,0,1241,-42,0,7,93
5,700,21.600000,22.608000,1,0,36435628,1258,0,1258,-45,0,7,93
5,700,21.600000,22.608000,1,0,36435639,1270,0,1270,-47,0,7,93
5,700,21.600000,22.608000,1,0,36435649,1271,0,1271,-47,0,7,93
5,700,21.600000,22.608000,1,0,36435663,1272,0,1272,-47,0,7,93
5,700,21.600000,22.608000,1,0,36435676,1272,0,1272,-47,0,7,93
5,700,21.600000,22.608000,1,0,36435687,1272,0,1272,-47,0,7,93
5,700,21.600000,22.608000,1,0,36435701,1272,0,1272,-47,0,7,93
5,700,21.600000,22.608000,1,0,36435713,1272,0,1272,-47,0,7,93
5,700,21.600000,22.608000,1,0,36435725,1272,0,1272,-47,0,7,93
5,700,21.600000,22.608000,1,0,36435736,1272,0,1272,-47,0,7,93
5,700,21.600000,22.608000,1,0,36435749,1272,0,1272,-47,0,7,93
5,700,21.600000,22.608000,1,0,36435763,1272,0,1272,-47,0,7,93
5,700,21.600000,22.608000,1,0,36435775,1272,0,1272,-47,0,7,93
5,700,21.600000,22.608000,1,0,36435786,1272,0,1272,-47,0,7,93
5,700,21.600000,22.608000,1,0,36435798,1272,0,1272,-47,0,7,93
5,700,21.600000,22.608000,1,0,36435809,1272,0,1272,-47,0,7,93
5,700,21.600000,22.608000,1,0,36435822,1276,0,1276,-47,0,7,93
5,700,21.600000,22.608000,1,0,36435834,1285,0,1285,-48,0,7,93
5,700,21.600000,22.608000,1,0,36435850,1295,0,1295,-49,0,7,93
5,700,21.600000,22.608000,1,0,36435860,1305,0,1305,-50,0,7,93
5,700,21.600000,22.608000,1,0,36435872,1308,0,1308,-50,0,7,93
5,700,21.600000,22.608000,1,0,36435883,1311,0,1311,-50,0,7,93
5,700,21.600000,22.608000,1,0,36435894,1311,0,1311,-50,0,7,93
5,700,21.600000,22.608000,1,0,36435905,1311,0,1311,-50,0,7,93
5,700,21.600000,22.608000,1,0,36435919,1311,0,1311,-50,0,7,93
5,700,21.600000,22.608000,1,0,36435931,1310,0,1310,-50,0,7,93
5,700,21.600000,22.608000,1,0,36435941,1310,0,1310,-50,0,7,93
5,700,21.600000,22.608000,1,0,36435952,1310,0,1310,-50,0,7,93
5,700,21.600000,22.608000,1,0,36435963,1310,0,1310,-50,0,7,93
5,700,21.600000,22.608000,1,0,36435975,1310,0,1310,-50,0,7,93
5,700,21.600000,22.608000,1,0,36435987,1311,0,1311,-50,0,7,93
5,700,21.600000,22.608000,1,0,36435998,1313,0,1313,-50,0,7,93
5,700,21.600000,22.608000,1,0,36436008,1315,0,1315,-50,0,7,93
5,700,21.600000,22.608000,1,0,36436022,1315,0,1315,-50,0,7,93
5,700,21.600000,22.608000,1,0,36436033,1315,0,1315,-50,0,7,93
5,700,21.600000,22.608000,1,0,36436044,1315,0,1315,-50,0,7,93
5,700,21.600000,22.608000,1,0,36436056,1314,0,1314,-50,0,7,93
5,700,21.600000,22.608000,1,0,36436067,1313,0,1313,-50,0,7,93
