5,700,21.600000,0.000000,1,1,36552088,610,22,610,22,0,8,69
5,700,21.600000,0.000000,1,1,36552090,610,22,610,22,0,8,69
5,700,21.600000,0.000000,1,1,36552100,611,22,611,22,0,8,69
5,700,21.600000,0.000000,1,1,36552112,613,22,613,22,0,8,69
5,700,21.600000,0.000000,1,1,36552123,616,21,616,21,0,8,69
5,700,21.600000,0.000000,1,1,36552135,622,21,622,21,0,8,69
5,700,21.600000,0.000000,1,1,36552146,633,20,633,20,0,8,69
5,700,21.600000,0.000000,1,1,36552159,656,19,656,19,0,8,69
5,700,21.600000,0.000000,1,1,36552171,696,19,696,19,0,8,69
5,700,21.600000,0.000000,1,1,36552183,760,19,760,19,0,8,69
5,700,21.600000,0.000000,1,1,36552196,828,20,828,20,0,8,69
5,700,21.600000,0.000000,1,1,36552207,908,20,908,20,0,8,69
5,700,21.600000,0.000000,1,1,36552218,996,20,996,20,0,8,69
5,700,21.600000,0.000000,1,1,36552230,1069,19,1069,19,0,8,69
5,700,21.600000,0.000000,1,1,36552242,1148,17,1148,17,0,8,69
5,700,21.600000,0.000000,1,1,36552254,1216,14,1216,14,0,8,69
5,700,21.600000,0.000000,1,1,36552266,1259,10,1259,10,0,8,69
5,700,21.600000,0.000000,1,1,36552276,1283,5,1283,5,0,8,69
5,700,21.600000,0.000000,1,1,36552287,1288,1,1288,1,0,8,69
5,700,21.600000,0.000000,1,1,36552298,1288,0,1288,-3,0,8,69
5,700,21.600000,0.000000,1,1,36552310,1288,0,1288,-7,0,8,69
5,700,21.600000,0.000000,1,1,36552319,1287,0,1287,-9,0,8,69
5,700,21.600000,0.000000,1,1,36552333,1286,0,1286,-10,0,8,69
5,700,21.600000,0.000000,1,1,36552343,1286,0,1286,-10,0,8,69
5,700,21.600000,0.000000,1,1,36552354,1286,0,1286,-10,0,8,69
5,700,21.600000,0.000000,1,1,36552365,1286,0,1286,-10,0,8,69
5,700,21.600000,0.000000,1,1,36552377,1289,0,1289,-10,0,8,69
5,700,21.600000,0.000000,1,1,36552388,1290,0,1290,-10,0,8,69
5,700,21.600000,0.000000,1,1,36552401,1291,0,1291,-10,0,8,69
5,700,21.600000,0.000000,1,1,36552413,1291,0,1291,-10,0,8,69
5,700,21.600000,0.000000,1,1,36552424,1287,1,1287,-9,0,8,69
5,700,21.600000,0.000000,1,1,36552437,1285,1,1285,-9,0,8,69
5,700,21.600000,0.000000,1,1,36552448,1284,1,1284,-9,0,8,69
5,700,21.600000,0.000000,1,1,36552461,1284,1,1284,-9,0,8,69
5,700,21.600000,0.000000,1,1,36552471,1283,1,1283,-9,0,8,69
5,700,21.600000,0.000000,1,1,36552483,1282,1,1282,-9,0,8,69
5,700,21.600000,0.000000,1,1,36552494,1282,1,1282,-9,0,8,69
5,700,21.600000,0.000000,1,1,36552509,1283,1,1283,-9,0,8,69
5,700,21.600000,0.000000,1,1,36552520,1287,1,1287,-9,0,8,69
5,700,21.600000,0.000000,1,1,36552534,1291,1,1291,-9,0,8,69
5,700,21.600000,0.000000,1,1,36552547,1297,1,1297,-9,0,8,69
5,700,21.600000,0.000000,1,1,36552558,1302,1,1302,-9,0,8,69
5,700,21.600000,0.000000,1,1,36552571,1303,2,1303,-8,0,8,69
5,700,21.600000,0.000000,1,1,36552581,1304,3,1304,-7,0,8,69
5,700,21.600000,0.000000,1,1,36552595,1303,3,1303,-7,0,8,69
5,700,21.600000,0.000000,1,1,36552607,1301,4,1301,-6,0,8,69
5,700,21.600000,0.000000,1,1,36552621,1300,4,1300,-6,0,8,69
5,700,21.600000,0.000000,1,1,36552632,1299,4,1299,-6,0,8,69
5,700,21.600000,0.000000,1,1,36552644,1299,4,1299,-6,0,8,69
5,700,21.600000,0.000000,1,1,36552655,1299,4,1299,-6,0,8,69
5,700,21.600000,0.000000,1,1,36552669,1299,4,1299,-6,0,8,69
5,700,21.600000,0.000000,1,1,36552688,1299,4,1299,-6,0,8,69
5,700,21.600000,0.000000,1,1,36552703,1300,4,1300,-6,0,8,69
5,700,21.600000,0.000000,1,1,36552714,1300,4,1300,-6,0,8,69
5,700,21.600000,0.000000,1,1,36552724,1300,4,1300,-6,0,8,69
5,700,21.600000,0.000000,1,1,36552738,1300,4,1300,-6,0,8,69
5,700,21.600000,0.000000,1,1,36552749,1300,4,1300,-6,0,8,69
