5,700,21.600000,42.984000,1,0,36493048,610,0,610,0,1,8,20
5,700,21.600000,42.984000,1,0,36493049,610,0,610,0,1,8,20
5,700,21.600000,42.984000,1,0,36493060,655,0,655,-1,1,8,20
5,700,21.600000,42.984000,1,0,36493072,713,0,713,-3,1,8,20
5,700,21.600000,42.984000,1,0,36493083,775,0,775,-4,1,8,20
5,700,21.600000,42.984000,1,0,36493095,855,0,855,-6,1,8,20
5,700,21.600000,42.984000,1,0,36493111,935,0,935,-8,1,8,20
5,700,21.600000,42.984000,1,0,36493125,1052,0,1052,-11,1,8,20
5,700,21.600000,42.984000,1,0,36493139,1140,0,1140,-13,1,8,20
5,700,21.600000,42.984000,1,0,36493151,1184,0,1184,-13,1,8,20
5,700,21.600000,42.984000,1,0,36493163,1201,0,1201,-13,1,8,20
5,700,21.600000,42.984000,1,0,36493174,1202,0,1202,-13,1,8,20
5,700,21.600000,42.984000,1,0,36493185,1202,0,1202,-13,1,8,20
5,700,21.600000,42.984000,1,0,36493197,1202,0,1202,-13,1,8,20
5,700,21.600000,42.984000,1,0,36493208,1202,0,1202,-13,1,8,20
5,700,21.600000,42.984000,1,0,36493221,1204,0,1204,-14,1,8,20
5,700,21.600000,42.984000,1,0,36493233,1217,0,1217,-16,1,8,20
5,700,21.600000,42.984000,1,0,36493245,1236,0,1236,-18,1,8,20
5,700,21.600000,42.984000,1,0,36493258,1264,0,1264,-19,1,8,20
5,700,21.600000,42.984000,1,0,36493268,1289,0,1289,-20,1,8,20
5,700,21.600000,42.984000,1,0,36493280,1307,0,1307,-20,1,8,20
5,700,21.600000,42.984000,1,0,36493294,1319,0,1319,-20,1,8,20
5,700,21.600000,42.984000,1,0,36493306,1327,0,1327,-20,1,8,20
5,700,21.600000,42.984000,1,0,36493319,1331,0,1331,-20,1,8,20
5,700,21.600000,42.984000,1,0,36493332,1332,0,1332,-20,1,8,20
5,700,21.600000,42.984000,1,0,36493344,1332,0,1332,-21,1,8,20
5,700,21.600000,42.984000,1,0,36493356,1332,0,1332,-21,1,8,20
5,700,21.600000,42.984000,1,0,36493368,1331,0,1331,-21,1,8,20
5,700,21.600000,42.984000,1,0,36493380,1330,0,1330,-21,1,8,20
5,700,21.600000,42.984000,1,0,36493392,1330,0,1330,-21,1,8,20
5,700,21.600000,42.984000,1,0,36493403,1330,0,1330,-21,1,8,20
5,700,21.600000,42.984000,1,0,36493414,1330,0,1330,-21,1,8,20
5,700,21.600000,42.984000,1,0,36493426,1330,0,1330,-21,1,8,20
5,700,21.600000,42.984000,1,0,36493436,1330,0,1330,-21,1,8,20
5,700,21.600000,42.984000,1,0,36493447,1330,0,1330,-21,1,8,20
5,700,21.600000,42.984000,1,0,36493459,1330,0,1330,-21,1,8,20
5,700,21.600000,42.984000,1,0,36493469,1330,0,1330,-21,1,8,20
5,700,21.600000,42.984000,1,0,36493480,1330,0,1330,-21,1,8,20
5,700,21.600000,42.984000,1,0,36493491,1329,0,1329,-21,1,8,20
5,700,21.600000,42.984000,1,0,36493502,1326,0,1326,-21,1,8,20
5,700,21.600000,42.984000,1,0,36493512,1323,0,1323,-21,1,8,20
5,700,21.600000,42.984000,1,0,36493524,1322,0,1322,-21,1,8,20
5,700,21.600000,42.984000,1,0,36493536,1322,0,1322,-21,1,8,20
5,700,21.600000,42.984000,1,0,36493547,1322,0,1322,-21,1,8,20
5,700,21.600000,42.984000,1,0,36493558,1322,0,1322,-21,1,8,20
5,700,21.600000,42.984000,1,0,36493568,1322,0,1322,-21,1,8,20
5,700,21.600000,42.984000,1,0,36493580,1322,0,1322,-21,1,8,20
5,700,21.600000,42.984000,1,0,36493591,1322,0,1322,-21,1,8,20
5,700,21.600000,42.984000,1,0,36493602,1319,1,1319,-20,1,8,20
5,700,21.600000,42.984000,1,0,36493612,1316,1,1316,-20,1,8,20
5,700,21.600000,42.984000,1,0,36493624,1315,1,1315,-20,1,8,20
5,700,21.600000,42.984000,1,0,36493635,1315,1,1315,-20,1,8,20
5,700,21.600000,42.984000,1,0,36493646,1315,1,1315,-20,1,8,20
5,700,21.600000,42.984000,1,0,36493657,1315,1,1315,-20,1,8,20
5,700,21.600000,42.984000,1,0,36493668,1315,1,1315,-20,1,8,20
5,700,21.600000,42.984000,1,0,36493681,1315,1,1315,-20,1,8,20
5,700,21.600000,42.984000,1,0,36493692,1315,1,1315,-20,1,8,20
5,700,21.600000,42.984000,1,0,36493704,1315,1,1315,-20,0,8,20
