5,350,82.800000,10000.000000,1,1,36642427,785,22,785,22,0,9,23
5,350,82.800000,10000.000000,1,1,36642428,785,22,785,22,0,9,23
5,350,82.800000,10000.000000,1,1,36642440,786,22,786,22,0,9,23
5,350,82.800000,10000.000000,1,1,36642452,790,22,790,22,0,9,23
5,350,82.800000,10000.000000,1,1,36642464,798,22,798,22,0,9,23
5,350,82.800000,10000.000000,1,1,36642476,809,22,809,22,0,9,23
5,350,82.800000,10000.000000,1,1,36642487,825,22,825,22,0,9,23
5,350,82.800000,10000.000000,1,1,36642499,848,23,848,23,0,9,23
5,350,82.800000,10000.000000,1,1,36642511,872,23,872,23,0,9,23
5,350,82.800000,10000.000000,1,1,36642523,904,23,904,23,0,9,23
5,350,82.800000,10000.000000,1,1,36642534,943,22,943,22,0,9,23
5,350,82.800000,10000.000000,1,1,36642546,981,21,981,21,0,9,23
5,350,82.800000,10000.000000,1,1,36642557,1021,19,1021,19,0,9,23
5,350,82.800000,10000.000000,1,1,36642570,1055,17,1055,17,0,9,23
5,350,82.800000,10000.000000,1,1,36642586,1084,16,1084,16,0,9,23
5,350,82.800000,10000.000000,1,1,36642600,1111,13,1111,13,0,9,23
5,350,82.800000,10000.000000,1,1,36642612,1122,11,1122,11,0,9,23
5,350,82.800000,10000.000000,1,1,36642624,1127,10,1127,10,0,9,23
5,350,82.800000,10000.000000,1,1,36642635,1128,9,1128,9,0,9,23
5,350,82.800000,10000.000000,1,1,36642647,1128,9,1128,9,0,9,23
5,350,82.800000,10000.000000,1,1,36642659,1129,9,1129,9,0,9,23
5,350,82.800000,10000.000000,1,1,36642670,1130,9,1130,9,0,9,23
5,350,82.800000,10000.000000,1,1,36642680,1130,9,1130,9,0,9,23
5,350,82.800000,10000.000000,1,1,36642692,1130,9,1130,9,0,9,23
5,350,82.800000,10000.000000,1,1,36642702,1130,9,1130,9,0,9,23
5,350,82.800000,10000.000000,1,1,36642713,1130,9,1130,9,0,9,23
5,350,82.800000,10000.000000,1,1,36642724,1130,9,1130,9,0,9,23
5,350,82.800000,10000.000000,1,1,36642737,1130,9,1130,9,0,9,23
