109,360,21.600000,0.000000,0,2,1288081649,782,0,782,0,0,59,0
109,360,21.600000,0.000000,0,2,1288081651,782,0,782,0,0,59,0
109,360,21.600000,0.000000,0,2,1288081656,782,0,782,0,0,59,0
109,360,21.600000,0.000000,0,2,1288081662,782,0,782,0,0,59,0
109,360,21.600000,0.000000,0,2,1288081667,782,0,782,0,0,59,0
109,360,21.600000,0.000000,0,2,1288081673,782,0,782,0,0,59,0
109,360,21.600000,0.000000,0,2,1288081679,782,0,782,0,0,59,0
109,360,21.600000,0.000000,0,2,1288081685,782,0,782,0,0,59,0
109,360,21.600000,0.000000,0,2,1288081690,782,0,782,0,0,59,0
109,360,21.600000,0.000000,0,2,1288081696,782,0,782,0,0,59,0
109,360,21.600000,0.000000,0,2,1288081702,782,0,782,0,0,59,0
109,360,21.600000,0.000000,0,2,1288081708,782,0,782,0,0,59,0
109,360,21.600000,0.000000,0,2,1288081713,782,0,782,0,0,59,0
109,360,21.600000,0.000000,0,2,1288081720,784,0,784,0,0,59,0
109,360,21.600000,0.000000,0,2,1288081726,791,0,791,0,0,59,0
109,360,21.600000,0.000000,0,2,1288081732,800,0,800,0,0,59,0
109,360,21.600000,0.000000,0,2,1288081737,812,0,812,-1,0,59,0
109,360,21.600000,0.000000,0,2,1288081743,829,0,829,-3,0,59,0
109,360,21.600000,0.000000,0,2,1288081749,850,0,850,-5,0,59,0
109,360,21.600000,0.000000,0,2,1288081754,875,0,875,-7,0,59,0
109,360,21.600000,0.000000,0,2,1288081760,894,0,894,-9,0,59,0
109,360,21.600000,0.000000,0,2,1288081766,925,0,925,-12,0,59,0
109,360,21.600000,0.000000,0,2,1288081772,958,0,958,-15,0,59,0
109,360,21.600000,0.000000,0,2,1288081778,1000,0,1000,-18,0,59,0
109,360,21.600000,0.000000,0,2,1288081783,1034,0,1034,-21,0,59,0
109,360,21.600000,0.000000,0,2,1288081788,1068,0,1068,-24,0,59,0
109,360,21.600000,0.000000,0,2,1288081794,1102,0,1102,-27,0,59,0
109,360,21.600000,0.000000,0,2,1288081800,1135,0,1135,-30,0,59,0
109,360,21.600000,0.000000,0,2,1288081805,1169,0,1169,-34,0,59,0
109,360,21.600000,0.000000,0,2,1288081811,1193,0,1193,-36,0,59,0
109,360,21.600000,0.000000,0,2,1288081816,1215,0,1215,-39,0,59,0
109,360,21.600000,0.000000,0,2,1288081822,1228,0,1228,-41,0,59,0
109,360,21.600000,0.000000,0,2,1288081828,1241,0,1241,-43,0,59,0
109,360,21.600000,0.000000,0,2,1288081833,1250,0,1250,-45,0,59,0
109,360,21.600000,0.000000,0,2,1288081839,1254,0,1254,-46,0,59,0
109,360,21.600000,0.000000,0,2,1288081844,1254,0,1254,-47,0,59,0
109,360,21.600000,0.000000,0,2,1288081850,1252,0,1252,-48,0,59,0
109,360,21.600000,0.000000,0,2,1288081857,1248,0,1248,-50,0,59,0
109,360,21.600000,0.000000,0,2,1288081863,1243,0,1243,-52,0,59,0
109,360,21.600000,0.000000,0,2,1288081871,1238,0,1238,-53,0,59,0
109,360,21.600000,0.000000,0,2,1288081877,1232,0,1232,-54,0,59,0
109,360,21.600000,0.000000,0,2,1288081882,1228,0,1228,-55,0,59,0
109,360,21.600000,0.000000,0,2,1288081888,1225,0,1225,-56,0,59,0
109,360,21.600000,0.000000,0,2,1288081894,1222,0,1222,-57,0,59,0
109,360,21.600000,0.000000,0,2,1288081900,1220,0,1220,-58,0,59,0
109,360,21.600000,0.000000,0,2,1288081906,1219,0,1219,-59,0,59,0
109,360,21.600000,0.000000,0,2,1288081912,1218,0,1218,-59,0,59,0
109,360,21.600000,0.000000,0,2,1288081918,1217,0,1217,-59,0,59,0
109,360,21.600000,0.000000,0,2,1288081923,1216,0,1216,-59,0,59,0
109,360,21.600000,0.000000,0,2,1288081929,1215,0,1215,-59,0,59,0
109,360,21.600000,0.000000,0,2,1288081935,1213,0,1213,-59,0,59,0
109,360,21.600000,0.000000,0,2,1288081941,1210,0,1210,-59,0,59,0
109,360,21.600000,0.000000,0,2,1288081946,1207,0,1207,-59,0,59,0
109,360,21.600000,0.000000,0,2,1288081952,1203,0,1203,-59,0,59,0
109,360,21.600000,0.000000,0,2,1288081958,1199,0,1199,-59,0,59,0
109,360,21.600000,0.000000,0,2,1288081964,1194,1,1194,-58,0,59,0
109,360,21.600000,0.000000,0,2,1288081969,1188,1,1188,-58,0,59,0
109,360,21.600000,0.000000,0,2,1288081974,1180,2,1180,-57,0,59,0
109,360,21.600000,0.000000,0,2,1288081980,1173,2,1173,-57,0,59,0
109,360,21.600000,0.000000,0,2,1288081987,1166,3,1166,-56,0,59,0
109,360,21.600000,0.000000,0,2,1288081993,1160,3,1160,-56,0,59,0
109,360,21.600000,0.000000,0,2,1288081999,1156,3,1156,-56,0,59,0
109,360,21.600000,0.000000,0,2,1288082005,1154,3,1154,-56,0,59,0
109,360,21.600000,0.000000,0,2,1288082010,1151,3,1151,-56,0,59,0
109,360,21.600000,0.000000,0,2,1288082016,1150,3,1150,-56,0,59,0
109,360,21.600000,0.000000,0,2,1288082021,1149,3,1149,-56,0,59,0
109,360,21.600000,0.000000,0,2,1288082027,1149,3,1149,-56,0,59,0
109,360,21.600000,0.000000,0,2,1288082032,1149,3,1149,-56,0,59,0
109,360,21.600000,0.000000,0,2,1288082038,1149,2,1149,-57,0,59,0
109,360,21.600000,0.000000,0,2,1288082043,1149,1,1149,-58,0,59,0
109,360,21.600000,0.000000,0,2,1288082049,1150,0,1150,-59,0,59,0
109,360,21.600000,0.000000,0,2,1288082054,1151,0,1151,-60,0,59,0
109,360,21.600000,0.000000,0,2,1288082060,1151,0,1151,-60,0,59,0
109,360,21.600000,0.000000,0,2,1288082065,1151,0,1151,-60,0,59,0
109,360,21.600000,0.000000,0,2,1288082071,1151,0,1151,-60,0,59,0
109,360,21.600000,0.000000,0,2,1288082077,1151,0,1151,-60,0,59,0
109,360,21.600000,0.000000,0,2,1288082082,1151,0,1151,-60,0,59,0
109,360,21.600000,0.000000,0,2,1288082088,1151,0,1151,-60,0,59,0
109,360,21.600000,0.000000,0,2,1288082093,1151,0,1151,-60,0,59,0
109,360,21.600000,0.000000,0,2,1288082098,1151,0,1151,-60,0,59,0
109,360,21.600000,0.000000,0,2,1288082104,1151,0,1151,-60,0,59,0
109,360,21.600000,0.000000,0,2,1288082110,1151,0,1151,-60,0,59,0
109,360,21.600000,0.000000,0,2,1288082115,1151,0,1151,-60,0,59,0
109,360,21.600000,0.000000,0,2,1288082121,1151,0,1151,-61,0,59,0
109,360,21.600000,0.000000,0,2,1288082126,1150,0,1150,-61,0,59,0
109,360,21.600000,0.000000,0,2,1288082132,1149,0,1149,-61,0,59,0
109,360,21.600000,0.000000,0,2,1288082137,1148,0,1148,-62,0,59,0
109,360,21.600000,0.000000,0,2,1288082143,1147,0,1147,-62,0,59,0
109,360,21.600000,0.000000,0,2,1288082149,1146,0,1146,-63,0,59,0
109,360,21.600000,0.000000,0,2,1288082154,1145,0,1145,-64,0,59,0
109,360,21.600000,0.000000,0,2,1288082160,1144,0,1144,-64,0,59,0
109,360,21.600000,0.000000,0,2,1288082165,1144,0,1144,-65,0,59,0
109,360,21.600000,0.000000,0,2,1288082171,1144,0,1144,-66,0,59,0
109,360,21.600000,0.000000,0,2,1288082177,1144,0,1144,-66,0,59,0
109,360,21.600000,0.000000,0,2,1288082182,1144,0,1144,-66,0,59,0
109,360,21.600000,0.000000,0,2,1288082188,1144,0,1144,-67,0,59,0
109,360,21.600000,0.000000,0,2,1288082193,1144,0,1144,-67,0,59,0
109,360,21.600000,0.000000,0,2,1288082199,1144,0,1144,-67,0,59,0
109,360,21.600000,0.000000,0,2,1288082204,1144,0,1144,-67,0,59,0
109,360,21.600000,0.000000,0,2,1288082210,1144,0,1144,-67,0,59,0
109,360,21.600000,0.000000,0,2,1288082216,1144,0,1144,-67,0,59,0
109,360,21.600000,0.000000,0,2,1288082221,1144,0,1144,-67,0,59,0
109,360,21.600000,0.000000,0,2,1288082226,1144,0,1144,-67,0,59,0
109,360,21.600000,0.000000,0,2,1288082232,1144,0,1144,-67,0,59,0
109,360,21.600000,0.000000,0,2,1288082237,1144,0,1144,-67,0,59,0
109,360,21.600000,0.000000,0,2,1288082243,1144,0,1144,-67,0,59,0
109,360,21.600000,0.000000,0,2,1288082249,1144,0,1144,-67,0,59,0
109,360,21.600000,0.000000,0,2,1288082254,1144,0,1144,-68,0,59,0
109,360,21.600000,0.000000,0,2,1288082260,1144,0,1144,-69,0,59,0
109,360,21.600000,0.000000,0,2,1288082278,1144,0,1144,-70,0,59,0
