109,720,21.600000,10000.000000,1,2,1288220975,599,11,599,11,0,73,2
109,720,21.600000,10000.000000,1,2,1288220976,599,11,599,11,0,73,2
109,720,21.600000,10000.000000,1,2,1288220982,600,11,600,11,0,73,2
109,720,21.600000,10000.000000,1,2,1288220988,600,11,600,11,0,73,2
109,720,21.600000,10000.000000,1,2,1288220993,601,11,601,11,0,73,2
109,720,21.600000,10000.000000,1,2,1288220999,602,11,602,11,0,73,2
109,720,21.600000,10000.000000,1,2,1288221005,602,11,602,11,0,73,2
109,720,21.600000,10000.000000,1,2,1288221010,602,11,602,11,0,73,2
109,720,21.600000,10000.000000,1,2,1288221016,602,12,602,12,0,73,2
109,720,21.600000,10000.000000,1,2,1288221022,603,12,603,12,0,73,2
109,720,21.600000,10000.000000,1,2,1288221028,604,12,604,12,0,73,2
109,720,21.600000,10000.000000,1,2,1288221034,605,13,605,13,0,73,2
109,720,21.600000,10000.000000,1,2,1288221040,607,14,607,14,0,73,2
109,720,21.600000,10000.000000,1,2,1288221046,611,15,611,15,0,73,2
109,720,21.600000,10000.000000,1,2,1288221056,615,16,615,16,0,73,2
109,720,21.600000,10000.000000,1,2,1288221062,628,19,628,19,0,73,2
109,720,21.600000,10000.000000,1,2,1288221073,636,20,636,20,0,73,2
109,720,21.600000,10000.000000,1,2,1288221079,668,24,668,24,0,73,2
109,720,21.600000,10000.000000,1,2,1288221087,692,26,692,26,0,73,2
109,720,21.600000,10000.000000,1,2,1288221092,735,29,735,29,0,73,2
109,720,21.600000,10000.000000,1,2,1288221098,769,32,769,32,0,73,2
109,720,21.600000,10000.000000,1,2,1288221104,803,35,803,35,0,73,2
109,720,21.600000,10000.000000,1,2,1288221110,845,38,845,38,0,73,2
109,720,21.600000,10000.000000,1,2,1288221116,896,42,896,42,0,73,2
109,720,21.600000,10000.000000,1,2,1288221121,943,45,943,45,0,73,2
109,720,21.600000,10000.000000,1,2,1288221127,994,47,994,47,0,73,2
109,720,21.600000,10000.000000,1,2,1288221133,1045,49,1045,49,0,73,2
109,720,21.600000,10000.000000,1,2,1288221139,1096,50,1096,50,0,73,2
109,720,21.600000,10000.000000,1,2,1288221145,1143,51,1143,51,0,73,2
109,720,21.600000,10000.000000,1,2,1288221152,1198,51,1198,51,0,73,2
109,720,21.600000,10000.000000,1,2,1288221158,1261,51,1261,51,0,73,2
109,720,21.600000,10000.000000,1,2,1288221164,1295,51,1295,51,0,73,2
109,720,21.600000,10000.000000,1,2,1288221170,1327,51,1327,51,0,73,2
109,720,21.600000,10000.000000,1,2,1288221176,1361,49,1361,49,0,73,2
109,720,21.600000,10000.000000,1,2,1288221181,1380,47,1380,47,0,73,2
109,720,21.600000,10000.000000,1,2,1288221186,1398,45,1398,45,0,73,2
109,720,21.600000,10000.000000,1,2,1288221192,1407,44,1407,44,0,73,2
109,720,21.600000,10000.000000,1,2,1288221197,1411,42,1411,42,0,73,2
109,720,21.600000,10000.000000,1,2,1288221203,1411,41,1411,41,0,73,2
109,720,21.600000,10000.000000,1,2,1288221209,1408,40,1408,40,0,73,2
109,720,21.600000,10000.000000,1,2,1288221214,1404,38,1404,38,0,73,2
109,720,21.600000,10000.000000,1,2,1288221220,1398,36,1398,36,0,73,2
109,720,21.600000,10000.000000,1,2,1288221226,1391,35,1391,35,0,73,2
109,720,21.600000,10000.000000,1,2,1288221231,1385,34,1385,34,0,73,2
109,720,21.600000,10000.000000,1,2,1288221237,1379,33,1379,33,0,73,2
109,720,21.600000,10000.000000,1,2,1288221243,1374,33,1374,33,0,73,2
109,720,21.600000,10000.000000,1,2,1288221249,1370,33,1370,33,0,73,2
109,720,21.600000,10000.000000,1,2,1288221254,1367,33,1367,33,0,73,2
109,720,21.600000,10000.000000,1,2,1288221260,1366,33,1366,33,0,73,2
109,720,21.600000,10000.000000,1,2,1288221266,1366,32,1366,32,0,73,2
109,720,21.600000,10000.000000,1,2,1288221272,1366,32,1366,32,0,73,2
109,720,21.600000,10000.000000,1,2,1288221277,1366,32,1366,32,0,73,2
109,720,21.600000,10000.000000,1,2,1288221283,1367,32,1367,32,0,73,2
109,720,21.600000,10000.000000,1,2,1288221288,1368,33,1368,33,0,73,2
109,720,21.600000,10000.000000,1,2,1288221294,1370,34,1370,34,0,73,2
109,720,21.600000,10000.000000,1,2,1288221300,1371,35,1371,35,0,73,2
109,720,21.600000,10000.000000,1,2,1288221305,1371,35,1371,35,0,73,2
109,720,21.600000,10000.000000,1,2,1288221311,1371,35,1371,35,0,73,2
109,720,21.600000,10000.000000,1,2,1288221316,1371,35,1371,35,0,73,2
109,720,21.600000,10000.000000,1,2,1288221322,1371,35,1371,35,0,73,2
109,720,21.600000,10000.000000,1,2,1288221328,1371,36,1371,36,0,73,2
109,720,21.600000,10000.000000,1,2,1288221336,1369,36,1369,36,0,73,2
109,720,21.600000,10000.000000,1,2,1288221342,1366,36,1366,36,0,73,2
109,720,21.600000,10000.000000,1,2,1288221348,1364,36,1364,36,0,73,2
109,720,21.600000,10000.000000,1,2,1288221353,1362,36,1362,36,0,73,2
109,720,21.600000,10000.000000,1,2,1288221359,1359,36,1359,36,0,73,2
109,720,21.600000,10000.000000,1,2,1288221365,1357,35,1357,35,0,73,2
109,720,21.600000,10000.000000,1,2,1288221370,1356,35,1356,35,0,73,2
109,720,21.600000,10000.000000,1,2,1288221376,1355,35,1355,35,0,73,2
109,720,21.600000,10000.000000,1,2,1288221382,1354,35,1354,35,0,73,2
109,720,21.600000,10000.000000,1,2,1288221387,1354,35,1354,35,0,73,2
109,720,21.600000,10000.000000,1,2,1288221393,1354,35,1354,35,0,73,2
109,720,21.600000,10000.000000,1,2,1288221399,1354,34,1354,34,0,73,2
109,720,21.600000,10000.000000,1,2,1288221404,1354,34,1354,34,0,73,2
109,720,21.600000,10000.000000,1,2,1288221410,1353,34,1353,34,0,73,2
109,720,21.600000,10000.000000,1,2,1288221416,1352,34,1352,34,0,73,2
109,720,21.600000,10000.000000,1,2,1288221421,1352,34,1352,34,0,73,2
109,720,21.600000,10000.000000,1,2,1288221427,1352,33,1352,33,0,73,2
109,720,21.600000,10000.000000,1,2,1288221432,1352,32,1352,32,0,73,2
109,720,21.600000,10000.000000,1,2,1288221438,1351,31,1351,31,0,73,2
109,720,21.600000,10000.000000,1,2,1288221444,1350,31,1350,31,0,73,2
109,720,21.600000,10000.000000,1,2,1288221449,1349,30,1349,30,0,73,2
109,720,21.600000,10000.000000,1,2,1288221455,1348,29,1348,29,0,73,2
109,720,21.600000,10000.000000,1,2,1288221461,1347,28,1347,28,0,73,2
109,720,21.600000,10000.000000,1,2,1288221467,1346,27,1346,27,0,73,2
109,720,21.600000,10000.000000,1,2,1288221472,1345,26,1345,26,0,73,2
109,720,21.600000,10000.000000,1,2,1288221478,1344,26,1344,26,0,73,2
109,720,21.600000,10000.000000,1,2,1288221484,1342,25,1342,25,0,73,2
109,720,21.600000,10000.000000,1,2,1288221489,1341,25,1341,25,0,73,2
109,720,21.600000,10000.000000,1,2,1288221494,1340,25,1340,25,0,73,2
109,720,21.600000,10000.000000,1,2,1288221503,1339,24,1339,24,0,73,2
109,720,21.600000,10000.000000,1,2,1288221508,1339,24,1339,24,0,73,2
109,720,21.600000,10000.000000,1,2,1288221514,1339,23,1339,23,0,73,2
109,720,21.600000,10000.000000,1,2,1288221520,1339,23,1339,23,0,73,2
109,720,21.600000,10000.000000,1,2,1288221525,1339,23,1339,23,0,73,2
109,720,21.600000,10000.000000,1,2,1288221531,1339,22,1339,22,0,73,2
109,720,21.600000,10000.000000,1,2,1288221537,1339,22,1339,22,0,73,2
109,720,21.600000,10000.000000,1,2,1288221542,1339,22,1339,22,0,73,2
109,720,21.600000,10000.000000,1,2,1288221548,1339,22,1339,22,0,73,2
109,720,21.600000,10000.000000,1,2,1288221553,1339,22,1339,22,0,73,2
109,720,21.600000,10000.000000,1,2,1288221559,1339,22,1339,22,0,73,2
109,720,21.600000,10000.000000,1,2,1288221564,1339,22,1339,22,0,73,2
109,720,21.600000,10000.000000,1,2,1288221570,1339,22,1339,22,0,73,2
109,720,21.600000,10000.000000,1,2,1288221576,1338,22,1338,22,0,73,2
109,720,21.600000,10000.000000,1,2,1288221582,1337,22,1337,22,0,73,2
109,720,21.600000,10000.000000,1,2,1288221588,1335,21,1335,21,0,73,2
109,720,21.600000,10000.000000,1,2,1288221593,1334,21,1334,21,0,73,2
109,720,21.600000,10000.000000,1,2,1288221599,1333,21,1333,21,0,73,2
109,720,21.600000,10000.000000,1,2,1288221605,1332,21,1332,21,0,73,2
109,720,21.600000,10000.000000,1,2,1288221610,1331,21,1331,21,0,73,2
109,720,21.600000,10000.000000,1,2,1288221616,1330,21,1330,21,0,73,2
109,720,21.600000,10000.000000,1,2,1288221621,1329,21,1329,21,0,73,2
109,720,21.600000,10000.000000,1,2,1288221627,1328,20,1328,20,0,73,2
109,720,21.600000,10000.000000,1,2,1288221632,1327,19,1327,19,0,73,2
109,720,21.600000,10000.000000,1,2,1288221638,1327,19,1327,19,0,73,2
109,720,21.600000,10000.000000,1,2,1288221644,1327,19,1327,19,0,73,2
109,720,21.600000,10000.000000,1,2,1288221649,1327,19,1327,19,0,73,2
109,720,21.600000,10000.000000,1,2,1288221655,1327,19,1327,19,0,73,2
109,720,21.600000,10000.000000,1,2,1288221661,1327,19,1327,19,0,73,2
109,720,21.600000,10000.000000,1,2,1288221666,1327,19,1327,19,0,73,2
109,720,21.600000,10000.000000,1,2,1288221672,1327,19,1327,19,0,73,2
109,720,21.600000,10000.000000,1,2,1288221677,1327,19,1327,19,0,73,2
109,720,21.600000,10000.000000,1,2,1288221683,1327,19,1327,19,0,73,2
109,720,21.600000,10000.000000,1,2,1288221688,1327,19,1327,19,0,73,2
109,720,21.600000,10000.000000,1,2,1288221694,1327,19,1327,19,0,73,2
109,720,21.600000,10000.000000,1,2,1288221700,1327,19,1327,19,0,73,2
109,720,21.600000,10000.000000,1,2,1288221706,1326,18,1326,18,0,73,2
109,720,21.600000,10000.000000,1,2,1288221712,1325,17,1325,17,0,73,2
109,720,21.600000,10000.000000,1,2,1288221720,1324,17,1324,17,0,73,2
109,720,21.600000,10000.000000,1,2,1288221725,1324,16,1324,16,0,73,2
109,720,21.600000,10000.000000,1,2,1288221738,1324,15,1324,15,0,73,2
