109,360,21.600000,0.000000,0,2,1288041472,773,0,773,0,1,54,5
109,360,21.600000,0.000000,0,2,1288041474,773,0,773,0,1,54,5
109,360,21.600000,0.000000,0,2,1288041479,773,0,773,-1,1,54,5
109,360,21.600000,0.000000,0,2,1288041485,773,0,773,-2,1,54,5
109,360,21.600000,0.000000,0,2,1288041490,773,0,773,-2,1,54,5
109,360,21.600000,0.000000,0,2,1288041496,774,0,774,-2,1,54,5
109,360,21.600000,0.000000,0,2,1288041502,775,0,775,-2,1,54,5
109,360,21.600000,0.000000,0,2,1288041507,775,0,775,-2,1,54,5
109,360,21.600000,0.000000,0,2,1288041513,775,0,775,-2,1,54,5
109,360,21.600000,0.000000,0,2,1288041518,776,0,776,-2,1,54,5
109,360,21.600000,0.000000,0,2,1288041524,776,0,776,-2,1,54,5
109,360,21.600000,0.000000,0,2,1288041530,776,0,776,-2,1,54,5
109,360,21.600000,0.000000,0,2,1288041535,776,0,776,-2,1,54,5
109,360,21.600000,0.000000,0,2,1288041541,776,0,776,-2,1,54,5
109,360,21.600000,0.000000,0,2,1288041547,776,0,776,-2,1,54,5
109,360,21.600000,0.000000,0,2,1288041552,779,0,779,-2,1,54,5
109,360,21.600000,0.000000,0,2,1288041558,785,0,785,-2,1,54,5
109,360,21.600000,0.000000,0,2,1288041564,792,0,792,-3,1,54,5
109,360,21.600000,0.000000,0,2,1288041569,801,0,801,-4,1,54,5
109,360,21.600000,0.000000,0,2,1288041575,812,0,812,-6,1,54,5
109,360,21.600000,0.000000,0,2,1288041581,826,0,826,-8,1,54,5
109,360,21.600000,0.000000,0,2,1288041587,843,0,843,-10,1,54,5
109,360,21.600000,0.000000,0,2,1288041592,859,0,859,-12,1,54,5
109,360,21.600000,0.000000,0,2,1288041598,879,0,879,-16,1,54,5
109,360,21.600000,0.000000,0,2,1288041604,903,0,903,-20,1,54,5
109,360,21.600000,0.000000,0,2,1288041609,926,0,926,-23,1,54,5
109,360,21.600000,0.000000,0,2,1288041615,943,0,943,-25,1,54,5
109,360,21.600000,0.000000,0,2,1288041621,960,0,960,-28,1,54,5
109,360,21.600000,0.000000,0,2,1288041626,994,0,994,-33,1,54,5
109,360,21.600000,0.000000,0,2,1288041632,1020,0,1020,-37,1,54,5
109,360,21.600000,0.000000,0,2,1288041638,1038,0,1038,-40,1,54,5
109,360,21.600000,0.000000,0,2,1288041643,1056,0,1056,-43,1,54,5
109,360,21.600000,0.000000,0,2,1288041649,1073,0,1073,-45,1,54,5
109,360,21.600000,0.000000,0,2,1288041655,1087,0,1087,-48,1,54,5
109,360,21.600000,0.000000,0,2,1288041660,1101,0,1101,-50,1,54,5
109,360,21.600000,0.000000,0,2,1288041665,1111,0,1111,-53,1,54,5
109,360,21.600000,0.000000,0,2,1288041671,1120,0,1120,-56,1,54,5
109,360,21.600000,0.000000,0,2,1288041677,1130,0,1130,-61,1,54,5
109,360,21.600000,0.000000,0,2,1288041683,1133,0,1133,-63,1,54,5
109,360,21.600000,0.000000,0,2,1288041691,1134,0,1134,-65,1,54,5
109,360,21.600000,0.000000,0,2,1288041697,1134,0,1134,-66,1,54,5
109,360,21.600000,0.000000,0,2,1288041703,1133,0,1133,-68,1,54,5
109,360,21.600000,0.000000,0,2,1288041709,1131,0,1131,-69,1,54,5
109,360,21.600000,0.000000,0,2,1288041716,1129,0,1129,-70,1,54,5
109,360,21.600000,0.000000,0,2,1288041721,1127,0,1127,-71,1,54,5
109,360,21.600000,0.000000,0,2,1288041727,1126,0,1126,-71,1,54,5
109,360,21.600000,0.000000,0,2,1288041733,1125,0,1125,-71,1,54,5
109,360,21.600000,0.000000,0,2,1288041738,1124,0,1124,-71,1,54,5
109,360,21.600000,0.000000,0,2,1288041744,1124,0,1124,-71,1,54,5
109,360,21.600000,0.000000,0,2,1288041750,1124,0,1124,-71,1,54,5
109,360,21.600000,0.000000,0,2,1288041757,1124,0,1124,-71,1,54,5
109,360,21.600000,0.000000,0,2,1288041762,1124,0,1124,-71,1,54,5
109,360,21.600000,0.000000,0,2,1288041768,1124,0,1124,-71,1,54,5
109,360,21.600000,0.000000,0,2,1288041774,1124,0,1124,-71,1,54,5
109,360,21.600000,0.000000,0,2,1288041779,1124,0,1124,-71,1,54,5
109,360,21.600000,0.000000,0,2,1288041784,1124,0,1124,-71,1,54,5
109,360,21.600000,0.000000,0,2,1288041790,1124,0,1124,-71,1,54,5
109,360,21.600000,0.000000,0,2,1288041795,1124,0,1124,-71,1,54,5
109,360,21.600000,0.000000,0,2,1288041801,1124,0,1124,-71,1,54,5
109,360,21.600000,0.000000,0,2,1288041807,1124,0,1124,-71,1,54,5
109,360,21.600000,0.000000,0,2,1288041812,1124,0,1124,-71,1,54,5
109,360,21.600000,0.000000,0,2,1288041818,1124,0,1124,-71,1,54,5
109,360,21.600000,0.000000,0,2,1288041824,1124,0,1124,-71,1,54,5
109,360,21.600000,0.000000,0,2,1288041830,1125,0,1125,-71,1,54,5
109,360,21.600000,0.000000,0,2,1288041836,1126,0,1126,-72,1,54,5
109,360,21.600000,0.000000,0,2,1288041842,1128,0,1128,-73,1,54,5
109,360,21.600000,0.000000,0,2,1288041848,1131,0,1131,-74,1,54,5
109,360,21.600000,0.000000,0,2,1288041854,1135,0,1135,-75,1,54,5
109,360,21.600000,0.000000,0,2,1288041860,1139,0,1139,-76,1,54,5
109,360,21.600000,0.000000,0,2,1288041866,1144,0,1144,-77,1,54,5
109,360,21.600000,0.000000,0,2,1288041872,1148,0,1148,-78,1,54,5
109,360,21.600000,0.000000,0,2,1288041877,1151,0,1151,-79,1,54,5
109,360,21.600000,0.000000,0,2,1288041884,1153,0,1153,-79,1,54,5
109,360,21.600000,0.000000,0,2,1288041890,1155,0,1155,-80,1,54,5
109,360,21.600000,0.000000,0,2,1288041896,1157,0,1157,-81,1,54,5
109,360,21.600000,0.000000,0,2,1288041901,1159,0,1159,-82,1,54,5
109,360,21.600000,0.000000,0,2,1288041907,1159,0,1159,-82,1,54,5
109,360,21.600000,0.000000,0,2,1288041912,1158,0,1158,-82,1,54,5
109,360,21.600000,0.000000,0,2,1288041918,1155,0,1155,-82,1,54,5
109,360,21.600000,0.000000,0,2,1288041924,1152,0,1152,-82,1,54,5
109,360,21.600000,0.000000,0,2,1288041930,1150,0,1150,-82,1,54,5
109,360,21.600000,0.000000,0,2,1288041935,1148,0,1148,-82,1,54,5
109,360,21.600000,0.000000,0,2,1288041941,1146,0,1146,-82,1,54,5
109,360,21.600000,0.000000,0,2,1288041947,1143,0,1143,-82,1,54,5
109,360,21.600000,0.000000,0,2,1288041952,1142,0,1142,-82,1,54,5
109,360,21.600000,0.000000,0,2,1288041958,1142,0,1142,-82,1,54,5
109,360,21.600000,0.000000,0,2,1288041963,1142,0,1142,-82,1,54,5
109,360,21.600000,0.000000,0,2,1288041968,1142,0,1142,-82,1,54,5
109,360,21.600000,0.000000,0,2,1288041974,1142,0,1142,-82,1,54,5
109,360,21.600000,0.000000,0,2,1288041979,1142,0,1142,-82,1,54,5
109,360,21.600000,0.000000,0,2,1288041985,1142,0,1142,-82,1,54,5
109,360,21.600000,0.000000,0,2,1288041990,1142,0,1142,-82,1,54,5
109,360,21.600000,0.000000,0,2,1288041996,1142,0,1142,-82,1,54,5
109,360,21.600000,0.000000,0,2,1288042002,1142,0,1142,-82,1,54,5
109,360,21.600000,0.000000,0,2,1288042007,1142,0,1142,-82,1,54,5
109,360,21.600000,0.000000,0,2,1288042013,1142,0,1142,-82,1,54,5
109,360,21.600000,0.000000,0,2,1288042018,1142,0,1142,-82,1,54,5
109,360,21.600000,0.000000,0,2,1288042024,1142,0,1142,-82,1,54,5
109,360,21.600000,0.000000,0,2,1288042030,1142,0,1142,-82,1,54,5
109,360,21.600000,0.000000,0,2,1288042035,1142,0,1142,-83,1,54,5
109,360,21.600000,0.000000,0,2,1288042041,1142,0,1142,-83,1,54,5
109,360,21.600000,0.000000,0,2,1288042046,1142,0,1142,-84,1,54,5
109,360,21.600000,0.000000,0,2,1288042052,1143,0,1143,-85,1,54,5
109,360,21.600000,0.000000,0,2,1288042058,1143,0,1143,-85,1,54,5
109,360,21.600000,0.000000,0,2,1288042063,1143,0,1143,-85,1,54,5
109,360,21.600000,0.000000,0,2,1288042069,1143,0,1143,-85,1,54,5
109,360,21.600000,0.000000,0,2,1288042075,1143,0,1143,-85,1,54,5
109,360,21.600000,0.000000,0,2,1288042080,1143,0,1143,-85,1,54,5
109,360,21.600000,0.000000,0,2,1288042086,1143,0,1143,-85,1,54,5
109,360,21.600000,0.000000,0,2,1288042091,1143,0,1143,-85,1,54,5
109,360,21.600000,0.000000,0,2,1288042096,1143,0,1143,-85,1,54,5
109,360,21.600000,0.000000,0,2,1288042102,1143,0,1143,-85,1,54,5
109,360,21.600000,0.000000,0,2,1288042120,1143,0,1143,-85,0,54,5
