109,360,21.600000,0.000000,0,2,1288045579,783,0,783,0,0,55,1
109,360,21.600000,0.000000,0,2,1288045581,783,0,783,0,0,55,1
109,360,21.600000,0.000000,0,2,1288045587,783,0,783,0,0,55,1
109,360,21.600000,0.000000,0,2,1288045592,783,0,783,0,0,55,1
109,360,21.600000,0.000000,0,2,1288045597,783,0,783,0,0,55,1
109,360,21.600000,0.000000,0,2,1288045603,783,0,783,0,0,55,1
109,360,21.600000,0.000000,0,2,1288045609,783,0,783,0,0,55,1
109,360,21.600000,0.000000,0,2,1288045615,783,0,783,0,0,55,1
109,360,21.600000,0.000000,0,2,1288045620,784,0,784,0,0,55,1
109,360,21.600000,0.000000,0,2,1288045626,784,0,784,0,0,55,1
109,360,21.600000,0.000000,0,2,1288045631,785,0,785,0,0,55,1
109,360,21.600000,0.000000,0,2,1288045637,786,0,786,0,0,55,1
109,360,21.600000,0.000000,0,2,1288045643,787,1,787,1,0,55,1
109,360,21.600000,0.000000,0,2,1288045649,791,2,791,2,0,55,1
109,360,21.600000,0.000000,0,2,1288045654,796,3,796,3,0,55,1
109,360,21.600000,0.000000,0,2,1288045660,804,3,804,3,0,55,1
109,360,21.600000,0.000000,0,2,1288045666,816,3,816,3,0,55,1
109,360,21.600000,0.000000,0,2,1288045672,829,3,829,3,0,55,1
109,360,21.600000,0.000000,0,2,1288045677,847,1,847,1,0,55,1
109,360,21.600000,0.000000,0,2,1288045683,866,0,866,-1,0,55,1
109,360,21.600000,0.000000,0,2,1288045689,891,0,891,-4,0,55,1
109,360,21.600000,0.000000,0,2,1288045694,916,0,916,-7,0,55,1
109,360,21.600000,0.000000,0,2,1288045701,940,0,940,-10,0,55,1
109,360,21.600000,0.000000,0,2,1288045707,968,0,968,-14,0,55,1
109,360,21.600000,0.000000,0,2,1288045714,992,0,992,-17,0,55,1
109,360,21.600000,0.000000,0,2,1288045719,1025,0,1025,-21,0,55,1
109,360,21.600000,0.000000,0,2,1288045725,1051,0,1051,-24,0,55,1
109,360,21.600000,0.000000,0,2,1288045731,1075,0,1075,-27,0,55,1
109,360,21.600000,0.000000,0,2,1288045736,1100,0,1100,-30,0,55,1
109,360,21.600000,0.000000,0,2,1288045742,1124,0,1124,-33,0,55,1
109,360,21.600000,0.000000,0,2,1288045748,1146,0,1146,-36,0,55,1
109,360,21.600000,0.000000,0,2,1288045753,1163,0,1163,-38,0,55,1
109,360,21.600000,0.000000,0,2,1288045758,1180,0,1180,-40,0,55,1
109,360,21.600000,0.000000,0,2,1288045764,1195,0,1195,-42,0,55,1
109,360,21.600000,0.000000,0,2,1288045770,1207,0,1207,-44,0,55,1
109,360,21.600000,0.000000,0,2,1288045775,1215,0,1215,-45,0,55,1
109,360,21.600000,0.000000,0,2,1288045781,1221,0,1221,-47,0,55,1
109,360,21.600000,0.000000,0,2,1288045787,1224,0,1224,-48,0,55,1
109,360,21.600000,0.000000,0,2,1288045792,1224,0,1224,-48,0,55,1
109,360,21.600000,0.000000,0,2,1288045798,1224,0,1224,-48,0,55,1
109,360,21.600000,0.000000,0,2,1288045804,1224,0,1224,-48,0,55,1
109,360,21.600000,0.000000,0,2,1288045810,1222,0,1222,-48,0,55,1
109,360,21.600000,0.000000,0,2,1288045815,1217,0,1217,-49,0,55,1
109,360,21.600000,0.000000,0,2,1288045821,1213,0,1213,-49,0,55,1
109,360,21.600000,0.000000,0,2,1288045827,1208,0,1208,-49,0,55,1
109,360,21.600000,0.000000,0,2,1288045832,1204,0,1204,-49,0,55,1
109,360,21.600000,0.000000,0,2,1288045838,1201,0,1201,-49,0,55,1
109,360,21.600000,0.000000,0,2,1288045843,1199,0,1199,-49,0,55,1
109,360,21.600000,0.000000,0,2,1288045849,1198,0,1198,-49,0,55,1
109,360,21.600000,0.000000,0,2,1288045855,1197,0,1197,-49,0,55,1
109,360,21.600000,0.000000,0,2,1288045860,1197,0,1197,-49,0,55,1
109,360,21.600000,0.000000,0,2,1288045866,1197,0,1197,-49,0,55,1
109,360,21.600000,0.000000,0,2,1288045872,1197,0,1197,-49,0,55,1
109,360,21.600000,0.000000,0,2,1288045877,1197,0,1197,-49,0,55,1
109,360,21.600000,0.000000,0,2,1288045882,1197,0,1197,-49,0,55,1
109,360,21.600000,0.000000,0,2,1288045888,1196,0,1196,-49,0,55,1
109,360,21.600000,0.000000,0,2,1288045894,1195,0,1195,-49,0,55,1
109,360,21.600000,0.000000,0,2,1288045900,1194,0,1194,-49,0,55,1
109,360,21.600000,0.000000,0,2,1288045905,1193,0,1193,-49,0,55,1
109,360,21.600000,0.000000,0,2,1288045911,1193,0,1193,-49,0,55,1
109,360,21.600000,0.000000,0,2,1288045917,1193,0,1193,-49,0,55,1
109,360,21.600000,0.000000,0,2,1288045922,1193,0,1193,-49,0,55,1
109,360,21.600000,0.000000,0,2,1288045928,1193,0,1193,-49,0,55,1
109,360,21.600000,0.000000,0,2,1288045933,1193,0,1193,-49,0,55,1
109,360,21.600000,0.000000,0,2,1288045939,1193,0,1193,-49,0,55,1
109,360,21.600000,0.000000,0,2,1288045944,1193,0,1193,-49,0,55,1
109,360,21.600000,0.000000,0,2,1288045950,1193,0,1193,-49,0,55,1
109,360,21.600000,0.000000,0,2,1288045956,1193,0,1193,-49,0,55,1
109,360,21.600000,0.000000,0,2,1288045961,1193,0,1193,-49,0,55,1
109,360,21.600000,0.000000,0,2,1288045967,1193,0,1193,-49,0,55,1
109,360,21.600000,0.000000,0,2,1288045973,1193,0,1193,-49,0,55,1
109,360,21.600000,0.000000,0,2,1288045978,1192,0,1192,-49,0,55,1
109,360,21.600000,0.000000,0,2,1288045984,1191,0,1191,-49,0,55,1
109,360,21.600000,0.000000,0,2,1288045990,1190,0,1190,-49,0,55,1
109,360,21.600000,0.000000,0,2,1288045996,1188,0,1188,-50,0,55,1
109,360,21.600000,0.000000,0,2,1288046001,1184,0,1184,-50,0,55,1
109,360,21.600000,0.000000,0,2,1288046009,1179,0,1179,-51,0,55,1
109,360,21.600000,0.000000,0,2,1288046015,1172,0,1172,-51,0,55,1
109,360,21.600000,0.000000,0,2,1288046022,1168,0,1168,-51,0,55,1
109,360,21.600000,0.000000,0,2,1288046028,1162,0,1162,-51,0,55,1
109,360,21.600000,0.000000,0,2,1288046033,1157,0,1157,-52,0,55,1
109,360,21.600000,0.000000,0,2,1288046039,1155,0,1155,-52,0,55,1
109,360,21.600000,0.000000,0,2,1288046045,1154,0,1154,-52,0,55,1
109,360,21.600000,0.000000,0,2,1288046051,1153,0,1153,-52,0,55,1
109,360,21.600000,0.000000,0,2,1288046056,1152,0,1152,-52,0,55,1
109,360,21.600000,0.000000,0,2,1288046062,1151,0,1151,-52,0,55,1
109,360,21.600000,0.000000,0,2,1288046067,1150,0,1150,-52,0,55,1
109,360,21.600000,0.000000,0,2,1288046075,1149,0,1149,-52,0,55,1
109,360,21.600000,0.000000,0,2,1288046081,1148,0,1148,-52,0,55,1
109,360,21.600000,0.000000,0,2,1288046086,1148,0,1148,-53,0,55,1
109,360,21.600000,0.000000,0,2,1288046092,1148,0,1148,-53,0,55,1
109,360,21.600000,0.000000,0,2,1288046098,1148,0,1148,-53,0,55,1
109,360,21.600000,0.000000,0,2,1288046104,1148,0,1148,-53,0,55,1
109,360,21.600000,0.000000,0,2,1288046109,1148,0,1148,-53,0,55,1
109,360,21.600000,0.000000,0,2,1288046115,1148,0,1148,-53,0,55,1
109,360,21.600000,0.000000,0,2,1288046121,1148,0,1148,-53,0,55,1
109,360,21.600000,0.000000,0,2,1288046126,1148,0,1148,-53,0,55,1
109,360,21.600000,0.000000,0,2,1288046131,1148,0,1148,-53,0,55,1
109,360,21.600000,0.000000,0,2,1288046137,1148,0,1148,-53,0,55,1
109,360,21.600000,0.000000,0,2,1288046143,1148,0,1148,-53,0,55,1
109,360,21.600000,0.000000,0,2,1288046149,1148,0,1148,-53,0,55,1
109,360,21.600000,0.000000,0,2,1288046155,1148,0,1148,-53,0,55,1
109,360,21.600000,0.000000,0,2,1288046160,1148,0,1148,-53,0,55,1
109,360,21.600000,0.000000,0,2,1288046166,1147,0,1147,-53,0,55,1
109,360,21.600000,0.000000,0,2,1288046172,1146,0,1146,-54,0,55,1
109,360,21.600000,0.000000,0,2,1288046177,1145,0,1145,-54,0,55,1
109,360,21.600000,0.000000,0,2,1288046183,1144,0,1144,-54,0,55,1
109,360,21.600000,0.000000,0,2,1288046188,1143,0,1143,-55,0,55,1
109,360,21.600000,0.000000,0,2,1288046194,1142,0,1142,-55,0,55,1
109,360,21.600000,0.000000,0,2,1288046199,1141,0,1141,-56,0,55,1
109,360,21.600000,0.000000,0,2,1288046205,1140,0,1140,-56,0,55,1
109,360,21.600000,0.000000,0,2,1288046211,1139,0,1139,-56,0,55,1
109,360,21.600000,0.000000,0,2,1288046216,1138,0,1138,-57,0,55,1
109,360,21.600000,0.000000,0,2,1288046222,1137,0,1137,-58,0,55,1
109,360,21.600000,0.000000,0,2,1288046227,1136,0,1136,-58,0,55,1
109,360,21.600000,0.000000,0,2,1288046233,1135,0,1135,-58,0,55,1
109,360,21.600000,0.000000,0,2,1288046239,1135,0,1135,-59,0,55,1
109,360,21.600000,0.000000,0,2,1288046244,1135,0,1135,-60,0,55,1
109,360,21.600000,0.000000,0,2,1288046250,1135,0,1135,-61,0,55,1
109,360,21.600000,0.000000,0,2,1288046255,1135,0,1135,-62,0,55,1
109,360,21.600000,0.000000,0,2,1288046261,1135,0,1135,-62,0,55,1
109,360,21.600000,0.000000,0,2,1288046267,1135,0,1135,-62,0,55,1
109,360,21.600000,0.000000,0,2,1288046272,1135,0,1135,-62,0,55,1
109,360,21.600000,0.000000,0,2,1288046291,1135,0,1135,-63,0,55,1
