109,360,21.600000,10000.000000,0,2,1288116009,781,0,781,0,0,62,3
109,360,21.600000,10000.000000,0,2,1288116010,781,0,781,0,0,62,3
109,360,21.600000,10000.000000,0,2,1288116016,781,0,781,0,0,62,3
109,360,21.600000,10000.000000,0,2,1288116022,781,0,781,0,0,62,3
109,360,21.600000,10000.000000,0,2,1288116027,781,0,781,0,0,62,3
109,360,21.600000,10000.000000,0,2,1288116033,781,0,781,0,0,62,3
109,360,21.600000,10000.000000,0,2,1288116039,781,0,781,0,0,62,3
109,360,21.600000,10000.000000,0,2,1288116044,781,0,781,0,0,62,3
109,360,21.600000,10000.000000,0,2,1288116050,781,0,781,0,0,62,3
109,360,21.600000,10000.000000,0,2,1288116055,781,0,781,0,0,62,3
109,360,21.600000,10000.000000,0,2,1288116061,781,0,781,0,0,62,3
109,360,21.600000,10000.000000,0,2,1288116066,781,0,781,0,0,62,3
109,360,21.600000,10000.000000,0,2,1288116072,781,0,781,0,0,62,3
109,360,21.600000,10000.000000,0,2,1288116077,782,0,782,0,0,62,3
109,360,21.600000,10000.000000,0,2,1288116084,787,0,787,-2,0,62,3
109,360,21.600000,10000.000000,0,2,1288116089,797,0,797,-3,0,62,3
109,360,21.600000,10000.000000,0,2,1288116095,809,0,809,-4,0,62,3
109,360,21.600000,10000.000000,0,2,1288116101,823,0,823,-4,0,62,3
109,360,21.600000,10000.000000,0,2,1288116106,845,0,845,-4,0,62,3
109,360,21.600000,10000.000000,0,2,1288116112,863,0,863,-4,0,62,3
109,360,21.600000,10000.000000,0,2,1288116118,889,0,889,-4,0,62,3
109,360,21.600000,10000.000000,0,2,1288116124,915,0,915,-4,0,62,3
109,360,21.600000,10000.000000,0,2,1288116129,949,0,949,-4,0,62,3
109,360,21.600000,10000.000000,0,2,1288116134,982,0,982,-4,0,62,3
109,360,21.600000,10000.000000,0,2,1288116140,1017,0,1017,-4,0,62,3
109,360,21.600000,10000.000000,0,2,1288116146,1051,0,1051,-4,0,62,3
109,360,21.600000,10000.000000,0,2,1288116152,1085,0,1085,-4,0,62,3
109,360,21.600000,10000.000000,0,2,1288116157,1118,0,1118,-5,0,62,3
109,360,21.600000,10000.000000,0,2,1288116163,1145,0,1145,-6,0,62,3
109,360,21.600000,10000.000000,0,2,1288116169,1171,0,1171,-7,0,62,3
109,360,21.600000,10000.000000,0,2,1288116174,1196,0,1196,-7,0,62,3
109,360,21.600000,10000.000000,0,2,1288116180,1212,0,1212,-8,0,62,3
109,360,21.600000,10000.000000,0,2,1288116186,1225,0,1225,-9,0,62,3
109,360,21.600000,10000.000000,0,2,1288116192,1231,0,1231,-10,0,62,3
109,360,21.600000,10000.000000,0,2,1288116197,1231,0,1231,-11,0,62,3
109,360,21.600000,10000.000000,0,2,1288116203,1231,0,1231,-12,0,62,3
109,360,21.600000,10000.000000,0,2,1288116209,1228,0,1228,-14,0,62,3
109,360,21.600000,10000.000000,0,2,1288116216,1224,0,1224,-16,0,62,3
109,360,21.600000,10000.000000,0,2,1288116222,1218,0,1218,-19,0,62,3
109,360,21.600000,10000.000000,0,2,1288116227,1211,0,1211,-22,0,62,3
109,360,21.600000,10000.000000,0,2,1288116233,1203,0,1203,-24,0,62,3
109,360,21.600000,10000.000000,0,2,1288116239,1195,0,1195,-26,0,62,3
109,360,21.600000,10000.000000,0,2,1288116244,1186,0,1186,-28,0,62,3
109,360,21.600000,10000.000000,0,2,1288116250,1178,0,1178,-30,0,62,3
109,360,21.600000,10000.000000,0,2,1288116256,1170,0,1170,-32,0,62,3
109,360,21.600000,10000.000000,0,2,1288116261,1162,0,1162,-34,0,62,3
109,360,21.600000,10000.000000,0,2,1288116267,1157,0,1157,-35,0,62,3
109,360,21.600000,10000.000000,0,2,1288116273,1153,0,1153,-36,0,62,3
109,360,21.600000,10000.000000,0,2,1288116279,1151,0,1151,-37,0,62,3
109,360,21.600000,10000.000000,0,2,1288116285,1151,0,1151,-38,0,62,3
109,360,21.600000,10000.000000,0,2,1288116290,1151,0,1151,-38,0,62,3
109,360,21.600000,10000.000000,0,2,1288116296,1151,0,1151,-38,0,62,3
109,360,21.600000,10000.000000,0,2,1288116301,1151,0,1151,-39,0,62,3
109,360,21.600000,10000.000000,0,2,1288116307,1151,0,1151,-39,0,62,3
109,360,21.600000,10000.000000,0,2,1288116313,1151,0,1151,-40,0,62,3
109,360,21.600000,10000.000000,0,2,1288116319,1151,0,1151,-41,0,62,3
109,360,21.600000,10000.000000,0,2,1288116324,1151,0,1151,-41,0,62,3
109,360,21.600000,10000.000000,0,2,1288116330,1151,0,1151,-41,0,62,3
109,360,21.600000,10000.000000,0,2,1288116336,1151,0,1151,-41,0,62,3
109,360,21.600000,10000.000000,0,2,1288116341,1151,0,1151,-41,0,62,3
109,360,21.600000,10000.000000,0,2,1288116347,1151,0,1151,-41,0,62,3
109,360,21.600000,10000.000000,0,2,1288116352,1151,0,1151,-41,0,62,3
109,360,21.600000,10000.000000,0,2,1288116358,1151,0,1151,-41,0,62,3
109,360,21.600000,10000.000000,0,2,1288116364,1151,0,1151,-41,0,62,3
109,360,21.600000,10000.000000,0,2,1288116370,1152,0,1152,-41,0,62,3
109,360,21.600000,10000.000000,0,2,1288116375,1152,0,1152,-41,0,62,3
109,360,21.600000,10000.000000,0,2,1288116381,1152,0,1152,-41,0,62,3
109,360,21.600000,10000.000000,0,2,1288116386,1152,0,1152,-41,0,62,3
109,360,21.600000,10000.000000,0,2,1288116392,1152,0,1152,-41,0,62,3
109,360,21.600000,10000.000000,0,2,1288116399,1152,0,1152,-41,0,62,3
109,360,21.600000,10000.000000,0,2,1288116404,1152,0,1152,-41,0,62,3
109,360,21.600000,10000.000000,0,2,1288116410,1152,0,1152,-41,0,62,3
109,360,21.600000,10000.000000,0,2,1288116416,1152,0,1152,-41,0,62,3
109,360,21.600000,10000.000000,0,2,1288116422,1152,0,1152,-41,0,62,3
109,360,21.600000,10000.000000,0,2,1288116427,1152,0,1152,-41,0,62,3
109,360,21.600000,10000.000000,0,2,1288116433,1152,0,1152,-41,0,62,3
109,360,21.600000,10000.000000,0,2,1288116438,1152,0,1152,-41,0,62,3
109,360,21.600000,10000.000000,0,2,1288116444,1152,0,1152,-41,0,62,3
109,360,21.600000,10000.000000,0,2,1288116449,1152,0,1152,-41,0,62,3
109,360,21.600000,10000.000000,0,2,1288116455,1152,0,1152,-42,0,62,3
109,360,21.600000,10000.000000,0,2,1288116460,1152,0,1152,-43,0,62,3
109,360,21.600000,10000.000000,0,2,1288116466,1152,0,1152,-44,0,62,3
109,360,21.600000,10000.000000,0,2,1288116471,1152,0,1152,-44,0,62,3
109,360,21.600000,10000.000000,0,2,1288116477,1152,0,1152,-44,0,62,3
109,360,21.600000,10000.000000,0,2,1288116483,1151,0,1151,-44,0,62,3
109,360,21.600000,10000.000000,0,2,1288116489,1151,0,1151,-45,0,62,3
109,360,21.600000,10000.000000,0,2,1288116494,1150,0,1150,-45,0,62,3
109,360,21.600000,10000.000000,0,2,1288116500,1149,0,1149,-46,0,62,3
109,360,21.600000,10000.000000,0,2,1288116505,1148,0,1148,-46,0,62,3
109,360,21.600000,10000.000000,0,2,1288116511,1147,0,1147,-46,0,62,3
109,360,21.600000,10000.000000,0,2,1288116517,1146,0,1146,-46,0,62,3
109,360,21.600000,10000.000000,0,2,1288116522,1146,0,1146,-46,0,62,3
109,360,21.600000,10000.000000,0,2,1288116528,1145,0,1145,-46,0,62,3
109,360,21.600000,10000.000000,0,2,1288116534,1144,0,1144,-46,0,62,3
109,360,21.600000,10000.000000,0,2,1288116539,1144,0,1144,-46,0,62,3
109,360,21.600000,10000.000000,0,2,1288116545,1144,0,1144,-46,0,62,3
109,360,21.600000,10000.000000,0,2,1288116550,1144,0,1144,-46,0,62,3
109,360,21.600000,10000.000000,0,2,1288116556,1144,0,1144,-46,0,62,3
109,360,21.600000,10000.000000,0,2,1288116561,1144,0,1144,-47,0,62,3
109,360,21.600000,10000.000000,0,2,1288116567,1144,0,1144,-48,0,62,3
109,360,21.600000,10000.000000,0,2,1288116580,1144,0,1144,-48,0,62,3
