109,360,21.600000,0.000000,0,3,1288418469,777,0,777,0,0,94,0
109,360,21.600000,0.000000,0,3,1288418471,777,0,777,0,0,94,0
109,360,21.600000,0.000000,0,3,1288418477,777,0,777,0,0,94,0
109,360,21.600000,0.000000,0,3,1288418483,777,0,777,0,0,94,0
109,360,21.600000,0.000000,0,3,1288418488,777,0,777,0,0,94,0
109,360,21.600000,0.000000,0,3,1288418494,777,0,777,0,0,94,0
109,360,21.600000,0.000000,0,3,1288418499,777,0,777,0,0,94,0
109,360,21.600000,0.000000,0,3,1288418505,777,0,777,0,0,94,0
109,360,21.600000,0.000000,0,3,1288418511,777,0,777,0,0,94,0
109,360,21.600000,0.000000,0,3,1288418516,778,0,778,0,0,94,0
109,360,21.600000,0.000000,0,3,1288418522,780,1,780,1,0,94,0
109,360,21.600000,0.000000,0,3,1288418528,784,1,784,1,0,94,0
109,360,21.600000,0.000000,0,3,1288418534,791,1,791,1,0,94,0
109,360,21.600000,0.000000,0,3,1288418539,799,0,799,0,0,94,0
109,360,21.600000,0.000000,0,3,1288418545,810,0,810,-1,0,94,0
109,360,21.600000,0.000000,0,3,1288418551,822,0,822,-2,0,94,0
109,360,21.600000,0.000000,0,3,1288418556,832,0,832,-3,0,94,0
109,360,21.600000,0.000000,0,3,1288418562,846,0,846,-4,0,94,0
109,360,21.600000,0.000000,0,3,1288418568,857,0,857,-5,0,94,0
109,360,21.600000,0.000000,0,3,1288418573,874,0,874,-7,0,94,0
109,360,21.600000,0.000000,0,3,1288418579,891,0,891,-8,0,94,0
109,360,21.600000,0.000000,0,3,1288418585,910,0,910,-10,0,94,0
109,360,21.600000,0.000000,0,3,1288418591,935,0,935,-12,0,94,0
109,360,21.600000,0.000000,0,3,1288418596,956,0,956,-14,0,94,0
109,360,21.600000,0.000000,0,3,1288418603,977,0,977,-15,0,94,0
109,360,21.600000,0.000000,0,3,1288418608,998,0,998,-17,0,94,0
109,360,21.600000,0.000000,0,3,1288418614,1021,0,1021,-19,0,94,0
109,360,21.600000,0.000000,0,3,1288418619,1043,0,1043,-21,0,94,0
109,360,21.600000,0.000000,0,3,1288418625,1065,0,1065,-23,0,94,0
109,360,21.600000,0.000000,0,3,1288418631,1079,0,1079,-25,0,94,0
109,360,21.600000,0.000000,0,3,1288418636,1094,0,1094,-26,0,94,0
109,360,21.600000,0.000000,0,3,1288418642,1107,0,1107,-27,0,94,0
109,360,21.600000,0.000000,0,3,1288418648,1117,0,1117,-28,0,94,0
109,360,21.600000,0.000000,0,3,1288418653,1125,0,1125,-28,0,94,0
109,360,21.600000,0.000000,0,3,1288418659,1130,0,1130,-29,0,94,0
109,360,21.600000,0.000000,0,3,1288418665,1133,0,1133,-29,0,94,0
109,360,21.600000,0.000000,0,3,1288418670,1133,0,1133,-30,0,94,0
109,360,21.600000,0.000000,0,3,1288418676,1133,0,1133,-31,0,94,0
109,360,21.600000,0.000000,0,3,1288418681,1133,0,1133,-32,0,94,0
109,360,21.600000,0.000000,0,3,1288418687,1133,0,1133,-32,0,94,0
109,360,21.600000,0.000000,0,3,1288418693,1133,0,1133,-32,0,94,0
109,360,21.600000,0.000000,0,3,1288418698,1131,0,1131,-32,0,94,0
109,360,21.600000,0.000000,0,3,1288418704,1128,0,1128,-32,0,94,0
109,360,21.600000,0.000000,0,3,1288418711,1126,0,1126,-32,0,94,0
109,360,21.600000,0.000000,0,3,1288418717,1125,0,1125,-32,0,94,0
109,360,21.600000,0.000000,0,3,1288418723,1123,0,1123,-32,0,94,0
109,360,21.600000,0.000000,0,3,1288418728,1122,0,1122,-32,0,94,0
109,360,21.600000,0.000000,0,3,1288418734,1122,0,1122,-32,0,94,0
109,360,21.600000,0.000000,0,3,1288418740,1122,0,1122,-32,0,94,0
109,360,21.600000,0.000000,0,3,1288418745,1122,0,1122,-32,0,94,0
109,360,21.600000,0.000000,0,3,1288418751,1122,0,1122,-32,0,94,0
109,360,21.600000,0.000000,0,3,1288418757,1121,0,1121,-32,0,94,0
109,360,21.600000,0.000000,0,3,1288418762,1120,0,1120,-32,0,94,0
109,360,21.600000,0.000000,0,3,1288418768,1120,0,1120,-32,0,94,0
109,360,21.600000,0.000000,0,3,1288418774,1119,0,1119,-33,0,94,0
109,360,21.600000,0.000000,0,3,1288418780,1118,0,1118,-33,0,94,0
109,360,21.600000,0.000000,0,3,1288418785,1117,0,1117,-33,0,94,0
109,360,21.600000,0.000000,0,3,1288418791,1115,0,1115,-33,0,94,0
109,360,21.600000,0.000000,0,3,1288418797,1114,0,1114,-33,0,94,0
109,360,21.600000,0.000000,0,3,1288418803,1113,0,1113,-34,0,94,0
109,360,21.600000,0.000000,0,3,1288418808,1112,0,1112,-34,0,94,0
109,360,21.600000,0.000000,0,3,1288418814,1111,0,1111,-34,0,94,0
109,360,21.600000,0.000000,0,3,1288418819,1111,0,1111,-34,0,94,0
109,360,21.600000,0.000000,0,3,1288418825,1111,0,1111,-34,0,94,0
109,360,21.600000,0.000000,0,3,1288418831,1111,0,1111,-34,0,94,0
109,360,21.600000,0.000000,0,3,1288418836,1111,0,1111,-34,0,94,0
109,360,21.600000,0.000000,0,3,1288418841,1111,0,1111,-34,0,94,0
109,360,21.600000,0.000000,0,3,1288418847,1111,0,1111,-34,0,94,0
109,360,21.600000,0.000000,0,3,1288418853,1111,0,1111,-34,0,94,0
109,360,21.600000,0.000000,0,3,1288418859,1111,0,1111,-35,0,94,0
109,360,21.600000,0.000000,0,3,1288418864,1112,0,1112,-36,0,94,0
109,360,21.600000,0.000000,0,3,1288418870,1113,0,1113,-37,0,94,0
109,360,21.600000,0.000000,0,3,1288418876,1115,0,1115,-38,0,94,0
109,360,21.600000,0.000000,0,3,1288418882,1117,0,1117,-39,0,94,0
109,360,21.600000,0.000000,0,3,1288418888,1119,0,1119,-40,0,94,0
109,360,21.600000,0.000000,0,3,1288418893,1120,0,1120,-40,0,94,0
109,360,21.600000,0.000000,0,3,1288418899,1122,0,1122,-40,0,94,0
109,360,21.600000,0.000000,0,3,1288418905,1124,0,1124,-40,0,94,0
109,360,21.600000,0.000000,0,3,1288418910,1126,0,1126,-41,0,94,0
109,360,21.600000,0.000000,0,3,1288418916,1127,0,1127,-42,0,94,0
109,360,21.600000,0.000000,0,3,1288418922,1129,0,1129,-43,0,94,0
109,360,21.600000,0.000000,0,3,1288418928,1130,0,1130,-43,0,94,0
109,360,21.600000,0.000000,0,3,1288418933,1130,0,1130,-43,0,94,0
109,360,21.600000,0.000000,0,3,1288418938,1130,0,1130,-43,0,94,0
109,360,21.600000,0.000000,0,3,1288418944,1130,0,1130,-43,0,94,0
109,360,21.600000,0.000000,0,3,1288418949,1130,0,1130,-43,0,94,0
109,360,21.600000,0.000000,0,3,1288418955,1130,0,1130,-43,0,94,0
109,360,21.600000,0.000000,0,3,1288418961,1130,0,1130,-43,0,94,0
109,360,21.600000,0.000000,0,3,1288418966,1130,0,1130,-43,0,94,0
109,360,21.600000,0.000000,0,3,1288418972,1130,0,1130,-43,0,94,0
109,360,21.600000,0.000000,0,3,1288418977,1130,0,1130,-43,0,94,0
109,360,21.600000,0.000000,0,3,1288418983,1130,0,1130,-43,0,94,0
109,360,21.600000,0.000000,0,3,1288418988,1130,0,1130,-43,0,94,0
109,360,21.600000,0.000000,0,3,1288418994,1131,0,1131,-43,0,94,0
109,360,21.600000,0.000000,0,3,1288419000,1132,0,1132,-44,0,94,0
109,360,21.600000,0.000000,0,3,1288419006,1134,0,1134,-45,0,94,0
109,360,21.600000,0.000000,0,3,1288419012,1136,0,1136,-45,0,94,0
109,360,21.600000,0.000000,0,3,1288419018,1138,0,1138,-45,0,94,0
109,360,21.600000,0.000000,0,3,1288419024,1140,0,1140,-45,0,94,0
109,360,21.600000,0.000000,0,3,1288419029,1141,0,1141,-46,0,94,0
109,360,21.600000,0.000000,0,3,1288419035,1141,0,1141,-46,0,94,0
109,360,21.600000,0.000000,0,3,1288419040,1141,0,1141,-46,0,94,0
109,360,21.600000,0.000000,0,3,1288419046,1141,0,1141,-46,0,94,0
109,360,21.600000,0.000000,0,3,1288419051,1141,0,1141,-46,0,94,0
109,360,21.600000,0.000000,0,3,1288419056,1141,0,1141,-46,0,94,0
109,360,21.600000,0.000000,0,3,1288419062,1141,0,1141,-46,0,94,0
109,360,21.600000,0.000000,0,3,1288419068,1141,0,1141,-46,0,94,0
109,360,21.600000,0.000000,0,3,1288419073,1141,0,1141,-46,0,94,0
109,360,21.600000,0.000000,0,3,1288419078,1141,0,1141,-46,0,94,0
109,360,21.600000,0.000000,0,3,1288419084,1141,0,1141,-46,0,94,0
109,360,21.600000,0.000000,0,3,1288419090,1141,0,1141,-46,0,94,0
109,360,21.600000,0.000000,0,3,1288419103,1142,0,1142,-46,0,94,0
