109,360,21.600000,43.200000,0,2,1287998651,784,0,784,0,0,51,1
109,360,21.600000,43.200000,0,2,1287998653,784,0,784,0,0,51,1
109,360,21.600000,43.200000,0,2,1287998658,784,0,784,0,0,51,1
109,360,21.600000,43.200000,0,2,1287998664,784,0,784,0,0,51,1
109,360,21.600000,43.200000,0,2,1287998670,784,0,784,0,0,51,1
109,360,21.600000,43.200000,0,2,1287998676,784,0,784,0,0,51,1
109,360,21.600000,43.200000,0,2,1287998681,784,0,784,0,0,51,1
109,360,21.600000,43.200000,0,2,1287998686,784,0,784,0,0,51,1
109,360,21.600000,43.200000,0,2,1287998692,784,0,784,0,0,51,1
109,360,21.600000,43.200000,0,2,1287998698,784,0,784,0,0,51,1
109,360,21.600000,43.200000,0,2,1287998703,784,0,784,0,0,51,1
109,360,21.600000,43.200000,0,2,1287998709,784,0,784,0,0,51,1
109,360,21.600000,43.200000,0,2,1287998716,784,0,784,0,0,51,1
109,360,21.600000,43.200000,0,2,1287998723,786,0,786,-1,0,51,1
109,360,21.600000,43.200000,0,2,1287998729,791,0,791,-1,0,51,1
109,360,21.600000,43.200000,0,2,1287998734,800,0,800,-1,0,51,1
109,360,21.600000,43.200000,0,2,1287998740,808,0,808,-1,0,51,1
109,360,21.600000,43.200000,0,2,1287998746,824,0,824,-1,0,51,1
109,360,21.600000,43.200000,0,2,1287998751,837,0,837,-1,0,51,1
109,360,21.600000,43.200000,0,2,1287998758,867,0,867,-2,0,51,1
109,360,21.600000,43.200000,0,2,1287998764,901,0,901,-3,0,51,1
109,360,21.600000,43.200000,0,2,1287998770,928,0,928,-4,0,51,1
109,360,21.600000,43.200000,0,2,1287998776,954,0,954,-5,0,51,1
109,360,21.600000,43.200000,0,2,1287998781,988,0,988,-6,0,51,1
109,360,21.600000,43.200000,0,2,1287998787,1021,0,1021,-7,0,51,1
109,360,21.600000,43.200000,0,2,1287998793,1055,0,1055,-8,0,51,1
109,360,21.600000,43.200000,0,2,1287998798,1088,0,1088,-10,0,51,1
109,360,21.600000,43.200000,0,2,1287998804,1122,0,1122,-12,0,51,1
109,360,21.600000,43.200000,0,2,1287998809,1153,0,1153,-15,0,51,1
109,360,21.600000,43.200000,0,2,1287998815,1184,0,1184,-17,0,51,1
109,360,21.600000,43.200000,0,2,1287998821,1206,0,1206,-20,0,51,1
109,360,21.600000,43.200000,0,2,1287998827,1223,0,1223,-23,0,51,1
109,360,21.600000,43.200000,0,2,1287998833,1232,0,1232,-24,0,51,1
109,360,21.600000,43.200000,0,2,1287998838,1238,0,1238,-25,0,51,1
109,360,21.600000,43.200000,0,2,1287998844,1240,0,1240,-26,0,51,1
109,360,21.600000,43.200000,0,2,1287998850,1241,0,1241,-27,0,51,1
109,360,21.600000,43.200000,0,2,1287998855,1241,0,1241,-29,0,51,1
109,360,21.600000,43.200000,0,2,1287998861,1241,0,1241,-31,0,51,1
109,360,21.600000,43.200000,0,2,1287998867,1240,0,1240,-33,0,51,1
109,360,21.600000,43.200000,0,2,1287998872,1238,0,1238,-34,0,51,1
109,360,21.600000,43.200000,0,2,1287998878,1235,0,1235,-36,0,51,1
109,360,21.600000,43.200000,0,2,1287998883,1231,0,1231,-38,0,51,1
109,360,21.600000,43.200000,0,2,1287998889,1226,0,1226,-40,0,51,1
109,360,21.600000,43.200000,0,2,1287998895,1222,0,1222,-42,0,51,1
109,360,21.600000,43.200000,0,2,1287998900,1215,0,1215,-44,0,51,1
109,360,21.600000,43.200000,0,2,1287998906,1209,0,1209,-45,0,51,1
109,360,21.600000,43.200000,0,2,1287998912,1201,0,1201,-46,0,51,1
109,360,21.600000,43.200000,0,2,1287998917,1193,0,1193,-47,0,51,1
109,360,21.600000,43.200000,0,2,1287998923,1186,0,1186,-47,0,51,1
109,360,21.600000,43.200000,0,2,1287998929,1178,0,1178,-48,0,51,1
109,360,21.600000,43.200000,0,2,1287998934,1171,0,1171,-48,0,51,1
109,360,21.600000,43.200000,0,2,1287998940,1167,0,1167,-48,0,51,1
109,360,21.600000,43.200000,0,2,1287998945,1165,0,1165,-48,0,51,1
109,360,21.600000,43.200000,0,2,1287998951,1163,0,1163,-48,0,51,1
109,360,21.600000,43.200000,0,2,1287998956,1161,0,1161,-48,0,51,1
109,360,21.600000,43.200000,0,2,1287998962,1161,0,1161,-48,0,51,1
109,360,21.600000,43.200000,0,2,1287998967,1161,0,1161,-48,0,51,1
109,360,21.600000,43.200000,0,2,1287998973,1161,0,1161,-48,0,51,1
109,360,21.600000,43.200000,0,2,1287998979,1161,0,1161,-48,0,51,1
109,360,21.600000,43.200000,0,2,1287998985,1161,0,1161,-48,0,51,1
109,360,21.600000,43.200000,0,2,1287998990,1161,0,1161,-48,0,51,1
109,360,21.600000,43.200000,0,2,1287998996,1161,0,1161,-48,0,51,1
109,360,21.600000,43.200000,0,2,1287999001,1161,0,1161,-48,0,51,1
109,360,21.600000,43.200000,0,2,1287999008,1161,0,1161,-49,0,51,1
109,360,21.600000,43.200000,0,2,1287999014,1161,0,1161,-50,0,51,1
109,360,21.600000,43.200000,0,2,1287999020,1161,0,1161,-51,0,51,1
109,360,21.600000,43.200000,0,2,1287999026,1161,0,1161,-51,0,51,1
109,360,21.600000,43.200000,0,2,1287999032,1160,0,1160,-51,0,51,1
109,360,21.600000,43.200000,0,2,1287999038,1160,0,1160,-52,0,51,1
109,360,21.600000,43.200000,0,2,1287999043,1159,0,1159,-52,0,51,1
109,360,21.600000,43.200000,0,2,1287999050,1158,0,1158,-52,0,51,1
109,360,21.600000,43.200000,0,2,1287999055,1157,0,1157,-52,0,51,1
109,360,21.600000,43.200000,0,2,1287999061,1156,0,1156,-52,0,51,1
109,360,21.600000,43.200000,0,2,1287999066,1155,0,1155,-53,0,51,1
109,360,21.600000,43.200000,0,2,1287999072,1154,0,1154,-54,0,51,1
109,360,21.600000,43.200000,0,2,1287999077,1154,0,1154,-54,0,51,1
109,360,21.600000,43.200000,0,2,1287999083,1154,0,1154,-54,0,51,1
109,360,21.600000,43.200000,0,2,1287999089,1154,0,1154,-55,0,51,1
109,360,21.600000,43.200000,0,2,1287999094,1153,0,1153,-55,0,51,1
109,360,21.600000,43.200000,0,2,1287999100,1152,0,1152,-55,0,51,1
109,360,21.600000,43.200000,0,2,1287999106,1151,0,1151,-56,0,51,1
109,360,21.600000,43.200000,0,2,1287999112,1150,0,1150,-56,0,51,1
109,360,21.600000,43.200000,0,2,1287999117,1149,0,1149,-56,0,51,1
109,360,21.600000,43.200000,0,2,1287999123,1149,0,1149,-57,0,51,1
109,360,21.600000,43.200000,0,2,1287999128,1148,0,1148,-58,0,51,1
109,360,21.600000,43.200000,0,2,1287999134,1148,0,1148,-59,0,51,1
109,360,21.600000,43.200000,0,2,1287999139,1147,0,1147,-59,0,51,1
109,360,21.600000,43.200000,0,2,1287999145,1146,0,1146,-59,0,51,1
109,360,21.600000,43.200000,0,2,1287999151,1145,0,1145,-59,0,51,1
109,360,21.600000,43.200000,0,2,1287999156,1145,0,1145,-60,0,51,1
109,360,21.600000,43.200000,0,2,1287999162,1145,0,1145,-60,0,51,1
109,360,21.600000,43.200000,0,2,1287999167,1145,0,1145,-60,0,51,1
109,360,21.600000,43.200000,0,2,1287999173,1145,0,1145,-60,0,51,1
109,360,21.600000,43.200000,0,2,1287999178,1145,0,1145,-60,0,51,1
109,360,21.600000,43.200000,0,2,1287999184,1144,0,1144,-60,0,51,1
109,360,21.600000,43.200000,0,2,1287999189,1143,0,1143,-61,0,51,1
109,360,21.600000,43.200000,0,2,1287999195,1143,0,1143,-61,0,51,1
109,360,21.600000,43.200000,0,2,1287999201,1143,0,1143,-61,0,51,1
109,360,21.600000,43.200000,0,2,1287999207,1142,0,1142,-61,0,51,1
109,360,21.600000,43.200000,0,2,1287999212,1141,0,1141,-62,0,51,1
109,360,21.600000,43.200000,0,2,1287999218,1140,0,1140,-63,0,51,1
109,360,21.600000,43.200000,0,2,1287999224,1140,0,1140,-63,0,51,1
109,360,21.600000,43.200000,0,2,1287999229,1140,0,1140,-63,0,51,1
109,360,21.600000,43.200000,0,2,1287999236,1140,0,1140,-63,0,51,1
109,360,21.600000,43.200000,0,2,1287999244,1140,0,1140,-63,0,51,1
109,360,21.600000,43.200000,0,2,1287999249,1140,0,1140,-63,0,51,1
109,360,21.600000,43.200000,0,2,1287999255,1140,0,1140,-63,0,51,1
109,360,21.600000,43.200000,0,2,1287999261,1140,0,1140,-63,0,51,1
109,360,21.600000,43.200000,0,2,1287999267,1140,0,1140,-63,0,51,1
109,360,21.600000,43.200000,0,2,1287999273,1140,0,1140,-63,0,51,1
109,360,21.600000,43.200000,0,2,1287999279,1140,0,1140,-64,0,51,1
109,360,21.600000,43.200000,0,2,1287999284,1140,0,1140,-65,0,51,1
109,360,21.600000,43.200000,0,2,1287999298,1140,0,1140,-66,0,51,1
