109,360,21.600000,10000.000000,0,3,1288510123,783,0,783,0,0,103,5
109,360,21.600000,10000.000000,0,3,1288510125,783,0,783,0,0,103,5
109,360,21.600000,10000.000000,0,3,1288510130,784,0,784,0,0,103,5
109,360,21.600000,10000.000000,0,3,1288510136,785,1,785,1,0,103,5
109,360,21.600000,10000.000000,0,3,1288510141,786,2,786,2,0,103,5
109,360,21.600000,10000.000000,0,3,1288510147,786,2,786,2,0,103,5
109,360,21.600000,10000.000000,0,3,1288510152,786,2,786,2,0,103,5
109,360,21.600000,10000.000000,0,3,1288510157,786,2,786,2,0,103,5
109,360,21.600000,10000.000000,0,3,1288510163,786,2,786,2,0,103,5
109,360,21.600000,10000.000000,0,3,1288510168,786,2,786,2,0,103,5
109,360,21.600000,10000.000000,0,3,1288510174,786,2,786,2,0,103,5
109,360,21.600000,10000.000000,0,3,1288510180,786,2,786,2,0,103,5
109,360,21.600000,10000.000000,0,3,1288510185,787,2,787,2,0,103,5
109,360,21.600000,10000.000000,0,3,1288510192,791,1,791,1,0,103,5
109,360,21.600000,10000.000000,0,3,1288510197,797,0,797,-1,0,103,5
109,360,21.600000,10000.000000,0,3,1288510203,807,0,807,-3,0,103,5
109,360,21.600000,10000.000000,0,3,1288510208,819,0,819,-5,0,103,5
109,360,21.600000,10000.000000,0,3,1288510214,839,0,839,-8,0,103,5
109,360,21.600000,10000.000000,0,3,1288510220,856,0,856,-10,0,103,5
109,360,21.600000,10000.000000,0,3,1288510225,879,0,879,-13,0,103,5
109,360,21.600000,10000.000000,0,3,1288510231,904,0,904,-16,0,103,5
109,360,21.600000,10000.000000,0,3,1288510237,931,0,931,-18,0,103,5
109,360,21.600000,10000.000000,0,3,1288510242,958,0,958,-20,0,103,5
109,360,21.600000,10000.000000,0,3,1288510248,992,0,992,-22,0,103,5
109,360,21.600000,10000.000000,0,3,1288510254,1025,0,1025,-25,0,103,5
109,360,21.600000,10000.000000,0,3,1288510260,1051,0,1051,-26,0,103,5
109,360,21.600000,10000.000000,0,3,1288510266,1089,0,1089,-28,0,103,5
109,360,21.600000,10000.000000,0,3,1288510271,1123,0,1123,-29,0,103,5
109,360,21.600000,10000.000000,0,3,1288510276,1144,0,1144,-30,0,103,5
109,360,21.600000,10000.000000,0,3,1288510282,1172,0,1172,-31,0,103,5
109,360,21.600000,10000.000000,0,3,1288510288,1191,0,1191,-31,0,103,5
109,360,21.600000,10000.000000,0,3,1288510294,1212,0,1212,-32,0,103,5
109,360,21.600000,10000.000000,0,3,1288510302,1224,0,1224,-32,0,103,5
109,360,21.600000,10000.000000,0,3,1288510308,1229,0,1229,-32,0,103,5
109,360,21.600000,10000.000000,0,3,1288510314,1230,0,1230,-32,0,103,5
109,360,21.600000,10000.000000,0,3,1288510319,1231,0,1231,-32,0,103,5
109,360,21.600000,10000.000000,0,3,1288510325,1228,0,1228,-33,0,103,5
109,360,21.600000,10000.000000,0,3,1288510331,1226,0,1226,-34,0,103,5
109,360,21.600000,10000.000000,0,3,1288510336,1224,0,1224,-35,0,103,5
109,360,21.600000,10000.000000,0,3,1288510342,1221,0,1221,-35,0,103,5
109,360,21.600000,10000.000000,0,3,1288510348,1218,0,1218,-36,0,103,5
109,360,21.600000,10000.000000,0,3,1288510354,1214,0,1214,-37,0,103,5
109,360,21.600000,10000.000000,0,3,1288510360,1211,0,1211,-38,0,103,5
109,360,21.600000,10000.000000,0,3,1288510365,1209,0,1209,-38,0,103,5
109,360,21.600000,10000.000000,0,3,1288510371,1208,0,1208,-38,0,103,5
109,360,21.600000,10000.000000,0,3,1288510377,1207,0,1207,-39,0,103,5
109,360,21.600000,10000.000000,0,3,1288510382,1206,0,1206,-39,0,103,5
109,360,21.600000,10000.000000,0,3,1288510388,1205,0,1205,-39,0,103,5
109,360,21.600000,10000.000000,0,3,1288510393,1204,0,1204,-39,0,103,5
109,360,21.600000,10000.000000,0,3,1288510399,1203,0,1203,-40,0,103,5
109,360,21.600000,10000.000000,0,3,1288510404,1202,0,1202,-40,0,103,5
109,360,21.600000,10000.000000,0,3,1288510410,1200,0,1200,-40,0,103,5
109,360,21.600000,10000.000000,0,3,1288510416,1198,0,1198,-40,0,103,5
109,360,21.600000,10000.000000,0,3,1288510421,1195,0,1195,-40,0,103,5
109,360,21.600000,10000.000000,0,3,1288510427,1192,0,1192,-40,0,103,5
109,360,21.600000,10000.000000,0,3,1288510432,1189,0,1189,-40,0,103,5
109,360,21.600000,10000.000000,0,3,1288510438,1185,0,1185,-40,0,103,5
109,360,21.600000,10000.000000,0,3,1288510444,1181,0,1181,-40,0,103,5
109,360,21.600000,10000.000000,0,3,1288510449,1177,0,1177,-40,0,103,5
109,360,21.600000,10000.000000,0,3,1288510455,1172,0,1172,-41,0,103,5
109,360,21.600000,10000.000000,0,3,1288510460,1169,0,1169,-41,0,103,5
109,360,21.600000,10000.000000,0,3,1288510466,1166,0,1166,-41,0,103,5
109,360,21.600000,10000.000000,0,3,1288510472,1165,0,1165,-41,0,103,5
109,360,21.600000,10000.000000,0,3,1288510478,1165,0,1165,-42,0,103,5
109,360,21.600000,10000.000000,0,3,1288510483,1165,0,1165,-42,0,103,5
109,360,21.600000,10000.000000,0,3,1288510489,1165,0,1165,-42,0,103,5
109,360,21.600000,10000.000000,0,3,1288510494,1165,0,1165,-42,0,103,5
109,360,21.600000,10000.000000,0,3,1288510501,1164,0,1164,-42,0,103,5
109,360,21.600000,10000.000000,0,3,1288510507,1162,0,1162,-42,0,103,5
109,360,21.600000,10000.000000,0,3,1288510513,1159,0,1159,-42,0,103,5
109,360,21.600000,10000.000000,0,3,1288510518,1156,0,1156,-42,0,103,5
109,360,21.600000,10000.000000,0,3,1288510524,1152,1,1152,-41,0,103,5
109,360,21.600000,10000.000000,0,3,1288510530,1148,2,1148,-40,0,103,5
109,360,21.600000,10000.000000,0,3,1288510535,1146,2,1146,-40,0,103,5
109,360,21.600000,10000.000000,0,3,1288510541,1143,3,1143,-39,0,103,5
109,360,21.600000,10000.000000,0,3,1288510547,1140,3,1140,-39,0,103,5
109,360,21.600000,10000.000000,0,3,1288510553,1139,3,1139,-39,0,103,5
109,360,21.600000,10000.000000,0,3,1288510558,1138,3,1138,-39,0,103,5
109,360,21.600000,10000.000000,0,3,1288510564,1138,3,1138,-39,0,103,5
109,360,21.600000,10000.000000,0,3,1288510570,1138,3,1138,-39,0,103,5
109,360,21.600000,10000.000000,0,3,1288510575,1138,3,1138,-39,0,103,5
109,360,21.600000,10000.000000,0,3,1288510580,1138,3,1138,-39,0,103,5
109,360,21.600000,10000.000000,0,3,1288510586,1138,3,1138,-39,0,103,5
109,360,21.600000,10000.000000,0,3,1288510591,1138,3,1138,-39,0,103,5
109,360,21.600000,10000.000000,0,3,1288510597,1138,2,1138,-40,0,103,5
109,360,21.600000,10000.000000,0,3,1288510602,1137,2,1137,-40,0,103,5
109,360,21.600000,10000.000000,0,3,1288510608,1136,2,1136,-40,0,103,5
109,360,21.600000,10000.000000,0,3,1288510614,1136,1,1136,-41,0,103,5
109,360,21.600000,10000.000000,0,3,1288510619,1135,1,1135,-41,0,103,5
109,360,21.600000,10000.000000,0,3,1288510624,1134,1,1134,-41,0,103,5
109,360,21.600000,10000.000000,0,3,1288510630,1134,1,1134,-41,0,103,5
109,360,21.600000,10000.000000,0,3,1288510635,1134,1,1134,-41,0,103,5
109,360,21.600000,10000.000000,0,3,1288510641,1134,1,1134,-41,0,103,5
109,360,21.600000,10000.000000,0,3,1288510646,1134,1,1134,-41,0,103,5
109,360,21.600000,10000.000000,0,3,1288510652,1134,1,1134,-41,0,103,5
109,360,21.600000,10000.000000,0,3,1288510657,1134,1,1134,-41,0,103,5
109,360,21.600000,10000.000000,0,3,1288510663,1134,1,1134,-41,0,103,5
109,360,21.600000,10000.000000,0,3,1288510668,1134,1,1134,-41,0,103,5
109,360,21.600000,10000.000000,0,3,1288510674,1134,1,1134,-41,0,103,5
109,360,21.600000,10000.000000,0,3,1288510680,1134,1,1134,-41,0,103,5
109,360,21.600000,10000.000000,0,3,1288510686,1134,1,1134,-41,0,103,5
109,360,21.600000,10000.000000,0,3,1288510692,1134,1,1134,-41,0,103,5
109,360,21.600000,10000.000000,0,3,1288510706,1134,1,1134,-41,0,103,5
