109,720,21.600000,0.000000,0,0,1287532986,593,0,593,0,0,6,3
109,720,21.600000,0.000000,0,0,1287532987,593,0,593,0,0,6,3
109,720,21.600000,0.000000,0,0,1287532992,593,0,593,0,0,6,3
109,720,21.600000,0.000000,0,0,1287532998,593,0,593,0,0,6,3
109,720,21.600000,0.000000,0,0,1287533003,593,0,593,0,0,6,3
109,720,21.600000,0.000000,0,0,1287533009,593,0,593,0,0,6,3
109,720,21.600000,0.000000,0,0,1287533015,593,0,593,0,0,6,3
109,720,21.600000,0.000000,0,0,1287533020,593,0,593,0,0,6,3
109,720,21.600000,0.000000,0,0,1287533026,593,0,593,0,0,6,3
109,720,21.600000,0.000000,0,0,1287533032,593,0,593,0,0,6,3
109,720,21.600000,0.000000,0,0,1287533037,593,0,593,0,0,6,3
109,720,21.600000,0.000000,0,0,1287533043,593,0,593,0,0,6,3
109,720,21.600000,0.000000,0,0,1287533048,593,0,593,0,0,6,3
109,720,21.600000,0.000000,0,0,1287533053,593,0,593,0,0,6,3
109,720,21.600000,0.000000,0,0,1287533059,593,0,593,0,0,6,3
109,720,21.600000,0.000000,0,0,1287533065,593,0,593,0,0,6,3
109,720,21.600000,0.000000,0,0,1287533071,595,0,595,0,0,6,3
109,720,21.600000,0.000000,0,0,1287533078,598,0,598,0,0,6,3
109,720,21.600000,0.000000,0,0,1287533084,603,0,603,-1,0,6,3
109,720,21.600000,0.000000,0,0,1287533089,609,0,609,-3,0,6,3
109,720,21.600000,0.000000,0,0,1287533095,616,0,616,-5,0,6,3
109,720,21.600000,0.000000,0,0,1287533101,622,0,622,-7,0,6,3
109,720,21.600000,0.000000,0,0,1287533106,634,0,634,-10,0,6,3
109,720,21.600000,0.000000,0,0,1287533112,646,0,646,-13,0,6,3
109,720,21.600000,0.000000,0,0,1287533117,660,0,660,-17,0,6,3
109,720,21.600000,0.000000,0,0,1287533123,675,0,675,-21,0,6,3
109,720,21.600000,0.000000,0,0,1287533129,692,0,692,-24,0,6,3
109,720,21.600000,0.000000,0,0,1287533135,712,0,712,-28,0,6,3
109,720,21.600000,0.000000,0,0,1287533140,740,0,740,-33,0,6,3
109,720,21.600000,0.000000,0,0,1287533146,774,0,774,-38,0,6,3
109,720,21.600000,0.000000,0,0,1287533152,818,0,818,-44,0,6,3
109,720,21.600000,0.000000,0,0,1287533157,852,0,852,-47,0,6,3
109,720,21.600000,0.000000,0,0,1287533163,904,0,904,-51,0,6,3
109,720,21.600000,0.000000,0,0,1287533169,951,0,951,-53,0,6,3
109,720,21.600000,0.000000,0,0,1287533174,1002,0,1002,-55,0,6,3
109,720,21.600000,0.000000,0,0,1287533181,1049,0,1049,-56,0,6,3
109,720,21.600000,0.000000,0,0,1287533187,1108,0,1108,-58,0,6,3
109,720,21.600000,0.000000,0,0,1287533193,1154,0,1154,-59,0,6,3
109,720,21.600000,0.000000,0,0,1287533199,1196,0,1196,-61,0,6,3
109,720,21.600000,0.000000,0,0,1287533205,1235,0,1235,-63,0,6,3
109,720,21.600000,0.000000,0,0,1287533211,1269,0,1269,-64,0,6,3
109,720,21.600000,0.000000,0,0,1287533217,1302,0,1302,-65,0,6,3
109,720,21.600000,0.000000,0,0,1287533222,1336,0,1336,-67,0,6,3
109,720,21.600000,0.000000,0,0,1287533228,1365,0,1365,-69,0,6,3
109,720,21.600000,0.000000,0,0,1287533234,1382,0,1382,-70,0,6,3
109,720,21.600000,0.000000,0,0,1287533239,1403,0,1403,-72,0,6,3
109,720,21.600000,0.000000,0,0,1287533245,1410,0,1410,-73,0,6,3
109,720,21.600000,0.000000,0,0,1287533251,1411,0,1411,-73,0,6,3
109,720,21.600000,0.000000,0,0,1287533256,1411,0,1411,-74,0,6,3
109,720,21.600000,0.000000,0,0,1287533262,1411,0,1411,-75,0,6,3
109,720,21.600000,0.000000,0,0,1287533268,1409,0,1409,-76,0,6,3
109,720,21.600000,0.000000,0,0,1287533274,1405,0,1405,-77,0,6,3
109,720,21.600000,0.000000,0,0,1287533280,1400,0,1400,-78,0,6,3
109,720,21.600000,0.000000,0,0,1287533285,1395,0,1395,-79,0,6,3
109,720,21.600000,0.000000,0,0,1287533291,1389,0,1389,-80,0,6,3
109,720,21.600000,0.000000,0,0,1287533298,1382,0,1382,-81,0,6,3
109,720,21.600000,0.000000,0,0,1287533303,1374,0,1374,-82,0,6,3
109,720,21.600000,0.000000,0,0,1287533309,1368,0,1368,-83,0,6,3
109,720,21.600000,0.000000,0,0,1287533316,1363,0,1363,-84,0,6,3
109,720,21.600000,0.000000,0,0,1287533322,1357,0,1357,-85,0,6,3
109,720,21.600000,0.000000,0,0,1287533328,1353,0,1353,-86,0,6,3
109,720,21.600000,0.000000,0,0,1287533333,1351,0,1351,-87,0,6,3
109,720,21.600000,0.000000,0,0,1287533339,1350,0,1350,-87,0,6,3
109,720,21.600000,0.000000,0,0,1287533344,1349,0,1349,-87,0,6,3
109,720,21.600000,0.000000,0,0,1287533350,1349,0,1349,-87,0,6,3
109,720,21.600000,0.000000,0,0,1287533356,1349,0,1349,-87,0,6,3
109,720,21.600000,0.000000,0,0,1287533361,1349,0,1349,-87,0,6,3
109,720,21.600000,0.000000,0,0,1287533366,1349,0,1349,-87,0,6,3
109,720,21.600000,0.000000,0,0,1287533372,1349,0,1349,-87,0,6,3
109,720,21.600000,0.000000,0,0,1287533378,1349,0,1349,-87,0,6,3
109,720,21.600000,0.000000,0,0,1287533384,1349,0,1349,-87,0,6,3
109,720,21.600000,0.000000,0,0,1287533389,1349,0,1349,-88,0,6,3
109,720,21.600000,0.000000,0,0,1287533395,1348,0,1348,-88,0,6,3
109,720,21.600000,0.000000,0,0,1287533401,1346,0,1346,-89,0,6,3
109,720,21.600000,0.000000,0,0,1287533407,1343,0,1343,-90,0,6,3
109,720,21.600000,0.000000,0,0,1287533412,1339,0,1339,-91,0,6,3
109,720,21.600000,0.000000,0,0,1287533418,1335,0,1335,-93,0,6,3
109,720,21.600000,0.000000,0,0,1287533423,1331,0,1331,-94,0,6,3
109,720,21.600000,0.000000,0,0,1287533429,1326,0,1326,-95,0,6,3
109,720,21.600000,0.000000,0,0,1287533435,1322,0,1322,-96,0,6,3
109,720,21.600000,0.000000,0,0,1287533441,1320,0,1320,-97,0,6,3
109,720,21.600000,0.000000,0,0,1287533449,1319,0,1319,-98,0,6,3
109,720,21.600000,0.000000,0,0,1287533455,1319,0,1319,-98,0,6,3
109,720,21.600000,0.000000,0,0,1287533461,1319,0,1319,-99,0,6,3
109,720,21.600000,0.000000,0,0,1287533467,1319,0,1319,-99,0,6,3
109,720,21.600000,0.000000,0,0,1287533472,1319,0,1319,-99,0,6,3
109,720,21.600000,0.000000,0,0,1287533478,1319,0,1319,-99,0,6,3
109,720,21.600000,0.000000,0,0,1287533484,1319,0,1319,-99,0,6,3
109,720,21.600000,0.000000,0,0,1287533489,1318,0,1318,-100,0,6,3
109,720,21.600000,0.000000,0,0,1287533495,1317,0,1317,-101,0,6,3
109,720,21.600000,0.000000,0,0,1287533500,1316,0,1316,-101,0,6,3
109,720,21.600000,0.000000,0,0,1287533506,1315,0,1315,-101,0,6,3
109,720,21.600000,0.000000,0,0,1287533512,1315,0,1315,-102,0,6,3
109,720,21.600000,0.000000,0,0,1287533517,1314,0,1314,-102,0,6,3
109,720,21.600000,0.000000,0,0,1287533523,1313,0,1313,-102,0,6,3
109,720,21.600000,0.000000,0,0,1287533528,1312,0,1312,-102,0,6,3
109,720,21.600000,0.000000,0,0,1287533534,1312,0,1312,-102,0,6,3
109,720,21.600000,0.000000,0,0,1287533539,1312,0,1312,-102,0,6,3
109,720,21.600000,0.000000,0,0,1287533545,1312,0,1312,-102,0,6,3
109,720,21.600000,0.000000,0,0,1287533550,1312,0,1312,-102,0,6,3
109,720,21.600000,0.000000,0,0,1287533556,1312,0,1312,-102,0,6,3
109,720,21.600000,0.000000,0,0,1287533562,1312,0,1312,-102,0,6,3
109,720,21.600000,0.000000,0,0,1287533567,1312,0,1312,-102,0,6,3
109,720,21.600000,0.000000,0,0,1287533573,1312,0,1312,-102,0,6,3
109,720,21.600000,0.000000,0,0,1287533578,1312,0,1312,-102,0,6,3
109,720,21.600000,0.000000,0,0,1287533584,1312,0,1312,-102,0,6,3
109,720,21.600000,0.000000,0,0,1287533589,1312,0,1312,-102,0,6,3
109,720,21.600000,0.000000,0,0,1287533595,1312,0,1312,-102,0,6,3
109,720,21.600000,0.000000,0,0,1287533600,1312,0,1312,-102,0,6,3
109,720,21.600000,0.000000,0,0,1287533606,1312,0,1312,-102,0,6,3
109,720,21.600000,0.000000,0,0,1287533611,1312,0,1312,-102,0,6,3
109,720,21.600000,0.000000,0,0,1287533617,1312,0,1312,-102,0,6,3
109,720,21.600000,0.000000,0,0,1287533622,1312,0,1312,-102,0,6,3
109,720,21.600000,0.000000,0,0,1287533628,1312,0,1312,-102,0,6,3
109,720,21.600000,0.000000,0,0,1287533634,1312,0,1312,-102,0,6,3
109,720,21.600000,0.000000,0,0,1287533639,1312,0,1312,-102,0,6,3
109,720,21.600000,0.000000,0,0,1287533645,1312,0,1312,-102,0,6,3
109,720,21.600000,0.000000,0,0,1287533650,1312,0,1312,-102,0,6,3
109,720,21.600000,0.000000,0,0,1287533656,1312,0,1312,-102,0,6,3
109,720,21.600000,0.000000,0,0,1287533661,1312,0,1312,-102,0,6,3
109,720,21.600000,0.000000,0,0,1287533667,1312,0,1312,-102,0,6,3
109,720,21.600000,0.000000,0,0,1287533672,1312,0,1312,-102,0,6,3
109,720,21.600000,0.000000,0,0,1287533677,1312,0,1312,-102,0,6,3
109,720,21.600000,0.000000,0,0,1287533683,1312,0,1312,-102,0,6,3
109,720,21.600000,0.000000,0,0,1287533689,1312,0,1312,-102,0,6,3
109,720,21.600000,0.000000,0,0,1287533695,1312,0,1312,-102,0,6,3
109,720,21.600000,0.000000,0,0,1287533701,1312,0,1312,-102,0,6,3
109,720,21.600000,0.000000,0,0,1287533712,1312,0,1312,-102,0,6,3
