109,720,21.600000,43.200000,1,3,1288654470,604,7,604,7,0,118,4
109,720,21.600000,43.200000,1,3,1288654472,604,7,604,7,0,118,4
109,720,21.600000,43.200000,1,3,1288654478,604,8,604,8,0,118,4
109,720,21.600000,43.200000,1,3,1288654484,605,8,605,8,0,118,4
109,720,21.600000,43.200000,1,3,1288654490,606,8,606,8,0,118,4
109,720,21.600000,43.200000,1,3,1288654495,606,8,606,8,0,118,4
109,720,21.600000,43.200000,1,3,1288654501,607,8,607,8,0,118,4
109,720,21.600000,43.200000,1,3,1288654506,608,8,608,8,0,118,4
109,720,21.600000,43.200000,1,3,1288654512,608,8,608,8,0,118,4
109,720,21.600000,43.200000,1,3,1288654517,609,8,609,8,0,118,4
109,720,21.600000,43.200000,1,3,1288654523,610,8,610,8,0,118,4
109,720,21.600000,43.200000,1,3,1288654528,610,9,610,9,0,118,4
109,720,21.600000,43.200000,1,3,1288654534,610,10,610,10,0,118,4
109,720,21.600000,43.200000,1,3,1288654540,610,11,610,11,0,118,4
109,720,21.600000,43.200000,1,3,1288654545,610,11,610,11,0,118,4
109,720,21.600000,43.200000,1,3,1288654551,610,11,610,11,0,118,4
109,720,21.600000,43.200000,1,3,1288654557,611,11,611,11,0,118,4
109,720,21.600000,43.200000,1,3,1288654562,612,11,612,11,0,118,4
109,720,21.600000,43.200000,1,3,1288654568,614,11,614,11,0,118,4
109,720,21.600000,43.200000,1,3,1288654573,618,12,618,12,0,118,4
109,720,21.600000,43.200000,1,3,1288654579,627,13,627,13,0,118,4
109,720,21.600000,43.200000,1,3,1288654585,638,14,638,14,0,118,4
109,720,21.600000,43.200000,1,3,1288654591,652,16,652,16,0,118,4
109,720,21.600000,43.200000,1,3,1288654597,672,17,672,17,0,118,4
109,720,21.600000,43.200000,1,3,1288654602,697,19,697,19,0,118,4
109,720,21.600000,43.200000,1,3,1288654608,715,20,715,20,0,118,4
109,720,21.600000,43.200000,1,3,1288654613,747,22,747,22,0,118,4
109,720,21.600000,43.200000,1,3,1288654619,767,24,767,24,0,118,4
109,720,21.600000,43.200000,1,3,1288654625,801,26,801,26,0,118,4
109,720,21.600000,43.200000,1,3,1288654630,844,30,844,30,0,118,4
109,720,21.600000,43.200000,1,3,1288654635,877,33,877,33,0,118,4
109,720,21.600000,43.200000,1,3,1288654641,919,36,919,36,0,118,4
109,720,21.600000,43.200000,1,3,1288654647,962,38,962,38,0,118,4
109,720,21.600000,43.200000,1,3,1288654652,1009,40,1009,40,0,118,4
109,720,21.600000,43.200000,1,3,1288654658,1047,41,1047,41,0,118,4
109,720,21.600000,43.200000,1,3,1288654664,1085,43,1085,43,0,118,4
109,720,21.600000,43.200000,1,3,1288654669,1127,44,1127,44,0,118,4
109,720,21.600000,43.200000,1,3,1288654675,1153,44,1153,44,0,118,4
109,720,21.600000,43.200000,1,3,1288654681,1195,44,1195,44,0,118,4
109,720,21.600000,43.200000,1,3,1288654686,1219,44,1219,44,0,118,4
109,720,21.600000,43.200000,1,3,1288654692,1243,44,1243,44,0,118,4
109,720,21.600000,43.200000,1,3,1288654697,1265,43,1265,43,0,118,4
109,720,21.600000,43.200000,1,3,1288654703,1277,42,1277,42,0,118,4
109,720,21.600000,43.200000,1,3,1288654709,1286,41,1286,41,0,118,4
109,720,21.600000,43.200000,1,3,1288654715,1290,39,1290,39,0,118,4
109,720,21.600000,43.200000,1,3,1288654721,1291,38,1291,38,0,118,4
109,720,21.600000,43.200000,1,3,1288654727,1291,37,1291,37,0,118,4
109,720,21.600000,43.200000,1,3,1288654732,1291,35,1291,35,0,118,4
109,720,21.600000,43.200000,1,3,1288654738,1291,34,1291,34,0,118,4
109,720,21.600000,43.200000,1,3,1288654744,1290,33,1290,33,0,118,4
109,720,21.600000,43.200000,1,3,1288654750,1288,32,1288,32,0,118,4
109,720,21.600000,43.200000,1,3,1288654755,1287,31,1287,31,0,118,4
109,720,21.600000,43.200000,1,3,1288654760,1286,31,1286,31,0,118,4
109,720,21.600000,43.200000,1,3,1288654766,1286,30,1286,30,0,118,4
109,720,21.600000,43.200000,1,3,1288654772,1286,29,1286,29,0,118,4
109,720,21.600000,43.200000,1,3,1288654777,1285,29,1285,29,0,118,4
109,720,21.600000,43.200000,1,3,1288654783,1284,29,1284,29,0,118,4
109,720,21.600000,43.200000,1,3,1288654788,1283,29,1283,29,0,118,4
109,720,21.600000,43.200000,1,3,1288654794,1283,29,1283,29,0,118,4
109,720,21.600000,43.200000,1,3,1288654800,1284,29,1284,29,0,118,4
109,720,21.600000,43.200000,1,3,1288654805,1285,29,1285,29,0,118,4
109,720,21.600000,43.200000,1,3,1288654811,1287,28,1287,28,0,118,4
109,720,21.600000,43.200000,1,3,1288654816,1288,28,1288,28,0,118,4
109,720,21.600000,43.200000,1,3,1288654822,1289,28,1289,28,0,118,4
109,720,21.600000,43.200000,1,3,1288654827,1291,28,1291,28,0,118,4
109,720,21.600000,43.200000,1,3,1288654833,1293,27,1293,27,0,118,4
109,720,21.600000,43.200000,1,3,1288654839,1295,25,1295,25,0,118,4
109,720,21.600000,43.200000,1,3,1288654844,1298,23,1298,23,0,118,4
109,720,21.600000,43.200000,1,3,1288654851,1303,22,1303,22,0,118,4
109,720,21.600000,43.200000,1,3,1288654857,1309,21,1309,21,0,118,4
109,720,21.600000,43.200000,1,3,1288654863,1313,21,1313,21,0,118,4
109,720,21.600000,43.200000,1,3,1288654869,1316,21,1316,21,0,118,4
109,720,21.600000,43.200000,1,3,1288654875,1318,21,1318,21,0,118,4
109,720,21.600000,43.200000,1,3,1288654880,1319,21,1319,21,0,118,4
109,720,21.600000,43.200000,1,3,1288654885,1320,21,1320,21,0,118,4
109,720,21.600000,43.200000,1,3,1288654891,1321,21,1321,21,0,118,4
109,720,21.600000,43.200000,1,3,1288654898,1321,21,1321,21,0,118,4
109,720,21.600000,43.200000,1,3,1288654904,1320,21,1320,21,0,118,4
109,720,21.600000,43.200000,1,3,1288654910,1319,21,1319,21,0,118,4
109,720,21.600000,43.200000,1,3,1288654915,1317,21,1317,21,0,118,4
109,720,21.600000,43.200000,1,3,1288654921,1316,21,1316,21,0,118,4
109,720,21.600000,43.200000,1,3,1288654926,1315,21,1315,21,0,118,4
109,720,21.600000,43.200000,1,3,1288654932,1315,21,1315,21,0,118,4
109,720,21.600000,43.200000,1,3,1288654937,1315,21,1315,21,0,118,4
109,720,21.600000,43.200000,1,3,1288654942,1315,21,1315,21,0,118,4
109,720,21.600000,43.200000,1,3,1288654948,1315,21,1315,21,0,118,4
109,720,21.600000,43.200000,1,3,1288654953,1315,21,1315,21,0,118,4
109,720,21.600000,43.200000,1,3,1288654960,1316,20,1316,20,0,118,4
109,720,21.600000,43.200000,1,3,1288654965,1317,20,1317,20,0,118,4
109,720,21.600000,43.200000,1,3,1288654971,1318,20,1318,20,0,118,4
109,720,21.600000,43.200000,1,3,1288654977,1319,19,1319,19,0,118,4
109,720,21.600000,43.200000,1,3,1288654982,1320,19,1320,19,0,118,4
109,720,21.600000,43.200000,1,3,1288654988,1321,18,1321,18,0,118,4
109,720,21.600000,43.200000,1,3,1288654994,1322,17,1322,17,0,118,4
109,720,21.600000,43.200000,1,3,1288655000,1322,17,1322,17,0,118,4
109,720,21.600000,43.200000,1,3,1288655005,1322,17,1322,17,0,118,4
109,720,21.600000,43.200000,1,3,1288655010,1322,17,1322,17,0,118,4
109,720,21.600000,43.200000,1,3,1288655016,1322,17,1322,17,0,118,4
109,720,21.600000,43.200000,1,3,1288655021,1322,17,1322,17,0,118,4
109,720,21.600000,43.200000,1,3,1288655027,1322,17,1322,17,0,118,4
109,720,21.600000,43.200000,1,3,1288655032,1322,17,1322,17,0,118,4
109,720,21.600000,43.200000,1,3,1288655038,1322,17,1322,17,0,118,4
109,720,21.600000,43.200000,1,3,1288655043,1322,17,1322,17,0,118,4
109,720,21.600000,43.200000,1,3,1288655049,1322,17,1322,17,0,118,4
109,720,21.600000,43.200000,1,3,1288655054,1322,17,1322,17,0,118,4
109,720,21.600000,43.200000,1,3,1288655060,1322,17,1322,17,0,118,4
109,720,21.600000,43.200000,1,3,1288655065,1322,17,1322,17,0,118,4
109,720,21.600000,43.200000,1,3,1288655070,1323,17,1323,17,0,118,4
109,720,21.600000,43.200000,1,3,1288655076,1324,17,1324,17,0,118,4
109,720,21.600000,43.200000,1,3,1288655082,1324,17,1324,17,0,118,4
109,720,21.600000,43.200000,1,3,1288655087,1324,17,1324,17,0,118,4
109,720,21.600000,43.200000,1,3,1288655093,1324,17,1324,17,0,118,4
109,720,21.600000,43.200000,1,3,1288655099,1324,17,1324,17,0,118,4
109,720,21.600000,43.200000,1,3,1288655104,1324,17,1324,17,0,118,4
109,720,21.600000,43.200000,1,3,1288655123,1324,17,1324,17,0,118,4
