109,720,21.600000,43.200000,0,3,1288539090,591,0,591,0,0,106,3
109,720,21.600000,43.200000,0,3,1288539092,591,0,591,0,0,106,3
109,720,21.600000,43.200000,0,3,1288539097,591,0,591,0,0,106,3
109,720,21.600000,43.200000,0,3,1288539103,591,0,591,0,0,106,3
109,720,21.600000,43.200000,0,3,1288539108,591,0,591,0,0,106,3
109,720,21.600000,43.200000,0,3,1288539114,591,0,591,0,0,106,3
109,720,21.600000,43.200000,0,3,1288539120,591,0,591,0,0,106,3
109,720,21.600000,43.200000,0,3,1288539125,591,0,591,0,0,106,3
109,720,21.600000,43.200000,0,3,1288539131,591,0,591,0,0,106,3
109,720,21.600000,43.200000,0,3,1288539136,591,0,591,0,0,106,3
109,720,21.600000,43.200000,0,3,1288539142,591,0,591,0,0,106,3
109,720,21.600000,43.200000,0,3,1288539148,591,0,591,0,0,106,3
109,720,21.600000,43.200000,0,3,1288539154,592,0,592,0,0,106,3
109,720,21.600000,43.200000,0,3,1288539160,594,1,594,1,0,106,3
109,720,21.600000,43.200000,0,3,1288539165,598,2,598,2,0,106,3
109,720,21.600000,43.200000,0,3,1288539171,606,3,606,3,0,106,3
109,720,21.600000,43.200000,0,3,1288539176,616,4,616,4,0,106,3
109,720,21.600000,43.200000,0,3,1288539182,632,4,632,4,0,106,3
109,720,21.600000,43.200000,0,3,1288539188,653,4,653,4,0,106,3
109,720,21.600000,43.200000,0,3,1288539196,673,3,673,3,0,106,3
109,720,21.600000,43.200000,0,3,1288539202,723,0,723,-1,0,106,3
109,720,21.600000,43.200000,0,3,1288539208,757,0,757,-4,0,106,3
109,720,21.600000,43.200000,0,3,1288539214,808,0,808,-8,0,106,3
109,720,21.600000,43.200000,0,3,1288539220,850,0,850,-12,0,106,3
109,720,21.600000,43.200000,0,3,1288539226,897,0,897,-17,0,106,3
109,720,21.600000,43.200000,0,3,1288539231,941,0,941,-21,0,106,3
109,720,21.600000,43.200000,0,3,1288539237,987,0,987,-25,0,106,3
109,720,21.600000,43.200000,0,3,1288539242,1039,0,1039,-30,0,106,3
109,720,21.600000,43.200000,0,3,1288539248,1086,0,1086,-35,0,106,3
109,720,21.600000,43.200000,0,3,1288539253,1137,0,1137,-41,0,106,3
109,720,21.600000,43.200000,0,3,1288539259,1183,0,1183,-45,0,106,3
109,720,21.600000,43.200000,0,3,1288539265,1233,0,1233,-50,0,106,3
109,720,21.600000,43.200000,0,3,1288539271,1273,0,1273,-54,0,106,3
109,720,21.600000,43.200000,0,3,1288539276,1307,0,1307,-57,0,106,3
109,720,21.600000,43.200000,0,3,1288539282,1336,0,1336,-59,0,106,3
109,720,21.600000,43.200000,0,3,1288539288,1362,0,1362,-61,0,106,3
109,720,21.600000,43.200000,0,3,1288539293,1375,0,1375,-62,0,106,3
109,720,21.600000,43.200000,0,3,1288539299,1382,0,1382,-63,0,106,3
109,720,21.600000,43.200000,0,3,1288539304,1383,0,1383,-63,0,106,3
109,720,21.600000,43.200000,0,3,1288539310,1383,0,1383,-64,0,106,3
109,720,21.600000,43.200000,0,3,1288539316,1380,0,1380,-65,0,106,3
109,720,21.600000,43.200000,0,3,1288539322,1376,0,1376,-66,0,106,3
109,720,21.600000,43.200000,0,3,1288539328,1372,0,1372,-67,0,106,3
109,720,21.600000,43.200000,0,3,1288539334,1364,0,1364,-69,0,106,3
109,720,21.600000,43.200000,0,3,1288539339,1356,0,1356,-70,0,106,3
109,720,21.600000,43.200000,0,3,1288539345,1350,0,1350,-71,0,106,3
109,720,21.600000,43.200000,0,3,1288539350,1342,0,1342,-72,0,106,3
109,720,21.600000,43.200000,0,3,1288539356,1336,0,1336,-73,0,106,3
109,720,21.600000,43.200000,0,3,1288539361,1332,0,1332,-74,0,106,3
109,720,21.600000,43.200000,0,3,1288539367,1330,0,1330,-74,0,106,3
109,720,21.600000,43.200000,0,3,1288539373,1329,0,1329,-74,0,106,3
109,720,21.600000,43.200000,0,3,1288539378,1328,0,1328,-74,0,106,3
109,720,21.600000,43.200000,0,3,1288539384,1327,0,1327,-75,0,106,3
109,720,21.600000,43.200000,0,3,1288539390,1326,0,1326,-76,0,106,3
109,720,21.600000,43.200000,0,3,1288539395,1325,0,1325,-77,0,106,3
109,720,21.600000,43.200000,0,3,1288539401,1325,0,1325,-77,0,106,3
109,720,21.600000,43.200000,0,3,1288539407,1325,0,1325,-77,0,106,3
109,720,21.600000,43.200000,0,3,1288539412,1325,0,1325,-77,0,106,3
109,720,21.600000,43.200000,0,3,1288539418,1325,0,1325,-77,0,106,3
109,720,21.600000,43.200000,0,3,1288539423,1325,0,1325,-77,0,106,3
109,720,21.600000,43.200000,0,3,1288539428,1325,0,1325,-77,0,106,3
109,720,21.600000,43.200000,0,3,1288539434,1325,0,1325,-77,0,106,3
109,720,21.600000,43.200000,0,3,1288539439,1325,0,1325,-77,0,106,3
109,720,21.600000,43.200000,0,3,1288539445,1325,0,1325,-77,0,106,3
109,720,21.600000,43.200000,0,3,1288539450,1325,0,1325,-77,0,106,3
109,720,21.600000,43.200000,0,3,1288539456,1325,0,1325,-77,0,106,3
109,720,21.600000,43.200000,0,3,1288539462,1325,0,1325,-77,0,106,3
109,720,21.600000,43.200000,0,3,1288539467,1325,0,1325,-77,0,106,3
109,720,21.600000,43.200000,0,3,1288539473,1325,0,1325,-77,0,106,3
109,720,21.600000,43.200000,0,3,1288539479,1325,0,1325,-77,0,106,3
109,720,21.600000,43.200000,0,3,1288539484,1325,0,1325,-77,0,106,3
109,720,21.600000,43.200000,0,3,1288539490,1325,0,1325,-77,0,106,3
109,720,21.600000,43.200000,0,3,1288539495,1325,0,1325,-77,0,106,3
109,720,21.600000,43.200000,0,3,1288539501,1325,0,1325,-77,0,106,3
109,720,21.600000,43.200000,0,3,1288539506,1326,0,1326,-77,0,106,3
109,720,21.600000,43.200000,0,3,1288539512,1327,0,1327,-77,0,106,3
109,720,21.600000,43.200000,0,3,1288539517,1327,0,1327,-77,0,106,3
109,720,21.600000,43.200000,0,3,1288539523,1327,0,1327,-77,0,106,3
109,720,21.600000,43.200000,0,3,1288539529,1327,0,1327,-77,0,106,3
109,720,21.600000,43.200000,0,3,1288539534,1327,0,1327,-77,0,106,3
109,720,21.600000,43.200000,0,3,1288539539,1327,0,1327,-77,0,106,3
109,720,21.600000,43.200000,0,3,1288539545,1327,0,1327,-77,0,106,3
109,720,21.600000,43.200000,0,3,1288539550,1327,0,1327,-77,0,106,3
109,720,21.600000,43.200000,0,3,1288539556,1327,0,1327,-77,0,106,3
109,720,21.600000,43.200000,0,3,1288539561,1327,0,1327,-77,0,106,3
109,720,21.600000,43.200000,0,3,1288539567,1327,0,1327,-77,0,106,3
109,720,21.600000,43.200000,0,3,1288539572,1327,0,1327,-77,0,106,3
109,720,21.600000,43.200000,0,3,1288539578,1327,0,1327,-77,0,106,3
109,720,21.600000,43.200000,0,3,1288539583,1327,0,1327,-77,0,106,3
109,720,21.600000,43.200000,0,3,1288539589,1327,0,1327,-77,0,106,3
109,720,21.600000,43.200000,0,3,1288539595,1327,0,1327,-77,0,106,3
109,720,21.600000,43.200000,0,3,1288539600,1327,0,1327,-77,0,106,3
109,720,21.600000,43.200000,0,3,1288539605,1327,0,1327,-77,0,106,3
109,720,21.600000,43.200000,0,3,1288539611,1327,0,1327,-77,0,106,3
109,720,21.600000,43.200000,0,3,1288539617,1327,0,1327,-77,0,106,3
109,720,21.600000,43.200000,0,3,1288539622,1327,0,1327,-77,0,106,3
109,720,21.600000,43.200000,0,3,1288539628,1327,0,1327,-77,0,106,3
109,720,21.600000,43.200000,0,3,1288539633,1327,0,1327,-77,0,106,3
109,720,21.600000,43.200000,0,3,1288539639,1327,0,1327,-77,0,106,3
109,720,21.600000,43.200000,0,3,1288539645,1327,0,1327,-77,0,106,3
109,720,21.600000,43.200000,0,3,1288539664,1328,0,1328,-77,0,106,3
