105,1000,30.000000,0.000000,1,3,-2126571832,465,20,465,20,0,65,0
105,1000,30.000000,0.000000,1,3,-2126571830,465,20,465,20,0,65,0
105,1000,30.000000,0.000000,1,3,-2126571815,465,19,465,19,0,65,0
105,1000,30.000000,0.000000,1,3,-2126571806,465,19,465,19,0,65,0
105,1000,30.000000,0.000000,1,3,-2126571798,465,19,465,19,0,65,0
105,1000,30.000000,0.000000,1,3,-2126571792,465,19,465,19,0,65,0
105,1000,30.000000,0.000000,1,3,-2126571785,466,19,466,19,0,65,0
105,1000,30.000000,0.000000,1,3,-2126571779,466,19,466,19,0,65,0
105,1000,30.000000,0.000000,1,3,-2126571773,466,19,466,19,0,65,0
105,1000,30.000000,0.000000,1,3,-2126571767,467,19,467,19,0,65,0
105,1000,30.000000,0.000000,1,3,-2126571760,469,19,469,19,0,65,0
105,1000,30.000000,0.000000,1,3,-2126571753,472,21,472,21,0,65,0
105,1000,30.000000,0.000000,1,3,-2126571745,480,25,480,25,0,65,0
105,1000,30.000000,0.000000,1,3,-2126571738,491,29,491,29,0,65,0
105,1000,30.000000,0.000000,1,3,-2126571732,504,34,504,34,0,65,0
105,1000,30.000000,0.000000,1,3,-2126571725,526,40,526,40,0,65,0
105,1000,30.000000,0.000000,1,3,-2126571719,547,45,547,45,0,65,0
105,1000,30.000000,0.000000,1,3,-2126571712,588,53,588,53,0,65,0
105,1000,30.000000,0.000000,1,3,-2126571705,628,60,628,60,0,65,0
105,1000,30.000000,0.000000,1,3,-2126571692,680,70,680,70,0,65,0
105,1000,30.000000,0.000000,1,3,-2126571685,790,86,790,86,0,65,0
105,1000,30.000000,0.000000,1,3,-2126571677,843,92,843,92,0,65,0
105,1000,30.000000,0.000000,1,3,-2126571671,927,99,927,99,0,65,0
105,1000,30.000000,0.000000,1,3,-2126571664,975,102,975,102,0,65,0
105,1000,30.000000,0.000000,1,3,-2126571657,1046,104,1046,104,0,65,0
105,1000,30.000000,0.000000,1,3,-2126571649,1114,104,1114,104,0,65,0
105,1000,30.000000,0.000000,1,3,-2126571643,1166,104,1166,104,0,65,0
105,1000,30.000000,0.000000,1,3,-2126571635,1219,101,1219,101,0,65,0
105,1000,30.000000,0.000000,1,3,-2126571628,1284,93,1284,93,0,65,0
105,1000,30.000000,0.000000,1,3,-2126571621,1318,87,1318,87,0,65,0
105,1000,30.000000,0.000000,1,3,-2126571614,1355,79,1355,79,0,65,0
105,1000,30.000000,0.000000,1,3,-2126571608,1393,68,1393,68,0,65,0
105,1000,30.000000,0.000000,1,3,-2126571601,1408,62,1408,62,0,65,0
105,1000,30.000000,0.000000,1,3,-2126571595,1423,57,1423,57,0,65,0
105,1000,30.000000,0.000000,1,3,-2126571588,1435,52,1435,52,0,65,0
105,1000,30.000000,0.000000,1,3,-2126571580,1444,46,1444,46,0,65,0
105,1000,30.000000,0.000000,1,3,-2126571573,1448,43,1448,43,0,65,0
105,1000,30.000000,0.000000,1,3,-2126571567,1449,40,1449,40,0,65,0
105,1000,30.000000,0.000000,1,3,-2126571560,1449,39,1449,39,0,65,0
105,1000,30.000000,0.000000,1,3,-2126571552,1449,37,1449,37,0,65,0
105,1000,30.000000,0.000000,1,3,-2126571546,1449,34,1449,34,0,65,0
105,1000,30.000000,0.000000,1,3,-2126571539,1449,33,1449,33,0,65,0
105,1000,30.000000,0.000000,1,3,-2126571531,1449,33,1449,33,0,65,0
105,1000,30.000000,0.000000,1,3,-2126571525,1449,33,1449,33,0,65,0
105,1000,30.000000,0.000000,1,3,-2126571517,1449,33,1449,33,0,65,0
105,1000,30.000000,0.000000,1,3,-2126571510,1450,33,1450,33,0,65,0
105,1000,30.000000,0.000000,1,3,-2126571504,1451,33,1451,33,0,65,0
105,1000,30.000000,0.000000,1,3,-2126571498,1452,33,1452,33,0,65,0
105,1000,30.000000,0.000000,1,3,-2126571490,1454,33,1454,33,0,65,0
105,1000,30.000000,0.000000,1,3,-2126571483,1455,33,1455,33,0,65,0
105,1000,30.000000,0.000000,1,3,-2126571476,1455,33,1455,33,0,65,0
105,1000,30.000000,0.000000,1,3,-2126571469,1455,33,1455,33,0,65,0
105,1000,30.000000,0.000000,1,3,-2126571462,1455,33,1455,33,0,65,0
105,1000,30.000000,0.000000,1,3,-2126571455,1455,33,1455,33,0,65,0
105,1000,30.000000,0.000000,1,3,-2126571449,1455,32,1455,32,0,65,0
105,1000,30.000000,0.000000,1,3,-2126571441,1455,31,1455,31,0,65,0
105,1000,30.000000,0.000000,1,3,-2126571435,1455,30,1455,30,0,65,0
105,1000,30.000000,0.000000,1,3,-2126571428,1455,29,1455,29,0,65,0
105,1000,30.000000,0.000000,1,3,-2126571421,1455,28,1455,28,0,65,0
105,1000,30.000000,0.000000,1,3,-2126571413,1455,27,1455,27,0,65,0
105,1000,30.000000,0.000000,1,3,-2126571407,1456,27,1456,27,0,65,0
105,1000,30.000000,0.000000,1,3,-2126571400,1457,27,1457,27,0,65,0
105,1000,30.000000,0.000000,1,3,-2126571393,1457,26,1457,26,0,65,0
105,1000,30.000000,0.000000,1,3,-2126571386,1457,25,1457,25,0,65,0
105,1000,30.000000,0.000000,1,3,-2126571379,1458,25,1458,25,0,65,0
105,1000,30.000000,0.000000,1,3,-2126571372,1459,24,1459,24,0,65,0
105,1000,30.000000,0.000000,1,3,-2126571365,1460,24,1460,24,0,65,0
105,1000,30.000000,0.000000,1,3,-2126571359,1461,22,1461,22,0,65,0
105,1000,30.000000,0.000000,1,3,-2126571351,1462,21,1462,21,0,65,0
105,1000,30.000000,0.000000,1,3,-2126571344,1464,21,1464,21,0,65,0
105,1000,30.000000,0.000000,1,3,-2126571338,1465,21,1465,21,0,65,0
105,1000,30.000000,0.000000,1,3,-2126571331,1465,20,1465,20,0,65,0
105,1000,30.000000,0.000000,1,3,-2126571324,1465,19,1465,19,0,65,0
105,1000,30.000000,0.000000,1,3,-2126571317,1465,19,1465,19,0,65,0
105,1000,30.000000,0.000000,1,3,-2126571310,1465,19,1465,19,0,65,0
105,1000,30.000000,0.000000,1,3,-2126571302,1465,19,1465,19,0,65,0
105,1000,30.000000,0.000000,1,3,-2126571295,1465,19,1465,19,0,65,0
105,1000,30.000000,0.000000,1,3,-2126571277,1465,19,1465,19,0,65,0
