105,1000,30.000000,0.000000,1,1,-2125815482,462,18,462,18,0,152,4
105,1000,30.000000,0.000000,1,1,-2125815480,462,18,462,18,0,152,4
105,1000,30.000000,0.000000,1,1,-2125815473,462,18,462,18,0,152,4
105,1000,30.000000,0.000000,1,1,-2125815466,462,18,462,18,0,152,4
105,1000,30.000000,0.000000,1,1,-2125815459,462,18,462,18,0,152,4
105,1000,30.000000,0.000000,1,1,-2125815452,462,18,462,18,0,152,4
105,1000,30.000000,0.000000,1,1,-2125815445,462,18,462,18,0,152,4
105,1000,30.000000,0.000000,1,1,-2125815438,462,18,462,18,0,152,4
105,1000,30.000000,0.000000,1,1,-2125815431,462,18,462,18,0,152,4
105,1000,30.000000,0.000000,1,1,-2125815425,462,18,462,18,0,152,4
105,1000,30.000000,0.000000,1,1,-2125815418,464,19,464,19,0,152,4
105,1000,30.000000,0.000000,1,1,-2125815410,468,21,468,21,0,152,4
105,1000,30.000000,0.000000,1,1,-2125815403,477,23,477,23,0,152,4
105,1000,30.000000,0.000000,1,1,-2125815395,490,26,490,26,0,152,4
105,1000,30.000000,0.000000,1,1,-2125815390,510,30,510,30,0,152,4
105,1000,30.000000,0.000000,1,1,-2125815383,535,33,535,33,0,152,4
105,1000,30.000000,0.000000,1,1,-2125815375,568,37,568,37,0,152,4
105,1000,30.000000,0.000000,1,1,-2125815368,613,43,613,43,0,152,4
105,1000,30.000000,0.000000,1,1,-2125815362,656,47,656,47,0,152,4
105,1000,30.000000,0.000000,1,1,-2125815355,709,53,709,53,0,152,4
105,1000,30.000000,0.000000,1,1,-2125815347,774,59,774,59,0,152,4
105,1000,30.000000,0.000000,1,1,-2125815341,842,63,842,63,0,152,4
105,1000,30.000000,0.000000,1,1,-2125815334,897,66,897,66,0,152,4
105,1000,30.000000,0.000000,1,1,-2125815327,950,67,950,67,0,152,4
105,1000,30.000000,0.000000,1,1,-2125815321,1004,67,1004,67,0,152,4
105,1000,30.000000,0.000000,1,1,-2125815313,1054,67,1054,67,0,152,4
105,1000,30.000000,0.000000,1,1,-2125815306,1099,67,1099,67,0,152,4
105,1000,30.000000,0.000000,1,1,-2125815299,1147,64,1147,64,0,152,4
105,1000,30.000000,0.000000,1,1,-2125815293,1181,61,1181,61,0,152,4
105,1000,30.000000,0.000000,1,1,-2125815286,1216,58,1216,58,0,152,4
105,1000,30.000000,0.000000,1,1,-2125815279,1246,54,1246,54,0,152,4
105,1000,30.000000,0.000000,1,1,-2125815272,1272,51,1272,51,0,152,4
105,1000,30.000000,0.000000,1,1,-2125815265,1291,48,1291,48,0,152,4
105,1000,30.000000,0.000000,1,1,-2125815257,1304,45,1304,45,0,152,4
105,1000,30.000000,0.000000,1,1,-2125815250,1317,43,1317,43,0,152,4
105,1000,30.000000,0.000000,1,1,-2125815243,1327,41,1327,41,0,152,4
105,1000,30.000000,0.000000,1,1,-2125815236,1334,39,1334,39,0,152,4
105,1000,30.000000,0.000000,1,1,-2125815229,1340,37,1340,37,0,152,4
105,1000,30.000000,0.000000,1,1,-2125815222,1345,36,1345,36,0,152,4
105,1000,30.000000,0.000000,1,1,-2125815216,1350,35,1350,35,0,152,4
105,1000,30.000000,0.000000,1,1,-2125815209,1356,34,1356,34,0,152,4
105,1000,30.000000,0.000000,1,1,-2125815203,1365,32,1365,32,0,152,4
105,1000,30.000000,0.000000,1,1,-2125815196,1373,31,1373,31,0,152,4
105,1000,30.000000,0.000000,1,1,-2125815189,1379,30,1379,30,0,152,4
105,1000,30.000000,0.000000,1,1,-2125815182,1384,30,1384,30,0,152,4
105,1000,30.000000,0.000000,1,1,-2125815175,1388,29,1388,29,0,152,4
105,1000,30.000000,0.000000,1,1,-2125815168,1391,29,1391,29,0,152,4
105,1000,30.000000,0.000000,1,1,-2125815161,1393,28,1393,28,0,152,4
105,1000,30.000000,0.000000,1,1,-2125815153,1394,28,1394,28,0,152,4
105,1000,30.000000,0.000000,1,1,-2125815147,1396,27,1396,27,0,152,4
105,1000,30.000000,0.000000,1,1,-2125815139,1396,27,1396,27,0,152,4
105,1000,30.000000,0.000000,1,1,-2125815133,1396,27,1396,27,0,152,4
105,1000,30.000000,0.000000,1,1,-2125815125,1397,27,1397,27,0,152,4
105,1000,30.000000,0.000000,1,1,-2125815119,1398,26,1398,26,0,152,4
105,1000,30.000000,0.000000,1,1,-2125815111,1399,26,1399,26,0,152,4
105,1000,30.000000,0.000000,1,1,-2125815105,1402,25,1402,25,0,152,4
105,1000,30.000000,0.000000,1,1,-2125815098,1405,25,1405,25,0,152,4
105,1000,30.000000,0.000000,1,1,-2125815091,1409,25,1409,25,0,152,4
105,1000,30.000000,0.000000,1,1,-2125815084,1415,24,1415,24,0,152,4
105,1000,30.000000,0.000000,1,1,-2125815077,1424,23,1424,23,0,152,4
105,1000,30.000000,0.000000,1,1,-2125815070,1433,23,1433,23,0,152,4
105,1000,30.000000,0.000000,1,1,-2125815063,1442,23,1442,23,0,152,4
105,1000,30.000000,0.000000,1,1,-2125815056,1452,22,1452,22,0,152,4
105,1000,30.000000,0.000000,1,1,-2125815050,1462,22,1462,22,0,152,4
105,1000,30.000000,0.000000,1,1,-2125815042,1468,22,1468,22,0,152,4
105,1000,30.000000,0.000000,1,1,-2125815035,1471,22,1471,22,0,152,4
105,1000,30.000000,0.000000,1,1,-2125815028,1475,22,1475,22,0,152,4
105,1000,30.000000,0.000000,1,1,-2125815021,1475,22,1475,22,0,152,4
105,1000,30.000000,0.000000,1,1,-2125815014,1475,22,1475,22,0,152,4
105,1000,30.000000,0.000000,1,1,-2125815008,1475,22,1475,22,0,152,4
105,1000,30.000000,0.000000,1,1,-2125815001,1475,22,1475,22,0,152,4
105,1000,30.000000,0.000000,1,1,-2125814994,1475,22,1475,22,0,152,4
105,1000,30.000000,0.000000,1,1,-2125814987,1475,22,1475,22,0,152,4
105,1000,30.000000,0.000000,1,1,-2125814979,1475,22,1475,22,0,152,4
105,1000,30.000000,0.000000,1,1,-2125814972,1475,22,1475,22,0,152,4
105,1000,30.000000,0.000000,1,1,-2125814965,1475,22,1475,22,0,152,4
105,1000,30.000000,0.000000,1,1,-2125814958,1475,22,1475,22,0,152,4
105,1000,30.000000,0.000000,1,1,-2125814952,1475,22,1475,22,0,152,4
105,1000,30.000000,0.000000,1,1,-2125814946,1475,22,1475,22,0,152,4
105,1000,30.000000,0.000000,1,1,-2125814938,1475,22,1475,22,0,152,4
105,1000,30.000000,0.000000,1,1,-2125814932,1475,22,1475,22,0,152,4
105,1000,30.000000,0.000000,1,1,-2125814925,1475,22,1475,22,0,152,4
105,1000,30.000000,0.000000,1,1,-2125814917,1474,21,1474,21,0,152,4
105,1000,30.000000,0.000000,1,1,-2125814911,1473,21,1473,21,0,152,4
105,1000,30.000000,0.000000,1,1,-2125814903,1471,21,1471,21,0,152,4
105,1000,30.000000,0.000000,1,1,-2125814897,1470,20,1470,20,0,152,4
105,1000,30.000000,0.000000,1,1,-2125814889,1469,20,1469,20,0,152,4
105,1000,30.000000,0.000000,1,1,-2125814883,1468,20,1468,20,0,152,4
105,1000,30.000000,0.000000,1,1,-2125814876,1467,19,1467,19,0,152,4
105,1000,30.000000,0.000000,1,1,-2125814869,1466,18,1466,18,0,152,4
105,1000,30.000000,0.000000,1,1,-2125814862,1466,18,1466,18,0,152,4
105,1000,30.000000,0.000000,1,1,-2125814855,1466,17,1466,17,0,152,4
105,1000,30.000000,0.000000,1,1,-2125814848,1466,16,1466,16,0,152,4
105,1000,30.000000,0.000000,1,1,-2125814841,1466,16,1466,16,0,152,4
105,1000,30.000000,0.000000,1,1,-2125814834,1466,16,1466,16,0,152,4
105,1000,30.000000,0.000000,1,1,-2125814827,1466,16,1466,16,0,152,4
105,1000,30.000000,0.000000,1,1,-2125814821,1466,16,1466,16,0,152,4
105,1000,30.000000,0.000000,1,1,-2125814813,1466,16,1466,16,0,152,4
105,1000,30.000000,0.000000,1,1,-2125814796,1466,16,1466,16,0,152,4
