105,1000,30.000000,60.000000,0,0,-2125985609,468,0,468,0,0,131,3
105,1000,30.000000,60.000000,0,0,-2125985607,468,0,468,0,0,131,3
105,1000,30.000000,60.000000,0,0,-2125985601,468,0,468,0,0,131,3
105,1000,30.000000,60.000000,0,0,-2125985594,468,0,468,0,0,131,3
105,1000,30.000000,60.000000,0,0,-2125985587,468,0,468,0,0,131,3
105,1000,30.000000,60.000000,0,0,-2125985579,468,0,468,-1,0,131,3
105,1000,30.000000,60.000000,0,0,-2125985572,469,0,469,-1,0,131,3
105,1000,30.000000,60.000000,0,0,-2125985566,472,0,472,-2,0,131,3
105,1000,30.000000,60.000000,0,0,-2125985560,475,0,475,-3,0,131,3
105,1000,30.000000,60.000000,0,0,-2125985553,480,0,480,-4,0,131,3
105,1000,30.000000,60.000000,0,0,-2125985546,485,0,485,-5,0,131,3
105,1000,30.000000,60.000000,0,0,-2125985538,491,0,491,-5,0,131,3
105,1000,30.000000,60.000000,0,0,-2125985531,501,0,501,-6,0,131,3
105,1000,30.000000,60.000000,0,0,-2125985524,517,0,517,-6,0,131,3
105,1000,30.000000,60.000000,0,0,-2125985517,533,1,533,-5,0,131,3
105,1000,30.000000,60.000000,0,0,-2125985510,564,2,564,-4,0,131,3
105,1000,30.000000,60.000000,0,0,-2125985503,605,4,605,-2,0,131,3
105,1000,30.000000,60.000000,0,0,-2125985496,647,5,647,-1,0,131,3
105,1000,30.000000,60.000000,0,0,-2125985490,709,5,709,-1,0,131,3
105,1000,30.000000,60.000000,0,0,-2125985483,769,5,769,-1,0,131,3
105,1000,30.000000,60.000000,0,0,-2125985475,836,5,836,-1,0,131,3
105,1000,30.000000,60.000000,0,0,-2125985469,918,4,918,-2,0,131,3
105,1000,30.000000,60.000000,0,0,-2125985462,1017,0,1017,-7,0,131,3
105,1000,30.000000,60.000000,0,0,-2125985455,1116,0,1116,-13,0,131,3
105,1000,30.000000,60.000000,0,0,-2125985449,1208,0,1208,-19,0,131,3
105,1000,30.000000,60.000000,0,0,-2125985441,1282,0,1282,-25,0,131,3
105,1000,30.000000,60.000000,0,0,-2125985435,1346,0,1346,-31,0,131,3
105,1000,30.000000,60.000000,0,0,-2125985428,1399,0,1399,-37,0,131,3
105,1000,30.000000,60.000000,0,0,-2125985421,1441,0,1441,-43,0,131,3
105,1000,30.000000,60.000000,0,0,-2125985414,1471,0,1471,-49,0,131,3
105,1000,30.000000,60.000000,0,0,-2125985406,1489,0,1489,-52,0,131,3
105,1000,30.000000,60.000000,0,0,-2125985399,1497,0,1497,-55,0,131,3
105,1000,30.000000,60.000000,0,0,-2125985393,1500,0,1500,-56,0,131,3
105,1000,30.000000,60.000000,0,0,-2125985385,1500,0,1500,-57,0,131,3
105,1000,30.000000,60.000000,0,0,-2125985378,1496,0,1496,-59,0,131,3
105,1000,30.000000,60.000000,0,0,-2125985371,1490,0,1490,-61,0,131,3
105,1000,30.000000,60.000000,0,0,-2125985364,1483,0,1483,-62,0,131,3
105,1000,30.000000,60.000000,0,0,-2125985357,1477,0,1477,-63,0,131,3
105,1000,30.000000,60.000000,0,0,-2125985350,1472,0,1472,-63,0,131,3
105,1000,30.000000,60.000000,0,0,-2125985343,1470,0,1470,-63,0,131,3
105,1000,30.000000,60.000000,0,0,-2125985336,1469,0,1469,-64,0,131,3
105,1000,30.000000,60.000000,0,0,-2125985330,1467,0,1467,-65,0,131,3
105,1000,30.000000,60.000000,0,0,-2125985323,1467,0,1467,-65,0,131,3
105,1000,30.000000,60.000000,0,0,-2125985316,1467,0,1467,-65,0,131,3
105,1000,30.000000,60.000000,0,0,-2125985310,1467,0,1467,-66,0,131,3
105,1000,30.000000,60.000000,0,0,-2125985303,1467,0,1467,-67,0,131,3
105,1000,30.000000,60.000000,0,0,-2125985296,1467,0,1467,-68,0,131,3
105,1000,30.000000,60.000000,0,0,-2125985289,1468,0,1468,-70,0,131,3
105,1000,30.000000,60.000000,0,0,-2125985273,1469,0,1469,-70,0,131,3
105,1000,30.000000,60.000000,0,0,-2125985264,1469,0,1469,-70,0,131,3
105,1000,30.000000,60.000000,0,0,-2125985256,1469,0,1469,-70,0,131,3
105,1000,30.000000,60.000000,0,0,-2125985249,1465,0,1465,-71,0,131,3
105,1000,30.000000,60.000000,0,0,-2125985243,1463,0,1463,-71,0,131,3
105,1000,30.000000,60.000000,0,0,-2125985236,1460,0,1460,-71,0,131,3
105,1000,30.000000,60.000000,0,0,-2125985229,1458,0,1458,-71,0,131,3
105,1000,30.000000,60.000000,0,0,-2125985223,1457,0,1457,-71,0,131,3
105,1000,30.000000,60.000000,0,0,-2125985217,1457,0,1457,-71,0,131,3
105,1000,30.000000,60.000000,0,0,-2125985211,1457,0,1457,-71,0,131,3
105,1000,30.000000,60.000000,0,0,-2125985204,1457,0,1457,-71,0,131,3
105,1000,30.000000,60.000000,0,0,-2125985198,1457,0,1457,-71,0,131,3
105,1000,30.000000,60.000000,0,0,-2125985191,1457,0,1457,-71,0,131,3
105,1000,30.000000,60.000000,0,0,-2125985185,1457,0,1457,-71,0,131,3
105,1000,30.000000,60.000000,0,0,-2125985177,1457,0,1457,-71,0,131,3
105,1000,30.000000,60.000000,0,0,-2125985170,1457,0,1457,-71,0,131,3
105,1000,30.000000,60.000000,0,0,-2125985163,1458,0,1458,-71,0,131,3
105,1000,30.000000,60.000000,0,0,-2125985157,1459,0,1459,-71,0,131,3
105,1000,30.000000,60.000000,0,0,-2125985150,1459,0,1459,-72,0,131,3
105,1000,30.000000,60.000000,0,0,-2125985142,1460,0,1460,-73,0,131,3
105,1000,30.000000,60.000000,0,0,-2125985135,1460,0,1460,-73,0,131,3
105,1000,30.000000,60.000000,0,0,-2125985128,1460,0,1460,-73,0,131,3
105,1000,30.000000,60.000000,0,0,-2125985122,1460,0,1460,-73,0,131,3
105,1000,30.000000,60.000000,0,0,-2125985103,1460,0,1460,-73,0,131,3
