105,500,30.000000,0.000000,1,0,-2126337059,708,21,708,21,0,90,5
105,500,30.000000,0.000000,1,0,-2126337057,708,21,708,21,0,90,5
105,500,30.000000,0.000000,1,0,-2126337051,708,21,708,21,0,90,5
105,500,30.000000,0.000000,1,0,-2126337044,708,21,708,21,0,90,5
105,500,30.000000,0.000000,1,0,-2126337037,708,21,708,21,0,90,5
105,500,30.000000,0.000000,1,0,-2126337030,708,21,708,21,0,90,5
105,500,30.000000,0.000000,1,0,-2126337024,708,21,708,21,0,90,5
105,500,30.000000,0.000000,1,0,-2126337017,708,21,708,21,0,90,5
105,500,30.000000,0.000000,1,0,-2126337010,708,21,708,21,0,90,5
105,500,30.000000,0.000000,1,0,-2126337002,708,21,708,21,0,90,5
105,500,30.000000,0.000000,1,0,-2126336995,709,21,709,21,0,90,5
105,500,30.000000,0.000000,1,0,-2126336988,714,22,714,22,0,90,5
105,500,30.000000,0.000000,1,0,-2126336982,721,24,721,24,0,90,5
105,500,30.000000,0.000000,1,0,-2126336975,733,28,733,28,0,90,5
105,500,30.000000,0.000000,1,0,-2126336968,751,32,751,32,0,90,5
105,500,30.000000,0.000000,1,0,-2126336961,789,41,789,41,0,90,5
105,500,30.000000,0.000000,1,0,-2126336954,816,47,816,47,0,90,5
105,500,30.000000,0.000000,1,0,-2126336947,854,54,854,54,0,90,5
105,500,30.000000,0.000000,1,0,-2126336940,895,61,895,61,0,90,5
105,500,30.000000,0.000000,1,0,-2126336933,947,69,947,69,0,90,5
105,500,30.000000,0.000000,1,0,-2126336926,1001,77,1001,77,0,90,5
105,500,30.000000,0.000000,1,0,-2126336919,1042,82,1042,82,0,90,5
105,500,30.000000,0.000000,1,0,-2126336912,1084,86,1084,86,0,90,5
105,500,30.000000,0.000000,1,0,-2126336905,1117,88,1117,88,0,90,5
105,500,30.000000,0.000000,1,0,-2126336898,1153,89,1153,89,0,90,5
105,500,30.000000,0.000000,1,0,-2126336892,1176,89,1176,89,0,90,5
105,500,30.000000,0.000000,1,0,-2126336884,1192,89,1192,89,0,90,5
105,500,30.000000,0.000000,1,0,-2126336877,1203,86,1203,86,0,90,5
105,500,30.000000,0.000000,1,0,-2126336870,1207,84,1207,84,0,90,5
105,500,30.000000,0.000000,1,0,-2126336863,1209,81,1209,81,0,90,5
105,500,30.000000,0.000000,1,0,-2126336856,1209,77,1209,77,0,90,5
105,500,30.000000,0.000000,1,0,-2126336850,1209,73,1209,73,0,90,5
105,500,30.000000,0.000000,1,0,-2126336842,1209,69,1209,69,0,90,5
105,500,30.000000,0.000000,1,0,-2126336836,1206,66,1206,66,0,90,5
105,500,30.000000,0.000000,1,0,-2126336829,1203,62,1203,62,0,90,5
105,500,30.000000,0.000000,1,0,-2126336822,1200,57,1200,57,0,90,5
105,500,30.000000,0.000000,1,0,-2126336815,1196,54,1196,54,0,90,5
105,500,30.000000,0.000000,1,0,-2126336809,1194,51,1194,51,0,90,5
105,500,30.000000,0.000000,1,0,-2126336802,1193,48,1193,48,0,90,5
105,500,30.000000,0.000000,1,0,-2126336795,1192,45,1192,45,0,90,5
105,500,30.000000,0.000000,1,0,-2126336788,1192,43,1192,43,0,90,5
105,500,30.000000,0.000000,1,0,-2126336781,1193,41,1193,41,0,90,5
105,500,30.000000,0.000000,1,0,-2126336774,1196,39,1196,39,0,90,5
105,500,30.000000,0.000000,1,0,-2126336766,1198,38,1198,38,0,90,5
105,500,30.000000,0.000000,1,0,-2126336759,1199,36,1199,36,0,90,5
105,500,30.000000,0.000000,1,0,-2126336752,1201,35,1201,35,0,90,5
105,500,30.000000,0.000000,1,0,-2126336745,1202,35,1202,35,0,90,5
105,500,30.000000,0.000000,1,0,-2126336738,1203,34,1203,34,0,90,5
105,500,30.000000,0.000000,1,0,-2126336732,1203,33,1203,33,0,90,5
105,500,30.000000,0.000000,1,0,-2126336725,1203,32,1203,32,0,90,5
105,500,30.000000,0.000000,1,0,-2126336717,1202,31,1202,31,0,90,5
105,500,30.000000,0.000000,1,0,-2126336711,1201,30,1201,30,0,90,5
105,500,30.000000,0.000000,1,0,-2126336703,1201,29,1201,29,0,90,5
105,500,30.000000,0.000000,1,0,-2126336697,1201,28,1201,28,0,90,5
105,500,30.000000,0.000000,1,0,-2126336690,1201,27,1201,27,0,90,5
105,500,30.000000,0.000000,1,0,-2126336683,1201,26,1201,26,0,90,5
105,500,30.000000,0.000000,1,0,-2126336676,1201,25,1201,25,0,90,5
105,500,30.000000,0.000000,1,0,-2126336670,1202,24,1202,24,0,90,5
105,500,30.000000,0.000000,1,0,-2126336654,1204,24,1204,24,0,90,5
105,500,30.000000,0.000000,1,0,-2126336644,1206,22,1206,22,0,90,5
105,500,30.000000,0.000000,1,0,-2126336636,1207,21,1207,21,0,90,5
105,500,30.000000,0.000000,1,0,-2126336628,1208,20,1208,20,0,90,5
105,500,30.000000,0.000000,1,0,-2126336620,1208,19,1208,19,0,90,5
105,500,30.000000,0.000000,1,0,-2126336613,1208,18,1208,18,0,90,5
105,500,30.000000,0.000000,1,0,-2126336606,1207,18,1207,18,0,90,5
105,500,30.000000,0.000000,1,0,-2126336600,1207,17,1207,17,0,90,5
105,500,30.000000,0.000000,1,0,-2126336593,1207,16,1207,16,0,90,5
105,500,30.000000,0.000000,1,0,-2126336586,1207,16,1207,16,0,90,5
105,500,30.000000,0.000000,1,0,-2126336578,1207,16,1207,16,0,90,5
105,500,30.000000,0.000000,1,0,-2126336572,1207,16,1207,16,0,90,5
105,500,30.000000,0.000000,1,0,-2126336564,1207,16,1207,16,0,90,5
105,500,30.000000,0.000000,1,0,-2126336547,1207,16,1207,16,0,90,5
