105,500,30.000000,60.000000,1,0,-2126237929,705,19,705,19,0,103,2
105,500,30.000000,60.000000,1,0,-2126237927,705,19,705,19,0,103,2
105,500,30.000000,60.000000,1,0,-2126237920,705,19,705,19,0,103,2
105,500,30.000000,60.000000,1,0,-2126237914,705,19,705,19,0,103,2
105,500,30.000000,60.000000,1,0,-2126237907,705,19,705,19,0,103,2
105,500,30.000000,60.000000,1,0,-2126237900,705,19,705,19,0,103,2
105,500,30.000000,60.000000,1,0,-2126237893,705,19,705,19,0,103,2
105,500,30.000000,60.000000,1,0,-2126237887,705,19,705,19,0,103,2
105,500,30.000000,60.000000,1,0,-2126237880,705,19,705,19,0,103,2
105,500,30.000000,60.000000,1,0,-2126237873,705,19,705,19,0,103,2
105,500,30.000000,60.000000,1,0,-2126237866,705,19,705,19,0,103,2
105,500,30.000000,60.000000,1,0,-2126237859,705,19,705,19,0,103,2
105,500,30.000000,60.000000,1,0,-2126237852,708,20,708,20,0,103,2
105,500,30.000000,60.000000,1,0,-2126237845,713,23,713,23,0,103,2
105,500,30.000000,60.000000,1,0,-2126237838,723,26,723,26,0,103,2
105,500,30.000000,60.000000,1,0,-2126237831,743,32,743,32,0,103,2
105,500,30.000000,60.000000,1,0,-2126237825,764,36,764,36,0,103,2
105,500,30.000000,60.000000,1,0,-2126237818,794,40,794,40,0,103,2
105,500,30.000000,60.000000,1,0,-2126237811,837,47,837,47,0,103,2
105,500,30.000000,60.000000,1,0,-2126237804,893,56,893,56,0,103,2
105,500,30.000000,60.000000,1,0,-2126237789,948,63,948,63,0,103,2
105,500,30.000000,60.000000,1,0,-2126237780,1059,73,1059,73,0,103,2
105,500,30.000000,60.000000,1,0,-2126237771,1131,77,1131,77,0,103,2
105,500,30.000000,60.000000,1,0,-2126237764,1177,79,1177,79,0,103,2
105,500,30.000000,60.000000,1,0,-2126237759,1207,79,1207,79,0,103,2
105,500,30.000000,60.000000,1,0,-2126237752,1238,79,1238,79,0,103,2
105,500,30.000000,60.000000,1,0,-2126237746,1254,77,1254,77,0,103,2
105,500,30.000000,60.000000,1,0,-2126237740,1270,74,1270,74,0,103,2
105,500,30.000000,60.000000,1,0,-2126237733,1279,71,1279,71,0,103,2
105,500,30.000000,60.000000,1,0,-2126237727,1285,68,1285,68,0,103,2
105,500,30.000000,60.000000,1,0,-2126237719,1287,66,1287,66,0,103,2
105,500,30.000000,60.000000,1,0,-2126237713,1288,63,1288,63,0,103,2
105,500,30.000000,60.000000,1,0,-2126237706,1287,59,1287,59,0,103,2
105,500,30.000000,60.000000,1,0,-2126237700,1284,54,1284,54,0,103,2
105,500,30.000000,60.000000,1,0,-2126237693,1280,50,1280,50,0,103,2
105,500,30.000000,60.000000,1,0,-2126237686,1276,47,1276,47,0,103,2
105,500,30.000000,60.000000,1,0,-2126237679,1272,44,1272,44,0,103,2
105,500,30.000000,60.000000,1,0,-2126237663,1269,42,1269,42,0,103,2
105,500,30.000000,60.000000,1,0,-2126237654,1267,39,1267,39,0,103,2
105,500,30.000000,60.000000,1,0,-2126237646,1267,38,1267,38,0,103,2
105,500,30.000000,60.000000,1,0,-2126237640,1268,36,1268,36,0,103,2
105,500,30.000000,60.000000,1,0,-2126237632,1270,35,1270,35,0,103,2
105,500,30.000000,60.000000,1,0,-2126237626,1272,34,1272,34,0,103,2
105,500,30.000000,60.000000,1,0,-2126237620,1272,34,1272,34,0,103,2
105,500,30.000000,60.000000,1,0,-2126237615,1272,34,1272,34,0,103,2
105,500,30.000000,60.000000,1,0,-2126237608,1272,33,1272,33,0,103,2
105,500,30.000000,60.000000,1,0,-2126237602,1271,33,1271,33,0,103,2
105,500,30.000000,60.000000,1,0,-2126237595,1269,32,1269,32,0,103,2
105,500,30.000000,60.000000,1,0,-2126237588,1266,32,1266,32,0,103,2
105,500,30.000000,60.000000,1,0,-2126237581,1263,31,1263,31,0,103,2
105,500,30.000000,60.000000,1,0,-2126237573,1258,31,1258,31,0,103,2
105,500,30.000000,60.000000,1,0,-2126237567,1250,30,1250,30,0,103,2
105,500,30.000000,60.000000,1,0,-2126237561,1243,30,1243,30,0,103,2
105,500,30.000000,60.000000,1,0,-2126237554,1234,30,1234,30,0,103,2
105,500,30.000000,60.000000,1,0,-2126237546,1223,29,1223,29,0,103,2
105,500,30.000000,60.000000,1,0,-2126237539,1218,29,1218,29,0,103,2
105,500,30.000000,60.000000,1,0,-2126237532,1215,28,1215,28,0,103,2
105,500,30.000000,60.000000,1,0,-2126237526,1213,28,1213,28,0,103,2
105,500,30.000000,60.000000,1,0,-2126237518,1210,28,1210,28,0,103,2
105,500,30.000000,60.000000,1,0,-2126237512,1210,28,1210,28,0,103,2
105,500,30.000000,60.000000,1,0,-2126237505,1210,28,1210,28,0,103,2
105,500,30.000000,60.000000,1,0,-2126237498,1210,28,1210,28,0,103,2
105,500,30.000000,60.000000,1,0,-2126237491,1210,28,1210,28,0,103,2
105,500,30.000000,60.000000,1,0,-2126237484,1210,28,1210,28,0,103,2
105,500,30.000000,60.000000,1,0,-2126237476,1210,28,1210,28,0,103,2
105,500,30.000000,60.000000,1,0,-2126237470,1210,28,1210,28,0,103,2
105,500,30.000000,60.000000,1,0,-2126237464,1210,28,1210,28,0,103,2
105,500,30.000000,60.000000,1,0,-2126237448,1210,28,1210,28,0,103,2
105,500,30.000000,60.000000,1,0,-2126237439,1210,28,1210,28,0,103,2
105,500,30.000000,60.000000,1,0,-2126237431,1210,28,1210,28,0,103,2
105,500,30.000000,60.000000,1,0,-2126237425,1210,28,1210,28,0,103,2
105,500,30.000000,60.000000,1,0,-2126237418,1210,28,1210,28,0,103,2
105,500,30.000000,60.000000,1,0,-2126237412,1211,28,1211,28,0,103,2
105,500,30.000000,60.000000,1,0,-2126237406,1211,28,1211,28,0,103,2
105,500,30.000000,60.000000,1,0,-2126237399,1211,28,1211,28,0,103,2
105,500,30.000000,60.000000,1,0,-2126237393,1212,28,1212,28,0,103,2
105,500,30.000000,60.000000,1,0,-2126237387,1212,27,1212,27,0,103,2
105,500,30.000000,60.000000,1,0,-2126237380,1213,27,1213,27,0,103,2
105,500,30.000000,60.000000,1,0,-2126237372,1214,27,1214,27,0,103,2
105,500,30.000000,60.000000,1,0,-2126237366,1215,27,1215,27,0,103,2
105,500,30.000000,60.000000,1,0,-2126237359,1216,27,1216,27,0,103,2
105,500,30.000000,60.000000,1,0,-2126237352,1217,27,1217,27,0,103,2
105,500,30.000000,60.000000,1,0,-2126237345,1217,27,1217,27,0,103,2
105,500,30.000000,60.000000,1,0,-2126237338,1217,27,1217,27,0,103,2
105,500,30.000000,60.000000,1,0,-2126237331,1217,27,1217,27,0,103,2
105,500,30.000000,60.000000,1,0,-2126237324,1217,27,1217,27,0,103,2
105,500,30.000000,60.000000,1,0,-2126237317,1217,27,1217,27,0,103,2
105,500,30.000000,60.000000,1,0,-2126237300,1217,27,1217,27,0,103,2
