105,500,30.000000,10000.000000,0,1,-2125599486,718,0,718,0,0,175,4
105,500,30.000000,10000.000000,0,1,-2125599484,718,0,718,0,0,175,4
105,500,30.000000,10000.000000,0,1,-2125599478,718,0,718,0,0,175,4
105,500,30.000000,10000.000000,0,1,-2125599471,718,0,718,0,0,175,4
105,500,30.000000,10000.000000,0,1,-2125599464,718,0,718,0,0,175,4
105,500,30.000000,10000.000000,0,1,-2125599457,718,0,718,0,0,175,4
105,500,30.000000,10000.000000,0,1,-2125599450,718,0,718,0,0,175,4
105,500,30.000000,10000.000000,0,1,-2125599443,718,0,718,0,0,175,4
105,500,30.000000,10000.000000,0,1,-2125599437,718,0,718,0,0,175,4
105,500,30.000000,10000.000000,0,1,-2125599429,718,0,718,0,0,175,4
105,500,30.000000,10000.000000,0,1,-2125599422,718,0,718,0,0,175,4
105,500,30.000000,10000.000000,0,1,-2125599415,718,0,718,0,0,175,4
105,500,30.000000,10000.000000,0,1,-2125599407,721,0,721,0,0,175,4
105,500,30.000000,10000.000000,0,1,-2125599400,728,0,728,0,0,175,4
105,500,30.000000,10000.000000,0,1,-2125599394,739,0,739,0,0,175,4
105,500,30.000000,10000.000000,0,1,-2125599387,752,0,752,0,0,175,4
105,500,30.000000,10000.000000,0,1,-2125599381,777,0,777,0,0,175,4
105,500,30.000000,10000.000000,0,1,-2125599373,801,1,801,1,0,175,4
105,500,30.000000,10000.000000,0,1,-2125599365,846,1,846,1,0,175,4
105,500,30.000000,10000.000000,0,1,-2125599359,880,1,880,1,0,175,4
105,500,30.000000,10000.000000,0,1,-2125599352,920,0,920,0,0,175,4
105,500,30.000000,10000.000000,0,1,-2125599346,960,0,960,-1,0,175,4
105,500,30.000000,10000.000000,0,1,-2125599339,998,0,998,-3,0,175,4
105,500,30.000000,10000.000000,0,1,-2125599332,1033,0,1033,-5,0,175,4
105,500,30.000000,10000.000000,0,1,-2125599325,1070,0,1070,-8,0,175,4
105,500,30.000000,10000.000000,0,1,-2125599319,1105,0,1105,-11,0,175,4
105,500,30.000000,10000.000000,0,1,-2125599312,1124,0,1124,-13,0,175,4
105,500,30.000000,10000.000000,0,1,-2125599305,1136,0,1136,-16,0,175,4
105,500,30.000000,10000.000000,0,1,-2125599297,1139,0,1139,-17,0,175,4
105,500,30.000000,10000.000000,0,1,-2125599290,1140,0,1140,-19,0,175,4
105,500,30.000000,10000.000000,0,1,-2125599283,1141,0,1141,-20,0,175,4
105,500,30.000000,10000.000000,0,1,-2125599276,1141,0,1141,-21,0,175,4
105,500,30.000000,10000.000000,0,1,-2125599269,1141,0,1141,-22,0,175,4
105,500,30.000000,10000.000000,0,1,-2125599262,1142,0,1142,-23,0,175,4
105,500,30.000000,10000.000000,0,1,-2125599255,1142,0,1142,-24,0,175,4
105,500,30.000000,10000.000000,0,1,-2125599248,1144,0,1144,-25,0,175,4
105,500,30.000000,10000.000000,0,1,-2125599242,1145,0,1145,-25,0,175,4
105,500,30.000000,10000.000000,0,1,-2125599235,1146,0,1146,-25,0,175,4
105,500,30.000000,10000.000000,0,1,-2125599228,1147,0,1147,-26,0,175,4
105,500,30.000000,10000.000000,0,1,-2125599220,1148,0,1148,-27,0,175,4
105,500,30.000000,10000.000000,0,1,-2125599214,1148,0,1148,-27,0,175,4
105,500,30.000000,10000.000000,0,1,-2125599208,1148,0,1148,-27,0,175,4
105,500,30.000000,10000.000000,0,1,-2125599201,1148,0,1148,-27,0,175,4
105,500,30.000000,10000.000000,0,1,-2125599194,1149,0,1149,-27,0,175,4
105,500,30.000000,10000.000000,0,1,-2125599186,1150,0,1150,-27,0,175,4
105,500,30.000000,10000.000000,0,1,-2125599180,1150,0,1150,-28,0,175,4
105,500,30.000000,10000.000000,0,1,-2125599164,1151,0,1151,-29,0,175,4
105,500,30.000000,10000.000000,0,1,-2125599154,1154,0,1154,-30,0,175,4
105,500,30.000000,10000.000000,0,1,-2125599146,1158,0,1158,-31,0,175,4
105,500,30.000000,10000.000000,0,1,-2125599138,1165,0,1165,-32,0,175,4
105,500,30.000000,10000.000000,0,1,-2125599130,1175,0,1175,-34,0,175,4
105,500,30.000000,10000.000000,0,1,-2125599124,1189,0,1189,-37,0,175,4
105,500,30.000000,10000.000000,0,1,-2125599117,1201,0,1201,-38,0,175,4
105,500,30.000000,10000.000000,0,1,-2125599110,1212,0,1212,-40,0,175,4
105,500,30.000000,10000.000000,0,1,-2125599103,1224,0,1224,-42,0,175,4
105,500,30.000000,10000.000000,0,1,-2125599096,1231,0,1231,-42,0,175,4
105,500,30.000000,10000.000000,0,1,-2125599088,1233,0,1233,-42,0,175,4
105,500,30.000000,10000.000000,0,1,-2125599082,1236,0,1236,-42,0,175,4
105,500,30.000000,10000.000000,0,1,-2125599075,1236,0,1236,-42,0,175,4
105,500,30.000000,10000.000000,0,1,-2125599068,1236,0,1236,-42,0,175,4
105,500,30.000000,10000.000000,0,1,-2125599060,1236,0,1236,-42,0,175,4
105,500,30.000000,10000.000000,0,1,-2125599053,1235,0,1235,-43,0,175,4
105,500,30.000000,10000.000000,0,1,-2125599048,1234,0,1234,-43,0,175,4
105,500,30.000000,10000.000000,0,1,-2125599041,1233,0,1233,-43,0,175,4
105,500,30.000000,10000.000000,0,1,-2125599034,1233,0,1233,-44,0,175,4
105,500,30.000000,10000.000000,0,1,-2125599026,1232,0,1232,-44,0,175,4
105,500,30.000000,10000.000000,0,1,-2125599020,1231,0,1231,-44,0,175,4
105,500,30.000000,10000.000000,0,1,-2125599012,1231,0,1231,-44,0,175,4
105,500,30.000000,10000.000000,0,1,-2125599005,1231,0,1231,-44,0,175,4
105,500,30.000000,10000.000000,0,1,-2125598998,1231,0,1231,-44,0,175,4
105,500,30.000000,10000.000000,0,1,-2125598992,1231,0,1231,-44,0,175,4
105,500,30.000000,10000.000000,0,1,-2125598985,1231,0,1231,-44,0,175,4
105,500,30.000000,10000.000000,0,1,-2125598979,1231,0,1231,-44,0,175,4
105,500,30.000000,10000.000000,0,1,-2125598971,1231,0,1231,-44,0,175,4
105,500,30.000000,10000.000000,0,1,-2125598965,1231,0,1231,-44,0,175,4
105,500,30.000000,10000.000000,0,1,-2125598958,1230,0,1230,-44,0,175,4
105,500,30.000000,10000.000000,0,1,-2125598951,1229,0,1229,-45,0,175,4
105,500,30.000000,10000.000000,0,1,-2125598943,1227,0,1227,-45,0,175,4
105,500,30.000000,10000.000000,0,1,-2125598936,1226,0,1226,-45,0,175,4
105,500,30.000000,10000.000000,0,1,-2125598930,1225,0,1225,-46,0,175,4
105,500,30.000000,10000.000000,0,1,-2125598923,1224,0,1224,-46,0,175,4
105,500,30.000000,10000.000000,0,1,-2125598915,1224,0,1224,-47,0,175,4
105,500,30.000000,10000.000000,0,1,-2125598898,1223,0,1223,-48,0,175,4
