105,500,30.000000,10000.000000,1,0,-2126353115,720,21,720,21,0,89,0
105,500,30.000000,10000.000000,1,0,-2126353113,720,21,720,21,0,89,0
105,500,30.000000,10000.000000,1,0,-2126353106,720,21,720,21,0,89,0
105,500,30.000000,10000.000000,1,0,-2126353099,720,21,720,21,0,89,0
105,500,30.000000,10000.000000,1,0,-2126353093,720,21,720,21,0,89,0
105,500,30.000000,10000.000000,1,0,-2126353086,720,21,720,21,0,89,0
105,500,30.000000,10000.000000,1,0,-2126353079,720,21,720,21,0,89,0
105,500,30.000000,10000.000000,1,0,-2126353072,720,21,720,21,0,89,0
105,500,30.000000,10000.000000,1,0,-2126353065,720,21,720,21,0,89,0
105,500,30.000000,10000.000000,1,0,-2126353057,720,21,720,21,0,89,0
105,500,30.000000,10000.000000,1,0,-2126353050,720,21,720,21,0,89,0
105,500,30.000000,10000.000000,1,0,-2126353044,720,21,720,21,0,89,0
105,500,30.000000,10000.000000,1,0,-2126353036,720,21,720,21,0,89,0
105,500,30.000000,10000.000000,1,0,-2126353030,721,21,721,21,0,89,0
105,500,30.000000,10000.000000,1,0,-2126353022,723,21,723,21,0,89,0
105,500,30.000000,10000.000000,1,0,-2126353015,727,23,727,23,0,89,0
105,500,30.000000,10000.000000,1,0,-2126353008,734,26,734,26,0,89,0
105,500,30.000000,10000.000000,1,0,-2126353002,743,29,743,29,0,89,0
105,500,30.000000,10000.000000,1,0,-2126352994,758,34,758,34,0,89,0
105,500,30.000000,10000.000000,1,0,-2126352987,783,42,783,42,0,89,0
105,500,30.000000,10000.000000,1,0,-2126352981,806,48,806,48,0,89,0
105,500,30.000000,10000.000000,1,0,-2126352974,844,57,844,57,0,89,0
105,500,30.000000,10000.000000,1,0,-2126352967,887,66,887,66,0,89,0
105,500,30.000000,10000.000000,1,0,-2126352960,934,72,934,72,0,89,0
105,500,30.000000,10000.000000,1,0,-2126352952,987,77,987,77,0,89,0
105,500,30.000000,10000.000000,1,0,-2126352946,1040,81,1040,81,0,89,0
105,500,30.000000,10000.000000,1,0,-2126352939,1093,84,1093,84,0,89,0
105,500,30.000000,10000.000000,1,0,-2126352933,1140,87,1140,87,0,89,0
105,500,30.000000,10000.000000,1,0,-2126352925,1171,89,1171,89,0,89,0
105,500,30.000000,10000.000000,1,0,-2126352918,1200,90,1200,90,0,89,0
105,500,30.000000,10000.000000,1,0,-2126352911,1217,90,1217,90,0,89,0
105,500,30.000000,10000.000000,1,0,-2126352904,1232,90,1232,90,0,89,0
105,500,30.000000,10000.000000,1,0,-2126352898,1243,88,1243,88,0,89,0
105,500,30.000000,10000.000000,1,0,-2126352891,1250,86,1250,86,0,89,0
105,500,30.000000,10000.000000,1,0,-2126352884,1252,84,1252,84,0,89,0
105,500,30.000000,10000.000000,1,0,-2126352876,1252,83,1252,83,0,89,0
105,500,30.000000,10000.000000,1,0,-2126352870,1250,80,1250,80,0,89,0
105,500,30.000000,10000.000000,1,0,-2126352863,1246,77,1246,77,0,89,0
105,500,30.000000,10000.000000,1,0,-2126352856,1241,74,1241,74,0,89,0
105,500,30.000000,10000.000000,1,0,-2126352849,1236,71,1236,71,0,89,0
105,500,30.000000,10000.000000,1,0,-2126352842,1232,68,1232,68,0,89,0
105,500,30.000000,10000.000000,1,0,-2126352835,1229,66,1229,66,0,89,0
105,500,30.000000,10000.000000,1,0,-2126352828,1227,64,1227,64,0,89,0
105,500,30.000000,10000.000000,1,0,-2126352822,1226,61,1226,61,0,89,0
105,500,30.000000,10000.000000,1,0,-2126352814,1225,57,1225,57,0,89,0
105,500,30.000000,10000.000000,1,0,-2126352807,1225,55,1225,55,0,89,0
105,500,30.000000,10000.000000,1,0,-2126352800,1225,53,1225,53,0,89,0
105,500,30.000000,10000.000000,1,0,-2126352793,1224,51,1224,51,0,89,0
105,500,30.000000,10000.000000,1,0,-2126352787,1224,49,1224,49,0,89,0
105,500,30.000000,10000.000000,1,0,-2126352780,1223,48,1223,48,0,89,0
105,500,30.000000,10000.000000,1,0,-2126352773,1222,46,1222,46,0,89,0
105,500,30.000000,10000.000000,1,0,-2126352766,1220,45,1220,45,0,89,0
105,500,30.000000,10000.000000,1,0,-2126352759,1217,44,1217,44,0,89,0
105,500,30.000000,10000.000000,1,0,-2126352752,1214,43,1214,43,0,89,0
105,500,30.000000,10000.000000,1,0,-2126352746,1210,42,1210,42,0,89,0
105,500,30.000000,10000.000000,1,0,-2126352738,1207,41,1207,41,0,89,0
105,500,30.000000,10000.000000,1,0,-2126352731,1204,41,1204,41,0,89,0
105,500,30.000000,10000.000000,1,0,-2126352724,1202,41,1202,41,0,89,0
105,500,30.000000,10000.000000,1,0,-2126352709,1202,40,1202,40,0,89,0
105,500,30.000000,10000.000000,1,0,-2126352700,1202,39,1202,39,0,89,0
105,500,30.000000,10000.000000,1,0,-2126352691,1202,37,1202,37,0,89,0
105,500,30.000000,10000.000000,1,0,-2126352685,1203,36,1203,36,0,89,0
105,500,30.000000,10000.000000,1,0,-2126352679,1204,35,1204,35,0,89,0
105,500,30.000000,10000.000000,1,0,-2126352672,1205,34,1205,34,0,89,0
105,500,30.000000,10000.000000,1,0,-2126352667,1205,34,1205,34,0,89,0
105,500,30.000000,10000.000000,1,0,-2126352661,1205,34,1205,34,0,89,0
105,500,30.000000,10000.000000,1,0,-2126352655,1205,33,1205,33,0,89,0
105,500,30.000000,10000.000000,1,0,-2126352648,1205,32,1205,32,0,89,0
105,500,30.000000,10000.000000,1,0,-2126352641,1205,30,1205,30,0,89,0
105,500,30.000000,10000.000000,1,0,-2126352634,1205,29,1205,29,0,89,0
105,500,30.000000,10000.000000,1,0,-2126352627,1205,28,1205,28,0,89,0
105,500,30.000000,10000.000000,1,0,-2126352621,1204,28,1204,28,0,89,0
105,500,30.000000,10000.000000,1,0,-2126352613,1204,27,1204,27,0,89,0
105,500,30.000000,10000.000000,1,0,-2126352607,1204,26,1204,26,0,89,0
105,500,30.000000,10000.000000,1,0,-2126352599,1204,26,1204,26,0,89,0
105,500,30.000000,10000.000000,1,0,-2126352593,1204,26,1204,26,0,89,0
105,500,30.000000,10000.000000,1,0,-2126352586,1204,26,1204,26,0,89,0
105,500,30.000000,10000.000000,1,0,-2126352578,1204,25,1204,25,0,89,0
105,500,30.000000,10000.000000,1,0,-2126352572,1205,25,1205,25,0,89,0
105,500,30.000000,10000.000000,1,0,-2126352564,1206,24,1206,24,0,89,0
105,500,30.000000,10000.000000,1,0,-2126352557,1208,24,1208,24,0,89,0
105,500,30.000000,10000.000000,1,0,-2126352551,1208,23,1208,23,0,89,0
105,500,30.000000,10000.000000,1,0,-2126352533,1208,22,1208,22,0,89,0
