105,1000,30.000000,10000.000000,1,2,-2127041427,468,14,468,14,0,10,2
105,1000,30.000000,10000.000000,1,2,-2127041426,468,14,468,14,0,10,2
105,1000,30.000000,10000.000000,1,2,-2127041420,468,14,468,14,0,10,2
105,1000,30.000000,10000.000000,1,2,-2127041413,468,14,468,14,0,10,2
105,1000,30.000000,10000.000000,1,2,-2127041407,468,14,468,14,0,10,2
105,1000,30.000000,10000.000000,1,2,-2127041401,468,14,468,14,0,10,2
105,1000,30.000000,10000.000000,1,2,-2127041395,468,14,468,14,0,10,2
105,1000,30.000000,10000.000000,1,2,-2127041389,468,14,468,14,0,10,2
105,1000,30.000000,10000.000000,1,2,-2127041382,468,14,468,14,0,10,2
105,1000,30.000000,10000.000000,1,2,-2127041375,468,14,468,14,0,10,2
105,1000,30.000000,10000.000000,1,2,-2127041368,469,14,469,14,0,10,2
105,1000,30.000000,10000.000000,1,2,-2127041361,472,14,472,14,0,10,2
105,1000,30.000000,10000.000000,1,2,-2127041354,477,14,477,14,0,10,2
105,1000,30.000000,10000.000000,1,2,-2127041347,488,16,488,16,0,10,2
105,1000,30.000000,10000.000000,1,2,-2127041340,505,19,505,19,0,10,2
105,1000,30.000000,10000.000000,1,2,-2127041332,535,24,535,24,0,10,2
105,1000,30.000000,10000.000000,1,2,-2127041326,575,29,575,29,0,10,2
105,1000,30.000000,10000.000000,1,2,-2127041318,630,34,630,34,0,10,2
105,1000,30.000000,10000.000000,1,2,-2127041312,694,38,694,38,0,10,2
105,1000,30.000000,10000.000000,1,2,-2127041305,766,42,766,42,0,10,2
105,1000,30.000000,10000.000000,1,2,-2127041299,822,44,822,44,0,10,2
105,1000,30.000000,10000.000000,1,2,-2127041292,911,45,911,45,0,10,2
105,1000,30.000000,10000.000000,1,2,-2127041285,1013,47,1013,47,0,10,2
105,1000,30.000000,10000.000000,1,2,-2127041278,1111,48,1111,48,0,10,2
105,1000,30.000000,10000.000000,1,2,-2127041270,1197,49,1197,49,0,10,2
105,1000,30.000000,10000.000000,1,2,-2127041263,1287,49,1287,49,0,10,2
105,1000,30.000000,10000.000000,1,2,-2127041256,1347,49,1347,49,0,10,2
105,1000,30.000000,10000.000000,1,2,-2127041250,1414,45,1414,45,0,10,2
105,1000,30.000000,10000.000000,1,2,-2127041235,1466,40,1466,40,0,10,2
105,1000,30.000000,10000.000000,1,2,-2127041225,1561,29,1561,29,0,10,2
105,1000,30.000000,10000.000000,1,2,-2127041218,1587,24,1587,24,0,10,2
105,1000,30.000000,10000.000000,1,2,-2127041211,1590,22,1590,22,0,10,2
105,1000,30.000000,10000.000000,1,2,-2127041205,1590,21,1590,21,0,10,2
105,1000,30.000000,10000.000000,1,2,-2127041199,1588,20,1588,20,0,10,2
105,1000,30.000000,10000.000000,1,2,-2127041193,1584,19,1584,19,0,10,2
105,1000,30.000000,10000.000000,1,2,-2127041187,1579,18,1579,18,0,10,2
105,1000,30.000000,10000.000000,1,2,-2127041180,1575,18,1575,18,0,10,2
105,1000,30.000000,10000.000000,1,2,-2127041173,1570,17,1570,17,0,10,2
105,1000,30.000000,10000.000000,1,2,-2127041167,1565,16,1565,16,0,10,2
105,1000,30.000000,10000.000000,1,2,-2127041160,1562,16,1562,16,0,10,2
105,1000,30.000000,10000.000000,1,2,-2127041153,1559,16,1559,16,0,10,2
105,1000,30.000000,10000.000000,1,2,-2127041145,1555,15,1555,15,0,10,2
105,1000,30.000000,10000.000000,1,2,-2127041139,1555,15,1555,15,0,10,2
105,1000,30.000000,10000.000000,1,2,-2127041132,1555,15,1555,15,0,10,2
105,1000,30.000000,10000.000000,1,2,-2127041125,1555,15,1555,15,0,10,2
105,1000,30.000000,10000.000000,1,2,-2127041117,1556,14,1556,14,0,10,2
105,1000,30.000000,10000.000000,1,2,-2127041110,1557,13,1557,13,0,10,2
105,1000,30.000000,10000.000000,1,2,-2127041103,1557,13,1557,13,0,10,2
105,1000,30.000000,10000.000000,1,2,-2127041097,1557,13,1557,13,0,10,2
105,1000,30.000000,10000.000000,1,2,-2127041090,1557,13,1557,13,0,10,2
105,1000,30.000000,10000.000000,1,2,-2127041075,1557,13,1557,13,0,10,2
105,1000,30.000000,10000.000000,1,2,-2127041066,1556,12,1556,12,0,10,2
105,1000,30.000000,10000.000000,1,2,-2127041058,1554,12,1554,12,0,10,2
105,1000,30.000000,10000.000000,1,2,-2127041051,1551,12,1551,12,0,10,2
105,1000,30.000000,10000.000000,1,2,-2127041044,1548,12,1548,12,0,10,2
105,1000,30.000000,10000.000000,1,2,-2127041037,1545,12,1545,12,0,10,2
105,1000,30.000000,10000.000000,1,2,-2127041031,1542,12,1542,12,0,10,2
105,1000,30.000000,10000.000000,1,2,-2127041025,1539,12,1539,12,0,10,2
105,1000,30.000000,10000.000000,1,2,-2127041018,1536,12,1536,12,0,10,2
105,1000,30.000000,10000.000000,1,2,-2127041012,1529,12,1529,12,0,10,2
105,1000,30.000000,10000.000000,1,2,-2127041006,1521,13,1521,13,0,10,2
105,1000,30.000000,10000.000000,1,2,-2127040999,1511,14,1511,14,0,10,2
105,1000,30.000000,10000.000000,1,2,-2127040992,1496,15,1496,15,0,10,2
105,1000,30.000000,10000.000000,1,2,-2127040986,1477,16,1477,16,0,10,2
105,1000,30.000000,10000.000000,1,2,-2127040979,1454,19,1454,19,0,10,2
105,1000,30.000000,10000.000000,1,2,-2127040972,1430,22,1430,22,0,10,2
105,1000,30.000000,10000.000000,1,2,-2127040965,1412,24,1412,24,0,10,2
105,1000,30.000000,10000.000000,1,2,-2127040958,1397,26,1397,26,0,10,2
105,1000,30.000000,10000.000000,1,2,-2127040951,1388,26,1388,26,0,10,2
105,1000,30.000000,10000.000000,1,2,-2127040945,1381,27,1381,27,0,10,2
105,1000,30.000000,10000.000000,1,2,-2127040937,1379,27,1379,27,0,10,2
105,1000,30.000000,10000.000000,1,2,-2127040931,1377,27,1377,27,0,10,2
105,1000,30.000000,10000.000000,1,2,-2127040924,1378,27,1378,27,0,10,2
105,1000,30.000000,10000.000000,1,2,-2127040916,1382,26,1382,26,0,10,2
105,1000,30.000000,10000.000000,1,2,-2127040910,1387,24,1387,24,0,10,2
105,1000,30.000000,10000.000000,1,2,-2127040903,1393,22,1393,22,0,10,2
105,1000,30.000000,10000.000000,1,2,-2127040896,1399,20,1399,20,0,10,2
105,1000,30.000000,10000.000000,1,2,-2127040888,1402,19,1402,19,0,10,2
105,1000,30.000000,10000.000000,1,2,-2127040881,1405,18,1405,18,0,10,2
105,1000,30.000000,10000.000000,1,2,-2127040875,1406,18,1406,18,0,10,2
105,1000,30.000000,10000.000000,1,2,-2127040867,1407,18,1407,18,0,10,2
105,1000,30.000000,10000.000000,1,2,-2127040861,1408,17,1408,17,0,10,2
105,1000,30.000000,10000.000000,1,2,-2127040854,1409,17,1409,17,0,10,2
105,1000,30.000000,10000.000000,1,2,-2127040847,1410,17,1410,17,0,10,2
105,1000,30.000000,10000.000000,1,2,-2127040840,1411,17,1411,17,0,10,2
105,1000,30.000000,10000.000000,1,2,-2127040826,1413,16,1413,16,0,10,2
105,1000,30.000000,10000.000000,1,2,-2127040820,1420,15,1420,15,0,10,2
105,1000,30.000000,10000.000000,1,2,-2127040813,1423,14,1423,14,0,10,2
105,1000,30.000000,10000.000000,1,2,-2127040806,1428,13,1428,13,0,10,2
105,1000,30.000000,10000.000000,1,2,-2127040799,1432,12,1432,12,0,10,2
105,1000,30.000000,10000.000000,1,2,-2127040791,1435,12,1435,12,0,10,2
105,1000,30.000000,10000.000000,1,2,-2127040785,1438,12,1438,12,0,10,2
105,1000,30.000000,10000.000000,1,2,-2127040778,1440,12,1440,12,0,10,2
105,1000,30.000000,10000.000000,1,2,-2127040771,1441,12,1441,12,0,10,2
105,1000,30.000000,10000.000000,1,2,-2127040764,1442,12,1442,12,0,10,2
105,1000,30.000000,10000.000000,1,2,-2127040757,1442,12,1442,12,0,10,2
105,1000,30.000000,10000.000000,1,2,-2127040750,1442,12,1442,12,0,10,2
105,1000,30.000000,10000.000000,1,2,-2127040743,1441,12,1441,12,0,10,2
105,1000,30.000000,10000.000000,1,2,-2127040736,1439,12,1439,12,0,10,2
105,1000,30.000000,10000.000000,1,2,-2127040729,1437,13,1437,13,0,10,2
105,1000,30.000000,10000.000000,1,2,-2127040722,1436,13,1436,13,0,10,2
105,1000,30.000000,10000.000000,1,2,-2127040714,1436,13,1436,13,0,10,2
105,1000,30.000000,10000.000000,1,2,-2127040700,1436,13,1436,13,0,10,2
105,1000,30.000000,10000.000000,1,2,-2127040691,1436,13,1436,13,0,10,2
105,1000,30.000000,10000.000000,1,2,-2127040683,1437,13,1437,13,0,10,2
105,1000,30.000000,10000.000000,1,2,-2127040677,1439,13,1439,13,0,10,2
105,1000,30.000000,10000.000000,1,2,-2127040670,1441,13,1441,13,0,10,2
105,1000,30.000000,10000.000000,1,2,-2127040664,1443,13,1443,13,0,10,2
105,1000,30.000000,10000.000000,1,2,-2127040656,1444,13,1444,13,0,10,2
105,1000,30.000000,10000.000000,1,2,-2127040650,1445,13,1445,13,0,10,2
105,1000,30.000000,10000.000000,1,2,-2127040632,1446,13,1446,13,0,10,2
