105,1000,30.000000,10000.000000,1,1,-2125905465,459,16,459,16,0,141,0
105,1000,30.000000,10000.000000,1,1,-2125905463,459,16,459,16,0,141,0
105,1000,30.000000,10000.000000,1,1,-2125905457,459,16,459,16,0,141,0
105,1000,30.000000,10000.000000,1,1,-2125905450,459,16,459,16,0,141,0
105,1000,30.000000,10000.000000,1,1,-2125905443,459,16,459,16,0,141,0
105,1000,30.000000,10000.000000,1,1,-2125905437,459,16,459,16,0,141,0
105,1000,30.000000,10000.000000,1,1,-2125905429,459,16,459,16,0,141,0
105,1000,30.000000,10000.000000,1,1,-2125905423,459,16,459,16,0,141,0
105,1000,30.000000,10000.000000,1,1,-2125905415,459,16,459,16,0,141,0
105,1000,30.000000,10000.000000,1,1,-2125905409,459,16,459,16,0,141,0
105,1000,30.000000,10000.000000,1,1,-2125905401,462,16,462,16,0,141,0
105,1000,30.000000,10000.000000,1,1,-2125905394,467,17,467,17,0,141,0
105,1000,30.000000,10000.000000,1,1,-2125905387,477,19,477,19,0,141,0
105,1000,30.000000,10000.000000,1,1,-2125905379,494,22,494,22,0,141,0
105,1000,30.000000,10000.000000,1,1,-2125905370,537,30,537,30,0,141,0
105,1000,30.000000,10000.000000,1,1,-2125905362,590,40,590,40,0,141,0
105,1000,30.000000,10000.000000,1,1,-2125905356,658,51,658,51,0,141,0
105,1000,30.000000,10000.000000,1,1,-2125905350,707,57,707,57,0,141,0
105,1000,30.000000,10000.000000,1,1,-2125905343,767,64,767,64,0,141,0
105,1000,30.000000,10000.000000,1,1,-2125905336,833,71,833,71,0,141,0
105,1000,30.000000,10000.000000,1,1,-2125905330,889,75,889,75,0,141,0
105,1000,30.000000,10000.000000,1,1,-2125905323,945,80,945,80,0,141,0
105,1000,30.000000,10000.000000,1,1,-2125905317,989,82,989,82,0,141,0
105,1000,30.000000,10000.000000,1,1,-2125905310,1045,82,1045,82,0,141,0
105,1000,30.000000,10000.000000,1,1,-2125905304,1102,82,1102,82,0,141,0
105,1000,30.000000,10000.000000,1,1,-2125905296,1152,79,1152,79,0,141,0
105,1000,30.000000,10000.000000,1,1,-2125905290,1191,75,1191,75,0,141,0
105,1000,30.000000,10000.000000,1,1,-2125905283,1230,70,1230,70,0,141,0
105,1000,30.000000,10000.000000,1,1,-2125905268,1258,64,1258,64,0,141,0
105,1000,30.000000,10000.000000,1,1,-2125905259,1300,52,1300,52,0,141,0
105,1000,30.000000,10000.000000,1,1,-2125905251,1312,46,1312,46,0,141,0
105,1000,30.000000,10000.000000,1,1,-2125905244,1314,43,1314,43,0,141,0
105,1000,30.000000,10000.000000,1,1,-2125905238,1314,42,1314,42,0,141,0
105,1000,30.000000,10000.000000,1,1,-2125905232,1314,41,1314,41,0,141,0
105,1000,30.000000,10000.000000,1,1,-2125905226,1314,40,1314,40,0,141,0
105,1000,30.000000,10000.000000,1,1,-2125905220,1314,39,1314,39,0,141,0
105,1000,30.000000,10000.000000,1,1,-2125905213,1313,38,1313,38,0,141,0
105,1000,30.000000,10000.000000,1,1,-2125905206,1312,38,1312,38,0,141,0
105,1000,30.000000,10000.000000,1,1,-2125905200,1311,38,1311,38,0,141,0
105,1000,30.000000,10000.000000,1,1,-2125905193,1311,38,1311,38,0,141,0
105,1000,30.000000,10000.000000,1,1,-2125905186,1311,37,1311,37,0,141,0
105,1000,30.000000,10000.000000,1,1,-2125905179,1311,37,1311,37,0,141,0
105,1000,30.000000,10000.000000,1,1,-2125905173,1311,37,1311,37,0,141,0
105,1000,30.000000,10000.000000,1,1,-2125905165,1312,36,1312,36,0,141,0
105,1000,30.000000,10000.000000,1,1,-2125905158,1313,36,1313,36,0,141,0
105,1000,30.000000,10000.000000,1,1,-2125905143,1315,35,1315,35,0,141,0
105,1000,30.000000,10000.000000,1,1,-2125905133,1319,33,1319,33,0,141,0
105,1000,30.000000,10000.000000,1,1,-2125905126,1321,31,1321,31,0,141,0
105,1000,30.000000,10000.000000,1,1,-2125905119,1324,30,1324,30,0,141,0
105,1000,30.000000,10000.000000,1,1,-2125905113,1330,28,1330,28,0,141,0
105,1000,30.000000,10000.000000,1,1,-2125905107,1333,27,1333,27,0,141,0
105,1000,30.000000,10000.000000,1,1,-2125905101,1339,26,1339,26,0,141,0
105,1000,30.000000,10000.000000,1,1,-2125905095,1349,24,1349,24,0,141,0
105,1000,30.000000,10000.000000,1,1,-2125905088,1357,22,1357,22,0,141,0
105,1000,30.000000,10000.000000,1,1,-2125905082,1371,21,1371,21,0,141,0
105,1000,30.000000,10000.000000,1,1,-2125905075,1385,20,1385,20,0,141,0
105,1000,30.000000,10000.000000,1,1,-2125905068,1404,19,1404,19,0,141,0
105,1000,30.000000,10000.000000,1,1,-2125905061,1425,19,1425,19,0,141,0
105,1000,30.000000,10000.000000,1,1,-2125905055,1441,19,1441,19,0,141,0
105,1000,30.000000,10000.000000,1,1,-2125905048,1457,18,1457,18,0,141,0
105,1000,30.000000,10000.000000,1,1,-2125905040,1471,18,1471,18,0,141,0
105,1000,30.000000,10000.000000,1,1,-2125905033,1483,18,1483,18,0,141,0
105,1000,30.000000,10000.000000,1,1,-2125905026,1489,18,1489,18,0,141,0
105,1000,30.000000,10000.000000,1,1,-2125905019,1492,18,1492,18,0,141,0
105,1000,30.000000,10000.000000,1,1,-2125905012,1496,18,1496,18,0,141,0
105,1000,30.000000,10000.000000,1,1,-2125905005,1496,18,1496,18,0,141,0
105,1000,30.000000,10000.000000,1,1,-2125904998,1496,18,1496,18,0,141,0
105,1000,30.000000,10000.000000,1,1,-2125904991,1493,18,1493,18,0,141,0
105,1000,30.000000,10000.000000,1,1,-2125904983,1488,18,1488,18,0,141,0
105,1000,30.000000,10000.000000,1,1,-2125904974,1480,18,1480,18,0,141,0
105,1000,30.000000,10000.000000,1,1,-2125904967,1470,18,1470,18,0,141,0
105,1000,30.000000,10000.000000,1,1,-2125904960,1462,18,1462,18,0,141,0
105,1000,30.000000,10000.000000,1,1,-2125904954,1460,18,1460,18,0,141,0
105,1000,30.000000,10000.000000,1,1,-2125904948,1460,18,1460,18,0,141,0
105,1000,30.000000,10000.000000,1,1,-2125904941,1460,18,1460,18,0,141,0
105,1000,30.000000,10000.000000,1,1,-2125904935,1460,18,1460,18,0,141,0
105,1000,30.000000,10000.000000,1,1,-2125904929,1459,18,1459,18,0,141,0
105,1000,30.000000,10000.000000,1,1,-2125904922,1459,18,1459,18,0,141,0
105,1000,30.000000,10000.000000,1,1,-2125904915,1459,18,1459,18,0,141,0
105,1000,30.000000,10000.000000,1,1,-2125904909,1459,18,1459,18,0,141,0
105,1000,30.000000,10000.000000,1,1,-2125904902,1459,18,1459,18,0,141,0
105,1000,30.000000,10000.000000,1,1,-2125904895,1459,18,1459,18,0,141,0
105,1000,30.000000,10000.000000,1,1,-2125904888,1459,18,1459,18,0,141,0
105,1000,30.000000,10000.000000,1,1,-2125904880,1459,18,1459,18,0,141,0
105,1000,30.000000,10000.000000,1,1,-2125904874,1459,18,1459,18,0,141,0
105,1000,30.000000,10000.000000,1,1,-2125904867,1459,18,1459,18,0,141,0
105,1000,30.000000,10000.000000,1,1,-2125904859,1459,18,1459,18,0,141,0
105,1000,30.000000,10000.000000,1,1,-2125904852,1459,18,1459,18,0,141,0
105,1000,30.000000,10000.000000,1,1,-2125904846,1459,18,1459,18,0,141,0
105,1000,30.000000,10000.000000,1,1,-2125904838,1459,18,1459,18,0,141,0
105,1000,30.000000,10000.000000,1,1,-2125904832,1459,18,1459,18,0,141,0
105,1000,30.000000,10000.000000,1,1,-2125904825,1459,18,1459,18,0,141,0
105,1000,30.000000,10000.000000,1,1,-2125904817,1459,18,1459,18,0,141,0
105,1000,30.000000,10000.000000,1,1,-2125904811,1459,18,1459,18,0,141,0
105,1000,30.000000,10000.000000,1,1,-2125904803,1459,18,1459,18,0,141,0
105,1000,30.000000,10000.000000,1,1,-2125904797,1459,18,1459,18,0,141,0
105,1000,30.000000,10000.000000,1,1,-2125904791,1459,18,1459,18,0,141,0
105,1000,30.000000,10000.000000,1,1,-2125904783,1459,18,1459,18,0,141,0
105,1000,30.000000,10000.000000,1,1,-2125904757,1459,18,1459,18,0,141,0
