105,500,30.000000,60.000000,1,1,-2125957309,705,18,705,18,0,134,2
105,500,30.000000,60.000000,1,1,-2125957307,705,18,705,18,0,134,2
105,500,30.000000,60.000000,1,1,-2125957301,705,18,705,18,0,134,2
105,500,30.000000,60.000000,1,1,-2125957295,705,18,705,18,0,134,2
105,500,30.000000,60.000000,1,1,-2125957288,705,18,705,18,0,134,2
105,500,30.000000,60.000000,1,1,-2125957282,705,18,705,18,0,134,2
105,500,30.000000,60.000000,1,1,-2125957275,705,18,705,18,0,134,2
105,500,30.000000,60.000000,1,1,-2125957269,705,18,705,18,0,134,2
105,500,30.000000,60.000000,1,1,-2125957262,705,18,705,18,0,134,2
105,500,30.000000,60.000000,1,1,-2125957255,705,18,705,18,0,134,2
105,500,30.000000,60.000000,1,1,-2125957247,706,18,706,18,0,134,2
105,500,30.000000,60.000000,1,1,-2125957240,708,18,708,18,0,134,2
105,500,30.000000,60.000000,1,1,-2125957233,712,18,712,18,0,134,2
105,500,30.000000,60.000000,1,1,-2125957226,724,20,724,20,0,134,2
105,500,30.000000,60.000000,1,1,-2125957219,740,24,740,24,0,134,2
105,500,30.000000,60.000000,1,1,-2125957212,761,29,761,29,0,134,2
105,500,30.000000,60.000000,1,1,-2125957205,788,35,788,35,0,134,2
105,500,30.000000,60.000000,1,1,-2125957198,817,42,817,42,0,134,2
105,500,30.000000,60.000000,1,1,-2125957192,848,47,848,47,0,134,2
105,500,30.000000,60.000000,1,1,-2125957185,888,56,888,56,0,134,2
105,500,30.000000,60.000000,1,1,-2125957178,919,61,919,61,0,134,2
105,500,30.000000,60.000000,1,1,-2125957172,949,65,949,65,0,134,2
105,500,30.000000,60.000000,1,1,-2125957163,991,70,991,70,0,134,2
105,500,30.000000,60.000000,1,1,-2125957157,1020,73,1020,73,0,134,2
105,500,30.000000,60.000000,1,1,-2125957150,1050,76,1050,76,0,134,2
105,500,30.000000,60.000000,1,1,-2125957144,1083,78,1083,78,0,134,2
105,500,30.000000,60.000000,1,1,-2125957137,1108,78,1108,78,0,134,2
105,500,30.000000,60.000000,1,1,-2125957130,1135,78,1135,78,0,134,2
105,500,30.000000,60.000000,1,1,-2125957123,1155,78,1155,78,0,134,2
105,500,30.000000,60.000000,1,1,-2125957116,1169,76,1169,76,0,134,2
105,500,30.000000,60.000000,1,1,-2125957108,1182,73,1182,73,0,134,2
105,500,30.000000,60.000000,1,1,-2125957101,1189,71,1189,71,0,134,2
105,500,30.000000,60.000000,1,1,-2125957095,1192,69,1192,69,0,134,2
105,500,30.000000,60.000000,1,1,-2125957088,1193,68,1193,68,0,134,2
105,500,30.000000,60.000000,1,1,-2125957081,1193,66,1193,66,0,134,2
105,500,30.000000,60.000000,1,1,-2125957074,1193,63,1193,63,0,134,2
105,500,30.000000,60.000000,1,1,-2125957067,1192,61,1192,61,0,134,2
105,500,30.000000,60.000000,1,1,-2125957060,1191,58,1191,58,0,134,2
105,500,30.000000,60.000000,1,1,-2125957054,1190,56,1190,56,0,134,2
105,500,30.000000,60.000000,1,1,-2125957045,1190,54,1190,54,0,134,2
105,500,30.000000,60.000000,1,1,-2125957039,1190,52,1190,52,0,134,2
105,500,30.000000,60.000000,1,1,-2125957032,1190,50,1190,50,0,134,2
105,500,30.000000,60.000000,1,1,-2125957026,1190,48,1190,48,0,134,2
105,500,30.000000,60.000000,1,1,-2125957019,1190,47,1190,47,0,134,2
105,500,30.000000,60.000000,1,1,-2125957012,1190,45,1190,45,0,134,2
105,500,30.000000,60.000000,1,1,-2125957004,1190,43,1190,43,0,134,2
105,500,30.000000,60.000000,1,1,-2125956998,1190,42,1190,42,0,134,2
105,500,30.000000,60.000000,1,1,-2125956990,1190,40,1190,40,0,134,2
105,500,30.000000,60.000000,1,1,-2125956983,1191,39,1191,39,0,134,2
105,500,30.000000,60.000000,1,1,-2125956976,1192,37,1192,37,0,134,2
105,500,30.000000,60.000000,1,1,-2125956969,1193,35,1193,35,0,134,2
105,500,30.000000,60.000000,1,1,-2125956963,1195,32,1195,32,0,134,2
105,500,30.000000,60.000000,1,1,-2125956956,1197,31,1197,31,0,134,2
105,500,30.000000,60.000000,1,1,-2125956949,1199,30,1199,30,0,134,2
105,500,30.000000,60.000000,1,1,-2125956941,1201,28,1201,28,0,134,2
105,500,30.000000,60.000000,1,1,-2125956933,1203,27,1203,27,0,134,2
105,500,30.000000,60.000000,1,1,-2125956926,1204,25,1204,25,0,134,2
105,500,30.000000,60.000000,1,1,-2125956919,1204,23,1204,23,0,134,2
105,500,30.000000,60.000000,1,1,-2125956912,1204,22,1204,22,0,134,2
105,500,30.000000,60.000000,1,1,-2125956905,1205,20,1205,20,0,134,2
105,500,30.000000,60.000000,1,1,-2125956899,1206,19,1206,19,0,134,2
105,500,30.000000,60.000000,1,1,-2125956892,1207,18,1207,18,0,134,2
105,500,30.000000,60.000000,1,1,-2125956886,1208,18,1208,18,0,134,2
105,500,30.000000,60.000000,1,1,-2125956878,1209,18,1209,18,0,134,2
105,500,30.000000,60.000000,1,1,-2125956872,1209,18,1209,18,0,134,2
105,500,30.000000,60.000000,1,1,-2125956866,1210,17,1210,17,0,134,2
105,500,30.000000,60.000000,1,1,-2125956859,1211,15,1211,15,0,134,2
105,500,30.000000,60.000000,1,1,-2125956852,1211,15,1211,15,0,134,2
105,500,30.000000,60.000000,1,1,-2125956845,1211,15,1211,15,0,134,2
105,500,30.000000,60.000000,1,1,-2125956838,1211,15,1211,15,0,134,2
105,500,30.000000,60.000000,1,1,-2125956831,1211,15,1211,15,0,134,2
105,500,30.000000,60.000000,1,1,-2125956823,1211,15,1211,15,0,134,2
105,500,30.000000,60.000000,1,1,-2125956806,1211,15,1211,15,0,134,2
