105,1000,30.000000,0.000000,1,0,-2126346996,460,20,460,20,0,89,5
105,1000,30.000000,0.000000,1,0,-2126346995,460,20,460,20,0,89,5
105,1000,30.000000,0.000000,1,0,-2126346989,461,20,461,20,0,89,5
105,1000,30.000000,0.000000,1,0,-2126346982,462,20,462,20,0,89,5
105,1000,30.000000,0.000000,1,0,-2126346975,463,20,463,20,0,89,5
105,1000,30.000000,0.000000,1,0,-2126346967,463,20,463,20,0,89,5
105,1000,30.000000,0.000000,1,0,-2126346961,463,20,463,20,0,89,5
105,1000,30.000000,0.000000,1,0,-2126346954,463,20,463,20,0,89,5
105,1000,30.000000,0.000000,1,0,-2126346946,463,20,463,20,0,89,5
105,1000,30.000000,0.000000,1,0,-2126346939,464,20,464,20,0,89,5
105,1000,30.000000,0.000000,1,0,-2126346932,466,20,466,20,0,89,5
105,1000,30.000000,0.000000,1,0,-2126346925,470,21,470,21,0,89,5
105,1000,30.000000,0.000000,1,0,-2126346919,480,24,480,24,0,89,5
105,1000,30.000000,0.000000,1,0,-2126346912,494,28,494,28,0,89,5
105,1000,30.000000,0.000000,1,0,-2126346905,513,33,513,33,0,89,5
105,1000,30.000000,0.000000,1,0,-2126346898,541,39,541,39,0,89,5
105,1000,30.000000,0.000000,1,0,-2126346890,580,46,580,46,0,89,5
105,1000,30.000000,0.000000,1,0,-2126346884,631,55,631,55,0,89,5
105,1000,30.000000,0.000000,1,0,-2126346877,700,65,700,65,0,89,5
105,1000,30.000000,0.000000,1,0,-2126346870,768,72,768,72,0,89,5
105,1000,30.000000,0.000000,1,0,-2126346863,838,77,838,77,0,89,5
105,1000,30.000000,0.000000,1,0,-2126346856,904,81,904,81,0,89,5
105,1000,30.000000,0.000000,1,0,-2126346849,988,85,988,85,0,89,5
105,1000,30.000000,0.000000,1,0,-2126346842,1057,86,1057,86,0,89,5
105,1000,30.000000,0.000000,1,0,-2126346835,1123,86,1123,86,0,89,5
105,1000,30.000000,0.000000,1,0,-2126346828,1174,86,1174,86,0,89,5
105,1000,30.000000,0.000000,1,0,-2126346821,1241,83,1241,83,0,89,5
105,1000,30.000000,0.000000,1,0,-2126346814,1286,79,1286,79,0,89,5
105,1000,30.000000,0.000000,1,0,-2126346807,1308,76,1308,76,0,89,5
105,1000,30.000000,0.000000,1,0,-2126346800,1335,71,1335,71,0,89,5
105,1000,30.000000,0.000000,1,0,-2126346794,1354,66,1354,66,0,89,5
105,1000,30.000000,0.000000,1,0,-2126346787,1366,62,1366,62,0,89,5
105,1000,30.000000,0.000000,1,0,-2126346779,1375,57,1375,57,0,89,5
105,1000,30.000000,0.000000,1,0,-2126346772,1382,52,1382,52,0,89,5
105,1000,30.000000,0.000000,1,0,-2126346766,1386,49,1386,49,0,89,5
105,1000,30.000000,0.000000,1,0,-2126346759,1388,46,1388,46,0,89,5
105,1000,30.000000,0.000000,1,0,-2126346752,1390,43,1390,43,0,89,5
105,1000,30.000000,0.000000,1,0,-2126346745,1392,40,1392,40,0,89,5
105,1000,30.000000,0.000000,1,0,-2126346738,1393,39,1393,39,0,89,5
105,1000,30.000000,0.000000,1,0,-2126346731,1395,37,1395,37,0,89,5
105,1000,30.000000,0.000000,1,0,-2126346724,1397,35,1397,35,0,89,5
105,1000,30.000000,0.000000,1,0,-2126346717,1399,33,1399,33,0,89,5
105,1000,30.000000,0.000000,1,0,-2126346711,1401,31,1401,31,0,89,5
105,1000,30.000000,0.000000,1,0,-2126346704,1403,30,1403,30,0,89,5
105,1000,30.000000,0.000000,1,0,-2126346696,1405,29,1405,29,0,89,5
105,1000,30.000000,0.000000,1,0,-2126346690,1408,28,1408,28,0,89,5
105,1000,30.000000,0.000000,1,0,-2126346682,1410,28,1410,28,0,89,5
105,1000,30.000000,0.000000,1,0,-2126346676,1413,27,1413,27,0,89,5
105,1000,30.000000,0.000000,1,0,-2126346669,1416,26,1416,26,0,89,5
105,1000,30.000000,0.000000,1,0,-2126346662,1418,25,1418,25,0,89,5
105,1000,30.000000,0.000000,1,0,-2126346655,1420,25,1420,25,0,89,5
105,1000,30.000000,0.000000,1,0,-2126346649,1422,25,1422,25,0,89,5
105,1000,30.000000,0.000000,1,0,-2126346642,1423,25,1423,25,0,89,5
105,1000,30.000000,0.000000,1,0,-2126346635,1425,25,1425,25,0,89,5
105,1000,30.000000,0.000000,1,0,-2126346623,1427,25,1427,25,0,89,5
105,1000,30.000000,0.000000,1,0,-2126346616,1427,25,1427,25,0,89,5
105,1000,30.000000,0.000000,1,0,-2126346608,1427,25,1427,25,0,89,5
105,1000,30.000000,0.000000,1,0,-2126346602,1427,25,1427,25,0,89,5
105,1000,30.000000,0.000000,1,0,-2126346595,1427,25,1427,25,0,89,5
105,1000,30.000000,0.000000,1,0,-2126346588,1427,25,1427,25,0,89,5
105,1000,30.000000,0.000000,1,0,-2126346582,1427,25,1427,25,0,89,5
105,1000,30.000000,0.000000,1,0,-2126346576,1427,25,1427,25,0,89,5
105,1000,30.000000,0.000000,1,0,-2126346570,1427,25,1427,25,0,89,5
105,1000,30.000000,0.000000,1,0,-2126346563,1428,25,1428,25,0,89,5
105,1000,30.000000,0.000000,1,0,-2126346557,1430,25,1430,25,0,89,5
105,1000,30.000000,0.000000,1,0,-2126346550,1432,25,1432,25,0,89,5
105,1000,30.000000,0.000000,1,0,-2126346544,1434,25,1434,25,0,89,5
105,1000,30.000000,0.000000,1,0,-2126346537,1436,25,1436,25,0,89,5
105,1000,30.000000,0.000000,1,0,-2126346530,1437,25,1437,25,0,89,5
105,1000,30.000000,0.000000,1,0,-2126346523,1439,25,1439,25,0,89,5
105,1000,30.000000,0.000000,1,0,-2126346516,1440,25,1440,25,0,89,5
105,1000,30.000000,0.000000,1,0,-2126346508,1441,25,1441,25,0,89,5
105,1000,30.000000,0.000000,1,0,-2126346502,1441,25,1441,25,0,89,5
105,1000,30.000000,0.000000,1,0,-2126346495,1441,25,1441,25,0,89,5
105,1000,30.000000,0.000000,1,0,-2126346489,1441,25,1441,25,0,89,5
105,1000,30.000000,0.000000,1,0,-2126346482,1441,25,1441,25,0,89,5
105,1000,30.000000,0.000000,1,0,-2126346475,1441,25,1441,25,0,89,5
105,1000,30.000000,0.000000,1,0,-2126346468,1441,25,1441,25,0,89,5
105,1000,30.000000,0.000000,1,0,-2126346461,1441,25,1441,25,0,89,5
105,1000,30.000000,0.000000,1,0,-2126346454,1442,25,1442,25,0,89,5
105,1000,30.000000,0.000000,1,0,-2126346447,1444,25,1444,25,0,89,5
105,1000,30.000000,0.000000,1,0,-2126346440,1446,24,1446,24,0,89,5
105,1000,30.000000,0.000000,1,0,-2126346433,1448,23,1448,23,0,89,5
105,1000,30.000000,0.000000,1,0,-2126346426,1449,22,1449,22,0,89,5
105,1000,30.000000,0.000000,1,0,-2126346407,1451,21,1451,21,0,89,5
