105,1000,30.000000,60.000000,1,0,-2126215798,468,23,468,23,0,106,1
105,1000,30.000000,60.000000,1,0,-2126215796,468,23,468,23,0,106,1
105,1000,30.000000,60.000000,1,0,-2126215790,468,23,468,23,0,106,1
105,1000,30.000000,60.000000,1,0,-2126215783,468,23,468,23,0,106,1
105,1000,30.000000,60.000000,1,0,-2126215775,468,23,468,23,0,106,1
105,1000,30.000000,60.000000,1,0,-2126215769,468,23,468,23,0,106,1
105,1000,30.000000,60.000000,1,0,-2126215763,468,23,468,23,0,106,1
105,1000,30.000000,60.000000,1,0,-2126215755,468,23,468,23,0,106,1
105,1000,30.000000,60.000000,1,0,-2126215748,468,23,468,23,0,106,1
105,1000,30.000000,60.000000,1,0,-2126215741,468,24,468,24,0,106,1
105,1000,30.000000,60.000000,1,0,-2126215734,468,25,468,25,0,106,1
105,1000,30.000000,60.000000,1,0,-2126215727,471,26,471,26,0,106,1
105,1000,30.000000,60.000000,1,0,-2126215720,476,27,476,27,0,106,1
105,1000,30.000000,60.000000,1,0,-2126215713,485,29,485,29,0,106,1
105,1000,30.000000,60.000000,1,0,-2126215706,501,31,501,31,0,106,1
105,1000,30.000000,60.000000,1,0,-2126215699,530,35,530,35,0,106,1
105,1000,30.000000,60.000000,1,0,-2126215692,559,38,559,38,0,106,1
105,1000,30.000000,60.000000,1,0,-2126215686,610,44,610,44,0,106,1
105,1000,30.000000,60.000000,1,0,-2126215679,649,49,649,49,0,106,1
105,1000,30.000000,60.000000,1,0,-2126215672,714,55,714,55,0,106,1
105,1000,30.000000,60.000000,1,0,-2126215664,784,62,784,62,0,106,1
105,1000,30.000000,60.000000,1,0,-2126215658,854,67,854,67,0,106,1
105,1000,30.000000,60.000000,1,0,-2126215651,923,72,923,72,0,106,1
105,1000,30.000000,60.000000,1,0,-2126215644,988,74,988,74,0,106,1
105,1000,30.000000,60.000000,1,0,-2126215637,1056,74,1056,74,0,106,1
105,1000,30.000000,60.000000,1,0,-2126215630,1120,74,1120,74,0,106,1
105,1000,30.000000,60.000000,1,0,-2126215624,1182,74,1182,74,0,106,1
105,1000,30.000000,60.000000,1,0,-2126215617,1233,72,1233,72,0,106,1
105,1000,30.000000,60.000000,1,0,-2126215609,1267,70,1267,70,0,106,1
105,1000,30.000000,60.000000,1,0,-2126215602,1296,67,1296,67,0,106,1
105,1000,30.000000,60.000000,1,0,-2126215596,1319,63,1319,63,0,106,1
105,1000,30.000000,60.000000,1,0,-2126215589,1332,61,1332,61,0,106,1
105,1000,30.000000,60.000000,1,0,-2126215582,1345,57,1345,57,0,106,1
105,1000,30.000000,60.000000,1,0,-2126215575,1353,54,1353,54,0,106,1
105,1000,30.000000,60.000000,1,0,-2126215568,1359,52,1359,52,0,106,1
105,1000,30.000000,60.000000,1,0,-2126215561,1365,51,1365,51,0,106,1
105,1000,30.000000,60.000000,1,0,-2126215554,1369,49,1369,49,0,106,1
105,1000,30.000000,60.000000,1,0,-2126215547,1371,48,1371,48,0,106,1
105,1000,30.000000,60.000000,1,0,-2126215541,1371,47,1371,47,0,106,1
105,1000,30.000000,60.000000,1,0,-2126215533,1371,46,1371,46,0,106,1
105,1000,30.000000,60.000000,1,0,-2126215527,1371,44,1371,44,0,106,1
105,1000,30.000000,60.000000,1,0,-2126215520,1371,43,1371,43,0,106,1
105,1000,30.000000,60.000000,1,0,-2126215513,1371,42,1371,42,0,106,1
105,1000,30.000000,60.000000,1,0,-2126215506,1372,42,1372,42,0,106,1
105,1000,30.000000,60.000000,1,0,-2126215499,1374,41,1374,41,0,106,1
105,1000,30.000000,60.000000,1,0,-2126215492,1375,41,1375,41,0,106,1
105,1000,30.000000,60.000000,1,0,-2126215484,1376,40,1376,40,0,106,1
105,1000,30.000000,60.000000,1,0,-2126215477,1378,40,1378,40,0,106,1
105,1000,30.000000,60.000000,1,0,-2126215471,1381,39,1381,39,0,106,1
105,1000,30.000000,60.000000,1,0,-2126215463,1383,38,1383,38,0,106,1
105,1000,30.000000,60.000000,1,0,-2126215457,1386,37,1386,37,0,106,1
105,1000,30.000000,60.000000,1,0,-2126215450,1390,36,1390,36,0,106,1
105,1000,30.000000,60.000000,1,0,-2126215442,1394,35,1394,35,0,106,1
105,1000,30.000000,60.000000,1,0,-2126215436,1400,34,1400,34,0,106,1
105,1000,30.000000,60.000000,1,0,-2126215429,1405,33,1405,33,0,106,1
105,1000,30.000000,60.000000,1,0,-2126215422,1412,32,1412,32,0,106,1
105,1000,30.000000,60.000000,1,0,-2126215415,1418,32,1418,32,0,106,1
105,1000,30.000000,60.000000,1,0,-2126215408,1426,32,1426,32,0,106,1
105,1000,30.000000,60.000000,1,0,-2126215401,1433,32,1433,32,0,106,1
105,1000,30.000000,60.000000,1,0,-2126215394,1442,32,1442,32,0,106,1
105,1000,30.000000,60.000000,1,0,-2126215388,1452,32,1452,32,0,106,1
105,1000,30.000000,60.000000,1,0,-2126215381,1462,32,1462,32,0,106,1
105,1000,30.000000,60.000000,1,0,-2126215373,1471,32,1471,32,0,106,1
105,1000,30.000000,60.000000,1,0,-2126215366,1478,32,1478,32,0,106,1
105,1000,30.000000,60.000000,1,0,-2126215359,1483,32,1483,32,0,106,1
105,1000,30.000000,60.000000,1,0,-2126215352,1484,31,1484,31,0,106,1
105,1000,30.000000,60.000000,1,0,-2126215346,1484,30,1484,30,0,106,1
105,1000,30.000000,60.000000,1,0,-2126215339,1484,29,1484,29,0,106,1
105,1000,30.000000,60.000000,1,0,-2126215332,1483,28,1483,28,0,106,1
105,1000,30.000000,60.000000,1,0,-2126215325,1481,28,1481,28,0,106,1
105,1000,30.000000,60.000000,1,0,-2126215317,1480,28,1480,28,0,106,1
105,1000,30.000000,60.000000,1,0,-2126215310,1479,28,1479,28,0,106,1
105,1000,30.000000,60.000000,1,0,-2126215303,1479,27,1479,27,0,106,1
105,1000,30.000000,60.000000,1,0,-2126215297,1478,27,1478,27,0,106,1
105,1000,30.000000,60.000000,1,0,-2126215290,1477,27,1477,27,0,106,1
105,1000,30.000000,60.000000,1,0,-2126215283,1477,27,1477,27,0,106,1
105,1000,30.000000,60.000000,1,0,-2126215276,1477,27,1477,27,0,106,1
105,1000,30.000000,60.000000,1,0,-2126215269,1477,27,1477,27,0,106,1
105,1000,30.000000,60.000000,1,0,-2126215262,1477,27,1477,27,0,106,1
105,1000,30.000000,60.000000,1,0,-2126215256,1477,26,1477,26,0,106,1
105,1000,30.000000,60.000000,1,0,-2126215248,1477,25,1477,25,0,106,1
105,1000,30.000000,60.000000,1,0,-2126215233,1477,25,1477,25,0,106,1
105,1000,30.000000,60.000000,1,0,-2126215224,1477,24,1477,24,0,106,1
105,1000,30.000000,60.000000,1,0,-2126215216,1476,24,1476,24,0,106,1
105,1000,30.000000,60.000000,1,0,-2126215209,1474,23,1474,23,0,106,1
105,1000,30.000000,60.000000,1,0,-2126215203,1472,23,1472,23,0,106,1
105,1000,30.000000,60.000000,1,0,-2126215196,1470,22,1470,22,0,106,1
105,1000,30.000000,60.000000,1,0,-2126215190,1469,22,1469,22,0,106,1
105,1000,30.000000,60.000000,1,0,-2126215184,1467,22,1467,22,0,106,1
105,1000,30.000000,60.000000,1,0,-2126215178,1467,21,1467,21,0,106,1
105,1000,30.000000,60.000000,1,0,-2126215171,1467,20,1467,20,0,106,1
105,1000,30.000000,60.000000,1,0,-2126215165,1467,20,1467,20,0,106,1
105,1000,30.000000,60.000000,1,0,-2126215159,1467,20,1467,20,0,106,1
105,1000,30.000000,60.000000,1,0,-2126215148,1467,20,1467,20,0,106,1
105,1000,30.000000,60.000000,1,0,-2126215141,1467,20,1467,20,0,106,1
105,1000,30.000000,60.000000,1,0,-2126215135,1467,20,1467,20,0,106,1
105,1000,30.000000,60.000000,1,0,-2126215118,1467,20,1467,20,0,106,1
