105,1000,30.000000,60.000000,1,0,-2126348267,462,21,462,21,0,89,4
105,1000,30.000000,60.000000,1,0,-2126348265,462,21,462,21,0,89,4
105,1000,30.000000,60.000000,1,0,-2126348259,462,21,462,21,0,89,4
105,1000,30.000000,60.000000,1,0,-2126348253,462,21,462,21,0,89,4
105,1000,30.000000,60.000000,1,0,-2126348246,462,21,462,21,0,89,4
105,1000,30.000000,60.000000,1,0,-2126348239,462,21,462,21,0,89,4
105,1000,30.000000,60.000000,1,0,-2126348231,462,21,462,21,0,89,4
105,1000,30.000000,60.000000,1,0,-2126348225,462,21,462,21,0,89,4
105,1000,30.000000,60.000000,1,0,-2126348217,462,21,462,21,0,89,4
105,1000,30.000000,60.000000,1,0,-2126348210,462,21,462,21,0,89,4
105,1000,30.000000,60.000000,1,0,-2126348204,462,21,462,21,0,89,4
105,1000,30.000000,60.000000,1,0,-2126348197,462,21,462,21,0,89,4
105,1000,30.000000,60.000000,1,0,-2126348189,465,22,465,22,0,89,4
105,1000,30.000000,60.000000,1,0,-2126348183,470,23,470,23,0,89,4
105,1000,30.000000,60.000000,1,0,-2126348176,482,26,482,26,0,89,4
105,1000,30.000000,60.000000,1,0,-2126348169,502,30,502,30,0,89,4
105,1000,30.000000,60.000000,1,0,-2126348162,524,34,524,34,0,89,4
105,1000,30.000000,60.000000,1,0,-2126348155,565,39,565,39,0,89,4
105,1000,30.000000,60.000000,1,0,-2126348148,616,43,616,43,0,89,4
105,1000,30.000000,60.000000,1,0,-2126348141,668,48,668,48,0,89,4
105,1000,30.000000,60.000000,1,0,-2126348134,735,53,735,53,0,89,4
105,1000,30.000000,60.000000,1,0,-2126348128,804,56,804,56,0,89,4
105,1000,30.000000,60.000000,1,0,-2126348121,875,58,875,58,0,89,4
105,1000,30.000000,60.000000,1,0,-2126348113,944,59,944,59,0,89,4
105,1000,30.000000,60.000000,1,0,-2126348106,1002,59,1002,59,0,89,4
105,1000,30.000000,60.000000,1,0,-2126348099,1070,59,1070,59,0,89,4
105,1000,30.000000,60.000000,1,0,-2126348092,1126,59,1126,59,0,89,4
105,1000,30.000000,60.000000,1,0,-2126348085,1178,57,1178,57,0,89,4
105,1000,30.000000,60.000000,1,0,-2126348079,1230,53,1230,53,0,89,4
105,1000,30.000000,60.000000,1,0,-2126348072,1268,49,1268,49,0,89,4
105,1000,30.000000,60.000000,1,0,-2126348064,1302,44,1302,44,0,89,4
105,1000,30.000000,60.000000,1,0,-2126348057,1344,37,1344,37,0,89,4
105,1000,30.000000,60.000000,1,0,-2126348051,1366,33,1366,33,0,89,4
105,1000,30.000000,60.000000,1,0,-2126348043,1377,31,1377,31,0,89,4
105,1000,30.000000,60.000000,1,0,-2126348036,1388,27,1388,27,0,89,4
105,1000,30.000000,60.000000,1,0,-2126348030,1393,24,1393,24,0,89,4
105,1000,30.000000,60.000000,1,0,-2126348024,1397,22,1397,22,0,89,4
105,1000,30.000000,60.000000,1,0,-2126348017,1399,21,1399,21,0,89,4
105,1000,30.000000,60.000000,1,0,-2126348009,1400,20,1400,20,0,89,4
105,1000,30.000000,60.000000,1,0,-2126348003,1401,19,1401,19,0,89,4
105,1000,30.000000,60.000000,1,0,-2126347996,1401,18,1401,18,0,89,4
105,1000,30.000000,60.000000,1,0,-2126347988,1401,18,1401,18,0,89,4
105,1000,30.000000,60.000000,1,0,-2126347981,1401,18,1401,18,0,89,4
105,1000,30.000000,60.000000,1,0,-2126347975,1401,18,1401,18,0,89,4
105,1000,30.000000,60.000000,1,0,-2126347967,1401,18,1401,18,0,89,4
105,1000,30.000000,60.000000,1,0,-2126347960,1402,17,1402,17,0,89,4
105,1000,30.000000,60.000000,1,0,-2126347954,1404,17,1404,17,0,89,4
105,1000,30.000000,60.000000,1,0,-2126347947,1406,16,1406,16,0,89,4
105,1000,30.000000,60.000000,1,0,-2126347940,1410,16,1410,16,0,89,4
105,1000,30.000000,60.000000,1,0,-2126347933,1415,15,1415,15,0,89,4
105,1000,30.000000,60.000000,1,0,-2126347925,1420,14,1420,14,0,89,4
105,1000,30.000000,60.000000,1,0,-2126347919,1425,13,1425,13,0,89,4
105,1000,30.000000,60.000000,1,0,-2126347912,1428,13,1428,13,0,89,4
105,1000,30.000000,60.000000,1,0,-2126347905,1431,13,1431,13,0,89,4
105,1000,30.000000,60.000000,1,0,-2126347899,1433,12,1433,12,0,89,4
105,1000,30.000000,60.000000,1,0,-2126347891,1434,11,1434,11,0,89,4
105,1000,30.000000,60.000000,1,0,-2126347885,1436,10,1436,10,0,89,4
105,1000,30.000000,60.000000,1,0,-2126347877,1437,10,1437,10,0,89,4
105,1000,30.000000,60.000000,1,0,-2126347871,1439,10,1439,10,0,89,4
105,1000,30.000000,60.000000,1,0,-2126347864,1440,10,1440,10,0,89,4
105,1000,30.000000,60.000000,1,0,-2126347856,1442,10,1442,10,0,89,4
105,1000,30.000000,60.000000,1,0,-2126347849,1444,10,1444,10,0,89,4
105,1000,30.000000,60.000000,1,0,-2126347841,1447,10,1447,10,0,89,4
105,1000,30.000000,60.000000,1,0,-2126347836,1452,11,1452,11,0,89,4
105,1000,30.000000,60.000000,1,0,-2126347828,1457,12,1457,12,0,89,4
105,1000,30.000000,60.000000,1,0,-2126347822,1461,13,1461,13,0,89,4
105,1000,30.000000,60.000000,1,0,-2126347814,1463,13,1463,13,0,89,4
105,1000,30.000000,60.000000,1,0,-2126347807,1466,14,1466,14,0,89,4
105,1000,30.000000,60.000000,1,0,-2126347801,1466,14,1466,14,0,89,4
105,1000,30.000000,60.000000,1,0,-2126347793,1466,14,1466,14,0,89,4
105,1000,30.000000,60.000000,1,0,-2126347787,1465,15,1465,15,0,89,4
105,1000,30.000000,60.000000,1,0,-2126347780,1463,15,1463,15,0,89,4
105,1000,30.000000,60.000000,1,0,-2126347774,1461,16,1461,16,0,89,4
105,1000,30.000000,60.000000,1,0,-2126347767,1458,16,1458,16,0,89,4
105,1000,30.000000,60.000000,1,0,-2126347760,1455,16,1455,16,0,89,4
105,1000,30.000000,60.000000,1,0,-2126347752,1452,16,1452,16,0,89,4
105,1000,30.000000,60.000000,1,0,-2126347746,1451,17,1451,17,0,89,4
105,1000,30.000000,60.000000,1,0,-2126347738,1450,18,1450,18,0,89,4
105,1000,30.000000,60.000000,1,0,-2126347731,1449,18,1449,18,0,89,4
105,1000,30.000000,60.000000,1,0,-2126347724,1448,18,1448,18,0,89,4
105,1000,30.000000,60.000000,1,0,-2126347718,1448,18,1448,18,0,89,4
105,1000,30.000000,60.000000,1,0,-2126347711,1448,18,1448,18,0,89,4
105,1000,30.000000,60.000000,1,0,-2126347693,1448,18,1448,18,0,89,4
