105,500,30.000000,60.000000,0,3,-2126433595,704,0,704,0,1,80,3
105,500,30.000000,60.000000,0,3,-2126433593,704,0,704,0,1,80,3
105,500,30.000000,60.000000,0,3,-2126433587,704,0,704,0,1,80,3
105,500,30.000000,60.000000,0,3,-2126433579,704,0,704,0,1,80,3
105,500,30.000000,60.000000,0,3,-2126433571,704,0,704,0,1,80,3
105,500,30.000000,60.000000,0,3,-2126433565,704,0,704,0,1,80,3
105,500,30.000000,60.000000,0,3,-2126433558,704,0,704,0,1,80,3
105,500,30.000000,60.000000,0,3,-2126433550,704,0,704,0,1,80,3
105,500,30.000000,60.000000,0,3,-2126433544,704,0,704,0,1,80,3
105,500,30.000000,60.000000,0,3,-2126433538,704,0,704,0,1,80,3
105,500,30.000000,60.000000,0,3,-2126433531,705,0,705,0,1,80,3
105,500,30.000000,60.000000,0,3,-2126433525,706,0,706,-1,1,80,3
105,500,30.000000,60.000000,0,3,-2126433518,708,0,708,-1,1,80,3
105,500,30.000000,60.000000,0,3,-2126433513,711,0,711,-2,1,80,3
105,500,30.000000,60.000000,0,3,-2126433506,715,0,715,-2,1,80,3
105,500,30.000000,60.000000,0,3,-2126433499,722,0,722,-2,1,80,3
105,500,30.000000,60.000000,0,3,-2126433493,731,0,731,-2,1,80,3
105,500,30.000000,60.000000,0,3,-2126433486,741,0,741,-2,1,80,3
105,500,30.000000,60.000000,0,3,-2126433479,761,0,761,-2,1,80,3
105,500,30.000000,60.000000,0,3,-2126433472,783,0,783,-2,1,80,3
105,500,30.000000,60.000000,0,3,-2126433465,804,0,804,-3,1,80,3
105,500,30.000000,60.000000,0,3,-2126433458,828,0,828,-5,1,80,3
105,500,30.000000,60.000000,0,3,-2126433452,866,0,866,-8,1,80,3
105,500,30.000000,60.000000,0,3,-2126433445,900,0,900,-10,1,80,3
105,500,30.000000,60.000000,0,3,-2126433438,946,0,946,-14,1,80,3
105,500,30.000000,60.000000,0,3,-2126433431,983,0,983,-18,1,80,3
105,500,30.000000,60.000000,0,3,-2126433424,1023,0,1023,-22,1,80,3
105,500,30.000000,60.000000,0,3,-2126433417,1056,0,1056,-25,1,80,3
105,500,30.000000,60.000000,0,3,-2126433410,1084,0,1084,-27,1,80,3
105,500,30.000000,60.000000,0,3,-2126433403,1104,0,1104,-29,1,80,3
105,500,30.000000,60.000000,0,3,-2126433397,1120,0,1120,-30,1,80,3
105,500,30.000000,60.000000,0,3,-2126433390,1135,0,1135,-31,1,80,3
105,500,30.000000,60.000000,0,3,-2126433383,1145,0,1145,-32,1,80,3
105,500,30.000000,60.000000,0,3,-2126433376,1153,0,1153,-34,1,80,3
105,500,30.000000,60.000000,0,3,-2126433369,1161,0,1161,-36,1,80,3
105,500,30.000000,60.000000,0,3,-2126433361,1165,0,1165,-37,1,80,3
105,500,30.000000,60.000000,0,3,-2126433354,1167,0,1167,-37,1,80,3
105,500,30.000000,60.000000,0,3,-2126433348,1169,0,1169,-37,1,80,3
105,500,30.000000,60.000000,0,3,-2126433341,1171,0,1171,-37,1,80,3
105,500,30.000000,60.000000,0,3,-2126433333,1171,0,1171,-38,1,80,3
105,500,30.000000,60.000000,0,3,-2126433326,1171,0,1171,-38,1,80,3
105,500,30.000000,60.000000,0,3,-2126433319,1171,0,1171,-38,1,80,3
105,500,30.000000,60.000000,0,3,-2126433313,1171,0,1171,-38,1,80,3
105,500,30.000000,60.000000,0,3,-2126433306,1171,0,1171,-38,1,80,3
105,500,30.000000,60.000000,0,3,-2126433298,1171,0,1171,-38,1,80,3
105,500,30.000000,60.000000,0,3,-2126433292,1171,0,1171,-38,1,80,3
105,500,30.000000,60.000000,0,3,-2126433285,1171,0,1171,-38,1,80,3
105,500,30.000000,60.000000,0,3,-2126433278,1171,0,1171,-38,1,80,3
105,500,30.000000,60.000000,0,3,-2126433271,1171,0,1171,-38,1,80,3
105,500,30.000000,60.000000,0,3,-2126433264,1171,0,1171,-38,1,80,3
105,500,30.000000,60.000000,0,3,-2126433258,1171,0,1171,-38,1,80,3
105,500,30.000000,60.000000,0,3,-2126433250,1171,0,1171,-38,1,80,3
105,500,30.000000,60.000000,0,3,-2126433243,1171,0,1171,-39,1,80,3
105,500,30.000000,60.000000,0,3,-2126433237,1171,0,1171,-39,1,80,3
105,500,30.000000,60.000000,0,3,-2126433230,1171,0,1171,-39,1,80,3
105,500,30.000000,60.000000,0,3,-2126433223,1171,0,1171,-39,1,80,3
105,500,30.000000,60.000000,0,3,-2126433215,1171,0,1171,-39,1,80,3
105,500,30.000000,60.000000,0,3,-2126433209,1171,0,1171,-39,1,80,3
105,500,30.000000,60.000000,0,3,-2126433202,1171,0,1171,-39,1,80,3
105,500,30.000000,60.000000,0,3,-2126433195,1172,0,1172,-39,1,80,3
105,500,30.000000,60.000000,0,3,-2126433187,1173,0,1173,-39,1,80,3
105,500,30.000000,60.000000,0,3,-2126433180,1175,0,1175,-40,1,80,3
105,500,30.000000,60.000000,0,3,-2126433173,1185,0,1185,-41,1,80,3
105,500,30.000000,60.000000,0,3,-2126433167,1191,0,1191,-43,1,80,3
105,500,30.000000,60.000000,0,3,-2126433160,1196,0,1196,-44,1,80,3
105,500,30.000000,60.000000,0,3,-2126433153,1203,0,1203,-45,1,80,3
105,500,30.000000,60.000000,0,3,-2126433146,1210,0,1210,-46,1,80,3
105,500,30.000000,60.000000,0,3,-2126433138,1214,0,1214,-47,1,80,3
105,500,30.000000,60.000000,0,3,-2126433130,1216,0,1216,-48,1,80,3
105,500,30.000000,60.000000,0,3,-2126433124,1217,0,1217,-48,1,80,3
105,500,30.000000,60.000000,0,3,-2126433118,1218,0,1218,-48,1,80,3
105,500,30.000000,60.000000,0,3,-2126433111,1218,0,1218,-49,1,80,3
105,500,30.000000,60.000000,0,3,-2126433105,1218,0,1218,-49,1,80,3
105,500,30.000000,60.000000,0,3,-2126433097,1217,0,1217,-49,1,80,3
105,500,30.000000,60.000000,0,3,-2126433090,1215,0,1215,-49,1,80,3
105,500,30.000000,60.000000,0,3,-2126433083,1214,0,1214,-49,1,80,3
105,500,30.000000,60.000000,0,3,-2126433076,1213,0,1213,-49,1,80,3
105,500,30.000000,60.000000,0,3,-2126433069,1212,0,1212,-49,1,80,3
105,500,30.000000,60.000000,0,3,-2126433063,1211,0,1211,-49,1,80,3
105,500,30.000000,60.000000,0,3,-2126433056,1211,0,1211,-49,1,80,3
105,500,30.000000,60.000000,0,3,-2126433048,1211,0,1211,-49,1,80,3
105,500,30.000000,60.000000,0,3,-2126433031,1211,0,1211,-49,0,80,3
