101,720,21.600000,43.200000,1,0,868578497,603,0,603,0,0,57,2
101,720,21.600000,43.200000,1,0,868578498,603,0,603,0,0,57,2
101,720,21.600000,43.200000,1,0,868578504,603,0,603,0,0,57,2
101,720,21.600000,43.200000,1,0,868578509,603,0,603,0,0,57,2
101,720,21.600000,43.200000,1,0,868578515,603,0,603,0,0,57,2
101,720,21.600000,43.200000,1,0,868578520,603,0,603,0,0,57,2
101,720,21.600000,43.200000,1,0,868578526,603,0,603,0,0,57,2
101,720,21.600000,43.200000,1,0,868578531,603,0,603,0,0,57,2
101,720,21.600000,43.200000,1,0,868578538,603,0,603,0,0,57,2
101,720,21.600000,43.200000,1,0,868578544,603,0,603,0,0,57,2
101,720,21.600000,43.200000,1,0,868578550,603,0,603,0,0,57,2
101,720,21.600000,43.200000,1,0,868578555,603,0,603,0,0,57,2
101,720,21.600000,43.200000,1,0,868578561,603,0,603,0,0,57,2
101,720,21.600000,43.200000,1,0,868578566,603,0,603,0,0,57,2
101,720,21.600000,43.200000,1,0,868578572,603,0,603,0,0,57,2
101,720,21.600000,43.200000,1,0,868578578,607,0,607,0,0,57,2
101,720,21.600000,43.200000,1,0,868578583,614,0,614,0,0,57,2
101,720,21.600000,43.200000,1,0,868578589,620,0,620,0,0,57,2
101,720,21.600000,43.200000,1,0,868578594,630,0,630,-1,0,57,2
101,720,21.600000,43.200000,1,0,868578600,646,0,646,-1,0,57,2
101,720,21.600000,43.200000,1,0,868578606,663,0,663,-2,0,57,2
101,720,21.600000,43.200000,1,0,868578611,680,0,680,-3,0,57,2
101,720,21.600000,43.200000,1,0,868578617,695,0,695,-5,0,57,2
101,720,21.600000,43.200000,1,0,868578622,717,0,717,-7,0,57,2
101,720,21.600000,43.200000,1,0,868578628,744,0,744,-9,0,57,2
101,720,21.600000,43.200000,1,0,868578633,771,0,771,-11,0,57,2
101,720,21.600000,43.200000,1,0,868578639,805,0,805,-14,0,57,2
101,720,21.600000,43.200000,1,0,868578647,840,0,840,-17,0,57,2
101,720,21.600000,43.200000,1,0,868578653,897,0,897,-24,0,57,2
101,720,21.600000,43.200000,1,0,868578658,941,0,941,-29,0,57,2
101,720,21.600000,43.200000,1,0,868578665,982,0,982,-34,0,57,2
101,720,21.600000,43.200000,1,0,868578670,1033,0,1033,-41,0,57,2
101,720,21.600000,43.200000,1,0,868578676,1062,0,1062,-45,0,57,2
101,720,21.600000,43.200000,1,0,868578681,1096,0,1096,-50,0,57,2
101,720,21.600000,43.200000,1,0,868578687,1130,0,1130,-55,0,57,2
101,720,21.600000,43.200000,1,0,868578693,1158,0,1158,-59,0,57,2
101,720,21.600000,43.200000,1,0,868578699,1187,0,1187,-64,0,57,2
101,720,21.600000,43.200000,1,0,868578705,1227,0,1227,-70,0,57,2
101,720,21.600000,43.200000,1,0,868578710,1250,0,1250,-74,0,57,2
101,720,21.600000,43.200000,1,0,868578715,1272,0,1272,-78,0,57,2
101,720,21.600000,43.200000,1,0,868578721,1294,0,1294,-82,0,57,2
101,720,21.600000,43.200000,1,0,868578727,1313,0,1313,-86,0,57,2
101,720,21.600000,43.200000,1,0,868578732,1327,0,1327,-89,0,57,2
101,720,21.600000,43.200000,1,0,868578738,1337,0,1337,-91,0,57,2
101,720,21.600000,43.200000,1,0,868578744,1344,0,1344,-92,0,57,2
101,720,21.600000,43.200000,1,0,868578751,1347,0,1347,-93,0,57,2
101,720,21.600000,43.200000,1,0,868578757,1351,0,1351,-94,0,57,2
101,720,21.600000,43.200000,1,0,868578763,1351,0,1351,-94,0,57,2
101,720,21.600000,43.200000,1,0,868578768,1351,0,1351,-94,0,57,2
101,720,21.600000,43.200000,1,0,868578774,1351,0,1351,-94,0,57,2
101,720,21.600000,43.200000,1,0,868578779,1351,0,1351,-94,0,57,2
101,720,21.600000,43.200000,1,0,868578785,1350,0,1350,-94,0,57,2
101,720,21.600000,43.200000,1,0,868578792,1349,0,1349,-94,0,57,2
101,720,21.600000,43.200000,1,0,868578798,1347,0,1347,-94,0,57,2
101,720,21.600000,43.200000,1,0,868578804,1346,0,1346,-94,0,57,2
101,720,21.600000,43.200000,1,0,868578810,1346,0,1346,-94,0,57,2
101,720,21.600000,43.200000,1,0,868578816,1346,0,1346,-94,0,57,2
101,720,21.600000,43.200000,1,0,868578821,1346,0,1346,-94,0,57,2
101,720,21.600000,43.200000,1,0,868578826,1346,0,1346,-94,0,57,2
101,720,21.600000,43.200000,1,0,868578832,1346,0,1346,-94,0,57,2
101,720,21.600000,43.200000,1,0,868578838,1346,0,1346,-94,0,57,2
101,720,21.600000,43.200000,1,0,868578843,1346,0,1346,-94,0,57,2
101,720,21.600000,43.200000,1,0,868578848,1346,0,1346,-94,0,57,2
101,720,21.600000,43.200000,1,0,868578854,1346,0,1346,-94,0,57,2
101,720,21.600000,43.200000,1,0,868578860,1346,0,1346,-94,0,57,2
101,720,21.600000,43.200000,1,0,868578867,1346,0,1346,-94,0,57,2
101,720,21.600000,43.200000,1,0,868578872,1346,0,1346,-94,0,57,2
101,720,21.600000,43.200000,1,0,868578878,1346,0,1346,-94,0,57,2
101,720,21.600000,43.200000,1,0,868578883,1346,0,1346,-94,0,57,2
101,720,21.600000,43.200000,1,0,868578889,1346,0,1346,-94,0,57,2
101,720,21.600000,43.200000,1,0,868578895,1346,0,1346,-94,0,57,2
101,720,21.600000,43.200000,1,0,868578900,1346,0,1346,-94,0,57,2
101,720,21.600000,43.200000,1,0,868578906,1346,0,1346,-94,0,57,2
101,720,21.600000,43.200000,1,0,868578911,1346,0,1346,-94,0,57,2
101,720,21.600000,43.200000,1,0,868578916,1346,0,1346,-94,0,57,2
101,720,21.600000,43.200000,1,0,868578922,1346,0,1346,-94,0,57,2
101,720,21.600000,43.200000,1,0,868578928,1346,0,1346,-94,0,57,2
101,720,21.600000,43.200000,1,0,868578933,1346,0,1346,-94,0,57,2
101,720,21.600000,43.200000,1,0,868578939,1346,0,1346,-94,0,57,2
101,720,21.600000,43.200000,1,0,868578945,1345,0,1345,-94,0,57,2
101,720,21.600000,43.200000,1,0,868578950,1344,0,1344,-94,0,57,2
101,720,21.600000,43.200000,1,0,868578956,1343,0,1343,-94,0,57,2
101,720,21.600000,43.200000,1,0,868578961,1341,0,1341,-94,0,57,2
101,720,21.600000,43.200000,1,0,868578967,1339,0,1339,-95,0,57,2
101,720,21.600000,43.200000,1,0,868578973,1338,0,1338,-95,0,57,2
101,720,21.600000,43.200000,1,0,868578978,1337,0,1337,-95,0,57,2
101,720,21.600000,43.200000,1,0,868578984,1335,0,1335,-95,0,57,2
101,720,21.600000,43.200000,1,0,868578990,1335,0,1335,-96,0,57,2
101,720,21.600000,43.200000,1,0,868578996,1334,0,1334,-96,0,57,2
101,720,21.600000,43.200000,1,0,868579001,1333,0,1333,-96,0,57,2
101,720,21.600000,43.200000,1,0,868579007,1332,0,1332,-96,0,57,2
101,720,21.600000,43.200000,1,0,868579012,1331,0,1331,-96,0,57,2
101,720,21.600000,43.200000,1,0,868579018,1329,0,1329,-96,0,57,2
101,720,21.600000,43.200000,1,0,868579023,1327,0,1327,-97,0,57,2
101,720,21.600000,43.200000,1,0,868579029,1326,0,1326,-97,0,57,2
101,720,21.600000,43.200000,1,0,868579034,1325,0,1325,-98,0,57,2
101,720,21.600000,43.200000,1,0,868579040,1324,0,1324,-98,0,57,2
101,720,21.600000,43.200000,1,0,868579045,1323,0,1323,-98,0,57,2
101,720,21.600000,43.200000,1,0,868579051,1322,0,1322,-98,0,57,2
101,720,21.600000,43.200000,1,0,868579056,1321,0,1321,-98,0,57,2
101,720,21.600000,43.200000,1,0,868579062,1320,0,1320,-98,0,57,2
101,720,21.600000,43.200000,1,0,868579067,1319,0,1319,-98,0,57,2
101,720,21.600000,43.200000,1,0,868579073,1318,0,1318,-98,0,57,2
101,720,21.600000,43.200000,1,0,868579079,1318,0,1318,-98,0,57,2
101,720,21.600000,43.200000,1,0,868579084,1318,0,1318,-98,0,57,2
101,720,21.600000,43.200000,1,0,868579090,1318,0,1318,-98,0,57,2
101,720,21.600000,43.200000,1,0,868579095,1318,0,1318,-98,0,57,2
101,720,21.600000,43.200000,1,0,868579101,1318,0,1318,-98,0,57,2
101,720,21.600000,43.200000,1,0,868579106,1318,0,1318,-98,0,57,2
101,720,21.600000,43.200000,1,0,868579112,1318,0,1318,-98,0,57,2
101,720,21.600000,43.200000,1,0,868579117,1318,0,1318,-98,0,57,2
101,720,21.600000,43.200000,1,0,868579123,1318,0,1318,-98,0,57,2
101,720,21.600000,43.200000,1,0,868579128,1318,0,1318,-98,0,57,2
101,720,21.600000,43.200000,1,0,868579134,1318,0,1318,-98,0,57,2
101,720,21.600000,43.200000,1,0,868579140,1318,0,1318,-98,0,57,2
101,720,21.600000,43.200000,1,0,868579145,1318,0,1318,-99,0,57,2
101,720,21.600000,43.200000,1,0,868579150,1318,0,1318,-100,0,57,2
101,720,21.600000,43.200000,1,0,868579160,1318,0,1318,-101,0,57,2
