101,720,21.600000,0.000000,1,1,868806583,603,0,603,0,1,16,0
101,720,21.600000,0.000000,1,1,868806585,603,0,603,0,1,16,0
101,720,21.600000,0.000000,1,1,868806591,604,0,604,-1,1,16,0
101,720,21.600000,0.000000,1,1,868806596,605,0,605,-1,1,16,0
101,720,21.600000,0.000000,1,1,868806603,606,0,606,-2,1,16,0
101,720,21.600000,0.000000,1,1,868806608,607,0,607,-3,1,16,0
101,720,21.600000,0.000000,1,1,868806614,608,0,608,-4,1,16,0
101,720,21.600000,0.000000,1,1,868806619,608,0,608,-4,1,16,0
101,720,21.600000,0.000000,1,1,868806624,608,0,608,-4,1,16,0
101,720,21.600000,0.000000,1,1,868806630,608,0,608,-4,1,16,0
101,720,21.600000,0.000000,1,1,868806636,608,0,608,-4,1,16,0
101,720,21.600000,0.000000,1,1,868806641,608,0,608,-4,1,16,0
101,720,21.600000,0.000000,1,1,868806647,608,0,608,-4,1,16,0
101,720,21.600000,0.000000,1,1,868806652,609,0,609,-4,1,16,0
101,720,21.600000,0.000000,1,1,868806658,611,0,611,-4,1,16,0
101,720,21.600000,0.000000,1,1,868806664,617,0,617,-5,1,16,0
101,720,21.600000,0.000000,1,1,868806670,626,0,626,-6,1,16,0
101,720,21.600000,0.000000,1,1,868806675,639,0,639,-6,1,16,0
101,720,21.600000,0.000000,1,1,868806681,652,0,652,-7,1,16,0
101,720,21.600000,0.000000,1,1,868806688,670,0,670,-7,1,16,0
101,720,21.600000,0.000000,1,1,868806694,698,0,698,-7,1,16,0
101,720,21.600000,0.000000,1,1,868806700,725,0,725,-8,1,16,0
101,720,21.600000,0.000000,1,1,868806705,752,0,752,-9,1,16,0
101,720,21.600000,0.000000,1,1,868806711,783,0,783,-11,1,16,0
101,720,21.600000,0.000000,1,1,868806717,814,0,814,-13,1,16,0
101,720,21.600000,0.000000,1,1,868806722,847,0,847,-15,1,16,0
101,720,21.600000,0.000000,1,1,868806728,881,0,881,-17,1,16,0
101,720,21.600000,0.000000,1,1,868806734,917,0,917,-20,1,16,0
101,720,21.600000,0.000000,1,1,868806740,950,0,950,-23,1,16,0
101,720,21.600000,0.000000,1,1,868806746,985,0,985,-27,1,16,0
101,720,21.600000,0.000000,1,1,868806751,1019,0,1019,-32,1,16,0
101,720,21.600000,0.000000,1,1,868806758,1044,0,1044,-35,1,16,0
101,720,21.600000,0.000000,1,1,868806764,1078,0,1078,-40,1,16,0
101,720,21.600000,0.000000,1,1,868806769,1112,0,1112,-45,1,16,0
101,720,21.600000,0.000000,1,1,868806776,1145,0,1145,-50,1,16,0
101,720,21.600000,0.000000,1,1,868806782,1178,0,1178,-56,1,16,0
101,720,21.600000,0.000000,1,1,868806788,1202,0,1202,-61,1,16,0
101,720,21.600000,0.000000,1,1,868806796,1228,0,1228,-65,1,16,0
101,720,21.600000,0.000000,1,1,868806802,1251,0,1251,-70,1,16,0
101,720,21.600000,0.000000,1,1,868806807,1260,0,1260,-72,1,16,0
101,720,21.600000,0.000000,1,1,868806813,1265,0,1265,-74,1,16,0
101,720,21.600000,0.000000,1,1,868806819,1266,0,1266,-75,1,16,0
101,720,21.600000,0.000000,1,1,868806824,1267,0,1267,-76,1,16,0
101,720,21.600000,0.000000,1,1,868806830,1268,0,1268,-77,1,16,0
101,720,21.600000,0.000000,1,1,868806835,1268,0,1268,-77,1,16,0
101,720,21.600000,0.000000,1,1,868806840,1268,0,1268,-77,1,16,0
101,720,21.600000,0.000000,1,1,868806846,1268,0,1268,-78,1,16,0
101,720,21.600000,0.000000,1,1,868806851,1268,0,1268,-78,1,16,0
101,720,21.600000,0.000000,1,1,868806857,1267,0,1267,-78,1,16,0
101,720,21.600000,0.000000,1,1,868806863,1266,0,1266,-79,1,16,0
101,720,21.600000,0.000000,1,1,868806868,1266,0,1266,-79,1,16,0
101,720,21.600000,0.000000,1,1,868806874,1266,0,1266,-79,1,16,0
101,720,21.600000,0.000000,1,1,868806879,1266,0,1266,-80,1,16,0
101,720,21.600000,0.000000,1,1,868806885,1267,0,1267,-81,1,16,0
101,720,21.600000,0.000000,1,1,868806891,1270,0,1270,-83,1,16,0
101,720,21.600000,0.000000,1,1,868806896,1274,0,1274,-85,1,16,0
101,720,21.600000,0.000000,1,1,868806904,1276,0,1276,-87,1,16,0
101,720,21.600000,0.000000,1,1,868806910,1280,0,1280,-89,1,16,0
101,720,21.600000,0.000000,1,1,868806915,1283,0,1283,-90,1,16,0
101,720,21.600000,0.000000,1,1,868806922,1286,0,1286,-91,1,16,0
101,720,21.600000,0.000000,1,1,868806928,1291,0,1291,-93,1,16,0
101,720,21.600000,0.000000,1,1,868806934,1298,0,1298,-95,1,16,0
101,720,21.600000,0.000000,1,1,868806940,1304,0,1304,-97,1,16,0
101,720,21.600000,0.000000,1,1,868806946,1312,0,1312,-100,1,16,0
101,720,21.600000,0.000000,1,1,868806951,1323,0,1323,-104,1,16,0
101,720,21.600000,0.000000,1,1,868806957,1333,0,1333,-107,1,16,0
101,720,21.600000,0.000000,1,1,868806963,1343,0,1343,-110,1,16,0
101,720,21.600000,0.000000,1,1,868806968,1352,0,1352,-113,1,16,0
101,720,21.600000,0.000000,1,1,868806974,1358,0,1358,-115,1,16,0
101,720,21.600000,0.000000,1,1,868806979,1363,0,1363,-116,1,16,0
101,720,21.600000,0.000000,1,1,868806985,1364,0,1364,-116,1,16,0
101,720,21.600000,0.000000,1,1,868806991,1365,0,1365,-116,1,16,0
101,720,21.600000,0.000000,1,1,868806996,1366,0,1366,-117,1,16,0
101,720,21.600000,0.000000,1,1,868807002,1366,0,1366,-117,1,16,0
101,720,21.600000,0.000000,1,1,868807007,1366,0,1366,-117,1,16,0
101,720,21.600000,0.000000,1,1,868807013,1367,0,1367,-117,1,16,0
101,720,21.600000,0.000000,1,1,868807018,1367,0,1367,-117,1,16,0
101,720,21.600000,0.000000,1,1,868807024,1367,0,1367,-117,1,16,0
101,720,21.600000,0.000000,1,1,868807030,1367,0,1367,-117,1,16,0
101,720,21.600000,0.000000,1,1,868807036,1367,0,1367,-118,1,16,0
101,720,21.600000,0.000000,1,1,868807041,1366,0,1366,-118,1,16,0
101,720,21.600000,0.000000,1,1,868807047,1365,0,1365,-118,1,16,0
101,720,21.600000,0.000000,1,1,868807052,1364,0,1364,-118,1,16,0
101,720,21.600000,0.000000,1,1,868807058,1363,0,1363,-118,1,16,0
101,720,21.600000,0.000000,1,1,868807063,1362,0,1362,-118,1,16,0
101,720,21.600000,0.000000,1,1,868807069,1362,0,1362,-118,1,16,0
101,720,21.600000,0.000000,1,1,868807074,1362,0,1362,-118,1,16,0
101,720,21.600000,0.000000,1,1,868807079,1362,0,1362,-118,1,16,0
101,720,21.600000,0.000000,1,1,868807085,1362,0,1362,-118,1,16,0
101,720,21.600000,0.000000,1,1,868807090,1362,0,1362,-118,1,16,0
101,720,21.600000,0.000000,1,1,868807096,1361,0,1361,-118,1,16,0
101,720,21.600000,0.000000,1,1,868807102,1360,0,1360,-118,1,16,0
101,720,21.600000,0.000000,1,1,868807107,1359,0,1359,-118,1,16,0
101,720,21.600000,0.000000,1,1,868807113,1358,0,1358,-118,1,16,0
101,720,21.600000,0.000000,1,1,868807119,1356,0,1356,-119,1,16,0
101,720,21.600000,0.000000,1,1,868807127,1354,0,1354,-119,1,16,0
101,720,21.600000,0.000000,1,1,868807132,1351,0,1351,-120,1,16,0
101,720,21.600000,0.000000,1,1,868807139,1350,0,1350,-120,1,16,0
101,720,21.600000,0.000000,1,1,868807144,1348,0,1348,-120,1,16,0
101,720,21.600000,0.000000,1,1,868807150,1347,0,1347,-120,1,16,0
101,720,21.600000,0.000000,1,1,868807155,1346,0,1346,-120,1,16,0
101,720,21.600000,0.000000,1,1,868807161,1345,0,1345,-120,1,16,0
101,720,21.600000,0.000000,1,1,868807166,1345,0,1345,-120,1,16,0
101,720,21.600000,0.000000,1,1,868807172,1344,0,1344,-120,1,16,0
101,720,21.600000,0.000000,1,1,868807177,1344,0,1344,-121,1,16,0
101,720,21.600000,0.000000,1,1,868807183,1344,0,1344,-121,1,16,0
101,720,21.600000,0.000000,1,1,868807189,1343,0,1343,-121,1,16,0
101,720,21.600000,0.000000,1,1,868807194,1342,0,1342,-121,1,16,0
101,720,21.600000,0.000000,1,1,868807200,1342,0,1342,-121,1,16,0
101,720,21.600000,0.000000,1,1,868807205,1342,0,1342,-121,1,16,0
101,720,21.600000,0.000000,1,1,868807211,1342,0,1342,-121,1,16,0
101,720,21.600000,0.000000,1,1,868807216,1342,0,1342,-121,1,16,0
101,720,21.600000,0.000000,1,1,868807222,1342,0,1342,-121,1,16,0
101,720,21.600000,0.000000,1,1,868807227,1342,0,1342,-121,1,16,0
101,720,21.600000,0.000000,1,1,868807233,1342,0,1342,-121,1,16,0
101,720,21.600000,0.000000,1,1,868807238,1342,0,1342,-121,1,16,0
101,720,21.600000,0.000000,1,1,868807244,1342,0,1342,-121,1,16,0
101,720,21.600000,0.000000,1,1,868807250,1342,0,1342,-121,1,16,0
101,720,21.600000,0.000000,1,1,868807255,1342,0,1342,-121,1,16,0
101,720,21.600000,0.000000,1,1,868807261,1342,0,1342,-121,1,16,0
101,720,21.600000,0.000000,1,1,868807266,1341,0,1341,-121,1,16,0
101,720,21.600000,0.000000,1,1,868807272,1340,0,1340,-121,1,16,0
101,720,21.600000,0.000000,1,1,868807278,1339,0,1339,-121,1,16,0
101,720,21.600000,0.000000,1,1,868807283,1337,0,1337,-121,1,16,0
101,720,21.600000,0.000000,1,1,868807289,1336,0,1336,-121,1,16,0
101,720,21.600000,0.000000,1,1,868807294,1334,0,1334,-121,1,16,0
101,720,21.600000,0.000000,1,1,868807300,1333,0,1333,-121,1,16,0
101,720,21.600000,0.000000,1,1,868807306,1331,0,1331,-121,1,16,0
101,720,21.600000,0.000000,1,1,868807312,1330,0,1330,-121,1,16,0
101,720,21.600000,0.000000,1,1,868807318,1330,0,1330,-121,1,16,0
101,720,21.600000,0.000000,1,1,868807323,1329,0,1329,-122,1,16,0
101,720,21.600000,0.000000,1,1,868807329,1328,0,1328,-123,1,16,0
101,720,21.600000,0.000000,1,1,868807334,1327,0,1327,-123,1,16,0
101,720,21.600000,0.000000,1,1,868807342,1326,0,1326,-123,1,16,0
101,720,21.600000,0.000000,1,1,868807347,1325,0,1325,-123,1,16,0
101,720,21.600000,0.000000,1,1,868807353,1324,0,1324,-123,1,16,0
101,720,21.600000,0.000000,1,1,868807358,1323,0,1323,-124,1,16,0
101,720,21.600000,0.000000,1,1,868807364,1322,0,1322,-124,1,16,0
101,720,21.600000,0.000000,1,1,868807370,1320,0,1320,-124,1,16,0
101,720,21.600000,0.000000,1,1,868807375,1319,0,1319,-124,1,16,0
101,720,21.600000,0.000000,1,1,868807381,1318,0,1318,-124,1,16,0
101,720,21.600000,0.000000,1,1,868807387,1316,0,1316,-124,1,16,0
101,720,21.600000,0.000000,1,1,868807392,1315,0,1315,-124,1,16,0
101,720,21.600000,0.000000,1,1,868807397,1314,0,1314,-124,1,16,0
101,720,21.600000,0.000000,1,1,868807403,1313,0,1313,-124,1,16,0
101,720,21.600000,0.000000,1,1,868807413,1312,0,1312,-124,0,16,0
