2,700,21.600000,42.984000,1,0,733021,610,0,610,0,0,0,117
2,700,21.600000,42.984000,1,0,733021,610,0,610,0,0,0,117
2,700,21.600000,42.984000,1,0,733033,610,0,610,0,0,0,117
2,700,21.600000,42.984000,1,0,733043,610,0,610,0,0,0,117
2,700,21.600000,42.984000,1,0,733053,610,0,610,0,0,0,117
2,700,21.600000,42.984000,1,0,733063,610,0,610,0,0,0,117
2,700,21.600000,42.984000,1,0,733073,612,0,612,0,0,0,117
2,700,21.600000,42.984000,1,0,733084,618,0,618,0,0,0,117
2,700,21.600000,42.984000,1,0,733094,630,0,630,0,0,0,117
2,700,21.600000,42.984000,1,0,733106,649,0,649,0,0,0,117
2,700,21.600000,42.984000,1,0,733117,679,0,679,0,0,0,117
2,700,21.600000,42.984000,1,0,733128,719,1,719,1,0,0,117
2,700,21.600000,42.984000,1,0,733138,769,2,769,2,0,0,117
2,700,21.600000,42.984000,1,0,733149,823,3,823,3,0,0,117
2,700,21.600000,42.984000,1,0,733160,887,5,887,5,0,0,117
2,700,21.600000,42.984000,1,0,733170,955,6,955,6,0,0,117
2,700,21.600000,42.984000,1,0,733181,1024,7,1024,7,0,0,117
2,700,21.600000,42.984000,1,0,733191,1098,8,1098,8,0,0,117
2,700,21.600000,42.984000,1,0,733202,1159,8,1159,8,0,0,117
2,700,21.600000,42.984000,1,0,733213,1215,9,1215,9,0,0,117
2,700,21.600000,42.984000,1,0,733224,1262,9,1262,9,0,0,117
2,700,21.600000,42.984000,1,0,733234,1299,9,1299,9,0,0,117
2,700,21.600000,42.984000,1,0,733245,1321,9,1321,9,0,0,117
2,700,21.600000,42.984000,1,0,733255,1337,8,1337,8,0,0,117
2,700,21.600000,42.984000,1,0,733265,1342,8,1342,8,0,0,117
2,700,21.600000,42.984000,1,0,733275,1343,8,1343,8,0,0,117
2,700,21.600000,42.984000,1,0,733286,1344,8,1344,8,0,0,117
2,700,21.600000,42.984000,1,0,733297,1344,8,1344,8,0,0,117
2,700,21.600000,42.984000,1,0,733309,1343,8,1343,8,0,0,117
2,700,21.600000,42.984000,1,0,733322,1342,8,1342,8,0,0,117
2,700,21.600000,42.984000,1,0,733332,1341,8,1341,8,0,0,117
2,700,21.600000,42.984000,1,0,733344,1341,8,1341,8,0,0,117
2,700,21.600000,42.984000,1,0,733358,1341,8,1341,8,0,0,117
2,700,21.600000,42.984000,1,0,733370,1341,8,1341,8,0,0,117
2,700,21.600000,42.984000,1,0,733382,1341,8,1341,8,0,0,117
2,700,21.600000,42.984000,1,0,733392,1340,8,1340,8,0,0,117
2,700,21.600000,42.984000,1,0,733402,1339,8,1339,8,0,0,117
2,700,21.600000,42.984000,1,0,733413,1339,8,1339,8,0,0,117
2,700,21.600000,42.984000,1,0,733425,1338,8,1338,8,0,0,117
2,700,21.600000,42.984000,1,0,733436,1337,8,1337,8,0,0,117
2,700,21.600000,42.984000,1,0,733447,1337,8,1337,8,0,0,117
2,700,21.600000,42.984000,1,0,733457,1337,8,1337,8,0,0,117
2,700,21.600000,42.984000,1,0,733468,1337,8,1337,8,0,0,117
2,700,21.600000,42.984000,1,0,733479,1337,8,1337,8,0,0,117
2,700,21.600000,42.984000,1,0,733490,1336,8,1336,8,0,0,117
2,700,21.600000,42.984000,1,0,733500,1334,7,1334,7,0,0,117
2,700,21.600000,42.984000,1,0,733511,1333,7,1333,7,0,0,117
2,700,21.600000,42.984000,1,0,733521,1332,7,1332,7,0,0,117
2,700,21.600000,42.984000,1,0,733532,1331,7,1331,7,0,0,117
2,700,21.600000,42.984000,1,0,733542,1330,7,1330,7,0,0,117
2,700,21.600000,42.984000,1,0,733552,1327,7,1327,7,0,0,117
2,700,21.600000,42.984000,1,0,733562,1322,7,1322,7,0,0,117
2,700,21.600000,42.984000,1,0,733571,1317,7,1317,7,0,0,117
2,700,21.600000,42.984000,1,0,733581,1314,7,1314,7,0,0,117
2,700,21.600000,42.984000,1,0,733592,1312,7,1312,7,0,0,117
2,700,21.600000,42.984000,1,0,733602,1310,7,1310,7,0,0,117
2,700,21.600000,42.984000,1,0,733613,1310,7,1310,7,0,0,117
2,700,21.600000,42.984000,1,0,733624,1310,7,1310,7,0,0,117
2,700,21.600000,42.984000,1,0,733634,1311,7,1311,7,0,0,117
2,700,21.600000,42.984000,1,0,733645,1312,7,1312,7,0,0,117
2,700,21.600000,42.984000,1,0,733656,1312,7,1312,7,0,0,117
2,700,21.600000,42.984000,1,0,733667,1312,7,1312,7,0,0,117
2,700,21.600000,42.984000,1,0,733679,1312,7,1312,7,0,0,117
2,700,21.600000,42.984000,1,0,733691,1312,7,1312,7,0,0,117
2,700,21.600000,42.984000,1,0,733701,1312,7,1312,7,0,0,117
2,700,21.600000,42.984000,1,0,733712,1312,7,1312,7,0,0,117
2,700,21.600000,42.984000,1,0,733723,1312,7,1312,7,0,0,117
2,700,21.600000,42.984000,1,0,733734,1312,7,1312,7,0,0,117
2,700,21.600000,42.984000,1,0,733747,1312,7,1312,7,0,0,117
2,700,21.600000,42.984000,1,0,733757,1312,7,1312,7,0,0,117
2,700,21.600000,42.984000,1,0,733767,1312,7,1312,7,0,0,117
