2,700,21.600000,0.000000,0,0,723388,610,0,610,0,1,0,110
2,700,21.600000,0.000000,0,0,723389,610,0,610,0,1,0,110
2,700,21.600000,0.000000,0,0,723399,610,0,610,0,1,0,110
2,700,21.600000,0.000000,0,0,723409,610,0,610,0,1,0,110
2,700,21.600000,0.000000,0,0,723420,610,0,610,0,1,0,110
2,700,21.600000,0.000000,0,0,723431,610,0,610,0,1,0,110
2,700,21.600000,0.000000,0,0,723443,610,0,610,0,1,0,110
2,700,21.600000,0.000000,0,0,723454,610,0,610,0,1,0,110
2,700,21.600000,0.000000,0,0,723468,611,0,611,0,1,0,110
2,700,21.600000,0.000000,0,0,723480,620,0,620,0,1,0,110
2,700,21.600000,0.000000,0,0,723490,637,0,637,0,1,0,110
2,700,21.600000,0.000000,0,0,723501,661,0,661,0,1,0,110
2,700,21.600000,0.000000,0,0,723513,697,1,697,1,1,0,110
2,700,21.600000,0.000000,0,0,723525,743,3,743,3,1,0,110
2,700,21.600000,0.000000,0,0,723536,798,5,798,5,1,0,110
2,700,21.600000,0.000000,0,0,723547,857,7,857,7,1,0,110
2,700,21.600000,0.000000,0,0,723558,926,11,926,11,1,0,110
2,700,21.600000,0.000000,0,0,723568,1001,15,1001,15,1,0,110
2,700,21.600000,0.000000,0,0,723580,1069,19,1069,19,1,0,110
2,700,21.600000,0.000000,0,0,723591,1145,22,1145,22,1,0,110
2,700,21.600000,0.000000,0,0,723602,1214,24,1214,24,1,0,110
2,700,21.600000,0.000000,0,0,723613,1272,26,1272,26,1,0,110
2,700,21.600000,0.000000,0,0,723623,1317,27,1317,27,1,0,110
2,700,21.600000,0.000000,0,0,723634,1351,27,1351,27,1,0,110
2,700,21.600000,0.000000,0,0,723645,1373,27,1373,27,1,0,110
2,700,21.600000,0.000000,0,0,723657,1383,27,1383,27,1,0,110
2,700,21.600000,0.000000,0,0,723667,1384,27,1384,27,1,0,110
2,700,21.600000,0.000000,0,0,723678,1383,26,1383,26,1,0,110
2,700,21.600000,0.000000,0,0,723689,1380,26,1380,26,1,0,110
2,700,21.600000,0.000000,0,0,723699,1377,26,1377,26,1,0,110
2,700,21.600000,0.000000,0,0,723710,1375,26,1375,26,1,0,110
2,700,21.600000,0.000000,0,0,723720,1374,26,1374,26,1,0,110
2,700,21.600000,0.000000,0,0,723731,1373,26,1373,26,1,0,110
2,700,21.600000,0.000000,0,0,723741,1373,26,1373,26,1,0,110
2,700,21.600000,0.000000,0,0,723751,1373,26,1373,26,1,0,110
2,700,21.600000,0.000000,0,0,723761,1373,26,1373,26,1,0,110
2,700,21.600000,0.000000,0,0,723771,1373,26,1373,26,1,0,110
2,700,21.600000,0.000000,0,0,723782,1373,26,1373,26,1,0,110
2,700,21.600000,0.000000,0,0,723793,1373,26,1373,26,1,0,110
2,700,21.600000,0.000000,0,0,723803,1373,26,1373,26,1,0,110
2,700,21.600000,0.000000,0,0,723813,1373,26,1373,26,1,0,110
2,700,21.600000,0.000000,0,0,723826,1373,26,1373,26,1,0,110
2,700,21.600000,0.000000,0,0,723836,1372,26,1372,26,1,0,110
2,700,21.600000,0.000000,0,0,723848,1370,25,1370,25,1,0,110
2,700,21.600000,0.000000,0,0,723859,1366,24,1366,24,1,0,110
2,700,21.600000,0.000000,0,0,723869,1362,22,1362,22,1,0,110
2,700,21.600000,0.000000,0,0,723880,1359,21,1359,21,1,0,110
2,700,21.600000,0.000000,0,0,723891,1357,19,1357,19,1,0,110
2,700,21.600000,0.000000,0,0,723903,1355,19,1355,19,1,0,110
2,700,21.600000,0.000000,0,0,723914,1350,18,1350,18,1,0,110
2,700,21.600000,0.000000,0,0,723925,1344,16,1344,16,1,0,110
2,700,21.600000,0.000000,0,0,723935,1337,15,1337,15,1,0,110
2,700,21.600000,0.000000,0,0,723945,1330,14,1330,14,1,0,110
2,700,21.600000,0.000000,0,0,723955,1324,13,1324,13,1,0,110
2,700,21.600000,0.000000,0,0,723967,1319,12,1319,12,1,0,110
2,700,21.600000,0.000000,0,0,723977,1316,11,1316,11,1,0,110
2,700,21.600000,0.000000,0,0,723987,1315,11,1315,11,1,0,110
2,700,21.600000,0.000000,0,0,723998,1314,11,1314,11,1,0,110
2,700,21.600000,0.000000,0,0,724008,1314,11,1314,11,1,0,110
2,700,21.600000,0.000000,0,0,724019,1314,11,1314,11,1,0,110
2,700,21.600000,0.000000,0,0,724029,1314,11,1314,11,1,0,110
2,700,21.600000,0.000000,0,0,724040,1314,11,1314,11,1,0,110
2,700,21.600000,0.000000,0,0,724050,1313,11,1313,11,1,0,110
2,700,21.600000,0.000000,0,0,724061,1312,10,1312,10,1,0,110
2,700,21.600000,0.000000,0,0,724072,1311,10,1311,10,1,0,110
2,700,21.600000,0.000000,0,0,724083,1310,10,1310,10,1,0,110
2,700,21.600000,0.000000,0,0,724093,1310,10,1310,10,1,0,110
2,700,21.600000,0.000000,0,0,724103,1309,10,1309,10,1,0,110
2,700,21.600000,0.000000,0,0,724114,1308,10,1308,10,1,0,110
2,700,21.600000,0.000000,0,0,724125,1306,10,1306,10,1,0,110
2,700,21.600000,0.000000,0,0,724137,1305,10,1305,10,1,0,110
2,700,21.600000,0.000000,0,0,724147,1304,10,1304,10,1,0,110
2,700,21.600000,0.000000,0,0,724158,1304,10,1304,10,1,0,110
2,700,21.600000,0.000000,0,0,724169,1304,10,1304,10,1,0,110
2,700,21.600000,0.000000,0,0,724180,1304,10,1304,10,1,0,110
2,700,21.600000,0.000000,0,0,724191,1304,10,1304,10,1,0,110
2,700,21.600000,0.000000,0,0,724203,1304,10,1304,10,0,0,110
