2,700,82.800000,10000.000000,1,1,770889,610,22,610,22,0,1,23
2,700,82.800000,10000.000000,1,1,770890,610,22,610,22,0,1,23
2,700,82.800000,10000.000000,1,1,770902,610,22,610,22,0,1,23
2,700,82.800000,10000.000000,1,1,770912,610,22,610,22,0,1,23
2,700,82.800000,10000.000000,1,1,770924,610,22,610,22,0,1,23
2,700,82.800000,10000.000000,1,1,770934,610,22,610,22,0,1,23
2,700,82.800000,10000.000000,1,1,770944,610,22,610,22,0,1,23
2,700,82.800000,10000.000000,1,1,770955,610,22,610,22,0,1,23
2,700,82.800000,10000.000000,1,1,770966,610,22,610,22,0,1,23
2,700,82.800000,10000.000000,1,1,770976,610,22,610,22,0,1,23
2,700,82.800000,10000.000000,1,1,770989,610,22,610,22,0,1,23
2,700,82.800000,10000.000000,1,1,771000,616,22,616,22,0,1,23
2,700,82.800000,10000.000000,1,1,771010,628,21,628,21,0,1,23
2,700,82.800000,10000.000000,1,1,771022,645,20,645,20,0,1,23
2,700,82.800000,10000.000000,1,1,771033,678,18,678,18,0,1,23
2,700,82.800000,10000.000000,1,1,771044,712,17,712,17,0,1,23
2,700,82.800000,10000.000000,1,1,771055,756,15,756,15,0,1,23
2,700,82.800000,10000.000000,1,1,771068,810,14,810,14,0,1,23
2,700,82.800000,10000.000000,1,1,771079,876,13,876,13,0,1,23
2,700,82.800000,10000.000000,1,1,771090,934,12,934,12,0,1,23
2,700,82.800000,10000.000000,1,1,771101,996,11,996,11,0,1,23
2,700,82.800000,10000.000000,1,1,771111,1054,10,1054,10,0,1,23
2,700,82.800000,10000.000000,1,1,771122,1104,9,1104,9,0,1,23
2,700,82.800000,10000.000000,1,1,771133,1155,8,1155,8,0,1,23
2,700,82.800000,10000.000000,1,1,771143,1203,6,1203,6,0,1,23
2,700,82.800000,10000.000000,1,1,771154,1240,5,1240,5,0,1,23
2,700,82.800000,10000.000000,1,1,771165,1275,3,1275,3,0,1,23
2,700,82.800000,10000.000000,1,1,771176,1305,2,1305,2,0,1,23
2,700,82.800000,10000.000000,1,1,771187,1325,1,1325,1,0,1,23
2,700,82.800000,10000.000000,1,1,771198,1335,0,1335,0,0,1,23
2,700,82.800000,10000.000000,1,1,771209,1337,0,1337,0,0,1,23
2,700,82.800000,10000.000000,1,1,771219,1339,0,1339,0,0,1,23
2,700,82.800000,10000.000000,1,1,771230,1338,0,1338,0,0,1,23
2,700,82.800000,10000.000000,1,1,771241,1337,0,1337,0,0,1,23
2,700,82.800000,10000.000000,1,1,771250,1336,0,1336,0,0,1,23
2,700,82.800000,10000.000000,1,1,771261,1336,0,1336,0,0,1,23
2,700,82.800000,10000.000000,1,1,771272,1336,0,1336,0,0,1,23
2,700,82.800000,10000.000000,1,1,771283,1336,0,1336,0,0,1,23
2,700,82.800000,10000.000000,1,1,771294,1336,0,1336,0,0,1,23
2,700,82.800000,10000.000000,1,1,771305,1336,0,1336,0,0,1,23
2,700,82.800000,10000.000000,1,1,771315,1335,0,1335,0,0,1,23
2,700,82.800000,10000.000000,1,1,771326,1334,0,1334,0,0,1,23
2,700,82.800000,10000.000000,1,1,771336,1331,0,1331,0,0,1,23
2,700,82.800000,10000.000000,1,1,771347,1330,0,1330,0,0,1,23
2,700,82.800000,10000.000000,1,1,771359,1329,0,1329,0,0,1,23
2,700,82.800000,10000.000000,1,1,771369,1328,0,1328,0,0,1,23
2,700,82.800000,10000.000000,1,1,771380,1328,0,1328,0,0,1,23
2,700,82.800000,10000.000000,1,1,771391,1328,0,1328,0,0,1,23
2,700,82.800000,10000.000000,1,1,771401,1328,0,1328,0,0,1,23
2,700,82.800000,10000.000000,1,1,771411,1325,0,1325,0,0,1,23
2,700,82.800000,10000.000000,1,1,771422,1319,0,1319,0,0,1,23
2,700,82.800000,10000.000000,1,1,771436,1308,1,1308,1,0,1,23
2,700,82.800000,10000.000000,1,1,771448,1300,2,1300,2,0,1,23
2,700,82.800000,10000.000000,1,1,771459,1296,2,1296,2,0,1,23
2,700,82.800000,10000.000000,1,1,771469,1296,3,1296,3,0,1,23
2,700,82.800000,10000.000000,1,1,771479,1296,3,1296,3,0,1,23
2,700,82.800000,10000.000000,1,1,771489,1296,3,1296,3,0,1,23
