2,700,50.400000,0.000000,0,1,1102446,610,22,610,22,0,3,14
2,700,50.400000,0.000000,0,1,1102447,610,22,610,22,0,3,14
2,700,50.400000,0.000000,0,1,1102457,610,22,610,22,0,3,14
2,700,50.400000,0.000000,0,1,1102467,610,22,610,22,0,3,14
2,700,50.400000,0.000000,0,1,1102477,610,22,610,22,0,3,14
2,700,50.400000,0.000000,0,1,1102488,610,22,610,22,0,3,14
2,700,50.400000,0.000000,0,1,1102498,610,22,610,22,0,3,14
2,700,50.400000,0.000000,0,1,1102508,610,22,610,22,0,3,14
2,700,50.400000,0.000000,0,1,1102519,611,22,611,22,0,3,14
2,700,50.400000,0.000000,0,1,1102530,613,22,613,22,0,3,14
2,700,50.400000,0.000000,0,1,1102541,617,22,617,22,0,3,14
2,700,50.400000,0.000000,0,1,1102551,623,22,623,22,0,3,14
2,700,50.400000,0.000000,0,1,1102563,631,22,631,22,0,3,14
2,700,50.400000,0.000000,0,1,1102574,644,22,644,22,0,3,14
2,700,50.400000,0.000000,0,1,1102586,661,22,661,22,0,3,14
2,700,50.400000,0.000000,0,1,1102596,684,22,684,22,0,3,14
2,700,50.400000,0.000000,0,1,1102607,709,22,709,22,0,3,14
2,700,50.400000,0.000000,0,1,1102617,741,22,741,22,0,3,14
2,700,50.400000,0.000000,0,1,1102628,780,20,780,20,0,3,14
2,700,50.400000,0.000000,0,1,1102639,825,19,825,19,0,3,14
2,700,50.400000,0.000000,0,1,1102650,881,18,881,18,0,3,14
2,700,50.400000,0.000000,0,1,1102661,940,15,940,15,0,3,14
2,700,50.400000,0.000000,0,1,1102672,1002,12,1002,12,0,3,14
2,700,50.400000,0.000000,0,1,1102683,1064,9,1064,9,0,3,14
2,700,50.400000,0.000000,0,1,1102697,1124,6,1124,6,0,3,14
2,700,50.400000,0.000000,0,1,1102709,1186,2,1186,2,0,3,14
2,700,50.400000,0.000000,0,1,1102720,1236,0,1236,-2,0,3,14
2,700,50.400000,0.000000,0,1,1102732,1272,0,1272,-4,0,3,14
2,700,50.400000,0.000000,0,1,1102743,1290,0,1290,-6,0,3,14
2,700,50.400000,0.000000,0,1,1102754,1296,0,1296,-6,0,3,14
2,700,50.400000,0.000000,0,1,1102765,1297,0,1297,-6,0,3,14
2,700,50.400000,0.000000,0,1,1102775,1297,0,1297,-6,0,3,14
2,700,50.400000,0.000000,0,1,1102788,1297,0,1297,-6,0,3,14
2,700,50.400000,0.000000,0,1,1102800,1297,0,1297,-6,0,3,14
2,700,50.400000,0.000000,0,1,1102810,1297,0,1297,-6,0,3,14
2,700,50.400000,0.000000,0,1,1102822,1297,0,1297,-6,0,3,14
2,700,50.400000,0.000000,0,1,1102834,1297,0,1297,-6,0,3,14
2,700,50.400000,0.000000,0,1,1102844,1297,0,1297,-6,0,3,14
2,700,50.400000,0.000000,0,1,1102854,1297,0,1297,-6,0,3,14
2,700,50.400000,0.000000,0,1,1102864,1296,0,1296,-6,0,3,14
2,700,50.400000,0.000000,0,1,1102874,1294,1,1294,-5,0,3,14
2,700,50.400000,0.000000,0,1,1102885,1294,1,1294,-5,0,3,14
2,700,50.400000,0.000000,0,1,1102896,1294,1,1294,-5,0,3,14
2,700,50.400000,0.000000,0,1,1102907,1294,1,1294,-5,0,3,14
2,700,50.400000,0.000000,0,1,1102918,1294,1,1294,-5,0,3,14
2,700,50.400000,0.000000,0,1,1102929,1294,1,1294,-5,0,3,14
2,700,50.400000,0.000000,0,1,1102938,1295,1,1295,-5,0,3,14
2,700,50.400000,0.000000,0,1,1102950,1296,1,1296,-5,0,3,14
2,700,50.400000,0.000000,0,1,1102960,1297,1,1297,-5,0,3,14
2,700,50.400000,0.000000,0,1,1102971,1297,1,1297,-5,0,3,14
2,700,50.400000,0.000000,0,1,1102984,1297,1,1297,-5,0,3,14
2,700,50.400000,0.000000,0,1,1102995,1297,1,1297,-5,0,3,14
2,700,50.400000,0.000000,0,1,1103006,1297,1,1297,-5,0,3,14
2,700,50.400000,0.000000,0,1,1103016,1297,1,1297,-5,0,3,14
2,700,50.400000,0.000000,0,1,1103027,1297,1,1297,-5,0,3,14
2,700,50.400000,0.000000,0,1,1103036,1297,1,1297,-5,0,3,14
