2,700,50.400000,10000.000000,1,0,1284175,610,0,610,0,0,4,19
2,700,50.400000,10000.000000,1,0,1284175,610,0,610,0,0,4,19
2,700,50.400000,10000.000000,1,0,1284186,610,0,610,0,0,4,19
2,700,50.400000,10000.000000,1,0,1284197,610,0,610,0,0,4,19
2,700,50.400000,10000.000000,1,0,1284207,610,0,610,0,0,4,19
2,700,50.400000,10000.000000,1,0,1284220,610,0,610,0,0,4,19
2,700,50.400000,10000.000000,1,0,1284231,611,0,611,0,0,4,19
2,700,50.400000,10000.000000,1,0,1284242,617,0,617,0,0,4,19
2,700,50.400000,10000.000000,1,0,1284254,631,0,631,-2,0,4,19
2,700,50.400000,10000.000000,1,0,1284265,655,0,655,-4,0,4,19
2,700,50.400000,10000.000000,1,0,1284278,690,0,690,-6,0,4,19
2,700,50.400000,10000.000000,1,0,1284290,743,0,743,-9,0,4,19
2,700,50.400000,10000.000000,1,0,1284319,805,0,805,-13,0,4,19
2,700,50.400000,10000.000000,1,0,1284332,998,0,998,-27,0,4,19
2,700,50.400000,10000.000000,1,0,1284345,1083,0,1083,-33,0,4,19
2,700,50.400000,10000.000000,1,0,1284358,1177,0,1177,-39,0,4,19
2,700,50.400000,10000.000000,1,0,1284381,1239,0,1239,-42,0,4,19
2,700,50.400000,10000.000000,1,0,1284392,1314,0,1314,-44,0,4,19
2,700,50.400000,10000.000000,1,0,1284403,1325,0,1325,-44,0,4,19
2,700,50.400000,10000.000000,1,0,1284414,1326,0,1326,-44,0,4,19
2,700,50.400000,10000.000000,1,0,1284424,1327,0,1327,-44,0,4,19
2,700,50.400000,10000.000000,1,0,1284435,1327,0,1327,-44,0,4,19
2,700,50.400000,10000.000000,1,0,1284445,1326,0,1326,-44,0,4,19
2,700,50.400000,10000.000000,1,0,1284456,1326,0,1326,-44,0,4,19
2,700,50.400000,10000.000000,1,0,1284466,1326,0,1326,-44,0,4,19
2,700,50.400000,10000.000000,1,0,1284477,1326,0,1326,-44,0,4,19
2,700,50.400000,10000.000000,1,0,1284490,1325,0,1325,-44,0,4,19
2,700,50.400000,10000.000000,1,0,1284500,1325,0,1325,-44,0,4,19
2,700,50.400000,10000.000000,1,0,1284510,1325,0,1325,-44,0,4,19
2,700,50.400000,10000.000000,1,0,1284521,1324,0,1324,-44,0,4,19
2,700,50.400000,10000.000000,1,0,1284532,1323,0,1323,-44,0,4,19
2,700,50.400000,10000.000000,1,0,1284542,1322,0,1322,-44,0,4,19
2,700,50.400000,10000.000000,1,0,1284552,1322,0,1322,-44,0,4,19
2,700,50.400000,10000.000000,1,0,1284562,1321,0,1321,-44,0,4,19
2,700,50.400000,10000.000000,1,0,1284573,1321,0,1321,-44,0,4,19
2,700,50.400000,10000.000000,1,0,1284584,1321,0,1321,-44,0,4,19
2,700,50.400000,10000.000000,1,0,1284594,1321,0,1321,-44,0,4,19
2,700,50.400000,10000.000000,1,0,1284605,1321,0,1321,-44,0,4,19
2,700,50.400000,10000.000000,1,0,1284616,1321,0,1321,-44,0,4,19
2,700,50.400000,10000.000000,1,0,1284625,1321,0,1321,-44,0,4,19
2,700,50.400000,10000.000000,1,0,1284636,1321,0,1321,-44,0,4,19
2,700,50.400000,10000.000000,1,0,1284646,1321,0,1321,-44,0,4,19
2,700,50.400000,10000.000000,1,0,1284657,1321,0,1321,-44,0,4,19
2,700,50.400000,10000.000000,1,0,1284667,1321,0,1321,-44,0,4,19
2,700,50.400000,10000.000000,1,0,1284678,1320,0,1320,-44,0,4,19
2,700,50.400000,10000.000000,1,0,1284687,1319,0,1319,-44,0,4,19
