2,700,82.800000,0.000000,1,0,1559758,610,0,610,0,0,5,63
2,700,82.800000,0.000000,1,0,1559759,610,0,610,0,0,5,63
2,700,82.800000,0.000000,1,0,1559770,610,0,610,0,0,5,63
2,700,82.800000,0.000000,1,0,1559780,610,0,610,0,0,5,63
2,700,82.800000,0.000000,1,0,1559792,610,0,610,0,0,5,63
2,700,82.800000,0.000000,1,0,1559803,610,0,610,0,0,5,63
2,700,82.800000,0.000000,1,0,1559815,610,0,610,0,0,5,63
2,700,82.800000,0.000000,1,0,1559828,611,0,611,0,0,5,63
2,700,82.800000,0.000000,1,0,1559839,617,0,617,0,0,5,63
2,700,82.800000,0.000000,1,0,1559852,630,0,630,-1,0,5,63
2,700,82.800000,0.000000,1,0,1559863,651,0,651,-3,0,5,63
2,700,82.800000,0.000000,1,0,1559877,674,0,674,-4,0,5,63
2,700,82.800000,0.000000,1,0,1559889,710,0,710,-6,0,5,63
2,700,82.800000,0.000000,1,0,1559902,759,0,759,-7,0,5,63
2,700,82.800000,0.000000,1,0,1559913,817,0,817,-8,0,5,63
2,700,82.800000,0.000000,1,0,1559926,878,0,878,-9,0,5,63
2,700,82.800000,0.000000,1,0,1559939,952,0,952,-10,0,5,63
2,700,82.800000,0.000000,1,0,1559951,1037,0,1037,-11,0,5,63
2,700,82.800000,0.000000,1,0,1559963,1108,0,1108,-13,0,5,63
2,700,82.800000,0.000000,1,0,1559979,1185,0,1185,-15,0,5,63
2,700,82.800000,0.000000,1,0,1559989,1254,0,1254,-16,0,5,63
2,700,82.800000,0.000000,1,0,1560004,1295,0,1295,-17,0,5,63
2,700,82.800000,0.000000,1,0,1560016,1328,0,1328,-17,0,5,63
2,700,82.800000,0.000000,1,0,1560027,1339,0,1339,-17,0,5,63
2,700,82.800000,0.000000,1,0,1560038,1350,0,1350,-17,0,5,63
2,700,82.800000,0.000000,1,0,1560048,1350,0,1350,-17,0,5,63
2,700,82.800000,0.000000,1,0,1560060,1347,0,1347,-17,0,5,63
2,700,82.800000,0.000000,1,0,1560072,1345,0,1345,-17,0,5,63
2,700,82.800000,0.000000,1,0,1560082,1343,0,1343,-17,0,5,63
2,700,82.800000,0.000000,1,0,1560093,1341,0,1341,-17,0,5,63
2,700,82.800000,0.000000,1,0,1560104,1341,0,1341,-17,0,5,63
2,700,82.800000,0.000000,1,0,1560113,1341,0,1341,-17,0,5,63
2,700,82.800000,0.000000,1,0,1560124,1341,0,1341,-17,0,5,63
2,700,82.800000,0.000000,1,0,1560135,1341,0,1341,-17,0,5,63
2,700,82.800000,0.000000,1,0,1560145,1341,0,1341,-17,0,5,63
2,700,82.800000,0.000000,1,0,1560156,1340,0,1340,-17,0,5,63
2,700,82.800000,0.000000,1,0,1560166,1340,0,1340,-17,0,5,63
2,700,82.800000,0.000000,1,0,1560177,1340,0,1340,-17,0,5,63
2,700,82.800000,0.000000,1,0,1560188,1340,0,1340,-17,0,5,63
2,700,82.800000,0.000000,1,0,1560198,1340,0,1340,-17,0,5,63
2,700,82.800000,0.000000,1,0,1560209,1340,0,1340,-17,0,5,63
2,700,82.800000,0.000000,1,0,1560219,1340,0,1340,-17,0,5,63
2,700,82.800000,0.000000,1,0,1560230,1340,0,1340,-17,0,5,63
2,700,82.800000,0.000000,1,0,1560240,1340,0,1340,-17,0,5,63
2,700,82.800000,0.000000,1,0,1560251,1339,0,1339,-17,0,5,63
2,700,82.800000,0.000000,1,0,1560261,1339,1,1339,-16,0,5,63
