2,700,21.600000,10000.000000,0,1,1450598,610,22,610,22,0,5,15
2,700,21.600000,10000.000000,0,1,1450600,610,22,610,22,0,5,15
2,700,21.600000,10000.000000,0,1,1450612,610,22,610,22,0,5,15
2,700,21.600000,10000.000000,0,1,1450622,610,22,610,22,0,5,15
2,700,21.600000,10000.000000,0,1,1450632,610,22,610,22,0,5,15
2,700,21.600000,10000.000000,0,1,1450647,610,22,610,22,0,5,15
2,700,21.600000,10000.000000,0,1,1450662,610,22,610,22,0,5,15
2,700,21.600000,10000.000000,0,1,1450674,612,22,612,22,0,5,15
2,700,21.600000,10000.000000,0,1,1450688,619,21,619,21,0,5,15
2,700,21.600000,10000.000000,0,1,1450700,641,21,641,21,0,5,15
2,700,21.600000,10000.000000,0,1,1450711,672,21,672,21,0,5,15
2,700,21.600000,10000.000000,0,1,1450724,726,20,726,20,0,5,15
2,700,21.600000,10000.000000,0,1,1450735,788,20,788,20,0,5,15
2,700,21.600000,10000.000000,0,1,1450747,859,19,859,19,0,5,15
2,700,21.600000,10000.000000,0,1,1450759,941,18,941,18,0,5,15
2,700,21.600000,10000.000000,0,1,1450772,1023,16,1023,16,0,5,15
2,700,21.600000,10000.000000,0,1,1450783,1105,14,1105,14,0,5,15
2,700,21.600000,10000.000000,0,1,1450794,1176,12,1176,12,0,5,15
2,700,21.600000,10000.000000,0,1,1450805,1230,10,1230,10,0,5,15
2,700,21.600000,10000.000000,0,1,1450817,1267,9,1267,9,0,5,15
2,700,21.600000,10000.000000,0,1,1450829,1294,8,1294,8,0,5,15
2,700,21.600000,10000.000000,0,1,1450839,1309,7,1309,7,0,5,15
2,700,21.600000,10000.000000,0,1,1450851,1316,7,1316,7,0,5,15
2,700,21.600000,10000.000000,0,1,1450862,1317,7,1317,7,0,5,15
2,700,21.600000,10000.000000,0,1,1450875,1318,7,1318,7,0,5,15
2,700,21.600000,10000.000000,0,1,1450885,1316,7,1316,7,0,5,15
2,700,21.600000,10000.000000,0,1,1450898,1314,7,1314,7,0,5,15
2,700,21.600000,10000.000000,0,1,1450910,1313,7,1313,7,0,5,15
2,700,21.600000,10000.000000,0,1,1450921,1313,7,1313,7,0,5,15
2,700,21.600000,10000.000000,0,1,1450931,1313,7,1313,7,0,5,15
2,700,21.600000,10000.000000,0,1,1450943,1313,7,1313,7,0,5,15
2,700,21.600000,10000.000000,0,1,1450953,1313,7,1313,7,0,5,15
2,700,21.600000,10000.000000,0,1,1450964,1313,7,1313,7,0,5,15
2,700,21.600000,10000.000000,0,1,1450974,1312,7,1312,7,0,5,15
2,700,21.600000,10000.000000,0,1,1450987,1311,7,1311,7,0,5,15
2,700,21.600000,10000.000000,0,1,1450999,1310,7,1310,7,0,5,15
2,700,21.600000,10000.000000,0,1,1451010,1309,7,1309,7,0,5,15
2,700,21.600000,10000.000000,0,1,1451021,1309,7,1309,7,0,5,15
2,700,21.600000,10000.000000,0,1,1451032,1310,7,1310,7,0,5,15
2,700,21.600000,10000.000000,0,1,1451043,1312,7,1312,7,0,5,15
2,700,21.600000,10000.000000,0,1,1451055,1315,7,1315,7,0,5,15
2,700,21.600000,10000.000000,0,1,1451066,1316,7,1316,7,0,5,15
2,700,21.600000,10000.000000,0,1,1451079,1317,7,1317,7,0,5,15
2,700,21.600000,10000.000000,0,1,1451089,1317,7,1317,7,0,5,15
2,700,21.600000,10000.000000,0,1,1451099,1317,7,1317,7,0,5,15
2,700,21.600000,10000.000000,0,1,1451110,1316,7,1316,7,0,5,15
2,700,21.600000,10000.000000,0,1,1451120,1316,8,1316,8,0,5,15
2,700,21.600000,10000.000000,0,1,1451130,1316,8,1316,8,0,5,15
2,700,21.600000,10000.000000,0,1,1451139,1316,8,1316,8,0,5,15
2,700,21.600000,10000.000000,0,1,1451149,1316,8,1316,8,0,5,15
