2,700,82.800000,22.608000,0,0,1764912,610,0,610,0,0,6,82
2,700,82.800000,22.608000,0,0,1764913,610,0,610,0,0,6,82
2,700,82.800000,22.608000,0,0,1764923,610,0,610,0,0,6,82
2,700,82.800000,22.608000,0,0,1764934,610,0,610,0,0,6,82
2,700,82.800000,22.608000,0,0,1764946,610,0,610,0,0,6,82
2,700,82.800000,22.608000,0,0,1764958,615,0,615,0,0,6,82
2,700,82.800000,22.608000,0,0,1764971,629,0,629,0,0,6,82
2,700,82.800000,22.608000,0,0,1764983,657,0,657,0,0,6,82
2,700,82.800000,22.608000,0,0,1764994,701,0,701,0,0,6,82
2,700,82.800000,22.608000,0,0,1765006,755,0,755,0,0,6,82
2,700,82.800000,22.608000,0,0,1765019,814,0,814,-1,0,6,82
2,700,82.800000,22.608000,0,0,1765030,895,0,895,-2,0,6,82
2,700,82.800000,22.608000,0,0,1765042,963,0,963,-4,0,6,82
2,700,82.800000,22.608000,0,0,1765057,1041,0,1041,-6,0,6,82
2,700,82.800000,22.608000,0,0,1765071,1128,0,1128,-8,0,6,82
2,700,82.800000,22.608000,0,0,1765084,1208,0,1208,-10,0,6,82
2,700,82.800000,22.608000,0,0,1765098,1263,0,1263,-11,0,6,82
2,700,82.800000,22.608000,0,0,1765111,1307,0,1307,-13,0,6,82
2,700,82.800000,22.608000,0,0,1765124,1332,0,1332,-15,0,6,82
2,700,82.800000,22.608000,0,0,1765136,1349,0,1349,-17,0,6,82
2,700,82.800000,22.608000,0,0,1765147,1353,0,1353,-18,0,6,82
2,700,82.800000,22.608000,0,0,1765158,1357,0,1357,-19,0,6,82
2,700,82.800000,22.608000,0,0,1765170,1357,0,1357,-19,0,6,82
2,700,82.800000,22.608000,0,0,1765180,1354,0,1354,-19,0,6,82
2,700,82.800000,22.608000,0,0,1765190,1352,0,1352,-19,0,6,82
2,700,82.800000,22.608000,0,0,1765201,1351,0,1351,-19,0,6,82
2,700,82.800000,22.608000,0,0,1765213,1350,0,1350,-19,0,6,82
2,700,82.800000,22.608000,0,0,1765225,1350,0,1350,-19,0,6,82
2,700,82.800000,22.608000,0,0,1765238,1350,0,1350,-19,0,6,82
2,700,82.800000,22.608000,0,0,1765251,1350,0,1350,-19,0,6,82
2,700,82.800000,22.608000,0,0,1765261,1349,0,1349,-19,0,6,82
2,700,82.800000,22.608000,0,0,1765273,1349,0,1349,-19,0,6,82
2,700,82.800000,22.608000,0,0,1765284,1349,0,1349,-19,0,6,82
2,700,82.800000,22.608000,0,0,1765297,1349,0,1349,-19,0,6,82
2,700,82.800000,22.608000,0,0,1765308,1349,0,1349,-19,0,6,82
2,700,82.800000,22.608000,0,0,1765320,1349,0,1349,-19,0,6,82
2,700,82.800000,22.608000,0,0,1765330,1349,0,1349,-19,0,6,82
2,700,82.800000,22.608000,0,0,1765341,1348,0,1348,-19,0,6,82
2,700,82.800000,22.608000,0,0,1765354,1346,0,1346,-19,0,6,82
2,700,82.800000,22.608000,0,0,1765364,1343,0,1343,-20,0,6,82
2,700,82.800000,22.608000,0,0,1765375,1340,0,1340,-20,0,6,82
2,700,82.800000,22.608000,0,0,1765385,1339,0,1339,-20,0,6,82
