2,350,50.400000,22.608000,1,1,1960733,785,22,785,22,0,7,92
2,350,50.400000,22.608000,1,1,1960734,785,22,785,22,0,7,92
2,350,50.400000,22.608000,1,1,1960744,785,22,785,22,0,7,92
2,350,50.400000,22.608000,1,1,1960756,785,22,785,22,0,7,92
2,350,50.400000,22.608000,1,1,1960767,784,22,784,22,0,7,92
2,350,50.400000,22.608000,1,1,1960778,784,22,784,22,0,7,92
2,350,50.400000,22.608000,1,1,1960790,784,22,784,22,0,7,92
2,350,50.400000,22.608000,1,1,1960802,785,22,785,22,0,7,92
2,350,50.400000,22.608000,1,1,1960814,794,22,794,22,0,7,92
2,350,50.400000,22.608000,1,1,1960827,815,21,815,21,0,7,92
2,350,50.400000,22.608000,1,1,1960838,850,20,850,20,0,7,92
2,350,50.400000,22.608000,1,1,1960850,891,19,891,19,0,7,92
2,350,50.400000,22.608000,1,1,1960861,937,18,937,18,0,7,92
2,350,50.400000,22.608000,1,1,1960873,986,15,986,15,0,7,92
2,350,50.400000,22.608000,1,1,1960886,1036,12,1036,12,0,7,92
2,350,50.400000,22.608000,1,1,1960898,1087,8,1087,8,0,7,92
2,350,50.400000,22.608000,1,1,1960910,1131,4,1131,4,0,7,92
2,350,50.400000,22.608000,1,1,1960922,1156,2,1156,2,0,7,92
2,350,50.400000,22.608000,1,1,1960935,1168,0,1168,0,0,7,92
2,350,50.400000,22.608000,1,1,1960946,1168,0,1168,0,0,7,92
2,350,50.400000,22.608000,1,1,1960956,1168,0,1168,0,0,7,92
2,350,50.400000,22.608000,1,1,1960968,1165,0,1165,0,0,7,92
2,350,50.400000,22.608000,1,1,1960980,1163,0,1163,0,0,7,92
2,350,50.400000,22.608000,1,1,1960991,1161,0,1161,0,0,7,92
2,350,50.400000,22.608000,1,1,1961003,1160,0,1160,0,0,7,92
2,350,50.400000,22.608000,1,1,1961015,1160,0,1160,0,0,7,92
2,350,50.400000,22.608000,1,1,1961026,1160,0,1160,0,0,7,92
2,350,50.400000,22.608000,1,1,1961036,1160,0,1160,0,0,7,92
2,350,50.400000,22.608000,1,1,1961048,1160,0,1160,0,0,7,92
2,350,50.400000,22.608000,1,1,1961060,1160,0,1160,0,0,7,92
2,350,50.400000,22.608000,1,1,1961071,1160,0,1160,0,0,7,92
2,350,50.400000,22.608000,1,1,1961082,1160,0,1160,0,0,7,92
2,350,50.400000,22.608000,1,1,1961093,1160,0,1160,0,0,7,92
2,350,50.400000,22.608000,1,1,1961104,1160,0,1160,0,0,7,92
2,350,50.400000,22.608000,1,1,1961114,1159,0,1159,0,0,7,92
2,350,50.400000,22.608000,1,1,1961125,1158,0,1158,0,0,7,92
2,350,50.400000,22.608000,1,1,1961136,1155,1,1155,1,0,7,92
2,350,50.400000,22.608000,1,1,1961146,1151,1,1151,1,0,7,92
2,350,50.400000,22.608000,1,1,1961156,1148,2,1148,2,0,7,92
2,350,50.400000,22.608000,1,1,1961167,1145,2,1145,2,0,7,92
2,350,50.400000,22.608000,1,1,1961178,1143,3,1143,3,0,7,92
2,350,50.400000,22.608000,1,1,1961190,1140,3,1140,3,0,7,92
2,350,50.400000,22.608000,1,1,1961201,1138,4,1138,4,0,7,92
2,350,50.400000,22.608000,1,1,1961213,1136,5,1136,5,0,7,92
2,350,50.400000,22.608000,1,1,1961224,1134,6,1134,6,0,7,92
2,350,50.400000,22.608000,1,1,1961236,1133,6,1133,6,0,7,92
