2,350,50.400000,22.608000,0,1,1899723,785,22,785,22,0,7,47
2,350,50.400000,22.608000,0,1,1899725,785,22,785,22,0,7,47
2,350,50.400000,22.608000,0,1,1899736,785,22,785,22,0,7,47
2,350,50.400000,22.608000,0,1,1899747,785,22,785,22,0,7,47
2,350,50.400000,22.608000,0,1,1899758,785,22,785,22,0,7,47
2,350,50.400000,22.608000,0,1,1899769,785,22,785,22,0,7,47
2,350,50.400000,22.608000,0,1,1899779,785,22,785,22,0,7,47
2,350,50.400000,22.608000,0,1,1899790,791,22,791,22,0,7,47
2,350,50.400000,22.608000,0,1,1899804,804,21,804,21,0,7,47
2,350,50.400000,22.608000,0,1,1899816,837,19,837,19,0,7,47
2,350,50.400000,22.608000,0,1,1899829,879,18,879,18,0,7,47
2,350,50.400000,22.608000,0,1,1899840,930,16,930,16,0,7,47
2,350,50.400000,22.608000,0,1,1899852,983,13,983,13,0,7,47
2,350,50.400000,22.608000,0,1,1899865,1043,10,1043,10,0,7,47
2,350,50.400000,22.608000,0,1,1899877,1098,8,1098,8,0,7,47
2,350,50.400000,22.608000,0,1,1899889,1128,8,1128,8,0,7,47
2,350,50.400000,22.608000,0,1,1899900,1139,7,1139,7,0,7,47
2,350,50.400000,22.608000,0,1,1899910,1140,7,1140,7,0,7,47
2,350,50.400000,22.608000,0,1,1899921,1141,7,1141,7,0,7,47
2,350,50.400000,22.608000,0,1,1899931,1140,7,1140,7,0,7,47
2,350,50.400000,22.608000,0,1,1899942,1138,7,1138,7,0,7,47
2,350,50.400000,22.608000,0,1,1899952,1137,7,1137,7,0,7,47
2,350,50.400000,22.608000,0,1,1899963,1137,7,1137,7,0,7,47
2,350,50.400000,22.608000,0,1,1899973,1137,7,1137,7,0,7,47
2,350,50.400000,22.608000,0,1,1899984,1137,7,1137,7,0,7,47
2,350,50.400000,22.608000,0,1,1899996,1137,7,1137,7,0,7,47
2,350,50.400000,22.608000,0,1,1900006,1136,7,1136,7,0,7,47
2,350,50.400000,22.608000,0,1,1900017,1135,7,1135,7,0,7,47
2,350,50.400000,22.608000,0,1,1900028,1135,7,1135,7,0,7,47
2,350,50.400000,22.608000,0,1,1900038,1134,7,1134,7,0,7,47
2,350,50.400000,22.608000,0,1,1900049,1132,7,1132,7,0,7,47
2,350,50.400000,22.608000,0,1,1900061,1131,7,1131,7,0,7,47
2,350,50.400000,22.608000,0,1,1900071,1130,7,1130,7,0,7,47
2,350,50.400000,22.608000,0,1,1900082,1129,7,1129,7,0,7,47
2,350,50.400000,22.608000,0,1,1900092,1129,7,1129,7,0,7,47
2,350,50.400000,22.608000,0,1,1900103,1129,7,1129,7,0,7,47
2,350,50.400000,22.608000,0,1,1900114,1129,7,1129,7,0,7,47
2,350,50.400000,22.608000,0,1,1900124,1129,7,1129,7,0,7,47
