2,700,82.800000,42.984000,1,0,1973335,610,0,610,0,0,7,102
2,700,82.800000,42.984000,1,0,1973336,610,0,610,0,0,7,102
2,700,82.800000,42.984000,1,0,1973347,610,0,610,0,0,7,102
2,700,82.800000,42.984000,1,0,1973358,610,0,610,0,0,7,102
2,700,82.800000,42.984000,1,0,1973370,610,0,610,0,0,7,102
2,700,82.800000,42.984000,1,0,1973382,610,0,610,0,0,7,102
2,700,82.800000,42.984000,1,0,1973393,610,0,610,0,0,7,102
2,700,82.800000,42.984000,1,0,1973405,610,0,610,0,0,7,102
2,700,82.800000,42.984000,1,0,1973418,613,0,613,0,0,7,102
2,700,82.800000,42.984000,1,0,1973434,624,0,624,-1,0,7,102
2,700,82.800000,42.984000,1,0,1973448,657,0,657,-3,0,7,102
2,700,82.800000,42.984000,1,0,1973462,715,0,715,-4,0,7,102
2,700,82.800000,42.984000,1,0,1973475,782,0,782,-6,0,7,102
2,700,82.800000,42.984000,1,0,1973496,861,0,861,-7,0,7,102
2,700,82.800000,42.984000,1,0,1973510,985,0,985,-10,0,7,102
2,700,82.800000,42.984000,1,0,1973524,1074,0,1074,-12,0,7,102
2,700,82.800000,42.984000,1,0,1973536,1158,0,1158,-12,0,7,102
2,700,82.800000,42.984000,1,0,1973550,1209,0,1209,-12,0,7,102
2,700,82.800000,42.984000,1,0,1973561,1244,0,1244,-12,0,7,102
2,700,82.800000,42.984000,1,0,1973572,1252,0,1252,-13,0,7,102
2,700,82.800000,42.984000,1,0,1973582,1252,0,1252,-13,0,7,102
2,700,82.800000,42.984000,1,0,1973594,1252,0,1252,-13,0,7,102
2,700,82.800000,42.984000,1,0,1973605,1250,0,1250,-13,0,7,102
2,700,82.800000,42.984000,1,0,1973615,1247,0,1247,-13,0,7,102
2,700,82.800000,42.984000,1,0,1973625,1246,0,1246,-13,0,7,102
2,700,82.800000,42.984000,1,0,1973637,1245,0,1245,-13,0,7,102
2,700,82.800000,42.984000,1,0,1973647,1245,0,1245,-13,0,7,102
2,700,82.800000,42.984000,1,0,1973656,1245,0,1245,-13,0,7,102
2,700,82.800000,42.984000,1,0,1973666,1245,0,1245,-13,0,7,102
2,700,82.800000,42.984000,1,0,1973676,1245,0,1245,-13,0,7,102
2,700,82.800000,42.984000,1,0,1973687,1245,0,1245,-13,0,7,102
2,700,82.800000,42.984000,1,0,1973697,1245,0,1245,-13,0,7,102
2,700,82.800000,42.984000,1,0,1973706,1245,0,1245,-13,0,7,102
2,700,82.800000,42.984000,1,0,1973716,1245,0,1245,-13,0,7,102
2,700,82.800000,42.984000,1,0,1973728,1245,0,1245,-13,0,7,102
2,700,82.800000,42.984000,1,0,1973739,1245,0,1245,-13,0,7,102
2,700,82.800000,42.984000,1,0,1973750,1246,0,1246,-13,0,7,102
2,700,82.800000,42.984000,1,0,1973760,1248,0,1248,-13,0,7,102
2,700,82.800000,42.984000,1,0,1973771,1251,0,1251,-13,0,7,102
2,700,82.800000,42.984000,1,0,1973783,1257,0,1257,-14,0,7,102
2,700,82.800000,42.984000,1,0,1973796,1265,0,1265,-15,0,7,102
2,700,82.800000,42.984000,1,0,1973807,1278,0,1278,-15,0,7,102
2,700,82.800000,42.984000,1,0,1973819,1292,0,1292,-15,0,7,102
2,700,82.800000,42.984000,1,0,1973831,1312,0,1312,-15,0,7,102
2,700,82.800000,42.984000,1,0,1973842,1327,0,1327,-15,0,7,102
2,700,82.800000,42.984000,1,0,1973852,1335,0,1335,-15,0,7,102
2,700,82.800000,42.984000,1,0,1973862,1339,0,1339,-15,0,7,102
2,700,82.800000,42.984000,1,0,1973874,1343,0,1343,-15,0,7,102
2,700,82.800000,42.984000,1,0,1973886,1343,0,1343,-15,0,7,102
2,700,82.800000,42.984000,1,0,1973895,1341,1,1341,-14,0,7,102
