2,350,21.600000,12.276000,1,0,2092070,785,0,785,0,0,8,73
2,350,21.600000,12.276000,1,0,2092070,785,0,785,0,0,8,73
2,350,21.600000,12.276000,1,0,2092081,785,0,785,0,0,8,73
2,350,21.600000,12.276000,1,0,2092093,785,0,785,0,0,8,73
2,350,21.600000,12.276000,1,0,2092106,785,0,785,0,0,8,73
2,350,21.600000,12.276000,1,0,2092125,785,0,785,0,0,8,73
2,350,21.600000,12.276000,1,0,2092136,786,0,786,0,0,8,73
2,350,21.600000,12.276000,1,0,2092148,789,0,789,0,0,8,73
2,350,21.600000,12.276000,1,0,2092159,796,0,796,-2,0,8,73
2,350,21.600000,12.276000,1,0,2092172,810,0,810,-4,0,8,73
2,350,21.600000,12.276000,1,0,2092185,833,0,833,-6,0,8,73
2,350,21.600000,12.276000,1,0,2092197,873,0,873,-10,0,8,73
2,350,21.600000,12.276000,1,0,2092212,914,0,914,-15,0,8,73
2,350,21.600000,12.276000,1,0,2092224,969,0,969,-21,0,8,73
2,350,21.600000,12.276000,1,0,2092237,1017,0,1017,-26,0,8,73
2,350,21.600000,12.276000,1,0,2092249,1067,0,1067,-32,0,8,73
2,350,21.600000,12.276000,1,0,2092262,1103,0,1103,-35,0,8,73
2,350,21.600000,12.276000,1,0,2092275,1129,0,1129,-39,0,8,73
2,350,21.600000,12.276000,1,0,2092286,1144,0,1144,-42,0,8,73
2,350,21.600000,12.276000,1,0,2092296,1148,0,1148,-43,0,8,73
2,350,21.600000,12.276000,1,0,2092306,1149,0,1149,-43,0,8,73
2,350,21.600000,12.276000,1,0,2092317,1149,0,1149,-43,0,8,73
2,350,21.600000,12.276000,1,0,2092331,1149,0,1149,-43,0,8,73
2,350,21.600000,12.276000,1,0,2092342,1149,0,1149,-43,0,8,73
2,350,21.600000,12.276000,1,0,2092354,1149,0,1149,-43,0,8,73
2,350,21.600000,12.276000,1,0,2092366,1148,0,1148,-44,0,8,73
2,350,21.600000,12.276000,1,0,2092376,1147,0,1147,-45,0,8,73
2,350,21.600000,12.276000,1,0,2092388,1147,0,1147,-45,0,8,73
2,350,21.600000,12.276000,1,0,2092398,1147,0,1147,-45,0,8,73
2,350,21.600000,12.276000,1,0,2092408,1147,0,1147,-45,0,8,73
2,350,21.600000,12.276000,1,0,2092419,1147,0,1147,-45,0,8,73
2,350,21.600000,12.276000,1,0,2092429,1147,0,1147,-45,0,8,73
2,350,21.600000,12.276000,1,0,2092440,1147,0,1147,-45,0,8,73
2,350,21.600000,12.276000,1,0,2092451,1147,0,1147,-45,0,8,73
2,350,21.600000,12.276000,1,0,2092461,1147,0,1147,-45,0,8,73
2,350,21.600000,12.276000,1,0,2092472,1147,0,1147,-45,0,8,73
2,350,21.600000,12.276000,1,0,2092483,1147,0,1147,-45,0,8,73
2,350,21.600000,12.276000,1,0,2092495,1147,0,1147,-45,0,8,73
2,350,21.600000,12.276000,1,0,2092508,1146,0,1146,-45,0,8,73
2,350,21.600000,12.276000,1,0,2092521,1145,0,1145,-45,0,8,73
2,350,21.600000,12.276000,1,0,2092531,1144,0,1144,-45,0,8,73
2,350,21.600000,12.276000,1,0,2092542,1143,0,1143,-45,0,8,73
2,350,21.600000,12.276000,1,0,2092553,1142,0,1142,-45,0,8,73
2,350,21.600000,12.276000,1,0,2092565,1141,0,1141,-45,0,8,73
2,350,21.600000,12.276000,1,0,2092575,1139,0,1139,-45,0,8,73
