2,350,21.600000,10000.000000,1,1,2065757,785,22,785,22,0,8,51
2,350,21.600000,10000.000000,1,1,2065758,785,22,785,22,0,8,51
2,350,21.600000,10000.000000,1,1,2065769,785,22,785,22,0,8,51
2,350,21.600000,10000.000000,1,1,2065781,785,22,785,22,0,8,51
2,350,21.600000,10000.000000,1,1,2065792,785,22,785,22,0,8,51
2,350,21.600000,10000.000000,1,1,2065803,788,22,788,22,0,8,51
2,350,21.600000,10000.000000,1,1,2065813,794,21,794,21,0,8,51
2,350,21.600000,10000.000000,1,1,2065826,806,20,806,20,0,8,51
2,350,21.600000,10000.000000,1,1,2065838,830,19,830,19,0,8,51
2,350,21.600000,10000.000000,1,1,2065850,864,19,864,19,0,8,51
2,350,21.600000,10000.000000,1,1,2065862,910,19,910,19,0,8,51
2,350,21.600000,10000.000000,1,1,2065873,960,19,960,19,0,8,51
2,350,21.600000,10000.000000,1,1,2065886,1009,18,1009,18,0,8,51
2,350,21.600000,10000.000000,1,1,2065898,1056,16,1056,16,0,8,51
2,350,21.600000,10000.000000,1,1,2065910,1096,13,1096,13,0,8,51
2,350,21.600000,10000.000000,1,1,2065922,1128,10,1128,10,0,8,51
2,350,21.600000,10000.000000,1,1,2065934,1148,8,1148,8,0,8,51
2,350,21.600000,10000.000000,1,1,2065945,1159,6,1159,6,0,8,51
2,350,21.600000,10000.000000,1,1,2065956,1164,5,1164,5,0,8,51
2,350,21.600000,10000.000000,1,1,2065967,1166,5,1166,5,0,8,51
2,350,21.600000,10000.000000,1,1,2065977,1168,5,1168,5,0,8,51
2,350,21.600000,10000.000000,1,1,2065989,1168,5,1168,5,0,8,51
2,350,21.600000,10000.000000,1,1,2066000,1168,5,1168,5,0,8,51
2,350,21.600000,10000.000000,1,1,2066012,1168,5,1168,5,0,8,51
2,350,21.600000,10000.000000,1,1,2066022,1168,5,1168,5,0,8,51
2,350,21.600000,10000.000000,1,1,2066032,1169,4,1169,4,0,8,51
2,350,21.600000,10000.000000,1,1,2066042,1170,4,1170,4,0,8,51
2,350,21.600000,10000.000000,1,1,2066053,1171,4,1171,4,0,8,51
2,350,21.600000,10000.000000,1,1,2066064,1172,4,1172,4,0,8,51
2,350,21.600000,10000.000000,1,1,2066075,1172,4,1172,4,0,8,51
2,350,21.600000,10000.000000,1,1,2066085,1172,4,1172,4,0,8,51
2,350,21.600000,10000.000000,1,1,2066096,1171,4,1171,4,0,8,51
2,350,21.600000,10000.000000,1,1,2066106,1171,4,1171,4,0,8,51
2,350,21.600000,10000.000000,1,1,2066117,1171,4,1171,4,0,8,51
2,350,21.600000,10000.000000,1,1,2066128,1171,4,1171,4,0,8,51
2,350,21.600000,10000.000000,1,1,2066139,1170,3,1170,3,0,8,51
2,350,21.600000,10000.000000,1,1,2066149,1169,3,1169,3,0,8,51
2,350,21.600000,10000.000000,1,1,2066159,1167,3,1167,3,0,8,51
2,350,21.600000,10000.000000,1,1,2066169,1164,3,1164,3,0,8,51
2,350,21.600000,10000.000000,1,1,2066184,1160,3,1160,3,0,8,51
2,350,21.600000,10000.000000,1,1,2066197,1150,3,1150,3,0,8,51
2,350,21.600000,10000.000000,1,1,2066210,1139,3,1139,3,0,8,51
2,350,21.600000,10000.000000,1,1,2066221,1134,4,1134,4,0,8,51
2,350,21.600000,10000.000000,1,1,2066232,1133,4,1133,4,0,8,51
2,350,21.600000,10000.000000,1,1,2066244,1133,4,1133,4,0,8,51
2,350,21.600000,10000.000000,1,1,2066254,1133,4,1133,4,0,8,51
2,350,21.600000,10000.000000,1,1,2066265,1133,4,1133,4,0,8,51
2,350,21.600000,10000.000000,1,1,2066276,1133,4,1133,4,0,8,51
2,350,21.600000,10000.000000,1,1,2066287,1133,4,1133,4,0,8,51
2,350,21.600000,10000.000000,1,1,2066298,1133,4,1133,4,0,8,51
2,350,21.600000,10000.000000,1,1,2066309,1133,4,1133,4,0,8,51
2,350,21.600000,10000.000000,1,1,2066319,1133,4,1133,4,0,8,51
2,350,21.600000,10000.000000,1,1,2066330,1133,4,1133,4,0,8,51
2,350,21.600000,10000.000000,1,1,2066340,1133,4,1133,4,0,8,51
