2,700,21.600000,10000.000000,1,1,2101585,610,22,610,22,0,8,81
2,700,21.600000,10000.000000,1,1,2101586,610,22,610,22,0,8,81
2,700,21.600000,10000.000000,1,1,2101597,610,22,610,22,0,8,81
2,700,21.600000,10000.000000,1,1,2101607,610,22,610,22,0,8,81
2,700,21.600000,10000.000000,1,1,2101617,611,22,611,22,0,8,81
2,700,21.600000,10000.000000,1,1,2101629,612,22,612,22,0,8,81
2,700,21.600000,10000.000000,1,1,2101641,614,22,614,22,0,8,81
2,700,21.600000,10000.000000,1,1,2101653,618,21,618,21,0,8,81
2,700,21.600000,10000.000000,1,1,2101664,625,20,625,20,0,8,81
2,700,21.600000,10000.000000,1,1,2101679,640,18,640,18,0,8,81
2,700,21.600000,10000.000000,1,1,2101691,677,16,677,16,0,8,81
2,700,21.600000,10000.000000,1,1,2101707,732,15,732,15,0,8,81
2,700,21.600000,10000.000000,1,1,2101719,835,14,835,14,0,8,81
2,700,21.600000,10000.000000,1,1,2101732,925,12,925,12,0,8,81
2,700,21.600000,10000.000000,1,1,2101744,1016,10,1016,10,0,8,81
2,700,21.600000,10000.000000,1,1,2101757,1104,8,1104,8,0,8,81
2,700,21.600000,10000.000000,1,1,2101769,1178,7,1178,7,0,8,81
2,700,21.600000,10000.000000,1,1,2101784,1235,7,1235,7,0,8,81
2,700,21.600000,10000.000000,1,1,2101799,1273,7,1273,7,0,8,81
2,700,21.600000,10000.000000,1,1,2101812,1325,7,1325,7,0,8,81
2,700,21.600000,10000.000000,1,1,2101825,1322,7,1322,7,0,8,81
2,700,21.600000,10000.000000,1,1,2101838,1318,7,1318,7,0,8,81
2,700,21.600000,10000.000000,1,1,2101850,1315,7,1315,7,0,8,81
2,700,21.600000,10000.000000,1,1,2101862,1314,7,1314,7,0,8,81
2,700,21.600000,10000.000000,1,1,2101875,1314,7,1314,7,0,8,81
2,700,21.600000,10000.000000,1,1,2101886,1314,7,1314,7,0,8,81
2,700,21.600000,10000.000000,1,1,2101897,1313,7,1313,7,0,8,81
2,700,21.600000,10000.000000,1,1,2101909,1312,7,1312,7,0,8,81
2,700,21.600000,10000.000000,1,1,2101920,1312,7,1312,7,0,8,81
2,700,21.600000,10000.000000,1,1,2101931,1312,7,1312,7,0,8,81
2,700,21.600000,10000.000000,1,1,2101943,1312,7,1312,7,0,8,81
2,700,21.600000,10000.000000,1,1,2101953,1312,7,1312,7,0,8,81
2,700,21.600000,10000.000000,1,1,2101964,1312,7,1312,7,0,8,81
2,700,21.600000,10000.000000,1,1,2101976,1312,7,1312,7,0,8,81
2,700,21.600000,10000.000000,1,1,2101989,1312,7,1312,7,0,8,81
2,700,21.600000,10000.000000,1,1,2102000,1312,7,1312,7,0,8,81
2,700,21.600000,10000.000000,1,1,2102011,1312,7,1312,7,0,8,81
2,700,21.600000,10000.000000,1,1,2102022,1312,7,1312,7,0,8,81
2,700,21.600000,10000.000000,1,1,2102034,1311,8,1311,8,0,8,81
2,700,21.600000,10000.000000,1,1,2102046,1310,8,1310,8,0,8,81
2,700,21.600000,10000.000000,1,1,2102058,1310,8,1310,8,0,8,81
2,700,21.600000,10000.000000,1,1,2102069,1310,8,1310,8,0,8,81
2,700,21.600000,10000.000000,1,1,2102079,1310,8,1310,8,0,8,81
