2,350,21.600000,22.608000,0,0,2119990,785,0,785,0,1,8,95
2,350,21.600000,22.608000,0,0,2119991,785,0,785,0,1,8,95
2,350,21.600000,22.608000,0,0,2120002,785,0,785,0,1,8,95
2,350,21.600000,22.608000,0,0,2120014,785,0,785,0,1,8,95
2,350,21.600000,22.608000,0,0,2120024,785,0,785,0,1,8,95
2,350,21.600000,22.608000,0,0,2120035,785,0,785,0,1,8,95
2,350,21.600000,22.608000,0,0,2120046,785,0,785,0,1,8,95
2,350,21.600000,22.608000,0,0,2120056,785,0,785,0,1,8,95
2,350,21.600000,22.608000,0,0,2120068,786,0,786,0,1,8,95
2,350,21.600000,22.608000,0,0,2120082,792,0,792,0,1,8,95
2,350,21.600000,22.608000,0,0,2120094,805,0,805,-2,1,8,95
2,350,21.600000,22.608000,0,0,2120106,828,0,828,-4,1,8,95
2,350,21.600000,22.608000,0,0,2120119,866,0,866,-6,1,8,95
2,350,21.600000,22.608000,0,0,2120131,922,0,922,-8,1,8,95
2,350,21.600000,22.608000,0,0,2120145,980,0,980,-10,1,8,95
2,350,21.600000,22.608000,0,0,2120157,1051,0,1051,-11,1,8,95
2,350,21.600000,22.608000,0,0,2120175,1105,0,1105,-12,1,8,95
2,350,21.600000,22.608000,0,0,2120188,1158,0,1158,-12,1,8,95
2,350,21.600000,22.608000,0,0,2120200,1180,0,1180,-12,1,8,95
2,350,21.600000,22.608000,0,0,2120211,1185,0,1185,-12,1,8,95
2,350,21.600000,22.608000,0,0,2120223,1190,0,1190,-12,1,8,95
2,350,21.600000,22.608000,0,0,2120234,1187,1,1187,-11,1,8,95
2,350,21.600000,22.608000,0,0,2120245,1183,1,1183,-11,1,8,95
2,350,21.600000,22.608000,0,0,2120256,1181,1,1181,-11,1,8,95
2,350,21.600000,22.608000,0,0,2120267,1181,1,1181,-11,1,8,95
2,350,21.600000,22.608000,0,0,2120277,1181,1,1181,-11,1,8,95
2,350,21.600000,22.608000,0,0,2120290,1181,1,1181,-11,1,8,95
2,350,21.600000,22.608000,0,0,2120302,1181,1,1181,-11,1,8,95
2,350,21.600000,22.608000,0,0,2120313,1181,1,1181,-11,1,8,95
2,350,21.600000,22.608000,0,0,2120323,1181,1,1181,-11,1,8,95
2,350,21.600000,22.608000,0,0,2120336,1180,1,1180,-11,1,8,95
2,350,21.600000,22.608000,0,0,2120346,1180,1,1180,-11,1,8,95
2,350,21.600000,22.608000,0,0,2120358,1180,1,1180,-11,1,8,95
2,350,21.600000,22.608000,0,0,2120369,1180,1,1180,-11,1,8,95
2,350,21.600000,22.608000,0,0,2120381,1180,1,1180,-11,1,8,95
2,350,21.600000,22.608000,0,0,2120392,1179,2,1179,-10,1,8,95
2,350,21.600000,22.608000,0,0,2120404,1176,2,1176,-10,1,8,95
2,350,21.600000,22.608000,0,0,2120416,1171,3,1171,-9,1,8,95
2,350,21.600000,22.608000,0,0,2120427,1167,4,1167,-8,1,8,95
2,350,21.600000,22.608000,0,0,2120439,1164,5,1164,-7,1,8,95
2,350,21.600000,22.608000,0,0,2120450,1161,6,1161,-6,1,8,95
2,350,21.600000,22.608000,0,0,2120460,1158,7,1158,-5,1,8,95
2,350,21.600000,22.608000,0,0,2120471,1155,7,1155,-5,1,8,95
2,350,21.600000,22.608000,0,0,2120482,1152,8,1152,-4,1,8,95
2,350,21.600000,22.608000,0,0,2120492,1150,9,1150,-3,1,8,95
2,350,21.600000,22.608000,0,0,2120502,1148,10,1148,-2,1,8,95
2,350,21.600000,22.608000,0,0,2120512,1148,10,1148,-2,1,8,95
2,350,21.600000,22.608000,0,0,2120523,1147,10,1147,-2,1,8,95
2,350,21.600000,22.608000,0,0,2120534,1147,10,1147,-2,1,8,95
2,350,21.600000,22.608000,0,0,2120544,1147,10,1147,-2,1,8,95
2,350,21.600000,22.608000,0,0,2120555,1145,10,1145,-2,1,8,95
2,350,21.600000,22.608000,0,0,2120566,1141,11,1141,-1,1,8,95
2,350,21.600000,22.608000,0,0,2120576,1137,11,1137,-1,1,8,95
2,350,21.600000,22.608000,0,0,2120590,1133,12,1133,0,1,8,95
2,350,21.600000,22.608000,0,0,2120600,1130,12,1130,0,1,8,95
2,350,21.600000,22.608000,0,0,2120610,1128,12,1128,0,1,8,95
2,350,21.600000,22.608000,0,0,2120621,1126,12,1126,0,1,8,95
2,350,21.600000,22.608000,0,0,2120631,1126,12,1126,0,1,8,95
2,350,21.600000,22.608000,0,0,2120641,1126,12,1126,0,1,8,95
2,350,21.600000,22.608000,0,0,2120652,1126,12,1126,0,1,8,95
2,350,21.600000,22.608000,0,0,2120662,1126,12,1126,0,1,8,95
2,350,21.600000,22.608000,0,0,2120674,1126,12,1126,0,0,8,95
