2,350,21.600000,42.984000,0,1,2100355,785,22,785,22,1,8,80
2,350,21.600000,42.984000,0,1,2100356,785,22,785,22,1,8,80
2,350,21.600000,42.984000,0,1,2100367,785,22,785,22,1,8,80
2,350,21.600000,42.984000,0,1,2100380,785,22,785,22,1,8,80
2,350,21.600000,42.984000,0,1,2100392,785,22,785,22,1,8,80
2,350,21.600000,42.984000,0,1,2100404,785,22,785,22,1,8,80
2,350,21.600000,42.984000,0,1,2100414,786,22,786,22,1,8,80
2,350,21.600000,42.984000,0,1,2100425,788,22,788,22,1,8,80
2,350,21.600000,42.984000,0,1,2100437,794,21,794,21,1,8,80
2,350,21.600000,42.984000,0,1,2100449,804,19,804,19,1,8,80
2,350,21.600000,42.984000,0,1,2100462,823,17,823,17,1,8,80
2,350,21.600000,42.984000,0,1,2100473,852,15,852,15,1,8,80
2,350,21.600000,42.984000,0,1,2100486,885,12,885,12,1,8,80
2,350,21.600000,42.984000,0,1,2100497,921,9,921,9,1,8,80
2,350,21.600000,42.984000,0,1,2100509,961,6,961,6,1,8,80
2,350,21.600000,42.984000,0,1,2100522,1002,3,1002,3,1,8,80
2,350,21.600000,42.984000,0,1,2100534,1049,1,1049,1,1,8,80
2,350,21.600000,42.984000,0,1,2100547,1086,0,1086,0,1,8,80
2,350,21.600000,42.984000,0,1,2100559,1112,0,1112,-1,1,8,80
2,350,21.600000,42.984000,0,1,2100572,1133,0,1133,-2,1,8,80
2,350,21.600000,42.984000,0,1,2100582,1146,0,1146,-3,1,8,80
2,350,21.600000,42.984000,0,1,2100594,1150,0,1150,-3,1,8,80
2,350,21.600000,42.984000,0,1,2100605,1150,0,1150,-3,1,8,80
2,350,21.600000,42.984000,0,1,2100616,1149,0,1149,-3,1,8,80
2,350,21.600000,42.984000,0,1,2100627,1148,0,1148,-3,1,8,80
2,350,21.600000,42.984000,0,1,2100638,1147,0,1147,-3,1,8,80
2,350,21.600000,42.984000,0,1,2100649,1147,0,1147,-3,1,8,80
2,350,21.600000,42.984000,0,1,2100660,1147,0,1147,-3,1,8,80
2,350,21.600000,42.984000,0,1,2100672,1147,0,1147,-3,1,8,80
2,350,21.600000,42.984000,0,1,2100683,1147,0,1147,-3,1,8,80
2,350,21.600000,42.984000,0,1,2100696,1146,0,1146,-3,1,8,80
2,350,21.600000,42.984000,0,1,2100707,1146,0,1146,-3,1,8,80
2,350,21.600000,42.984000,0,1,2100717,1146,0,1146,-3,1,8,80
2,350,21.600000,42.984000,0,1,2100729,1146,0,1146,-3,1,8,80
2,350,21.600000,42.984000,0,1,2100740,1146,0,1146,-3,1,8,80
2,350,21.600000,42.984000,0,1,2100750,1146,0,1146,-3,1,8,80
2,350,21.600000,42.984000,0,1,2100762,1146,0,1146,-3,1,8,80
2,350,21.600000,42.984000,0,1,2100772,1146,0,1146,-3,1,8,80
2,350,21.600000,42.984000,0,1,2100786,1146,0,1146,-3,1,8,80
2,350,21.600000,42.984000,0,1,2100797,1144,0,1144,-3,1,8,80
2,350,21.600000,42.984000,0,1,2100811,1143,0,1143,-3,1,8,80
2,350,21.600000,42.984000,0,1,2100822,1143,1,1143,-2,1,8,80
2,350,21.600000,42.984000,0,1,2100832,1143,1,1143,-2,1,8,80
2,350,21.600000,42.984000,0,1,2100844,1143,1,1143,-2,1,8,80
2,350,21.600000,42.984000,0,1,2100855,1143,1,1143,-2,1,8,80
2,350,21.600000,42.984000,0,1,2100866,1142,1,1142,-2,1,8,80
2,350,21.600000,42.984000,0,1,2100876,1142,2,1142,-1,1,8,80
2,350,21.600000,42.984000,0,1,2100887,1142,2,1142,-1,1,8,80
2,350,21.600000,42.984000,0,1,2100899,1142,2,1142,-1,0,8,80
