2,350,21.600000,12.276000,0,0,2210916,785,0,785,0,0,9,43
2,350,21.600000,12.276000,0,0,2210917,785,0,785,0,0,9,43
2,350,21.600000,12.276000,0,0,2210929,785,0,785,0,0,9,43
2,350,21.600000,12.276000,0,0,2210940,785,0,785,0,0,9,43
2,350,21.600000,12.276000,0,0,2210951,785,0,785,0,0,9,43
2,350,21.600000,12.276000,0,0,2210964,785,0,785,0,0,9,43
2,350,21.600000,12.276000,0,0,2210978,785,0,785,0,0,9,43
2,350,21.600000,12.276000,0,0,2210992,788,0,788,0,0,9,43
2,350,21.600000,12.276000,0,0,2211008,795,0,795,0,0,9,43
2,350,21.600000,12.276000,0,0,2211020,809,0,809,-1,0,9,43
2,350,21.600000,12.276000,0,0,2211034,829,0,829,-1,0,9,43
2,350,21.600000,12.276000,0,0,2211050,866,0,866,-2,0,9,43
2,350,21.600000,12.276000,0,0,2211065,915,0,915,-2,0,9,43
2,350,21.600000,12.276000,0,0,2211077,975,0,975,-3,0,9,43
2,350,21.600000,12.276000,0,0,2211090,1018,0,1018,-3,0,9,43
2,350,21.600000,12.276000,0,0,2211106,1055,0,1055,-4,0,9,43
2,350,21.600000,12.276000,0,0,2211117,1098,0,1098,-5,0,9,43
2,350,21.600000,12.276000,0,0,2211130,1121,0,1121,-6,0,9,43
2,350,21.600000,12.276000,0,0,2211142,1134,0,1134,-7,0,9,43
2,350,21.600000,12.276000,0,0,2211153,1137,0,1137,-8,0,9,43
2,350,21.600000,12.276000,0,0,2211166,1140,0,1140,-9,0,9,43
2,350,21.600000,12.276000,0,0,2211177,1138,0,1138,-9,0,9,43
2,350,21.600000,12.276000,0,0,2211188,1137,0,1137,-9,0,9,43
2,350,21.600000,12.276000,0,0,2211200,1136,0,1136,-9,0,9,43
2,350,21.600000,12.276000,0,0,2211212,1135,0,1135,-9,0,9,43
2,350,21.600000,12.276000,0,0,2211225,1135,0,1135,-9,0,9,43
2,350,21.600000,12.276000,0,0,2211236,1135,0,1135,-9,0,9,43
2,350,21.600000,12.276000,0,0,2211249,1135,0,1135,-9,0,9,43
2,350,21.600000,12.276000,0,0,2211260,1135,0,1135,-9,0,9,43
2,350,21.600000,12.276000,0,0,2211271,1135,0,1135,-9,0,9,43
2,350,21.600000,12.276000,0,0,2211283,1135,0,1135,-9,0,9,43
2,350,21.600000,12.276000,0,0,2211295,1135,0,1135,-9,0,9,43
2,350,21.600000,12.276000,0,0,2211306,1135,0,1135,-9,0,9,43
2,350,21.600000,12.276000,0,0,2211317,1135,0,1135,-9,0,9,43
2,350,21.600000,12.276000,0,0,2211329,1135,0,1135,-9,0,9,43
2,350,21.600000,12.276000,0,0,2211339,1135,0,1135,-9,0,9,43
2,350,21.600000,12.276000,0,0,2211350,1135,0,1135,-9,0,9,43
2,350,21.600000,12.276000,0,0,2211362,1134,0,1134,-9,0,9,43
2,350,21.600000,12.276000,0,0,2211373,1133,0,1133,-9,0,9,43
2,350,21.600000,12.276000,0,0,2211384,1133,0,1133,-9,0,9,43
2,350,21.600000,12.276000,0,0,2211395,1133,0,1133,-9,0,9,43
2,350,21.600000,12.276000,0,0,2211406,1133,0,1133,-9,0,9,43
