2,350,82.800000,42.984000,0,1,2281694,785,22,785,22,0,9,97
2,350,82.800000,42.984000,0,1,2281695,785,22,785,22,0,9,97
2,350,82.800000,42.984000,0,1,2281706,785,22,785,22,0,9,97
2,350,82.800000,42.984000,0,1,2281718,785,22,785,22,0,9,97
2,350,82.800000,42.984000,0,1,2281729,785,22,785,22,0,9,97
2,350,82.800000,42.984000,0,1,2281739,785,22,785,22,0,9,97
2,350,82.800000,42.984000,0,1,2281751,785,22,785,22,0,9,97
2,350,82.800000,42.984000,0,1,2281762,787,22,787,22,0,9,97
2,350,82.800000,42.984000,0,1,2281775,793,22,793,22,0,9,97
2,350,82.800000,42.984000,0,1,2281789,811,20,811,20,0,9,97
2,350,82.800000,42.984000,0,1,2281801,845,18,845,18,0,9,97
2,350,82.800000,42.984000,0,1,2281812,890,17,890,17,0,9,97
2,350,82.800000,42.984000,0,1,2281824,937,15,937,15,0,9,97
2,350,82.800000,42.984000,0,1,2281838,994,13,994,13,0,9,97
2,350,82.800000,42.984000,0,1,2281851,1057,10,1057,10,0,9,97
2,350,82.800000,42.984000,0,1,2281863,1104,9,1104,9,0,9,97
2,350,82.800000,42.984000,0,1,2281874,1131,8,1131,8,0,9,97
2,350,82.800000,42.984000,0,1,2281885,1144,7,1144,7,0,9,97
2,350,82.800000,42.984000,0,1,2281896,1145,7,1145,7,0,9,97
2,350,82.800000,42.984000,0,1,2281908,1146,7,1146,7,0,9,97
2,350,82.800000,42.984000,0,1,2281919,1143,7,1143,7,0,9,97
2,350,82.800000,42.984000,0,1,2281929,1140,7,1140,7,0,9,97
2,350,82.800000,42.984000,0,1,2281941,1138,7,1138,7,0,9,97
2,350,82.800000,42.984000,0,1,2281951,1138,7,1138,7,0,9,97
2,350,82.800000,42.984000,0,1,2281961,1138,7,1138,7,0,9,97
2,350,82.800000,42.984000,0,1,2281972,1138,7,1138,7,0,9,97
2,350,82.800000,42.984000,0,1,2281985,1138,7,1138,7,0,9,97
2,350,82.800000,42.984000,0,1,2281996,1138,7,1138,7,0,9,97
2,350,82.800000,42.984000,0,1,2282007,1138,7,1138,7,0,9,97
2,350,82.800000,42.984000,0,1,2282018,1137,7,1137,7,0,9,97
2,350,82.800000,42.984000,0,1,2282030,1136,7,1136,7,0,9,97
2,350,82.800000,42.984000,0,1,2282041,1134,7,1134,7,0,9,97
2,350,82.800000,42.984000,0,1,2282052,1134,7,1134,7,0,9,97
2,350,82.800000,42.984000,0,1,2282063,1134,7,1134,7,0,9,97
2,350,82.800000,42.984000,0,1,2282074,1134,7,1134,7,0,9,97
2,350,82.800000,42.984000,0,1,2282085,1134,7,1134,7,0,9,97
2,350,82.800000,42.984000,0,1,2282095,1134,7,1134,7,0,9,97
2,350,82.800000,42.984000,0,1,2282105,1134,7,1134,7,0,9,97
