102,720,21.600000,0.000000,0,0,872636825,603,15,603,15,0,66,1
102,720,21.600000,0.000000,0,0,872636827,603,15,603,15,0,66,1
102,720,21.600000,0.000000,0,0,872636832,603,15,603,15,0,66,1
102,720,21.600000,0.000000,0,0,872636837,603,15,603,15,0,66,1
102,720,21.600000,0.000000,0,0,872636843,603,15,603,15,0,66,1
102,720,21.600000,0.000000,0,0,872636848,603,15,603,15,0,66,1
102,720,21.600000,0.000000,0,0,872636854,603,15,603,15,0,66,1
102,720,21.600000,0.000000,0,0,872636859,603,15,603,15,0,66,1
102,720,21.600000,0.000000,0,0,872636865,603,15,603,15,0,66,1
102,720,21.600000,0.000000,0,0,872636870,603,15,603,15,0,66,1
102,720,21.600000,0.000000,0,0,872636876,603,15,603,15,0,66,1
102,720,21.600000,0.000000,0,0,872636882,603,15,603,15,0,66,1
102,720,21.600000,0.000000,0,0,872636887,603,15,603,15,0,66,1
102,720,21.600000,0.000000,0,0,872636892,603,15,603,15,0,66,1
102,720,21.600000,0.000000,0,0,872636898,603,15,603,15,0,66,1
102,720,21.600000,0.000000,0,0,872636904,603,15,603,15,0,66,1
102,720,21.600000,0.000000,0,0,872636909,604,15,604,15,0,66,1
102,720,21.600000,0.000000,0,0,872636915,605,16,605,16,0,66,1
102,720,21.600000,0.000000,0,0,872636920,608,17,608,17,0,66,1
102,720,21.600000,0.000000,0,0,872636926,613,19,613,19,0,66,1
102,720,21.600000,0.000000,0,0,872636932,620,21,620,21,0,66,1
102,720,21.600000,0.000000,0,0,872636938,630,24,630,24,0,66,1
102,720,21.600000,0.000000,0,0,872636944,645,28,645,28,0,66,1
102,720,21.600000,0.000000,0,0,872636949,662,31,662,31,0,66,1
102,720,21.600000,0.000000,0,0,872636955,681,34,681,34,0,66,1
102,720,21.600000,0.000000,0,0,872636960,705,38,705,38,0,66,1
102,720,21.600000,0.000000,0,0,872636966,732,42,732,42,0,66,1
102,720,21.600000,0.000000,0,0,872636972,766,47,766,47,0,66,1
102,720,21.600000,0.000000,0,0,872636977,807,52,807,52,0,66,1
102,720,21.600000,0.000000,0,0,872636983,847,56,847,56,0,66,1
102,720,21.600000,0.000000,0,0,872636988,881,58,881,58,0,66,1
102,720,21.600000,0.000000,0,0,872636994,925,60,925,60,0,66,1
102,720,21.600000,0.000000,0,0,872637000,959,61,959,61,0,66,1
102,720,21.600000,0.000000,0,0,872637007,1009,62,1009,62,0,66,1
102,720,21.600000,0.000000,0,0,872637013,1077,62,1077,62,0,66,1
102,720,21.600000,0.000000,0,0,872637019,1135,62,1135,62,0,66,1
102,720,21.600000,0.000000,0,0,872637024,1168,61,1168,61,0,66,1
102,720,21.600000,0.000000,0,0,872637031,1202,58,1202,58,0,66,1
102,720,21.600000,0.000000,0,0,872637037,1242,54,1242,54,0,66,1
102,720,21.600000,0.000000,0,0,872637043,1263,52,1263,52,0,66,1
102,720,21.600000,0.000000,0,0,872637048,1288,49,1288,49,0,66,1
102,720,21.600000,0.000000,0,0,872637054,1309,45,1309,45,0,66,1
102,720,21.600000,0.000000,0,0,872637060,1329,40,1329,40,0,66,1
102,720,21.600000,0.000000,0,0,872637065,1340,36,1340,36,0,66,1
102,720,21.600000,0.000000,0,0,872637071,1348,32,1348,32,0,66,1
102,720,21.600000,0.000000,0,0,872637076,1353,29,1353,29,0,66,1
102,720,21.600000,0.000000,0,0,872637082,1355,27,1355,27,0,66,1
102,720,21.600000,0.000000,0,0,872637087,1355,25,1355,25,0,66,1
102,720,21.600000,0.000000,0,0,872637093,1355,23,1355,23,0,66,1
102,720,21.600000,0.000000,0,0,872637098,1354,22,1354,22,0,66,1
102,720,21.600000,0.000000,0,0,872637104,1353,22,1353,22,0,66,1
102,720,21.600000,0.000000,0,0,872637109,1353,21,1353,21,0,66,1
102,720,21.600000,0.000000,0,0,872637115,1352,21,1352,21,0,66,1
102,720,21.600000,0.000000,0,0,872637121,1351,21,1351,21,0,66,1
102,720,21.600000,0.000000,0,0,872637126,1350,21,1350,21,0,66,1
102,720,21.600000,0.000000,0,0,872637132,1350,21,1350,21,0,66,1
102,720,21.600000,0.000000,0,0,872637137,1350,21,1350,21,0,66,1
102,720,21.600000,0.000000,0,0,872637142,1350,21,1350,21,0,66,1
102,720,21.600000,0.000000,0,0,872637148,1350,21,1350,21,0,66,1
102,720,21.600000,0.000000,0,0,872637153,1350,21,1350,21,0,66,1
102,720,21.600000,0.000000,0,0,872637159,1350,21,1350,21,0,66,1
102,720,21.600000,0.000000,0,0,872637165,1350,21,1350,21,0,66,1
102,720,21.600000,0.000000,0,0,872637170,1350,21,1350,21,0,66,1
102,720,21.600000,0.000000,0,0,872637176,1350,21,1350,21,0,66,1
102,720,21.600000,0.000000,0,0,872637182,1350,21,1350,21,0,66,1
102,720,21.600000,0.000000,0,0,872637188,1350,21,1350,21,0,66,1
102,720,21.600000,0.000000,0,0,872637193,1350,21,1350,21,0,66,1
102,720,21.600000,0.000000,0,0,872637198,1350,21,1350,21,0,66,1
102,720,21.600000,0.000000,0,0,872637203,1350,21,1350,21,0,66,1
102,720,21.600000,0.000000,0,0,872637209,1350,21,1350,21,0,66,1
102,720,21.600000,0.000000,0,0,872637215,1350,20,1350,20,0,66,1
102,720,21.600000,0.000000,0,0,872637220,1350,19,1350,19,0,66,1
102,720,21.600000,0.000000,0,0,872637227,1350,18,1350,18,0,66,1
102,720,21.600000,0.000000,0,0,872637233,1350,18,1350,18,0,66,1
102,720,21.600000,0.000000,0,0,872637238,1350,18,1350,18,0,66,1
102,720,21.600000,0.000000,0,0,872637244,1350,18,1350,18,0,66,1
102,720,21.600000,0.000000,0,0,872637249,1350,18,1350,18,0,66,1
102,720,21.600000,0.000000,0,0,872637255,1350,18,1350,18,0,66,1
102,720,21.600000,0.000000,0,0,872637261,1349,18,1349,18,0,66,1
102,720,21.600000,0.000000,0,0,872637266,1348,19,1348,19,0,66,1
102,720,21.600000,0.000000,0,0,872637272,1346,19,1346,19,0,66,1
102,720,21.600000,0.000000,0,0,872637277,1345,20,1345,20,0,66,1
102,720,21.600000,0.000000,0,0,872637283,1344,21,1344,21,0,66,1
102,720,21.600000,0.000000,0,0,872637289,1343,21,1343,21,0,66,1
102,720,21.600000,0.000000,0,0,872637294,1341,21,1341,21,0,66,1
102,720,21.600000,0.000000,0,0,872637299,1340,21,1340,21,0,66,1
102,720,21.600000,0.000000,0,0,872637305,1339,22,1339,22,0,66,1
102,720,21.600000,0.000000,0,0,872637310,1338,22,1338,22,0,66,1
102,720,21.600000,0.000000,0,0,872637316,1337,23,1337,23,0,66,1
102,720,21.600000,0.000000,0,0,872637321,1336,24,1336,24,0,66,1
102,720,21.600000,0.000000,0,0,872637327,1335,24,1335,24,0,66,1
102,720,21.600000,0.000000,0,0,872637333,1334,24,1334,24,0,66,1
102,720,21.600000,0.000000,0,0,872637338,1333,24,1333,24,0,66,1
102,720,21.600000,0.000000,0,0,872637344,1332,24,1332,24,0,66,1
102,720,21.600000,0.000000,0,0,872637349,1332,24,1332,24,0,66,1
102,720,21.600000,0.000000,0,0,872637355,1332,24,1332,24,0,66,1
102,720,21.600000,0.000000,0,0,872637361,1332,24,1332,24,0,66,1
102,720,21.600000,0.000000,0,0,872637366,1332,24,1332,24,0,66,1
102,720,21.600000,0.000000,0,0,872637372,1331,24,1331,24,0,66,1
102,720,21.600000,0.000000,0,0,872637378,1330,24,1330,24,0,66,1
102,720,21.600000,0.000000,0,0,872637383,1329,24,1329,24,0,66,1
102,720,21.600000,0.000000,0,0,872637388,1327,24,1327,24,0,66,1
102,720,21.600000,0.000000,0,0,872637394,1326,23,1326,23,0,66,1
102,720,21.600000,0.000000,0,0,872637400,1324,23,1324,23,0,66,1
102,720,21.600000,0.000000,0,0,872637405,1323,22,1323,22,0,66,1
102,720,21.600000,0.000000,0,0,872637411,1322,21,1322,21,0,66,1
102,720,21.600000,0.000000,0,0,872637416,1321,21,1321,21,0,66,1
102,720,21.600000,0.000000,0,0,872637422,1320,21,1320,21,0,66,1
102,720,21.600000,0.000000,0,0,872637427,1319,21,1319,21,0,66,1
102,720,21.600000,0.000000,0,0,872637433,1319,21,1319,21,0,66,1
102,720,21.600000,0.000000,0,0,872637444,1319,21,1319,21,0,66,1
