102,720,21.600000,43.200000,1,1,872321738,606,0,606,0,0,8,1
102,720,21.600000,43.200000,1,1,872321740,606,0,606,0,0,8,1
102,720,21.600000,43.200000,1,1,872321746,606,0,606,0,0,8,1
102,720,21.600000,43.200000,1,1,872321751,606,0,606,-1,0,8,1
102,720,21.600000,43.200000,1,1,872321757,606,0,606,-2,0,8,1
102,720,21.600000,43.200000,1,1,872321763,606,0,606,-2,0,8,1
102,720,21.600000,43.200000,1,1,872321769,606,0,606,-2,0,8,1
102,720,21.600000,43.200000,1,1,872321776,606,0,606,-2,0,8,1
102,720,21.600000,43.200000,1,1,872321782,606,0,606,-2,0,8,1
102,720,21.600000,43.200000,1,1,872321788,607,0,607,-2,0,8,1
102,720,21.600000,43.200000,1,1,872321794,608,0,608,-2,0,8,1
102,720,21.600000,43.200000,1,1,872321800,610,0,610,-3,0,8,1
102,720,21.600000,43.200000,1,1,872321806,616,0,616,-6,0,8,1
102,720,21.600000,43.200000,1,1,872321812,624,0,624,-9,0,8,1
102,720,21.600000,43.200000,1,1,872321818,637,0,637,-14,0,8,1
102,720,21.600000,43.200000,1,1,872321824,652,0,652,-19,0,8,1
102,720,21.600000,43.200000,1,1,872321829,665,0,665,-21,0,8,1
102,720,21.600000,43.200000,1,1,872321835,686,0,686,-24,0,8,1
102,720,21.600000,43.200000,1,1,872321841,703,0,703,-26,0,8,1
102,720,21.600000,43.200000,1,1,872321846,725,0,725,-29,0,8,1
102,720,21.600000,43.200000,1,1,872321852,750,0,750,-32,0,8,1
102,720,21.600000,43.200000,1,1,872321858,777,0,777,-34,0,8,1
102,720,21.600000,43.200000,1,1,872321864,805,0,805,-35,0,8,1
102,720,21.600000,43.200000,1,1,872321870,839,0,839,-37,0,8,1
102,720,21.600000,43.200000,1,1,872321876,881,0,881,-40,0,8,1
102,720,21.600000,43.200000,1,1,872321884,924,0,924,-43,0,8,1
102,720,21.600000,43.200000,1,1,872321893,1001,0,1001,-49,0,8,1
102,720,21.600000,43.200000,1,1,872321901,1073,0,1073,-56,0,8,1
102,720,21.600000,43.200000,1,1,872321906,1124,0,1124,-61,0,8,1
102,720,21.600000,43.200000,1,1,872321912,1162,0,1162,-65,0,8,1
102,720,21.600000,43.200000,1,1,872321918,1196,0,1196,-69,0,8,1
102,720,21.600000,43.200000,1,1,872321924,1225,0,1225,-73,0,8,1
102,720,21.600000,43.200000,1,1,872321930,1259,0,1259,-77,0,8,1
102,720,21.600000,43.200000,1,1,872321936,1286,0,1286,-81,0,8,1
102,720,21.600000,43.200000,1,1,872321942,1307,0,1307,-84,0,8,1
102,720,21.600000,43.200000,1,1,872321951,1321,0,1321,-87,0,8,1
102,720,21.600000,43.200000,1,1,872321957,1333,0,1333,-89,0,8,1
102,720,21.600000,43.200000,1,1,872321962,1335,0,1335,-90,0,8,1
102,720,21.600000,43.200000,1,1,872321967,1337,0,1337,-91,0,8,1
102,720,21.600000,43.200000,1,1,872321973,1339,0,1339,-92,0,8,1
102,720,21.600000,43.200000,1,1,872321978,1339,0,1339,-92,0,8,1
102,720,21.600000,43.200000,1,1,872321984,1339,0,1339,-92,0,8,1
102,720,21.600000,43.200000,1,1,872321990,1338,0,1338,-92,0,8,1
102,720,21.600000,43.200000,1,1,872321996,1336,0,1336,-93,0,8,1
102,720,21.600000,43.200000,1,1,872322005,1335,0,1335,-94,0,8,1
102,720,21.600000,43.200000,1,1,872322011,1334,0,1334,-94,0,8,1
102,720,21.600000,43.200000,1,1,872322019,1333,0,1333,-94,0,8,1
102,720,21.600000,43.200000,1,1,872322024,1332,0,1332,-94,0,8,1
102,720,21.600000,43.200000,1,1,872322030,1332,0,1332,-94,0,8,1
102,720,21.600000,43.200000,1,1,872322035,1332,0,1332,-94,0,8,1
102,720,21.600000,43.200000,1,1,872322041,1332,0,1332,-94,0,8,1
102,720,21.600000,43.200000,1,1,872322047,1332,0,1332,-94,0,8,1
102,720,21.600000,43.200000,1,1,872322052,1332,0,1332,-94,0,8,1
102,720,21.600000,43.200000,1,1,872322058,1332,0,1332,-94,0,8,1
102,720,21.600000,43.200000,1,1,872322064,1332,0,1332,-94,0,8,1
102,720,21.600000,43.200000,1,1,872322069,1332,0,1332,-94,0,8,1
102,720,21.600000,43.200000,1,1,872322075,1332,0,1332,-94,0,8,1
102,720,21.600000,43.200000,1,1,872322080,1332,0,1332,-94,0,8,1
102,720,21.600000,43.200000,1,1,872322086,1332,0,1332,-94,0,8,1
102,720,21.600000,43.200000,1,1,872322091,1332,0,1332,-94,0,8,1
102,720,21.600000,43.200000,1,1,872322096,1332,0,1332,-94,0,8,1
102,720,21.600000,43.200000,1,1,872322102,1332,0,1332,-94,0,8,1
102,720,21.600000,43.200000,1,1,872322107,1332,0,1332,-95,0,8,1
102,720,21.600000,43.200000,1,1,872322113,1332,0,1332,-95,0,8,1
102,720,21.600000,43.200000,1,1,872322119,1331,0,1331,-95,0,8,1
102,720,21.600000,43.200000,1,1,872322125,1330,0,1330,-95,0,8,1
102,720,21.600000,43.200000,1,1,872322130,1329,0,1329,-96,0,8,1
102,720,21.600000,43.200000,1,1,872322136,1328,0,1328,-97,0,8,1
102,720,21.600000,43.200000,1,1,872322141,1327,0,1327,-98,0,8,1
102,720,21.600000,43.200000,1,1,872322146,1327,0,1327,-98,0,8,1
102,720,21.600000,43.200000,1,1,872322151,1327,0,1327,-98,0,8,1
102,720,21.600000,43.200000,1,1,872322157,1327,0,1327,-98,0,8,1
102,720,21.600000,43.200000,1,1,872322162,1327,0,1327,-98,0,8,1
102,720,21.600000,43.200000,1,1,872322168,1327,0,1327,-98,0,8,1
102,720,21.600000,43.200000,1,1,872322174,1327,0,1327,-98,0,8,1
102,720,21.600000,43.200000,1,1,872322180,1327,0,1327,-98,0,8,1
102,720,21.600000,43.200000,1,1,872322186,1327,0,1327,-98,0,8,1
102,720,21.600000,43.200000,1,1,872322191,1327,0,1327,-98,0,8,1
102,720,21.600000,43.200000,1,1,872322197,1327,0,1327,-98,0,8,1
102,720,21.600000,43.200000,1,1,872322202,1327,0,1327,-98,0,8,1
102,720,21.600000,43.200000,1,1,872322208,1327,0,1327,-98,0,8,1
102,720,21.600000,43.200000,1,1,872322213,1327,0,1327,-98,0,8,1
102,720,21.600000,43.200000,1,1,872322220,1327,0,1327,-98,0,8,1
102,720,21.600000,43.200000,1,1,872322226,1327,0,1327,-98,0,8,1
102,720,21.600000,43.200000,1,1,872322233,1327,0,1327,-98,0,8,1
102,720,21.600000,43.200000,1,1,872322243,1327,0,1327,-98,0,8,1
