102,720,21.600000,10000.000000,0,0,872688784,605,15,605,15,0,78,0
102,720,21.600000,10000.000000,0,0,872688786,605,15,605,15,0,78,0
102,720,21.600000,10000.000000,0,0,872688792,605,15,605,15,0,78,0
102,720,21.600000,10000.000000,0,0,872688799,605,15,605,15,0,78,0
102,720,21.600000,10000.000000,0,0,872688805,605,15,605,15,0,78,0
102,720,21.600000,10000.000000,0,0,872688810,605,15,605,15,0,78,0
102,720,21.600000,10000.000000,0,0,872688816,605,15,605,15,0,78,0
102,720,21.600000,10000.000000,0,0,872688821,605,15,605,15,0,78,0
102,720,21.600000,10000.000000,0,0,872688827,605,15,605,15,0,78,0
102,720,21.600000,10000.000000,0,0,872688833,605,15,605,15,0,78,0
102,720,21.600000,10000.000000,0,0,872688839,605,15,605,15,0,78,0
102,720,21.600000,10000.000000,0,0,872688845,605,15,605,15,0,78,0
102,720,21.600000,10000.000000,0,0,872688852,606,15,606,15,0,78,0
102,720,21.600000,10000.000000,0,0,872688857,611,14,611,14,0,78,0
102,720,21.600000,10000.000000,0,0,872688863,618,13,618,13,0,78,0
102,720,21.600000,10000.000000,0,0,872688869,625,13,625,13,0,78,0
102,720,21.600000,10000.000000,0,0,872688874,642,13,642,13,0,78,0
102,720,21.600000,10000.000000,0,0,872688880,661,13,661,13,0,78,0
102,720,21.600000,10000.000000,0,0,872688886,679,13,679,13,0,78,0
102,720,21.600000,10000.000000,0,0,872688892,701,13,701,13,0,78,0
102,720,21.600000,10000.000000,0,0,872688899,729,13,729,13,0,78,0
102,720,21.600000,10000.000000,0,0,872688905,774,14,774,14,0,78,0
102,720,21.600000,10000.000000,0,0,872688911,808,14,808,14,0,78,0
102,720,21.600000,10000.000000,0,0,872688916,842,14,842,14,0,78,0
102,720,21.600000,10000.000000,0,0,872688922,882,14,882,14,0,78,0
102,720,21.600000,10000.000000,0,0,872688927,922,14,922,14,0,78,0
102,720,21.600000,10000.000000,0,0,872688933,962,14,962,14,0,78,0
102,720,21.600000,10000.000000,0,0,872688939,1019,14,1019,14,0,78,0
102,720,21.600000,10000.000000,0,0,872688945,1063,13,1063,13,0,78,0
102,720,21.600000,10000.000000,0,0,872688952,1113,12,1113,12,0,78,0
102,720,21.600000,10000.000000,0,0,872688958,1147,11,1147,11,0,78,0
102,720,21.600000,10000.000000,0,0,872688963,1181,10,1181,10,0,78,0
102,720,21.600000,10000.000000,0,0,872688969,1204,8,1204,8,0,78,0
102,720,21.600000,10000.000000,0,0,872688974,1229,7,1229,7,0,78,0
102,720,21.600000,10000.000000,0,0,872688980,1246,5,1246,5,0,78,0
102,720,21.600000,10000.000000,0,0,872688986,1256,4,1256,4,0,78,0
102,720,21.600000,10000.000000,0,0,872688991,1264,2,1264,2,0,78,0
102,720,21.600000,10000.000000,0,0,872688997,1268,1,1268,1,0,78,0
102,720,21.600000,10000.000000,0,0,872689002,1269,0,1269,0,0,78,0
102,720,21.600000,10000.000000,0,0,872689008,1269,0,1269,-1,0,78,0
102,720,21.600000,10000.000000,0,0,872689014,1268,0,1268,-2,0,78,0
102,720,21.600000,10000.000000,0,0,872689019,1266,0,1266,-3,0,78,0
102,720,21.600000,10000.000000,0,0,872689026,1264,0,1264,-3,0,78,0
102,720,21.600000,10000.000000,0,0,872689031,1261,0,1261,-4,0,78,0
102,720,21.600000,10000.000000,0,0,872689037,1260,0,1260,-4,0,78,0
102,720,21.600000,10000.000000,0,0,872689043,1258,0,1258,-4,0,78,0
102,720,21.600000,10000.000000,0,0,872689049,1258,0,1258,-4,0,78,0
102,720,21.600000,10000.000000,0,0,872689055,1258,0,1258,-4,0,78,0
102,720,21.600000,10000.000000,0,0,872689061,1258,0,1258,-4,0,78,0
102,720,21.600000,10000.000000,0,0,872689067,1258,0,1258,-4,0,78,0
102,720,21.600000,10000.000000,0,0,872689072,1258,0,1258,-4,0,78,0
102,720,21.600000,10000.000000,0,0,872689078,1259,0,1259,-4,0,78,0
102,720,21.600000,10000.000000,0,0,872689084,1260,0,1260,-4,0,78,0
102,720,21.600000,10000.000000,0,0,872689090,1260,0,1260,-5,0,78,0
102,720,21.600000,10000.000000,0,0,872689095,1260,0,1260,-5,0,78,0
102,720,21.600000,10000.000000,0,0,872689100,1261,0,1261,-5,0,78,0
102,720,21.600000,10000.000000,0,0,872689106,1262,0,1262,-5,0,78,0
102,720,21.600000,10000.000000,0,0,872689111,1263,0,1263,-6,0,78,0
102,720,21.600000,10000.000000,0,0,872689117,1264,0,1264,-7,0,78,0
102,720,21.600000,10000.000000,0,0,872689123,1265,0,1265,-8,0,78,0
102,720,21.600000,10000.000000,0,0,872689128,1266,0,1266,-8,0,78,0
102,720,21.600000,10000.000000,0,0,872689134,1267,0,1267,-8,0,78,0
102,720,21.600000,10000.000000,0,0,872689139,1268,0,1268,-8,0,78,0
102,720,21.600000,10000.000000,0,0,872689145,1268,0,1268,-8,0,78,0
102,720,21.600000,10000.000000,0,0,872689150,1268,0,1268,-8,0,78,0
102,720,21.600000,10000.000000,0,0,872689156,1268,0,1268,-8,0,78,0
102,720,21.600000,10000.000000,0,0,872689161,1269,0,1269,-8,0,78,0
102,720,21.600000,10000.000000,0,0,872689167,1270,0,1270,-8,0,78,0
102,720,21.600000,10000.000000,0,0,872689172,1273,0,1273,-8,0,78,0
102,720,21.600000,10000.000000,0,0,872689180,1277,0,1277,-8,0,78,0
102,720,21.600000,10000.000000,0,0,872689185,1283,1,1283,-7,0,78,0
102,720,21.600000,10000.000000,0,0,872689191,1289,1,1289,-7,0,78,0
102,720,21.600000,10000.000000,0,0,872689197,1296,1,1296,-7,0,78,0
102,720,21.600000,10000.000000,0,0,872689202,1302,2,1302,-6,0,78,0
102,720,21.600000,10000.000000,0,0,872689208,1311,3,1311,-5,0,78,0
102,720,21.600000,10000.000000,0,0,872689213,1320,5,1320,-3,0,78,0
102,720,21.600000,10000.000000,0,0,872689219,1328,7,1328,-1,0,78,0
102,720,21.600000,10000.000000,0,0,872689224,1335,8,1335,0,0,78,0
102,720,21.600000,10000.000000,0,0,872689230,1340,9,1340,1,0,78,0
102,720,21.600000,10000.000000,0,0,872689235,1345,10,1345,2,0,78,0
102,720,21.600000,10000.000000,0,0,872689241,1348,10,1348,2,0,78,0
102,720,21.600000,10000.000000,0,0,872689246,1350,10,1350,2,0,78,0
102,720,21.600000,10000.000000,0,0,872689252,1350,11,1350,3,0,78,0
102,720,21.600000,10000.000000,0,0,872689258,1350,12,1350,4,0,78,0
102,720,21.600000,10000.000000,0,0,872689263,1350,12,1350,4,0,78,0
102,720,21.600000,10000.000000,0,0,872689268,1350,12,1350,4,0,78,0
102,720,21.600000,10000.000000,0,0,872689274,1350,12,1350,4,0,78,0
102,720,21.600000,10000.000000,0,0,872689280,1350,13,1350,5,0,78,0
102,720,21.600000,10000.000000,0,0,872689287,1349,13,1349,5,0,78,0
102,720,21.600000,10000.000000,0,0,872689292,1348,13,1348,5,0,78,0
102,720,21.600000,10000.000000,0,0,872689299,1348,13,1348,5,0,78,0
102,720,21.600000,10000.000000,0,0,872689305,1348,13,1348,5,0,78,0
102,720,21.600000,10000.000000,0,0,872689311,1348,13,1348,5,0,78,0
102,720,21.600000,10000.000000,0,0,872689317,1348,13,1348,5,0,78,0
102,720,21.600000,10000.000000,0,0,872689322,1348,13,1348,5,0,78,0
102,720,21.600000,10000.000000,0,0,872689328,1348,13,1348,5,0,78,0
102,720,21.600000,10000.000000,0,0,872689333,1348,13,1348,5,0,78,0
102,720,21.600000,10000.000000,0,0,872689339,1348,13,1348,5,0,78,0
102,720,21.600000,10000.000000,0,0,872689345,1348,13,1348,5,0,78,0
102,720,21.600000,10000.000000,0,0,872689350,1348,13,1348,5,0,78,0
102,720,21.600000,10000.000000,0,0,872689355,1348,13,1348,5,0,78,0
102,720,21.600000,10000.000000,0,0,872689361,1348,13,1348,5,0,78,0
102,720,21.600000,10000.000000,0,0,872689367,1348,13,1348,5,0,78,0
102,720,21.600000,10000.000000,0,0,872689372,1348,13,1348,5,0,78,0
102,720,21.600000,10000.000000,0,0,872689378,1348,13,1348,5,0,78,0
102,720,21.600000,10000.000000,0,0,872689383,1348,13,1348,5,0,78,0
102,720,21.600000,10000.000000,0,0,872689389,1348,13,1348,5,0,78,0
102,720,21.600000,10000.000000,0,0,872689396,1348,13,1348,5,0,78,0
102,720,21.600000,10000.000000,0,0,872689401,1348,14,1348,6,0,78,0
102,720,21.600000,10000.000000,0,0,872689407,1347,14,1347,6,0,78,0
102,720,21.600000,10000.000000,0,0,872689412,1347,14,1347,6,0,78,0
102,720,21.600000,10000.000000,0,0,872689417,1346,14,1346,6,0,78,0
102,720,21.600000,10000.000000,0,0,872689423,1345,14,1345,6,0,78,0
102,720,21.600000,10000.000000,0,0,872689428,1344,14,1344,6,0,78,0
102,720,21.600000,10000.000000,0,0,872689434,1343,14,1343,6,0,78,0
102,720,21.600000,10000.000000,0,0,872689440,1342,14,1342,6,0,78,0
102,720,21.600000,10000.000000,0,0,872689445,1341,15,1341,7,0,78,0
102,720,21.600000,10000.000000,0,0,872689451,1340,16,1340,8,0,78,0
102,720,21.600000,10000.000000,0,0,872689457,1338,17,1338,9,0,78,0
102,720,21.600000,10000.000000,0,0,872689463,1335,17,1335,9,0,78,0
102,720,21.600000,10000.000000,0,0,872689468,1332,18,1332,10,0,78,0
102,720,21.600000,10000.000000,0,0,872689473,1329,19,1329,11,0,78,0
102,720,21.600000,10000.000000,0,0,872689479,1326,19,1326,11,0,78,0
102,720,21.600000,10000.000000,0,0,872689485,1324,19,1324,11,0,78,0
102,720,21.600000,10000.000000,0,0,872689490,1322,19,1322,11,0,78,0
102,720,21.600000,10000.000000,0,0,872689496,1321,19,1321,11,0,78,0
102,720,21.600000,10000.000000,0,0,872689502,1320,19,1320,11,0,78,0
102,720,21.600000,10000.000000,0,0,872689507,1319,19,1319,11,0,78,0
102,720,21.600000,10000.000000,0,0,872689513,1319,19,1319,11,0,78,0
102,720,21.600000,10000.000000,0,0,872689518,1319,19,1319,11,0,78,0
102,720,21.600000,10000.000000,0,0,872689524,1319,19,1319,11,0,78,0
102,720,21.600000,10000.000000,0,0,872689529,1319,19,1319,11,0,78,0
102,720,21.600000,10000.000000,0,0,872689535,1319,19,1319,11,0,78,0
102,720,21.600000,10000.000000,0,0,872689540,1319,19,1319,11,0,78,0
102,720,21.600000,10000.000000,0,0,872689545,1318,19,1318,11,0,78,0
102,720,21.600000,10000.000000,0,0,872689551,1317,19,1317,11,0,78,0
102,720,21.600000,10000.000000,0,0,872689557,1316,19,1316,11,0,78,0
102,720,21.600000,10000.000000,0,0,872689562,1316,19,1316,11,0,78,0
102,720,21.600000,10000.000000,0,0,872689568,1316,19,1316,11,0,78,0
102,720,21.600000,10000.000000,0,0,872689574,1316,19,1316,11,0,78,0
102,720,21.600000,10000.000000,0,0,872689579,1316,19,1316,11,0,78,0
102,720,21.600000,10000.000000,0,0,872689585,1316,19,1316,11,0,78,0
102,720,21.600000,10000.000000,0,0,872689591,1316,19,1316,11,0,78,0
102,720,21.600000,10000.000000,0,0,872689596,1316,19,1316,11,0,78,0
102,720,21.600000,10000.000000,0,0,872689602,1316,19,1316,11,0,78,0
102,720,21.600000,10000.000000,0,0,872689612,1316,19,1316,11,0,78,0
