102,720,21.600000,0.000000,1,0,872552461,595,0,595,0,0,51,0
102,720,21.600000,0.000000,1,0,872552463,595,0,595,0,0,51,0
102,720,21.600000,0.000000,1,0,872552468,595,0,595,0,0,51,0
102,720,21.600000,0.000000,1,0,872552474,595,0,595,0,0,51,0
102,720,21.600000,0.000000,1,0,872552479,595,0,595,0,0,51,0
102,720,21.600000,0.000000,1,0,872552485,596,0,596,0,0,51,0
102,720,21.600000,0.000000,1,0,872552490,597,0,597,0,0,51,0
102,720,21.600000,0.000000,1,0,872552496,598,0,598,0,0,51,0
102,720,21.600000,0.000000,1,0,872552502,600,0,600,-1,0,51,0
102,720,21.600000,0.000000,1,0,872552507,601,0,601,-2,0,51,0
102,720,21.600000,0.000000,1,0,872552512,603,0,603,-3,0,51,0
102,720,21.600000,0.000000,1,0,872552518,605,0,605,-4,0,51,0
102,720,21.600000,0.000000,1,0,872552524,609,0,609,-5,0,51,0
102,720,21.600000,0.000000,1,0,872552529,613,0,613,-7,0,51,0
102,720,21.600000,0.000000,1,0,872552535,617,0,617,-9,0,51,0
102,720,21.600000,0.000000,1,0,872552541,623,0,623,-11,0,51,0
102,720,21.600000,0.000000,1,0,872552546,630,0,630,-13,0,51,0
102,720,21.600000,0.000000,1,0,872552552,638,0,638,-15,0,51,0
102,720,21.600000,0.000000,1,0,872552560,647,0,647,-16,0,51,0
102,720,21.600000,0.000000,1,0,872552565,664,0,664,-19,0,51,0
102,720,21.600000,0.000000,1,0,872552570,679,0,679,-21,0,51,0
102,720,21.600000,0.000000,1,0,872552576,691,0,691,-22,0,51,0
102,720,21.600000,0.000000,1,0,872552582,706,0,706,-23,0,51,0
102,720,21.600000,0.000000,1,0,872552588,721,0,721,-24,0,51,0
102,720,21.600000,0.000000,1,0,872552595,737,0,737,-25,0,51,0
102,720,21.600000,0.000000,1,0,872552601,764,0,764,-26,0,51,0
102,720,21.600000,0.000000,1,0,872552607,784,0,784,-27,0,51,0
102,720,21.600000,0.000000,1,0,872552612,807,0,807,-29,0,51,0
102,720,21.600000,0.000000,1,0,872552618,835,0,835,-31,0,51,0
102,720,21.600000,0.000000,1,0,872552624,867,0,867,-34,0,51,0
102,720,21.600000,0.000000,1,0,872552630,909,0,909,-38,0,51,0
102,720,21.600000,0.000000,1,0,872552635,943,0,943,-42,0,51,0
102,720,21.600000,0.000000,1,0,872552640,977,0,977,-46,0,51,0
102,720,21.600000,0.000000,1,0,872552646,1002,0,1002,-48,0,51,0
102,720,21.600000,0.000000,1,0,872552652,1036,0,1036,-52,0,51,0
102,720,21.600000,0.000000,1,0,872552657,1057,0,1057,-54,0,51,0
102,720,21.600000,0.000000,1,0,872552663,1100,0,1100,-60,0,51,0
102,720,21.600000,0.000000,1,0,872552668,1134,0,1134,-65,0,51,0
102,720,21.600000,0.000000,1,0,872552676,1163,0,1163,-69,0,51,0
102,720,21.600000,0.000000,1,0,872552682,1209,0,1209,-76,0,51,0
102,720,21.600000,0.000000,1,0,872552688,1231,0,1231,-79,0,51,0
102,720,21.600000,0.000000,1,0,872552693,1255,0,1255,-83,0,51,0
102,720,21.600000,0.000000,1,0,872552699,1272,0,1272,-85,0,51,0
102,720,21.600000,0.000000,1,0,872552705,1286,0,1286,-88,0,51,0
102,720,21.600000,0.000000,1,0,872552712,1294,0,1294,-89,0,51,0
102,720,21.600000,0.000000,1,0,872552717,1299,0,1299,-90,0,51,0
102,720,21.600000,0.000000,1,0,872552723,1300,0,1300,-91,0,51,0
102,720,21.600000,0.000000,1,0,872552729,1302,0,1302,-92,0,51,0
102,720,21.600000,0.000000,1,0,872552734,1304,0,1304,-93,0,51,0
102,720,21.600000,0.000000,1,0,872552740,1304,0,1304,-93,0,51,0
102,720,21.600000,0.000000,1,0,872552745,1304,0,1304,-94,0,51,0
102,720,21.600000,0.000000,1,0,872552751,1304,0,1304,-95,0,51,0
102,720,21.600000,0.000000,1,0,872552757,1304,0,1304,-95,0,51,0
102,720,21.600000,0.000000,1,0,872552762,1304,0,1304,-95,0,51,0
102,720,21.600000,0.000000,1,0,872552767,1304,0,1304,-95,0,51,0
102,720,21.600000,0.000000,1,0,872552773,1304,0,1304,-95,0,51,0
102,720,21.600000,0.000000,1,0,872552780,1304,0,1304,-95,0,51,0
102,720,21.600000,0.000000,1,0,872552788,1304,0,1304,-95,0,51,0
102,720,21.600000,0.000000,1,0,872552795,1304,0,1304,-95,0,51,0
102,720,21.600000,0.000000,1,0,872552801,1304,0,1304,-95,0,51,0
102,720,21.600000,0.000000,1,0,872552806,1304,0,1304,-95,0,51,0
102,720,21.600000,0.000000,1,0,872552812,1304,0,1304,-95,0,51,0
102,720,21.600000,0.000000,1,0,872552817,1304,0,1304,-95,0,51,0
102,720,21.600000,0.000000,1,0,872552823,1304,0,1304,-95,0,51,0
102,720,21.600000,0.000000,1,0,872552828,1304,0,1304,-95,0,51,0
102,720,21.600000,0.000000,1,0,872552834,1303,0,1303,-95,0,51,0
102,720,21.600000,0.000000,1,0,872552839,1303,0,1303,-95,0,51,0
102,720,21.600000,0.000000,1,0,872552845,1302,0,1302,-96,0,51,0
102,720,21.600000,0.000000,1,0,872552852,1301,0,1301,-96,0,51,0
102,720,21.600000,0.000000,1,0,872552857,1301,0,1301,-97,0,51,0
102,720,21.600000,0.000000,1,0,872552863,1300,0,1300,-98,0,51,0
102,720,21.600000,0.000000,1,0,872552869,1299,0,1299,-99,0,51,0
102,720,21.600000,0.000000,1,0,872552874,1299,0,1299,-99,0,51,0
102,720,21.600000,0.000000,1,0,872552879,1299,0,1299,-99,0,51,0
102,720,21.600000,0.000000,1,0,872552885,1299,0,1299,-99,0,51,0
102,720,21.600000,0.000000,1,0,872552890,1299,0,1299,-99,0,51,0
102,720,21.600000,0.000000,1,0,872552896,1299,0,1299,-99,0,51,0
102,720,21.600000,0.000000,1,0,872552901,1299,0,1299,-99,0,51,0
102,720,21.600000,0.000000,1,0,872552907,1299,0,1299,-99,0,51,0
102,720,21.600000,0.000000,1,0,872552912,1299,0,1299,-99,0,51,0
102,720,21.600000,0.000000,1,0,872552918,1299,0,1299,-99,0,51,0
102,720,21.600000,0.000000,1,0,872552924,1300,0,1300,-99,0,51,0
102,720,21.600000,0.000000,1,0,872552930,1302,0,1302,-100,0,51,0
102,720,21.600000,0.000000,1,0,872552935,1304,0,1304,-101,0,51,0
102,720,21.600000,0.000000,1,0,872552941,1305,0,1305,-102,0,51,0
102,720,21.600000,0.000000,1,0,872552946,1307,0,1307,-103,0,51,0
102,720,21.600000,0.000000,1,0,872552952,1309,0,1309,-103,0,51,0
102,720,21.600000,0.000000,1,0,872552958,1310,0,1310,-103,0,51,0
102,720,21.600000,0.000000,1,0,872552963,1312,0,1312,-103,0,51,0
102,720,21.600000,0.000000,1,0,872552969,1313,0,1313,-104,0,51,0
102,720,21.600000,0.000000,1,0,872552974,1314,0,1314,-104,0,51,0
102,720,21.600000,0.000000,1,0,872552980,1315,0,1315,-104,0,51,0
102,720,21.600000,0.000000,1,0,872552985,1316,0,1316,-105,0,51,0
102,720,21.600000,0.000000,1,0,872552991,1317,0,1317,-106,0,51,0
102,720,21.600000,0.000000,1,0,872552998,1319,0,1319,-107,0,51,0
102,720,21.600000,0.000000,1,0,872553004,1321,0,1321,-108,0,51,0
102,720,21.600000,0.000000,1,0,872553009,1322,0,1322,-108,0,51,0
102,720,21.600000,0.000000,1,0,872553015,1322,0,1322,-109,0,51,0
102,720,21.600000,0.000000,1,0,872553020,1322,0,1322,-110,0,51,0
102,720,21.600000,0.000000,1,0,872553026,1322,0,1322,-110,0,51,0
102,720,21.600000,0.000000,1,0,872553031,1322,0,1322,-110,0,51,0
102,720,21.600000,0.000000,1,0,872553037,1322,0,1322,-110,0,51,0
102,720,21.600000,0.000000,1,0,872553042,1322,0,1322,-110,0,51,0
102,720,21.600000,0.000000,1,0,872553048,1322,0,1322,-110,0,51,0
102,720,21.600000,0.000000,1,0,872553053,1322,0,1322,-110,0,51,0
102,720,21.600000,0.000000,1,0,872553059,1321,0,1321,-110,0,51,0
102,720,21.600000,0.000000,1,0,872553065,1320,0,1320,-110,0,51,0
102,720,21.600000,0.000000,1,0,872553070,1319,0,1319,-110,0,51,0
102,720,21.600000,0.000000,1,0,872553075,1319,0,1319,-110,0,51,0
102,720,21.600000,0.000000,1,0,872553081,1319,0,1319,-110,0,51,0
102,720,21.600000,0.000000,1,0,872553087,1319,0,1319,-110,0,51,0
102,720,21.600000,0.000000,1,0,872553092,1319,0,1319,-110,0,51,0
102,720,21.600000,0.000000,1,0,872553098,1319,0,1319,-110,0,51,0
102,720,21.600000,0.000000,1,0,872553103,1319,0,1319,-110,0,51,0
102,720,21.600000,0.000000,1,0,872553110,1319,0,1319,-110,0,51,0
102,720,21.600000,0.000000,1,0,872553116,1319,0,1319,-110,0,51,0
102,720,21.600000,0.000000,1,0,872553127,1319,0,1319,-110,0,51,0
