102,720,21.600000,43.200000,1,1,872306955,603,0,603,0,0,5,1
102,720,21.600000,43.200000,1,1,872306957,603,0,603,0,0,5,1
102,720,21.600000,43.200000,1,1,872306962,603,0,603,0,0,5,1
102,720,21.600000,43.200000,1,1,872306967,603,0,603,0,0,5,1
102,720,21.600000,43.200000,1,1,872306973,603,0,603,0,0,5,1
102,720,21.600000,43.200000,1,1,872306978,603,0,603,0,0,5,1
102,720,21.600000,43.200000,1,1,872306984,603,0,603,0,0,5,1
102,720,21.600000,43.200000,1,1,872306990,603,0,603,0,0,5,1
102,720,21.600000,43.200000,1,1,872306995,603,0,603,0,0,5,1
102,720,21.600000,43.200000,1,1,872307000,603,0,603,0,0,5,1
102,720,21.600000,43.200000,1,1,872307006,603,0,603,0,0,5,1
102,720,21.600000,43.200000,1,1,872307013,604,0,604,-1,0,5,1
102,720,21.600000,43.200000,1,1,872307018,608,0,608,-2,0,5,1
102,720,21.600000,43.200000,1,1,872307024,614,0,614,-5,0,5,1
102,720,21.600000,43.200000,1,1,872307030,622,0,622,-8,0,5,1
102,720,21.600000,43.200000,1,1,872307036,632,0,632,-12,0,5,1
102,720,21.600000,43.200000,1,1,872307041,640,0,640,-14,0,5,1
102,720,21.600000,43.200000,1,1,872307047,659,0,659,-18,0,5,1
102,720,21.600000,43.200000,1,1,872307053,683,0,683,-22,0,5,1
102,720,21.600000,43.200000,1,1,872307058,704,0,704,-25,0,5,1
102,720,21.600000,43.200000,1,1,872307064,730,0,730,-28,0,5,1
102,720,21.600000,43.200000,1,1,872307069,764,0,764,-32,0,5,1
102,720,21.600000,43.200000,1,1,872307075,792,0,792,-35,0,5,1
102,720,21.600000,43.200000,1,1,872307081,832,0,832,-39,0,5,1
102,720,21.600000,43.200000,1,1,872307086,877,0,877,-44,0,5,1
102,720,21.600000,43.200000,1,1,872307092,917,0,917,-48,0,5,1
102,720,21.600000,43.200000,1,1,872307098,958,0,958,-52,0,5,1
102,720,21.600000,43.200000,1,1,872307103,987,0,987,-54,0,5,1
102,720,21.600000,43.200000,1,1,872307109,1027,0,1027,-58,0,5,1
102,720,21.600000,43.200000,1,1,872307114,1061,0,1061,-61,0,5,1
102,720,21.600000,43.200000,1,1,872307120,1101,0,1101,-66,0,5,1
102,720,21.600000,43.200000,1,1,872307126,1139,0,1139,-70,0,5,1
102,720,21.600000,43.200000,1,1,872307132,1183,0,1183,-75,0,5,1
102,720,21.600000,43.200000,1,1,872307137,1216,0,1216,-80,0,5,1
102,720,21.600000,43.200000,1,1,872307143,1245,0,1245,-84,0,5,1
102,720,21.600000,43.200000,1,1,872307149,1275,0,1275,-89,0,5,1
102,720,21.600000,43.200000,1,1,872307155,1291,0,1291,-92,0,5,1
102,720,21.600000,43.200000,1,1,872307161,1307,0,1307,-96,0,5,1
102,720,21.600000,43.200000,1,1,872307166,1318,0,1318,-99,0,5,1
102,720,21.600000,43.200000,1,1,872307172,1324,0,1324,-100,0,5,1
102,720,21.600000,43.200000,1,1,872307178,1325,0,1325,-101,0,5,1
102,720,21.600000,43.200000,1,1,872307183,1326,0,1326,-102,0,5,1
102,720,21.600000,43.200000,1,1,872307189,1327,0,1327,-103,0,5,1
102,720,21.600000,43.200000,1,1,872307194,1328,0,1328,-104,0,5,1
102,720,21.600000,43.200000,1,1,872307200,1328,0,1328,-104,0,5,1
102,720,21.600000,43.200000,1,1,872307205,1328,0,1328,-105,0,5,1
102,720,21.600000,43.200000,1,1,872307210,1326,0,1326,-106,0,5,1
102,720,21.600000,43.200000,1,1,872307216,1325,0,1325,-107,0,5,1
102,720,21.600000,43.200000,1,1,872307221,1323,0,1323,-108,0,5,1
102,720,21.600000,43.200000,1,1,872307227,1321,0,1321,-109,0,5,1
102,720,21.600000,43.200000,1,1,872307233,1320,0,1320,-109,0,5,1
102,720,21.600000,43.200000,1,1,872307239,1319,0,1319,-109,0,5,1
102,720,21.600000,43.200000,1,1,872307245,1318,0,1318,-109,0,5,1
102,720,21.600000,43.200000,1,1,872307250,1317,0,1317,-109,0,5,1
102,720,21.600000,43.200000,1,1,872307255,1316,0,1316,-109,0,5,1
102,720,21.600000,43.200000,1,1,872307261,1315,0,1315,-109,0,5,1
102,720,21.600000,43.200000,1,1,872307267,1315,0,1315,-109,0,5,1
102,720,21.600000,43.200000,1,1,872307272,1315,0,1315,-110,0,5,1
102,720,21.600000,43.200000,1,1,872307277,1315,0,1315,-111,0,5,1
102,720,21.600000,43.200000,1,1,872307283,1315,0,1315,-111,0,5,1
102,720,21.600000,43.200000,1,1,872307288,1315,0,1315,-111,0,5,1
102,720,21.600000,43.200000,1,1,872307294,1315,0,1315,-111,0,5,1
102,720,21.600000,43.200000,1,1,872307299,1315,0,1315,-111,0,5,1
102,720,21.600000,43.200000,1,1,872307305,1315,0,1315,-111,0,5,1
102,720,21.600000,43.200000,1,1,872307311,1315,0,1315,-111,0,5,1
102,720,21.600000,43.200000,1,1,872307316,1315,0,1315,-111,0,5,1
102,720,21.600000,43.200000,1,1,872307321,1315,0,1315,-111,0,5,1
102,720,21.600000,43.200000,1,1,872307327,1314,0,1314,-111,0,5,1
102,720,21.600000,43.200000,1,1,872307332,1314,0,1314,-112,0,5,1
102,720,21.600000,43.200000,1,1,872307338,1313,0,1313,-113,0,5,1
102,720,21.600000,43.200000,1,1,872307344,1312,0,1312,-113,0,5,1
102,720,21.600000,43.200000,1,1,872307350,1312,0,1312,-114,0,5,1
102,720,21.600000,43.200000,1,1,872307355,1311,0,1311,-114,0,5,1
102,720,21.600000,43.200000,1,1,872307361,1310,0,1310,-114,0,5,1
102,720,21.600000,43.200000,1,1,872307367,1310,0,1310,-115,0,5,1
102,720,21.600000,43.200000,1,1,872307372,1309,0,1309,-115,0,5,1
102,720,21.600000,43.200000,1,1,872307378,1308,0,1308,-115,0,5,1
102,720,21.600000,43.200000,1,1,872307384,1308,0,1308,-116,0,5,1
102,720,21.600000,43.200000,1,1,872307389,1308,0,1308,-117,0,5,1
102,720,21.600000,43.200000,1,1,872307395,1308,0,1308,-117,0,5,1
102,720,21.600000,43.200000,1,1,872307400,1308,0,1308,-117,0,5,1
102,720,21.600000,43.200000,1,1,872307406,1308,0,1308,-117,0,5,1
102,720,21.600000,43.200000,1,1,872307411,1308,0,1308,-117,0,5,1
102,720,21.600000,43.200000,1,1,872307416,1308,0,1308,-117,0,5,1
102,720,21.600000,43.200000,1,1,872307422,1308,0,1308,-117,0,5,1
102,720,21.600000,43.200000,1,1,872307428,1308,0,1308,-117,0,5,1
102,720,21.600000,43.200000,1,1,872307433,1308,0,1308,-117,0,5,1
102,720,21.600000,43.200000,1,1,872307438,1308,0,1308,-117,0,5,1
102,720,21.600000,43.200000,1,1,872307444,1308,0,1308,-117,0,5,1
102,720,21.600000,43.200000,1,1,872307451,1308,0,1308,-117,0,5,1
102,720,21.600000,43.200000,1,1,872307456,1308,0,1308,-117,0,5,1
102,720,21.600000,43.200000,1,1,872307461,1308,0,1308,-117,0,5,1
102,720,21.600000,43.200000,1,1,872307472,1308,0,1308,-117,1,5,1
