101,720,21.600000,10000.000000,1,1,868784574,597,2,597,2,0,11,1
101,720,21.600000,10000.000000,1,1,868784576,597,2,597,2,0,11,1
101,720,21.600000,10000.000000,1,1,868784582,597,2,597,2,0,11,1
101,720,21.600000,10000.000000,1,1,868784587,597,2,597,2,0,11,1
101,720,21.600000,10000.000000,1,1,868784595,597,2,597,2,0,11,1
101,720,21.600000,10000.000000,1,1,868784600,597,2,597,2,0,11,1
101,720,21.600000,10000.000000,1,1,868784606,597,2,597,2,0,11,1
101,720,21.600000,10000.000000,1,1,868784611,597,2,597,2,0,11,1
101,720,21.600000,10000.000000,1,1,868784617,597,2,597,2,0,11,1
101,720,21.600000,10000.000000,1,1,868784622,597,2,597,2,0,11,1
101,720,21.600000,10000.000000,1,1,868784628,597,2,597,2,0,11,1
101,720,21.600000,10000.000000,1,1,868784633,597,2,597,2,0,11,1
101,720,21.600000,10000.000000,1,1,868784639,597,2,597,2,0,11,1
101,720,21.600000,10000.000000,1,1,868784644,597,2,597,2,0,11,1
101,720,21.600000,10000.000000,1,1,868784650,597,2,597,2,0,11,1
101,720,21.600000,10000.000000,1,1,868784656,599,2,599,2,0,11,1
101,720,21.600000,10000.000000,1,1,868784662,605,3,605,3,0,11,1
101,720,21.600000,10000.000000,1,1,868784668,614,3,614,3,0,11,1
101,720,21.600000,10000.000000,1,1,868784674,627,3,627,3,0,11,1
101,720,21.600000,10000.000000,1,1,868784681,644,3,644,3,0,11,1
101,720,21.600000,10000.000000,1,1,868784686,671,3,671,3,0,11,1
101,720,21.600000,10000.000000,1,1,868784692,694,3,694,3,0,11,1
101,720,21.600000,10000.000000,1,1,868784698,718,3,718,3,0,11,1
101,720,21.600000,10000.000000,1,1,868784705,752,3,752,3,0,11,1
101,720,21.600000,10000.000000,1,1,868784711,793,4,793,4,0,11,1
101,720,21.600000,10000.000000,1,1,868784716,829,4,829,4,0,11,1
101,720,21.600000,10000.000000,1,1,868784722,863,4,863,4,0,11,1
101,720,21.600000,10000.000000,1,1,868784728,898,4,898,4,0,11,1
101,720,21.600000,10000.000000,1,1,868784733,942,4,942,4,0,11,1
101,720,21.600000,10000.000000,1,1,868784739,986,3,986,3,0,11,1
101,720,21.600000,10000.000000,1,1,868784745,1031,2,1031,2,0,11,1
101,720,21.600000,10000.000000,1,1,868784750,1071,2,1071,2,0,11,1
101,720,21.600000,10000.000000,1,1,868784756,1111,1,1111,1,0,11,1
101,720,21.600000,10000.000000,1,1,868784762,1138,1,1138,1,0,11,1
101,720,21.600000,10000.000000,1,1,868784768,1172,1,1172,1,0,11,1
101,720,21.600000,10000.000000,1,1,868784773,1206,0,1206,0,0,11,1
101,720,21.600000,10000.000000,1,1,868784781,1231,0,1231,-1,0,11,1
101,720,21.600000,10000.000000,1,1,868784786,1267,0,1267,-2,0,11,1
101,720,21.600000,10000.000000,1,1,868784792,1280,0,1280,-2,0,11,1
101,720,21.600000,10000.000000,1,1,868784798,1297,0,1297,-3,0,11,1
101,720,21.600000,10000.000000,1,1,868784804,1305,0,1305,-3,0,11,1
101,720,21.600000,10000.000000,1,1,868784811,1311,0,1311,-4,0,11,1
101,720,21.600000,10000.000000,1,1,868784816,1314,0,1314,-4,0,11,1
101,720,21.600000,10000.000000,1,1,868784822,1317,0,1317,-4,0,11,1
101,720,21.600000,10000.000000,1,1,868784827,1320,0,1320,-4,0,11,1
101,720,21.600000,10000.000000,1,1,868784832,1320,0,1320,-4,0,11,1
101,720,21.600000,10000.000000,1,1,868784838,1320,0,1320,-4,0,11,1
101,720,21.600000,10000.000000,1,1,868784844,1320,0,1320,-4,0,11,1
101,720,21.600000,10000.000000,1,1,868784850,1320,0,1320,-4,0,11,1
101,720,21.600000,10000.000000,1,1,868784855,1320,0,1320,-5,0,11,1
101,720,21.600000,10000.000000,1,1,868784861,1320,0,1320,-6,0,11,1
101,720,21.600000,10000.000000,1,1,868784866,1320,0,1320,-6,0,11,1
101,720,21.600000,10000.000000,1,1,868784872,1320,0,1320,-6,0,11,1
101,720,21.600000,10000.000000,1,1,868784877,1320,0,1320,-6,0,11,1
101,720,21.600000,10000.000000,1,1,868784882,1320,0,1320,-6,0,11,1
101,720,21.600000,10000.000000,1,1,868784888,1320,0,1320,-6,0,11,1
101,720,21.600000,10000.000000,1,1,868784893,1320,0,1320,-6,0,11,1
101,720,21.600000,10000.000000,1,1,868784899,1320,0,1320,-6,0,11,1
101,720,21.600000,10000.000000,1,1,868784904,1320,0,1320,-6,0,11,1
101,720,21.600000,10000.000000,1,1,868784910,1320,0,1320,-6,0,11,1
101,720,21.600000,10000.000000,1,1,868784915,1320,0,1320,-6,0,11,1
101,720,21.600000,10000.000000,1,1,868784923,1320,0,1320,-6,0,11,1
101,720,21.600000,10000.000000,1,1,868784928,1320,0,1320,-6,0,11,1
101,720,21.600000,10000.000000,1,1,868784934,1319,0,1319,-6,0,11,1
101,720,21.600000,10000.000000,1,1,868784939,1318,0,1318,-6,0,11,1
101,720,21.600000,10000.000000,1,1,868784945,1317,0,1317,-6,0,11,1
101,720,21.600000,10000.000000,1,1,868784950,1316,0,1316,-7,0,11,1
101,720,21.600000,10000.000000,1,1,868784956,1315,0,1315,-8,0,11,1
101,720,21.600000,10000.000000,1,1,868784961,1314,0,1314,-8,0,11,1
101,720,21.600000,10000.000000,1,1,868784967,1314,0,1314,-8,0,11,1
101,720,21.600000,10000.000000,1,1,868784973,1314,0,1314,-8,0,11,1
101,720,21.600000,10000.000000,1,1,868784978,1314,0,1314,-8,0,11,1
101,720,21.600000,10000.000000,1,1,868784984,1314,0,1314,-8,0,11,1
101,720,21.600000,10000.000000,1,1,868784990,1314,0,1314,-8,0,11,1
101,720,21.600000,10000.000000,1,1,868784995,1314,0,1314,-8,0,11,1
101,720,21.600000,10000.000000,1,1,868785001,1314,0,1314,-8,0,11,1
101,720,21.600000,10000.000000,1,1,868785006,1314,0,1314,-8,0,11,1
101,720,21.600000,10000.000000,1,1,868785011,1314,0,1314,-8,0,11,1
101,720,21.600000,10000.000000,1,1,868785016,1314,0,1314,-8,0,11,1
101,720,21.600000,10000.000000,1,1,868785022,1314,0,1314,-8,0,11,1
101,720,21.600000,10000.000000,1,1,868785028,1314,0,1314,-8,0,11,1
101,720,21.600000,10000.000000,1,1,868785035,1314,0,1314,-8,0,11,1
101,720,21.600000,10000.000000,1,1,868785041,1314,0,1314,-8,0,11,1
101,720,21.600000,10000.000000,1,1,868785048,1314,0,1314,-8,0,11,1
101,720,21.600000,10000.000000,1,1,868785053,1314,0,1314,-8,0,11,1
101,720,21.600000,10000.000000,1,1,868785058,1314,0,1314,-8,0,11,1
101,720,21.600000,10000.000000,1,1,868785064,1314,0,1314,-8,0,11,1
101,720,21.600000,10000.000000,1,1,868785070,1314,0,1314,-8,0,11,1
101,720,21.600000,10000.000000,1,1,868785075,1314,0,1314,-8,0,11,1
101,720,21.600000,10000.000000,1,1,868785085,1314,0,1314,-8,0,11,1
