101,720,21.600000,43.200000,1,0,868500633,590,0,590,0,0,42,2
101,720,21.600000,43.200000,1,0,868500635,590,0,590,0,0,42,2
101,720,21.600000,43.200000,1,0,868500641,590,0,590,0,0,42,2
101,720,21.600000,43.200000,1,0,868500646,590,0,590,0,0,42,2
101,720,21.600000,43.200000,1,0,868500651,590,0,590,0,0,42,2
101,720,21.600000,43.200000,1,0,868500659,590,0,590,0,0,42,2
101,720,21.600000,43.200000,1,0,868500664,590,0,590,0,0,42,2
101,720,21.600000,43.200000,1,0,868500672,590,0,590,0,0,42,2
101,720,21.600000,43.200000,1,0,868500678,590,0,590,0,0,42,2
101,720,21.600000,43.200000,1,0,868500684,591,0,591,0,0,42,2
101,720,21.600000,43.200000,1,0,868500690,591,0,591,-1,0,42,2
101,720,21.600000,43.200000,1,0,868500696,592,0,592,-1,0,42,2
101,720,21.600000,43.200000,1,0,868500702,594,0,594,-2,0,42,2
101,720,21.600000,43.200000,1,0,868500707,597,0,597,-3,0,42,2
101,720,21.600000,43.200000,1,0,868500713,600,0,600,-4,0,42,2
101,720,21.600000,43.200000,1,0,868500719,605,0,605,-5,0,42,2
101,720,21.600000,43.200000,1,0,868500725,611,0,611,-6,0,42,2
101,720,21.600000,43.200000,1,0,868500730,618,0,618,-7,0,42,2
101,720,21.600000,43.200000,1,0,868500739,626,0,626,-8,0,42,2
101,720,21.600000,43.200000,1,0,868500745,643,0,643,-9,0,42,2
101,720,21.600000,43.200000,1,0,868500751,656,0,656,-9,0,42,2
101,720,21.600000,43.200000,1,0,868500756,669,0,669,-9,0,42,2
101,720,21.600000,43.200000,1,0,868500763,685,0,685,-9,0,42,2
101,720,21.600000,43.200000,1,0,868500770,706,1,706,-8,0,42,2
101,720,21.600000,43.200000,1,0,868500776,732,1,732,-8,0,42,2
101,720,21.600000,43.200000,1,0,868500781,754,1,754,-8,0,42,2
101,720,21.600000,43.200000,1,0,868500789,775,1,775,-8,0,42,2
101,720,21.600000,43.200000,1,0,868500796,821,1,821,-8,0,42,2
101,720,21.600000,43.200000,1,0,868500801,856,1,856,-8,0,42,2
101,720,21.600000,43.200000,1,0,868500807,891,0,891,-9,0,42,2
101,720,21.600000,43.200000,1,0,868500813,925,0,925,-10,0,42,2
101,720,21.600000,43.200000,1,0,868500818,959,0,959,-11,0,42,2
101,720,21.600000,43.200000,1,0,868500824,1002,0,1002,-12,0,42,2
101,720,21.600000,43.200000,1,0,868500829,1036,0,1036,-13,0,42,2
101,720,21.600000,43.200000,1,0,868500835,1070,0,1070,-15,0,42,2
101,720,21.600000,43.200000,1,0,868500841,1103,0,1103,-18,0,42,2
101,720,21.600000,43.200000,1,0,868500847,1145,0,1145,-22,0,42,2
101,720,21.600000,43.200000,1,0,868500854,1171,0,1171,-25,0,42,2
101,720,21.600000,43.200000,1,0,868500859,1204,0,1204,-28,0,42,2
101,720,21.600000,43.200000,1,0,868500865,1230,0,1230,-31,0,42,2
101,720,21.600000,43.200000,1,0,868500871,1264,0,1264,-36,0,42,2
101,720,21.600000,43.200000,1,0,868500876,1289,0,1289,-39,0,42,2
101,720,21.600000,43.200000,1,0,868500883,1314,0,1314,-43,0,42,2
101,720,21.600000,43.200000,1,0,868500888,1350,0,1350,-48,0,42,2
101,720,21.600000,43.200000,1,0,868500893,1376,0,1376,-53,0,42,2
101,720,21.600000,43.200000,1,0,868500899,1399,0,1399,-57,0,42,2
101,720,21.600000,43.200000,1,0,868500905,1416,0,1416,-60,0,42,2
101,720,21.600000,43.200000,1,0,868500910,1433,0,1433,-63,0,42,2
101,720,21.600000,43.200000,1,0,868500916,1448,0,1448,-66,0,42,2
101,720,21.600000,43.200000,1,0,868500922,1454,0,1454,-67,0,42,2
101,720,21.600000,43.200000,1,0,868500928,1461,0,1461,-69,0,42,2
101,720,21.600000,43.200000,1,0,868500933,1462,0,1462,-70,0,42,2
101,720,21.600000,43.200000,1,0,868500939,1464,0,1464,-71,0,42,2
101,720,21.600000,43.200000,1,0,868500944,1464,0,1464,-71,0,42,2
101,720,21.600000,43.200000,1,0,868500951,1463,0,1463,-71,0,42,2
101,720,21.600000,43.200000,1,0,868500956,1460,0,1460,-72,0,42,2
101,720,21.600000,43.200000,1,0,868500961,1457,0,1457,-73,0,42,2
101,720,21.600000,43.200000,1,0,868500967,1454,0,1454,-73,0,42,2
101,720,21.600000,43.200000,1,0,868500973,1452,0,1452,-74,0,42,2
101,720,21.600000,43.200000,1,0,868500978,1450,0,1450,-74,0,42,2
101,720,21.600000,43.200000,1,0,868500984,1449,0,1449,-74,0,42,2
101,720,21.600000,43.200000,1,0,868500991,1448,0,1448,-74,0,42,2
101,720,21.600000,43.200000,1,0,868500997,1448,0,1448,-74,0,42,2
101,720,21.600000,43.200000,1,0,868501003,1447,0,1447,-74,0,42,2
101,720,21.600000,43.200000,1,0,868501008,1446,0,1446,-74,0,42,2
101,720,21.600000,43.200000,1,0,868501014,1446,0,1446,-74,0,42,2
101,720,21.600000,43.200000,1,0,868501020,1445,0,1445,-74,0,42,2
101,720,21.600000,43.200000,1,0,868501026,1444,0,1444,-75,0,42,2
101,720,21.600000,43.200000,1,0,868501032,1443,0,1443,-75,0,42,2
101,720,21.600000,43.200000,1,0,868501037,1442,0,1442,-75,0,42,2
101,720,21.600000,43.200000,1,0,868501043,1441,0,1441,-75,0,42,2
101,720,21.600000,43.200000,1,0,868501048,1440,0,1440,-76,0,42,2
101,720,21.600000,43.200000,1,0,868501054,1439,0,1439,-76,0,42,2
101,720,21.600000,43.200000,1,0,868501060,1438,0,1438,-76,0,42,2
101,720,21.600000,43.200000,1,0,868501065,1437,0,1437,-76,0,42,2
101,720,21.600000,43.200000,1,0,868501071,1436,0,1436,-76,0,42,2
101,720,21.600000,43.200000,1,0,868501077,1434,0,1434,-76,0,42,2
101,720,21.600000,43.200000,1,0,868501082,1432,0,1432,-77,0,42,2
101,720,21.600000,43.200000,1,0,868501088,1429,0,1429,-77,0,42,2
101,720,21.600000,43.200000,1,0,868501095,1426,0,1426,-78,0,42,2
101,720,21.600000,43.200000,1,0,868501101,1421,0,1421,-79,0,42,2
101,720,21.600000,43.200000,1,0,868501107,1416,0,1416,-79,0,42,2
101,720,21.600000,43.200000,1,0,868501112,1412,0,1412,-79,0,42,2
101,720,21.600000,43.200000,1,0,868501118,1409,0,1409,-80,0,42,2
101,720,21.600000,43.200000,1,0,868501123,1406,0,1406,-81,0,42,2
101,720,21.600000,43.200000,1,0,868501129,1405,0,1405,-81,0,42,2
101,720,21.600000,43.200000,1,0,868501134,1405,0,1405,-82,0,42,2
101,720,21.600000,43.200000,1,0,868501139,1405,0,1405,-83,0,42,2
101,720,21.600000,43.200000,1,0,868501145,1405,0,1405,-83,0,42,2
101,720,21.600000,43.200000,1,0,868501150,1405,0,1405,-83,0,42,2
101,720,21.600000,43.200000,1,0,868501156,1405,0,1405,-84,0,42,2
101,720,21.600000,43.200000,1,0,868501161,1405,0,1405,-84,0,42,2
101,720,21.600000,43.200000,1,0,868501167,1404,0,1404,-84,0,42,2
101,720,21.600000,43.200000,1,0,868501172,1403,0,1403,-85,0,42,2
101,720,21.600000,43.200000,1,0,868501178,1402,0,1402,-85,0,42,2
101,720,21.600000,43.200000,1,0,868501183,1401,0,1401,-85,0,42,2
101,720,21.600000,43.200000,1,0,868501189,1400,0,1400,-86,0,42,2
101,720,21.600000,43.200000,1,0,868501195,1399,0,1399,-86,0,42,2
101,720,21.600000,43.200000,1,0,868501201,1397,0,1397,-86,0,42,2
101,720,21.600000,43.200000,1,0,868501207,1395,0,1395,-86,0,42,2
101,720,21.600000,43.200000,1,0,868501213,1393,0,1393,-86,0,42,2
101,720,21.600000,43.200000,1,0,868501219,1391,0,1391,-86,0,42,2
101,720,21.600000,43.200000,1,0,868501224,1390,0,1390,-86,0,42,2
101,720,21.600000,43.200000,1,0,868501230,1389,0,1389,-87,0,42,2
101,720,21.600000,43.200000,1,0,868501235,1388,0,1388,-87,0,42,2
101,720,21.600000,43.200000,1,0,868501241,1387,0,1387,-87,0,42,2
101,720,21.600000,43.200000,1,0,868501247,1386,0,1386,-87,0,42,2
101,720,21.600000,43.200000,1,0,868501252,1385,0,1385,-88,0,42,2
101,720,21.600000,43.200000,1,0,868501258,1384,0,1384,-89,0,42,2
101,720,21.600000,43.200000,1,0,868501263,1383,0,1383,-89,0,42,2
101,720,21.600000,43.200000,1,0,868501268,1382,0,1382,-89,0,42,2
101,720,21.600000,43.200000,1,0,868501274,1381,0,1381,-89,0,42,2
101,720,21.600000,43.200000,1,0,868501280,1379,0,1379,-89,0,42,2
101,720,21.600000,43.200000,1,0,868501285,1378,0,1378,-90,0,42,2
101,720,21.600000,43.200000,1,0,868501291,1377,0,1377,-91,0,42,2
101,720,21.600000,43.200000,1,0,868501296,1376,0,1376,-91,0,42,2
101,720,21.600000,43.200000,1,0,868501303,1374,0,1374,-91,0,42,2
101,720,21.600000,43.200000,1,0,868501308,1372,0,1372,-92,0,42,2
101,720,21.600000,43.200000,1,0,868501314,1370,0,1370,-92,0,42,2
101,720,21.600000,43.200000,1,0,868501321,1369,0,1369,-93,0,42,2
101,720,21.600000,43.200000,1,0,868501326,1367,0,1367,-94,0,42,2
101,720,21.600000,43.200000,1,0,868501332,1365,0,1365,-94,0,42,2
101,720,21.600000,43.200000,1,0,868501337,1364,0,1364,-94,0,42,2
101,720,21.600000,43.200000,1,0,868501343,1363,0,1363,-94,0,42,2
101,720,21.600000,43.200000,1,0,868501348,1362,0,1362,-94,0,42,2
101,720,21.600000,43.200000,1,0,868501354,1360,0,1360,-95,0,42,2
101,720,21.600000,43.200000,1,0,868501360,1360,0,1360,-96,0,42,2
101,720,21.600000,43.200000,1,0,868501365,1359,0,1359,-97,0,42,2
101,720,21.600000,43.200000,1,0,868501371,1359,0,1359,-98,0,42,2
101,720,21.600000,43.200000,1,0,868501376,1358,0,1358,-98,0,42,2
101,720,21.600000,43.200000,1,0,868501382,1357,0,1357,-98,0,42,2
101,720,21.600000,43.200000,1,0,868501388,1356,0,1356,-98,0,42,2
101,720,21.600000,43.200000,1,0,868501393,1355,0,1355,-98,0,42,2
101,720,21.600000,43.200000,1,0,868501398,1354,0,1354,-98,0,42,2
101,720,21.600000,43.200000,1,0,868501404,1353,0,1353,-99,0,42,2
101,720,21.600000,43.200000,1,0,868501409,1353,0,1353,-99,0,42,2
101,720,21.600000,43.200000,1,0,868501415,1353,0,1353,-99,0,42,2
101,720,21.600000,43.200000,1,0,868501421,1352,0,1352,-99,0,42,2
101,720,21.600000,43.200000,1,0,868501427,1351,0,1351,-100,0,42,2
101,720,21.600000,43.200000,1,0,868501433,1350,0,1350,-101,0,42,2
101,720,21.600000,43.200000,1,0,868501439,1349,0,1349,-101,0,42,2
101,720,21.600000,43.200000,1,0,868501445,1349,0,1349,-101,0,42,2
101,720,21.600000,43.200000,1,0,868501450,1349,0,1349,-102,0,42,2
101,720,21.600000,43.200000,1,0,868501455,1348,0,1348,-102,0,42,2
101,720,21.600000,43.200000,1,0,868501461,1347,0,1347,-102,0,42,2
101,720,21.600000,43.200000,1,0,868501467,1345,0,1345,-102,0,42,2
101,720,21.600000,43.200000,1,0,868501472,1345,0,1345,-103,0,42,2
101,720,21.600000,43.200000,1,0,868501478,1345,0,1345,-103,0,42,2
101,720,21.600000,43.200000,1,0,868501483,1344,0,1344,-103,0,42,2
101,720,21.600000,43.200000,1,0,868501488,1343,0,1343,-103,0,42,2
101,720,21.600000,43.200000,1,0,868501494,1342,0,1342,-103,0,42,2
101,720,21.600000,43.200000,1,0,868501500,1341,0,1341,-103,0,42,2
101,720,21.600000,43.200000,1,0,868501505,1340,0,1340,-103,0,42,2
101,720,21.600000,43.200000,1,0,868501511,1340,0,1340,-103,0,42,2
101,720,21.600000,43.200000,1,0,868501516,1339,0,1339,-103,0,42,2
101,720,21.600000,43.200000,1,0,868501521,1339,0,1339,-104,0,42,2
101,720,21.600000,43.200000,1,0,868501527,1339,0,1339,-104,0,42,2
101,720,21.600000,43.200000,1,0,868501532,1338,0,1338,-104,0,42,2
101,720,21.600000,43.200000,1,0,868501538,1336,0,1336,-105,0,42,2
101,720,21.600000,43.200000,1,0,868501544,1336,0,1336,-105,0,42,2
101,720,21.600000,43.200000,1,0,868501549,1335,0,1335,-106,0,42,2
101,720,21.600000,43.200000,1,0,868501555,1334,0,1334,-106,0,42,2
101,720,21.600000,43.200000,1,0,868501560,1333,0,1333,-106,0,42,2
101,720,21.600000,43.200000,1,0,868501566,1332,0,1332,-106,0,42,2
101,720,21.600000,43.200000,1,0,868501571,1332,0,1332,-107,0,42,2
101,720,21.600000,43.200000,1,0,868501576,1331,0,1331,-107,0,42,2
101,720,21.600000,43.200000,1,0,868501581,1330,0,1330,-107,0,42,2
101,720,21.600000,43.200000,1,0,868501587,1330,0,1330,-108,0,42,2
101,720,21.600000,43.200000,1,0,868501593,1330,0,1330,-108,0,42,2
101,720,21.600000,43.200000,1,0,868501598,1330,0,1330,-108,0,42,2
101,720,21.600000,43.200000,1,0,868501604,1330,0,1330,-108,0,42,2
101,720,21.600000,43.200000,1,0,868501609,1330,0,1330,-108,0,42,2
101,720,21.600000,43.200000,1,0,868501615,1330,0,1330,-108,0,42,2
101,720,21.600000,43.200000,1,0,868501621,1330,0,1330,-108,0,42,2
101,720,21.600000,43.200000,1,0,868501626,1330,0,1330,-108,0,42,2
101,720,21.600000,43.200000,1,0,868501632,1329,0,1329,-108,0,42,2
101,720,21.600000,43.200000,1,0,868501637,1328,0,1328,-108,0,42,2
101,720,21.600000,43.200000,1,0,868501644,1328,0,1328,-108,0,42,2
101,720,21.600000,43.200000,1,0,868501649,1328,0,1328,-108,0,42,2
101,720,21.600000,43.200000,1,0,868501655,1328,0,1328,-108,0,42,2
101,720,21.600000,43.200000,1,0,868501660,1328,0,1328,-108,0,42,2
101,720,21.600000,43.200000,1,0,868501666,1328,0,1328,-108,0,42,2
101,720,21.600000,43.200000,1,0,868501671,1328,0,1328,-108,0,42,2
101,720,21.600000,43.200000,1,0,868501677,1328,0,1328,-108,0,42,2
101,720,21.600000,43.200000,1,0,868501682,1328,0,1328,-108,0,42,2
101,720,21.600000,43.200000,1,0,868501693,1328,0,1328,-108,0,42,2
