101,720,21.600000,10000.000000,0,0,868373919,604,21,604,21,0,61,0
101,720,21.600000,10000.000000,0,0,868373921,604,21,604,21,0,61,0
101,720,21.600000,10000.000000,0,0,868373927,604,21,604,21,0,61,0
101,720,21.600000,10000.000000,0,0,868373932,603,21,603,21,0,61,0
101,720,21.600000,10000.000000,0,0,868373938,603,21,603,21,0,61,0
101,720,21.600000,10000.000000,0,0,868373943,603,21,603,21,0,61,0
101,720,21.600000,10000.000000,0,0,868373949,603,21,603,21,0,61,0
101,720,21.600000,10000.000000,0,0,868373954,603,21,603,21,0,61,0
101,720,21.600000,10000.000000,0,0,868373960,603,21,603,21,0,61,0
101,720,21.600000,10000.000000,0,0,868373965,603,21,603,21,0,61,0
101,720,21.600000,10000.000000,0,0,868373970,603,21,603,21,0,61,0
101,720,21.600000,10000.000000,0,0,868373976,603,21,603,21,0,61,0
101,720,21.600000,10000.000000,0,0,868373981,603,21,603,21,0,61,0
101,720,21.600000,10000.000000,0,0,868373987,603,21,603,21,0,61,0
101,720,21.600000,10000.000000,0,0,868373993,603,21,603,21,0,61,0
101,720,21.600000,10000.000000,0,0,868373999,604,20,604,20,0,61,0
101,720,21.600000,10000.000000,0,0,868374004,606,19,606,19,0,61,0
101,720,21.600000,10000.000000,0,0,868374010,607,18,607,18,0,61,0
101,720,21.600000,10000.000000,0,0,868374015,609,17,609,17,0,61,0
101,720,21.600000,10000.000000,0,0,868374021,610,17,610,17,0,61,0
101,720,21.600000,10000.000000,0,0,868374026,611,17,611,17,0,61,0
101,720,21.600000,10000.000000,0,0,868374031,612,17,612,17,0,61,0
101,720,21.600000,10000.000000,0,0,868374036,613,17,613,17,0,61,0
101,720,21.600000,10000.000000,0,0,868374042,613,17,613,17,0,61,0
101,720,21.600000,10000.000000,0,0,868374048,613,17,613,17,0,61,0
101,720,21.600000,10000.000000,0,0,868374053,613,17,613,17,0,61,0
101,720,21.600000,10000.000000,0,0,868374058,613,17,613,17,0,61,0
101,720,21.600000,10000.000000,0,0,868374064,613,17,613,17,0,61,0
101,720,21.600000,10000.000000,0,0,868374070,613,17,613,17,0,61,0
101,720,21.600000,10000.000000,0,0,868374075,613,17,613,17,0,61,0
101,720,21.600000,10000.000000,0,0,868374081,613,17,613,17,0,61,0
101,720,21.600000,10000.000000,0,0,868374086,613,17,613,17,0,61,0
101,720,21.600000,10000.000000,0,0,868374092,613,17,613,17,0,61,0
101,720,21.600000,10000.000000,0,0,868374097,613,17,613,17,0,61,0
101,720,21.600000,10000.000000,0,0,868374103,613,17,613,17,0,61,0
101,720,21.600000,10000.000000,0,0,868374109,613,17,613,17,0,61,0
101,720,21.600000,10000.000000,0,0,868374115,612,17,612,17,0,61,0
101,720,21.600000,10000.000000,0,0,868374121,611,17,611,17,0,61,0
101,720,21.600000,10000.000000,0,0,868374126,611,17,611,17,0,61,0
101,720,21.600000,10000.000000,0,0,868374132,611,17,611,17,0,61,0
101,720,21.600000,10000.000000,0,0,868374138,611,17,611,17,0,61,0
101,720,21.600000,10000.000000,0,0,868374143,611,17,611,17,0,61,0
101,720,21.600000,10000.000000,0,0,868374148,611,17,611,17,0,61,0
101,720,21.600000,10000.000000,0,0,868374154,612,17,612,17,0,61,0
101,720,21.600000,10000.000000,0,0,868374160,614,18,614,18,0,61,0
101,720,21.600000,10000.000000,0,0,868374166,619,19,619,19,0,61,0
101,720,21.600000,10000.000000,0,0,868374171,626,21,626,21,0,61,0
101,720,21.600000,10000.000000,0,0,868374177,634,22,634,22,0,61,0
101,720,21.600000,10000.000000,0,0,868374183,650,24,650,24,0,61,0
101,720,21.600000,10000.000000,0,0,868374189,671,26,671,26,0,61,0
101,720,21.600000,10000.000000,0,0,868374195,690,28,690,28,0,61,0
101,720,21.600000,10000.000000,0,0,868374200,718,31,718,31,0,61,0
101,720,21.600000,10000.000000,0,0,868374205,745,33,745,33,0,61,0
101,720,21.600000,10000.000000,0,0,868374211,778,36,778,36,0,61,0
101,720,21.600000,10000.000000,0,0,868374219,811,38,811,38,0,61,0
101,720,21.600000,10000.000000,0,0,868374225,862,41,862,41,0,61,0
101,720,21.600000,10000.000000,0,0,868374231,896,42,896,42,0,61,0
101,720,21.600000,10000.000000,0,0,868374238,939,43,939,43,0,61,0
101,720,21.600000,10000.000000,0,0,868374244,999,44,999,44,0,61,0
101,720,21.600000,10000.000000,0,0,868374250,1038,44,1038,44,0,61,0
101,720,21.600000,10000.000000,0,0,868374256,1094,44,1094,44,0,61,0
101,720,21.600000,10000.000000,0,0,868374262,1151,44,1151,44,0,61,0
101,720,21.600000,10000.000000,0,0,868374267,1191,43,1191,43,0,61,0
101,720,21.600000,10000.000000,0,0,868374273,1231,42,1231,42,0,61,0
101,720,21.600000,10000.000000,0,0,868374278,1271,40,1271,40,0,61,0
101,720,21.600000,10000.000000,0,0,868374284,1315,38,1315,38,0,61,0
101,720,21.600000,10000.000000,0,0,868374290,1349,35,1349,35,0,61,0
101,720,21.600000,10000.000000,0,0,868374296,1376,32,1376,32,0,61,0
101,720,21.600000,10000.000000,0,0,868374302,1403,29,1403,29,0,61,0
101,720,21.600000,10000.000000,0,0,868374307,1426,26,1426,26,0,61,0
101,720,21.600000,10000.000000,0,0,868374313,1445,23,1445,23,0,61,0
101,720,21.600000,10000.000000,0,0,868374321,1458,21,1458,21,0,61,0
101,720,21.600000,10000.000000,0,0,868374329,1472,18,1472,18,0,61,0
101,720,21.600000,10000.000000,0,0,868374335,1478,16,1478,16,0,61,0
101,720,21.600000,10000.000000,0,0,868374341,1478,16,1478,16,0,61,0
101,720,21.600000,10000.000000,0,0,868374346,1478,15,1478,15,0,61,0
101,720,21.600000,10000.000000,0,0,868374353,1478,14,1478,14,0,61,0
101,720,21.600000,10000.000000,0,0,868374359,1477,13,1477,13,0,61,0
101,720,21.600000,10000.000000,0,0,868374365,1475,13,1475,13,0,61,0
101,720,21.600000,10000.000000,0,0,868374371,1472,12,1472,12,0,61,0
101,720,21.600000,10000.000000,0,0,868374376,1469,12,1469,12,0,61,0
101,720,21.600000,10000.000000,0,0,868374382,1467,12,1467,12,0,61,0
101,720,21.600000,10000.000000,0,0,868374387,1464,12,1464,12,0,61,0
101,720,21.600000,10000.000000,0,0,868374392,1461,12,1461,12,0,61,0
101,720,21.600000,10000.000000,0,0,868374398,1457,12,1457,12,0,61,0
101,720,21.600000,10000.000000,0,0,868374403,1454,12,1454,12,0,61,0
101,720,21.600000,10000.000000,0,0,868374409,1451,12,1451,12,0,61,0
101,720,21.600000,10000.000000,0,0,868374415,1448,11,1448,11,0,61,0
101,720,21.600000,10000.000000,0,0,868374420,1446,11,1446,11,0,61,0
101,720,21.600000,10000.000000,0,0,868374426,1443,11,1443,11,0,61,0
101,720,21.600000,10000.000000,0,0,868374433,1443,10,1443,10,0,61,0
101,720,21.600000,10000.000000,0,0,868374439,1443,10,1443,10,0,61,0
101,720,21.600000,10000.000000,0,0,868374444,1443,10,1443,10,0,61,0
101,720,21.600000,10000.000000,0,0,868374450,1443,10,1443,10,0,61,0
101,720,21.600000,10000.000000,0,0,868374455,1443,10,1443,10,0,61,0
101,720,21.600000,10000.000000,0,0,868374460,1443,10,1443,10,0,61,0
101,720,21.600000,10000.000000,0,0,868374466,1443,10,1443,10,0,61,0
101,720,21.600000,10000.000000,0,0,868374471,1443,10,1443,10,0,61,0
101,720,21.600000,10000.000000,0,0,868374477,1443,10,1443,10,0,61,0
101,720,21.600000,10000.000000,0,0,868374482,1442,10,1442,10,0,61,0
101,720,21.600000,10000.000000,0,0,868374488,1442,10,1442,10,0,61,0
101,720,21.600000,10000.000000,0,0,868374493,1441,10,1441,10,0,61,0
101,720,21.600000,10000.000000,0,0,868374499,1440,10,1440,10,0,61,0
101,720,21.600000,10000.000000,0,0,868374504,1439,9,1439,9,0,61,0
101,720,21.600000,10000.000000,0,0,868374510,1436,9,1436,9,0,61,0
101,720,21.600000,10000.000000,0,0,868374515,1431,9,1431,9,0,61,0
101,720,21.600000,10000.000000,0,0,868374521,1425,9,1425,9,0,61,0
101,720,21.600000,10000.000000,0,0,868374527,1417,9,1417,9,0,61,0
101,720,21.600000,10000.000000,0,0,868374532,1408,9,1408,9,0,61,0
101,720,21.600000,10000.000000,0,0,868374538,1399,9,1399,9,0,61,0
101,720,21.600000,10000.000000,0,0,868374546,1389,9,1389,9,0,61,0
101,720,21.600000,10000.000000,0,0,868374551,1377,9,1377,9,0,61,0
101,720,21.600000,10000.000000,0,0,868374557,1366,9,1366,9,0,61,0
101,720,21.600000,10000.000000,0,0,868374563,1357,9,1357,9,0,61,0
101,720,21.600000,10000.000000,0,0,868374570,1349,9,1349,9,0,61,0
101,720,21.600000,10000.000000,0,0,868374576,1340,9,1340,9,0,61,0
101,720,21.600000,10000.000000,0,0,868374581,1336,9,1336,9,0,61,0
101,720,21.600000,10000.000000,0,0,868374587,1331,9,1331,9,0,61,0
101,720,21.600000,10000.000000,0,0,868374592,1328,9,1328,9,0,61,0
101,720,21.600000,10000.000000,0,0,868374598,1327,9,1327,9,0,61,0
101,720,21.600000,10000.000000,0,0,868374604,1326,9,1326,9,0,61,0
101,720,21.600000,10000.000000,0,0,868374609,1325,9,1325,9,0,61,0
101,720,21.600000,10000.000000,0,0,868374615,1324,9,1324,9,0,61,0
101,720,21.600000,10000.000000,0,0,868374620,1323,9,1323,9,0,61,0
101,720,21.600000,10000.000000,0,0,868374626,1323,9,1323,9,0,61,0
101,720,21.600000,10000.000000,0,0,868374631,1323,9,1323,9,0,61,0
101,720,21.600000,10000.000000,0,0,868374637,1323,9,1323,9,0,61,0
101,720,21.600000,10000.000000,0,0,868374642,1323,9,1323,9,0,61,0
101,720,21.600000,10000.000000,0,0,868374648,1323,9,1323,9,0,61,0
101,720,21.600000,10000.000000,0,0,868374653,1323,9,1323,9,0,61,0
101,720,21.600000,10000.000000,0,0,868374659,1323,9,1323,9,0,61,0
101,720,21.600000,10000.000000,0,0,868374664,1323,9,1323,9,0,61,0
101,720,21.600000,10000.000000,0,0,868374670,1323,9,1323,9,0,61,0
101,720,21.600000,10000.000000,0,0,868374675,1323,9,1323,9,0,61,0
101,720,21.600000,10000.000000,0,0,868374681,1323,9,1323,9,0,61,0
101,720,21.600000,10000.000000,0,0,868374687,1323,9,1323,9,0,61,0
101,720,21.600000,10000.000000,0,0,868374692,1323,9,1323,9,0,61,0
101,720,21.600000,10000.000000,0,0,868374698,1323,9,1323,9,0,61,0
101,720,21.600000,10000.000000,0,0,868374704,1323,9,1323,9,0,61,0
101,720,21.600000,10000.000000,0,0,868374709,1323,9,1323,9,0,61,0
101,720,21.600000,10000.000000,0,0,868374714,1323,9,1323,9,0,61,0
101,720,21.600000,10000.000000,0,0,868374720,1323,9,1323,9,0,61,0
101,720,21.600000,10000.000000,0,0,868374726,1323,9,1323,9,0,61,0
101,720,21.600000,10000.000000,0,0,868374731,1323,9,1323,9,0,61,0
101,720,21.600000,10000.000000,0,0,868374737,1323,9,1323,9,0,61,0
101,720,21.600000,10000.000000,0,0,868374743,1323,9,1323,9,0,61,0
101,720,21.600000,10000.000000,0,0,868374748,1323,9,1323,9,0,61,0
101,720,21.600000,10000.000000,0,0,868374754,1323,9,1323,9,0,61,0
101,720,21.600000,10000.000000,0,0,868374759,1323,9,1323,9,0,61,0
101,720,21.600000,10000.000000,0,0,868374766,1323,9,1323,9,0,61,0
101,720,21.600000,10000.000000,0,0,868374772,1323,9,1323,9,0,61,0
101,720,21.600000,10000.000000,0,0,868374777,1323,9,1323,9,0,61,0
101,720,21.600000,10000.000000,0,0,868374784,1323,9,1323,9,0,61,0
101,720,21.600000,10000.000000,0,0,868374790,1323,9,1323,9,0,61,0
101,720,21.600000,10000.000000,0,0,868374795,1323,9,1323,9,0,61,0
101,720,21.600000,10000.000000,0,0,868374801,1323,9,1323,9,0,61,0
101,720,21.600000,10000.000000,0,0,868374806,1323,9,1323,9,0,61,0
101,720,21.600000,10000.000000,0,0,868374812,1323,9,1323,9,0,61,0
101,720,21.600000,10000.000000,0,0,868374818,1323,9,1323,9,0,61,0
101,720,21.600000,10000.000000,0,0,868374823,1323,9,1323,9,0,61,0
101,720,21.600000,10000.000000,0,0,868374828,1323,9,1323,9,0,61,0
101,720,21.600000,10000.000000,0,0,868374834,1323,9,1323,9,0,61,0
101,720,21.600000,10000.000000,0,0,868374839,1323,9,1323,9,0,61,0
101,720,21.600000,10000.000000,0,0,868374850,1323,9,1323,9,0,61,0
