101,720,21.600000,10000.000000,1,0,868574267,596,0,596,0,0,56,2
101,720,21.600000,10000.000000,1,0,868574269,596,0,596,0,0,56,2
101,720,21.600000,10000.000000,1,0,868574274,596,0,596,0,0,56,2
101,720,21.600000,10000.000000,1,0,868574280,596,0,596,0,0,56,2
101,720,21.600000,10000.000000,1,0,868574285,596,0,596,0,0,56,2
101,720,21.600000,10000.000000,1,0,868574291,596,0,596,0,0,56,2
101,720,21.600000,10000.000000,1,0,868574296,596,0,596,0,0,56,2
101,720,21.600000,10000.000000,1,0,868574302,596,0,596,0,0,56,2
101,720,21.600000,10000.000000,1,0,868574307,596,0,596,0,0,56,2
101,720,21.600000,10000.000000,1,0,868574313,596,0,596,0,0,56,2
101,720,21.600000,10000.000000,1,0,868574318,596,0,596,0,0,56,2
101,720,21.600000,10000.000000,1,0,868574324,596,0,596,0,0,56,2
101,720,21.600000,10000.000000,1,0,868574329,596,0,596,0,0,56,2
101,720,21.600000,10000.000000,1,0,868574335,596,0,596,0,0,56,2
101,720,21.600000,10000.000000,1,0,868574340,597,0,597,0,0,56,2
101,720,21.600000,10000.000000,1,0,868574346,598,0,598,0,0,56,2
101,720,21.600000,10000.000000,1,0,868574352,600,0,600,-1,0,56,2
101,720,21.600000,10000.000000,1,0,868574357,605,0,605,-2,0,56,2
101,720,21.600000,10000.000000,1,0,868574363,612,0,612,-3,0,56,2
101,720,21.600000,10000.000000,1,0,868574368,623,0,623,-4,0,56,2
101,720,21.600000,10000.000000,1,0,868574374,638,0,638,-5,0,56,2
101,720,21.600000,10000.000000,1,0,868574379,655,0,655,-7,0,56,2
101,720,21.600000,10000.000000,1,0,868574385,679,0,679,-9,0,56,2
101,720,21.600000,10000.000000,1,0,868574391,706,0,706,-11,0,56,2
101,720,21.600000,10000.000000,1,0,868574396,733,0,733,-13,0,56,2
101,720,21.600000,10000.000000,1,0,868574402,758,0,758,-15,0,56,2
101,720,21.600000,10000.000000,1,0,868574408,793,0,793,-18,0,56,2
101,720,21.600000,10000.000000,1,0,868574413,835,0,835,-22,0,56,2
101,720,21.600000,10000.000000,1,0,868574419,876,0,876,-26,0,56,2
101,720,21.600000,10000.000000,1,0,868574425,920,0,920,-31,0,56,2
101,720,21.600000,10000.000000,1,0,868574430,960,0,960,-35,0,56,2
101,720,21.600000,10000.000000,1,0,868574435,1005,0,1005,-40,0,56,2
101,720,21.600000,10000.000000,1,0,868574441,1052,0,1052,-46,0,56,2
101,720,21.600000,10000.000000,1,0,868574446,1079,0,1079,-50,0,56,2
101,720,21.600000,10000.000000,1,0,868574452,1117,0,1117,-55,0,56,2
101,720,21.600000,10000.000000,1,0,868574458,1150,0,1150,-60,0,56,2
101,720,21.600000,10000.000000,1,0,868574464,1178,0,1178,-64,0,56,2
101,720,21.600000,10000.000000,1,0,868574469,1208,0,1208,-69,0,56,2
101,720,21.600000,10000.000000,1,0,868574475,1233,0,1233,-74,0,56,2
101,720,21.600000,10000.000000,1,0,868574480,1253,0,1253,-78,0,56,2
101,720,21.600000,10000.000000,1,0,868574486,1265,0,1265,-81,0,56,2
101,720,21.600000,10000.000000,1,0,868574492,1282,0,1282,-86,0,56,2
101,720,21.600000,10000.000000,1,0,868574498,1295,0,1295,-90,0,56,2
101,720,21.600000,10000.000000,1,0,868574503,1303,0,1303,-93,0,56,2
101,720,21.600000,10000.000000,1,0,868574508,1306,0,1306,-94,0,56,2
101,720,21.600000,10000.000000,1,0,868574514,1307,0,1307,-94,0,56,2
101,720,21.600000,10000.000000,1,0,868574519,1308,0,1308,-94,0,56,2
101,720,21.600000,10000.000000,1,0,868574525,1308,0,1308,-94,0,56,2
101,720,21.600000,10000.000000,1,0,868574530,1308,0,1308,-94,0,56,2
101,720,21.600000,10000.000000,1,0,868574536,1308,0,1308,-94,0,56,2
101,720,21.600000,10000.000000,1,0,868574541,1308,0,1308,-94,0,56,2
101,720,21.600000,10000.000000,1,0,868574547,1308,0,1308,-94,0,56,2
101,720,21.600000,10000.000000,1,0,868574553,1308,0,1308,-94,0,56,2
101,720,21.600000,10000.000000,1,0,868574558,1308,0,1308,-94,0,56,2
101,720,21.600000,10000.000000,1,0,868574563,1308,0,1308,-94,0,56,2
101,720,21.600000,10000.000000,1,0,868574569,1308,0,1308,-94,0,56,2
101,720,21.600000,10000.000000,1,0,868574574,1308,0,1308,-94,0,56,2
101,720,21.600000,10000.000000,1,0,868574580,1308,0,1308,-94,0,56,2
101,720,21.600000,10000.000000,1,0,868574585,1308,0,1308,-94,0,56,2
101,720,21.600000,10000.000000,1,0,868574591,1308,0,1308,-94,0,56,2
101,720,21.600000,10000.000000,1,0,868574596,1308,0,1308,-95,0,56,2
101,720,21.600000,10000.000000,1,0,868574602,1308,0,1308,-96,0,56,2
101,720,21.600000,10000.000000,1,0,868574607,1308,0,1308,-97,0,56,2
101,720,21.600000,10000.000000,1,0,868574613,1308,0,1308,-97,0,56,2
101,720,21.600000,10000.000000,1,0,868574618,1308,0,1308,-97,0,56,2
101,720,21.600000,10000.000000,1,0,868574623,1308,0,1308,-97,0,56,2
101,720,21.600000,10000.000000,1,0,868574629,1308,0,1308,-97,0,56,2
101,720,21.600000,10000.000000,1,0,868574634,1308,0,1308,-97,0,56,2
101,720,21.600000,10000.000000,1,0,868574640,1308,0,1308,-97,0,56,2
101,720,21.600000,10000.000000,1,0,868574646,1308,0,1308,-97,0,56,2
101,720,21.600000,10000.000000,1,0,868574651,1308,0,1308,-97,0,56,2
101,720,21.600000,10000.000000,1,0,868574657,1308,0,1308,-97,0,56,2
101,720,21.600000,10000.000000,1,0,868574662,1308,0,1308,-97,0,56,2
101,720,21.600000,10000.000000,1,0,868574668,1308,0,1308,-97,0,56,2
101,720,21.600000,10000.000000,1,0,868574674,1308,0,1308,-97,0,56,2
101,720,21.600000,10000.000000,1,0,868574679,1309,0,1309,-97,0,56,2
101,720,21.600000,10000.000000,1,0,868574685,1310,0,1310,-97,0,56,2
101,720,21.600000,10000.000000,1,0,868574691,1312,0,1312,-98,0,56,2
101,720,21.600000,10000.000000,1,0,868574696,1315,0,1315,-99,0,56,2
101,720,21.600000,10000.000000,1,0,868574702,1317,0,1317,-100,0,56,2
101,720,21.600000,10000.000000,1,0,868574709,1318,0,1318,-101,0,56,2
101,720,21.600000,10000.000000,1,0,868574715,1320,0,1320,-102,0,56,2
101,720,21.600000,10000.000000,1,0,868574720,1321,0,1321,-103,0,56,2
101,720,21.600000,10000.000000,1,0,868574726,1321,0,1321,-103,0,56,2
101,720,21.600000,10000.000000,1,0,868574731,1321,0,1321,-103,0,56,2
101,720,21.600000,10000.000000,1,0,868574736,1321,0,1321,-103,0,56,2
101,720,21.600000,10000.000000,1,0,868574742,1321,0,1321,-103,0,56,2
101,720,21.600000,10000.000000,1,0,868574747,1321,0,1321,-103,0,56,2
101,720,21.600000,10000.000000,1,0,868574753,1321,0,1321,-103,0,56,2
101,720,21.600000,10000.000000,1,0,868574758,1321,0,1321,-103,0,56,2
101,720,21.600000,10000.000000,1,0,868574763,1321,0,1321,-103,0,56,2
101,720,21.600000,10000.000000,1,0,868574769,1321,0,1321,-103,0,56,2
101,720,21.600000,10000.000000,1,0,868574775,1321,0,1321,-103,0,56,2
101,720,21.600000,10000.000000,1,0,868574781,1321,0,1321,-103,0,56,2
101,720,21.600000,10000.000000,1,0,868574786,1321,0,1321,-103,0,56,2
101,720,21.600000,10000.000000,1,0,868574793,1321,0,1321,-103,0,56,2
101,720,21.600000,10000.000000,1,0,868574798,1321,0,1321,-103,0,56,2
101,720,21.600000,10000.000000,1,0,868574804,1321,0,1321,-103,0,56,2
101,720,21.600000,10000.000000,1,0,868574809,1321,0,1321,-103,0,56,2
101,720,21.600000,10000.000000,1,0,868574814,1321,0,1321,-103,0,56,2
101,720,21.600000,10000.000000,1,0,868574820,1321,0,1321,-103,0,56,2
101,720,21.600000,10000.000000,1,0,868574831,1321,0,1321,-103,0,56,2
