105,1000,30.000000,10000.000000,1,0,-2126317806,458,19,458,19,0,93,2
105,1000,30.000000,10000.000000,1,0,-2126317804,458,19,458,19,0,93,2
105,1000,30.000000,10000.000000,1,0,-2126317798,458,19,458,19,0,93,2
105,1000,30.000000,10000.000000,1,0,-2126317792,458,19,458,19,0,93,2
105,1000,30.000000,10000.000000,1,0,-2126317785,458,19,458,19,0,93,2
105,1000,30.000000,10000.000000,1,0,-2126317779,458,19,458,19,0,93,2
105,1000,30.000000,10000.000000,1,0,-2126317773,458,19,458,19,0,93,2
105,1000,30.000000,10000.000000,1,0,-2126317767,458,19,458,19,0,93,2
105,1000,30.000000,10000.000000,1,0,-2126317760,458,19,458,19,0,93,2
105,1000,30.000000,10000.000000,1,0,-2126317753,458,19,458,19,0,93,2
105,1000,30.000000,10000.000000,1,0,-2126317745,458,19,458,19,0,93,2
105,1000,30.000000,10000.000000,1,0,-2126317739,459,20,459,20,0,93,2
105,1000,30.000000,10000.000000,1,0,-2126317733,462,21,462,21,0,93,2
105,1000,30.000000,10000.000000,1,0,-2126317726,469,23,469,23,0,93,2
105,1000,30.000000,10000.000000,1,0,-2126317719,482,26,482,26,0,93,2
105,1000,30.000000,10000.000000,1,0,-2126317708,506,29,506,29,0,93,2
105,1000,30.000000,10000.000000,1,0,-2126317701,565,35,565,35,0,93,2
105,1000,30.000000,10000.000000,1,0,-2126317693,605,38,605,38,0,93,2
105,1000,30.000000,10000.000000,1,0,-2126317687,659,42,659,42,0,93,2
105,1000,30.000000,10000.000000,1,0,-2126317680,711,45,711,45,0,93,2
105,1000,30.000000,10000.000000,1,0,-2126317674,780,50,780,50,0,93,2
105,1000,30.000000,10000.000000,1,0,-2126317667,834,52,834,52,0,93,2
105,1000,30.000000,10000.000000,1,0,-2126317659,904,52,904,52,0,93,2
105,1000,30.000000,10000.000000,1,0,-2126317652,972,52,972,52,0,93,2
105,1000,30.000000,10000.000000,1,0,-2126317644,1055,52,1055,52,0,93,2
105,1000,30.000000,10000.000000,1,0,-2126317637,1125,51,1125,51,0,93,2
105,1000,30.000000,10000.000000,1,0,-2126317631,1164,48,1164,48,0,93,2
105,1000,30.000000,10000.000000,1,0,-2126317624,1216,44,1216,44,0,93,2
105,1000,30.000000,10000.000000,1,0,-2126317618,1256,41,1256,41,0,93,2
105,1000,30.000000,10000.000000,1,0,-2126317612,1293,37,1293,37,0,93,2
105,1000,30.000000,10000.000000,1,0,-2126317605,1335,31,1335,31,0,93,2
105,1000,30.000000,10000.000000,1,0,-2126317599,1366,26,1366,26,0,93,2
105,1000,30.000000,10000.000000,1,0,-2126317593,1388,22,1388,22,0,93,2
105,1000,30.000000,10000.000000,1,0,-2126317586,1410,18,1410,18,0,93,2
105,1000,30.000000,10000.000000,1,0,-2126317579,1423,16,1423,16,0,93,2
105,1000,30.000000,10000.000000,1,0,-2126317573,1436,13,1436,13,0,93,2
105,1000,30.000000,10000.000000,1,0,-2126317566,1444,11,1444,11,0,93,2
105,1000,30.000000,10000.000000,1,0,-2126317559,1448,9,1448,9,0,93,2
105,1000,30.000000,10000.000000,1,0,-2126317552,1450,9,1450,9,0,93,2
105,1000,30.000000,10000.000000,1,0,-2126317545,1451,8,1451,8,0,93,2
105,1000,30.000000,10000.000000,1,0,-2126317538,1452,8,1452,8,0,93,2
105,1000,30.000000,10000.000000,1,0,-2126317531,1453,8,1453,8,0,93,2
105,1000,30.000000,10000.000000,1,0,-2126317523,1453,8,1453,8,0,93,2
105,1000,30.000000,10000.000000,1,0,-2126317517,1453,8,1453,8,0,93,2
105,1000,30.000000,10000.000000,1,0,-2126317510,1453,8,1453,8,0,93,2
105,1000,30.000000,10000.000000,1,0,-2126317503,1453,8,1453,8,0,93,2
105,1000,30.000000,10000.000000,1,0,-2126317495,1453,8,1453,8,0,93,2
105,1000,30.000000,10000.000000,1,0,-2126317488,1453,8,1453,8,0,93,2
105,1000,30.000000,10000.000000,1,0,-2126317482,1453,8,1453,8,0,93,2
105,1000,30.000000,10000.000000,1,0,-2126317475,1453,8,1453,8,0,93,2
105,1000,30.000000,10000.000000,1,0,-2126317469,1454,8,1454,8,0,93,2
105,1000,30.000000,10000.000000,1,0,-2126317453,1455,8,1455,8,0,93,2
105,1000,30.000000,10000.000000,1,0,-2126317443,1456,7,1456,7,0,93,2
105,1000,30.000000,10000.000000,1,0,-2126317435,1456,7,1456,7,0,93,2
105,1000,30.000000,10000.000000,1,0,-2126317429,1456,7,1456,7,0,93,2
105,1000,30.000000,10000.000000,1,0,-2126317423,1456,7,1456,7,0,93,2
105,1000,30.000000,10000.000000,1,0,-2126317417,1456,7,1456,7,0,93,2
105,1000,30.000000,10000.000000,1,0,-2126317411,1456,7,1456,7,0,93,2
105,1000,30.000000,10000.000000,1,0,-2126317405,1456,7,1456,7,0,93,2
105,1000,30.000000,10000.000000,1,0,-2126317398,1457,7,1457,7,0,93,2
105,1000,30.000000,10000.000000,1,0,-2126317392,1457,8,1457,8,0,93,2
105,1000,30.000000,10000.000000,1,0,-2126317385,1458,9,1458,9,0,93,2
105,1000,30.000000,10000.000000,1,0,-2126317378,1458,10,1458,10,0,93,2
105,1000,30.000000,10000.000000,1,0,-2126317371,1458,11,1458,11,0,93,2
105,1000,30.000000,10000.000000,1,0,-2126317364,1458,12,1458,12,0,93,2
105,1000,30.000000,10000.000000,1,0,-2126317357,1456,13,1456,13,0,93,2
105,1000,30.000000,10000.000000,1,0,-2126317350,1455,14,1455,14,0,93,2
105,1000,30.000000,10000.000000,1,0,-2126317344,1455,15,1455,15,0,93,2
105,1000,30.000000,10000.000000,1,0,-2126317337,1455,16,1455,16,0,93,2
105,1000,30.000000,10000.000000,1,0,-2126317329,1455,17,1455,17,0,93,2
105,1000,30.000000,10000.000000,1,0,-2126317322,1455,18,1455,18,0,93,2
105,1000,30.000000,10000.000000,1,0,-2126317304,1455,19,1455,19,0,93,2
