105,1000,30.000000,0.000000,1,2,-2126950697,467,10,467,10,1,21,2
105,1000,30.000000,0.000000,1,2,-2126950695,467,10,467,10,1,21,2
105,1000,30.000000,0.000000,1,2,-2126950689,467,10,467,10,1,21,2
105,1000,30.000000,0.000000,1,2,-2126950682,467,10,467,10,1,21,2
105,1000,30.000000,0.000000,1,2,-2126950676,467,10,467,10,1,21,2
105,1000,30.000000,0.000000,1,2,-2126950668,467,10,467,10,1,21,2
105,1000,30.000000,0.000000,1,2,-2126950661,467,10,467,10,1,21,2
105,1000,30.000000,0.000000,1,2,-2126950654,467,10,467,10,1,21,2
105,1000,30.000000,0.000000,1,2,-2126950648,467,10,467,10,1,21,2
105,1000,30.000000,0.000000,1,2,-2126950641,468,10,468,10,1,21,2
105,1000,30.000000,0.000000,1,2,-2126950634,471,11,471,11,1,21,2
105,1000,30.000000,0.000000,1,2,-2126950627,477,12,477,12,1,21,2
105,1000,30.000000,0.000000,1,2,-2126950620,485,14,485,14,1,21,2
105,1000,30.000000,0.000000,1,2,-2126950613,498,16,498,16,1,21,2
105,1000,30.000000,0.000000,1,2,-2126950607,520,20,520,20,1,21,2
105,1000,30.000000,0.000000,1,2,-2126950598,550,26,550,26,1,21,2
105,1000,30.000000,0.000000,1,2,-2126950591,589,33,589,33,1,21,2
105,1000,30.000000,0.000000,1,2,-2126950585,622,40,622,40,1,21,2
105,1000,30.000000,0.000000,1,2,-2126950577,663,46,663,46,1,21,2
105,1000,30.000000,0.000000,1,2,-2126950571,715,52,715,52,1,21,2
105,1000,30.000000,0.000000,1,2,-2126950564,778,59,778,59,1,21,2
105,1000,30.000000,0.000000,1,2,-2126950558,837,64,837,64,1,21,2
105,1000,30.000000,0.000000,1,2,-2126950551,901,68,901,68,1,21,2
105,1000,30.000000,0.000000,1,2,-2126950543,945,70,945,70,1,21,2
105,1000,30.000000,0.000000,1,2,-2126950536,1013,71,1013,71,1,21,2
105,1000,30.000000,0.000000,1,2,-2126950530,1077,71,1077,71,1,21,2
105,1000,30.000000,0.000000,1,2,-2126950523,1133,71,1133,71,1,21,2
105,1000,30.000000,0.000000,1,2,-2126950516,1185,68,1185,68,1,21,2
105,1000,30.000000,0.000000,1,2,-2126950509,1237,63,1237,63,1,21,2
105,1000,30.000000,0.000000,1,2,-2126950502,1279,58,1279,58,1,21,2
105,1000,30.000000,0.000000,1,2,-2126950495,1315,51,1315,51,1,21,2
105,1000,30.000000,0.000000,1,2,-2126950480,1351,43,1351,43,1,21,2
105,1000,30.000000,0.000000,1,2,-2126950471,1393,32,1393,32,1,21,2
105,1000,30.000000,0.000000,1,2,-2126950462,1407,26,1407,26,1,21,2
105,1000,30.000000,0.000000,1,2,-2126950456,1416,21,1416,21,1,21,2
105,1000,30.000000,0.000000,1,2,-2126950449,1420,19,1420,19,1,21,2
105,1000,30.000000,0.000000,1,2,-2126950443,1422,18,1422,18,1,21,2
105,1000,30.000000,0.000000,1,2,-2126950437,1424,17,1424,17,1,21,2
105,1000,30.000000,0.000000,1,2,-2126950432,1425,17,1425,17,1,21,2
105,1000,30.000000,0.000000,1,2,-2126950425,1426,16,1426,16,1,21,2
105,1000,30.000000,0.000000,1,2,-2126950419,1426,15,1426,15,1,21,2
105,1000,30.000000,0.000000,1,2,-2126950411,1426,15,1426,15,1,21,2
105,1000,30.000000,0.000000,1,2,-2126950404,1426,15,1426,15,1,21,2
105,1000,30.000000,0.000000,1,2,-2126950397,1426,15,1426,15,1,21,2
105,1000,30.000000,0.000000,1,2,-2126950391,1426,14,1426,14,1,21,2
105,1000,30.000000,0.000000,1,2,-2126950384,1426,14,1426,14,1,21,2
105,1000,30.000000,0.000000,1,2,-2126950377,1427,14,1427,14,1,21,2
105,1000,30.000000,0.000000,1,2,-2126950371,1428,14,1428,14,1,21,2
105,1000,30.000000,0.000000,1,2,-2126950363,1429,14,1429,14,1,21,2
105,1000,30.000000,0.000000,1,2,-2126950356,1431,13,1431,13,1,21,2
105,1000,30.000000,0.000000,1,2,-2126950349,1434,12,1434,12,1,21,2
105,1000,30.000000,0.000000,1,2,-2126950342,1437,11,1437,11,1,21,2
105,1000,30.000000,0.000000,1,2,-2126950335,1440,10,1440,10,1,21,2
105,1000,30.000000,0.000000,1,2,-2126950328,1444,9,1444,9,1,21,2
105,1000,30.000000,0.000000,1,2,-2126950321,1450,9,1450,9,1,21,2
105,1000,30.000000,0.000000,1,2,-2126950314,1455,7,1455,7,1,21,2
105,1000,30.000000,0.000000,1,2,-2126950307,1464,6,1464,6,1,21,2
105,1000,30.000000,0.000000,1,2,-2126950300,1469,6,1469,6,1,21,2
105,1000,30.000000,0.000000,1,2,-2126950294,1471,6,1471,6,1,21,2
105,1000,30.000000,0.000000,1,2,-2126950287,1472,6,1472,6,1,21,2
105,1000,30.000000,0.000000,1,2,-2126950279,1473,6,1473,6,1,21,2
105,1000,30.000000,0.000000,1,2,-2126950273,1473,6,1473,6,1,21,2
105,1000,30.000000,0.000000,1,2,-2126950265,1471,6,1471,6,1,21,2
105,1000,30.000000,0.000000,1,2,-2126950257,1468,7,1468,7,1,21,2
105,1000,30.000000,0.000000,1,2,-2126950251,1466,8,1466,8,1,21,2
105,1000,30.000000,0.000000,1,2,-2126950245,1465,8,1465,8,1,21,2
105,1000,30.000000,0.000000,1,2,-2126950238,1463,8,1463,8,1,21,2
105,1000,30.000000,0.000000,1,2,-2126950231,1462,8,1462,8,1,21,2
105,1000,30.000000,0.000000,1,2,-2126950224,1461,8,1461,8,1,21,2
105,1000,30.000000,0.000000,1,2,-2126950217,1461,8,1461,8,1,21,2
105,1000,30.000000,0.000000,1,2,-2126950211,1461,8,1461,8,1,21,2
105,1000,30.000000,0.000000,1,2,-2126950204,1461,8,1461,8,1,21,2
105,1000,30.000000,0.000000,1,2,-2126950197,1461,8,1461,8,1,21,2
105,1000,30.000000,0.000000,1,2,-2126950190,1461,8,1461,8,1,21,2
105,1000,30.000000,0.000000,1,2,-2126950183,1461,8,1461,8,1,21,2
105,1000,30.000000,0.000000,1,2,-2126950175,1461,8,1461,8,1,21,2
105,1000,30.000000,0.000000,1,2,-2126950169,1461,8,1461,8,1,21,2
105,1000,30.000000,0.000000,1,2,-2126950161,1461,8,1461,8,1,21,2
105,1000,30.000000,0.000000,1,2,-2126950154,1461,8,1461,8,1,21,2
105,1000,30.000000,0.000000,1,2,-2126950148,1460,8,1460,8,1,21,2
105,1000,30.000000,0.000000,1,2,-2126950140,1459,8,1459,8,1,21,2
105,1000,30.000000,0.000000,1,2,-2126950133,1457,9,1457,9,1,21,2
105,1000,30.000000,0.000000,1,2,-2126950127,1455,10,1455,10,1,21,2
105,1000,30.000000,0.000000,1,2,-2126950120,1455,10,1455,10,1,21,2
105,1000,30.000000,0.000000,1,2,-2126950102,1455,10,1455,10,0,21,2
