105,1000,30.000000,60.000000,0,3,-2126498839,458,2,458,2,0,72,3
105,1000,30.000000,60.000000,0,3,-2126498837,458,2,458,2,0,72,3
105,1000,30.000000,60.000000,0,3,-2126498830,458,2,458,2,0,72,3
105,1000,30.000000,60.000000,0,3,-2126498824,458,2,458,2,0,72,3
105,1000,30.000000,60.000000,0,3,-2126498817,458,2,458,2,0,72,3
105,1000,30.000000,60.000000,0,3,-2126498811,458,2,458,2,0,72,3
105,1000,30.000000,60.000000,0,3,-2126498804,458,2,458,2,0,72,3
105,1000,30.000000,60.000000,0,3,-2126498798,458,2,458,2,0,72,3
105,1000,30.000000,60.000000,0,3,-2126498791,458,2,458,2,0,72,3
105,1000,30.000000,60.000000,0,3,-2126498783,458,2,458,2,0,72,3
105,1000,30.000000,60.000000,0,3,-2126498777,460,2,460,2,0,72,3
105,1000,30.000000,60.000000,0,3,-2126498770,464,2,464,2,0,72,3
105,1000,30.000000,60.000000,0,3,-2126498762,474,0,474,0,0,72,3
105,1000,30.000000,60.000000,0,3,-2126498755,488,0,488,-1,0,72,3
105,1000,30.000000,60.000000,0,3,-2126498748,509,0,509,-3,0,72,3
105,1000,30.000000,60.000000,0,3,-2126498741,553,0,553,-5,0,72,3
105,1000,30.000000,60.000000,0,3,-2126498735,611,0,611,-7,0,72,3
105,1000,30.000000,60.000000,0,3,-2126498727,666,0,666,-8,0,72,3
105,1000,30.000000,60.000000,0,3,-2126498721,725,0,725,-9,0,72,3
105,1000,30.000000,60.000000,0,3,-2126498714,811,0,811,-12,0,72,3
105,1000,30.000000,60.000000,0,3,-2126498707,887,0,887,-14,0,72,3
105,1000,30.000000,60.000000,0,3,-2126498701,981,0,981,-17,0,72,3
105,1000,30.000000,60.000000,0,3,-2126498694,1075,0,1075,-19,0,72,3
105,1000,30.000000,60.000000,0,3,-2126498687,1153,0,1153,-21,0,72,3
105,1000,30.000000,60.000000,0,3,-2126498680,1239,0,1239,-25,0,72,3
105,1000,30.000000,60.000000,0,3,-2126498672,1298,0,1298,-28,0,72,3
105,1000,30.000000,60.000000,0,3,-2126498665,1362,0,1362,-33,0,72,3
105,1000,30.000000,60.000000,0,3,-2126498658,1410,0,1410,-36,0,72,3
105,1000,30.000000,60.000000,0,3,-2126498651,1447,0,1447,-38,0,72,3
105,1000,30.000000,60.000000,0,3,-2126498644,1472,0,1472,-42,0,72,3
105,1000,30.000000,60.000000,0,3,-2126498638,1488,0,1488,-44,0,72,3
105,1000,30.000000,60.000000,0,3,-2126498631,1498,0,1498,-45,0,72,3
105,1000,30.000000,60.000000,0,3,-2126498624,1504,0,1504,-47,0,72,3
105,1000,30.000000,60.000000,0,3,-2126498616,1507,0,1507,-48,0,72,3
105,1000,30.000000,60.000000,0,3,-2126498610,1508,0,1508,-49,0,72,3
105,1000,30.000000,60.000000,0,3,-2126498603,1508,0,1508,-50,0,72,3
105,1000,30.000000,60.000000,0,3,-2126498595,1508,0,1508,-52,0,72,3
105,1000,30.000000,60.000000,0,3,-2126498589,1508,0,1508,-53,0,72,3
105,1000,30.000000,60.000000,0,3,-2126498573,1508,0,1508,-54,0,72,3
105,1000,30.000000,60.000000,0,3,-2126498564,1507,0,1507,-56,0,72,3
105,1000,30.000000,60.000000,0,3,-2126498556,1506,0,1506,-57,0,72,3
105,1000,30.000000,60.000000,0,3,-2126498550,1506,0,1506,-57,0,72,3
105,1000,30.000000,60.000000,0,3,-2126498545,1506,0,1506,-57,0,72,3
105,1000,30.000000,60.000000,0,3,-2126498539,1506,0,1506,-57,0,72,3
105,1000,30.000000,60.000000,0,3,-2126498532,1506,0,1506,-57,0,72,3
105,1000,30.000000,60.000000,0,3,-2126498526,1507,0,1507,-58,0,72,3
105,1000,30.000000,60.000000,0,3,-2126498520,1508,0,1508,-59,0,72,3
105,1000,30.000000,60.000000,0,3,-2126498513,1508,0,1508,-59,0,72,3
105,1000,30.000000,60.000000,0,3,-2126498505,1508,0,1508,-59,0,72,3
105,1000,30.000000,60.000000,0,3,-2126498499,1508,0,1508,-59,0,72,3
105,1000,30.000000,60.000000,0,3,-2126498492,1508,0,1508,-59,0,72,3
105,1000,30.000000,60.000000,0,3,-2126498485,1506,0,1506,-59,0,72,3
105,1000,30.000000,60.000000,0,3,-2126498478,1504,0,1504,-59,0,72,3
105,1000,30.000000,60.000000,0,3,-2126498471,1501,0,1501,-59,0,72,3
105,1000,30.000000,60.000000,0,3,-2126498464,1496,0,1496,-59,0,72,3
105,1000,30.000000,60.000000,0,3,-2126498457,1491,0,1491,-59,0,72,3
105,1000,30.000000,60.000000,0,3,-2126498450,1485,0,1485,-59,0,72,3
105,1000,30.000000,60.000000,0,3,-2126498443,1477,1,1477,-58,0,72,3
105,1000,30.000000,60.000000,0,3,-2126498436,1472,2,1472,-57,0,72,3
105,1000,30.000000,60.000000,0,3,-2126498429,1468,2,1468,-57,0,72,3
105,1000,30.000000,60.000000,0,3,-2126498422,1465,2,1465,-57,0,72,3
105,1000,30.000000,60.000000,0,3,-2126498415,1464,2,1464,-57,0,72,3
105,1000,30.000000,60.000000,0,3,-2126498408,1462,2,1462,-57,0,72,3
105,1000,30.000000,60.000000,0,3,-2126498401,1461,2,1461,-57,0,72,3
105,1000,30.000000,60.000000,0,3,-2126498395,1460,2,1460,-57,0,72,3
105,1000,30.000000,60.000000,0,3,-2126498379,1459,2,1459,-57,0,72,3
105,1000,30.000000,60.000000,0,3,-2126498369,1459,2,1459,-57,0,72,3
105,1000,30.000000,60.000000,0,3,-2126498362,1459,2,1459,-57,0,72,3
105,1000,30.000000,60.000000,0,3,-2126498355,1459,2,1459,-57,0,72,3
105,1000,30.000000,60.000000,0,3,-2126498349,1459,2,1459,-57,0,72,3
105,1000,30.000000,60.000000,0,3,-2126498343,1459,2,1459,-57,0,72,3
105,1000,30.000000,60.000000,0,3,-2126498337,1459,2,1459,-57,0,72,3
105,1000,30.000000,60.000000,0,3,-2126498331,1459,2,1459,-57,0,72,3
105,1000,30.000000,60.000000,0,3,-2126498325,1459,2,1459,-57,0,72,3
105,1000,30.000000,60.000000,0,3,-2126498319,1459,2,1459,-57,0,72,3
105,1000,30.000000,60.000000,0,3,-2126498311,1458,2,1458,-57,0,72,3
105,1000,30.000000,60.000000,0,3,-2126498305,1457,2,1457,-57,0,72,3
105,1000,30.000000,60.000000,0,3,-2126498289,1457,2,1457,-57,0,72,3
105,1000,30.000000,60.000000,0,3,-2126498280,1457,2,1457,-57,0,72,3
105,1000,30.000000,60.000000,0,3,-2126498261,1457,2,1457,-57,0,72,3
