105,1000,30.000000,0.000000,1,0,-2126275207,473,10,473,10,0,98,4
105,1000,30.000000,0.000000,1,0,-2126275205,473,10,473,10,0,98,4
105,1000,30.000000,0.000000,1,0,-2126275199,473,10,473,10,0,98,4
105,1000,30.000000,0.000000,1,0,-2126275192,473,10,473,10,0,98,4
105,1000,30.000000,0.000000,1,0,-2126275184,473,10,473,10,0,98,4
105,1000,30.000000,0.000000,1,0,-2126275177,473,10,473,10,0,98,4
105,1000,30.000000,0.000000,1,0,-2126275168,472,10,472,10,0,98,4
105,1000,30.000000,0.000000,1,0,-2126275161,472,11,472,11,0,98,4
105,1000,30.000000,0.000000,1,0,-2126275155,472,12,472,12,0,98,4
105,1000,30.000000,0.000000,1,0,-2126275148,472,12,472,12,0,98,4
105,1000,30.000000,0.000000,1,0,-2126275142,471,13,471,13,0,98,4
105,1000,30.000000,0.000000,1,0,-2126275135,470,13,470,13,0,98,4
105,1000,30.000000,0.000000,1,0,-2126275128,470,14,470,14,0,98,4
105,1000,30.000000,0.000000,1,0,-2126275122,470,15,470,15,0,98,4
105,1000,30.000000,0.000000,1,0,-2126275115,470,17,470,17,0,98,4
105,1000,30.000000,0.000000,1,0,-2126275107,470,19,470,19,0,98,4
105,1000,30.000000,0.000000,1,0,-2126275100,473,21,473,21,0,98,4
105,1000,30.000000,0.000000,1,0,-2126275093,478,25,478,25,0,98,4
105,1000,30.000000,0.000000,1,0,-2126275087,488,29,488,29,0,98,4
105,1000,30.000000,0.000000,1,0,-2126275080,504,34,504,34,0,98,4
105,1000,30.000000,0.000000,1,0,-2126275073,531,39,531,39,0,98,4
105,1000,30.000000,0.000000,1,0,-2126275066,560,44,560,44,0,98,4
105,1000,30.000000,0.000000,1,0,-2126275059,614,51,614,51,0,98,4
105,1000,30.000000,0.000000,1,0,-2126275052,674,56,674,56,0,98,4
105,1000,30.000000,0.000000,1,0,-2126275045,733,62,733,62,0,98,4
105,1000,30.000000,0.000000,1,0,-2126275039,804,68,804,68,0,98,4
105,1000,30.000000,0.000000,1,0,-2126275031,866,70,866,70,0,98,4
105,1000,30.000000,0.000000,1,0,-2126275021,963,76,963,76,0,98,4
105,1000,30.000000,0.000000,1,0,-2126275014,1099,81,1099,81,0,98,4
105,1000,30.000000,0.000000,1,0,-2126275006,1169,82,1169,82,0,98,4
105,1000,30.000000,0.000000,1,0,-2126274999,1225,82,1225,82,0,98,4
105,1000,30.000000,0.000000,1,0,-2126274993,1303,82,1303,82,0,98,4
105,1000,30.000000,0.000000,1,0,-2126274985,1352,81,1352,81,0,98,4
105,1000,30.000000,0.000000,1,0,-2126274980,1404,77,1404,77,0,98,4
105,1000,30.000000,0.000000,1,0,-2126274973,1440,73,1440,73,0,98,4
105,1000,30.000000,0.000000,1,0,-2126274967,1469,68,1469,68,0,98,4
105,1000,30.000000,0.000000,1,0,-2126274960,1491,64,1491,64,0,98,4
105,1000,30.000000,0.000000,1,0,-2126274953,1509,58,1509,58,0,98,4
105,1000,30.000000,0.000000,1,0,-2126274946,1515,54,1515,54,0,98,4
105,1000,30.000000,0.000000,1,0,-2126274940,1516,52,1516,52,0,98,4
105,1000,30.000000,0.000000,1,0,-2126274933,1517,50,1517,50,0,98,4
105,1000,30.000000,0.000000,1,0,-2126274927,1516,47,1516,47,0,98,4
105,1000,30.000000,0.000000,1,0,-2126274921,1514,45,1514,45,0,98,4
105,1000,30.000000,0.000000,1,0,-2126274914,1511,43,1511,43,0,98,4
105,1000,30.000000,0.000000,1,0,-2126274907,1508,41,1508,41,0,98,4
105,1000,30.000000,0.000000,1,0,-2126274900,1506,38,1506,38,0,98,4
105,1000,30.000000,0.000000,1,0,-2126274892,1505,36,1505,36,0,98,4
105,1000,30.000000,0.000000,1,0,-2126274886,1504,35,1504,35,0,98,4
105,1000,30.000000,0.000000,1,0,-2126274878,1503,34,1503,34,0,98,4
105,1000,30.000000,0.000000,1,0,-2126274872,1502,32,1502,32,0,98,4
105,1000,30.000000,0.000000,1,0,-2126274865,1502,31,1502,31,0,98,4
105,1000,30.000000,0.000000,1,0,-2126274858,1502,30,1502,30,0,98,4
105,1000,30.000000,0.000000,1,0,-2126274852,1502,30,1502,30,0,98,4
105,1000,30.000000,0.000000,1,0,-2126274844,1502,30,1502,30,0,98,4
105,1000,30.000000,0.000000,1,0,-2126274838,1502,30,1502,30,0,98,4
105,1000,30.000000,0.000000,1,0,-2126274830,1502,29,1502,29,0,98,4
105,1000,30.000000,0.000000,1,0,-2126274824,1502,28,1502,28,0,98,4
105,1000,30.000000,0.000000,1,0,-2126274808,1502,28,1502,28,0,98,4
105,1000,30.000000,0.000000,1,0,-2126274798,1499,27,1499,27,0,98,4
105,1000,30.000000,0.000000,1,0,-2126274791,1494,27,1494,27,0,98,4
105,1000,30.000000,0.000000,1,0,-2126274784,1489,26,1489,26,0,98,4
105,1000,30.000000,0.000000,1,0,-2126274778,1487,26,1487,26,0,98,4
105,1000,30.000000,0.000000,1,0,-2126274772,1486,25,1486,25,0,98,4
105,1000,30.000000,0.000000,1,0,-2126274766,1485,25,1485,25,0,98,4
105,1000,30.000000,0.000000,1,0,-2126274759,1485,25,1485,25,0,98,4
105,1000,30.000000,0.000000,1,0,-2126274753,1484,25,1484,25,0,98,4
105,1000,30.000000,0.000000,1,0,-2126274746,1483,25,1483,25,0,98,4
105,1000,30.000000,0.000000,1,0,-2126274740,1482,25,1482,25,0,98,4
105,1000,30.000000,0.000000,1,0,-2126274733,1481,24,1481,24,0,98,4
105,1000,30.000000,0.000000,1,0,-2126274726,1479,24,1479,24,0,98,4
105,1000,30.000000,0.000000,1,0,-2126274719,1477,24,1477,24,0,98,4
105,1000,30.000000,0.000000,1,0,-2126274712,1475,24,1475,24,0,98,4
105,1000,30.000000,0.000000,1,0,-2126274705,1471,26,1471,26,0,98,4
105,1000,30.000000,0.000000,1,0,-2126274697,1465,27,1465,27,0,98,4
105,1000,30.000000,0.000000,1,0,-2126274691,1458,28,1458,28,0,98,4
105,1000,30.000000,0.000000,1,0,-2126274684,1451,29,1451,29,0,98,4
105,1000,30.000000,0.000000,1,0,-2126274677,1446,29,1446,29,0,98,4
105,1000,30.000000,0.000000,1,0,-2126274671,1441,29,1441,29,0,98,4
105,1000,30.000000,0.000000,1,0,-2126274664,1439,30,1439,30,0,98,4
105,1000,30.000000,0.000000,1,0,-2126274656,1437,31,1437,31,0,98,4
105,1000,30.000000,0.000000,1,0,-2126274650,1437,31,1437,31,0,98,4
105,1000,30.000000,0.000000,1,0,-2126274643,1437,31,1437,31,0,98,4
105,1000,30.000000,0.000000,1,0,-2126274622,1439,31,1439,31,1,98,4
