105,1000,30.000000,10000.000000,0,2,-2126785993,455,0,455,0,1,39,2
105,1000,30.000000,10000.000000,0,2,-2126785991,455,0,455,0,1,39,2
105,1000,30.000000,10000.000000,0,2,-2126785985,455,0,455,0,1,39,2
105,1000,30.000000,10000.000000,0,2,-2126785977,455,0,455,0,1,39,2
105,1000,30.000000,10000.000000,0,2,-2126785971,455,0,455,0,1,39,2
105,1000,30.000000,10000.000000,0,2,-2126785965,455,0,455,0,1,39,2
105,1000,30.000000,10000.000000,0,2,-2126785957,455,0,455,0,1,39,2
105,1000,30.000000,10000.000000,0,2,-2126785950,455,0,455,0,1,39,2
105,1000,30.000000,10000.000000,0,2,-2126785943,455,0,455,0,1,39,2
105,1000,30.000000,10000.000000,0,2,-2126785937,457,0,457,-1,1,39,2
105,1000,30.000000,10000.000000,0,2,-2126785929,461,0,461,-2,1,39,2
105,1000,30.000000,10000.000000,0,2,-2126785922,473,0,473,-4,1,39,2
105,1000,30.000000,10000.000000,0,2,-2126785916,489,0,489,-6,1,39,2
105,1000,30.000000,10000.000000,0,2,-2126785909,504,0,504,-7,1,39,2
105,1000,30.000000,10000.000000,0,2,-2126785901,533,0,533,-8,1,39,2
105,1000,30.000000,10000.000000,0,2,-2126785895,585,0,585,-8,1,39,2
105,1000,30.000000,10000.000000,0,2,-2126785888,619,0,619,-9,1,39,2
105,1000,30.000000,10000.000000,0,2,-2126785881,671,0,671,-9,1,39,2
105,1000,30.000000,10000.000000,0,2,-2126785874,725,0,725,-9,1,39,2
105,1000,30.000000,10000.000000,0,2,-2126785867,790,0,790,-10,1,39,2
105,1000,30.000000,10000.000000,0,2,-2126785860,858,0,858,-11,1,39,2
105,1000,30.000000,10000.000000,0,2,-2126785853,932,0,932,-13,1,39,2
105,1000,30.000000,10000.000000,0,2,-2126785846,1001,0,1001,-17,1,39,2
105,1000,30.000000,10000.000000,0,2,-2126785839,1070,0,1070,-21,1,39,2
105,1000,30.000000,10000.000000,0,2,-2126785832,1129,0,1129,-27,1,39,2
105,1000,30.000000,10000.000000,0,2,-2126785825,1181,0,1181,-31,1,39,2
105,1000,30.000000,10000.000000,0,2,-2126785818,1221,0,1221,-34,1,39,2
105,1000,30.000000,10000.000000,0,2,-2126785811,1247,0,1247,-37,1,39,2
105,1000,30.000000,10000.000000,0,2,-2126785804,1268,0,1268,-41,1,39,2
105,1000,30.000000,10000.000000,0,2,-2126785798,1277,0,1277,-43,1,39,2
105,1000,30.000000,10000.000000,0,2,-2126785791,1279,0,1279,-44,1,39,2
105,1000,30.000000,10000.000000,0,2,-2126785783,1279,0,1279,-45,1,39,2
105,1000,30.000000,10000.000000,0,2,-2126785776,1279,0,1279,-46,1,39,2
105,1000,30.000000,10000.000000,0,2,-2126785769,1278,0,1278,-46,1,39,2
105,1000,30.000000,10000.000000,0,2,-2126785763,1276,0,1276,-47,1,39,2
105,1000,30.000000,10000.000000,0,2,-2126785756,1274,0,1274,-48,1,39,2
105,1000,30.000000,10000.000000,0,2,-2126785749,1274,0,1274,-48,1,39,2
105,1000,30.000000,10000.000000,0,2,-2126785742,1274,0,1274,-48,1,39,2
105,1000,30.000000,10000.000000,0,2,-2126785735,1274,0,1274,-48,1,39,2
105,1000,30.000000,10000.000000,0,2,-2126785729,1274,0,1274,-48,1,39,2
105,1000,30.000000,10000.000000,0,2,-2126785721,1274,0,1274,-48,1,39,2
105,1000,30.000000,10000.000000,0,2,-2126785715,1274,0,1274,-48,1,39,2
105,1000,30.000000,10000.000000,0,2,-2126785708,1274,0,1274,-48,1,39,2
105,1000,30.000000,10000.000000,0,2,-2126785701,1274,0,1274,-48,1,39,2
105,1000,30.000000,10000.000000,0,2,-2126785694,1274,0,1274,-48,1,39,2
105,1000,30.000000,10000.000000,0,2,-2126785686,1274,0,1274,-48,1,39,2
105,1000,30.000000,10000.000000,0,2,-2126785680,1274,0,1274,-48,1,39,2
105,1000,30.000000,10000.000000,0,2,-2126785673,1275,0,1275,-49,1,39,2
105,1000,30.000000,10000.000000,0,2,-2126785666,1278,0,1278,-50,1,39,2
105,1000,30.000000,10000.000000,0,2,-2126785659,1282,0,1282,-51,1,39,2
105,1000,30.000000,10000.000000,0,2,-2126785652,1286,0,1286,-52,1,39,2
105,1000,30.000000,10000.000000,0,2,-2126785644,1291,0,1291,-54,1,39,2
105,1000,30.000000,10000.000000,0,2,-2126785637,1298,0,1298,-55,1,39,2
105,1000,30.000000,10000.000000,0,2,-2126785630,1307,0,1307,-56,1,39,2
105,1000,30.000000,10000.000000,0,2,-2126785623,1320,0,1320,-58,1,39,2
105,1000,30.000000,10000.000000,0,2,-2126785617,1337,0,1337,-61,1,39,2
105,1000,30.000000,10000.000000,0,2,-2126785610,1351,0,1351,-63,1,39,2
105,1000,30.000000,10000.000000,0,2,-2126785603,1368,0,1368,-66,1,39,2
105,1000,30.000000,10000.000000,0,2,-2126785597,1380,0,1380,-69,1,39,2
105,1000,30.000000,10000.000000,0,2,-2126785589,1388,0,1388,-70,1,39,2
105,1000,30.000000,10000.000000,0,2,-2126785583,1393,0,1393,-70,1,39,2
105,1000,30.000000,10000.000000,0,2,-2126785575,1396,0,1396,-70,1,39,2
105,1000,30.000000,10000.000000,0,2,-2126785568,1396,0,1396,-71,1,39,2
105,1000,30.000000,10000.000000,0,2,-2126785562,1397,0,1397,-72,1,39,2
105,1000,30.000000,10000.000000,0,2,-2126785555,1397,0,1397,-72,1,39,2
105,1000,30.000000,10000.000000,0,2,-2126785548,1397,0,1397,-72,1,39,2
105,1000,30.000000,10000.000000,0,2,-2126785541,1397,0,1397,-72,1,39,2
105,1000,30.000000,10000.000000,0,2,-2126785533,1397,0,1397,-72,1,39,2
105,1000,30.000000,10000.000000,0,2,-2126785527,1397,0,1397,-72,1,39,2
105,1000,30.000000,10000.000000,0,2,-2126785519,1397,0,1397,-72,1,39,2
105,1000,30.000000,10000.000000,0,2,-2126785513,1397,0,1397,-72,1,39,2
105,1000,30.000000,10000.000000,0,2,-2126785506,1397,0,1397,-72,1,39,2
105,1000,30.000000,10000.000000,0,2,-2126785498,1397,0,1397,-72,1,39,2
105,1000,30.000000,10000.000000,0,2,-2126785492,1397,0,1397,-72,1,39,2
105,1000,30.000000,10000.000000,0,2,-2126785485,1398,0,1398,-73,1,39,2
105,1000,30.000000,10000.000000,0,2,-2126785478,1399,0,1399,-73,1,39,2
105,1000,30.000000,10000.000000,0,2,-2126785471,1401,0,1401,-73,1,39,2
105,1000,30.000000,10000.000000,0,2,-2126785464,1404,0,1404,-74,1,39,2
105,1000,30.000000,10000.000000,0,2,-2126785457,1409,0,1409,-75,1,39,2
105,1000,30.000000,10000.000000,0,2,-2126785450,1415,0,1415,-77,1,39,2
105,1000,30.000000,10000.000000,0,2,-2126785443,1425,0,1425,-79,1,39,2
105,1000,30.000000,10000.000000,0,2,-2126785435,1434,0,1434,-80,1,39,2
105,1000,30.000000,10000.000000,0,2,-2126785429,1445,0,1445,-82,1,39,2
105,1000,30.000000,10000.000000,0,2,-2126785423,1452,0,1452,-83,1,39,2
105,1000,30.000000,10000.000000,0,2,-2126785415,1456,0,1456,-84,1,39,2
105,1000,30.000000,10000.000000,0,2,-2126785409,1459,0,1459,-85,1,39,2
105,1000,30.000000,10000.000000,0,2,-2126785402,1461,0,1461,-86,1,39,2
105,1000,30.000000,10000.000000,0,2,-2126785395,1463,0,1463,-87,1,39,2
105,1000,30.000000,10000.000000,0,2,-2126785388,1465,0,1465,-87,1,39,2
105,1000,30.000000,10000.000000,0,2,-2126785380,1467,0,1467,-87,1,39,2
105,1000,30.000000,10000.000000,0,2,-2126785374,1467,0,1467,-88,1,39,2
105,1000,30.000000,10000.000000,0,2,-2126785366,1467,0,1467,-88,1,39,2
105,1000,30.000000,10000.000000,0,2,-2126785360,1467,0,1467,-88,1,39,2
105,1000,30.000000,10000.000000,0,2,-2126785353,1467,0,1467,-88,1,39,2
105,1000,30.000000,10000.000000,0,2,-2126785346,1467,0,1467,-88,1,39,2
105,1000,30.000000,10000.000000,0,2,-2126785340,1467,0,1467,-88,1,39,2
105,1000,30.000000,10000.000000,0,2,-2126785332,1467,0,1467,-88,1,39,2
105,1000,30.000000,10000.000000,0,2,-2126785326,1467,0,1467,-88,1,39,2
105,1000,30.000000,10000.000000,0,2,-2126785319,1467,0,1467,-88,1,39,2
105,1000,30.000000,10000.000000,0,2,-2126785312,1467,0,1467,-88,1,39,2
105,1000,30.000000,10000.000000,0,2,-2126785305,1467,0,1467,-88,1,39,2
105,1000,30.000000,10000.000000,0,2,-2126785286,1467,0,1467,-88,0,39,2
