105,1000,30.000000,0.000000,1,3,-2126630454,460,16,460,16,0,58,0
105,1000,30.000000,0.000000,1,3,-2126630452,460,16,460,16,0,58,0
105,1000,30.000000,0.000000,1,3,-2126630446,464,16,464,16,0,58,0
105,1000,30.000000,0.000000,1,3,-2126630439,466,16,466,16,0,58,0
105,1000,30.000000,0.000000,1,3,-2126630432,468,16,468,16,0,58,0
105,1000,30.000000,0.000000,1,3,-2126630425,470,16,470,16,0,58,0
105,1000,30.000000,0.000000,1,3,-2126630417,471,16,471,16,0,58,0
105,1000,30.000000,0.000000,1,3,-2126630411,472,16,472,16,0,58,0
105,1000,30.000000,0.000000,1,3,-2126630405,473,16,473,16,0,58,0
105,1000,30.000000,0.000000,1,3,-2126630398,474,16,474,16,0,58,0
105,1000,30.000000,0.000000,1,3,-2126630390,475,17,475,17,0,58,0
105,1000,30.000000,0.000000,1,3,-2126630383,477,18,477,18,0,58,0
105,1000,30.000000,0.000000,1,3,-2126630376,481,21,481,21,0,58,0
105,1000,30.000000,0.000000,1,3,-2126630369,484,23,484,23,0,58,0
105,1000,30.000000,0.000000,1,3,-2126630362,493,28,493,28,0,58,0
105,1000,30.000000,0.000000,1,3,-2126630355,501,32,501,32,0,58,0
105,1000,30.000000,0.000000,1,3,-2126630350,513,37,513,37,0,58,0
105,1000,30.000000,0.000000,1,3,-2126630343,535,44,535,44,0,58,0
105,1000,30.000000,0.000000,1,3,-2126630336,558,49,558,49,0,58,0
105,1000,30.000000,0.000000,1,3,-2126630329,593,56,593,56,0,58,0
105,1000,30.000000,0.000000,1,3,-2126630322,633,63,633,63,0,58,0
105,1000,30.000000,0.000000,1,3,-2126630315,683,71,683,71,0,58,0
105,1000,30.000000,0.000000,1,3,-2126630308,736,76,736,76,0,58,0
105,1000,30.000000,0.000000,1,3,-2126630301,801,82,801,82,0,58,0
105,1000,30.000000,0.000000,1,3,-2126630294,871,86,871,86,0,58,0
105,1000,30.000000,0.000000,1,3,-2126630287,937,89,937,89,0,58,0
105,1000,30.000000,0.000000,1,3,-2126630280,1002,90,1002,90,0,58,0
105,1000,30.000000,0.000000,1,3,-2126630273,1070,90,1070,90,0,58,0
105,1000,30.000000,0.000000,1,3,-2126630267,1134,90,1134,90,0,58,0
105,1000,30.000000,0.000000,1,3,-2126630260,1182,86,1182,86,0,58,0
105,1000,30.000000,0.000000,1,3,-2126630252,1236,80,1236,80,0,58,0
105,1000,30.000000,0.000000,1,3,-2126630246,1287,72,1287,72,0,58,0
105,1000,30.000000,0.000000,1,3,-2126630239,1320,66,1320,66,0,58,0
105,1000,30.000000,0.000000,1,3,-2126630232,1351,60,1351,60,0,58,0
105,1000,30.000000,0.000000,1,3,-2126630225,1389,52,1389,52,0,58,0
105,1000,30.000000,0.000000,1,3,-2126630218,1419,43,1419,43,0,58,0
105,1000,30.000000,0.000000,1,3,-2126630211,1445,35,1445,35,0,58,0
105,1000,30.000000,0.000000,1,3,-2126630204,1460,30,1460,30,0,58,0
105,1000,30.000000,0.000000,1,3,-2126630196,1476,24,1476,24,0,58,0
105,1000,30.000000,0.000000,1,3,-2126630189,1486,20,1486,20,0,58,0
105,1000,30.000000,0.000000,1,3,-2126630183,1493,17,1493,17,0,58,0
105,1000,30.000000,0.000000,1,3,-2126630176,1499,13,1499,13,0,58,0
105,1000,30.000000,0.000000,1,3,-2126630170,1502,11,1502,11,0,58,0
105,1000,30.000000,0.000000,1,3,-2126630163,1503,10,1503,10,0,58,0
105,1000,30.000000,0.000000,1,3,-2126630156,1503,9,1503,9,0,58,0
105,1000,30.000000,0.000000,1,3,-2126630148,1503,8,1503,8,0,58,0
105,1000,30.000000,0.000000,1,3,-2126630142,1503,8,1503,8,0,58,0
105,1000,30.000000,0.000000,1,3,-2126630135,1503,8,1503,8,0,58,0
105,1000,30.000000,0.000000,1,3,-2126630128,1503,8,1503,8,0,58,0
105,1000,30.000000,0.000000,1,3,-2126630121,1503,8,1503,8,0,58,0
105,1000,30.000000,0.000000,1,3,-2126630114,1503,8,1503,8,0,58,0
105,1000,30.000000,0.000000,1,3,-2126630107,1503,8,1503,8,0,58,0
105,1000,30.000000,0.000000,1,3,-2126630100,1503,8,1503,8,0,58,0
105,1000,30.000000,0.000000,1,3,-2126630092,1504,8,1504,8,0,58,0
105,1000,30.000000,0.000000,1,3,-2126630086,1505,8,1505,8,0,58,0
105,1000,30.000000,0.000000,1,3,-2126630079,1506,8,1506,8,0,58,0
105,1000,30.000000,0.000000,1,3,-2126630073,1507,8,1507,8,0,58,0
105,1000,30.000000,0.000000,1,3,-2126630065,1507,8,1507,8,0,58,0
105,1000,30.000000,0.000000,1,3,-2126630059,1507,8,1507,8,0,58,0
105,1000,30.000000,0.000000,1,3,-2126630052,1507,8,1507,8,0,58,0
105,1000,30.000000,0.000000,1,3,-2126630045,1504,9,1504,9,0,58,0
105,1000,30.000000,0.000000,1,3,-2126630037,1500,10,1500,10,0,58,0
105,1000,30.000000,0.000000,1,3,-2126630030,1495,11,1495,11,0,58,0
105,1000,30.000000,0.000000,1,3,-2126630023,1490,12,1490,12,0,58,0
105,1000,30.000000,0.000000,1,3,-2126630016,1482,13,1482,13,0,58,0
105,1000,30.000000,0.000000,1,3,-2126630010,1472,15,1472,15,0,58,0
105,1000,30.000000,0.000000,1,3,-2126630003,1465,16,1465,16,0,58,0
105,1000,30.000000,0.000000,1,3,-2126629996,1457,17,1457,17,0,58,0
105,1000,30.000000,0.000000,1,3,-2126629989,1453,18,1453,18,0,58,0
105,1000,30.000000,0.000000,1,3,-2126629981,1451,18,1451,18,0,58,0
105,1000,30.000000,0.000000,1,3,-2126629975,1448,19,1448,19,0,58,0
105,1000,30.000000,0.000000,1,3,-2126629968,1448,19,1448,19,0,58,0
105,1000,30.000000,0.000000,1,3,-2126629961,1448,19,1448,19,0,58,0
105,1000,30.000000,0.000000,1,3,-2126629954,1450,19,1450,19,0,58,0
105,1000,30.000000,0.000000,1,3,-2126629947,1451,19,1451,19,0,58,0
105,1000,30.000000,0.000000,1,3,-2126629940,1453,18,1453,18,0,58,0
105,1000,30.000000,0.000000,1,3,-2126629933,1454,17,1454,17,0,58,0
105,1000,30.000000,0.000000,1,3,-2126629927,1455,17,1455,17,0,58,0
105,1000,30.000000,0.000000,1,3,-2126629920,1456,17,1456,17,0,58,0
105,1000,30.000000,0.000000,1,3,-2126629913,1457,17,1457,17,0,58,0
105,1000,30.000000,0.000000,1,3,-2126629905,1457,17,1457,17,0,58,0
105,1000,30.000000,0.000000,1,3,-2126629899,1457,17,1457,17,0,58,0
105,1000,30.000000,0.000000,1,3,-2126629891,1457,17,1457,17,0,58,0
105,1000,30.000000,0.000000,1,3,-2126629885,1457,17,1457,17,0,58,0
105,1000,30.000000,0.000000,1,3,-2126629878,1457,17,1457,17,0,58,0
105,1000,30.000000,0.000000,1,3,-2126629871,1457,17,1457,17,0,58,0
105,1000,30.000000,0.000000,1,3,-2126629864,1457,17,1457,17,0,58,0
105,1000,30.000000,0.000000,1,3,-2126629846,1457,17,1457,17,0,58,0
