105,500,30.000000,60.000000,0,1,-2125775899,703,0,703,0,0,155,1
105,500,30.000000,60.000000,0,1,-2125775897,703,0,703,0,0,155,1
105,500,30.000000,60.000000,0,1,-2125775890,703,0,703,0,0,155,1
105,500,30.000000,60.000000,0,1,-2125775884,703,0,703,0,0,155,1
105,500,30.000000,60.000000,0,1,-2125775876,703,0,703,0,0,155,1
105,500,30.000000,60.000000,0,1,-2125775870,703,0,703,0,0,155,1
105,500,30.000000,60.000000,0,1,-2125775863,703,0,703,0,0,155,1
105,500,30.000000,60.000000,0,1,-2125775855,703,0,703,0,0,155,1
105,500,30.000000,60.000000,0,1,-2125775849,703,0,703,0,0,155,1
105,500,30.000000,60.000000,0,1,-2125775842,703,0,703,0,0,155,1
105,500,30.000000,60.000000,0,1,-2125775835,703,0,703,0,0,155,1
105,500,30.000000,60.000000,0,1,-2125775828,703,0,703,-1,0,155,1
105,500,30.000000,60.000000,0,1,-2125775822,706,0,706,-1,0,155,1
105,500,30.000000,60.000000,0,1,-2125775813,709,0,709,-2,0,155,1
105,500,30.000000,60.000000,0,1,-2125775805,718,0,718,-2,0,155,1
105,500,30.000000,60.000000,0,1,-2125775798,733,0,733,-2,0,155,1
105,500,30.000000,60.000000,0,1,-2125775791,749,0,749,-2,0,155,1
105,500,30.000000,60.000000,0,1,-2125775784,783,0,783,-2,0,155,1
105,500,30.000000,60.000000,0,1,-2125775778,815,0,815,-2,0,155,1
105,500,30.000000,60.000000,0,1,-2125775771,848,0,848,-2,0,155,1
105,500,30.000000,60.000000,0,1,-2125775764,902,0,902,-3,0,155,1
105,500,30.000000,60.000000,0,1,-2125775758,956,0,956,-4,0,155,1
105,500,30.000000,60.000000,0,1,-2125775751,1007,0,1007,-5,0,155,1
105,500,30.000000,60.000000,0,1,-2125775745,1058,0,1058,-8,0,155,1
105,500,30.000000,60.000000,0,1,-2125775738,1097,0,1097,-9,0,155,1
105,500,30.000000,60.000000,0,1,-2125775731,1150,0,1150,-11,0,155,1
105,500,30.000000,60.000000,0,1,-2125775724,1197,0,1197,-13,0,155,1
105,500,30.000000,60.000000,0,1,-2125775716,1226,0,1226,-14,0,155,1
105,500,30.000000,60.000000,0,1,-2125775710,1255,0,1255,-16,0,155,1
105,500,30.000000,60.000000,0,1,-2125775704,1276,0,1276,-18,0,155,1
105,500,30.000000,60.000000,0,1,-2125775696,1293,0,1293,-19,0,155,1
105,500,30.000000,60.000000,0,1,-2125775689,1303,0,1303,-20,0,155,1
105,500,30.000000,60.000000,0,1,-2125775683,1307,0,1307,-21,0,155,1
105,500,30.000000,60.000000,0,1,-2125775676,1308,0,1308,-22,0,155,1
105,500,30.000000,60.000000,0,1,-2125775669,1309,0,1309,-23,0,155,1
105,500,30.000000,60.000000,0,1,-2125775662,1306,0,1306,-23,0,155,1
105,500,30.000000,60.000000,0,1,-2125775654,1302,0,1302,-24,0,155,1
105,500,30.000000,60.000000,0,1,-2125775648,1299,0,1299,-24,0,155,1
105,500,30.000000,60.000000,0,1,-2125775641,1295,0,1295,-24,0,155,1
105,500,30.000000,60.000000,0,1,-2125775634,1292,0,1292,-25,0,155,1
105,500,30.000000,60.000000,0,1,-2125775627,1291,0,1291,-25,0,155,1
105,500,30.000000,60.000000,0,1,-2125775620,1289,0,1289,-25,0,155,1
105,500,30.000000,60.000000,0,1,-2125775612,1289,0,1289,-25,0,155,1
105,500,30.000000,60.000000,0,1,-2125775606,1289,0,1289,-25,0,155,1
105,500,30.000000,60.000000,0,1,-2125775599,1289,0,1289,-25,0,155,1
105,500,30.000000,60.000000,0,1,-2125775592,1289,0,1289,-25,0,155,1
105,500,30.000000,60.000000,0,1,-2125775585,1289,0,1289,-25,0,155,1
105,500,30.000000,60.000000,0,1,-2125775578,1289,0,1289,-26,0,155,1
105,500,30.000000,60.000000,0,1,-2125775572,1288,0,1288,-26,0,155,1
105,500,30.000000,60.000000,0,1,-2125775565,1287,0,1287,-27,0,155,1
105,500,30.000000,60.000000,0,1,-2125775556,1285,0,1285,-27,0,155,1
105,500,30.000000,60.000000,0,1,-2125775550,1280,0,1280,-28,0,155,1
105,500,30.000000,60.000000,0,1,-2125775543,1275,0,1275,-28,0,155,1
105,500,30.000000,60.000000,0,1,-2125775536,1268,0,1268,-29,0,155,1
105,500,30.000000,60.000000,0,1,-2125775529,1263,0,1263,-30,0,155,1
105,500,30.000000,60.000000,0,1,-2125775522,1258,0,1258,-31,0,155,1
105,500,30.000000,60.000000,0,1,-2125775515,1255,0,1255,-31,0,155,1
105,500,30.000000,60.000000,0,1,-2125775509,1254,0,1254,-31,0,155,1
105,500,30.000000,60.000000,0,1,-2125775502,1254,0,1254,-31,0,155,1
105,500,30.000000,60.000000,0,1,-2125775495,1254,0,1254,-31,0,155,1
105,500,30.000000,60.000000,0,1,-2125775488,1254,0,1254,-31,0,155,1
105,500,30.000000,60.000000,0,1,-2125775481,1254,0,1254,-31,0,155,1
105,500,30.000000,60.000000,0,1,-2125775474,1254,0,1254,-31,0,155,1
105,500,30.000000,60.000000,0,1,-2125775466,1253,0,1253,-31,0,155,1
105,500,30.000000,60.000000,0,1,-2125775460,1252,0,1252,-31,0,155,1
105,500,30.000000,60.000000,0,1,-2125775452,1251,0,1251,-32,0,155,1
105,500,30.000000,60.000000,0,1,-2125775446,1249,0,1249,-32,0,155,1
105,500,30.000000,60.000000,0,1,-2125775440,1246,0,1246,-32,0,155,1
105,500,30.000000,60.000000,0,1,-2125775432,1242,0,1242,-33,0,155,1
105,500,30.000000,60.000000,0,1,-2125775425,1239,0,1239,-33,0,155,1
105,500,30.000000,60.000000,0,1,-2125775418,1237,0,1237,-33,0,155,1
105,500,30.000000,60.000000,0,1,-2125775412,1235,0,1235,-33,0,155,1
105,500,30.000000,60.000000,0,1,-2125775404,1234,0,1234,-34,0,155,1
105,500,30.000000,60.000000,0,1,-2125775398,1233,0,1233,-34,0,155,1
105,500,30.000000,60.000000,0,1,-2125775391,1232,0,1232,-34,0,155,1
105,500,30.000000,60.000000,0,1,-2125775384,1231,0,1231,-34,0,155,1
105,500,30.000000,60.000000,0,1,-2125775376,1231,0,1231,-34,0,155,1
105,500,30.000000,60.000000,0,1,-2125775370,1231,0,1231,-34,0,155,1
105,500,30.000000,60.000000,0,1,-2125775362,1231,0,1231,-34,0,155,1
105,500,30.000000,60.000000,0,1,-2125775356,1231,0,1231,-34,0,155,1
105,500,30.000000,60.000000,0,1,-2125775349,1231,0,1231,-34,0,155,1
105,500,30.000000,60.000000,0,1,-2125775342,1231,0,1231,-34,0,155,1
105,500,30.000000,60.000000,0,1,-2125775335,1230,0,1230,-35,0,155,1
105,500,30.000000,60.000000,0,1,-2125775328,1229,0,1229,-35,0,155,1
105,500,30.000000,60.000000,0,1,-2125775321,1227,0,1227,-35,0,155,1
105,500,30.000000,60.000000,0,1,-2125775314,1225,0,1225,-35,0,155,1
105,500,30.000000,60.000000,0,1,-2125775308,1222,0,1222,-35,0,155,1
105,500,30.000000,60.000000,0,1,-2125775300,1219,0,1219,-35,0,155,1
105,500,30.000000,60.000000,0,1,-2125775294,1216,0,1216,-35,0,155,1
105,500,30.000000,60.000000,0,1,-2125775286,1215,0,1215,-35,0,155,1
105,500,30.000000,60.000000,0,1,-2125775280,1214,0,1214,-36,0,155,1
105,500,30.000000,60.000000,0,1,-2125775273,1213,0,1213,-37,0,155,1
105,500,30.000000,60.000000,0,1,-2125775266,1213,0,1213,-37,0,155,1
105,500,30.000000,60.000000,0,1,-2125775247,1213,0,1213,-37,0,155,1
