105,1000,30.000000,0.000000,1,1,-2125881320,464,11,464,11,0,144,0
105,1000,30.000000,0.000000,1,1,-2125881318,464,11,464,11,0,144,0
105,1000,30.000000,0.000000,1,1,-2125881312,464,11,464,11,0,144,0
105,1000,30.000000,0.000000,1,1,-2125881304,464,11,464,11,0,144,0
105,1000,30.000000,0.000000,1,1,-2125881298,464,11,464,11,0,144,0
105,1000,30.000000,0.000000,1,1,-2125881290,464,11,464,11,0,144,0
105,1000,30.000000,0.000000,1,1,-2125881284,464,11,464,11,0,144,0
105,1000,30.000000,0.000000,1,1,-2125881277,464,11,464,11,0,144,0
105,1000,30.000000,0.000000,1,1,-2125881271,464,11,464,11,0,144,0
105,1000,30.000000,0.000000,1,1,-2125881264,464,11,464,11,0,144,0
105,1000,30.000000,0.000000,1,1,-2125881257,464,11,464,11,0,144,0
105,1000,30.000000,0.000000,1,1,-2125881250,464,11,464,11,0,144,0
105,1000,30.000000,0.000000,1,1,-2125881243,466,11,466,11,0,144,0
105,1000,30.000000,0.000000,1,1,-2125881236,470,14,470,14,0,144,0
105,1000,30.000000,0.000000,1,1,-2125881228,479,18,479,18,0,144,0
105,1000,30.000000,0.000000,1,1,-2125881221,490,22,490,22,0,144,0
105,1000,30.000000,0.000000,1,1,-2125881215,512,29,512,29,0,144,0
105,1000,30.000000,0.000000,1,1,-2125881207,540,37,540,37,0,144,0
105,1000,30.000000,0.000000,1,1,-2125881200,579,45,579,45,0,144,0
105,1000,30.000000,0.000000,1,1,-2125881193,622,53,622,53,0,144,0
105,1000,30.000000,0.000000,1,1,-2125881186,673,62,673,62,0,144,0
105,1000,30.000000,0.000000,1,1,-2125881180,736,72,736,72,0,144,0
105,1000,30.000000,0.000000,1,1,-2125881173,792,77,792,77,0,144,0
105,1000,30.000000,0.000000,1,1,-2125881165,862,82,862,82,0,144,0
105,1000,30.000000,0.000000,1,1,-2125881159,931,86,931,86,0,144,0
105,1000,30.000000,0.000000,1,1,-2125881152,999,89,999,89,0,144,0
105,1000,30.000000,0.000000,1,1,-2125881145,1083,90,1083,90,0,144,0
105,1000,30.000000,0.000000,1,1,-2125881139,1152,90,1152,90,0,144,0
105,1000,30.000000,0.000000,1,1,-2125881132,1221,89,1221,89,0,144,0
105,1000,30.000000,0.000000,1,1,-2125881125,1290,86,1290,86,0,144,0
105,1000,30.000000,0.000000,1,1,-2125881118,1359,80,1359,80,0,144,0
105,1000,30.000000,0.000000,1,1,-2125881111,1411,75,1411,75,0,144,0
105,1000,30.000000,0.000000,1,1,-2125881104,1458,67,1458,67,0,144,0
105,1000,30.000000,0.000000,1,1,-2125881097,1486,61,1486,61,0,144,0
105,1000,30.000000,0.000000,1,1,-2125881089,1505,56,1505,56,0,144,0
105,1000,30.000000,0.000000,1,1,-2125881082,1514,52,1514,52,0,144,0
105,1000,30.000000,0.000000,1,1,-2125881075,1517,49,1517,49,0,144,0
105,1000,30.000000,0.000000,1,1,-2125881068,1517,46,1517,46,0,144,0
105,1000,30.000000,0.000000,1,1,-2125881061,1517,43,1517,43,0,144,0
105,1000,30.000000,0.000000,1,1,-2125881055,1514,41,1514,41,0,144,0
105,1000,30.000000,0.000000,1,1,-2125881048,1510,38,1510,38,0,144,0
105,1000,30.000000,0.000000,1,1,-2125881041,1505,35,1505,35,0,144,0
105,1000,30.000000,0.000000,1,1,-2125881034,1501,33,1501,33,0,144,0
105,1000,30.000000,0.000000,1,1,-2125881027,1498,31,1498,31,0,144,0
105,1000,30.000000,0.000000,1,1,-2125881021,1496,30,1496,30,0,144,0
105,1000,30.000000,0.000000,1,1,-2125881013,1496,29,1496,29,0,144,0
105,1000,30.000000,0.000000,1,1,-2125881007,1496,27,1496,27,0,144,0
105,1000,30.000000,0.000000,1,1,-2125881000,1496,26,1496,26,0,144,0
105,1000,30.000000,0.000000,1,1,-2125880993,1496,25,1496,25,0,144,0
105,1000,30.000000,0.000000,1,1,-2125880986,1496,24,1496,24,0,144,0
105,1000,30.000000,0.000000,1,1,-2125880978,1496,23,1496,23,0,144,0
105,1000,30.000000,0.000000,1,1,-2125880971,1496,23,1496,23,0,144,0
105,1000,30.000000,0.000000,1,1,-2125880965,1495,23,1495,23,0,144,0
105,1000,30.000000,0.000000,1,1,-2125880958,1492,23,1492,23,0,144,0
105,1000,30.000000,0.000000,1,1,-2125880951,1488,23,1488,23,0,144,0
105,1000,30.000000,0.000000,1,1,-2125880944,1483,22,1483,22,0,144,0
105,1000,30.000000,0.000000,1,1,-2125880936,1477,21,1477,21,0,144,0
105,1000,30.000000,0.000000,1,1,-2125880929,1469,20,1469,20,0,144,0
105,1000,30.000000,0.000000,1,1,-2125880923,1464,19,1464,19,0,144,0
105,1000,30.000000,0.000000,1,1,-2125880916,1462,18,1462,18,0,144,0
105,1000,30.000000,0.000000,1,1,-2125880908,1461,18,1461,18,0,144,0
105,1000,30.000000,0.000000,1,1,-2125880902,1459,17,1459,17,0,144,0
105,1000,30.000000,0.000000,1,1,-2125880894,1459,16,1459,16,0,144,0
105,1000,30.000000,0.000000,1,1,-2125880887,1459,15,1459,15,0,144,0
105,1000,30.000000,0.000000,1,1,-2125880881,1459,14,1459,14,0,144,0
105,1000,30.000000,0.000000,1,1,-2125880874,1461,13,1461,13,0,144,0
105,1000,30.000000,0.000000,1,1,-2125880868,1462,12,1462,12,0,144,0
105,1000,30.000000,0.000000,1,1,-2125880860,1463,12,1463,12,0,144,0
105,1000,30.000000,0.000000,1,1,-2125880853,1464,12,1464,12,0,144,0
105,1000,30.000000,0.000000,1,1,-2125880847,1465,12,1465,12,0,144,0
105,1000,30.000000,0.000000,1,1,-2125880839,1465,12,1465,12,0,144,0
105,1000,30.000000,0.000000,1,1,-2125880833,1465,12,1465,12,0,144,0
105,1000,30.000000,0.000000,1,1,-2125880826,1465,12,1465,12,0,144,0
105,1000,30.000000,0.000000,1,1,-2125880819,1465,12,1465,12,0,144,0
105,1000,30.000000,0.000000,1,1,-2125880811,1465,12,1465,12,0,144,0
105,1000,30.000000,0.000000,1,1,-2125880804,1465,12,1465,12,0,144,0
105,1000,30.000000,0.000000,1,1,-2125880798,1465,12,1465,12,0,144,0
105,1000,30.000000,0.000000,1,1,-2125880780,1465,12,1465,12,0,144,0
