105,500,30.000000,10000.000000,0,2,-2126789538,706,0,706,0,0,38,5
105,500,30.000000,10000.000000,0,2,-2126789536,706,0,706,0,0,38,5
105,500,30.000000,10000.000000,0,2,-2126789530,706,0,706,0,0,38,5
105,500,30.000000,10000.000000,0,2,-2126789524,706,0,706,0,0,38,5
105,500,30.000000,10000.000000,0,2,-2126789518,706,0,706,0,0,38,5
105,500,30.000000,10000.000000,0,2,-2126789511,706,0,706,0,0,38,5
105,500,30.000000,10000.000000,0,2,-2126789505,706,0,706,0,0,38,5
105,500,30.000000,10000.000000,0,2,-2126789498,706,0,706,0,0,38,5
105,500,30.000000,10000.000000,0,2,-2126789492,706,0,706,0,0,38,5
105,500,30.000000,10000.000000,0,2,-2126789485,706,0,706,0,0,38,5
105,500,30.000000,10000.000000,0,2,-2126789478,709,0,709,-1,0,38,5
105,500,30.000000,10000.000000,0,2,-2126789471,714,0,714,-2,0,38,5
105,500,30.000000,10000.000000,0,2,-2126789464,722,0,722,-4,0,38,5
105,500,30.000000,10000.000000,0,2,-2126789457,734,0,734,-6,0,38,5
105,500,30.000000,10000.000000,0,2,-2126789450,763,0,763,-9,0,38,5
105,500,30.000000,10000.000000,0,2,-2126789443,796,0,796,-12,0,38,5
105,500,30.000000,10000.000000,0,2,-2126789436,836,0,836,-15,0,38,5
105,500,30.000000,10000.000000,0,2,-2126789429,877,0,877,-18,0,38,5
105,500,30.000000,10000.000000,0,2,-2126789422,932,0,932,-23,0,38,5
105,500,30.000000,10000.000000,0,2,-2126789415,995,0,995,-27,0,38,5
105,500,30.000000,10000.000000,0,2,-2126789408,1050,0,1050,-31,0,38,5
105,500,30.000000,10000.000000,0,2,-2126789401,1121,0,1121,-37,0,38,5
105,500,30.000000,10000.000000,0,2,-2126789395,1177,0,1177,-42,0,38,5
105,500,30.000000,10000.000000,0,2,-2126789387,1210,0,1210,-45,0,38,5
105,500,30.000000,10000.000000,0,2,-2126789380,1244,0,1244,-48,0,38,5
105,500,30.000000,10000.000000,0,2,-2126789373,1268,0,1268,-51,0,38,5
105,500,30.000000,10000.000000,0,2,-2126789367,1280,0,1280,-52,0,38,5
105,500,30.000000,10000.000000,0,2,-2126789359,1286,0,1286,-53,0,38,5
105,500,30.000000,10000.000000,0,2,-2126789353,1287,0,1287,-54,0,38,5
105,500,30.000000,10000.000000,0,2,-2126789346,1287,0,1287,-55,0,38,5
105,500,30.000000,10000.000000,0,2,-2126789340,1285,0,1285,-56,0,38,5
105,500,30.000000,10000.000000,0,2,-2126789332,1282,0,1282,-57,0,38,5
105,500,30.000000,10000.000000,0,2,-2126789326,1279,0,1279,-58,0,38,5
105,500,30.000000,10000.000000,0,2,-2126789319,1275,0,1275,-59,0,38,5
105,500,30.000000,10000.000000,0,2,-2126789311,1271,0,1271,-60,0,38,5
105,500,30.000000,10000.000000,0,2,-2126789305,1267,0,1267,-60,0,38,5
105,500,30.000000,10000.000000,0,2,-2126789298,1266,0,1266,-61,0,38,5
105,500,30.000000,10000.000000,0,2,-2126789291,1264,0,1264,-61,0,38,5
105,500,30.000000,10000.000000,0,2,-2126789283,1263,0,1263,-61,0,38,5
105,500,30.000000,10000.000000,0,2,-2126789277,1262,0,1262,-61,0,38,5
105,500,30.000000,10000.000000,0,2,-2126789270,1262,0,1262,-61,0,38,5
105,500,30.000000,10000.000000,0,2,-2126789262,1262,0,1262,-61,0,38,5
105,500,30.000000,10000.000000,0,2,-2126789255,1262,0,1262,-61,0,38,5
105,500,30.000000,10000.000000,0,2,-2126789249,1260,0,1260,-61,0,38,5
105,500,30.000000,10000.000000,0,2,-2126789242,1257,0,1257,-61,0,38,5
105,500,30.000000,10000.000000,0,2,-2126789235,1253,0,1253,-61,0,38,5
105,500,30.000000,10000.000000,0,2,-2126789228,1248,0,1248,-61,0,38,5
105,500,30.000000,10000.000000,0,2,-2126789221,1243,0,1243,-61,0,38,5
105,500,30.000000,10000.000000,0,2,-2126789214,1238,0,1238,-61,0,38,5
105,500,30.000000,10000.000000,0,2,-2126789207,1234,0,1234,-61,0,38,5
105,500,30.000000,10000.000000,0,2,-2126789201,1231,0,1231,-62,0,38,5
105,500,30.000000,10000.000000,0,2,-2126789194,1228,0,1228,-62,0,38,5
105,500,30.000000,10000.000000,0,2,-2126789186,1226,0,1226,-63,0,38,5
105,500,30.000000,10000.000000,0,2,-2126789180,1225,0,1225,-63,0,38,5
105,500,30.000000,10000.000000,0,2,-2126789173,1223,0,1223,-63,0,38,5
105,500,30.000000,10000.000000,0,2,-2126789166,1223,0,1223,-63,0,38,5
105,500,30.000000,10000.000000,0,2,-2126789159,1223,0,1223,-63,0,38,5
105,500,30.000000,10000.000000,0,2,-2126789152,1223,0,1223,-63,0,38,5
105,500,30.000000,10000.000000,0,2,-2126789145,1223,0,1223,-63,0,38,5
105,500,30.000000,10000.000000,0,2,-2126789137,1223,0,1223,-63,0,38,5
105,500,30.000000,10000.000000,0,2,-2126789131,1223,0,1223,-63,0,38,5
105,500,30.000000,10000.000000,0,2,-2126789124,1222,0,1222,-63,0,38,5
105,500,30.000000,10000.000000,0,2,-2126789116,1221,0,1221,-64,0,38,5
105,500,30.000000,10000.000000,0,2,-2126789109,1219,0,1219,-64,0,38,5
105,500,30.000000,10000.000000,0,2,-2126789102,1215,0,1215,-64,0,38,5
105,500,30.000000,10000.000000,0,2,-2126789095,1211,0,1211,-64,0,38,5
105,500,30.000000,10000.000000,0,2,-2126789088,1207,0,1207,-64,0,38,5
105,500,30.000000,10000.000000,0,2,-2126789082,1206,0,1206,-64,0,38,5
105,500,30.000000,10000.000000,0,2,-2126789075,1205,0,1205,-64,0,38,5
105,500,30.000000,10000.000000,0,2,-2126789048,1204,0,1204,-64,0,38,5
