105,1000,30.000000,10000.000000,0,1,-2125626013,457,0,457,0,0,172,4
105,1000,30.000000,10000.000000,0,1,-2125626011,457,0,457,0,0,172,4
105,1000,30.000000,10000.000000,0,1,-2125626004,457,0,457,0,0,172,4
105,1000,30.000000,10000.000000,0,1,-2125625998,457,0,457,0,0,172,4
105,1000,30.000000,10000.000000,0,1,-2125625991,457,0,457,-1,0,172,4
105,1000,30.000000,10000.000000,0,1,-2125625984,457,0,457,-1,0,172,4
105,1000,30.000000,10000.000000,0,1,-2125625978,457,0,457,-2,0,172,4
105,1000,30.000000,10000.000000,0,1,-2125625970,458,0,458,-3,0,172,4
105,1000,30.000000,10000.000000,0,1,-2125625963,460,0,460,-4,0,172,4
105,1000,30.000000,10000.000000,0,1,-2125625957,462,0,462,-5,0,172,4
105,1000,30.000000,10000.000000,0,1,-2125625950,466,0,466,-6,0,172,4
105,1000,30.000000,10000.000000,0,1,-2125625942,477,0,477,-7,0,172,4
105,1000,30.000000,10000.000000,0,1,-2125625936,494,0,494,-9,0,172,4
105,1000,30.000000,10000.000000,0,1,-2125625928,523,0,523,-12,0,172,4
105,1000,30.000000,10000.000000,0,1,-2125625920,560,0,560,-13,0,172,4
105,1000,30.000000,10000.000000,0,1,-2125625912,612,0,612,-15,0,172,4
105,1000,30.000000,10000.000000,0,1,-2125625906,683,0,683,-18,0,172,4
105,1000,30.000000,10000.000000,0,1,-2125625900,771,0,771,-20,0,172,4
105,1000,30.000000,10000.000000,0,1,-2125625893,828,0,828,-22,0,172,4
105,1000,30.000000,10000.000000,0,1,-2125625886,914,0,914,-26,0,172,4
105,1000,30.000000,10000.000000,0,1,-2125625880,1016,0,1016,-31,0,172,4
105,1000,30.000000,10000.000000,0,1,-2125625873,1110,0,1110,-38,0,172,4
105,1000,30.000000,10000.000000,0,1,-2125625866,1228,0,1228,-47,0,172,4
105,1000,30.000000,10000.000000,0,1,-2125625860,1355,0,1355,-57,0,172,4
105,1000,30.000000,10000.000000,0,1,-2125625853,1436,0,1436,-61,0,172,4
105,1000,30.000000,10000.000000,0,1,-2125625846,1505,0,1505,-67,0,172,4
105,1000,30.000000,10000.000000,0,1,-2125625838,1567,0,1567,-73,0,172,4
105,1000,30.000000,10000.000000,0,1,-2125625831,1604,0,1604,-76,0,172,4
105,1000,30.000000,10000.000000,0,1,-2125625824,1630,0,1630,-79,0,172,4
105,1000,30.000000,10000.000000,0,1,-2125625818,1636,0,1636,-80,0,172,4
105,1000,30.000000,10000.000000,0,1,-2125625810,1644,0,1644,-81,0,172,4
105,1000,30.000000,10000.000000,0,1,-2125625804,1643,0,1643,-82,0,172,4
105,1000,30.000000,10000.000000,0,1,-2125625796,1639,0,1639,-83,0,172,4
105,1000,30.000000,10000.000000,0,1,-2125625789,1629,0,1629,-83,0,172,4
105,1000,30.000000,10000.000000,0,1,-2125625782,1620,0,1620,-84,0,172,4
105,1000,30.000000,10000.000000,0,1,-2125625775,1612,0,1612,-84,0,172,4
105,1000,30.000000,10000.000000,0,1,-2125625768,1605,0,1605,-85,0,172,4
105,1000,30.000000,10000.000000,0,1,-2125625761,1600,0,1600,-85,0,172,4
105,1000,30.000000,10000.000000,0,1,-2125625755,1597,0,1597,-85,0,172,4
105,1000,30.000000,10000.000000,0,1,-2125625748,1596,0,1596,-85,0,172,4
105,1000,30.000000,10000.000000,0,1,-2125625742,1595,0,1595,-85,0,172,4
105,1000,30.000000,10000.000000,0,1,-2125625726,1594,0,1594,-85,0,172,4
105,1000,30.000000,10000.000000,0,1,-2125625717,1593,0,1593,-85,0,172,4
105,1000,30.000000,10000.000000,0,1,-2125625709,1593,0,1593,-86,0,172,4
105,1000,30.000000,10000.000000,0,1,-2125625703,1592,0,1592,-86,0,172,4
105,1000,30.000000,10000.000000,0,1,-2125625696,1591,0,1591,-86,0,172,4
105,1000,30.000000,10000.000000,0,1,-2125625689,1589,0,1589,-86,0,172,4
105,1000,30.000000,10000.000000,0,1,-2125625683,1585,0,1585,-86,0,172,4
105,1000,30.000000,10000.000000,0,1,-2125625677,1581,0,1581,-87,0,172,4
105,1000,30.000000,10000.000000,0,1,-2125625670,1575,0,1575,-88,0,172,4
105,1000,30.000000,10000.000000,0,1,-2125625663,1567,0,1567,-89,0,172,4
105,1000,30.000000,10000.000000,0,1,-2125625657,1558,0,1558,-90,0,172,4
105,1000,30.000000,10000.000000,0,1,-2125625650,1548,0,1548,-92,0,172,4
105,1000,30.000000,10000.000000,0,1,-2125625644,1535,0,1535,-95,0,172,4
105,1000,30.000000,10000.000000,0,1,-2125625637,1524,0,1524,-97,0,172,4
105,1000,30.000000,10000.000000,0,1,-2125625630,1518,0,1518,-99,0,172,4
105,1000,30.000000,10000.000000,0,1,-2125625624,1513,0,1513,-101,0,172,4
105,1000,30.000000,10000.000000,0,1,-2125625617,1509,0,1509,-103,0,172,4
105,1000,30.000000,10000.000000,0,1,-2125625610,1508,0,1508,-104,0,172,4
105,1000,30.000000,10000.000000,0,1,-2125625603,1507,0,1507,-105,0,172,4
105,1000,30.000000,10000.000000,0,1,-2125625596,1506,0,1506,-106,0,172,4
105,1000,30.000000,10000.000000,0,1,-2125625588,1504,0,1504,-107,0,172,4
105,1000,30.000000,10000.000000,0,1,-2125625582,1503,0,1503,-107,0,172,4
105,1000,30.000000,10000.000000,0,1,-2125625575,1502,0,1502,-107,0,172,4
105,1000,30.000000,10000.000000,0,1,-2125625568,1501,0,1501,-108,0,172,4
105,1000,30.000000,10000.000000,0,1,-2125625560,1500,0,1500,-108,0,172,4
105,1000,30.000000,10000.000000,0,1,-2125625554,1497,0,1497,-108,0,172,4
105,1000,30.000000,10000.000000,0,1,-2125625547,1496,0,1496,-108,0,172,4
105,1000,30.000000,10000.000000,0,1,-2125625540,1494,0,1494,-108,0,172,4
105,1000,30.000000,10000.000000,0,1,-2125625533,1493,0,1493,-108,0,172,4
105,1000,30.000000,10000.000000,0,1,-2125625526,1492,0,1492,-108,0,172,4
105,1000,30.000000,10000.000000,0,1,-2125625520,1491,0,1491,-108,0,172,4
105,1000,30.000000,10000.000000,0,1,-2125625512,1491,0,1491,-108,0,172,4
105,1000,30.000000,10000.000000,0,1,-2125625505,1491,0,1491,-108,0,172,4
105,1000,30.000000,10000.000000,0,1,-2125625499,1491,0,1491,-108,0,172,4
105,1000,30.000000,10000.000000,0,1,-2125625492,1491,0,1491,-108,0,172,4
105,1000,30.000000,10000.000000,0,1,-2125625476,1491,0,1491,-108,0,172,4
105,1000,30.000000,10000.000000,0,1,-2125625467,1491,0,1491,-109,0,172,4
105,1000,30.000000,10000.000000,0,1,-2125625461,1491,0,1491,-110,0,172,4
105,1000,30.000000,10000.000000,0,1,-2125625455,1491,0,1491,-110,0,172,4
105,1000,30.000000,10000.000000,0,1,-2125625449,1491,0,1491,-110,0,172,4
105,1000,30.000000,10000.000000,0,1,-2125625442,1491,0,1491,-110,0,172,4
105,1000,30.000000,10000.000000,0,1,-2125625436,1489,0,1489,-110,0,172,4
105,1000,30.000000,10000.000000,0,1,-2125625429,1486,0,1486,-111,0,172,4
105,1000,30.000000,10000.000000,0,1,-2125625422,1483,0,1483,-111,0,172,4
105,1000,30.000000,10000.000000,0,1,-2125625415,1480,0,1480,-111,0,172,4
105,1000,30.000000,10000.000000,0,1,-2125625407,1475,0,1475,-111,0,172,4
105,1000,30.000000,10000.000000,0,1,-2125625401,1470,0,1470,-112,0,172,4
105,1000,30.000000,10000.000000,0,1,-2125625394,1467,0,1467,-112,0,172,4
105,1000,30.000000,10000.000000,0,1,-2125625387,1464,0,1464,-113,0,172,4
105,1000,30.000000,10000.000000,0,1,-2125625380,1463,0,1463,-114,0,172,4
105,1000,30.000000,10000.000000,0,1,-2125625374,1462,0,1462,-115,0,172,4
105,1000,30.000000,10000.000000,0,1,-2125625366,1462,0,1462,-115,0,172,4
105,1000,30.000000,10000.000000,0,1,-2125625360,1462,0,1462,-115,0,172,4
105,1000,30.000000,10000.000000,0,1,-2125625353,1462,0,1462,-115,0,172,4
105,1000,30.000000,10000.000000,0,1,-2125625346,1462,0,1462,-115,0,172,4
105,1000,30.000000,10000.000000,0,1,-2125625339,1462,0,1462,-116,0,172,4
105,1000,30.000000,10000.000000,0,1,-2125625331,1462,0,1462,-117,0,172,4
105,1000,30.000000,10000.000000,0,1,-2125625325,1462,0,1462,-117,0,172,4
105,1000,30.000000,10000.000000,0,1,-2125625318,1462,0,1462,-117,0,172,4
105,1000,30.000000,10000.000000,0,1,-2125625311,1462,0,1462,-117,0,172,4
105,1000,30.000000,10000.000000,0,1,-2125625304,1462,0,1462,-117,0,172,4
105,1000,30.000000,10000.000000,0,1,-2125625297,1462,0,1462,-117,0,172,4
105,1000,30.000000,10000.000000,0,1,-2125625290,1462,0,1462,-117,0,172,4
105,1000,30.000000,10000.000000,0,1,-2125625271,1462,0,1462,-117,0,172,4
