105,500,30.000000,0.000000,0,1,-2125643742,709,0,709,0,0,170,3
105,500,30.000000,0.000000,0,1,-2125643739,709,0,709,0,0,170,3
105,500,30.000000,0.000000,0,1,-2125643729,709,0,709,0,0,170,3
105,500,30.000000,0.000000,0,1,-2125643722,709,0,709,0,0,170,3
105,500,30.000000,0.000000,0,1,-2125643715,709,0,709,0,0,170,3
105,500,30.000000,0.000000,0,1,-2125643709,709,0,709,0,0,170,3
105,500,30.000000,0.000000,0,1,-2125643703,709,0,709,0,0,170,3
105,500,30.000000,0.000000,0,1,-2125643697,709,0,709,0,0,170,3
105,500,30.000000,0.000000,0,1,-2125643691,709,0,709,-1,0,170,3
105,500,30.000000,0.000000,0,1,-2125643685,709,0,709,-2,0,170,3
105,500,30.000000,0.000000,0,1,-2125643679,711,0,711,-2,0,170,3
105,500,30.000000,0.000000,0,1,-2125643672,715,0,715,-2,0,170,3
105,500,30.000000,0.000000,0,1,-2125643664,725,0,725,-3,0,170,3
105,500,30.000000,0.000000,0,1,-2125643657,739,0,739,-3,0,170,3
105,500,30.000000,0.000000,0,1,-2125643650,760,0,760,-4,0,170,3
105,500,30.000000,0.000000,0,1,-2125643643,789,0,789,-5,0,170,3
105,500,30.000000,0.000000,0,1,-2125643636,824,0,824,-5,0,170,3
105,500,30.000000,0.000000,0,1,-2125643630,867,0,867,-5,0,170,3
105,500,30.000000,0.000000,0,1,-2125643622,906,0,906,-5,0,170,3
105,500,30.000000,0.000000,0,1,-2125643615,961,0,961,-6,0,170,3
105,500,30.000000,0.000000,0,1,-2125643609,1012,0,1012,-7,0,170,3
105,500,30.000000,0.000000,0,1,-2125643602,1050,0,1050,-7,0,170,3
105,500,30.000000,0.000000,0,1,-2125643595,1092,0,1092,-7,0,170,3
105,500,30.000000,0.000000,0,1,-2125643588,1131,0,1131,-8,0,170,3
105,500,30.000000,0.000000,0,1,-2125643581,1158,0,1158,-9,0,170,3
105,500,30.000000,0.000000,0,1,-2125643574,1172,0,1172,-9,0,170,3
105,500,30.000000,0.000000,0,1,-2125643568,1181,0,1181,-10,0,170,3
105,500,30.000000,0.000000,0,1,-2125643561,1183,0,1183,-10,0,170,3
105,500,30.000000,0.000000,0,1,-2125643554,1183,0,1183,-11,0,170,3
105,500,30.000000,0.000000,0,1,-2125643547,1180,0,1180,-12,0,170,3
105,500,30.000000,0.000000,0,1,-2125643540,1177,0,1177,-12,0,170,3
105,500,30.000000,0.000000,0,1,-2125643532,1173,0,1173,-13,0,170,3
105,500,30.000000,0.000000,0,1,-2125643525,1169,0,1169,-14,0,170,3
105,500,30.000000,0.000000,0,1,-2125643518,1165,0,1165,-15,0,170,3
105,500,30.000000,0.000000,0,1,-2125643512,1162,0,1162,-15,0,170,3
105,500,30.000000,0.000000,0,1,-2125643505,1161,0,1161,-16,0,170,3
105,500,30.000000,0.000000,0,1,-2125643497,1161,0,1161,-17,0,170,3
105,500,30.000000,0.000000,0,1,-2125643491,1161,0,1161,-18,0,170,3
105,500,30.000000,0.000000,0,1,-2125643484,1161,0,1161,-18,0,170,3
105,500,30.000000,0.000000,0,1,-2125643477,1161,0,1161,-19,0,170,3
105,500,30.000000,0.000000,0,1,-2125643471,1161,0,1161,-20,0,170,3
105,500,30.000000,0.000000,0,1,-2125643462,1161,0,1161,-21,0,170,3
105,500,30.000000,0.000000,0,1,-2125643455,1161,0,1161,-21,0,170,3
105,500,30.000000,0.000000,0,1,-2125643448,1161,0,1161,-21,0,170,3
105,500,30.000000,0.000000,0,1,-2125643442,1161,0,1161,-21,0,170,3
105,500,30.000000,0.000000,0,1,-2125643436,1161,0,1161,-21,0,170,3
105,500,30.000000,0.000000,0,1,-2125643429,1161,0,1161,-21,0,170,3
105,500,30.000000,0.000000,0,1,-2125643422,1161,0,1161,-21,0,170,3
105,500,30.000000,0.000000,0,1,-2125643414,1162,0,1162,-21,0,170,3
105,500,30.000000,0.000000,0,1,-2125643406,1164,0,1164,-22,0,170,3
105,500,30.000000,0.000000,0,1,-2125643399,1168,0,1168,-23,0,170,3
105,500,30.000000,0.000000,0,1,-2125643393,1175,0,1175,-25,0,170,3
105,500,30.000000,0.000000,0,1,-2125643386,1181,0,1181,-27,0,170,3
105,500,30.000000,0.000000,0,1,-2125643380,1186,0,1186,-29,0,170,3
105,500,30.000000,0.000000,0,1,-2125643373,1192,0,1192,-31,0,170,3
105,500,30.000000,0.000000,0,1,-2125643365,1196,0,1196,-32,0,170,3
105,500,30.000000,0.000000,0,1,-2125643358,1199,0,1199,-34,0,170,3
105,500,30.000000,0.000000,0,1,-2125643352,1200,0,1200,-35,0,170,3
105,500,30.000000,0.000000,0,1,-2125643345,1202,0,1202,-36,0,170,3
105,500,30.000000,0.000000,0,1,-2125643338,1202,0,1202,-37,0,170,3
105,500,30.000000,0.000000,0,1,-2125643332,1202,0,1202,-38,0,170,3
105,500,30.000000,0.000000,0,1,-2125643325,1202,0,1202,-39,0,170,3
105,500,30.000000,0.000000,0,1,-2125643317,1202,0,1202,-40,0,170,3
105,500,30.000000,0.000000,0,1,-2125643310,1202,0,1202,-41,0,170,3
105,500,30.000000,0.000000,0,1,-2125643303,1202,0,1202,-41,0,170,3
105,500,30.000000,0.000000,0,1,-2125643296,1202,0,1202,-41,0,170,3
105,500,30.000000,0.000000,0,1,-2125643290,1202,0,1202,-41,0,170,3
105,500,30.000000,0.000000,0,1,-2125643283,1202,0,1202,-41,0,170,3
105,500,30.000000,0.000000,0,1,-2125643276,1202,0,1202,-41,0,170,3
105,500,30.000000,0.000000,0,1,-2125643269,1202,0,1202,-41,0,170,3
105,500,30.000000,0.000000,0,1,-2125643261,1202,0,1202,-41,0,170,3
105,500,30.000000,0.000000,0,1,-2125643254,1202,0,1202,-42,0,170,3
105,500,30.000000,0.000000,0,1,-2125643248,1202,0,1202,-43,0,170,3
105,500,30.000000,0.000000,0,1,-2125643241,1202,0,1202,-43,0,170,3
105,500,30.000000,0.000000,0,1,-2125643234,1202,0,1202,-43,0,170,3
105,500,30.000000,0.000000,0,1,-2125643226,1202,0,1202,-43,0,170,3
105,500,30.000000,0.000000,0,1,-2125643220,1202,0,1202,-43,0,170,3
105,500,30.000000,0.000000,0,1,-2125643213,1202,0,1202,-44,0,170,3
105,500,30.000000,0.000000,0,1,-2125643195,1202,0,1202,-45,0,170,3
