105,1000,30.000000,0.000000,0,2,-2126762779,459,0,459,0,0,42,0
105,1000,30.000000,0.000000,0,2,-2126762777,459,0,459,0,0,42,0
105,1000,30.000000,0.000000,0,2,-2126762771,459,0,459,0,0,42,0
105,1000,30.000000,0.000000,0,2,-2126762764,459,0,459,0,0,42,0
105,1000,30.000000,0.000000,0,2,-2126762756,459,0,459,0,0,42,0
105,1000,30.000000,0.000000,0,2,-2126762750,459,0,459,0,0,42,0
105,1000,30.000000,0.000000,0,2,-2126762743,459,0,459,0,0,42,0
105,1000,30.000000,0.000000,0,2,-2126762736,459,0,459,0,0,42,0
105,1000,30.000000,0.000000,0,2,-2126762729,459,0,459,-1,0,42,0
105,1000,30.000000,0.000000,0,2,-2126762722,463,0,463,-2,0,42,0
105,1000,30.000000,0.000000,0,2,-2126762715,471,0,471,-4,0,42,0
105,1000,30.000000,0.000000,0,2,-2126762708,482,0,482,-6,0,42,0
105,1000,30.000000,0.000000,0,2,-2126762701,506,0,506,-8,0,42,0
105,1000,30.000000,0.000000,0,2,-2126762694,536,0,536,-10,0,42,0
105,1000,30.000000,0.000000,0,2,-2126762686,580,0,580,-12,0,42,0
105,1000,30.000000,0.000000,0,2,-2126762680,641,0,641,-15,0,42,0
105,1000,30.000000,0.000000,0,2,-2126762673,690,0,690,-16,0,42,0
105,1000,30.000000,0.000000,0,2,-2126762666,752,0,752,-19,0,42,0
105,1000,30.000000,0.000000,0,2,-2126762659,820,0,820,-23,0,42,0
105,1000,30.000000,0.000000,0,2,-2126762652,917,0,917,-28,0,42,0
105,1000,30.000000,0.000000,0,2,-2126762645,1013,0,1013,-35,0,42,0
105,1000,30.000000,0.000000,0,2,-2126762637,1108,0,1108,-42,0,42,0
105,1000,30.000000,0.000000,0,2,-2126762630,1214,0,1214,-50,0,42,0
105,1000,30.000000,0.000000,0,2,-2126762623,1273,0,1273,-56,0,42,0
105,1000,30.000000,0.000000,0,2,-2126762617,1329,0,1329,-61,0,42,0
105,1000,30.000000,0.000000,0,2,-2126762611,1384,0,1384,-66,0,42,0
105,1000,30.000000,0.000000,0,2,-2126762604,1422,0,1422,-69,0,42,0
105,1000,30.000000,0.000000,0,2,-2126762596,1466,0,1466,-74,0,42,0
105,1000,30.000000,0.000000,0,2,-2126762590,1486,0,1486,-77,0,42,0
105,1000,30.000000,0.000000,0,2,-2126762582,1504,0,1504,-81,0,42,0
105,1000,30.000000,0.000000,0,2,-2126762575,1513,0,1513,-83,0,42,0
105,1000,30.000000,0.000000,0,2,-2126762569,1518,0,1518,-84,0,42,0
105,1000,30.000000,0.000000,0,2,-2126762562,1521,0,1521,-85,0,42,0
105,1000,30.000000,0.000000,0,2,-2126762555,1522,0,1522,-85,0,42,0
105,1000,30.000000,0.000000,0,2,-2126762549,1523,0,1523,-85,0,42,0
105,1000,30.000000,0.000000,0,2,-2126762542,1523,0,1523,-86,0,42,0
105,1000,30.000000,0.000000,0,2,-2126762535,1523,0,1523,-87,0,42,0
105,1000,30.000000,0.000000,0,2,-2126762528,1523,0,1523,-87,0,42,0
105,1000,30.000000,0.000000,0,2,-2126762521,1523,0,1523,-87,0,42,0
105,1000,30.000000,0.000000,0,2,-2126762513,1523,0,1523,-87,0,42,0
105,1000,30.000000,0.000000,0,2,-2126762506,1523,0,1523,-87,0,42,0
105,1000,30.000000,0.000000,0,2,-2126762500,1523,0,1523,-87,0,42,0
105,1000,30.000000,0.000000,0,2,-2126762493,1523,0,1523,-87,0,42,0
105,1000,30.000000,0.000000,0,2,-2126762486,1523,0,1523,-87,0,42,0
105,1000,30.000000,0.000000,0,2,-2126762478,1523,0,1523,-87,0,42,0
105,1000,30.000000,0.000000,0,2,-2126762471,1523,0,1523,-87,0,42,0
105,1000,30.000000,0.000000,0,2,-2126762464,1523,0,1523,-87,0,42,0
105,1000,30.000000,0.000000,0,2,-2126762458,1523,0,1523,-87,0,42,0
105,1000,30.000000,0.000000,0,2,-2126762450,1523,0,1523,-87,0,42,0
105,1000,30.000000,0.000000,0,2,-2126762444,1523,0,1523,-88,0,42,0
105,1000,30.000000,0.000000,0,2,-2126762436,1521,0,1521,-88,0,42,0
105,1000,30.000000,0.000000,0,2,-2126762429,1519,0,1519,-89,0,42,0
105,1000,30.000000,0.000000,0,2,-2126762423,1516,0,1516,-90,0,42,0
105,1000,30.000000,0.000000,0,2,-2126762416,1511,0,1511,-91,0,42,0
105,1000,30.000000,0.000000,0,2,-2126762409,1506,0,1506,-91,0,42,0
105,1000,30.000000,0.000000,0,2,-2126762402,1501,0,1501,-91,0,42,0
105,1000,30.000000,0.000000,0,2,-2126762395,1495,0,1495,-92,0,42,0
105,1000,30.000000,0.000000,0,2,-2126762389,1490,0,1490,-93,0,42,0
105,1000,30.000000,0.000000,0,2,-2126762381,1487,0,1487,-93,0,42,0
105,1000,30.000000,0.000000,0,2,-2126762374,1485,0,1485,-93,0,42,0
105,1000,30.000000,0.000000,0,2,-2126762368,1482,0,1482,-94,0,42,0
105,1000,30.000000,0.000000,0,2,-2126762361,1479,0,1479,-94,0,42,0
105,1000,30.000000,0.000000,0,2,-2126762354,1474,0,1474,-94,0,42,0
105,1000,30.000000,0.000000,0,2,-2126762347,1469,0,1469,-94,0,42,0
105,1000,30.000000,0.000000,0,2,-2126762340,1464,0,1464,-95,0,42,0
105,1000,30.000000,0.000000,0,2,-2126762332,1459,0,1459,-95,0,42,0
105,1000,30.000000,0.000000,0,2,-2126762326,1456,0,1456,-96,0,42,0
105,1000,30.000000,0.000000,0,2,-2126762318,1455,0,1455,-96,0,42,0
105,1000,30.000000,0.000000,0,2,-2126762312,1454,0,1454,-96,0,42,0
105,1000,30.000000,0.000000,0,2,-2126762305,1454,0,1454,-96,0,42,0
105,1000,30.000000,0.000000,0,2,-2126762299,1454,0,1454,-96,0,42,0
105,1000,30.000000,0.000000,0,2,-2126762291,1454,0,1454,-96,0,42,0
105,1000,30.000000,0.000000,0,2,-2126762284,1454,0,1454,-96,0,42,0
105,1000,30.000000,0.000000,0,2,-2126762278,1455,0,1455,-97,0,42,0
105,1000,30.000000,0.000000,0,2,-2126762271,1456,0,1456,-97,0,42,0
105,1000,30.000000,0.000000,0,2,-2126762263,1457,0,1457,-97,0,42,0
105,1000,30.000000,0.000000,0,2,-2126762245,1458,0,1458,-97,0,42,0
