105,500,30.000000,60.000000,1,1,-2125829648,703,19,703,19,0,150,4
105,500,30.000000,60.000000,1,1,-2125829646,703,19,703,19,0,150,4
105,500,30.000000,60.000000,1,1,-2125829639,703,19,703,19,0,150,4
105,500,30.000000,60.000000,1,1,-2125829633,702,19,702,19,0,150,4
105,500,30.000000,60.000000,1,1,-2125829625,701,19,701,19,0,150,4
105,500,30.000000,60.000000,1,1,-2125829619,701,19,701,19,0,150,4
105,500,30.000000,60.000000,1,1,-2125829612,701,19,701,19,0,150,4
105,500,30.000000,60.000000,1,1,-2125829605,701,19,701,19,0,150,4
105,500,30.000000,60.000000,1,1,-2125829598,701,19,701,19,0,150,4
105,500,30.000000,60.000000,1,1,-2125829591,701,19,701,19,0,150,4
105,500,30.000000,60.000000,1,1,-2125829584,704,20,704,20,0,150,4
105,500,30.000000,60.000000,1,1,-2125829576,708,22,708,22,0,150,4
105,500,30.000000,60.000000,1,1,-2125829569,718,25,718,25,0,150,4
105,500,30.000000,60.000000,1,1,-2125829562,732,28,732,28,0,150,4
105,500,30.000000,60.000000,1,1,-2125829556,754,31,754,31,0,150,4
105,500,30.000000,60.000000,1,1,-2125829549,774,35,774,35,0,150,4
105,500,30.000000,60.000000,1,1,-2125829542,806,39,806,39,0,150,4
105,500,30.000000,60.000000,1,1,-2125829536,845,43,845,43,0,150,4
105,500,30.000000,60.000000,1,1,-2125829529,887,46,887,46,0,150,4
105,500,30.000000,60.000000,1,1,-2125829521,938,50,938,50,0,150,4
105,500,30.000000,60.000000,1,1,-2125829515,980,52,980,52,0,150,4
105,500,30.000000,60.000000,1,1,-2125829508,1021,53,1021,53,0,150,4
105,500,30.000000,60.000000,1,1,-2125829501,1061,53,1061,53,0,150,4
105,500,30.000000,60.000000,1,1,-2125829494,1099,53,1099,53,0,150,4
105,500,30.000000,60.000000,1,1,-2125829486,1128,53,1128,53,0,150,4
105,500,30.000000,60.000000,1,1,-2125829480,1152,52,1152,52,0,150,4
105,500,30.000000,60.000000,1,1,-2125829472,1167,51,1167,51,0,150,4
105,500,30.000000,60.000000,1,1,-2125829465,1181,48,1181,48,0,150,4
105,500,30.000000,60.000000,1,1,-2125829458,1189,46,1189,46,0,150,4
105,500,30.000000,60.000000,1,1,-2125829451,1194,44,1194,44,0,150,4
105,500,30.000000,60.000000,1,1,-2125829445,1196,43,1196,43,0,150,4
105,500,30.000000,60.000000,1,1,-2125829438,1196,41,1196,41,0,150,4
105,500,30.000000,60.000000,1,1,-2125829431,1196,40,1196,40,0,150,4
105,500,30.000000,60.000000,1,1,-2125829424,1196,38,1196,38,0,150,4
105,500,30.000000,60.000000,1,1,-2125829416,1194,37,1194,37,0,150,4
105,500,30.000000,60.000000,1,1,-2125829410,1192,36,1192,36,0,150,4
105,500,30.000000,60.000000,1,1,-2125829403,1190,35,1190,35,0,150,4
105,500,30.000000,60.000000,1,1,-2125829397,1187,35,1187,35,0,150,4
105,500,30.000000,60.000000,1,1,-2125829390,1184,35,1184,35,0,150,4
105,500,30.000000,60.000000,1,1,-2125829383,1183,34,1183,34,0,150,4
105,500,30.000000,60.000000,1,1,-2125829376,1182,33,1182,33,0,150,4
105,500,30.000000,60.000000,1,1,-2125829368,1182,33,1182,33,0,150,4
105,500,30.000000,60.000000,1,1,-2125829361,1182,33,1182,33,0,150,4
105,500,30.000000,60.000000,1,1,-2125829355,1182,33,1182,33,0,150,4
105,500,30.000000,60.000000,1,1,-2125829348,1182,33,1182,33,0,150,4
105,500,30.000000,60.000000,1,1,-2125829341,1182,33,1182,33,0,150,4
105,500,30.000000,60.000000,1,1,-2125829334,1182,32,1182,32,0,150,4
105,500,30.000000,60.000000,1,1,-2125829327,1182,31,1182,31,0,150,4
105,500,30.000000,60.000000,1,1,-2125829320,1183,30,1183,30,0,150,4
105,500,30.000000,60.000000,1,1,-2125829313,1183,30,1183,30,0,150,4
105,500,30.000000,60.000000,1,1,-2125829305,1183,29,1183,29,0,150,4
105,500,30.000000,60.000000,1,1,-2125829298,1183,28,1183,28,0,150,4
105,500,30.000000,60.000000,1,1,-2125829292,1183,28,1183,28,0,150,4
105,500,30.000000,60.000000,1,1,-2125829285,1183,28,1183,28,0,150,4
105,500,30.000000,60.000000,1,1,-2125829277,1183,28,1183,28,0,150,4
105,500,30.000000,60.000000,1,1,-2125829271,1183,28,1183,28,0,150,4
105,500,30.000000,60.000000,1,1,-2125829264,1183,28,1183,28,0,150,4
105,500,30.000000,60.000000,1,1,-2125829258,1183,28,1183,28,0,150,4
105,500,30.000000,60.000000,1,1,-2125829251,1184,28,1184,28,0,150,4
105,500,30.000000,60.000000,1,1,-2125829244,1186,27,1186,27,0,150,4
105,500,30.000000,60.000000,1,1,-2125829237,1189,27,1189,27,0,150,4
105,500,30.000000,60.000000,1,1,-2125829229,1191,26,1191,26,0,150,4
105,500,30.000000,60.000000,1,1,-2125829222,1194,25,1194,25,0,150,4
105,500,30.000000,60.000000,1,1,-2125829215,1197,25,1197,25,0,150,4
105,500,30.000000,60.000000,1,1,-2125829208,1199,24,1199,24,0,150,4
105,500,30.000000,60.000000,1,1,-2125829201,1200,24,1200,24,0,150,4
105,500,30.000000,60.000000,1,1,-2125829195,1202,24,1202,24,0,150,4
105,500,30.000000,60.000000,1,1,-2125829187,1203,24,1203,24,0,150,4
105,500,30.000000,60.000000,1,1,-2125829180,1203,24,1203,24,0,150,4
105,500,30.000000,60.000000,1,1,-2125829174,1203,24,1203,24,0,150,4
105,500,30.000000,60.000000,1,1,-2125829167,1203,24,1203,24,0,150,4
105,500,30.000000,60.000000,1,1,-2125829161,1203,24,1203,24,0,150,4
105,500,30.000000,60.000000,1,1,-2125829154,1203,24,1203,24,0,150,4
105,500,30.000000,60.000000,1,1,-2125829147,1203,24,1203,24,0,150,4
105,500,30.000000,60.000000,1,1,-2125829140,1203,24,1203,24,0,150,4
105,500,30.000000,60.000000,1,1,-2125829122,1203,24,1203,24,0,150,4
