64,1000,30.000000,60.000000,2,0,172552436,452,0,452,0,0,40,2
64,1000,30.000000,60.000000,2,0,172552438,452,0,452,0,0,40,2
64,1000,30.000000,60.000000,2,0,172552445,452,0,452,0,0,40,2
64,1000,30.000000,60.000000,2,0,172552451,452,0,452,0,0,40,2
64,1000,30.000000,60.000000,2,0,172552457,452,0,452,0,0,40,2
64,1000,30.000000,60.000000,2,0,172552463,452,0,452,0,0,40,2
64,1000,30.000000,60.000000,2,0,172552469,452,0,452,0,0,40,2
64,1000,30.000000,60.000000,2,0,172552475,452,0,452,0,0,40,2
64,1000,30.000000,60.000000,2,0,172552482,452,0,452,0,0,40,2
64,1000,30.000000,60.000000,2,0,172552489,452,0,452,0,0,40,2
64,1000,30.000000,60.000000,2,0,172552496,452,0,452,0,0,40,2
64,1000,30.000000,60.000000,2,0,172552503,452,0,452,0,0,40,2
64,1000,30.000000,60.000000,2,0,172552510,452,0,452,0,0,40,2
64,1000,30.000000,60.000000,2,0,172552517,452,0,452,0,0,40,2
64,1000,30.000000,60.000000,2,0,172552524,452,0,452,0,0,40,2
64,1000,30.000000,60.000000,2,0,172552531,452,0,452,0,0,40,2
64,1000,30.000000,60.000000,2,0,172552538,452,0,452,0,0,40,2
64,1000,30.000000,60.000000,2,0,172552545,452,0,452,0,0,40,2
64,1000,30.000000,60.000000,2,0,172552552,452,0,452,0,0,40,2
64,1000,30.000000,60.000000,2,0,172552559,452,0,452,0,0,40,2
64,1000,30.000000,60.000000,2,0,172552566,452,0,452,0,0,40,2
64,1000,30.000000,60.000000,2,0,172552573,452,0,452,0,0,40,2
64,1000,30.000000,60.000000,2,0,172552581,452,0,452,0,0,40,2
64,1000,30.000000,60.000000,2,0,172552588,452,0,452,0,0,40,2
64,1000,30.000000,60.000000,2,0,172552594,453,1,453,1,0,40,2
64,1000,30.000000,60.000000,2,0,172552600,454,2,454,2,0,40,2
64,1000,30.000000,60.000000,2,0,172552607,456,4,456,4,0,40,2
64,1000,30.000000,60.000000,2,0,172552614,458,6,458,6,0,40,2
64,1000,30.000000,60.000000,2,0,172552621,460,8,460,8,0,40,2
64,1000,30.000000,60.000000,2,0,172552628,462,11,462,11,0,40,2
64,1000,30.000000,60.000000,2,0,172552635,465,14,465,14,0,40,2
64,1000,30.000000,60.000000,2,0,172552643,468,19,468,19,0,40,2
64,1000,30.000000,60.000000,2,0,172552649,472,22,472,22,0,40,2
64,1000,30.000000,60.000000,2,0,172552656,479,29,479,29,0,40,2
64,1000,30.000000,60.000000,2,0,172552663,488,36,488,36,0,40,2
64,1000,30.000000,60.000000,2,0,172552671,501,46,501,46,0,40,2
64,1000,30.000000,60.000000,2,0,172552678,512,53,512,53,0,40,2
64,1000,30.000000,60.000000,2,0,172552684,523,59,523,59,0,40,2
64,1000,30.000000,60.000000,2,0,172552691,543,68,543,68,0,40,2
64,1000,30.000000,60.000000,2,0,172552698,559,75,559,75,0,40,2
64,1000,30.000000,60.000000,2,0,172552714,584,84,584,84,0,40,2
64,1000,30.000000,60.000000,2,0,172552723,634,101,634,101,0,40,2
64,1000,30.000000,60.000000,2,0,172552731,666,111,666,111,0,40,2
64,1000,30.000000,60.000000,2,0,172552738,693,117,693,117,0,40,2
64,1000,30.000000,60.000000,2,0,172552744,717,123,717,123,0,40,2
64,1000,30.000000,60.000000,2,0,172552750,746,130,746,130,0,40,2
64,1000,30.000000,60.000000,2,0,172552756,761,134,761,134,0,40,2
64,1000,30.000000,60.000000,2,0,172552762,785,138,785,138,0,40,2
64,1000,30.000000,60.000000,2,0,172552768,809,141,809,141,0,40,2
64,1000,30.000000,60.000000,2,0,172552774,847,149,847,149,0,40,2
64,1000,30.000000,60.000000,2,0,172552782,882,155,882,155,0,40,2
64,1000,30.000000,60.000000,2,0,172552788,913,159,913,159,0,40,2
64,1000,30.000000,60.000000,2,0,172552795,943,163,943,163,0,40,2
64,1000,30.000000,60.000000,2,0,172552802,980,169,980,169,0,40,2
64,1000,30.000000,60.000000,2,0,172552809,1010,173,1010,173,0,40,2
64,1000,30.000000,60.000000,2,0,172552816,1048,177,1048,177,0,40,2
64,1000,30.000000,60.000000,2,0,172552823,1084,180,1084,180,0,40,2
64,1000,30.000000,60.000000,2,0,172552839,1122,184,1122,184,0,40,2
64,1000,30.000000,60.000000,2,0,172552849,1207,193,1207,193,0,40,2
64,1000,30.000000,60.000000,2,0,172552856,1240,196,1240,196,0,40,2
64,1000,30.000000,60.000000,2,0,172552863,1274,198,1274,198,0,40,2
64,1000,30.000000,60.000000,2,0,172552869,1296,198,1296,198,0,40,2
64,1000,30.000000,60.000000,2,0,172552875,1319,198,1319,198,0,40,2
64,1000,30.000000,60.000000,2,0,172552880,1335,198,1335,198,0,40,2
64,1000,30.000000,60.000000,2,0,172552886,1345,196,1345,196,0,40,2
64,1000,30.000000,60.000000,2,0,172552892,1356,194,1356,194,0,40,2
64,1000,30.000000,60.000000,2,0,172552899,1371,190,1371,190,0,40,2
64,1000,30.000000,60.000000,2,0,172552906,1380,188,1380,188,0,40,2
64,1000,30.000000,60.000000,2,0,172552914,1389,186,1389,186,0,40,2
64,1000,30.000000,60.000000,2,0,172552920,1397,183,1397,183,0,40,2
64,1000,30.000000,60.000000,2,0,172552928,1402,179,1402,179,0,40,2
64,1000,30.000000,60.000000,2,0,172552934,1415,170,1415,170,0,40,2
64,1000,30.000000,60.000000,2,0,172552941,1419,167,1419,167,0,40,2
64,1000,30.000000,60.000000,2,0,172552948,1422,163,1422,163,0,40,2
64,1000,30.000000,60.000000,2,0,172552956,1424,160,1424,160,0,40,2
64,1000,30.000000,60.000000,2,0,172552962,1425,157,1425,157,0,40,2
64,1000,30.000000,60.000000,2,0,172552969,1425,154,1425,154,0,40,2
64,1000,30.000000,60.000000,2,0,172552976,1425,150,1425,150,0,40,2
64,1000,30.000000,60.000000,2,0,172552982,1424,146,1424,146,0,40,2
64,1000,30.000000,60.000000,2,0,172552989,1423,143,1423,143,0,40,2
64,1000,30.000000,60.000000,2,0,172552996,1421,139,1421,139,0,40,2
64,1000,30.000000,60.000000,2,0,172553003,1419,136,1419,136,0,40,2
64,1000,30.000000,60.000000,2,0,172553011,1417,132,1417,132,0,40,2
64,1000,30.000000,60.000000,2,0,172553018,1416,129,1416,129,0,40,2
64,1000,30.000000,60.000000,2,0,172553024,1414,125,1414,125,0,40,2
64,1000,30.000000,60.000000,2,0,172553031,1413,121,1413,121,0,40,2
64,1000,30.000000,60.000000,2,0,172553038,1411,117,1411,117,0,40,2
64,1000,30.000000,60.000000,2,0,172553045,1410,113,1410,113,0,40,2
64,1000,30.000000,60.000000,2,0,172553053,1409,109,1409,109,0,40,2
64,1000,30.000000,60.000000,2,0,172553059,1408,105,1408,105,0,40,2
64,1000,30.000000,60.000000,2,0,172553066,1407,102,1407,102,0,40,2
64,1000,30.000000,60.000000,2,0,172553073,1405,99,1405,99,0,40,2
64,1000,30.000000,60.000000,2,0,172553089,1402,95,1402,95,0,40,2
64,1000,30.000000,60.000000,2,0,172553098,1396,88,1396,88,0,40,2
64,1000,30.000000,60.000000,2,0,172553106,1393,84,1393,84,0,40,2
64,1000,30.000000,60.000000,2,0,172553113,1392,81,1392,81,0,40,2
64,1000,30.000000,60.000000,2,0,172553119,1392,79,1392,79,0,40,2
64,1000,30.000000,60.000000,2,0,172553125,1392,77,1392,77,0,40,2
64,1000,30.000000,60.000000,2,0,172553130,1392,75,1392,75,0,40,2
64,1000,30.000000,60.000000,2,0,172553136,1392,74,1392,74,0,40,2
64,1000,30.000000,60.000000,2,0,172553142,1392,73,1392,73,0,40,2
64,1000,30.000000,60.000000,2,0,172553149,1393,71,1393,71,0,40,2
64,1000,30.000000,60.000000,2,0,172553156,1395,69,1395,69,0,40,2
64,1000,30.000000,60.000000,2,0,172553163,1397,67,1397,67,0,40,2
64,1000,30.000000,60.000000,2,0,172553170,1399,65,1399,65,0,40,2
64,1000,30.000000,60.000000,2,0,172553177,1401,64,1401,64,0,40,2
64,1000,30.000000,60.000000,2,0,172553184,1404,62,1404,62,0,40,2
64,1000,30.000000,60.000000,2,0,172553191,1406,61,1406,61,0,40,2
64,1000,30.000000,60.000000,2,0,172553198,1410,58,1410,58,0,40,2
64,1000,30.000000,60.000000,2,0,172553214,1413,56,1413,56,0,40,2
64,1000,30.000000,60.000000,2,0,172553223,1419,52,1419,52,0,40,2
64,1000,30.000000,60.000000,2,0,172553231,1422,49,1422,49,0,40,2
64,1000,30.000000,60.000000,2,0,172553237,1424,47,1424,47,0,40,2
64,1000,30.000000,60.000000,2,0,172553244,1426,47,1426,47,0,40,2
64,1000,30.000000,60.000000,2,0,172553250,1428,46,1428,46,0,40,2
64,1000,30.000000,60.000000,2,0,172553255,1430,45,1430,45,0,40,2
64,1000,30.000000,60.000000,2,0,172553261,1431,45,1431,45,0,40,2
64,1000,30.000000,60.000000,2,0,172553267,1433,45,1433,45,0,40,2
64,1000,30.000000,60.000000,2,0,172553274,1434,44,1434,44,0,40,2
64,1000,30.000000,60.000000,2,0,172553282,1435,43,1435,43,0,40,2
64,1000,30.000000,60.000000,2,0,172553288,1436,42,1436,42,0,40,2
64,1000,30.000000,60.000000,2,0,172553295,1436,41,1436,41,0,40,2
64,1000,30.000000,60.000000,2,0,172553302,1437,40,1437,40,0,40,2
64,1000,30.000000,60.000000,2,0,172553310,1439,38,1439,38,0,40,2
64,1000,30.000000,60.000000,2,0,172553316,1440,37,1440,37,0,40,2
64,1000,30.000000,60.000000,2,0,172553323,1441,36,1441,36,0,40,2
64,1000,30.000000,60.000000,2,0,172553330,1442,35,1442,35,0,40,2
64,1000,30.000000,60.000000,2,0,172553337,1444,34,1444,34,0,40,2
64,1000,30.000000,60.000000,2,0,172553344,1446,32,1446,32,0,40,2
64,1000,30.000000,60.000000,2,0,172553350,1448,30,1448,30,0,40,2
64,1000,30.000000,60.000000,2,0,172553358,1449,28,1449,28,0,40,2
64,1000,30.000000,60.000000,2,0,172553365,1450,27,1450,27,0,40,2
64,1000,30.000000,60.000000,2,0,172553372,1451,25,1451,25,0,40,2
64,1000,30.000000,60.000000,2,0,172553379,1452,23,1452,23,0,40,2
64,1000,30.000000,60.000000,2,0,172553386,1453,22,1453,22,0,40,2
64,1000,30.000000,60.000000,2,0,172553393,1454,21,1454,21,0,40,2
64,1000,30.000000,60.000000,2,0,172553399,1454,20,1454,20,0,40,2
64,1000,30.000000,60.000000,2,0,172553406,1454,19,1454,19,0,40,2
64,1000,30.000000,60.000000,2,0,172553414,1454,18,1454,18,0,40,2
64,1000,30.000000,60.000000,2,0,172553420,1455,18,1455,18,0,40,2
64,1000,30.000000,60.000000,2,0,172553427,1456,17,1456,17,0,40,2
64,1000,30.000000,60.000000,2,0,172553434,1457,17,1457,17,0,40,2
64,1000,30.000000,60.000000,2,0,172553441,1458,17,1458,17,0,40,2
64,1000,30.000000,60.000000,2,0,172553448,1458,17,1458,17,0,40,2
64,1000,30.000000,60.000000,2,0,172553464,1458,17,1458,17,0,40,2
64,1000,30.000000,60.000000,2,0,172553473,1458,17,1458,17,0,40,2
64,1000,30.000000,60.000000,2,0,172553481,1458,17,1458,17,0,40,2
64,1000,30.000000,60.000000,2,0,172553487,1458,17,1458,17,0,40,2
64,1000,30.000000,60.000000,2,0,172553494,1458,17,1458,17,0,40,2
64,1000,30.000000,60.000000,2,0,172553500,1458,17,1458,17,0,40,2
64,1000,30.000000,60.000000,2,0,172553506,1458,17,1458,17,0,40,2
64,1000,30.000000,60.000000,2,0,172553512,1459,17,1459,17,0,40,2
64,1000,30.000000,60.000000,2,0,172553518,1460,17,1460,17,0,40,2
64,1000,30.000000,60.000000,2,0,172553524,1460,16,1460,16,0,40,2
64,1000,30.000000,60.000000,2,0,172553531,1461,16,1461,16,0,40,2
64,1000,30.000000,60.000000,2,0,172553538,1462,16,1462,16,0,40,2
64,1000,30.000000,60.000000,2,0,172553577,1463,16,1463,16,0,40,2
