3,700,21.000000,0.000000,2,0,72824503,603,0,603,0,0,48,11
3,700,21.000000,0.000000,2,0,72824504,603,0,603,0,0,48,11
3,700,21.000000,0.000000,2,0,72824507,603,0,603,0,0,48,11
3,700,21.000000,0.000000,2,0,72824509,603,0,603,0,0,48,11
3,700,21.000000,0.000000,2,0,72824512,603,0,603,0,0,48,11
3,700,21.000000,0.000000,2,0,72824515,603,0,603,0,0,48,11
3,700,21.000000,0.000000,2,0,72824517,603,0,603,0,0,48,11
3,700,21.000000,0.000000,2,0,72824520,603,0,603,0,0,48,11
3,700,21.000000,0.000000,2,0,72824523,603,0,603,0,0,48,11
3,700,21.000000,0.000000,2,0,72824526,603,0,603,0,0,48,11
3,700,21.000000,0.000000,2,0,72824528,603,0,603,0,0,48,11
3,700,21.000000,0.000000,2,0,72824531,603,0,603,0,0,48,11
3,700,21.000000,0.000000,2,0,72824534,603,0,603,0,0,48,11
3,700,21.000000,0.000000,2,0,72824537,603,0,603,0,0,48,11
3,700,21.000000,0.000000,2,0,72824540,603,0,603,0,0,48,11
3,700,21.000000,0.000000,2,0,72824542,603,0,603,0,0,48,11
3,700,21.000000,0.000000,2,0,72824545,603,0,603,0,0,48,11
3,700,21.000000,0.000000,2,0,72824548,603,0,603,0,0,48,11
3,700,21.000000,0.000000,2,0,72824551,603,0,603,0,0,48,11
3,700,21.000000,0.000000,2,0,72824553,603,0,603,0,0,48,11
3,700,21.000000,0.000000,2,0,72824556,603,0,603,0,0,48,11
3,700,21.000000,0.000000,2,0,72824559,603,0,603,0,0,48,11
3,700,21.000000,0.000000,2,0,72824562,603,0,603,0,0,48,11
3,700,21.000000,0.000000,2,0,72824565,603,0,603,0,0,48,11
3,700,21.000000,0.000000,2,0,72824567,603,0,603,0,0,48,11
3,700,21.000000,0.000000,2,0,72824570,603,0,603,0,0,48,11
3,700,21.000000,0.000000,2,0,72824573,603,0,603,0,0,48,11
3,700,21.000000,0.000000,2,0,72824576,603,0,603,0,0,48,11
3,700,21.000000,0.000000,2,0,72824579,603,0,603,0,0,48,11
3,700,21.000000,0.000000,2,0,72824581,603,0,603,0,0,48,11
3,700,21.000000,0.000000,2,0,72824584,603,0,603,0,0,48,11
3,700,21.000000,0.000000,2,0,72824587,603,0,603,0,0,48,11
3,700,21.000000,0.000000,2,0,72824590,603,0,603,0,0,48,11
3,700,21.000000,0.000000,2,0,72824593,603,0,603,0,0,48,11
3,700,21.000000,0.000000,2,0,72824596,603,0,603,0,0,48,11
3,700,21.000000,0.000000,2,0,72824599,603,1,603,1,0,48,11
3,700,21.000000,0.000000,2,0,72824602,603,1,603,1,0,48,11
3,700,21.000000,0.000000,2,0,72824604,603,1,603,1,0,48,11
3,700,21.000000,0.000000,2,0,72824607,604,1,604,1,0,48,11
3,700,21.000000,0.000000,2,0,72824610,604,2,604,2,0,48,11
3,700,21.000000,0.000000,2,0,72824612,604,3,604,3,0,48,11
3,700,21.000000,0.000000,2,0,72824615,607,4,607,4,0,48,11
3,700,21.000000,0.000000,2,0,72824618,607,4,607,4,0,48,11
3,700,21.000000,0.000000,2,0,72824621,607,5,607,5,0,48,11
3,700,21.000000,0.000000,2,0,72824623,608,6,608,6,0,48,11
3,700,21.000000,0.000000,2,0,72824626,609,7,609,7,0,48,11
3,700,21.000000,0.000000,2,0,72824629,610,8,610,8,0,48,11
3,700,21.000000,0.000000,2,0,72824631,611,9,611,9,0,48,11
3,700,21.000000,0.000000,2,0,72824634,615,12,615,12,0,48,11
3,700,21.000000,0.000000,2,0,72824637,616,12,616,12,0,48,11
3,700,21.000000,0.000000,2,0,72824640,619,14,619,14,0,48,11
3,700,21.000000,0.000000,2,0,72824642,620,15,620,15,0,48,11
3,700,21.000000,0.000000,2,0,72824646,622,17,622,17,0,48,11
3,700,21.000000,0.000000,2,0,72824648,623,18,623,18,0,48,11
3,700,21.000000,0.000000,2,0,72824651,627,21,627,21,0,48,11
3,700,21.000000,0.000000,2,0,72824654,631,24,631,24,0,48,11
3,700,21.000000,0.000000,2,0,72824657,632,26,632,26,0,48,11
3,700,21.000000,0.000000,2,0,72824659,634,28,634,28,0,48,11
3,700,21.000000,0.000000,2,0,72824662,639,30,639,30,0,48,11
3,700,21.000000,0.000000,2,0,72824665,643,34,643,34,0,48,11
3,700,21.000000,0.000000,2,0,72824668,649,37,649,37,0,48,11
3,700,21.000000,0.000000,2,0,72824671,652,39,652,39,0,48,11
3,700,21.000000,0.000000,2,0,72824673,659,40,659,40,0,48,11
3,700,21.000000,0.000000,2,0,72824676,666,44,666,44,0,48,11
3,700,21.000000,0.000000,2,0,72824679,672,50,672,50,0,48,11
3,700,21.000000,0.000000,2,0,72824682,678,54,678,54,0,48,11
3,700,21.000000,0.000000,2,0,72824685,685,58,685,58,0,48,11
3,700,21.000000,0.000000,2,0,72824687,692,61,692,61,0,48,11
3,700,21.000000,0.000000,2,0,72824690,700,65,700,65,0,48,11
3,700,21.000000,0.000000,2,0,72824693,708,68,708,68,0,48,11
3,700,21.000000,0.000000,2,0,72824696,717,70,717,70,0,48,11
3,700,21.000000,0.000000,2,0,72824698,726,73,726,73,0,48,11
3,700,21.000000,0.000000,2,0,72824701,735,77,735,77,0,48,11
3,700,21.000000,0.000000,2,0,72824704,744,80,744,80,0,48,11
3,700,21.000000,0.000000,2,0,72824707,753,82,753,82,0,48,11
3,700,21.000000,0.000000,2,0,72824709,763,83,763,83,0,48,11
3,700,21.000000,0.000000,2,0,72824713,772,85,772,85,0,48,11
3,700,21.000000,0.000000,2,0,72824716,790,90,790,90,0,48,11
3,700,21.000000,0.000000,2,0,72824718,798,92,798,92,0,48,11
3,700,21.000000,0.000000,2,0,72824721,809,92,809,92,0,48,11
3,700,21.000000,0.000000,2,0,72824724,818,93,818,93,0,48,11
3,700,21.000000,0.000000,2,0,72824727,828,93,828,93,0,48,11
3,700,21.000000,0.000000,2,0,72824730,840,93,840,93,0,48,11
3,700,21.000000,0.000000,2,0,72824732,848,93,848,93,0,48,11
3,700,21.000000,0.000000,2,0,72824735,859,93,859,93,0,48,11
3,700,21.000000,0.000000,2,0,72824738,869,93,869,93,0,48,11
3,700,21.000000,0.000000,2,0,72824741,879,93,879,93,0,48,11
3,700,21.000000,0.000000,2,0,72824744,890,93,890,93,0,48,11
3,700,21.000000,0.000000,2,0,72824746,898,91,898,91,0,48,11
3,700,21.000000,0.000000,2,0,72824749,908,91,908,91,0,48,11
3,700,21.000000,0.000000,2,0,72824752,919,92,919,92,0,48,11
3,700,21.000000,0.000000,2,0,72824755,927,92,927,92,0,48,11
3,700,21.000000,0.000000,2,0,72824757,932,92,932,92,0,48,11
3,700,21.000000,0.000000,2,0,72824760,943,92,943,92,0,48,11
3,700,21.000000,0.000000,2,0,72824763,954,92,954,92,0,48,11
3,700,21.000000,0.000000,2,0,72824765,963,91,963,91,0,48,11
3,700,21.000000,0.000000,2,0,72824768,972,90,972,90,0,48,11
3,700,21.000000,0.000000,2,0,72824771,978,87,978,87,0,48,11
3,700,21.000000,0.000000,2,0,72824774,986,86,986,86,0,48,11
3,700,21.000000,0.000000,2,0,72824777,993,83,993,83,0,48,11
3,700,21.000000,0.000000,2,0,72824780,1008,82,1008,82,0,48,11
3,700,21.000000,0.000000,2,0,72824784,1016,82,1016,82,0,48,11
3,700,21.000000,0.000000,2,0,72824786,1023,81,1023,81,0,48,11
3,700,21.000000,0.000000,2,0,72824789,1023,81,1023,81,0,48,11
3,700,21.000000,0.000000,2,0,72824792,1030,80,1030,80,0,48,11
3,700,21.000000,0.000000,2,0,72824795,1038,80,1038,80,0,48,11
3,700,21.000000,0.000000,2,0,72824797,1045,79,1045,79,0,48,11
3,700,21.000000,0.000000,2,0,72824800,1053,79,1053,79,0,48,11
3,700,21.000000,0.000000,2,0,72824803,1057,79,1057,79,0,48,11
3,700,21.000000,0.000000,2,0,72824806,1065,78,1065,78,0,48,11
3,700,21.000000,0.000000,2,0,72824809,1070,77,1070,77,0,48,11
3,700,21.000000,0.000000,2,0,72824811,1078,77,1078,77,0,48,11
3,700,21.000000,0.000000,2,0,72824814,1084,77,1084,77,0,48,11
3,700,21.000000,0.000000,2,0,72824817,1089,77,1089,77,0,48,11
3,700,21.000000,0.000000,2,0,72824819,1094,76,1094,76,0,48,11
3,700,21.000000,0.000000,2,0,72824822,1100,75,1100,75,0,48,11
3,700,21.000000,0.000000,2,0,72824825,1104,75,1104,75,0,48,11
3,700,21.000000,0.000000,2,0,72824827,1109,74,1109,74,0,48,11
3,700,21.000000,0.000000,2,0,72824830,1112,74,1112,74,0,48,11
3,700,21.000000,0.000000,2,0,72824833,1118,72,1118,72,0,48,11
3,700,21.000000,0.000000,2,0,72824835,1121,72,1121,72,0,48,11
3,700,21.000000,0.000000,2,0,72824839,1126,72,1126,72,0,48,11
3,700,21.000000,0.000000,2,0,72824842,1131,71,1131,71,0,48,11
3,700,21.000000,0.000000,2,0,72824844,1136,71,1136,71,0,48,11
3,700,21.000000,0.000000,2,0,72824847,1137,70,1137,70,0,48,11
3,700,21.000000,0.000000,2,0,72824850,1142,70,1142,70,0,48,11
3,700,21.000000,0.000000,2,0,72824852,1145,70,1145,70,0,48,11
3,700,21.000000,0.000000,2,0,72824855,1145,70,1145,70,0,48,11
3,700,21.000000,0.000000,2,0,72824858,1146,70,1146,70,0,48,11
3,700,21.000000,0.000000,2,0,72824861,1149,69,1149,69,0,48,11
3,700,21.000000,0.000000,2,0,72824863,1151,68,1151,68,0,48,11
3,700,21.000000,0.000000,2,0,72824866,1153,68,1153,68,0,48,11
3,700,21.000000,0.000000,2,0,72824869,1156,68,1156,68,0,48,11
3,700,21.000000,0.000000,2,0,72824871,1158,68,1158,68,0,48,11
3,700,21.000000,0.000000,2,0,72824874,1160,68,1160,68,0,48,11
3,700,21.000000,0.000000,2,0,72824877,1162,67,1162,67,0,48,11
3,700,21.000000,0.000000,2,0,72824880,1164,67,1164,67,0,48,11
3,700,21.000000,0.000000,2,0,72824882,1165,67,1165,67,0,48,11
3,700,21.000000,0.000000,2,0,72824885,1166,66,1166,66,0,48,11
3,700,21.000000,0.000000,2,0,72824888,1166,66,1166,66,0,48,11
3,700,21.000000,0.000000,2,0,72824891,1168,66,1168,66,0,48,11
3,700,21.000000,0.000000,2,0,72824893,1168,66,1168,66,0,48,11
3,700,21.000000,0.000000,2,0,72824896,1169,66,1169,66,0,48,11
3,700,21.000000,0.000000,2,0,72824899,1171,66,1171,66,0,48,11
3,700,21.000000,0.000000,2,0,72824902,1173,64,1173,64,0,48,11
3,700,21.000000,0.000000,2,0,72824904,1174,64,1174,64,0,48,11
3,700,21.000000,0.000000,2,0,72824907,1175,64,1175,64,0,48,11
3,700,21.000000,0.000000,2,0,72824910,1177,63,1177,63,0,48,11
3,700,21.000000,0.000000,2,0,72824913,1179,62,1179,62,0,48,11
3,700,21.000000,0.000000,2,0,72824915,1180,62,1180,62,0,48,11
3,700,21.000000,0.000000,2,0,72824918,1181,61,1181,61,0,48,11
3,700,21.000000,0.000000,2,0,72824921,1182,61,1182,61,0,48,11
3,700,21.000000,0.000000,2,0,72824924,1184,61,1184,61,0,48,11
3,700,21.000000,0.000000,2,0,72824926,1186,61,1186,61,0,48,11
3,700,21.000000,0.000000,2,0,72824929,1186,60,1186,60,0,48,11
3,700,21.000000,0.000000,2,0,72824932,1186,58,1186,58,0,48,11
3,700,21.000000,0.000000,2,0,72824934,1188,57,1188,57,0,48,11
3,700,21.000000,0.000000,2,0,72824937,1191,56,1191,56,0,48,11
3,700,21.000000,0.000000,2,0,72824940,1191,54,1191,54,0,48,11
3,700,21.000000,0.000000,2,0,72824943,1191,53,1191,53,0,48,11
3,700,21.000000,0.000000,2,0,72824945,1191,52,1191,52,0,48,11
3,700,21.000000,0.000000,2,0,72824948,1191,51,1191,51,0,48,11
3,700,21.000000,0.000000,2,0,72824951,1192,51,1192,51,0,48,11
3,700,21.000000,0.000000,2,0,72824954,1193,50,1193,50,0,48,11
3,700,21.000000,0.000000,2,0,72824957,1194,49,1194,49,0,48,11
3,700,21.000000,0.000000,2,0,72824959,1195,49,1195,49,0,48,11
3,700,21.000000,0.000000,2,0,72824962,1196,49,1196,49,0,48,11
3,700,21.000000,0.000000,2,0,72824965,1197,48,1197,48,0,48,11
3,700,21.000000,0.000000,2,0,72824968,1197,47,1197,47,0,48,11
3,700,21.000000,0.000000,2,0,72824971,1198,46,1198,46,0,48,11
3,700,21.000000,0.000000,2,0,72824973,1200,45,1200,45,0,48,11
3,700,21.000000,0.000000,2,0,72824976,1201,44,1201,44,0,48,11
3,700,21.000000,0.000000,2,0,72824979,1202,43,1202,43,0,48,11
3,700,21.000000,0.000000,2,0,72824982,1203,43,1203,43,0,48,11
3,700,21.000000,0.000000,2,0,72824985,1203,42,1203,42,0,48,11
3,700,21.000000,0.000000,2,0,72824988,1205,40,1205,40,0,48,11
3,700,21.000000,0.000000,2,0,72824990,1207,40,1207,40,0,48,11
3,700,21.000000,0.000000,2,0,72824993,1208,40,1208,40,0,48,11
3,700,21.000000,0.000000,2,0,72824996,1210,38,1210,38,0,48,11
3,700,21.000000,0.000000,2,0,72824999,1211,38,1211,38,0,48,11
3,700,21.000000,0.000000,2,0,72825001,1214,37,1214,37,0,48,11
3,700,21.000000,0.000000,2,0,72825005,1215,36,1215,36,0,48,11
3,700,21.000000,0.000000,2,0,72825007,1217,34,1217,34,0,48,11
3,700,21.000000,0.000000,2,0,72825010,1219,34,1219,34,0,48,11
3,700,21.000000,0.000000,2,0,72825013,1222,33,1222,33,0,48,11
3,700,21.000000,0.000000,2,0,72825016,1223,32,1223,32,0,48,11
3,700,21.000000,0.000000,2,0,72825018,1225,32,1225,32,0,48,11
3,700,21.000000,0.000000,2,0,72825021,1225,31,1225,31,0,48,11
3,700,21.000000,0.000000,2,0,72825024,1227,31,1227,31,0,48,11
3,700,21.000000,0.000000,2,0,72825027,1228,30,1228,30,0,48,11
3,700,21.000000,0.000000,2,0,72825029,1230,30,1230,30,0,48,11
3,700,21.000000,0.000000,2,0,72825032,1231,29,1231,29,0,48,11
3,700,21.000000,0.000000,2,0,72825035,1231,29,1231,29,0,48,11
3,700,21.000000,0.000000,2,0,72825038,1233,29,1233,29,0,48,11
3,700,21.000000,0.000000,2,0,72825040,1236,26,1236,26,0,48,11
3,700,21.000000,0.000000,2,0,72825043,1237,25,1237,25,0,48,11
3,700,21.000000,0.000000,2,0,72825046,1238,25,1238,25,0,48,11
3,700,21.000000,0.000000,2,0,72825049,1240,23,1240,23,0,48,11
3,700,21.000000,0.000000,2,0,72825052,1241,22,1241,22,0,48,11
3,700,21.000000,0.000000,2,0,72825054,1242,22,1242,22,0,48,11
3,700,21.000000,0.000000,2,0,72825057,1245,22.600000,1245,21,0,48,11
3,700,21.000000,0.000000,2,0,72825060,1246,22.600000,1246,20,0,48,11
3,700,21.000000,0.000000,2,0,72825063,1248,22.600000,1248,20,0,48,11
3,700,21.000000,0.000000,2,0,72825065,1249,22.600000,1249,20,0,48,11
3,700,21.000000,0.000000,2,0,72825068,1250,22.600000,1250,20,0,48,11
3,700,21.000000,0.000000,2,0,72825071,1250,22.600000,1250,19,0,48,11
3,700,21.000000,0.000000,2,0,72825074,1250,22.600000,1250,19,0,48,11
3,700,21.000000,0.000000,2,0,72825077,1252,22.600000,1252,19,0,48,11
3,700,21.000000,0.000000,2,0,72825079,1253,22.600000,1253,18,0,48,11
3,700,21.000000,0.000000,2,0,72825082,1254,22.600000,1254,18,0,48,11
3,700,21.000000,0.000000,2,0,72825085,1255,22.600000,1255,18,0,48,11
3,700,21.000000,0.000000,2,0,72825088,1256,22.600000,1256,17,0,48,11
3,700,21.000000,0.000000,2,0,72825090,1257,22.600000,1257,17,0,48,11
3,700,21.000000,0.000000,2,0,72825093,1257,22.600000,1257,17,0,48,11
3,700,21.000000,0.000000,2,0,72825096,1258,22.600000,1258,17,0,48,11
3,700,21.000000,0.000000,2,0,72825099,1259,22.600000,1259,17,0,48,11
3,700,21.000000,0.000000,2,0,72825101,1261,22.600000,1261,16,0,48,11
3,700,21.000000,0.000000,2,0,72825104,1261,22.600000,1261,16,0,48,11
3,700,21.000000,0.000000,2,0,72825107,1261,22.600000,1261,16,0,48,11
3,700,21.000000,0.000000,2,0,72825109,1261,22.600000,1261,16,0,48,11
3,700,21.000000,0.000000,2,0,72825113,1262,22.600000,1262,16,0,48,11
3,700,21.000000,0.000000,2,0,72825116,1263,22.600000,1263,16,0,48,11
3,700,21.000000,0.000000,2,0,72825118,1263,22.600000,1263,15,0,48,11
3,700,21.000000,0.000000,2,0,72825121,1264,22.600000,1264,15,0,48,11
3,700,21.000000,0.000000,2,0,72825124,1265,22.600000,1265,15,0,48,11
3,700,21.000000,0.000000,2,0,72825126,1265,22.600000,1265,15,0,48,11
3,700,21.000000,0.000000,2,0,72825129,1266,22.600000,1266,15,0,48,11
3,700,21.000000,0.000000,2,0,72825132,1267,22.600000,1267,15,0,48,11
3,700,21.000000,0.000000,2,0,72825135,1268,22.600000,1268,15,0,48,11
3,700,21.000000,0.000000,2,0,72825138,1268,22.600000,1268,15,0,48,11
3,700,21.000000,0.000000,2,0,72825140,1268,22.600000,1268,15,0,48,11
3,700,21.000000,0.000000,2,0,72825143,1269,22.600000,1269,15,0,48,11
3,700,21.000000,0.000000,2,0,72825146,1270,22.600000,1270,14,0,48,11
3,700,21.000000,0.000000,2,0,72825149,1271,22.600000,1271,13,0,48,11
3,700,21.000000,0.000000,2,0,72825151,1272,22.600000,1272,13,0,48,11
3,700,21.000000,0.000000,2,0,72825154,1273,22.600000,1273,13,0,48,11
3,700,21.000000,0.000000,2,0,72825157,1274,22.600000,1274,13,0,48,11
3,700,21.000000,0.000000,2,0,72825160,1275,22.600000,1275,13,0,48,11
3,700,21.000000,0.000000,2,0,72825163,1276,22.600000,1276,13,0,48,11
3,700,21.000000,0.000000,2,0,72825165,1278,22.600000,1278,13,0,48,11
3,700,21.000000,0.000000,2,0,72825168,1278,22.600000,1278,12,0,48,11
3,700,21.000000,0.000000,2,0,72825171,1278,22.600000,1278,11,0,48,11
3,700,21.000000,0.000000,2,0,72825174,1279,22.600000,1279,11,0,48,11
3,700,21.000000,0.000000,2,0,72825176,1280,22.600000,1280,11,0,48,11
3,700,21.000000,0.000000,2,0,72825179,1281,22.600000,1281,11,0,48,11
3,700,21.000000,0.000000,2,0,72825182,1282,22.600000,1282,10,0,48,11
3,700,21.000000,0.000000,2,0,72825185,1282,22.600000,1282,10,0,48,11
3,700,21.000000,0.000000,2,0,72825188,1283,22.600000,1283,9,0,48,11
3,700,21.000000,0.000000,2,0,72825190,1284,22.600000,1284,8,0,48,11
3,700,21.000000,0.000000,2,0,72825193,1284,22.600000,1284,8,0,48,11
3,700,21.000000,0.000000,2,0,72825196,1285,22.600000,1285,8,0,48,11
3,700,21.000000,0.000000,2,0,72825199,1286,22.600000,1286,8,0,48,11
3,700,21.000000,0.000000,2,0,72825201,1289,22.600000,1289,7,0,48,11
3,700,21.000000,0.000000,2,0,72825204,1288,22.600000,1288,7,0,48,11
3,700,21.000000,0.000000,2,0,72825207,1287,22.600000,1287,7,0,48,11
3,700,21.000000,0.000000,2,0,72825210,1288,22.600000,1288,5,0,48,11
3,700,21.000000,0.000000,2,0,72825213,1288,22.600000,1288,5,0,48,11
3,700,21.000000,0.000000,2,0,72825215,1288,22.600000,1288,5,0,48,11
3,700,21.000000,0.000000,2,0,72825218,1288,22.600000,1288,5,0,48,11
3,700,21.000000,0.000000,2,0,72825221,1288,22.600000,1288,5,0,48,11
3,700,21.000000,0.000000,2,0,72825224,1288,22.600000,1288,5,0,48,11
3,700,21.000000,0.000000,2,0,72825226,1289,22.600000,1289,5,0,48,11
3,700,21.000000,0.000000,2,0,72825229,1290,22.600000,1290,5,0,48,11
3,700,21.000000,0.000000,2,0,72825232,1291,22.600000,1291,5,0,48,11
3,700,21.000000,0.000000,2,0,72825235,1292,22.600000,1292,5,0,48,11
3,700,21.000000,0.000000,2,0,72825238,1291,22.600000,1291,5,0,48,11
3,700,21.000000,0.000000,2,0,72825240,1292,22.600000,1292,4,0,48,11
3,700,21.000000,0.000000,2,0,72825243,1293,22.600000,1293,3,0,48,11
3,700,21.000000,0.000000,2,0,72825246,1293,22.600000,1293,3,0,48,11
3,700,21.000000,0.000000,2,0,72825249,1295,22.600000,1295,3,0,48,11
3,700,21.000000,0.000000,2,0,72825251,1296,22.600000,1296,3,0,48,11
3,700,21.000000,0.000000,2,0,72825254,1297,22.600000,1297,3,0,48,11
3,700,21.000000,0.000000,2,0,72825257,1298,22.600000,1298,2,0,48,11
3,700,21.000000,0.000000,2,0,72825260,1299,22.600000,1299,2,0,48,11
3,700,21.000000,0.000000,2,0,72825262,1299,22.600000,1299,0,0,48,11
3,700,21.000000,0.000000,2,0,72825265,1300,22.600000,1300,0,0,48,11
3,700,21.000000,0.000000,2,0,72825268,1301,22.600000,1301,0,0,48,11
3,700,21.000000,0.000000,2,0,72825271,1302,22.600000,1302,0,0,48,11
3,700,21.000000,0.000000,2,0,72825274,1303,22.600000,1303,0,0,48,11
3,700,21.000000,0.000000,2,0,72825276,1304,22.600000,1304,0,0,48,11
3,700,21.000000,0.000000,2,0,72825279,1304,21.600000,1304,-1,0,48,11
3,700,21.000000,0.000000,2,0,72825282,1305,21.600000,1305,-1,0,48,11
3,700,21.000000,0.000000,2,0,72825285,1305,20.600000,1305,-2,0,48,11
3,700,21.000000,0.000000,2,0,72825288,1306,19.600000,1306,-3,0,48,11
3,700,21.000000,0.000000,2,0,72825290,1307,18.600000,1307,-4,0,48,11
3,700,21.000000,0.000000,2,0,72825293,1308,18.600000,1308,-4,0,48,11
3,700,21.000000,0.000000,2,0,72825296,1309,18.600000,1309,-4,0,48,11
3,700,21.000000,0.000000,2,0,72825299,1309,18.600000,1309,-4,0,48,11
3,700,21.000000,0.000000,2,0,72825301,1309,17.600000,1309,-5,0,48,11
3,700,21.000000,0.000000,2,0,72825304,1309,16.600000,1309,-6,0,48,11
3,700,21.000000,0.000000,2,0,72825307,1309,15.600000,1309,-7,0,48,11
3,700,21.000000,0.000000,2,0,72825310,1309,14.600000,1309,-8,0,48,11
3,700,21.000000,0.000000,2,0,72825312,1309,14.600000,1309,-8,0,48,11
3,700,21.000000,0.000000,2,0,72825315,1309,14.600000,1309,-8,0,48,11
3,700,21.000000,0.000000,2,0,72825318,1309,14.600000,1309,-8,0,48,11
3,700,21.000000,0.000000,2,0,72825321,1309,14.600000,1309,-8,0,48,11
3,700,21.000000,0.000000,2,0,72825324,1309,14.600000,1309,-8,0,48,11
3,700,21.000000,0.000000,2,0,72825326,1309,14.600000,1309,-8,0,48,11
3,700,21.000000,0.000000,2,0,72825329,1309,14.600000,1309,-8,0,48,11
3,700,21.000000,0.000000,2,0,72825332,1309,14.600000,1309,-8,0,48,11
3,700,21.000000,0.000000,2,0,72825335,1309,14.600000,1309,-8,0,48,11
3,700,21.000000,0.000000,2,0,72825337,1309,14.600000,1309,-8,0,48,11
3,700,21.000000,0.000000,2,0,72825340,1309,13.600000,1309,-9,0,48,11
3,700,21.000000,0.000000,2,0,72825343,1309,12.600000,1309,-10,0,48,11
3,700,21.000000,0.000000,2,0,72825346,1309,12.600000,1309,-10,0,48,11
3,700,21.000000,0.000000,2,0,72825349,1309,12.600000,1309,-10,0,48,11
3,700,21.000000,0.000000,2,0,72825351,1309,12.600000,1309,-10,0,48,11
3,700,21.000000,0.000000,2,0,72825354,1309,12.600000,1309,-10,0,48,11
3,700,21.000000,0.000000,2,0,72825357,1309,12.600000,1309,-10,0,48,11
3,700,21.000000,0.000000,2,0,72825360,1309,12.600000,1309,-10,0,48,11
3,700,21.000000,0.000000,2,0,72825362,1309,12.600000,1309,-10,0,48,11
3,700,21.000000,0.000000,2,0,72825365,1309,12.600000,1309,-10,0,48,11
3,700,21.000000,0.000000,2,0,72825368,1309,12.600000,1309,-10,0,48,11
3,700,21.000000,0.000000,2,0,72825371,1309,12.600000,1309,-10,0,48,11
3,700,21.000000,0.000000,2,0,72825374,1309,12.600000,1309,-10,0,48,11
3,700,21.000000,0.000000,2,0,72825377,1309,12.600000,1309,-10,0,48,11
3,700,21.000000,0.000000,2,0,72825379,1309,12.600000,1309,-10,0,48,11
3,700,21.000000,0.000000,2,0,72825382,1309,12.600000,1309,-10,0,48,11
3,700,21.000000,0.000000,2,0,72825385,1309,12.600000,1309,-10,0,48,11
3,700,21.000000,0.000000,2,0,72825388,1309,12.600000,1309,-10,0,48,11
3,700,21.000000,0.000000,2,0,72825390,1309,12.600000,1309,-10,0,48,11
3,700,21.000000,0.000000,2,0,72825393,1309,12.600000,1309,-10,0,48,11
3,700,21.000000,0.000000,2,0,72825396,1309,12.600000,1309,-10,0,48,11
3,700,21.000000,0.000000,2,0,72825399,1309,12.600000,1309,-10,0,48,11
3,700,21.000000,0.000000,2,0,72825401,1309,12.600000,1309,-10,0,48,11
3,700,21.000000,0.000000,2,0,72825404,1309,12.600000,1309,-10,0,48,11
3,700,21.000000,0.000000,2,0,72825407,1309,12.600000,1309,-10,0,48,11
3,700,21.000000,0.000000,2,0,72825410,1309,12.600000,1309,-10,0,48,11
3,700,21.000000,0.000000,2,0,72825413,1309,12.600000,1309,-10,0,48,11
3,700,21.000000,0.000000,2,0,72825415,1309,12.600000,1309,-10,0,48,11
3,700,21.000000,0.000000,2,0,72825418,1309,12.600000,1309,-10,0,48,11
3,700,21.000000,0.000000,2,0,72825421,1309,12.600000,1309,-10,0,48,11
3,700,21.000000,0.000000,2,0,72825424,1309,12.600000,1309,-10,0,48,11
3,700,21.000000,0.000000,2,0,72825427,1309,12.600000,1309,-10,0,48,11
3,700,21.000000,0.000000,2,0,72825429,1309,12.600000,1309,-10,0,48,11
3,700,21.000000,0.000000,2,0,72825432,1309,12.600000,1309,-10,0,48,11
3,700,21.000000,0.000000,2,0,72825435,1309,12.600000,1309,-10,0,48,11
3,700,21.000000,0.000000,2,0,72825438,1309,12.600000,1309,-10,0,48,11
3,700,21.000000,0.000000,2,0,72825441,1309,12.600000,1309,-10,0,48,11
3,700,21.000000,0.000000,2,0,72825443,1309,12.600000,1309,-10,0,48,11
3,700,21.000000,0.000000,2,0,72825446,1309,12.600000,1309,-10,0,48,11
3,700,21.000000,0.000000,2,0,72825449,1309,12.600000,1309,-10,0,48,11
3,700,21.000000,0.000000,2,0,72825452,1309,12.600000,1309,-10,0,48,11
3,700,21.000000,0.000000,2,0,72825454,1309,12.600000,1309,-10,0,48,11
3,700,21.000000,0.000000,2,0,72825457,1309,12.600000,1309,-10,0,48,11
3,700,21.000000,0.000000,2,0,72825460,1309,12.600000,1309,-10,0,48,11
3,700,21.000000,0.000000,2,0,72825463,1309,12.600000,1309,-10,0,48,11
3,700,21.000000,0.000000,2,0,72825465,1309,12.600000,1309,-10,0,48,11
3,700,21.000000,0.000000,2,0,72825468,1309,12.600000,1309,-10,0,48,11
3,700,21.000000,0.000000,2,0,72825471,1309,12.600000,1309,-10,0,48,11
3,700,21.000000,0.000000,2,0,72825474,1309,12.600000,1309,-10,0,48,11
3,700,21.000000,0.000000,2,0,72825476,1309,12.600000,1309,-10,0,48,11
3,700,21.000000,0.000000,2,0,72825490,1309,12.600000,1309,-10,0,48,11
