3,350,21.000000,10000.000000,2,0,72867118,785,1,785,1,0,51,5
3,350,21.000000,10000.000000,2,0,72867119,785,1,785,1,0,51,5
3,350,21.000000,10000.000000,2,0,72867122,785,1,785,1,0,51,5
3,350,21.000000,10000.000000,2,0,72867124,785,1,785,1,0,51,5
3,350,21.000000,10000.000000,2,0,72867127,785,1,785,1,0,51,5
3,350,21.000000,10000.000000,2,0,72867130,785,1,785,1,0,51,5
3,350,21.000000,10000.000000,2,0,72867133,785,1,785,1,0,51,5
3,350,21.000000,10000.000000,2,0,72867136,785,1,785,1,0,51,5
3,350,21.000000,10000.000000,2,0,72867138,785,1,785,1,0,51,5
3,350,21.000000,10000.000000,2,0,72867141,785,1,785,1,0,51,5
3,350,21.000000,10000.000000,2,0,72867144,785,1,785,1,0,51,5
3,350,21.000000,10000.000000,2,0,72867147,785,1,785,1,0,51,5
3,350,21.000000,10000.000000,2,0,72867149,785,1,785,1,0,51,5
3,350,21.000000,10000.000000,2,0,72867152,785,1,785,1,0,51,5
3,350,21.000000,10000.000000,2,0,72867155,785,1,785,1,0,51,5
3,350,21.000000,10000.000000,2,0,72867158,785,1,785,1,0,51,5
3,350,21.000000,10000.000000,2,0,72867160,785,1,785,1,0,51,5
3,350,21.000000,10000.000000,2,0,72867163,785,1,785,1,0,51,5
3,350,21.000000,10000.000000,2,0,72867166,785,1,785,1,0,51,5
3,350,21.000000,10000.000000,2,0,72867168,785,1,785,1,0,51,5
3,350,21.000000,10000.000000,2,0,72867171,785,1,785,1,0,51,5
3,350,21.000000,10000.000000,2,0,72867174,785,1,785,1,0,51,5
3,350,21.000000,10000.000000,2,0,72867177,785,1,785,1,0,51,5
3,350,21.000000,10000.000000,2,0,72867180,785,1,785,1,0,51,5
3,350,21.000000,10000.000000,2,0,72867182,785,1,785,1,0,51,5
3,350,21.000000,10000.000000,2,0,72867185,785,1,785,1,0,51,5
3,350,21.000000,10000.000000,2,0,72867188,785,1,785,1,0,51,5
3,350,21.000000,10000.000000,2,0,72867191,785,1,785,1,0,51,5
3,350,21.000000,10000.000000,2,0,72867194,785,1,785,1,0,51,5
3,350,21.000000,10000.000000,2,0,72867196,785,1,785,1,0,51,5
3,350,21.000000,10000.000000,2,0,72867199,785,1,785,1,0,51,5
3,350,21.000000,10000.000000,2,0,72867202,785,1,785,1,0,51,5
3,350,21.000000,10000.000000,2,0,72867205,785,1,785,1,0,51,5
3,350,21.000000,10000.000000,2,0,72867207,785,1,785,1,0,51,5
3,350,21.000000,10000.000000,2,0,72867210,785,1,785,1,0,51,5
3,350,21.000000,10000.000000,2,0,72867213,785,1,785,1,0,51,5
3,350,21.000000,10000.000000,2,0,72867216,785,1,785,1,0,51,5
3,350,21.000000,10000.000000,2,0,72867219,785,1,785,1,0,51,5
3,350,21.000000,10000.000000,2,0,72867221,785,1,785,1,0,51,5
3,350,21.000000,10000.000000,2,0,72867224,785,1,785,1,0,51,5
3,350,21.000000,10000.000000,2,0,72867227,785,1,785,1,0,51,5
3,350,21.000000,10000.000000,2,0,72867230,785,1,785,1,0,51,5
3,350,21.000000,10000.000000,2,0,72867233,786,1,786,1,0,51,5
3,350,21.000000,10000.000000,2,0,72867235,787,1,787,1,0,51,5
3,350,21.000000,10000.000000,2,0,72867238,787,1,787,1,0,51,5
3,350,21.000000,10000.000000,2,0,72867241,787,1,787,1,0,51,5
3,350,21.000000,10000.000000,2,0,72867244,789,1,789,1,0,51,5
3,350,21.000000,10000.000000,2,0,72867247,790,1,790,1,0,51,5
3,350,21.000000,10000.000000,2,0,72867249,793,1,793,1,0,51,5
3,350,21.000000,10000.000000,2,0,72867252,794,1,794,1,0,51,5
3,350,21.000000,10000.000000,2,0,72867255,795,1,795,1,0,51,5
3,350,21.000000,10000.000000,2,0,72867258,797,1,797,1,0,51,5
3,350,21.000000,10000.000000,2,0,72867260,799,0,799,-1,0,51,5
3,350,21.000000,10000.000000,2,0,72867263,801,0,801,-1,0,51,5
3,350,21.000000,10000.000000,2,0,72867266,803,0,803,-1,0,51,5
3,350,21.000000,10000.000000,2,0,72867269,806,0,806,-1,0,51,5
3,350,21.000000,10000.000000,2,0,72867271,809,0,809,-1,0,51,5
3,350,21.000000,10000.000000,2,0,72867274,812,0,812,-1,0,51,5
3,350,21.000000,10000.000000,2,0,72867277,816,0,816,-1,0,51,5
3,350,21.000000,10000.000000,2,0,72867280,819,0,819,-2,0,51,5
3,350,21.000000,10000.000000,2,0,72867283,825,0,825,-2,0,51,5
3,350,21.000000,10000.000000,2,0,72867285,829,0,829,-3,0,51,5
3,350,21.000000,10000.000000,2,0,72867288,833,0,833,-3,0,51,5
3,350,21.000000,10000.000000,2,0,72867291,837,0,837,-3,0,51,5
3,350,21.000000,10000.000000,2,0,72867294,845,0,845,-3,0,51,5
3,350,21.000000,10000.000000,2,0,72867297,849,0,849,-3,0,51,5
3,350,21.000000,10000.000000,2,0,72867299,857,0,857,-3,0,51,5
3,350,21.000000,10000.000000,2,0,72867302,862,0,862,-3,0,51,5
3,350,21.000000,10000.000000,2,0,72867305,868,0,868,-3,0,51,5
3,350,21.000000,10000.000000,2,0,72867308,876,0,876,-3,0,51,5
3,350,21.000000,10000.000000,2,0,72867310,885,0,885,-3,0,51,5
3,350,21.000000,10000.000000,2,0,72867313,893,0,893,-3,0,51,5
3,350,21.000000,10000.000000,2,0,72867316,901,0,901,-3,0,51,5
3,350,21.000000,10000.000000,2,0,72867319,909,0,909,-3,0,51,5
3,350,21.000000,10000.000000,2,0,72867321,919,0,919,-5,0,51,5
3,350,21.000000,10000.000000,2,0,72867324,928,0,928,-5,0,51,5
3,350,21.000000,10000.000000,2,0,72867327,937,0,937,-5,0,51,5
3,350,21.000000,10000.000000,2,0,72867330,947,0,947,-5,0,51,5
3,350,21.000000,10000.000000,2,0,72867333,955,0,955,-6,0,51,5
3,350,21.000000,10000.000000,2,0,72867336,963,0,963,-6,0,51,5
3,350,21.000000,10000.000000,2,0,72867338,974,0,974,-6,0,51,5
3,350,21.000000,10000.000000,2,0,72867341,985,0,985,-6,0,51,5
3,350,21.000000,10000.000000,2,0,72867344,993,0,993,-6,0,51,5
3,350,21.000000,10000.000000,2,0,72867347,1003,0,1003,-6,0,51,5
3,350,21.000000,10000.000000,2,0,72867349,1012,0,1012,-6,0,51,5
3,350,21.000000,10000.000000,2,0,72867352,1024,0,1024,-6,0,51,5
3,350,21.000000,10000.000000,2,0,72867355,1033,0,1033,-6,0,51,5
3,350,21.000000,10000.000000,2,0,72867358,1043,0,1043,-6,0,51,5
3,350,21.000000,10000.000000,2,0,72867360,1054,0,1054,-6,0,51,5
3,350,21.000000,10000.000000,2,0,72867363,1062,0,1062,-6,0,51,5
3,350,21.000000,10000.000000,2,0,72867366,1072,2,1072,-4,0,51,5
3,350,21.000000,10000.000000,2,0,72867369,1082,2,1082,-4,0,51,5
3,350,21.000000,10000.000000,2,0,72867371,1090,2,1090,-4,0,51,5
3,350,21.000000,10000.000000,2,0,72867374,1101,2,1101,-4,0,51,5
3,350,21.000000,10000.000000,2,0,72867377,1110,2,1110,-4,0,51,5
3,350,21.000000,10000.000000,2,0,72867380,1117,2,1117,-4,0,51,5
3,350,21.000000,10000.000000,2,0,72867383,1124,2,1124,-4,0,51,5
3,350,21.000000,10000.000000,2,0,72867385,1131,2,1131,-4,0,51,5
3,350,21.000000,10000.000000,2,0,72867388,1136,2,1136,-4,0,51,5
3,350,21.000000,10000.000000,2,0,72867391,1143,3,1143,-3,0,51,5
3,350,21.000000,10000.000000,2,0,72867394,1148,3,1148,-3,0,51,5
3,350,21.000000,10000.000000,2,0,72867396,1154,3,1154,-3,0,51,5
3,350,21.000000,10000.000000,2,0,72867399,1158,3,1158,-3,0,51,5
3,350,21.000000,10000.000000,2,0,72867402,1161,3,1161,-3,0,51,5
3,350,21.000000,10000.000000,2,0,72867405,1165,3,1165,-3,0,51,5
3,350,21.000000,10000.000000,2,0,72867408,1168,3,1168,-3,0,51,5
3,350,21.000000,10000.000000,2,0,72867410,1170,3,1170,-3,0,51,5
3,350,21.000000,10000.000000,2,0,72867413,1171,3,1171,-3,0,51,5
3,350,21.000000,10000.000000,2,0,72867416,1172,3,1172,-3,0,51,5
3,350,21.000000,10000.000000,2,0,72867419,1175,3,1175,-3,0,51,5
3,350,21.000000,10000.000000,2,0,72867421,1176,3,1176,-3,0,51,5
3,350,21.000000,10000.000000,2,0,72867424,1177,3,1177,-3,0,51,5
3,350,21.000000,10000.000000,2,0,72867427,1178,3,1178,-3,0,51,5
3,350,21.000000,10000.000000,2,0,72867430,1179,3,1179,-3,0,51,5
3,350,21.000000,10000.000000,2,0,72867433,1180,3,1180,-3,0,51,5
3,350,21.000000,10000.000000,2,0,72867435,1181,3,1181,-3,0,51,5
3,350,21.000000,10000.000000,2,0,72867438,1182,3,1182,-3,0,51,5
3,350,21.000000,10000.000000,2,0,72867441,1183,3,1183,-3,0,51,5
3,350,21.000000,10000.000000,2,0,72867444,1183,3,1183,-3,0,51,5
3,350,21.000000,10000.000000,2,0,72867447,1183,3,1183,-3,0,51,5
3,350,21.000000,10000.000000,2,0,72867450,1183,3,1183,-3,0,51,5
3,350,21.000000,10000.000000,2,0,72867452,1183,3,1183,-3,0,51,5
3,350,21.000000,10000.000000,2,0,72867455,1183,3,1183,-3,0,51,5
3,350,21.000000,10000.000000,2,0,72867458,1183,3,1183,-3,0,51,5
3,350,21.000000,10000.000000,2,0,72867461,1183,3,1183,-3,0,51,5
3,350,21.000000,10000.000000,2,0,72867464,1183,3,1183,-3,0,51,5
3,350,21.000000,10000.000000,2,0,72867466,1183,3,1183,-3,0,51,5
3,350,21.000000,10000.000000,2,0,72867469,1183,3,1183,-3,0,51,5
3,350,21.000000,10000.000000,2,0,72867472,1183,3,1183,-3,0,51,5
3,350,21.000000,10000.000000,2,0,72867475,1183,3,1183,-3,0,51,5
3,350,21.000000,10000.000000,2,0,72867477,1183,3,1183,-3,0,51,5
3,350,21.000000,10000.000000,2,0,72867480,1183,3,1183,-3,0,51,5
3,350,21.000000,10000.000000,2,0,72867483,1183,3,1183,-3,0,51,5
3,350,21.000000,10000.000000,2,0,72867486,1183,3,1183,-3,0,51,5
3,350,21.000000,10000.000000,2,0,72867488,1183,3,1183,-3,0,51,5
3,350,21.000000,10000.000000,2,0,72867491,1183,3,1183,-3,0,51,5
3,350,21.000000,10000.000000,2,0,72867494,1183,3,1183,-3,0,51,5
3,350,21.000000,10000.000000,2,0,72867497,1183,3,1183,-3,0,51,5
3,350,21.000000,10000.000000,2,0,72867500,1183,3,1183,-3,0,51,5
3,350,21.000000,10000.000000,2,0,72867502,1183,3,1183,-3,0,51,5
3,350,21.000000,10000.000000,2,0,72867505,1183,3,1183,-3,0,51,5
3,350,21.000000,10000.000000,2,0,72867508,1183,3,1183,-3,0,51,5
3,350,21.000000,10000.000000,2,0,72867511,1183,3,1183,-3,0,51,5
3,350,21.000000,10000.000000,2,0,72867513,1183,3,1183,-3,0,51,5
3,350,21.000000,10000.000000,2,0,72867516,1183,3,1183,-3,0,51,5
3,350,21.000000,10000.000000,2,0,72867519,1183,3,1183,-3,0,51,5
3,350,21.000000,10000.000000,2,0,72867522,1183,3,1183,-3,0,51,5
3,350,21.000000,10000.000000,2,0,72867525,1183,3,1183,-3,0,51,5
3,350,21.000000,10000.000000,2,0,72867527,1183,3,1183,-3,0,51,5
3,350,21.000000,10000.000000,2,0,72867530,1183,3,1183,-3,0,51,5
3,350,21.000000,10000.000000,2,0,72867533,1183,3,1183,-3,0,51,5
3,350,21.000000,10000.000000,2,0,72867536,1183,3,1183,-3,0,51,5
3,350,21.000000,10000.000000,2,0,72867538,1183,3,1183,-3,0,51,5
3,350,21.000000,10000.000000,2,0,72867541,1183,3,1183,-3,0,51,5
3,350,21.000000,10000.000000,2,0,72867544,1183,3,1183,-3,0,51,5
3,350,21.000000,10000.000000,2,0,72867547,1183,3,1183,-3,0,51,5
3,350,21.000000,10000.000000,2,0,72867550,1183,3,1183,-3,0,51,5
3,350,21.000000,10000.000000,2,0,72867552,1183,3,1183,-3,0,51,5
3,350,21.000000,10000.000000,2,0,72867555,1183,3,1183,-3,0,51,5
3,350,21.000000,10000.000000,2,0,72867558,1183,3,1183,-3,0,51,5
3,350,21.000000,10000.000000,2,0,72867561,1183,3,1183,-3,0,51,5
3,350,21.000000,10000.000000,2,0,72867564,1182,3,1182,-3,0,51,5
3,350,21.000000,10000.000000,2,0,72867566,1182,3,1182,-3,0,51,5
3,350,21.000000,10000.000000,2,0,72867569,1182,3,1182,-3,0,51,5
3,350,21.000000,10000.000000,2,0,72867572,1181,3,1181,-3,0,51,5
3,350,21.000000,10000.000000,2,0,72867575,1180,3,1180,-3,0,51,5
3,350,21.000000,10000.000000,2,0,72867577,1180,3,1180,-3,0,51,5
3,350,21.000000,10000.000000,2,0,72867580,1179,3,1179,-3,0,51,5
3,350,21.000000,10000.000000,2,0,72867583,1178,3,1178,-3,0,51,5
3,350,21.000000,10000.000000,2,0,72867586,1177,3,1177,-3,0,51,5
3,350,21.000000,10000.000000,2,0,72867589,1177,3,1177,-3,0,51,5
3,350,21.000000,10000.000000,2,0,72867592,1176,3,1176,-3,0,51,5
3,350,21.000000,10000.000000,2,0,72867595,1175,3,1175,-3,0,51,5
3,350,21.000000,10000.000000,2,0,72867598,1174,3,1174,-3,0,51,5
3,350,21.000000,10000.000000,2,0,72867601,1173,3,1173,-3,0,51,5
3,350,21.000000,10000.000000,2,0,72867604,1173,3,1173,-3,0,51,5
3,350,21.000000,10000.000000,2,0,72867607,1171,3,1171,-3,0,51,5
3,350,21.000000,10000.000000,2,0,72867609,1170,2,1170,-4,0,51,5
3,350,21.000000,10000.000000,2,0,72867612,1168,2,1168,-4,0,51,5
3,350,21.000000,10000.000000,2,0,72867615,1168,2,1168,-4,0,51,5
3,350,21.000000,10000.000000,2,0,72867618,1167,2,1167,-4,0,51,5
3,350,21.000000,10000.000000,2,0,72867620,1167,1,1167,-5,0,51,5
3,350,21.000000,10000.000000,2,0,72867623,1167,1,1167,-5,0,51,5
3,350,21.000000,10000.000000,2,0,72867626,1166,1,1166,-5,0,51,5
3,350,21.000000,10000.000000,2,0,72867628,1165,1,1165,-5,0,51,5
3,350,21.000000,10000.000000,2,0,72867631,1165,1,1165,-5,0,51,5
3,350,21.000000,10000.000000,2,0,72867634,1164,1,1164,-5,0,51,5
3,350,21.000000,10000.000000,2,0,72867637,1163,1,1163,-5,0,51,5
3,350,21.000000,10000.000000,2,0,72867639,1163,1,1163,-5,0,51,5
3,350,21.000000,10000.000000,2,0,72867642,1163,1,1163,-5,0,51,5
3,350,21.000000,10000.000000,2,0,72867645,1162,1,1162,-5,0,51,5
3,350,21.000000,10000.000000,2,0,72867648,1162,1,1162,-5,0,51,5
3,350,21.000000,10000.000000,2,0,72867650,1162,1,1162,-5,0,51,5
3,350,21.000000,10000.000000,2,0,72867653,1162,0,1162,-6,0,51,5
3,350,21.000000,10000.000000,2,0,72867656,1161,0,1161,-6,0,51,5
3,350,21.000000,10000.000000,2,0,72867659,1161,0,1161,-6,0,51,5
3,350,21.000000,10000.000000,2,0,72867661,1161,0,1161,-6,0,51,5
3,350,21.000000,10000.000000,2,0,72867664,1161,0,1161,-6,0,51,5
3,350,21.000000,10000.000000,2,0,72867667,1161,0,1161,-6,0,51,5
3,350,21.000000,10000.000000,2,0,72867669,1161,0,1161,-6,0,51,5
3,350,21.000000,10000.000000,2,0,72867672,1160,0,1160,-6,0,51,5
3,350,21.000000,10000.000000,2,0,72867675,1159,0,1159,-6,0,51,5
3,350,21.000000,10000.000000,2,0,72867677,1159,0,1159,-7,0,51,5
3,350,21.000000,10000.000000,2,0,72867680,1158,0,1158,-7,0,51,5
3,350,21.000000,10000.000000,2,0,72867683,1157,0,1157,-7,0,51,5
3,350,21.000000,10000.000000,2,0,72867686,1156,0,1156,-7,0,51,5
3,350,21.000000,10000.000000,2,0,72867689,1155,0,1155,-7,0,51,5
3,350,21.000000,10000.000000,2,0,72867691,1154,0,1154,-8,0,51,5
3,350,21.000000,10000.000000,2,0,72867694,1153,0,1153,-9,0,51,5
3,350,21.000000,10000.000000,2,0,72867697,1152,0,1152,-10,0,51,5
3,350,21.000000,10000.000000,2,0,72867699,1150,0,1150,-11,0,51,5
3,350,21.000000,10000.000000,2,0,72867702,1150,0,1150,-11,0,51,5
3,350,21.000000,10000.000000,2,0,72867705,1150,0,1150,-11,0,51,5
3,350,21.000000,10000.000000,2,0,72867708,1149,0,1149,-11,0,51,5
3,350,21.000000,10000.000000,2,0,72867711,1148,0,1148,-11,0,51,5
3,350,21.000000,10000.000000,2,0,72867713,1148,0,1148,-11,0,51,5
3,350,21.000000,10000.000000,2,0,72867716,1148,0,1148,-11,0,51,5
3,350,21.000000,10000.000000,2,0,72867719,1148,0,1148,-11,0,51,5
3,350,21.000000,10000.000000,2,0,72867722,1148,0,1148,-11,0,51,5
3,350,21.000000,10000.000000,2,0,72867724,1148,0,1148,-11,0,51,5
3,350,21.000000,10000.000000,2,0,72867727,1148,0,1148,-11,0,51,5
3,350,21.000000,10000.000000,2,0,72867730,1148,0,1148,-11,0,51,5
3,350,21.000000,10000.000000,2,0,72867733,1148,0,1148,-11,0,51,5
3,350,21.000000,10000.000000,2,0,72867736,1148,0,1148,-11,0,51,5
3,350,21.000000,10000.000000,2,0,72867738,1146,0,1146,-12,0,51,5
3,350,21.000000,10000.000000,2,0,72867741,1144,0,1144,-13,0,51,5
3,350,21.000000,10000.000000,2,0,72867744,1144,0,1144,-13,0,51,5
3,350,21.000000,10000.000000,2,0,72867747,1144,0,1144,-13,0,51,5
3,350,21.000000,10000.000000,2,0,72867749,1144,0,1144,-13,0,51,5
3,350,21.000000,10000.000000,2,0,72867752,1144,0,1144,-13,0,51,5
3,350,21.000000,10000.000000,2,0,72867755,1144,0,1144,-13,0,51,5
3,350,21.000000,10000.000000,2,0,72867758,1144,0,1144,-13,0,51,5
3,350,21.000000,10000.000000,2,0,72867761,1144,0,1144,-13,0,51,5
3,350,21.000000,10000.000000,2,0,72867763,1144,0,1144,-13,0,51,5
3,350,21.000000,10000.000000,2,0,72867766,1144,0,1144,-13,0,51,5
3,350,21.000000,10000.000000,2,0,72867769,1144,0,1144,-13,0,51,5
3,350,21.000000,10000.000000,2,0,72867772,1144,0,1144,-13,0,51,5
3,350,21.000000,10000.000000,2,0,72867774,1143,0,1143,-13,0,51,5
3,350,21.000000,10000.000000,2,0,72867777,1142,0,1142,-13,0,51,5
3,350,21.000000,10000.000000,2,0,72867780,1142,0,1142,-13,0,51,5
3,350,21.000000,10000.000000,2,0,72867783,1142,0,1142,-13,0,51,5
3,350,21.000000,10000.000000,2,0,72867786,1141,0,1141,-13,0,51,5
3,350,21.000000,10000.000000,2,0,72867788,1141,0,1141,-13,0,51,5
3,350,21.000000,10000.000000,2,0,72867791,1140,0,1140,-13,0,51,5
3,350,21.000000,10000.000000,2,0,72867794,1139,0,1139,-13,0,51,5
3,350,21.000000,10000.000000,2,0,72867797,1138,0,1138,-13,0,51,5
3,350,21.000000,10000.000000,2,0,72867800,1137,0,1137,-13,0,51,5
3,350,21.000000,10000.000000,2,0,72867802,1137,0,1137,-14,0,51,5
3,350,21.000000,10000.000000,2,0,72867805,1134,0,1134,-16,0,51,5
3,350,21.000000,10000.000000,2,0,72867808,1134,0,1134,-16,0,51,5
3,350,21.000000,10000.000000,2,0,72867811,1134,0,1134,-16,0,51,5
3,350,21.000000,10000.000000,2,0,72867813,1133,0,1133,-16,0,51,5
3,350,21.000000,10000.000000,2,0,72867816,1133,0,1133,-16,0,51,5
3,350,21.000000,10000.000000,2,0,72867819,1133,0,1133,-16,0,51,5
3,350,21.000000,10000.000000,2,0,72867822,1133,0,1133,-16,0,51,5
3,350,21.000000,10000.000000,2,0,72867825,1133,0,1133,-16,0,51,5
3,350,21.000000,10000.000000,2,0,72867827,1133,0,1133,-16,0,51,5
3,350,21.000000,10000.000000,2,0,72867830,1133,0,1133,-16,0,51,5
3,350,21.000000,10000.000000,2,0,72867833,1133,0,1133,-16,0,51,5
3,350,21.000000,10000.000000,2,0,72867836,1133,0,1133,-16,0,51,5
3,350,21.000000,10000.000000,2,0,72867839,1133,0,1133,-16,0,51,5
3,350,21.000000,10000.000000,2,0,72867841,1133,0,1133,-16,0,51,5
3,350,21.000000,10000.000000,2,0,72867844,1133,0,1133,-16,0,51,5
3,350,21.000000,10000.000000,2,0,72867847,1133,0,1133,-16,0,51,5
3,350,21.000000,10000.000000,2,0,72867850,1133,0,1133,-16,0,51,5
3,350,21.000000,10000.000000,2,0,72867852,1133,0,1133,-16,0,51,5
3,350,21.000000,10000.000000,2,0,72867855,1133,0,1133,-16,0,51,5
3,350,21.000000,10000.000000,2,0,72867858,1133,0,1133,-16,0,51,5
3,350,21.000000,10000.000000,2,0,72867861,1132,0,1132,-16,0,51,5
3,350,21.000000,10000.000000,2,0,72867864,1131,0,1131,-16,0,51,5
3,350,21.000000,10000.000000,2,0,72867867,1131,0,1131,-16,0,51,5
3,350,21.000000,10000.000000,2,0,72867869,1131,0,1131,-16,0,51,5
3,350,21.000000,10000.000000,2,0,72867872,1131,0,1131,-16,0,51,5
3,350,21.000000,10000.000000,2,0,72867875,1131,0,1131,-16,0,51,5
3,350,21.000000,10000.000000,2,0,72867878,1131,0,1131,-16,0,51,5
3,350,21.000000,10000.000000,2,0,72867880,1131,0,1131,-16,0,51,5
3,350,21.000000,10000.000000,2,0,72867883,1131,0,1131,-16,0,51,5
3,350,21.000000,10000.000000,2,0,72867896,1131,0,1131,-16,0,51,5
