3,350,80.500000,10000.000000,2,0,72927618,799,0,799,0,0,54,8
3,350,80.500000,10000.000000,2,0,72927619,799,0,799,0,0,54,8
3,350,80.500000,10000.000000,2,0,72927621,799,0,799,0,0,54,8
3,350,80.500000,10000.000000,2,0,72927624,799,0,799,0,0,54,8
3,350,80.500000,10000.000000,2,0,72927627,799,0,799,0,0,54,8
3,350,80.500000,10000.000000,2,0,72927630,799,0,799,0,0,54,8
3,350,80.500000,10000.000000,2,0,72927632,799,0,799,0,0,54,8
3,350,80.500000,10000.000000,2,0,72927635,799,0,799,0,0,54,8
3,350,80.500000,10000.000000,2,0,72927638,799,0,799,0,0,54,8
3,350,80.500000,10000.000000,2,0,72927640,799,0,799,0,0,54,8
3,350,80.500000,10000.000000,2,0,72927643,799,0,799,0,0,54,8
3,350,80.500000,10000.000000,2,0,72927646,799,0,799,0,0,54,8
3,350,80.500000,10000.000000,2,0,72927648,799,0,799,0,0,54,8
3,350,80.500000,10000.000000,2,0,72927651,799,0,799,0,0,54,8
3,350,80.500000,10000.000000,2,0,72927654,799,0,799,0,0,54,8
3,350,80.500000,10000.000000,2,0,72927657,799,0,799,0,0,54,8
3,350,80.500000,10000.000000,2,0,72927660,799,0,799,0,0,54,8
3,350,80.500000,10000.000000,2,0,72927662,799,0,799,0,0,54,8
3,350,80.500000,10000.000000,2,0,72927665,799,0,799,0,0,54,8
3,350,80.500000,10000.000000,2,0,72927668,799,0,799,0,0,54,8
3,350,80.500000,10000.000000,2,0,72927671,799,0,799,0,0,54,8
3,350,80.500000,10000.000000,2,0,72927673,799,0,799,0,0,54,8
3,350,80.500000,10000.000000,2,0,72927676,799,0,799,0,0,54,8
3,350,80.500000,10000.000000,2,0,72927679,799,0,799,0,0,54,8
3,350,80.500000,10000.000000,2,0,72927682,799,0,799,0,0,54,8
3,350,80.500000,10000.000000,2,0,72927685,799,0,799,0,0,54,8
3,350,80.500000,10000.000000,2,0,72927687,799,0,799,0,0,54,8
3,350,80.500000,10000.000000,2,0,72927690,799,0,799,0,0,54,8
3,350,80.500000,10000.000000,2,0,72927693,799,1,799,1,0,54,8
3,350,80.500000,10000.000000,2,0,72927696,800,2,800,2,0,54,8
3,350,80.500000,10000.000000,2,0,72927699,801,2,801,2,0,54,8
3,350,80.500000,10000.000000,2,0,72927701,803,2,803,2,0,54,8
3,350,80.500000,10000.000000,2,0,72927704,805,2,805,2,0,54,8
3,350,80.500000,10000.000000,2,0,72927707,806,2,806,2,0,54,8
3,350,80.500000,10000.000000,2,0,72927710,809,2,809,2,0,54,8
3,350,80.500000,10000.000000,2,0,72927712,811,2,811,2,0,54,8
3,350,80.500000,10000.000000,2,0,72927715,814,2,814,2,0,54,8
3,350,80.500000,10000.000000,2,0,72927718,816,2,816,2,0,54,8
3,350,80.500000,10000.000000,2,0,72927721,818,2,818,2,0,54,8
3,350,80.500000,10000.000000,2,0,72927724,820,2,820,2,0,54,8
3,350,80.500000,10000.000000,2,0,72927726,823,2,823,2,0,54,8
3,350,80.500000,10000.000000,2,0,72927729,825,1,825,1,0,54,8
3,350,80.500000,10000.000000,2,0,72927732,826,0,826,0,0,54,8
3,350,80.500000,10000.000000,2,0,72927735,829,0,829,0,0,54,8
3,350,80.500000,10000.000000,2,0,72927737,831,0,831,-1,0,54,8
3,350,80.500000,10000.000000,2,0,72927740,833,0,833,-2,0,54,8
3,350,80.500000,10000.000000,2,0,72927743,835,0,835,-3,0,54,8
3,350,80.500000,10000.000000,2,0,72927746,837,0,837,-4,0,54,8
3,350,80.500000,10000.000000,2,0,72927748,839,0,839,-5,0,54,8
3,350,80.500000,10000.000000,2,0,72927752,840,0,840,-6,0,54,8
3,350,80.500000,10000.000000,2,0,72927754,841,0,841,-7,0,54,8
3,350,80.500000,10000.000000,2,0,72927757,844,0,844,-8,0,54,8
3,350,80.500000,10000.000000,2,0,72927760,845,0,845,-8,0,54,8
3,350,80.500000,10000.000000,2,0,72927763,846,0,846,-8,0,54,8
3,350,80.500000,10000.000000,2,0,72927765,847,0,847,-8,0,54,8
3,350,80.500000,10000.000000,2,0,72927768,848,0,848,-8,0,54,8
3,350,80.500000,10000.000000,2,0,72927771,849,0,849,-9,0,54,8
3,350,80.500000,10000.000000,2,0,72927774,850,0,850,-9,0,54,8
3,350,80.500000,10000.000000,2,0,72927777,850,0,850,-10,0,54,8
3,350,80.500000,10000.000000,2,0,72927779,851,0,851,-11,0,54,8
3,350,80.500000,10000.000000,2,0,72927782,853,0,853,-12,0,54,8
3,350,80.500000,10000.000000,2,0,72927785,854,0,854,-12,0,54,8
3,350,80.500000,10000.000000,2,0,72927788,856,0,856,-12,0,54,8
3,350,80.500000,10000.000000,2,0,72927791,858,0,858,-13,0,54,8
3,350,80.500000,10000.000000,2,0,72927793,860,0,860,-14,0,54,8
3,350,80.500000,10000.000000,2,0,72927796,861,0,861,-14,0,54,8
3,350,80.500000,10000.000000,2,0,72927799,862,0,862,-15,0,54,8
3,350,80.500000,10000.000000,2,0,72927802,864,0,864,-15,0,54,8
3,350,80.500000,10000.000000,2,0,72927804,866,0,866,-16,0,54,8
3,350,80.500000,10000.000000,2,0,72927807,869,0,869,-16,0,54,8
3,350,80.500000,10000.000000,2,0,72927810,870,0,870,-17,0,54,8
3,350,80.500000,10000.000000,2,0,72927813,872,0,872,-17,0,54,8
3,350,80.500000,10000.000000,2,0,72927815,875,0,875,-18,0,54,8
3,350,80.500000,10000.000000,2,0,72927818,878,0,878,-18,0,54,8
3,350,80.500000,10000.000000,2,0,72927821,881,0,881,-20,0,54,8
3,350,80.500000,10000.000000,2,0,72927824,883,0,883,-21,0,54,8
3,350,80.500000,10000.000000,2,0,72927827,887,0,887,-21,0,54,8
3,350,80.500000,10000.000000,2,0,72927830,892,0,892,-21,0,54,8
3,350,80.500000,10000.000000,2,0,72927832,897,0,897,-23,0,54,8
3,350,80.500000,10000.000000,2,0,72927835,904,0,904,-24,0,54,8
3,350,80.500000,10000.000000,2,0,72927838,908,0,908,-25,0,54,8
3,350,80.500000,10000.000000,2,0,72927841,914,0,914,-26,0,54,8
3,350,80.500000,10000.000000,2,0,72927843,920,0,920,-27,0,54,8
3,350,80.500000,10000.000000,2,0,72927846,926,0,926,-28,0,54,8
3,350,80.500000,10000.000000,2,0,72927849,931,0,931,-29,0,54,8
3,350,80.500000,10000.000000,2,0,72927852,937,0,937,-30,0,54,8
3,350,80.500000,10000.000000,2,0,72927854,943,0,943,-33,0,54,8
3,350,80.500000,10000.000000,2,0,72927857,948,0,948,-34,0,54,8
3,350,80.500000,10000.000000,2,0,72927860,953,0,953,-34,0,54,8
3,350,80.500000,10000.000000,2,0,72927863,956,0,956,-35,0,54,8
3,350,80.500000,10000.000000,2,0,72927865,964,0,964,-35,0,54,8
3,350,80.500000,10000.000000,2,0,72927868,970,0,970,-35,0,54,8
3,350,80.500000,10000.000000,2,0,72927871,975,0,975,-36,0,54,8
3,350,80.500000,10000.000000,2,0,72927874,980,0,980,-37,0,54,8
3,350,80.500000,10000.000000,2,0,72927877,984,0,984,-38,0,54,8
3,350,80.500000,10000.000000,2,0,72927879,987,0,987,-38,0,54,8
3,350,80.500000,10000.000000,2,0,72927882,990,0,990,-39,0,54,8
3,350,80.500000,10000.000000,2,0,72927885,994,0,994,-40,0,54,8
3,350,80.500000,10000.000000,2,0,72927888,998,0,998,-41,0,54,8
3,350,80.500000,10000.000000,2,0,72927891,1003,0,1003,-42,0,54,8
3,350,80.500000,10000.000000,2,0,72927893,1010,0,1010,-42,0,54,8
3,350,80.500000,10000.000000,2,0,72927896,1016,0,1016,-42,0,54,8
3,350,80.500000,10000.000000,2,0,72927899,1019,0,1019,-42,0,54,8
3,350,80.500000,10000.000000,2,0,72927902,1023,0,1023,-42,0,54,8
3,350,80.500000,10000.000000,2,0,72927904,1026,0,1026,-44,0,54,8
3,350,80.500000,10000.000000,2,0,72927907,1032,0,1032,-45,0,54,8
3,350,80.500000,10000.000000,2,0,72927910,1037,0,1037,-45,0,54,8
3,350,80.500000,10000.000000,2,0,72927913,1040,0,1040,-45,0,54,8
3,350,80.500000,10000.000000,2,0,72927916,1044,0,1044,-47,0,54,8
3,350,80.500000,10000.000000,2,0,72927918,1047,0,1047,-48,0,54,8
3,350,80.500000,10000.000000,2,0,72927921,1051,0,1051,-48,0,54,8
3,350,80.500000,10000.000000,2,0,72927924,1056,0,1056,-49,0,54,8
3,350,80.500000,10000.000000,2,0,72927927,1059,0,1059,-50,0,54,8
3,350,80.500000,10000.000000,2,0,72927929,1060,0,1060,-52,0,54,8
3,350,80.500000,10000.000000,2,0,72927932,1064,0,1064,-53,0,54,8
3,350,80.500000,10000.000000,2,0,72927935,1067,0,1067,-54,0,54,8
3,350,80.500000,10000.000000,2,0,72927938,1072,0,1072,-56,0,54,8
3,350,80.500000,10000.000000,2,0,72927941,1075,0,1075,-56,0,54,8
3,350,80.500000,10000.000000,2,0,72927943,1081,0,1081,-57,0,54,8
3,350,80.500000,10000.000000,2,0,72927946,1085,0,1085,-59,0,54,8
3,350,80.500000,10000.000000,2,0,72927949,1088,0,1088,-59,0,54,8
3,350,80.500000,10000.000000,2,0,72927952,1091,0,1091,-59,0,54,8
3,350,80.500000,10000.000000,2,0,72927954,1094,0,1094,-60,0,54,8
3,350,80.500000,10000.000000,2,0,72927957,1097,0,1097,-60,0,54,8
3,350,80.500000,10000.000000,2,0,72927960,1101,0,1101,-62,0,54,8
3,350,80.500000,10000.000000,2,0,72927963,1104,0,1104,-62,0,54,8
3,350,80.500000,10000.000000,2,0,72927966,1107,0,1107,-62,0,54,8
3,350,80.500000,10000.000000,2,0,72927968,1110,0,1110,-62,0,54,8
3,350,80.500000,10000.000000,2,0,72927971,1113,0,1113,-62,0,54,8
3,350,80.500000,10000.000000,2,0,72927974,1114,0,1114,-63,0,54,8
3,350,80.500000,10000.000000,2,0,72927977,1117,0,1117,-64,0,54,8
3,350,80.500000,10000.000000,2,0,72927979,1120,0,1120,-64,0,54,8
3,350,80.500000,10000.000000,2,0,72927982,1123,0,1123,-65,0,54,8
3,350,80.500000,10000.000000,2,0,72927985,1125,0,1125,-65,0,54,8
3,350,80.500000,10000.000000,2,0,72927988,1128,0,1128,-65,0,54,8
3,350,80.500000,10000.000000,2,0,72927991,1130,0,1130,-65,0,54,8
3,350,80.500000,10000.000000,2,0,72927994,1132,0,1132,-65,0,54,8
3,350,80.500000,10000.000000,2,0,72927996,1134,0,1134,-66,0,54,8
3,350,80.500000,10000.000000,2,0,72927999,1136,0,1136,-66,0,54,8
3,350,80.500000,10000.000000,2,0,72928002,1137,0,1137,-67,0,54,8
3,350,80.500000,10000.000000,2,0,72928005,1138,0,1138,-67,0,54,8
3,350,80.500000,10000.000000,2,0,72928007,1140,0,1140,-68,0,54,8
3,350,80.500000,10000.000000,2,0,72928010,1143,0,1143,-69,0,54,8
3,350,80.500000,10000.000000,2,0,72928013,1145,0,1145,-69,0,54,8
3,350,80.500000,10000.000000,2,0,72928016,1147,0,1147,-69,0,54,8
3,350,80.500000,10000.000000,2,0,72928018,1148,0,1148,-69,0,54,8
3,350,80.500000,10000.000000,2,0,72928021,1148,0,1148,-70,0,54,8
3,350,80.500000,10000.000000,2,0,72928024,1148,0,1148,-71,0,54,8
3,350,80.500000,10000.000000,2,0,72928027,1148,0,1148,-71,0,54,8
3,350,80.500000,10000.000000,2,0,72928029,1148,0,1148,-71,0,54,8
3,350,80.500000,10000.000000,2,0,72928032,1148,0,1148,-71,0,54,8
3,350,80.500000,10000.000000,2,0,72928035,1148,0,1148,-71,0,54,8
3,350,80.500000,10000.000000,2,0,72928038,1148,0,1148,-71,0,54,8
3,350,80.500000,10000.000000,2,0,72928041,1148,0,1148,-71,0,54,8
3,350,80.500000,10000.000000,2,0,72928043,1148,0,1148,-71,0,54,8
3,350,80.500000,10000.000000,2,0,72928046,1148,0,1148,-71,0,54,8
3,350,80.500000,10000.000000,2,0,72928049,1148,0,1148,-71,0,54,8
3,350,80.500000,10000.000000,2,0,72928052,1148,0,1148,-71,0,54,8
3,350,80.500000,10000.000000,2,0,72928055,1148,0,1148,-71,0,54,8
3,350,80.500000,10000.000000,2,0,72928057,1148,0,1148,-71,0,54,8
3,350,80.500000,10000.000000,2,0,72928060,1148,0,1148,-71,0,54,8
3,350,80.500000,10000.000000,2,0,72928063,1148,0,1148,-71,0,54,8
3,350,80.500000,10000.000000,2,0,72928066,1148,0,1148,-71,0,54,8
3,350,80.500000,10000.000000,2,0,72928068,1148,0,1148,-71,0,54,8
3,350,80.500000,10000.000000,2,0,72928071,1148,0,1148,-71,0,54,8
3,350,80.500000,10000.000000,2,0,72928074,1148,0,1148,-71,0,54,8
3,350,80.500000,10000.000000,2,0,72928076,1148,0,1148,-71,0,54,8
3,350,80.500000,10000.000000,2,0,72928079,1148,0,1148,-71,0,54,8
3,350,80.500000,10000.000000,2,0,72928082,1148,0,1148,-71,0,54,8
3,350,80.500000,10000.000000,2,0,72928085,1148,0,1148,-71,0,54,8
3,350,80.500000,10000.000000,2,0,72928087,1148,0,1148,-71,0,54,8
3,350,80.500000,10000.000000,2,0,72928090,1148,0,1148,-71,0,54,8
3,350,80.500000,10000.000000,2,0,72928093,1148,0,1148,-71,0,54,8
3,350,80.500000,10000.000000,2,0,72928096,1148,0,1148,-71,0,54,8
3,350,80.500000,10000.000000,2,0,72928099,1148,0,1148,-71,0,54,8
3,350,80.500000,10000.000000,2,0,72928101,1148,0,1148,-71,0,54,8
3,350,80.500000,10000.000000,2,0,72928104,1148,0,1148,-71,0,54,8
3,350,80.500000,10000.000000,2,0,72928107,1148,0,1148,-71,0,54,8
3,350,80.500000,10000.000000,2,0,72928110,1148,0,1148,-71,0,54,8
3,350,80.500000,10000.000000,2,0,72928113,1148,0,1148,-71,0,54,8
3,350,80.500000,10000.000000,2,0,72928115,1148,0,1148,-71,0,54,8
3,350,80.500000,10000.000000,2,0,72928118,1148,0,1148,-71,0,54,8
3,350,80.500000,10000.000000,2,0,72928121,1148,0,1148,-71,0,54,8
3,350,80.500000,10000.000000,2,0,72928124,1148,0,1148,-71,0,54,8
3,350,80.500000,10000.000000,2,0,72928126,1148,0,1148,-71,0,54,8
3,350,80.500000,10000.000000,2,0,72928129,1147,0,1147,-71,0,54,8
3,350,80.500000,10000.000000,2,0,72928140,1146,0,1146,-71,0,54,8
