3,700,21.000000,0.000000,2,0,73030042,621,4,621,4,0,59,11
3,700,21.000000,0.000000,2,0,73030043,621,4,621,4,0,59,11
3,700,21.000000,0.000000,2,0,73030045,621,4,621,4,0,59,11
3,700,21.000000,0.000000,2,0,73030048,621,4,621,4,0,59,11
3,700,21.000000,0.000000,2,0,73030051,621,4,621,4,0,59,11
3,700,21.000000,0.000000,2,0,73030054,621,4,621,4,0,59,11
3,700,21.000000,0.000000,2,0,73030057,621,4,621,4,0,59,11
3,700,21.000000,0.000000,2,0,73030059,621,4,621,4,0,59,11
3,700,21.000000,0.000000,2,0,73030062,621,4,621,4,0,59,11
3,700,21.000000,0.000000,2,0,73030065,621,4,621,4,0,59,11
3,700,21.000000,0.000000,2,0,73030068,621,4,621,4,0,59,11
3,700,21.000000,0.000000,2,0,73030070,621,4,621,4,0,59,11
3,700,21.000000,0.000000,2,0,73030073,621,4,621,4,0,59,11
3,700,21.000000,0.000000,2,0,73030076,621,4,621,4,0,59,11
3,700,21.000000,0.000000,2,0,73030079,621,4,621,4,0,59,11
3,700,21.000000,0.000000,2,0,73030082,621,4,621,4,0,59,11
3,700,21.000000,0.000000,2,0,73030084,621,4,621,4,0,59,11
3,700,21.000000,0.000000,2,0,73030087,621,4,621,4,0,59,11
3,700,21.000000,0.000000,2,0,73030090,621,4,621,4,0,59,11
3,700,21.000000,0.000000,2,0,73030093,621,4,621,4,0,59,11
3,700,21.000000,0.000000,2,0,73030095,621,4,621,4,0,59,11
3,700,21.000000,0.000000,2,0,73030098,621,4,621,4,0,59,11
3,700,21.000000,0.000000,2,0,73030101,621,4,621,4,0,59,11
3,700,21.000000,0.000000,2,0,73030104,621,4,621,4,0,59,11
3,700,21.000000,0.000000,2,0,73030107,621,4,621,4,0,59,11
3,700,21.000000,0.000000,2,0,73030109,621,4,621,4,0,59,11
3,700,21.000000,0.000000,2,0,73030112,621,4,621,4,0,59,11
3,700,21.000000,0.000000,2,0,73030115,621,4,621,4,0,59,11
3,700,21.000000,0.000000,2,0,73030118,621,4,621,4,0,59,11
3,700,21.000000,0.000000,2,0,73030120,621,4,621,4,0,59,11
3,700,21.000000,0.000000,2,0,73030123,621,4,621,4,0,59,11
3,700,21.000000,0.000000,2,0,73030126,621,4,621,4,0,59,11
3,700,21.000000,0.000000,2,0,73030129,621,4,621,4,0,59,11
3,700,21.000000,0.000000,2,0,73030132,621,4,621,4,0,59,11
3,700,21.000000,0.000000,2,0,73030135,621,4,621,4,0,59,11
3,700,21.000000,0.000000,2,0,73030137,621,4,621,4,0,59,11
3,700,21.000000,0.000000,2,0,73030140,621,4,621,4,0,59,11
3,700,21.000000,0.000000,2,0,73030143,621,4,621,4,0,59,11
3,700,21.000000,0.000000,2,0,73030146,621,4,621,4,0,59,11
3,700,21.000000,0.000000,2,0,73030148,621,4,621,4,0,59,11
3,700,21.000000,0.000000,2,0,73030151,621,4,621,4,0,59,11
3,700,21.000000,0.000000,2,0,73030154,621,4,621,4,0,59,11
3,700,21.000000,0.000000,2,0,73030157,621,4,621,4,0,59,11
3,700,21.000000,0.000000,2,0,73030159,621,4,621,4,0,59,11
3,700,21.000000,0.000000,2,0,73030162,622,4,622,4,0,59,11
3,700,21.000000,0.000000,2,0,73030165,623,5,623,5,0,59,11
3,700,21.000000,0.000000,2,0,73030168,624,6,624,6,0,59,11
3,700,21.000000,0.000000,2,0,73030171,625,7,625,7,0,59,11
3,700,21.000000,0.000000,2,0,73030173,627,8,627,8,0,59,11
3,700,21.000000,0.000000,2,0,73030176,629,9,629,9,0,59,11
3,700,21.000000,0.000000,2,0,73030179,630,9,630,9,0,59,11
3,700,21.000000,0.000000,2,0,73030182,630,11,630,11,0,59,11
3,700,21.000000,0.000000,2,0,73030184,633,11,633,11,0,59,11
3,700,21.000000,0.000000,2,0,73030187,634,11,634,11,0,59,11
3,700,21.000000,0.000000,2,0,73030190,635,11,635,11,0,59,11
3,700,21.000000,0.000000,2,0,73030193,637,11,637,11,0,59,11
3,700,21.000000,0.000000,2,0,73030196,640,13,640,13,0,59,11
3,700,21.000000,0.000000,2,0,73030198,642,15,642,15,0,59,11
3,700,21.000000,0.000000,2,0,73030201,643,16,643,16,0,59,11
3,700,21.000000,0.000000,2,0,73030204,644,17,644,17,0,59,11
3,700,21.000000,0.000000,2,0,73030207,646,18,646,18,0,59,11
3,700,21.000000,0.000000,2,0,73030210,648,20,648,20,0,59,11
3,700,21.000000,0.000000,2,0,73030212,650,21,650,21,0,59,11
3,700,21.000000,0.000000,2,0,73030215,651,22,651,22,0,59,11
3,700,21.000000,0.000000,2,0,73030218,653,23,653,23,0,59,11
3,700,21.000000,0.000000,2,0,73030221,655,25,655,25,0,59,11
3,700,21.000000,0.000000,2,0,73030223,657,26,657,26,0,59,11
3,700,21.000000,0.000000,2,0,73030226,659,28,659,28,0,59,11
3,700,21.000000,0.000000,2,0,73030229,666,33,666,33,0,59,11
3,700,21.000000,0.000000,2,0,73030232,668,35,668,35,0,59,11
3,700,21.000000,0.000000,2,0,73030235,674,38,674,38,0,59,11
3,700,21.000000,0.000000,2,0,73030237,679,42,679,42,0,59,11
3,700,21.000000,0.000000,2,0,73030240,683,44,683,44,0,59,11
3,700,21.000000,0.000000,2,0,73030243,686,45,686,45,0,59,11
3,700,21.000000,0.000000,2,0,73030246,692,46,692,46,0,59,11
3,700,21.000000,0.000000,2,0,73030249,696,51,696,51,0,59,11
3,700,21.000000,0.000000,2,0,73030251,703,54,703,54,0,59,11
3,700,21.000000,0.000000,2,0,73030254,707,56,707,56,0,59,11
3,700,21.000000,0.000000,2,0,73030257,712,59,712,59,0,59,11
3,700,21.000000,0.000000,2,0,73030260,719,62,719,62,0,59,11
3,700,21.000000,0.000000,2,0,73030262,723,66,723,66,0,59,11
3,700,21.000000,0.000000,2,0,73030265,729,68,729,68,0,59,11
3,700,21.000000,0.000000,2,0,73030268,734,70,734,70,0,59,11
3,700,21.000000,0.000000,2,0,73030271,740,73,740,73,0,59,11
3,700,21.000000,0.000000,2,0,73030274,745,74,745,74,0,59,11
3,700,21.000000,0.000000,2,0,73030276,752,77,752,77,0,59,11
3,700,21.000000,0.000000,2,0,73030279,758,78,758,78,0,59,11
3,700,21.000000,0.000000,2,0,73030282,764,79,764,79,0,59,11
3,700,21.000000,0.000000,2,0,73030285,772,81,772,81,0,59,11
3,700,21.000000,0.000000,2,0,73030288,778,84,778,84,0,59,11
3,700,21.000000,0.000000,2,0,73030290,783,85,783,85,0,59,11
3,700,21.000000,0.000000,2,0,73030293,787,85,787,85,0,59,11
3,700,21.000000,0.000000,2,0,73030296,793,86,793,86,0,59,11
3,700,21.000000,0.000000,2,0,73030299,799,87,799,87,0,59,11
3,700,21.000000,0.000000,2,0,73030301,806,87,806,87,0,59,11
3,700,21.000000,0.000000,2,0,73030304,813,88,813,88,0,59,11
3,700,21.000000,0.000000,2,0,73030307,821,89,821,89,0,59,11
3,700,21.000000,0.000000,2,0,73030310,827,89,827,89,0,59,11
3,700,21.000000,0.000000,2,0,73030313,835,90,835,90,0,59,11
3,700,21.000000,0.000000,2,0,73030315,844,91,844,91,0,59,11
3,700,21.000000,0.000000,2,0,73030318,849,91,849,91,0,59,11
3,700,21.000000,0.000000,2,0,73030321,856,91,856,91,0,59,11
3,700,21.000000,0.000000,2,0,73030324,863,92,863,92,0,59,11
3,700,21.000000,0.000000,2,0,73030327,868,92,868,92,0,59,11
3,700,21.000000,0.000000,2,0,73030329,875,92,875,92,0,59,11
3,700,21.000000,0.000000,2,0,73030332,882,92,882,92,0,59,11
3,700,21.000000,0.000000,2,0,73030335,891,92,891,92,0,59,11
3,700,21.000000,0.000000,2,0,73030338,899,92,899,92,0,59,11
3,700,21.000000,0.000000,2,0,73030341,905,92,905,92,0,59,11
3,700,21.000000,0.000000,2,0,73030343,916,92,916,92,0,59,11
3,700,21.000000,0.000000,2,0,73030346,924,92,924,92,0,59,11
3,700,21.000000,0.000000,2,0,73030349,931,92,931,92,0,59,11
3,700,21.000000,0.000000,2,0,73030351,941,91,941,91,0,59,11
3,700,21.000000,0.000000,2,0,73030354,950,91,950,91,0,59,11
3,700,21.000000,0.000000,2,0,73030357,957,90,957,90,0,59,11
3,700,21.000000,0.000000,2,0,73030360,966,90,966,90,0,59,11
3,700,21.000000,0.000000,2,0,73030363,974,90,974,90,0,59,11
3,700,21.000000,0.000000,2,0,73030365,983,90,983,90,0,59,11
3,700,21.000000,0.000000,2,0,73030368,992,90,992,90,0,59,11
3,700,21.000000,0.000000,2,0,73030371,999,90,999,90,0,59,11
3,700,21.000000,0.000000,2,0,73030374,1005,90,1005,90,0,59,11
3,700,21.000000,0.000000,2,0,73030377,1013,90,1013,90,0,59,11
3,700,21.000000,0.000000,2,0,73030379,1019,90,1019,90,0,59,11
3,700,21.000000,0.000000,2,0,73030382,1029,89,1029,89,0,59,11
3,700,21.000000,0.000000,2,0,73030385,1037,89,1037,89,0,59,11
3,700,21.000000,0.000000,2,0,73030387,1045,89,1045,89,0,59,11
3,700,21.000000,0.000000,2,0,73030390,1054,89,1054,89,0,59,11
3,700,21.000000,0.000000,2,0,73030393,1061,87,1061,87,0,59,11
3,700,21.000000,0.000000,2,0,73030396,1070,85,1070,85,0,59,11
3,700,21.000000,0.000000,2,0,73030399,1077,84,1077,84,0,59,11
3,700,21.000000,0.000000,2,0,73030401,1081,83,1081,83,0,59,11
3,700,21.000000,0.000000,2,0,73030404,1088,83,1088,83,0,59,11
3,700,21.000000,0.000000,2,0,73030407,1095,81,1095,81,0,59,11
3,700,21.000000,0.000000,2,0,73030410,1100,80,1100,80,0,59,11
3,700,21.000000,0.000000,2,0,73030413,1108,79,1108,79,0,59,11
3,700,21.000000,0.000000,2,0,73030415,1115,78,1115,78,0,59,11
3,700,21.000000,0.000000,2,0,73030418,1121,77,1121,77,0,59,11
3,700,21.000000,0.000000,2,0,73030421,1125,76,1125,76,0,59,11
3,700,21.000000,0.000000,2,0,73030424,1131,75,1131,75,0,59,11
3,700,21.000000,0.000000,2,0,73030426,1135,73,1135,73,0,59,11
3,700,21.000000,0.000000,2,0,73030429,1139,73,1139,73,0,59,11
3,700,21.000000,0.000000,2,0,73030432,1146,72,1146,72,0,59,11
3,700,21.000000,0.000000,2,0,73030435,1149,71,1149,71,0,59,11
3,700,21.000000,0.000000,2,0,73030438,1153,69,1153,69,0,59,11
3,700,21.000000,0.000000,2,0,73030441,1156,69,1156,69,0,59,11
3,700,21.000000,0.000000,2,0,73030443,1159,69,1159,69,0,59,11
3,700,21.000000,0.000000,2,0,73030446,1163,66,1163,66,0,59,11
3,700,21.000000,0.000000,2,0,73030449,1167,66,1167,66,0,59,11
3,700,21.000000,0.000000,2,0,73030452,1172,66,1172,66,0,59,11
3,700,21.000000,0.000000,2,0,73030454,1175,66,1175,66,0,59,11
3,700,21.000000,0.000000,2,0,73030457,1179,64,1179,64,0,59,11
3,700,21.000000,0.000000,2,0,73030460,1182,64,1182,64,0,59,11
3,700,21.000000,0.000000,2,0,73030463,1185,63,1185,63,0,59,11
3,700,21.000000,0.000000,2,0,73030465,1188,63,1188,63,0,59,11
3,700,21.000000,0.000000,2,0,73030468,1192,62,1192,62,0,59,11
3,700,21.000000,0.000000,2,0,73030471,1196,62,1196,62,0,59,11
3,700,21.000000,0.000000,2,0,73030474,1199,62,1199,62,0,59,11
3,700,21.000000,0.000000,2,0,73030476,1203,61,1203,61,0,59,11
3,700,21.000000,0.000000,2,0,73030479,1208,61,1208,61,0,59,11
3,700,21.000000,0.000000,2,0,73030482,1211,59,1211,59,0,59,11
3,700,21.000000,0.000000,2,0,73030485,1214,59,1214,59,0,59,11
3,700,21.000000,0.000000,2,0,73030488,1216,58,1216,58,0,59,11
3,700,21.000000,0.000000,2,0,73030490,1219,58,1219,58,0,59,11
3,700,21.000000,0.000000,2,0,73030493,1222,57,1222,57,0,59,11
3,700,21.000000,0.000000,2,0,73030496,1226,57,1226,57,0,59,11
3,700,21.000000,0.000000,2,0,73030499,1229,57,1229,57,0,59,11
3,700,21.000000,0.000000,2,0,73030501,1232,57,1232,57,0,59,11
3,700,21.000000,0.000000,2,0,73030504,1232,56,1232,56,0,59,11
3,700,21.000000,0.000000,2,0,73030507,1235,55,1235,55,0,59,11
3,700,21.000000,0.000000,2,0,73030510,1237,55,1237,55,0,59,11
3,700,21.000000,0.000000,2,0,73030513,1240,54,1240,54,0,59,11
3,700,21.000000,0.000000,2,0,73030515,1243,54,1243,54,0,59,11
3,700,21.000000,0.000000,2,0,73030518,1246,54,1246,54,0,59,11
3,700,21.000000,0.000000,2,0,73030521,1249,54,1249,54,0,59,11
3,700,21.000000,0.000000,2,0,73030524,1251,54,1251,54,0,59,11
3,700,21.000000,0.000000,2,0,73030526,1252,54,1252,54,0,59,11
3,700,21.000000,0.000000,2,0,73030529,1253,53,1253,53,0,59,11
3,700,21.000000,0.000000,2,0,73030532,1254,53,1254,53,0,59,11
3,700,21.000000,0.000000,2,0,73030535,1255,52,1255,52,0,59,11
3,700,21.000000,0.000000,2,0,73030538,1256,52,1256,52,0,59,11
3,700,21.000000,0.000000,2,0,73030541,1257,52,1257,52,0,59,11
3,700,21.000000,0.000000,2,0,73030543,1257,52,1257,52,0,59,11
3,700,21.000000,0.000000,2,0,73030546,1257,52,1257,52,0,59,11
3,700,21.000000,0.000000,2,0,73030549,1257,52,1257,52,0,59,11
3,700,21.000000,0.000000,2,0,73030551,1257,52,1257,52,0,59,11
3,700,21.000000,0.000000,2,0,73030554,1257,52,1257,52,0,59,11
3,700,21.000000,0.000000,2,0,73030557,1257,52,1257,52,0,59,11
3,700,21.000000,0.000000,2,0,73030560,1257,52,1257,52,0,59,11
3,700,21.000000,0.000000,2,0,73030562,1257,52,1257,52,0,59,11
3,700,21.000000,0.000000,2,0,73030565,1257,51,1257,51,0,59,11
3,700,21.000000,0.000000,2,0,73030568,1257,50,1257,50,0,59,11
3,700,21.000000,0.000000,2,0,73030571,1257,50,1257,50,0,59,11
3,700,21.000000,0.000000,2,0,73030573,1257,50,1257,50,0,59,11
3,700,21.000000,0.000000,2,0,73030577,1257,50,1257,50,0,59,11
3,700,21.000000,0.000000,2,0,73030579,1257,50,1257,50,0,59,11
3,700,21.000000,0.000000,2,0,73030582,1257,49,1257,49,0,59,11
3,700,21.000000,0.000000,2,0,73030585,1257,48,1257,48,0,59,11
3,700,21.000000,0.000000,2,0,73030588,1257,47,1257,47,0,59,11
3,700,21.000000,0.000000,2,0,73030591,1258,47,1258,47,0,59,11
3,700,21.000000,0.000000,2,0,73030593,1259,47,1259,47,0,59,11
3,700,21.000000,0.000000,2,0,73030596,1260,47,1260,47,0,59,11
3,700,21.000000,0.000000,2,0,73030599,1261,47,1261,47,0,59,11
3,700,21.000000,0.000000,2,0,73030602,1261,47,1261,47,0,59,11
3,700,21.000000,0.000000,2,0,73030604,1261,46,1261,46,0,59,11
3,700,21.000000,0.000000,2,0,73030607,1261,45,1261,45,0,59,11
3,700,21.000000,0.000000,2,0,73030610,1262,45,1262,45,0,59,11
3,700,21.000000,0.000000,2,0,73030613,1262,43,1262,43,0,59,11
3,700,21.000000,0.000000,2,0,73030615,1262,41,1262,41,0,59,11
3,700,21.000000,0.000000,2,0,73030618,1262,41,1262,41,0,59,11
3,700,21.000000,0.000000,2,0,73030621,1262,41,1262,41,0,59,11
3,700,21.000000,0.000000,2,0,73030624,1263,41,1263,41,0,59,11
3,700,21.000000,0.000000,2,0,73030627,1263,40,1263,40,0,59,11
3,700,21.000000,0.000000,2,0,73030629,1263,39,1263,39,0,59,11
3,700,21.000000,0.000000,2,0,73030632,1264,38,1264,38,0,59,11
3,700,21.000000,0.000000,2,0,73030635,1265,37,1265,37,0,59,11
3,700,21.000000,0.000000,2,0,73030638,1266,37,1266,37,0,59,11
3,700,21.000000,0.000000,2,0,73030640,1267,37,1267,37,0,59,11
3,700,21.000000,0.000000,2,0,73030643,1267,37,1267,37,0,59,11
3,700,21.000000,0.000000,2,0,73030646,1267,37,1267,37,0,59,11
3,700,21.000000,0.000000,2,0,73030649,1267,35,1267,35,0,59,11
3,700,21.000000,0.000000,2,0,73030652,1268,34,1268,34,0,59,11
3,700,21.000000,0.000000,2,0,73030655,1268,33,1268,33,0,59,11
3,700,21.000000,0.000000,2,0,73030657,1269,33,1269,33,0,59,11
3,700,21.000000,0.000000,2,0,73030660,1270,33,1270,33,0,59,11
3,700,21.000000,0.000000,2,0,73030663,1271,33,1271,33,0,59,11
3,700,21.000000,0.000000,2,0,73030666,1272,32,1272,32,0,59,11
3,700,21.000000,0.000000,2,0,73030668,1272,31,1272,31,0,59,11
3,700,21.000000,0.000000,2,0,73030671,1274,29,1274,29,0,59,11
3,700,21.000000,0.000000,2,0,73030674,1274,28,1274,28,0,59,11
3,700,21.000000,0.000000,2,0,73030677,1274,27,1274,27,0,59,11
3,700,21.000000,0.000000,2,0,73030679,1275,26,1275,26,0,59,11
3,700,21.000000,0.000000,2,0,73030682,1275,26,1275,26,0,59,11
3,700,21.000000,0.000000,2,0,73030685,1275,25,1275,25,0,59,11
3,700,21.000000,0.000000,2,0,73030688,1275,24,1275,24,0,59,11
3,700,21.000000,0.000000,2,0,73030691,1275,23,1275,23,0,59,11
3,700,21.000000,0.000000,2,0,73030693,1275,22,1275,22,0,59,11
3,700,21.000000,0.000000,2,0,73030696,1275,22.600000,1275,21,0,59,11
3,700,21.000000,0.000000,2,0,73030699,1276,22.600000,1276,20,0,59,11
3,700,21.000000,0.000000,2,0,73030702,1278,22.600000,1278,18,0,59,11
3,700,21.000000,0.000000,2,0,73030705,1279,22.600000,1279,16,0,59,11
3,700,21.000000,0.000000,2,0,73030707,1279,22.600000,1279,15,0,59,11
3,700,21.000000,0.000000,2,0,73030710,1280,22.600000,1280,14,0,59,11
3,700,21.000000,0.000000,2,0,73030713,1281,22.600000,1281,14,0,59,11
3,700,21.000000,0.000000,2,0,73030716,1282,22.600000,1282,13,0,59,11
3,700,21.000000,0.000000,2,0,73030718,1283,22.600000,1283,13,0,59,11
3,700,21.000000,0.000000,2,0,73030721,1283,22.600000,1283,12,0,59,11
3,700,21.000000,0.000000,2,0,73030724,1283,22.600000,1283,11,0,59,11
3,700,21.000000,0.000000,2,0,73030727,1285,22.600000,1285,11,0,59,11
3,700,21.000000,0.000000,2,0,73030730,1288,22.600000,1288,9,0,59,11
3,700,21.000000,0.000000,2,0,73030732,1289,22.600000,1289,8,0,59,11
3,700,21.000000,0.000000,2,0,73030735,1289,22.600000,1289,7,0,59,11
3,700,21.000000,0.000000,2,0,73030738,1290,22.600000,1290,7,0,59,11
3,700,21.000000,0.000000,2,0,73030741,1291,22.600000,1291,7,0,59,11
3,700,21.000000,0.000000,2,0,73030743,1293,22.600000,1293,5,0,59,11
3,700,21.000000,0.000000,2,0,73030746,1293,22.600000,1293,3,0,59,11
3,700,21.000000,0.000000,2,0,73030749,1293,22.600000,1293,2,0,59,11
3,700,21.000000,0.000000,2,0,73030752,1294,22.600000,1294,1,0,59,11
3,700,21.000000,0.000000,2,0,73030755,1295,22.600000,1295,0,0,59,11
3,700,21.000000,0.000000,2,0,73030757,1296,22.600000,1296,-1,0,59,11
3,700,21.000000,0.000000,2,0,73030760,1296,22.600000,1296,-1,0,59,11
3,700,21.000000,0.000000,2,0,73030763,1296,22.600000,1296,-2,0,59,11
3,700,21.000000,0.000000,2,0,73030766,1296,22.600000,1296,-3,0,59,11
3,700,21.000000,0.000000,2,0,73030768,1296,22.600000,1296,-4,0,59,11
3,700,21.000000,0.000000,2,0,73030771,1296,22.600000,1296,-5,0,59,11
3,700,21.000000,0.000000,2,0,73030774,1296,22.600000,1296,-5,0,59,11
3,700,21.000000,0.000000,2,0,73030777,1296,22.600000,1296,-5,0,59,11
3,700,21.000000,0.000000,2,0,73030779,1296,22.600000,1296,-6,0,59,11
3,700,21.000000,0.000000,2,0,73030782,1296,22.600000,1296,-7,0,59,11
3,700,21.000000,0.000000,2,0,73030785,1296,22.600000,1296,-8,0,59,11
3,700,21.000000,0.000000,2,0,73030788,1296,22.600000,1296,-9,0,59,11
3,700,21.000000,0.000000,2,0,73030791,1296,22.600000,1296,-9,0,59,11
3,700,21.000000,0.000000,2,0,73030793,1296,22.600000,1296,-9,0,59,11
3,700,21.000000,0.000000,2,0,73030796,1296,22.600000,1296,-9,0,59,11
3,700,21.000000,0.000000,2,0,73030799,1296,22.600000,1296,-9,0,59,11
3,700,21.000000,0.000000,2,0,73030802,1296,22.600000,1296,-9,0,59,11
3,700,21.000000,0.000000,2,0,73030805,1296,22.600000,1296,-9,0,59,11
3,700,21.000000,0.000000,2,0,73030807,1297,22.600000,1297,-9,0,59,11
3,700,21.000000,0.000000,2,0,73030810,1297,22.600000,1297,-9,0,59,11
3,700,21.000000,0.000000,2,0,73030813,1297,22.600000,1297,-9,0,59,11
3,700,21.000000,0.000000,2,0,73030816,1297,22.600000,1297,-9,0,59,11
3,700,21.000000,0.000000,2,0,73030818,1297,22.600000,1297,-9,0,59,11
3,700,21.000000,0.000000,2,0,73030821,1297,22.600000,1297,-9,0,59,11
3,700,21.000000,0.000000,2,0,73030824,1297,22.600000,1297,-9,0,59,11
3,700,21.000000,0.000000,2,0,73030827,1297,22.600000,1297,-9,0,59,11
3,700,21.000000,0.000000,2,0,73030830,1297,22.600000,1297,-9,0,59,11
3,700,21.000000,0.000000,2,0,73030832,1297,22.600000,1297,-9,0,59,11
3,700,21.000000,0.000000,2,0,73030835,1297,22.600000,1297,-10,0,59,11
3,700,21.000000,0.000000,2,0,73030837,1297,22.600000,1297,-11,0,59,11
3,700,21.000000,0.000000,2,0,73030840,1297,22.600000,1297,-11,0,59,11
3,700,21.000000,0.000000,2,0,73030843,1297,22.600000,1297,-11,0,59,11
3,700,21.000000,0.000000,2,0,73030846,1297,22.600000,1297,-11,0,59,11
3,700,21.000000,0.000000,2,0,73030849,1297,22.600000,1297,-11,0,59,11
3,700,21.000000,0.000000,2,0,73030851,1297,22.600000,1297,-11,0,59,11
3,700,21.000000,0.000000,2,0,73030854,1297,22.600000,1297,-11,0,59,11
3,700,21.000000,0.000000,2,0,73030857,1297,22.600000,1297,-11,0,59,11
3,700,21.000000,0.000000,2,0,73030860,1297,22.600000,1297,-11,0,59,11
3,700,21.000000,0.000000,2,0,73030863,1297,22.600000,1297,-11,0,59,11
3,700,21.000000,0.000000,2,0,73030865,1297,22.600000,1297,-11,0,59,11
3,700,21.000000,0.000000,2,0,73030868,1297,22.600000,1297,-11,0,59,11
3,700,21.000000,0.000000,2,0,73030871,1297,22.600000,1297,-11,0,59,11
3,700,21.000000,0.000000,2,0,73030874,1297,22.600000,1297,-11,0,59,11
3,700,21.000000,0.000000,2,0,73030877,1297,22.600000,1297,-11,0,59,11
3,700,21.000000,0.000000,2,0,73030880,1297,22.600000,1297,-11,0,59,11
3,700,21.000000,0.000000,2,0,73030882,1297,22.600000,1297,-11,0,59,11
3,700,21.000000,0.000000,2,0,73030885,1298,22.600000,1298,-11,0,59,11
3,700,21.000000,0.000000,2,0,73030888,1298,22.600000,1298,-11,0,59,11
3,700,21.000000,0.000000,2,0,73030890,1298,22.600000,1298,-11,0,59,11
3,700,21.000000,0.000000,2,0,73030893,1298,22.600000,1298,-12,0,59,11
3,700,21.000000,0.000000,2,0,73030896,1298,22.600000,1298,-13,0,59,11
3,700,21.000000,0.000000,2,0,73030899,1298,22.600000,1298,-13,0,59,11
3,700,21.000000,0.000000,2,0,73030902,1298,22.600000,1298,-13,0,59,11
3,700,21.000000,0.000000,2,0,73030904,1298,22.600000,1298,-13,0,59,11
3,700,21.000000,0.000000,2,0,73030907,1298,22.600000,1298,-13,0,59,11
3,700,21.000000,0.000000,2,0,73030910,1298,22.600000,1298,-13,0,59,11
3,700,21.000000,0.000000,2,0,73030913,1298,22.600000,1298,-13,0,59,11
3,700,21.000000,0.000000,2,0,73030915,1299,22.600000,1299,-13,0,59,11
3,700,21.000000,0.000000,2,0,73030918,1300,22.600000,1300,-13,0,59,11
3,700,21.000000,0.000000,2,0,73030921,1300,22.600000,1300,-13,0,59,11
3,700,21.000000,0.000000,2,0,73030924,1300,22.600000,1300,-13,0,59,11
3,700,21.000000,0.000000,2,0,73030927,1300,22.600000,1300,-13,0,59,11
3,700,21.000000,0.000000,2,0,73030930,1301,22.600000,1301,-13,0,59,11
3,700,21.000000,0.000000,2,0,73030933,1301,21.600000,1301,-14,0,59,11
3,700,21.000000,0.000000,2,0,73030935,1302,20.600000,1302,-15,0,59,11
3,700,21.000000,0.000000,2,0,73030938,1303,19.600000,1303,-16,0,59,11
3,700,21.000000,0.000000,2,0,73030941,1303,19.600000,1303,-16,0,59,11
3,700,21.000000,0.000000,2,0,73030943,1304,19.600000,1304,-16,0,59,11
3,700,21.000000,0.000000,2,0,73030946,1305,19.600000,1305,-16,0,59,11
3,700,21.000000,0.000000,2,0,73030949,1305,19.600000,1305,-16,0,59,11
3,700,21.000000,0.000000,2,0,73030952,1306,19.600000,1306,-16,0,59,11
3,700,21.000000,0.000000,2,0,73030954,1307,19.600000,1307,-16,0,59,11
3,700,21.000000,0.000000,2,0,73030957,1308,18.600000,1308,-17,0,59,11
3,700,21.000000,0.000000,2,0,73030960,1309,17.600000,1309,-18,0,59,11
3,700,21.000000,0.000000,2,0,73030963,1309,17.600000,1309,-18,0,59,11
3,700,21.000000,0.000000,2,0,73030966,1310,16.600000,1310,-19,0,59,11
3,700,21.000000,0.000000,2,0,73030968,1311,15.600000,1311,-20,0,59,11
3,700,21.000000,0.000000,2,0,73030971,1312,15.600000,1312,-20,0,59,11
3,700,21.000000,0.000000,2,0,73030974,1313,15.600000,1313,-20,0,59,11
3,700,21.000000,0.000000,2,0,73030977,1314,15.600000,1314,-20,0,59,11
3,700,21.000000,0.000000,2,0,73030979,1314,15.600000,1314,-20,0,59,11
3,700,21.000000,0.000000,2,0,73030982,1314,15.600000,1314,-20,0,59,11
3,700,21.000000,0.000000,2,0,73030985,1314,15.600000,1314,-20,0,59,11
3,700,21.000000,0.000000,2,0,73030988,1314,15.600000,1314,-20,0,59,11
3,700,21.000000,0.000000,2,0,73030990,1314,15.600000,1314,-20,0,59,11
3,700,21.000000,0.000000,2,0,73030993,1314,15.600000,1314,-20,0,59,11
3,700,21.000000,0.000000,2,0,73030996,1314,15.600000,1314,-20,0,59,11
3,700,21.000000,0.000000,2,0,73030999,1314,15.600000,1314,-20,0,59,11
3,700,21.000000,0.000000,2,0,73031002,1314,15.600000,1314,-20,0,59,11
3,700,21.000000,0.000000,2,0,73031004,1314,15.600000,1314,-20,0,59,11
3,700,21.000000,0.000000,2,0,73031007,1314,15.600000,1314,-20,0,59,11
3,700,21.000000,0.000000,2,0,73031010,1314,15.600000,1314,-20,0,59,11
3,700,21.000000,0.000000,2,0,73031013,1314,15.600000,1314,-20,0,59,11
3,700,21.000000,0.000000,2,0,73031015,1314,15.600000,1314,-20,0,59,11
3,700,21.000000,0.000000,2,0,73031018,1314,15.600000,1314,-20,0,59,11
3,700,21.000000,0.000000,2,0,73031021,1314,15.600000,1314,-20,0,59,11
3,700,21.000000,0.000000,2,0,73031024,1314,15.600000,1314,-20,0,59,11
3,700,21.000000,0.000000,2,0,73031027,1314,15.600000,1314,-20,0,59,11
3,700,21.000000,0.000000,2,0,73031029,1314,15.600000,1314,-20,0,59,11
3,700,21.000000,0.000000,2,0,73031032,1314,15.600000,1314,-20,0,59,11
3,700,21.000000,0.000000,2,0,73031035,1314,15.600000,1314,-20,0,59,11
3,700,21.000000,0.000000,2,0,73031038,1314,15.600000,1314,-20,0,59,11
3,700,21.000000,0.000000,2,0,73031041,1314,15.600000,1314,-20,0,59,11
3,700,21.000000,0.000000,2,0,73031044,1314,15.600000,1314,-20,0,59,11
3,700,21.000000,0.000000,2,0,73031046,1314,15.600000,1314,-20,0,59,11
3,700,21.000000,0.000000,2,0,73031049,1314,15.600000,1314,-20,0,59,11
3,700,21.000000,0.000000,2,0,73031052,1314,15.600000,1314,-20,0,59,11
3,700,21.000000,0.000000,2,0,73031055,1314,15.600000,1314,-20,0,59,11
3,700,21.000000,0.000000,2,0,73031057,1315,14.600000,1315,-21,0,59,11
3,700,21.000000,0.000000,2,0,73031060,1315,14.600000,1315,-21,0,59,11
3,700,21.000000,0.000000,2,0,73031063,1315,14.600000,1315,-21,0,59,11
3,700,21.000000,0.000000,2,0,73031066,1315,14.600000,1315,-21,0,59,11
3,700,21.000000,0.000000,2,0,73031069,1315,14.600000,1315,-21,0,59,11
3,700,21.000000,0.000000,2,0,73031071,1315,14.600000,1315,-21,0,59,11
3,700,21.000000,0.000000,2,0,73031074,1315,14.600000,1315,-21,0,59,11
3,700,21.000000,0.000000,2,0,73031077,1315,14.600000,1315,-21,0,59,11
3,700,21.000000,0.000000,2,0,73031080,1315,14.600000,1315,-21,0,59,11
3,700,21.000000,0.000000,2,0,73031083,1315,14.600000,1315,-21,0,59,11
3,700,21.000000,0.000000,2,0,73031085,1315,13.600000,1315,-22,0,59,11
3,700,21.000000,0.000000,2,0,73031088,1315,13.600000,1315,-22,0,59,11
3,700,21.000000,0.000000,2,0,73031091,1315,13.600000,1315,-22,0,59,11
3,700,21.000000,0.000000,2,0,73031094,1315,13.600000,1315,-22,0,59,11
3,700,21.000000,0.000000,2,0,73031096,1315,13.600000,1315,-22,0,59,11
3,700,21.000000,0.000000,2,0,73031099,1315,13.600000,1315,-22,0,59,11
3,700,21.000000,0.000000,2,0,73031102,1315,13.600000,1315,-22,0,59,11
3,700,21.000000,0.000000,2,0,73031105,1315,13.600000,1315,-22,0,59,11
3,700,21.000000,0.000000,2,0,73031107,1315,13.600000,1315,-22,0,59,11
3,700,21.000000,0.000000,2,0,73031110,1315,13.600000,1315,-22,0,59,11
3,700,21.000000,0.000000,2,0,73031113,1315,13.600000,1315,-22,0,59,11
3,700,21.000000,0.000000,2,0,73031116,1315,13.600000,1315,-22,0,59,11
3,700,21.000000,0.000000,2,0,73031119,1315,13.600000,1315,-22,0,59,11
3,700,21.000000,0.000000,2,0,73031121,1315,13.600000,1315,-22,0,59,11
3,700,21.000000,0.000000,2,0,73031124,1315,13.600000,1315,-22,0,59,11
3,700,21.000000,0.000000,2,0,73031127,1315,13.600000,1315,-22,0,59,11
3,700,21.000000,0.000000,2,0,73031130,1315,13.600000,1315,-22,0,59,11
3,700,21.000000,0.000000,2,0,73031132,1315,13.600000,1315,-22,0,59,11
3,700,21.000000,0.000000,2,0,73031135,1315,13.600000,1315,-22,0,59,11
3,700,21.000000,0.000000,2,0,73031138,1315,13.600000,1315,-22,0,59,11
3,700,21.000000,0.000000,2,0,73031141,1315,13.600000,1315,-22,0,59,11
3,700,21.000000,0.000000,2,0,73031144,1315,13.600000,1315,-22,0,59,11
3,700,21.000000,0.000000,2,0,73031146,1315,13.600000,1315,-22,0,59,11
3,700,21.000000,0.000000,2,0,73031149,1315,13.600000,1315,-22,0,59,11
3,700,21.000000,0.000000,2,0,73031152,1315,13.600000,1315,-22,0,59,11
3,700,21.000000,0.000000,2,0,73031155,1315,13.600000,1315,-22,0,59,11
3,700,21.000000,0.000000,2,0,73031157,1315,13.600000,1315,-22,0,59,11
3,700,21.000000,0.000000,2,0,73031160,1315,13.600000,1315,-22,0,59,11
3,700,21.000000,0.000000,2,0,73031163,1315,13.600000,1315,-22,0,59,11
3,700,21.000000,0.000000,2,0,73031166,1315,13.600000,1315,-22,0,59,11
3,700,21.000000,0.000000,2,0,73031168,1315,13.600000,1315,-22,0,59,11
3,700,21.000000,0.000000,2,0,73031171,1315,13.600000,1315,-22,0,59,11
3,700,21.000000,0.000000,2,0,73031174,1315,13.600000,1315,-22,0,59,11
3,700,21.000000,0.000000,2,0,73031177,1315,13.600000,1315,-22,0,59,11
3,700,21.000000,0.000000,2,0,73031180,1315,13.600000,1315,-22,0,59,11
3,700,21.000000,0.000000,2,0,73031182,1315,13.600000,1315,-22,0,59,11
3,700,21.000000,0.000000,2,0,73031195,1315,13.600000,1315,-22,0,59,11
