52,1000,30.000000,0.000000,1,0,2631349,461,17,461,17,0,10,10
52,1000,30.000000,0.000000,1,0,2631351,461,17,461,17,0,10,10
52,1000,30.000000,0.000000,1,0,2631358,461,17,461,17,0,10,10
52,1000,30.000000,0.000000,1,0,2631364,461,17,461,17,0,10,10
52,1000,30.000000,0.000000,1,0,2631370,461,17,461,17,0,10,10
52,1000,30.000000,0.000000,1,0,2631376,461,17,461,17,0,10,10
52,1000,30.000000,0.000000,1,0,2631382,461,17,461,17,0,10,10
52,1000,30.000000,0.000000,1,0,2631389,461,17,461,17,0,10,10
52,1000,30.000000,0.000000,1,0,2631395,461,17,461,17,0,10,10
52,1000,30.000000,0.000000,1,0,2631402,461,17,461,17,0,10,10
52,1000,30.000000,0.000000,1,0,2631409,461,17,461,17,0,10,10
52,1000,30.000000,0.000000,1,0,2631416,463,19,463,19,0,10,10
52,1000,30.000000,0.000000,1,0,2631423,469,21,469,21,0,10,10
52,1000,30.000000,0.000000,1,0,2631430,477,24,477,24,0,10,10
52,1000,30.000000,0.000000,1,0,2631437,491,28,491,28,0,10,10
52,1000,30.000000,0.000000,1,0,2631444,518,37,518,37,0,10,10
52,1000,30.000000,0.000000,1,0,2631451,550,46,550,46,0,10,10
52,1000,30.000000,0.000000,1,0,2631458,595,57,595,57,0,10,10
52,1000,30.000000,0.000000,1,0,2631465,642,69,642,69,0,10,10
52,1000,30.000000,0.000000,1,0,2631471,705,82,705,82,0,10,10
52,1000,30.000000,0.000000,1,0,2631478,772,94,772,94,0,10,10
52,1000,30.000000,0.000000,1,0,2631485,838,104,838,104,0,10,10
52,1000,30.000000,0.000000,1,0,2631501,902,114,902,114,0,10,10
52,1000,30.000000,0.000000,1,0,2631510,1051,129,1051,129,0,10,10
52,1000,30.000000,0.000000,1,0,2631518,1136,132,1136,132,0,10,10
52,1000,30.000000,0.000000,1,0,2631524,1206,131,1206,131,0,10,10
52,1000,30.000000,0.000000,1,0,2631530,1243,128,1243,128,0,10,10
52,1000,30.000000,0.000000,1,0,2631537,1294,123,1294,123,0,10,10
52,1000,30.000000,0.000000,1,0,2631543,1337,118,1337,118,0,10,10
52,1000,30.000000,0.000000,1,0,2631549,1366,113,1366,113,0,10,10
52,1000,30.000000,0.000000,1,0,2631555,1397,105,1397,105,0,10,10
52,1000,30.000000,0.000000,1,0,2631562,1415,99,1415,99,0,10,10
52,1000,30.000000,0.000000,1,0,2631570,1435,90,1435,90,0,10,10
52,1000,30.000000,0.000000,1,0,2631576,1451,77,1451,77,0,10,10
52,1000,30.000000,0.000000,1,0,2631591,1458,69,1458,69,0,10,10
52,1000,30.000000,0.000000,1,0,2631600,1462,57,1462,57,0,10,10
52,1000,30.000000,0.000000,1,0,2631608,1462,51,1462,51,0,10,10
52,1000,30.000000,0.000000,1,0,2631614,1462,48,1462,48,0,10,10
52,1000,30.000000,0.000000,1,0,2631620,1462,46,1462,46,0,10,10
52,1000,30.000000,0.000000,1,0,2631627,1462,45,1462,45,0,10,10
52,1000,30.000000,0.000000,1,0,2631633,1462,43,1462,43,0,10,10
52,1000,30.000000,0.000000,1,0,2631639,1461,43,1461,43,0,10,10
52,1000,30.000000,0.000000,1,0,2631645,1460,42,1460,42,0,10,10
52,1000,30.000000,0.000000,1,0,2631652,1459,41,1459,41,0,10,10
52,1000,30.000000,0.000000,1,0,2631659,1458,41,1458,41,0,10,10
52,1000,30.000000,0.000000,1,0,2631666,1457,40,1457,40,0,10,10
52,1000,30.000000,0.000000,1,0,2631674,1456,39,1456,39,0,10,10
52,1000,30.000000,0.000000,1,0,2631680,1454,39,1454,39,0,10,10
52,1000,30.000000,0.000000,1,0,2631687,1453,39,1453,39,0,10,10
52,1000,30.000000,0.000000,1,0,2631694,1453,38,1453,38,0,10,10
52,1000,30.000000,0.000000,1,0,2631701,1453,37,1453,37,0,10,10
52,1000,30.000000,0.000000,1,0,2631717,1453,36,1453,36,0,10,10
52,1000,30.000000,0.000000,1,0,2631726,1453,34,1453,34,0,10,10
52,1000,30.000000,0.000000,1,0,2631734,1454,32,1454,32,0,10,10
52,1000,30.000000,0.000000,1,0,2631740,1455,31,1455,31,0,10,10
52,1000,30.000000,0.000000,1,0,2631746,1455,30,1455,30,0,10,10
52,1000,30.000000,0.000000,1,0,2631752,1456,29,1456,29,0,10,10
52,1000,30.000000,0.000000,1,0,2631758,1456,28,1456,28,0,10,10
52,1000,30.000000,0.000000,1,0,2631765,1456,27,1456,27,0,10,10
52,1000,30.000000,0.000000,1,0,2631770,1456,26,1456,26,0,10,10
52,1000,30.000000,0.000000,1,0,2631777,1456,24,1456,24,0,10,10
52,1000,30.000000,0.000000,1,0,2631784,1456,23,1456,23,0,10,10
52,1000,30.000000,0.000000,1,0,2631791,1456,22,1456,22,0,10,10
52,1000,30.000000,0.000000,1,0,2631798,1455,21,1455,21,0,10,10
52,1000,30.000000,0.000000,1,0,2631805,1454,21,1454,21,0,10,10
52,1000,30.000000,0.000000,1,0,2631812,1454,21,1454,21,0,10,10
52,1000,30.000000,0.000000,1,0,2631819,1454,21,1454,21,0,10,10
52,1000,30.000000,0.000000,1,0,2631826,1454,20,1454,20,0,10,10
52,1000,30.000000,0.000000,1,0,2631842,1454,20,1454,20,0,10,10
52,1000,30.000000,0.000000,1,0,2631851,1454,20,1454,20,0,10,10
52,1000,30.000000,0.000000,1,0,2631859,1454,20,1454,20,0,10,10
52,1000,30.000000,0.000000,1,0,2631864,1455,20,1455,20,0,10,10
52,1000,30.000000,0.000000,1,0,2631871,1455,20,1455,20,0,10,10
52,1000,30.000000,0.000000,1,0,2631877,1455,20,1455,20,0,10,10
52,1000,30.000000,0.000000,1,0,2631883,1455,20,1455,20,0,10,10
52,1000,30.000000,0.000000,1,0,2631889,1455,20,1455,20,0,10,10
52,1000,30.000000,0.000000,1,0,2631895,1455,20,1455,20,0,10,10
52,1000,30.000000,0.000000,1,0,2631917,1455,20,1455,20,0,10,10
