52,1000,30.000000,60.000000,1,0,2861597,464,15,464,15,0,19,12
52,1000,30.000000,60.000000,1,0,2861599,464,15,464,15,0,19,12
52,1000,30.000000,60.000000,1,0,2861605,464,15,464,15,0,19,12
52,1000,30.000000,60.000000,1,0,2861612,464,15,464,15,0,19,12
52,1000,30.000000,60.000000,1,0,2861619,464,15,464,15,0,19,12
52,1000,30.000000,60.000000,1,0,2861626,464,15,464,15,0,19,12
52,1000,30.000000,60.000000,1,0,2861633,464,15,464,15,0,19,12
52,1000,30.000000,60.000000,1,0,2861640,465,16,465,16,0,19,12
52,1000,30.000000,60.000000,1,0,2861647,467,17,467,17,0,19,12
52,1000,30.000000,60.000000,1,0,2861654,470,18,470,18,0,19,12
52,1000,30.000000,60.000000,1,0,2861661,478,20,478,20,0,19,12
52,1000,30.000000,60.000000,1,0,2861676,489,23,489,23,0,19,12
52,1000,30.000000,60.000000,1,0,2861684,528,32,528,32,0,19,12
52,1000,30.000000,60.000000,1,0,2861691,563,41,563,41,0,19,12
52,1000,30.000000,60.000000,1,0,2861697,594,48,594,48,0,19,12
52,1000,30.000000,60.000000,1,0,2861703,620,53,620,53,0,19,12
52,1000,30.000000,60.000000,1,0,2861709,654,59,654,59,0,19,12
52,1000,30.000000,60.000000,1,0,2861716,692,65,692,65,0,19,12
52,1000,30.000000,60.000000,1,0,2861723,744,74,744,74,0,19,12
52,1000,30.000000,60.000000,1,0,2861731,798,80,798,80,0,19,12
52,1000,30.000000,60.000000,1,0,2861738,864,87,864,87,0,19,12
52,1000,30.000000,60.000000,1,0,2861744,933,91,933,91,0,19,12
52,1000,30.000000,60.000000,1,0,2861751,1003,93,1003,93,0,19,12
52,1000,30.000000,60.000000,1,0,2861758,1069,94,1069,94,0,19,12
52,1000,30.000000,60.000000,1,0,2861765,1138,94,1138,94,0,19,12
52,1000,30.000000,60.000000,1,0,2861773,1232,90,1232,90,0,19,12
52,1000,30.000000,60.000000,1,0,2861779,1297,84,1297,84,0,19,12
52,1000,30.000000,60.000000,1,0,2861786,1349,78,1349,78,0,19,12
52,1000,30.000000,60.000000,1,0,2861802,1402,70,1402,70,0,19,12
52,1000,30.000000,60.000000,1,0,2861811,1481,53,1481,53,0,19,12
52,1000,30.000000,60.000000,1,0,2861819,1512,43,1512,43,0,19,12
52,1000,30.000000,60.000000,1,0,2861825,1526,36,1526,36,0,19,12
52,1000,30.000000,60.000000,1,0,2861831,1533,31,1533,31,0,19,12
52,1000,30.000000,60.000000,1,0,2861837,1538,27,1538,27,0,19,12
52,1000,30.000000,60.000000,1,0,2861843,1540,25,1540,25,0,19,12
52,1000,30.000000,60.000000,1,0,2861849,1540,22,1540,22,0,19,12
52,1000,30.000000,60.000000,1,0,2861855,1539,20,1539,20,0,19,12
52,1000,30.000000,60.000000,1,0,2861862,1536,19,1536,19,0,19,12
52,1000,30.000000,60.000000,1,0,2861869,1532,18,1532,18,0,19,12
52,1000,30.000000,60.000000,1,0,2861876,1527,16,1527,16,0,19,12
52,1000,30.000000,60.000000,1,0,2861883,1523,15,1523,15,0,19,12
52,1000,30.000000,60.000000,1,0,2861891,1520,15,1520,15,0,19,12
52,1000,30.000000,60.000000,1,0,2861899,1517,15,1517,15,0,19,12
52,1000,30.000000,60.000000,1,0,2861905,1515,14,1515,14,0,19,12
52,1000,30.000000,60.000000,1,0,2861911,1512,13,1512,13,0,19,12
52,1000,30.000000,60.000000,1,0,2861927,1511,13,1511,13,0,19,12
52,1000,30.000000,60.000000,1,0,2861935,1509,11,1509,11,0,19,12
52,1000,30.000000,60.000000,1,0,2861952,1508,10,1508,10,0,19,12
52,1000,30.000000,60.000000,1,0,2861961,1506,9,1506,9,0,19,12
52,1000,30.000000,60.000000,1,0,2861969,1505,8,1505,8,0,19,12
52,1000,30.000000,60.000000,1,0,2861975,1504,8,1504,8,0,19,12
52,1000,30.000000,60.000000,1,0,2861982,1503,8,1503,8,0,19,12
52,1000,30.000000,60.000000,1,0,2861987,1501,7,1501,7,0,19,12
52,1000,30.000000,60.000000,1,0,2861994,1500,6,1500,6,0,19,12
52,1000,30.000000,60.000000,1,0,2862001,1498,5,1498,5,0,19,12
52,1000,30.000000,60.000000,1,0,2862008,1495,5,1495,5,0,19,12
52,1000,30.000000,60.000000,1,0,2862015,1492,5,1492,5,0,19,12
52,1000,30.000000,60.000000,1,0,2862022,1489,5,1489,5,0,19,12
52,1000,30.000000,60.000000,1,0,2862029,1486,5,1486,5,0,19,12
52,1000,30.000000,60.000000,1,0,2862037,1484,4,1484,4,0,19,12
52,1000,30.000000,60.000000,1,0,2862051,1483,4,1483,4,0,19,12
52,1000,30.000000,60.000000,1,0,2862060,1481,4,1481,4,0,19,12
52,1000,30.000000,60.000000,1,0,2862068,1481,4,1481,4,0,19,12
52,1000,30.000000,60.000000,1,0,2862074,1480,4,1480,4,0,19,12
52,1000,30.000000,60.000000,1,0,2862081,1480,4,1480,4,0,19,12
52,1000,30.000000,60.000000,1,0,2862087,1480,4,1480,4,0,19,12
52,1000,30.000000,60.000000,1,0,2862093,1478,4,1478,4,0,19,12
52,1000,30.000000,60.000000,1,0,2862099,1477,5,1477,5,0,19,12
52,1000,30.000000,60.000000,1,0,2862105,1476,5,1476,5,0,19,12
52,1000,30.000000,60.000000,1,0,2862112,1475,5,1475,5,0,19,12
52,1000,30.000000,60.000000,1,0,2862119,1474,6,1474,6,0,19,12
52,1000,30.000000,60.000000,1,0,2862126,1473,6,1473,6,0,19,12
52,1000,30.000000,60.000000,1,0,2862142,1472,7,1472,7,0,19,12
52,1000,30.000000,60.000000,1,0,2862151,1471,8,1471,8,0,19,12
52,1000,30.000000,60.000000,1,0,2862159,1471,8,1471,8,0,19,12
52,1000,30.000000,60.000000,1,0,2862165,1471,8,1471,8,0,19,12
52,1000,30.000000,60.000000,1,0,2862171,1471,8,1471,8,0,19,12
52,1000,30.000000,60.000000,1,0,2862177,1471,8,1471,8,0,19,12
52,1000,30.000000,60.000000,1,0,2862183,1471,8,1471,8,0,19,12
52,1000,30.000000,60.000000,1,0,2862189,1471,8,1471,8,0,19,12
52,1000,30.000000,60.000000,1,0,2862211,1471,8,1471,8,0,19,12
