52,500,115.000000,30.000000,1,0,2397802,723,20,723,20,0,1,15
52,500,115.000000,30.000000,1,0,2397804,723,20,723,20,0,1,15
52,500,115.000000,30.000000,1,0,2397810,723,20,723,20,0,1,15
52,500,115.000000,30.000000,1,0,2397826,723,20,723,20,0,1,15
52,500,115.000000,30.000000,1,0,2397835,723,20,723,20,0,1,15
52,500,115.000000,30.000000,1,0,2397843,723,20,723,20,0,1,15
52,500,115.000000,30.000000,1,0,2397849,723,20,723,20,0,1,15
52,500,115.000000,30.000000,1,0,2397856,724,20,724,20,0,1,15
52,500,115.000000,30.000000,1,0,2397862,726,21,726,21,0,1,15
52,500,115.000000,30.000000,1,0,2397868,729,22,729,22,0,1,15
52,500,115.000000,30.000000,1,0,2397874,733,23,733,23,0,1,15
52,500,115.000000,30.000000,1,0,2397880,739,25,739,25,0,1,15
52,500,115.000000,30.000000,1,0,2397886,747,28,747,28,0,1,15
52,500,115.000000,30.000000,1,0,2397894,761,32,761,32,0,1,15
52,500,115.000000,30.000000,1,0,2397900,787,40,787,40,0,1,15
52,500,115.000000,30.000000,1,0,2397910,816,47,816,47,0,1,15
52,500,115.000000,30.000000,1,0,2397918,876,62,876,62,0,1,15
52,500,115.000000,30.000000,1,0,2397924,918,71,918,71,0,1,15
52,500,115.000000,30.000000,1,0,2397930,953,78,953,78,0,1,15
52,500,115.000000,30.000000,1,0,2397936,990,85,990,85,0,1,15
52,500,115.000000,30.000000,1,0,2397942,1027,91,1027,91,0,1,15
52,500,115.000000,30.000000,1,0,2397949,1059,96,1059,96,0,1,15
52,500,115.000000,30.000000,1,0,2397956,1102,100,1102,100,0,1,15
52,500,115.000000,30.000000,1,0,2397963,1139,102,1139,102,0,1,15
52,500,115.000000,30.000000,1,0,2397970,1168,102,1168,102,0,1,15
52,500,115.000000,30.000000,1,0,2397977,1195,100,1195,100,0,1,15
52,500,115.000000,30.000000,1,0,2397984,1216,96,1216,96,0,1,15
52,500,115.000000,30.000000,1,0,2397991,1231,91,1231,91,0,1,15
52,500,115.000000,30.000000,1,0,2397998,1244,84,1244,84,0,1,15
52,500,115.000000,30.000000,1,0,2398005,1253,75,1253,75,0,1,15
52,500,115.000000,30.000000,1,0,2398012,1257,68,1257,68,0,1,15
52,500,115.000000,30.000000,1,0,2398020,1259,59,1259,59,0,1,15
52,500,115.000000,30.000000,1,0,2398026,1260,52,1260,52,0,1,15
52,500,115.000000,30.000000,1,0,2398041,1259,45,1259,45,0,1,15
52,500,115.000000,30.000000,1,0,2398050,1251,31,1251,31,0,1,15
52,500,115.000000,30.000000,1,0,2398058,1243,26,1243,26,0,1,15
52,500,115.000000,30.000000,1,0,2398064,1236,21,1236,21,0,1,15
52,500,115.000000,30.000000,1,0,2398071,1231,18,1231,18,0,1,15
52,500,115.000000,30.000000,1,0,2398077,1227,17,1227,17,0,1,15
52,500,115.000000,30.000000,1,0,2398083,1225,15,1225,15,0,1,15
52,500,115.000000,30.000000,1,0,2398089,1224,14,1224,14,0,1,15
52,500,115.000000,30.000000,1,0,2398095,1223,13,1223,13,0,1,15
52,500,115.000000,30.000000,1,0,2398102,1223,13,1223,13,0,1,15
52,500,115.000000,30.000000,1,0,2398109,1223,13,1223,13,0,1,15
52,500,115.000000,30.000000,1,0,2398116,1223,13,1223,13,0,1,15
52,500,115.000000,30.000000,1,0,2398123,1223,13,1223,13,0,1,15
52,500,115.000000,30.000000,1,0,2398131,1223,13,1223,13,0,1,15
52,500,115.000000,30.000000,1,0,2398147,1223,13,1223,13,0,1,15
52,500,115.000000,30.000000,1,0,2398156,1223,13,1223,13,0,1,15
52,500,115.000000,30.000000,1,0,2398163,1223,13,1223,13,0,1,15
52,500,115.000000,30.000000,1,0,2398170,1222,13,1222,13,0,1,15
52,500,115.000000,30.000000,1,0,2398178,1221,13,1221,13,0,1,15
52,500,115.000000,30.000000,1,0,2398185,1219,13,1219,13,0,1,15
52,500,115.000000,30.000000,1,0,2398192,1218,13,1218,13,0,1,15
52,500,115.000000,30.000000,1,0,2398199,1217,13,1217,13,0,1,15
52,500,115.000000,30.000000,1,0,2398206,1216,13,1216,13,0,1,15
52,500,115.000000,30.000000,1,0,2398213,1215,13,1215,13,0,1,15
52,500,115.000000,30.000000,1,0,2398220,1215,13,1215,13,0,1,15
52,500,115.000000,30.000000,1,0,2398227,1214,13,1214,13,0,1,15
52,500,115.000000,30.000000,1,0,2398234,1213,13,1213,13,0,1,15
52,500,115.000000,30.000000,1,0,2398241,1212,13,1212,13,0,1,15
52,500,115.000000,30.000000,1,0,2398272,1212,12,1212,12,0,1,15
