52,1000,115.000000,60.000000,1,0,2829945,481,12,481,12,0,18,5
52,1000,115.000000,60.000000,1,0,2829946,481,12,481,12,0,18,5
52,1000,115.000000,60.000000,1,0,2829953,481,12,481,12,0,18,5
52,1000,115.000000,60.000000,1,0,2829960,481,12,481,12,0,18,5
52,1000,115.000000,60.000000,1,0,2829967,481,13,481,13,0,18,5
52,1000,115.000000,60.000000,1,0,2829974,482,13,482,13,0,18,5
52,1000,115.000000,60.000000,1,0,2829981,483,13,483,13,0,18,5
52,1000,115.000000,60.000000,1,0,2829997,485,13,485,13,0,18,5
52,1000,115.000000,60.000000,1,0,2830005,498,14,498,14,0,18,5
52,1000,115.000000,60.000000,1,0,2830013,512,16,512,16,0,18,5
52,1000,115.000000,60.000000,1,0,2830020,533,20,533,20,0,18,5
52,1000,115.000000,60.000000,1,0,2830026,556,26,556,26,0,18,5
52,1000,115.000000,60.000000,1,0,2830032,579,31,579,31,0,18,5
52,1000,115.000000,60.000000,1,0,2830038,605,37,605,37,0,18,5
52,1000,115.000000,60.000000,1,0,2830044,627,41,627,41,0,18,5
52,1000,115.000000,60.000000,1,0,2830050,701,55,701,55,0,18,5
52,1000,115.000000,60.000000,1,0,2830057,735,61,735,61,0,18,5
52,1000,115.000000,60.000000,1,0,2830064,781,69,781,69,0,18,5
52,1000,115.000000,60.000000,1,0,2830071,821,74,821,74,0,18,5
52,1000,115.000000,60.000000,1,0,2830079,865,79,865,79,0,18,5
52,1000,115.000000,60.000000,1,0,2830085,913,84,913,84,0,18,5
52,1000,115.000000,60.000000,1,0,2830092,956,86,956,86,0,18,5
52,1000,115.000000,60.000000,1,0,2830099,1022,86,1022,86,0,18,5
52,1000,115.000000,60.000000,1,0,2830106,1065,84,1065,84,0,18,5
52,1000,115.000000,60.000000,1,0,2830113,1118,78,1118,78,0,18,5
52,1000,115.000000,60.000000,1,0,2830120,1163,72,1163,72,0,18,5
52,1000,115.000000,60.000000,1,0,2830127,1213,62,1213,62,0,18,5
52,1000,115.000000,60.000000,1,0,2830133,1253,55,1253,55,0,18,5
52,1000,115.000000,60.000000,1,0,2830140,1282,48,1282,48,0,18,5
52,1000,115.000000,60.000000,1,0,2830156,1315,39,1315,39,0,18,5
52,1000,115.000000,60.000000,1,0,2830165,1360,25,1360,25,0,18,5
52,1000,115.000000,60.000000,1,0,2830173,1379,19,1379,19,0,18,5
52,1000,115.000000,60.000000,1,0,2830179,1394,13,1394,13,0,18,5
52,1000,115.000000,60.000000,1,0,2830186,1402,11,1402,11,0,18,5
52,1000,115.000000,60.000000,1,0,2830192,1410,8,1410,8,0,18,5
52,1000,115.000000,60.000000,1,0,2830198,1419,5,1419,5,0,18,5
52,1000,115.000000,60.000000,1,0,2830204,1424,4,1424,4,0,18,5
52,1000,115.000000,60.000000,1,0,2830210,1428,3,1428,3,0,18,5
52,1000,115.000000,60.000000,1,0,2830217,1430,2,1430,2,0,18,5
52,1000,115.000000,60.000000,1,0,2830224,1431,2,1431,2,0,18,5
52,1000,115.000000,60.000000,1,0,2830231,1431,1,1431,1,0,18,5
52,1000,115.000000,60.000000,1,0,2830247,1431,1,1431,1,0,18,5
52,1000,115.000000,60.000000,1,0,2830256,1432,0,1432,0,0,18,5
52,1000,115.000000,60.000000,1,0,2830264,1432,0,1432,0,0,18,5
52,1000,115.000000,60.000000,1,0,2830270,1432,0,1432,-1,0,18,5
52,1000,115.000000,60.000000,1,0,2830276,1433,0,1433,-1,0,18,5
52,1000,115.000000,60.000000,1,0,2830282,1434,0,1434,-1,0,18,5
52,1000,115.000000,60.000000,1,0,2830289,1436,0,1436,-1,0,18,5
52,1000,115.000000,60.000000,1,0,2830295,1441,0,1441,-2,0,18,5
52,1000,115.000000,60.000000,1,0,2830301,1444,0,1444,-3,0,18,5
52,1000,115.000000,60.000000,1,0,2830308,1449,0,1449,-3,0,18,5
52,1000,115.000000,60.000000,1,0,2830314,1453,0,1453,-3,0,18,5
52,1000,115.000000,60.000000,1,0,2830322,1456,0,1456,-4,0,18,5
52,1000,115.000000,60.000000,1,0,2830328,1458,0,1458,-4,0,18,5
52,1000,115.000000,60.000000,1,0,2830335,1459,0,1459,-4,0,18,5
52,1000,115.000000,60.000000,1,0,2830342,1460,0,1460,-4,0,18,5
52,1000,115.000000,60.000000,1,0,2830349,1461,0,1461,-4,0,18,5
52,1000,115.000000,60.000000,1,0,2830356,1462,0,1462,-4,0,18,5
52,1000,115.000000,60.000000,1,0,2830364,1462,0,1462,-4,0,18,5
52,1000,115.000000,60.000000,1,0,2830370,1463,0,1463,-4,0,18,5
52,1000,115.000000,60.000000,1,0,2830377,1464,0,1464,-4,0,18,5
52,1000,115.000000,60.000000,1,0,2830383,1464,0,1464,-4,0,18,5
52,1000,115.000000,60.000000,1,0,2830391,1464,0,1464,-4,0,18,5
52,1000,115.000000,60.000000,1,0,2830422,1465,1,1465,-3,0,18,5
