52,500,30.000000,10000.000000,0,0,3227853,713,18,713,18,0,26,0
52,500,30.000000,10000.000000,0,0,3227854,713,18,713,18,0,26,0
52,500,30.000000,10000.000000,0,0,3227860,713,18,713,18,0,26,0
52,500,30.000000,10000.000000,0,0,3227867,713,18,713,18,0,26,0
52,500,30.000000,10000.000000,0,0,3227874,713,18,713,18,0,26,0
52,500,30.000000,10000.000000,0,0,3227881,713,18,713,18,0,26,0
52,500,30.000000,10000.000000,0,0,3227888,713,18,713,18,0,26,0
52,500,30.000000,10000.000000,0,0,3227895,713,18,713,18,0,26,0
52,500,30.000000,10000.000000,0,0,3227902,713,18,713,18,0,26,0
52,500,30.000000,10000.000000,0,0,3227909,713,18,713,18,0,26,0
52,500,30.000000,10000.000000,0,0,3227916,713,18,713,18,0,26,0
52,500,30.000000,10000.000000,0,0,3227923,713,18,713,18,0,26,0
52,500,30.000000,10000.000000,0,0,3227930,714,18,714,18,0,26,0
52,500,30.000000,10000.000000,0,0,3227942,716,18,716,18,0,26,0
52,500,30.000000,10000.000000,0,0,3227949,723,18,723,18,0,26,0
52,500,30.000000,10000.000000,0,0,3227955,731,19,731,19,0,26,0
52,500,30.000000,10000.000000,0,0,3227961,740,19,740,19,0,26,0
52,500,30.000000,10000.000000,0,0,3227967,755,19,755,19,0,26,0
52,500,30.000000,10000.000000,0,0,3227973,772,19,772,19,0,26,0
52,500,30.000000,10000.000000,0,0,3227979,793,19,793,19,0,26,0
52,500,30.000000,10000.000000,0,0,3227985,825,17,825,17,0,26,0
52,500,30.000000,10000.000000,0,0,3227992,872,12,872,12,0,26,0
52,500,30.000000,10000.000000,0,0,3227999,907,8,907,8,0,26,0
52,500,30.000000,10000.000000,0,0,3228006,948,2,948,2,0,26,0
52,500,30.000000,10000.000000,0,0,3228013,992,0,992,-5,0,26,0
52,500,30.000000,10000.000000,0,0,3228020,1045,0,1045,-14,0,26,0
52,500,30.000000,10000.000000,0,0,3228036,1084,0,1084,-22,0,26,0
52,500,30.000000,10000.000000,0,0,3228046,1155,0,1155,-38,0,26,0
52,500,30.000000,10000.000000,0,0,3228053,1187,0,1187,-48,0,26,0
52,500,30.000000,10000.000000,0,0,3228060,1203,0,1203,-55,0,26,0
52,500,30.000000,10000.000000,0,0,3228066,1213,0,1213,-61,0,26,0
52,500,30.000000,10000.000000,0,0,3228072,1228,0,1228,-73,0,26,0
52,500,30.000000,10000.000000,0,0,3228078,1229,0,1229,-76,0,26,0
52,500,30.000000,10000.000000,0,0,3228084,1229,0,1229,-79,0,26,0
52,500,30.000000,10000.000000,0,0,3228090,1227,0,1227,-82,0,26,0
52,500,30.000000,10000.000000,0,0,3228097,1224,0,1224,-84,0,26,0
52,500,30.000000,10000.000000,0,0,3228104,1219,0,1219,-87,0,26,0
52,500,30.000000,10000.000000,0,0,3228110,1213,0,1213,-90,0,26,0
52,500,30.000000,10000.000000,0,0,3228118,1206,0,1206,-93,0,26,0
52,500,30.000000,10000.000000,0,0,3228124,1199,0,1199,-95,0,26,0
52,500,30.000000,10000.000000,0,0,3228131,1193,0,1193,-97,0,26,0
52,500,30.000000,10000.000000,0,0,3228138,1186,0,1186,-98,0,26,0
52,500,30.000000,10000.000000,0,0,3228145,1181,0,1181,-99,0,26,0
52,500,30.000000,10000.000000,0,0,3228152,1175,0,1175,-101,0,26,0
52,500,30.000000,10000.000000,0,0,3228159,1171,0,1171,-102,0,26,0
52,500,30.000000,10000.000000,0,0,3228166,1169,0,1169,-102,0,26,0
52,500,30.000000,10000.000000,0,0,3228173,1167,0,1167,-103,0,26,0
52,500,30.000000,10000.000000,0,0,3228180,1167,0,1167,-104,0,26,0
52,500,30.000000,10000.000000,0,0,3228196,1167,0,1167,-105,0,26,0
52,500,30.000000,10000.000000,0,0,3228205,1167,0,1167,-107,0,26,0
52,500,30.000000,10000.000000,0,0,3228213,1167,0,1167,-108,0,26,0
52,500,30.000000,10000.000000,0,0,3228220,1167,0,1167,-109,0,26,0
52,500,30.000000,10000.000000,0,0,3228226,1166,0,1166,-110,0,26,0
52,500,30.000000,10000.000000,0,0,3228232,1165,0,1165,-111,0,26,0
52,500,30.000000,10000.000000,0,0,3228238,1165,0,1165,-111,0,26,0
52,500,30.000000,10000.000000,0,0,3228244,1165,0,1165,-112,0,26,0
52,500,30.000000,10000.000000,0,0,3228249,1165,0,1165,-113,0,26,0
52,500,30.000000,10000.000000,0,0,3228256,1165,0,1165,-113,0,26,0
52,500,30.000000,10000.000000,0,0,3228263,1165,0,1165,-113,0,26,0
52,500,30.000000,10000.000000,0,0,3228270,1165,0,1165,-113,0,26,0
52,500,30.000000,10000.000000,0,0,3228277,1166,0,1166,-113,0,26,0
52,500,30.000000,10000.000000,0,0,3228284,1167,0,1167,-114,0,26,0
52,500,30.000000,10000.000000,0,0,3228291,1168,0,1168,-115,0,26,0
52,500,30.000000,10000.000000,0,0,3228298,1170,0,1170,-115,0,26,0
52,500,30.000000,10000.000000,0,0,3228305,1171,0,1171,-115,0,26,0
52,500,30.000000,10000.000000,0,0,3228321,1173,0,1173,-116,0,26,0
52,500,30.000000,10000.000000,0,0,3228330,1176,0,1176,-116,0,26,0
52,500,30.000000,10000.000000,0,0,3228338,1178,0,1178,-117,0,26,0
52,500,30.000000,10000.000000,0,0,3228344,1181,0,1181,-117,0,26,0
52,500,30.000000,10000.000000,0,0,3228351,1183,0,1183,-118,0,26,0
52,500,30.000000,10000.000000,0,0,3228357,1186,0,1186,-119,0,26,0
52,500,30.000000,10000.000000,0,0,3228363,1188,0,1188,-120,0,26,0
52,500,30.000000,10000.000000,0,0,3228369,1191,0,1191,-121,0,26,0
52,500,30.000000,10000.000000,0,0,3228375,1194,0,1194,-122,0,26,0
52,500,30.000000,10000.000000,0,0,3228381,1196,0,1196,-123,0,26,0
52,500,30.000000,10000.000000,0,0,3228389,1199,0,1199,-124,0,26,0
52,500,30.000000,10000.000000,0,0,3228395,1201,0,1201,-125,0,26,0
52,500,30.000000,10000.000000,0,0,3228411,1202,0,1202,-125,0,26,0
52,500,30.000000,10000.000000,0,0,3228420,1203,0,1203,-125,0,26,0
52,500,30.000000,10000.000000,0,0,3228428,1203,0,1203,-125,0,26,0
52,500,30.000000,10000.000000,0,0,3228434,1203,0,1203,-125,0,26,0
52,500,30.000000,10000.000000,0,0,3228440,1203,0,1203,-125,0,26,0
52,500,30.000000,10000.000000,0,0,3228446,1203,0,1203,-125,0,26,0
52,500,30.000000,10000.000000,0,0,3228452,1203,0,1203,-125,0,26,0
52,500,30.000000,10000.000000,0,0,3228458,1203,0,1203,-125,0,26,0
52,500,30.000000,10000.000000,0,0,3228465,1203,0,1203,-125,0,26,0
52,500,30.000000,10000.000000,0,0,3228472,1203,0,1203,-125,0,26,0
52,500,30.000000,10000.000000,0,0,3228479,1203,0,1203,-125,0,26,0
52,500,30.000000,10000.000000,0,0,3228486,1203,0,1203,-125,0,26,0
52,500,30.000000,10000.000000,0,0,3228493,1203,0,1203,-125,0,26,0
52,500,30.000000,10000.000000,0,0,3228499,1203,0,1203,-125,0,26,0
52,500,30.000000,10000.000000,0,0,3228529,1203,0,1203,-125,0,26,0
