52,500,30.000000,60.000000,1,0,2406503,705,14,705,14,0,2,2
52,500,30.000000,60.000000,1,0,2406507,705,14,705,14,0,2,2
52,500,30.000000,60.000000,1,0,2406516,705,14,705,14,0,2,2
52,500,30.000000,60.000000,1,0,2406523,705,14,705,14,0,2,2
52,500,30.000000,60.000000,1,0,2406529,705,14,705,14,0,2,2
52,500,30.000000,60.000000,1,0,2406536,705,14,705,14,0,2,2
52,500,30.000000,60.000000,1,0,2406542,705,15,705,15,0,2,2
52,500,30.000000,60.000000,1,0,2406548,705,16,705,16,0,2,2
52,500,30.000000,60.000000,1,0,2406554,706,17,706,17,0,2,2
52,500,30.000000,60.000000,1,0,2406560,707,19,707,19,0,2,2
52,500,30.000000,60.000000,1,0,2406567,710,22,710,22,0,2,2
52,500,30.000000,60.000000,1,0,2406574,715,25,715,25,0,2,2
52,500,30.000000,60.000000,1,0,2406581,721,31,721,31,0,2,2
52,500,30.000000,60.000000,1,0,2406588,730,39,730,39,0,2,2
52,500,30.000000,60.000000,1,0,2406595,742,48,742,48,0,2,2
52,500,30.000000,60.000000,1,0,2406602,756,58,756,58,0,2,2
52,500,30.000000,60.000000,1,0,2406610,778,72,778,72,0,2,2
52,500,30.000000,60.000000,1,0,2406618,795,81,795,81,0,2,2
52,500,30.000000,60.000000,1,0,2406623,819,92,819,92,0,2,2
52,500,30.000000,60.000000,1,0,2406629,834,98,834,98,0,2,2
52,500,30.000000,60.000000,1,0,2406636,861,107,861,107,0,2,2
52,500,30.000000,60.000000,1,0,2406643,888,113,888,113,0,2,2
52,500,30.000000,60.000000,1,0,2406650,916,117,916,117,0,2,2
52,500,30.000000,60.000000,1,0,2406657,945,120,945,120,0,2,2
52,500,30.000000,60.000000,1,0,2406664,975,121,975,121,0,2,2
52,500,30.000000,60.000000,1,0,2406671,1011,121,1011,121,0,2,2
52,500,30.000000,60.000000,1,0,2406678,1040,117,1040,117,0,2,2
52,500,30.000000,60.000000,1,0,2406686,1070,112,1070,112,0,2,2
52,500,30.000000,60.000000,1,0,2406692,1104,103,1104,103,0,2,2
52,500,30.000000,60.000000,1,0,2406699,1131,94,1131,94,0,2,2
52,500,30.000000,60.000000,1,0,2406706,1152,85,1152,85,0,2,2
52,500,30.000000,60.000000,1,0,2406713,1171,76,1171,76,0,2,2
52,500,30.000000,60.000000,1,0,2406720,1182,70,1182,70,0,2,2
52,500,30.000000,60.000000,1,0,2406727,1196,61,1196,61,0,2,2
52,500,30.000000,60.000000,1,0,2406736,1205,54,1205,54,0,2,2
52,500,30.000000,60.000000,1,0,2406742,1216,45,1216,45,0,2,2
52,500,30.000000,60.000000,1,0,2406747,1220,41,1220,41,0,2,2
52,500,30.000000,60.000000,1,0,2406754,1224,36,1224,36,0,2,2
52,500,30.000000,60.000000,1,0,2406761,1226,32,1226,32,0,2,2
52,500,30.000000,60.000000,1,0,2406768,1226,28,1226,28,0,2,2
52,500,30.000000,60.000000,1,0,2406775,1226,26,1226,26,0,2,2
52,500,30.000000,60.000000,1,0,2406782,1224,24,1224,24,0,2,2
52,500,30.000000,60.000000,1,0,2406789,1221,22,1221,22,0,2,2
52,500,30.000000,60.000000,1,0,2406796,1216,21,1216,21,0,2,2
52,500,30.000000,60.000000,1,0,2406803,1213,20,1213,20,0,2,2
52,500,30.000000,60.000000,1,0,2406810,1211,20,1211,20,0,2,2
52,500,30.000000,60.000000,1,0,2406817,1208,20,1208,20,0,2,2
52,500,30.000000,60.000000,1,0,2406824,1208,20,1208,20,0,2,2
52,500,30.000000,60.000000,1,0,2406831,1208,20,1208,20,0,2,2
52,500,30.000000,60.000000,1,0,2406847,1208,21,1208,21,0,2,2
52,500,30.000000,60.000000,1,0,2406856,1210,23,1210,23,0,2,2
52,500,30.000000,60.000000,1,0,2406864,1211,24,1211,24,0,2,2
52,500,30.000000,60.000000,1,0,2406870,1211,25,1211,25,0,2,2
52,500,30.000000,60.000000,1,0,2406876,1211,25,1211,25,0,2,2
52,500,30.000000,60.000000,1,0,2406882,1211,25,1211,25,0,2,2
52,500,30.000000,60.000000,1,0,2406888,1211,25,1211,25,0,2,2
52,500,30.000000,60.000000,1,0,2406894,1211,26,1211,26,0,2,2
52,500,30.000000,60.000000,1,0,2406900,1209,26,1209,26,0,2,2
52,500,30.000000,60.000000,1,0,2406907,1208,26,1208,26,0,2,2
52,500,30.000000,60.000000,1,0,2406914,1208,26,1208,26,0,2,2
52,500,30.000000,60.000000,1,0,2406921,1207,26,1207,26,0,2,2
52,500,30.000000,60.000000,1,0,2406928,1207,26,1207,26,0,2,2
52,500,30.000000,60.000000,1,0,2406935,1207,26,1207,26,0,2,2
52,500,30.000000,60.000000,1,0,2406942,1207,26,1207,26,0,2,2
52,500,30.000000,60.000000,1,0,2406949,1207,26,1207,26,0,2,2
52,500,30.000000,60.000000,1,0,2406956,1207,26,1207,26,0,2,2
52,500,30.000000,60.000000,1,0,2406972,1207,26,1207,26,0,2,2
52,500,30.000000,60.000000,1,0,2406997,1207,26,1207,26,0,2,2
