52,1000,115.000000,10000.000000,1,0,2405136,477,15,477,15,1,2,1
52,1000,115.000000,10000.000000,1,0,2405137,477,15,477,15,1,2,1
52,1000,115.000000,10000.000000,1,0,2405143,477,14,477,14,1,2,1
52,1000,115.000000,10000.000000,1,0,2405150,477,14,477,14,1,2,1
52,1000,115.000000,10000.000000,1,0,2405166,477,14,477,14,1,2,1
52,1000,115.000000,10000.000000,1,0,2405175,477,14,477,14,1,2,1
52,1000,115.000000,10000.000000,1,0,2405183,477,14,477,14,1,2,1
52,1000,115.000000,10000.000000,1,0,2405189,478,14,478,14,1,2,1
52,1000,115.000000,10000.000000,1,0,2405196,480,16,480,16,1,2,1
52,1000,115.000000,10000.000000,1,0,2405202,484,18,484,18,1,2,1
52,1000,115.000000,10000.000000,1,0,2405208,490,20,490,20,1,2,1
52,1000,115.000000,10000.000000,1,0,2405214,500,24,500,24,1,2,1
52,1000,115.000000,10000.000000,1,0,2405220,513,29,513,29,1,2,1
52,1000,115.000000,10000.000000,1,0,2405227,531,34,531,34,1,2,1
52,1000,115.000000,10000.000000,1,0,2405234,559,44,559,44,1,2,1
52,1000,115.000000,10000.000000,1,0,2405240,599,56,599,56,1,2,1
52,1000,115.000000,10000.000000,1,0,2405247,633,67,633,67,1,2,1
52,1000,115.000000,10000.000000,1,0,2405255,683,81,683,81,1,2,1
52,1000,115.000000,10000.000000,1,0,2405261,722,92,722,92,1,2,1
52,1000,115.000000,10000.000000,1,0,2405269,774,104,774,104,1,2,1
52,1000,115.000000,10000.000000,1,0,2405275,816,112,816,112,1,2,1
52,1000,115.000000,10000.000000,1,0,2405282,877,121,877,121,1,2,1
52,1000,115.000000,10000.000000,1,0,2405289,922,127,922,127,1,2,1
52,1000,115.000000,10000.000000,1,0,2405296,967,131,967,131,1,2,1
52,1000,115.000000,10000.000000,1,0,2405303,1025,134,1025,134,1,2,1
52,1000,115.000000,10000.000000,1,0,2405310,1078,135,1078,135,1,2,1
52,1000,115.000000,10000.000000,1,0,2405317,1143,135,1143,135,1,2,1
52,1000,115.000000,10000.000000,1,0,2405324,1207,134,1207,134,1,2,1
52,1000,115.000000,10000.000000,1,0,2405331,1269,129,1269,129,1,2,1
52,1000,115.000000,10000.000000,1,0,2405338,1333,122,1333,122,1,2,1
52,1000,115.000000,10000.000000,1,0,2405345,1390,113,1390,113,1,2,1
52,1000,115.000000,10000.000000,1,0,2405351,1444,103,1444,103,1,2,1
52,1000,115.000000,10000.000000,1,0,2405359,1487,93,1487,93,1,2,1
52,1000,115.000000,10000.000000,1,0,2405365,1527,82,1527,82,1,2,1
52,1000,115.000000,10000.000000,1,0,2405381,1558,72,1558,72,1,2,1
52,1000,115.000000,10000.000000,1,0,2405390,1603,53,1603,53,1,2,1
52,1000,115.000000,10000.000000,1,0,2405398,1610,48,1610,48,1,2,1
52,1000,115.000000,10000.000000,1,0,2405404,1613,44,1613,44,1,2,1
52,1000,115.000000,10000.000000,1,0,2405411,1614,42,1614,42,1,2,1
52,1000,115.000000,10000.000000,1,0,2405417,1614,40,1614,40,1,2,1
52,1000,115.000000,10000.000000,1,0,2405423,1613,38,1613,38,1,2,1
52,1000,115.000000,10000.000000,1,0,2405429,1611,36,1611,36,1,2,1
52,1000,115.000000,10000.000000,1,0,2405435,1610,35,1610,35,1,2,1
52,1000,115.000000,10000.000000,1,0,2405443,1609,34,1609,34,1,2,1
52,1000,115.000000,10000.000000,1,0,2405449,1606,34,1606,34,1,2,1
52,1000,115.000000,10000.000000,1,0,2405456,1603,33,1603,33,1,2,1
52,1000,115.000000,10000.000000,1,0,2405463,1600,33,1600,33,1,2,1
52,1000,115.000000,10000.000000,1,0,2405470,1597,32,1597,32,1,2,1
52,1000,115.000000,10000.000000,1,0,2405477,1595,32,1595,32,1,2,1
52,1000,115.000000,10000.000000,1,0,2405484,1593,32,1593,32,1,2,1
52,1000,115.000000,10000.000000,1,0,2405491,1592,32,1592,32,1,2,1
52,1000,115.000000,10000.000000,1,0,2405506,1591,32,1591,32,1,2,1
52,1000,115.000000,10000.000000,1,0,2405515,1591,32,1591,32,1,2,1
52,1000,115.000000,10000.000000,1,0,2405523,1590,32,1590,32,1,2,1
52,1000,115.000000,10000.000000,1,0,2405529,1589,31,1589,31,1,2,1
52,1000,115.000000,10000.000000,1,0,2405536,1588,31,1588,31,1,2,1
52,1000,115.000000,10000.000000,1,0,2405542,1585,31,1585,31,1,2,1
52,1000,115.000000,10000.000000,1,0,2405548,1583,30,1583,30,1,2,1
52,1000,115.000000,10000.000000,1,0,2405554,1580,30,1580,30,1,2,1
52,1000,115.000000,10000.000000,1,0,2405560,1576,29,1576,29,1,2,1
52,1000,115.000000,10000.000000,1,0,2405567,1571,29,1571,29,1,2,1
52,1000,115.000000,10000.000000,1,0,2405574,1563,29,1563,29,1,2,1
52,1000,115.000000,10000.000000,1,0,2405581,1548,28,1548,28,1,2,1
52,1000,115.000000,10000.000000,1,0,2405588,1535,26,1535,26,1,2,1
52,1000,115.000000,10000.000000,1,0,2405595,1522,24,1522,24,1,2,1
52,1000,115.000000,10000.000000,1,0,2405602,1509,23,1509,23,1,2,1
52,1000,115.000000,10000.000000,1,0,2405609,1498,21,1498,21,1,2,1
52,1000,115.000000,10000.000000,1,0,2405615,1477,19,1477,19,1,2,1
52,1000,115.000000,10000.000000,1,0,2405631,1467,18,1467,18,1,2,1
52,1000,115.000000,10000.000000,1,0,2405640,1454,15,1454,15,1,2,1
52,1000,115.000000,10000.000000,1,0,2405648,1453,15,1453,15,1,2,1
52,1000,115.000000,10000.000000,1,0,2405654,1452,15,1452,15,1,2,1
52,1000,115.000000,10000.000000,1,0,2405660,1452,15,1452,15,1,2,1
52,1000,115.000000,10000.000000,1,0,2405682,1452,15,1452,15,0,2,1
