52,1000,30.000000,30.000000,0,0,3316056,465,19,465,19,0,29,2
52,1000,30.000000,30.000000,0,0,3316058,465,19,465,19,0,29,2
52,1000,30.000000,30.000000,0,0,3316064,465,19,465,19,0,29,2
52,1000,30.000000,30.000000,0,0,3316070,465,19,465,19,0,29,2
52,1000,30.000000,30.000000,0,0,3316076,465,19,465,19,0,29,2
52,1000,30.000000,30.000000,0,0,3316082,465,19,465,19,0,29,2
52,1000,30.000000,30.000000,0,0,3316088,465,19,465,19,0,29,2
52,1000,30.000000,30.000000,0,0,3316095,465,19,465,19,0,29,2
52,1000,30.000000,30.000000,0,0,3316102,465,19,465,19,0,29,2
52,1000,30.000000,30.000000,0,0,3316108,465,19,465,19,0,29,2
52,1000,30.000000,30.000000,0,0,3316115,465,19,465,19,0,29,2
52,1000,30.000000,30.000000,0,0,3316123,465,19,465,19,0,29,2
52,1000,30.000000,30.000000,0,0,3316131,467,20,467,20,0,29,2
52,1000,30.000000,30.000000,0,0,3316137,473,20,473,20,0,29,2
52,1000,30.000000,30.000000,0,0,3316143,484,21,484,21,0,29,2
52,1000,30.000000,30.000000,0,0,3316150,494,21,494,21,0,29,2
52,1000,30.000000,30.000000,0,0,3316157,511,21,511,21,0,29,2
52,1000,30.000000,30.000000,0,0,3316164,539,21,539,21,0,29,2
52,1000,30.000000,30.000000,0,0,3316171,570,21,570,21,0,29,2
52,1000,30.000000,30.000000,0,0,3316179,610,21,610,21,0,29,2
52,1000,30.000000,30.000000,0,0,3316185,673,21,673,21,0,29,2
52,1000,30.000000,30.000000,0,0,3316192,718,21,718,21,0,29,2
52,1000,30.000000,30.000000,0,0,3316199,761,20,761,20,0,29,2
52,1000,30.000000,30.000000,0,0,3316206,816,18,816,18,0,29,2
52,1000,30.000000,30.000000,0,0,3316213,873,15,873,15,0,29,2
52,1000,30.000000,30.000000,0,0,3316220,930,10,930,10,0,29,2
52,1000,30.000000,30.000000,0,0,3316227,998,4,998,4,0,29,2
52,1000,30.000000,30.000000,0,0,3316233,1059,0,1059,-1,0,29,2
52,1000,30.000000,30.000000,0,0,3316240,1101,0,1101,-5,0,29,2
52,1000,30.000000,30.000000,0,0,3316247,1145,0,1145,-12,0,29,2
52,1000,30.000000,30.000000,0,0,3316254,1180,0,1180,-18,0,29,2
52,1000,30.000000,30.000000,0,0,3316261,1211,0,1211,-25,0,29,2
52,1000,30.000000,30.000000,0,0,3316268,1237,0,1237,-33,0,29,2
52,1000,30.000000,30.000000,0,0,3316275,1260,0,1260,-42,0,29,2
52,1000,30.000000,30.000000,0,0,3316291,1273,0,1273,-48,0,29,2
52,1000,30.000000,30.000000,0,0,3316300,1292,0,1292,-62,0,29,2
52,1000,30.000000,30.000000,0,0,3316308,1294,0,1294,-67,0,29,2
52,1000,30.000000,30.000000,0,0,3316314,1294,0,1294,-69,0,29,2
52,1000,30.000000,30.000000,0,0,3316320,1293,0,1293,-71,0,29,2
52,1000,30.000000,30.000000,0,0,3316326,1292,0,1292,-73,0,29,2
52,1000,30.000000,30.000000,0,0,3316332,1291,0,1291,-74,0,29,2
52,1000,30.000000,30.000000,0,0,3316338,1291,0,1291,-75,0,29,2
52,1000,30.000000,30.000000,0,0,3316344,1290,0,1290,-76,0,29,2
52,1000,30.000000,30.000000,0,0,3316351,1290,0,1290,-76,0,29,2
52,1000,30.000000,30.000000,0,0,3316358,1290,0,1290,-76,0,29,2
52,1000,30.000000,30.000000,0,0,3316365,1290,0,1290,-76,0,29,2
52,1000,30.000000,30.000000,0,0,3316372,1290,0,1290,-76,0,29,2
52,1000,30.000000,30.000000,0,0,3316379,1290,0,1290,-76,0,29,2
52,1000,30.000000,30.000000,0,0,3316386,1290,0,1290,-76,0,29,2
52,1000,30.000000,30.000000,0,0,3316393,1292,0,1292,-77,0,29,2
52,1000,30.000000,30.000000,0,0,3316400,1295,0,1295,-77,0,29,2
52,1000,30.000000,30.000000,0,0,3316416,1298,0,1298,-77,0,29,2
52,1000,30.000000,30.000000,0,0,3316425,1306,0,1306,-78,0,29,2
52,1000,30.000000,30.000000,0,0,3316433,1316,0,1316,-79,0,29,2
52,1000,30.000000,30.000000,0,0,3316439,1326,0,1326,-81,0,29,2
52,1000,30.000000,30.000000,0,0,3316446,1335,0,1335,-81,0,29,2
52,1000,30.000000,30.000000,0,0,3316452,1344,0,1344,-83,0,29,2
52,1000,30.000000,30.000000,0,0,3316458,1354,0,1354,-84,0,29,2
52,1000,30.000000,30.000000,0,0,3316464,1361,0,1361,-85,0,29,2
52,1000,30.000000,30.000000,0,0,3316470,1368,0,1368,-86,0,29,2
52,1000,30.000000,30.000000,0,0,3316476,1378,0,1378,-87,0,29,2
52,1000,30.000000,30.000000,0,0,3316483,1386,0,1386,-88,0,29,2
52,1000,30.000000,30.000000,0,0,3316490,1395,0,1395,-90,0,29,2
52,1000,30.000000,30.000000,0,0,3316497,1402,0,1402,-91,0,29,2
52,1000,30.000000,30.000000,0,0,3316504,1407,0,1407,-93,0,29,2
52,1000,30.000000,30.000000,0,0,3316512,1410,0,1410,-93,0,29,2
52,1000,30.000000,30.000000,0,0,3316518,1411,0,1411,-94,0,29,2
52,1000,30.000000,30.000000,0,0,3316525,1412,0,1412,-95,0,29,2
52,1000,30.000000,30.000000,0,0,3316541,1412,0,1412,-95,0,29,2
52,1000,30.000000,30.000000,0,0,3316550,1412,0,1412,-95,0,29,2
52,1000,30.000000,30.000000,0,0,3316558,1412,0,1412,-95,0,29,2
52,1000,30.000000,30.000000,0,0,3316564,1412,0,1412,-95,0,29,2
52,1000,30.000000,30.000000,0,0,3316570,1412,0,1412,-95,0,29,2
52,1000,30.000000,30.000000,0,0,3316576,1412,0,1412,-95,0,29,2
52,1000,30.000000,30.000000,0,0,3316582,1412,0,1412,-95,0,29,2
52,1000,30.000000,30.000000,0,0,3316588,1412,0,1412,-95,0,29,2
52,1000,30.000000,30.000000,0,0,3316594,1412,0,1412,-95,0,29,2
52,1000,30.000000,30.000000,0,0,3316601,1412,0,1412,-95,0,29,2
52,1000,30.000000,30.000000,0,0,3316608,1412,0,1412,-95,0,29,2
52,1000,30.000000,30.000000,0,0,3316615,1412,0,1412,-95,0,29,2
52,1000,30.000000,30.000000,0,0,3316622,1412,0,1412,-95,0,29,2
52,1000,30.000000,30.000000,0,0,3316629,1412,0,1412,-95,0,29,2
52,1000,30.000000,30.000000,0,0,3316636,1412,0,1412,-95,0,29,2
52,1000,30.000000,30.000000,0,0,3316643,1412,0,1412,-95,0,29,2
52,1000,30.000000,30.000000,0,0,3316650,1412,0,1412,-95,0,29,2
52,1000,30.000000,30.000000,0,0,3316666,1412,0,1412,-95,0,29,2
52,1000,30.000000,30.000000,0,0,3316675,1414,0,1414,-96,0,29,2
52,1000,30.000000,30.000000,0,0,3316683,1417,0,1417,-98,0,29,2
52,1000,30.000000,30.000000,0,0,3316689,1420,0,1420,-99,0,29,2
52,1000,30.000000,30.000000,0,0,3316695,1422,0,1422,-99,0,29,2
52,1000,30.000000,30.000000,0,0,3316702,1424,0,1424,-100,0,29,2
52,1000,30.000000,30.000000,0,0,3316708,1425,0,1425,-101,0,29,2
52,1000,30.000000,30.000000,0,0,3316714,1426,0,1426,-101,0,29,2
52,1000,30.000000,30.000000,0,0,3316720,1427,0,1427,-102,0,29,2
52,1000,30.000000,30.000000,0,0,3316726,1428,0,1428,-103,0,29,2
52,1000,30.000000,30.000000,0,0,3316734,1430,0,1430,-103,0,29,2
52,1000,30.000000,30.000000,0,0,3316740,1431,0,1431,-104,0,29,2
52,1000,30.000000,30.000000,0,0,3316758,1432,0,1432,-104,0,29,2
52,1000,30.000000,30.000000,0,0,3316768,1434,0,1434,-105,0,29,2
52,1000,30.000000,30.000000,0,0,3316777,1434,0,1434,-105,0,29,2
52,1000,30.000000,30.000000,0,0,3316784,1435,0,1435,-105,0,29,2
52,1000,30.000000,30.000000,0,0,3316790,1436,0,1436,-105,0,29,2
52,1000,30.000000,30.000000,0,0,3316796,1437,0,1437,-105,0,29,2
52,1000,30.000000,30.000000,0,0,3316803,1439,0,1439,-105,0,29,2
52,1000,30.000000,30.000000,0,0,3316810,1441,0,1441,-105,0,29,2
52,1000,30.000000,30.000000,0,0,3316817,1444,1,1444,-104,0,29,2
52,1000,30.000000,30.000000,0,0,3316824,1447,1,1447,-104,0,29,2
52,1000,30.000000,30.000000,0,0,3316832,1448,1,1448,-104,0,29,2
52,1000,30.000000,30.000000,0,0,3316838,1450,1,1450,-104,0,29,2
52,1000,30.000000,30.000000,0,0,3316845,1452,1,1452,-104,0,29,2
52,1000,30.000000,30.000000,0,0,3316851,1452,1,1452,-104,0,29,2
52,1000,30.000000,30.000000,0,0,3316858,1452,1,1452,-104,0,29,2
52,1000,30.000000,30.000000,0,0,3316865,1452,1,1452,-104,0,29,2
52,1000,30.000000,30.000000,0,0,3316881,1452,1,1452,-104,0,29,2
52,1000,30.000000,30.000000,0,0,3316890,1451,1,1451,-104,0,29,2
52,1000,30.000000,30.000000,0,0,3316898,1451,1,1451,-104,0,29,2
52,1000,30.000000,30.000000,0,0,3316904,1451,1,1451,-104,0,29,2
52,1000,30.000000,30.000000,0,0,3316910,1451,1,1451,-104,0,29,2
52,1000,30.000000,30.000000,0,0,3316916,1451,1,1451,-104,0,29,2
52,1000,30.000000,30.000000,0,0,3316922,1451,1,1451,-104,0,29,2
52,1000,30.000000,30.000000,0,0,3316928,1451,1,1451,-104,0,29,2
52,1000,30.000000,30.000000,0,0,3316935,1451,1,1451,-104,0,29,2
52,1000,30.000000,30.000000,0,0,3316973,1451,1,1451,-104,0,29,2
