52,500,30.000000,60.000000,0,0,3322496,707,21,707,21,1,29,7
52,500,30.000000,60.000000,0,0,3322498,707,21,707,21,1,29,7
52,500,30.000000,60.000000,0,0,3322504,707,21,707,21,1,29,7
52,500,30.000000,60.000000,0,0,3322511,707,21,707,21,1,29,7
52,500,30.000000,60.000000,0,0,3322518,707,21,707,21,1,29,7
52,500,30.000000,60.000000,0,0,3322525,707,21,707,21,1,29,7
52,500,30.000000,60.000000,0,0,3322541,707,21,707,21,1,29,7
52,500,30.000000,60.000000,0,0,3322550,707,21,707,21,1,29,7
52,500,30.000000,60.000000,0,0,3322558,707,21,707,21,1,29,7
52,500,30.000000,60.000000,0,0,3322564,707,21,707,21,1,29,7
52,500,30.000000,60.000000,0,0,3322570,709,21,709,21,1,29,7
52,500,30.000000,60.000000,0,0,3322577,714,21,714,21,1,29,7
52,500,30.000000,60.000000,0,0,3322583,723,23,723,23,1,29,7
52,500,30.000000,60.000000,0,0,3322589,731,24,731,24,1,29,7
52,500,30.000000,60.000000,0,0,3322595,747,27,747,27,1,29,7
52,500,30.000000,60.000000,0,0,3322601,765,29,765,29,1,29,7
52,500,30.000000,60.000000,0,0,3322608,794,33,794,33,1,29,7
52,500,30.000000,60.000000,0,0,3322615,825,36,825,36,1,29,7
52,500,30.000000,60.000000,0,0,3322631,856,39,856,39,1,29,7
52,500,30.000000,60.000000,0,0,3322640,937,44,937,44,1,29,7
52,500,30.000000,60.000000,0,0,3322648,988,45,988,45,1,29,7
52,500,30.000000,60.000000,0,0,3322655,1031,45,1031,45,1,29,7
52,500,30.000000,60.000000,0,0,3322661,1072,45,1072,45,1,29,7
52,500,30.000000,60.000000,0,0,3322667,1099,42,1099,42,1,29,7
52,500,30.000000,60.000000,0,0,3322673,1120,40,1120,40,1,29,7
52,500,30.000000,60.000000,0,0,3322679,1140,37,1140,37,1,29,7
52,500,30.000000,60.000000,0,0,3322685,1152,35,1152,35,1,29,7
52,500,30.000000,60.000000,0,0,3322692,1167,30,1167,30,1,29,7
52,500,30.000000,60.000000,0,0,3322699,1177,25,1177,25,1,29,7
52,500,30.000000,60.000000,0,0,3322706,1184,20,1184,20,1,29,7
52,500,30.000000,60.000000,0,0,3322713,1188,16,1188,16,1,29,7
52,500,30.000000,60.000000,0,0,3322720,1191,12,1191,12,1,29,7
52,500,30.000000,60.000000,0,0,3322726,1192,8,1192,8,1,29,7
52,500,30.000000,60.000000,0,0,3322733,1192,4,1192,4,1,29,7
52,500,30.000000,60.000000,0,0,3322740,1192,1,1192,1,1,29,7
52,500,30.000000,60.000000,0,0,3322747,1190,0,1190,-2,1,29,7
52,500,30.000000,60.000000,0,0,3322754,1188,0,1188,-4,1,29,7
52,500,30.000000,60.000000,0,0,3322761,1186,0,1186,-6,1,29,7
52,500,30.000000,60.000000,0,0,3322768,1183,0,1183,-8,1,29,7
52,500,30.000000,60.000000,0,0,3322775,1182,0,1182,-9,1,29,7
52,500,30.000000,60.000000,0,0,3322786,1181,0,1181,-11,1,29,7
52,500,30.000000,60.000000,0,0,3322792,1180,0,1180,-13,1,29,7
52,500,30.000000,60.000000,0,0,3322799,1180,0,1180,-13,1,29,7
52,500,30.000000,60.000000,0,0,3322805,1180,0,1180,-13,1,29,7
52,500,30.000000,60.000000,0,0,3322811,1180,0,1180,-14,1,29,7
52,500,30.000000,60.000000,0,0,3322817,1180,0,1180,-14,1,29,7
52,500,30.000000,60.000000,0,0,3322824,1180,0,1180,-14,1,29,7
52,500,30.000000,60.000000,0,0,3322831,1180,0,1180,-14,1,29,7
52,500,30.000000,60.000000,0,0,3322837,1180,0,1180,-14,1,29,7
52,500,30.000000,60.000000,0,0,3322845,1181,0,1181,-14,1,29,7
52,500,30.000000,60.000000,0,0,3322852,1182,0,1182,-14,1,29,7
52,500,30.000000,60.000000,0,0,3322858,1184,0,1184,-14,1,29,7
52,500,30.000000,60.000000,0,0,3322865,1187,0,1187,-16,1,29,7
52,500,30.000000,60.000000,0,0,3322872,1189,0,1189,-16,1,29,7
52,500,30.000000,60.000000,0,0,3322879,1191,0,1191,-16,1,29,7
52,500,30.000000,60.000000,0,0,3322886,1194,0,1194,-17,1,29,7
52,500,30.000000,60.000000,0,0,3322893,1197,0,1197,-18,1,29,7
52,500,30.000000,60.000000,0,0,3322900,1201,0,1201,-19,1,29,7
52,500,30.000000,60.000000,0,0,3322916,1204,0,1204,-20,1,29,7
52,500,30.000000,60.000000,0,0,3322925,1215,0,1215,-21,1,29,7
52,500,30.000000,60.000000,0,0,3322933,1220,0,1220,-21,1,29,7
52,500,30.000000,60.000000,0,0,3322939,1222,0,1222,-21,1,29,7
52,500,30.000000,60.000000,0,0,3322945,1223,0,1223,-21,1,29,7
52,500,30.000000,60.000000,0,0,3322951,1223,0,1223,-21,1,29,7
52,500,30.000000,60.000000,0,0,3322957,1223,0,1223,-21,1,29,7
52,500,30.000000,60.000000,0,0,3322963,1223,0,1223,-21,1,29,7
52,500,30.000000,60.000000,0,0,3322969,1223,0,1223,-21,1,29,7
52,500,30.000000,60.000000,0,0,3322976,1223,0,1223,-21,1,29,7
52,500,30.000000,60.000000,0,0,3322983,1223,0,1223,-21,1,29,7
52,500,30.000000,60.000000,0,0,3322990,1222,0,1222,-21,1,29,7
52,500,30.000000,60.000000,0,0,3323006,1221,0,1221,-21,1,29,7
52,500,30.000000,60.000000,0,0,3323015,1221,0,1221,-21,1,29,7
52,500,30.000000,60.000000,0,0,3323023,1221,0,1221,-21,1,29,7
52,500,30.000000,60.000000,0,0,3323046,1221,0,1221,-21,0,29,7
