52,500,115.000000,60.000000,0,0,3585395,705,0,705,0,0,36,10
52,500,115.000000,60.000000,0,0,3585397,705,0,705,0,0,36,10
52,500,115.000000,60.000000,0,0,3585404,705,0,705,0,0,36,10
52,500,115.000000,60.000000,0,0,3585411,705,0,705,0,0,36,10
52,500,115.000000,60.000000,0,0,3585418,705,0,705,0,0,36,10
52,500,115.000000,60.000000,0,0,3585425,705,0,705,0,0,36,10
52,500,115.000000,60.000000,0,0,3585432,705,0,705,0,0,36,10
52,500,115.000000,60.000000,0,0,3585438,705,0,705,0,0,36,10
52,500,115.000000,60.000000,0,0,3585445,705,0,705,0,0,36,10
52,500,115.000000,60.000000,0,0,3585453,705,0,705,0,0,36,10
52,500,115.000000,60.000000,0,0,3585459,705,0,705,0,0,36,10
52,500,115.000000,60.000000,0,0,3585466,707,0,707,0,0,36,10
52,500,115.000000,60.000000,0,0,3585473,713,0,713,0,0,36,10
52,500,115.000000,60.000000,0,0,3585480,720,0,720,0,0,36,10
52,500,115.000000,60.000000,0,0,3585487,734,0,734,-1,0,36,10
52,500,115.000000,60.000000,0,0,3585494,753,0,753,-3,0,36,10
52,500,115.000000,60.000000,0,0,3585501,775,0,775,-4,0,36,10
52,500,115.000000,60.000000,0,0,3585508,798,0,798,-7,0,36,10
52,500,115.000000,60.000000,0,0,3585516,832,0,832,-11,0,36,10
52,500,115.000000,60.000000,0,0,3585523,868,0,868,-17,0,36,10
52,500,115.000000,60.000000,0,0,3585529,904,0,904,-23,0,36,10
52,500,115.000000,60.000000,0,0,3585536,928,0,928,-26,0,36,10
52,500,115.000000,60.000000,0,0,3585543,967,0,967,-35,0,36,10
52,500,115.000000,60.000000,0,0,3585550,1005,0,1005,-43,0,36,10
52,500,115.000000,60.000000,0,0,3585557,1034,0,1034,-48,0,36,10
52,500,115.000000,60.000000,0,0,3585563,1072,0,1072,-56,0,36,10
52,500,115.000000,60.000000,0,0,3585570,1102,0,1102,-63,0,36,10
52,500,115.000000,60.000000,0,0,3585578,1130,0,1130,-69,0,36,10
52,500,115.000000,60.000000,0,0,3585584,1150,0,1150,-74,0,36,10
52,500,115.000000,60.000000,0,0,3585591,1171,0,1171,-79,0,36,10
52,500,115.000000,60.000000,0,0,3585598,1187,0,1187,-82,0,36,10
52,500,115.000000,60.000000,0,0,3585605,1197,0,1197,-85,0,36,10
52,500,115.000000,60.000000,0,0,3585612,1203,0,1203,-86,0,36,10
52,500,115.000000,60.000000,0,0,3585628,1206,0,1206,-87,0,36,10
52,500,115.000000,60.000000,0,0,3585637,1208,0,1208,-88,0,36,10
52,500,115.000000,60.000000,0,0,3585645,1208,0,1208,-89,0,36,10
52,500,115.000000,60.000000,0,0,3585651,1208,0,1208,-89,0,36,10
52,500,115.000000,60.000000,0,0,3585657,1208,0,1208,-89,0,36,10
52,500,115.000000,60.000000,0,0,3585663,1207,0,1207,-89,0,36,10
52,500,115.000000,60.000000,0,0,3585669,1207,0,1207,-89,0,36,10
52,500,115.000000,60.000000,0,0,3585675,1206,0,1206,-89,0,36,10
52,500,115.000000,60.000000,0,0,3585682,1204,0,1204,-89,0,36,10
52,500,115.000000,60.000000,0,0,3585689,1202,0,1202,-89,0,36,10
52,500,115.000000,60.000000,0,0,3585695,1202,0,1202,-89,0,36,10
52,500,115.000000,60.000000,0,0,3585702,1202,0,1202,-89,0,36,10
52,500,115.000000,60.000000,0,0,3585709,1202,0,1202,-89,0,36,10
52,500,115.000000,60.000000,0,0,3585716,1202,0,1202,-89,0,36,10
52,500,115.000000,60.000000,0,0,3585723,1202,0,1202,-89,0,36,10
52,500,115.000000,60.000000,0,0,3585730,1202,0,1202,-89,0,36,10
52,500,115.000000,60.000000,0,0,3585737,1202,0,1202,-89,0,36,10
52,500,115.000000,60.000000,0,0,3585753,1202,0,1202,-89,0,36,10
52,500,115.000000,60.000000,0,0,3585762,1202,0,1202,-89,0,36,10
52,500,115.000000,60.000000,0,0,3585770,1202,0,1202,-89,0,36,10
52,500,115.000000,60.000000,0,0,3585776,1202,0,1202,-89,0,36,10
52,500,115.000000,60.000000,0,0,3585782,1202,0,1202,-89,0,36,10
52,500,115.000000,60.000000,0,0,3585788,1202,0,1202,-89,0,36,10
52,500,115.000000,60.000000,0,0,3585794,1202,0,1202,-89,0,36,10
52,500,115.000000,60.000000,0,0,3585800,1202,0,1202,-89,0,36,10
52,500,115.000000,60.000000,0,0,3585807,1202,0,1202,-89,0,36,10
52,500,115.000000,60.000000,0,0,3585830,1202,0,1202,-89,0,36,10
