52,1000,30.000000,30.000000,0,0,3342627,456,23,456,23,0,30,3
52,1000,30.000000,30.000000,0,0,3342631,456,23,456,23,0,30,3
52,1000,30.000000,30.000000,0,0,3342638,455,23,455,23,0,30,3
52,1000,30.000000,30.000000,0,0,3342644,454,23,454,23,0,30,3
52,1000,30.000000,30.000000,0,0,3342650,454,23,454,23,0,30,3
52,1000,30.000000,30.000000,0,0,3342657,454,23,454,23,0,30,3
52,1000,30.000000,30.000000,0,0,3342663,454,23,454,23,0,30,3
52,1000,30.000000,30.000000,0,0,3342670,454,23,454,23,0,30,3
52,1000,30.000000,30.000000,0,0,3342677,454,23,454,23,0,30,3
52,1000,30.000000,30.000000,0,0,3342684,454,23,454,23,0,30,3
52,1000,30.000000,30.000000,0,0,3342691,454,23,454,23,0,30,3
52,1000,30.000000,30.000000,0,0,3342698,454,23,454,23,0,30,3
52,1000,30.000000,30.000000,0,0,3342705,455,23,455,23,0,30,3
52,1000,30.000000,30.000000,0,0,3342715,458,23,458,23,0,30,3
52,1000,30.000000,30.000000,0,0,3342723,467,24,467,24,0,30,3
52,1000,30.000000,30.000000,0,0,3342729,483,25,483,25,0,30,3
52,1000,30.000000,30.000000,0,0,3342735,497,26,497,26,0,30,3
52,1000,30.000000,30.000000,0,0,3342741,524,26,524,26,0,30,3
52,1000,30.000000,30.000000,0,0,3342748,553,26,553,26,0,30,3
52,1000,30.000000,30.000000,0,0,3342754,594,26,594,26,0,30,3
52,1000,30.000000,30.000000,0,0,3342762,627,26,627,26,0,30,3
52,1000,30.000000,30.000000,0,0,3342768,690,26,690,26,0,30,3
52,1000,30.000000,30.000000,0,0,3342775,736,25,736,25,0,30,3
52,1000,30.000000,30.000000,0,0,3342782,804,24,804,24,0,30,3
52,1000,30.000000,30.000000,0,0,3342788,872,22,872,22,0,30,3
52,1000,30.000000,30.000000,0,0,3342795,941,18,941,18,0,30,3
52,1000,30.000000,30.000000,0,0,3342802,1023,13,1023,13,0,30,3
52,1000,30.000000,30.000000,0,0,3342809,1104,7,1104,7,0,30,3
52,1000,30.000000,30.000000,0,0,3342817,1171,1,1171,1,0,30,3
52,1000,30.000000,30.000000,0,0,3342823,1241,0,1241,-6,0,30,3
52,1000,30.000000,30.000000,0,0,3342830,1297,0,1297,-13,0,30,3
52,1000,30.000000,30.000000,0,0,3342846,1373,0,1373,-22,0,30,3
52,1000,30.000000,30.000000,0,0,3342855,1464,0,1464,-36,0,30,3
52,1000,30.000000,30.000000,0,0,3342863,1500,0,1500,-43,0,30,3
52,1000,30.000000,30.000000,0,0,3342869,1517,0,1517,-47,0,30,3
52,1000,30.000000,30.000000,0,0,3342876,1524,0,1524,-49,0,30,3
52,1000,30.000000,30.000000,0,0,3342882,1527,0,1527,-51,0,30,3
52,1000,30.000000,30.000000,0,0,3342888,1527,0,1527,-52,0,30,3
52,1000,30.000000,30.000000,0,0,3342894,1525,0,1525,-52,0,30,3
52,1000,30.000000,30.000000,0,0,3342900,1521,0,1521,-53,0,30,3
52,1000,30.000000,30.000000,0,0,3342906,1515,0,1515,-53,0,30,3
52,1000,30.000000,30.000000,0,0,3342914,1506,0,1506,-53,0,30,3
52,1000,30.000000,30.000000,0,0,3342920,1494,0,1494,-53,0,30,3
52,1000,30.000000,30.000000,0,0,3342927,1483,0,1483,-53,0,30,3
52,1000,30.000000,30.000000,0,0,3342934,1474,1,1474,-52,0,30,3
52,1000,30.000000,30.000000,0,0,3342941,1465,2,1465,-51,0,30,3
52,1000,30.000000,30.000000,0,0,3342948,1454,3,1454,-50,0,30,3
52,1000,30.000000,30.000000,0,0,3342955,1445,4,1445,-49,0,30,3
52,1000,30.000000,30.000000,0,0,3342962,1436,5,1436,-48,0,30,3
52,1000,30.000000,30.000000,0,0,3342969,1430,5,1430,-48,0,30,3
52,1000,30.000000,30.000000,0,0,3342976,1427,5,1427,-48,0,30,3
52,1000,30.000000,30.000000,0,0,3342983,1424,5,1424,-48,0,30,3
52,1000,30.000000,30.000000,0,0,3342990,1422,5,1422,-48,0,30,3
52,1000,30.000000,30.000000,0,0,3342997,1420,5,1420,-48,0,30,3
52,1000,30.000000,30.000000,0,0,3343004,1419,5,1419,-48,0,30,3
52,1000,30.000000,30.000000,0,0,3343011,1419,4,1419,-49,0,30,3
52,1000,30.000000,30.000000,0,0,3343018,1419,2,1419,-51,0,30,3
52,1000,30.000000,30.000000,0,0,3343025,1419,1,1419,-52,0,30,3
52,1000,30.000000,30.000000,0,0,3343031,1419,0,1419,-53,0,30,3
52,1000,30.000000,30.000000,0,0,3343038,1419,0,1419,-54,0,30,3
52,1000,30.000000,30.000000,0,0,3343045,1419,0,1419,-55,0,30,3
52,1000,30.000000,30.000000,0,0,3343052,1420,0,1420,-55,0,30,3
52,1000,30.000000,30.000000,0,0,3343059,1420,0,1420,-56,0,30,3
52,1000,30.000000,30.000000,0,0,3343066,1421,0,1421,-57,0,30,3
52,1000,30.000000,30.000000,0,0,3343073,1422,0,1422,-58,0,30,3
52,1000,30.000000,30.000000,0,0,3343080,1422,0,1422,-59,0,30,3
52,1000,30.000000,30.000000,0,0,3343091,1422,0,1422,-60,0,30,3
52,1000,30.000000,30.000000,0,0,3343097,1422,0,1422,-61,0,30,3
52,1000,30.000000,30.000000,0,0,3343103,1422,0,1422,-61,0,30,3
52,1000,30.000000,30.000000,0,0,3343109,1422,0,1422,-61,0,30,3
52,1000,30.000000,30.000000,0,0,3343116,1422,0,1422,-62,0,30,3
52,1000,30.000000,30.000000,0,0,3343122,1422,0,1422,-62,0,30,3
52,1000,30.000000,30.000000,0,0,3343129,1422,0,1422,-62,0,30,3
52,1000,30.000000,30.000000,0,0,3343136,1422,0,1422,-62,0,30,3
52,1000,30.000000,30.000000,0,0,3343142,1422,0,1422,-62,0,30,3
52,1000,30.000000,30.000000,0,0,3343150,1424,0,1424,-63,0,30,3
52,1000,30.000000,30.000000,0,0,3343156,1426,0,1426,-63,0,30,3
52,1000,30.000000,30.000000,0,0,3343163,1428,0,1428,-63,0,30,3
52,1000,30.000000,30.000000,0,0,3343170,1431,0,1431,-63,0,30,3
52,1000,30.000000,30.000000,0,0,3343177,1433,0,1433,-64,0,30,3
52,1000,30.000000,30.000000,0,0,3343184,1434,0,1434,-64,0,30,3
52,1000,30.000000,30.000000,0,0,3343191,1437,0,1437,-65,0,30,3
52,1000,30.000000,30.000000,0,0,3343198,1439,0,1439,-65,0,30,3
52,1000,30.000000,30.000000,0,0,3343205,1442,0,1442,-65,0,30,3
52,1000,30.000000,30.000000,0,0,3343221,1445,0,1445,-65,0,30,3
52,1000,30.000000,30.000000,0,0,3343230,1452,0,1452,-65,0,30,3
52,1000,30.000000,30.000000,0,0,3343238,1455,0,1455,-65,0,30,3
52,1000,30.000000,30.000000,0,0,3343244,1456,0,1456,-65,0,30,3
52,1000,30.000000,30.000000,0,0,3343250,1457,0,1457,-65,0,30,3
52,1000,30.000000,30.000000,0,0,3343256,1457,0,1457,-65,0,30,3
52,1000,30.000000,30.000000,0,0,3343262,1457,0,1457,-65,0,30,3
52,1000,30.000000,30.000000,0,0,3343268,1457,0,1457,-65,0,30,3
52,1000,30.000000,30.000000,0,0,3343274,1457,0,1457,-65,0,30,3
52,1000,30.000000,30.000000,0,0,3343282,1457,0,1457,-65,0,30,3
52,1000,30.000000,30.000000,0,0,3343288,1457,0,1457,-65,0,30,3
52,1000,30.000000,30.000000,0,0,3343295,1457,1,1457,-64,0,30,3
52,1000,30.000000,30.000000,0,0,3343311,1458,1,1458,-64,0,30,3
52,1000,30.000000,30.000000,0,0,3343320,1458,1,1458,-64,0,30,3
52,1000,30.000000,30.000000,0,0,3343328,1458,1,1458,-64,0,30,3
52,1000,30.000000,30.000000,0,0,3343334,1458,1,1458,-64,0,30,3
52,1000,30.000000,30.000000,0,0,3343340,1458,1,1458,-64,0,30,3
52,1000,30.000000,30.000000,0,0,3343346,1458,1,1458,-64,0,30,3
52,1000,30.000000,30.000000,0,0,3343352,1458,1,1458,-64,0,30,3
52,1000,30.000000,30.000000,0,0,3343381,1458,1,1458,-64,0,30,3
