52,1000,30.000000,10000.000000,0,0,3382571,463,19,463,19,0,31,12
52,1000,30.000000,10000.000000,0,0,3382573,463,19,463,19,0,31,12
52,1000,30.000000,10000.000000,0,0,3382579,463,19,463,19,0,31,12
52,1000,30.000000,10000.000000,0,0,3382586,463,19,463,19,0,31,12
52,1000,30.000000,10000.000000,0,0,3382593,463,19,463,19,0,31,12
52,1000,30.000000,10000.000000,0,0,3382600,463,19,463,19,0,31,12
52,1000,30.000000,10000.000000,0,0,3382607,463,19,463,19,0,31,12
52,1000,30.000000,10000.000000,0,0,3382614,463,19,463,19,0,31,12
52,1000,30.000000,10000.000000,0,0,3382621,463,19,463,19,0,31,12
52,1000,30.000000,10000.000000,0,0,3382628,463,19,463,19,0,31,12
52,1000,30.000000,10000.000000,0,0,3382635,463,19,463,19,0,31,12
52,1000,30.000000,10000.000000,0,0,3382642,463,19,463,19,0,31,12
52,1000,30.000000,10000.000000,0,0,3382649,463,19,463,19,0,31,12
52,1000,30.000000,10000.000000,0,0,3382656,464,20,464,20,0,31,12
52,1000,30.000000,10000.000000,0,0,3382663,467,21,467,21,0,31,12
52,1000,30.000000,10000.000000,0,0,3382670,472,23,472,23,0,31,12
52,1000,30.000000,10000.000000,0,0,3382676,479,26,479,26,0,31,12
52,1000,30.000000,10000.000000,0,0,3382683,489,29,489,29,0,31,12
52,1000,30.000000,10000.000000,0,0,3382690,506,33,506,33,0,31,12
52,1000,30.000000,10000.000000,0,0,3382700,528,35,528,35,0,31,12
52,1000,30.000000,10000.000000,0,0,3382716,575,40,575,40,0,31,12
52,1000,30.000000,10000.000000,0,0,3382725,674,49,674,49,0,31,12
52,1000,30.000000,10000.000000,0,0,3382741,745,53,745,53,0,31,12
52,1000,30.000000,10000.000000,0,0,3382750,866,55,866,55,0,31,12
52,1000,30.000000,10000.000000,0,0,3382758,932,55,932,55,0,31,12
52,1000,30.000000,10000.000000,0,0,3382764,996,51,996,51,0,31,12
52,1000,30.000000,10000.000000,0,0,3382770,1050,47,1050,47,0,31,12
52,1000,30.000000,10000.000000,0,0,3382777,1103,41,1103,41,0,31,12
52,1000,30.000000,10000.000000,0,0,3382783,1143,37,1143,37,0,31,12
52,1000,30.000000,10000.000000,0,0,3382789,1183,30,1183,30,0,31,12
52,1000,30.000000,10000.000000,0,0,3382795,1224,23,1224,23,0,31,12
52,1000,30.000000,10000.000000,0,0,3382802,1252,17,1252,17,0,31,12
52,1000,30.000000,10000.000000,0,0,3382808,1293,8,1293,8,0,31,12
52,1000,30.000000,10000.000000,0,0,3382815,1331,0,1331,-1,0,31,12
52,1000,30.000000,10000.000000,0,0,3382831,1368,0,1368,-13,0,31,12
52,1000,30.000000,10000.000000,0,0,3382840,1435,0,1435,-35,0,31,12
52,1000,30.000000,10000.000000,0,0,3382848,1458,0,1458,-43,0,31,12
52,1000,30.000000,10000.000000,0,0,3382854,1473,0,1473,-50,0,31,12
52,1000,30.000000,10000.000000,0,0,3382860,1478,0,1478,-53,0,31,12
52,1000,30.000000,10000.000000,0,0,3382866,1481,0,1481,-55,0,31,12
52,1000,30.000000,10000.000000,0,0,3382872,1481,0,1481,-55,0,31,12
52,1000,30.000000,10000.000000,0,0,3382878,1481,0,1481,-55,0,31,12
52,1000,30.000000,10000.000000,0,0,3382885,1481,0,1481,-56,0,31,12
52,1000,30.000000,10000.000000,0,0,3382893,1481,0,1481,-57,0,31,12
52,1000,30.000000,10000.000000,0,0,3382899,1481,0,1481,-57,0,31,12
52,1000,30.000000,10000.000000,0,0,3382906,1481,0,1481,-57,0,31,12
52,1000,30.000000,10000.000000,0,0,3382913,1481,0,1481,-57,0,31,12
52,1000,30.000000,10000.000000,0,0,3382919,1481,0,1481,-57,0,31,12
52,1000,30.000000,10000.000000,0,0,3382926,1481,1,1481,-56,0,31,12
52,1000,30.000000,10000.000000,0,0,3382933,1480,2,1480,-55,0,31,12
52,1000,30.000000,10000.000000,0,0,3382940,1480,2,1480,-55,0,31,12
52,1000,30.000000,10000.000000,0,0,3382956,1480,2,1480,-55,0,31,12
52,1000,30.000000,10000.000000,0,0,3382965,1480,2,1480,-55,0,31,12
52,1000,30.000000,10000.000000,0,0,3382973,1480,2,1480,-55,0,31,12
52,1000,30.000000,10000.000000,0,0,3382979,1480,2,1480,-55,0,31,12
52,1000,30.000000,10000.000000,0,0,3382985,1480,2,1480,-55,0,31,12
52,1000,30.000000,10000.000000,0,0,3382991,1480,2,1480,-55,0,31,12
52,1000,30.000000,10000.000000,0,0,3382997,1481,2,1481,-55,0,31,12
52,1000,30.000000,10000.000000,0,0,3383003,1482,2,1482,-55,0,31,12
52,1000,30.000000,10000.000000,0,0,3383010,1483,1,1483,-56,0,31,12
52,1000,30.000000,10000.000000,0,0,3383017,1484,0,1484,-57,0,31,12
52,1000,30.000000,10000.000000,0,0,3383024,1485,0,1485,-57,0,31,12
52,1000,30.000000,10000.000000,0,0,3383031,1486,0,1486,-57,0,31,12
52,1000,30.000000,10000.000000,0,0,3383037,1487,0,1487,-57,0,31,12
52,1000,30.000000,10000.000000,0,0,3383044,1487,0,1487,-57,0,31,12
52,1000,30.000000,10000.000000,0,0,3383051,1487,0,1487,-57,0,31,12
52,1000,30.000000,10000.000000,0,0,3383058,1487,0,1487,-57,0,31,12
52,1000,30.000000,10000.000000,0,0,3383065,1487,0,1487,-57,0,31,12
52,1000,30.000000,10000.000000,0,0,3383080,1485,0,1485,-57,0,31,12
52,1000,30.000000,10000.000000,0,0,3383086,1480,0,1480,-57,0,31,12
52,1000,30.000000,10000.000000,0,0,3383093,1478,0,1478,-57,0,31,12
52,1000,30.000000,10000.000000,0,0,3383100,1476,0,1476,-57,0,31,12
52,1000,30.000000,10000.000000,0,0,3383116,1475,0,1475,-57,0,31,12
52,1000,30.000000,10000.000000,0,0,3383125,1474,0,1474,-57,0,31,12
52,1000,30.000000,10000.000000,0,0,3383133,1474,0,1474,-57,0,31,12
52,1000,30.000000,10000.000000,0,0,3383139,1474,0,1474,-57,0,31,12
52,1000,30.000000,10000.000000,0,0,3383145,1473,0,1473,-57,0,31,12
52,1000,30.000000,10000.000000,0,0,3383151,1472,0,1472,-58,0,31,12
52,1000,30.000000,10000.000000,0,0,3383157,1472,0,1472,-58,0,31,12
52,1000,30.000000,10000.000000,0,0,3383164,1471,0,1471,-59,0,31,12
52,1000,30.000000,10000.000000,0,0,3383170,1469,0,1469,-59,0,31,12
52,1000,30.000000,10000.000000,0,0,3383176,1468,0,1468,-60,0,31,12
52,1000,30.000000,10000.000000,0,0,3383183,1466,0,1466,-61,0,31,12
52,1000,30.000000,10000.000000,0,0,3383190,1464,0,1464,-61,0,31,12
52,1000,30.000000,10000.000000,0,0,3383197,1463,0,1463,-61,0,31,12
52,1000,30.000000,10000.000000,0,0,3383204,1463,0,1463,-62,0,31,12
52,1000,30.000000,10000.000000,0,0,3383211,1463,0,1463,-62,0,31,12
52,1000,30.000000,10000.000000,0,0,3383218,1463,0,1463,-62,0,31,12
52,1000,30.000000,10000.000000,0,0,3383225,1463,0,1463,-62,0,31,12
52,1000,30.000000,10000.000000,0,0,3383241,1463,0,1463,-62,0,31,12
52,1000,30.000000,10000.000000,0,0,3383250,1463,0,1463,-62,0,31,12
52,1000,30.000000,10000.000000,0,0,3383273,1463,0,1463,-62,0,31,12
