52,500,30.000000,90.000000,0,0,3410007,713,16,713,16,0,32,12
52,500,30.000000,90.000000,0,0,3410011,713,16,713,16,0,32,12
52,500,30.000000,90.000000,0,0,3410020,713,16,713,16,0,32,12
52,500,30.000000,90.000000,0,0,3410028,713,16,713,16,0,32,12
52,500,30.000000,90.000000,0,0,3410034,713,16,713,16,0,32,12
52,500,30.000000,90.000000,0,0,3410041,713,16,713,16,0,32,12
52,500,30.000000,90.000000,0,0,3410047,715,16,715,16,0,32,12
52,500,30.000000,90.000000,0,0,3410053,717,15,717,15,0,32,12
52,500,30.000000,90.000000,0,0,3410059,720,14,720,14,0,32,12
52,500,30.000000,90.000000,0,0,3410065,723,13,723,13,0,32,12
52,500,30.000000,90.000000,0,0,3410072,731,10,731,10,0,32,12
52,500,30.000000,90.000000,0,0,3410078,738,8,738,8,0,32,12
52,500,30.000000,90.000000,0,0,3410085,751,5,751,5,0,32,12
52,500,30.000000,90.000000,0,0,3410092,764,3,764,3,0,32,12
52,500,30.000000,90.000000,0,0,3410099,783,1,783,1,0,32,12
52,500,30.000000,90.000000,0,0,3410106,801,0,801,0,0,32,12
52,500,30.000000,90.000000,0,0,3410113,829,0,829,-4,0,32,12
52,500,30.000000,90.000000,0,0,3410120,858,0,858,-9,0,32,12
52,500,30.000000,90.000000,0,0,3410135,893,0,893,-15,0,32,12
52,500,30.000000,90.000000,0,0,3410145,977,0,977,-31,0,32,12
52,500,30.000000,90.000000,0,0,3410153,1031,0,1031,-41,0,32,12
52,500,30.000000,90.000000,0,0,3410159,1075,0,1075,-50,0,32,12
52,500,30.000000,90.000000,0,0,3410165,1108,0,1108,-57,0,32,12
52,500,30.000000,90.000000,0,0,3410171,1148,0,1148,-66,0,32,12
52,500,30.000000,90.000000,0,0,3410177,1181,0,1181,-74,0,32,12
52,500,30.000000,90.000000,0,0,3410184,1205,0,1205,-79,0,32,12
52,500,30.000000,90.000000,0,0,3410190,1227,0,1227,-84,0,32,12
52,500,30.000000,90.000000,0,0,3410197,1244,0,1244,-88,0,32,12
52,500,30.000000,90.000000,0,0,3410204,1271,0,1271,-94,0,32,12
52,500,30.000000,90.000000,0,0,3410212,1283,0,1283,-97,0,32,12
52,500,30.000000,90.000000,0,0,3410219,1290,0,1290,-98,0,32,12
52,500,30.000000,90.000000,0,0,3410224,1292,0,1292,-100,0,32,12
52,500,30.000000,90.000000,0,0,3410231,1295,0,1295,-102,0,32,12
52,500,30.000000,90.000000,0,0,3410238,1295,0,1295,-102,0,32,12
52,500,30.000000,90.000000,0,0,3410245,1294,0,1294,-102,0,32,12
52,500,30.000000,90.000000,0,0,3410261,1292,0,1292,-102,0,32,12
52,500,30.000000,90.000000,0,0,3410270,1287,2,1287,-100,0,32,12
52,500,30.000000,90.000000,0,0,3410278,1285,3,1285,-99,0,32,12
52,500,30.000000,90.000000,0,0,3410284,1283,4,1283,-98,0,32,12
52,500,30.000000,90.000000,0,0,3410291,1282,4,1282,-98,0,32,12
52,500,30.000000,90.000000,0,0,3410297,1281,5,1281,-97,0,32,12
52,500,30.000000,90.000000,0,0,3410303,1281,5,1281,-97,0,32,12
52,500,30.000000,90.000000,0,0,3410309,1280,5,1280,-97,0,32,12
52,500,30.000000,90.000000,0,0,3410315,1279,6,1279,-96,0,32,12
52,500,30.000000,90.000000,0,0,3410322,1277,6,1277,-96,0,32,12
52,500,30.000000,90.000000,0,0,3410328,1276,6,1276,-96,0,32,12
52,500,30.000000,90.000000,0,0,3410337,1275,6,1275,-96,0,32,12
52,500,30.000000,90.000000,0,0,3410344,1274,7,1274,-95,0,32,12
52,500,30.000000,90.000000,0,0,3410350,1273,7,1273,-95,0,32,12
52,500,30.000000,90.000000,0,0,3410356,1272,7,1272,-95,0,32,12
52,500,30.000000,90.000000,0,0,3410363,1272,7,1272,-95,0,32,12
52,500,30.000000,90.000000,0,0,3410370,1271,7,1271,-95,0,32,12
52,500,30.000000,90.000000,0,0,3410386,1270,7,1270,-95,0,32,12
52,500,30.000000,90.000000,0,0,3410395,1268,7,1268,-95,0,32,12
52,500,30.000000,90.000000,0,0,3410403,1265,7,1265,-95,0,32,12
52,500,30.000000,90.000000,0,0,3410411,1260,7,1260,-95,0,32,12
52,500,30.000000,90.000000,0,0,3410416,1254,7,1254,-95,0,32,12
52,500,30.000000,90.000000,0,0,3410422,1248,7,1248,-95,0,32,12
52,500,30.000000,90.000000,0,0,3410429,1243,8,1243,-94,0,32,12
52,500,30.000000,90.000000,0,0,3410435,1238,8,1238,-94,0,32,12
52,500,30.000000,90.000000,0,0,3410441,1233,8,1233,-94,0,32,12
52,500,30.000000,90.000000,0,0,3410447,1229,8,1229,-94,0,32,12
52,500,30.000000,90.000000,0,0,3410454,1227,8,1227,-94,0,32,12
52,500,30.000000,90.000000,0,0,3410460,1225,8,1225,-94,0,32,12
52,500,30.000000,90.000000,0,0,3410467,1224,8,1224,-94,0,32,12
52,500,30.000000,90.000000,0,0,3410474,1223,8,1223,-94,0,32,12
52,500,30.000000,90.000000,0,0,3410481,1222,8,1222,-94,0,32,12
52,500,30.000000,90.000000,0,0,3410488,1222,8,1222,-94,0,32,12
52,500,30.000000,90.000000,0,0,3410495,1221,8,1221,-94,0,32,12
52,500,30.000000,90.000000,0,0,3410511,1220,8,1220,-94,0,32,12
52,500,30.000000,90.000000,0,0,3410520,1220,8,1220,-94,0,32,12
52,500,30.000000,90.000000,0,0,3410528,1220,8,1220,-94,0,32,12
52,500,30.000000,90.000000,0,0,3410534,1220,8,1220,-94,0,32,12
52,500,30.000000,90.000000,0,0,3410540,1220,8,1220,-94,0,32,12
52,500,30.000000,90.000000,0,0,3410546,1220,8,1220,-94,0,32,12
52,500,30.000000,90.000000,0,0,3410552,1220,8,1220,-94,0,32,12
52,500,30.000000,90.000000,0,0,3410558,1220,8,1220,-94,0,32,12
52,500,30.000000,90.000000,0,0,3410565,1220,8,1220,-94,0,32,12
52,500,30.000000,90.000000,0,0,3410572,1220,8,1220,-94,0,32,12
52,500,30.000000,90.000000,0,0,3410578,1220,8,1220,-94,0,32,12
52,500,30.000000,90.000000,0,0,3410586,1220,8,1220,-94,0,32,12
52,500,30.000000,90.000000,0,0,3410592,1220,8,1220,-94,0,32,12
52,500,30.000000,90.000000,0,0,3410599,1220,8,1220,-94,0,32,12
52,500,30.000000,90.000000,0,0,3410606,1220,8,1220,-94,0,32,12
52,500,30.000000,90.000000,0,0,3410613,1220,8,1220,-94,0,32,12
52,500,30.000000,90.000000,0,0,3410620,1220,8,1220,-94,0,32,12
52,500,30.000000,90.000000,0,0,3410636,1220,8,1220,-94,0,32,12
52,500,30.000000,90.000000,0,0,3410645,1220,8,1220,-94,0,32,12
52,500,30.000000,90.000000,0,0,3410670,1220,8,1220,-94,0,32,12
