52,500,30.000000,30.000000,0,0,3371780,703,17,703,17,0,31,5
52,500,30.000000,30.000000,0,0,3371782,703,17,703,17,0,31,5
52,500,30.000000,30.000000,0,0,3371789,703,17,703,17,0,31,5
52,500,30.000000,30.000000,0,0,3371795,703,17,703,17,0,31,5
52,500,30.000000,30.000000,0,0,3371811,703,17,703,17,0,31,5
52,500,30.000000,30.000000,0,0,3371820,704,17,704,17,0,31,5
52,500,30.000000,30.000000,0,0,3371828,704,17,704,17,0,31,5
52,500,30.000000,30.000000,0,0,3371834,704,17,704,17,0,31,5
52,500,30.000000,30.000000,0,0,3371840,704,17,704,17,0,31,5
52,500,30.000000,30.000000,0,0,3371846,705,17,705,17,0,31,5
52,500,30.000000,30.000000,0,0,3371853,708,17,708,17,0,31,5
52,500,30.000000,30.000000,0,0,3371859,712,17,712,17,0,31,5
52,500,30.000000,30.000000,0,0,3371865,720,17,720,17,0,31,5
52,500,30.000000,30.000000,0,0,3371872,731,18,731,18,0,31,5
52,500,30.000000,30.000000,0,0,3371879,746,19,746,19,0,31,5
52,500,30.000000,30.000000,0,0,3371885,773,21,773,21,0,31,5
52,500,30.000000,30.000000,0,0,3371895,789,22,789,22,0,31,5
52,500,30.000000,30.000000,0,0,3371903,840,23,840,23,0,31,5
52,500,30.000000,30.000000,0,0,3371909,863,24,863,24,0,31,5
52,500,30.000000,30.000000,0,0,3371915,894,24,894,24,0,31,5
52,500,30.000000,30.000000,0,0,3371921,916,24,916,24,0,31,5
52,500,30.000000,30.000000,0,0,3371927,939,24,939,24,0,31,5
52,500,30.000000,30.000000,0,0,3371934,962,24,962,24,0,31,5
52,500,30.000000,30.000000,0,0,3371940,994,23,994,23,0,31,5
52,500,30.000000,30.000000,0,0,3371948,1031,20,1031,20,0,31,5
52,500,30.000000,30.000000,0,0,3371954,1060,17,1060,17,0,31,5
52,500,30.000000,30.000000,0,0,3371961,1083,14,1083,14,0,31,5
52,500,30.000000,30.000000,0,0,3371968,1103,11,1103,11,0,31,5
52,500,30.000000,30.000000,0,0,3371975,1119,8,1119,8,0,31,5
52,500,30.000000,30.000000,0,0,3371982,1132,5,1132,5,0,31,5
52,500,30.000000,30.000000,0,0,3371990,1137,3,1137,3,0,31,5
52,500,30.000000,30.000000,0,0,3371996,1140,1,1140,1,0,31,5
52,500,30.000000,30.000000,0,0,3372003,1142,0,1142,0,0,31,5
52,500,30.000000,30.000000,0,0,3372010,1142,0,1142,-1,0,31,5
52,500,30.000000,30.000000,0,0,3372026,1142,0,1142,-2,0,31,5
52,500,30.000000,30.000000,0,0,3372035,1142,0,1142,-4,0,31,5
52,500,30.000000,30.000000,0,0,3372043,1142,0,1142,-5,0,31,5
52,500,30.000000,30.000000,0,0,3372049,1141,0,1141,-6,0,31,5
52,500,30.000000,30.000000,0,0,3372056,1140,0,1140,-6,0,31,5
52,500,30.000000,30.000000,0,0,3372062,1140,0,1140,-6,0,31,5
52,500,30.000000,30.000000,0,0,3372068,1140,0,1140,-7,0,31,5
52,500,30.000000,30.000000,0,0,3372074,1140,0,1140,-7,0,31,5
52,500,30.000000,30.000000,0,0,3372081,1140,0,1140,-7,0,31,5
52,500,30.000000,30.000000,0,0,3372088,1139,0,1139,-7,0,31,5
52,500,30.000000,30.000000,0,0,3372094,1138,0,1138,-7,0,31,5
52,500,30.000000,30.000000,0,0,3372101,1138,0,1138,-7,0,31,5
52,500,30.000000,30.000000,0,0,3372116,1138,0,1138,-8,0,31,5
52,500,30.000000,30.000000,0,0,3372125,1138,0,1138,-8,0,31,5
52,500,30.000000,30.000000,0,0,3372133,1138,0,1138,-8,0,31,5
52,500,30.000000,30.000000,0,0,3372139,1138,0,1138,-8,0,31,5
52,500,30.000000,30.000000,0,0,3372145,1138,0,1138,-8,0,31,5
52,500,30.000000,30.000000,0,0,3372151,1138,0,1138,-9,0,31,5
52,500,30.000000,30.000000,0,0,3372157,1139,0,1139,-10,0,31,5
52,500,30.000000,30.000000,0,0,3372163,1140,0,1140,-11,0,31,5
52,500,30.000000,30.000000,0,0,3372170,1143,0,1143,-12,0,31,5
52,500,30.000000,30.000000,0,0,3372177,1148,0,1148,-14,0,31,5
52,500,30.000000,30.000000,0,0,3372184,1153,0,1153,-16,0,31,5
52,500,30.000000,30.000000,0,0,3372190,1159,0,1159,-18,0,31,5
52,500,30.000000,30.000000,0,0,3372200,1165,0,1165,-20,0,31,5
52,500,30.000000,30.000000,0,0,3372206,1173,0,1173,-23,0,31,5
52,500,30.000000,30.000000,0,0,3372212,1178,0,1178,-25,0,31,5
52,500,30.000000,30.000000,0,0,3372218,1182,0,1182,-27,0,31,5
52,500,30.000000,30.000000,0,0,3372225,1186,0,1186,-29,0,31,5
52,500,30.000000,30.000000,0,0,3372241,1188,0,1188,-30,0,31,5
52,500,30.000000,30.000000,0,0,3372250,1189,0,1189,-32,0,31,5
52,500,30.000000,30.000000,0,0,3372258,1189,0,1189,-33,0,31,5
52,500,30.000000,30.000000,0,0,3372266,1189,0,1189,-33,0,31,5
52,500,30.000000,30.000000,0,0,3372271,1189,0,1189,-33,0,31,5
52,500,30.000000,30.000000,0,0,3372277,1189,0,1189,-33,0,31,5
52,500,30.000000,30.000000,0,0,3372283,1189,0,1189,-33,0,31,5
52,500,30.000000,30.000000,0,0,3372289,1189,0,1189,-33,0,31,5
52,500,30.000000,30.000000,0,0,3372295,1189,0,1189,-33,0,31,5
52,500,30.000000,30.000000,0,0,3372302,1189,0,1189,-33,0,31,5
52,500,30.000000,30.000000,0,0,3372309,1189,0,1189,-33,0,31,5
52,500,30.000000,30.000000,0,0,3372316,1189,0,1189,-33,0,31,5
52,500,30.000000,30.000000,0,0,3372322,1189,0,1189,-33,0,31,5
52,500,30.000000,30.000000,0,0,3372329,1189,0,1189,-33,0,31,5
52,500,30.000000,30.000000,0,0,3372336,1189,0,1189,-33,0,31,5
52,500,30.000000,30.000000,0,0,3372343,1189,0,1189,-33,0,31,5
52,500,30.000000,30.000000,0,0,3372350,1189,0,1189,-33,0,31,5
52,500,30.000000,30.000000,0,0,3372366,1189,0,1189,-33,0,31,5
52,500,30.000000,30.000000,0,0,3372375,1189,0,1189,-33,0,31,5
52,500,30.000000,30.000000,0,0,3372383,1191,0,1191,-33,0,31,5
52,500,30.000000,30.000000,0,0,3372389,1193,0,1193,-33,0,31,5
52,500,30.000000,30.000000,0,0,3372395,1195,0,1195,-33,0,31,5
52,500,30.000000,30.000000,0,0,3372401,1198,0,1198,-33,0,31,5
52,500,30.000000,30.000000,0,0,3372407,1200,0,1200,-33,0,31,5
52,500,30.000000,30.000000,0,0,3372413,1204,0,1204,-33,0,31,5
52,500,30.000000,30.000000,0,0,3372420,1209,0,1209,-34,0,31,5
52,500,30.000000,30.000000,0,0,3372427,1213,0,1213,-34,0,31,5
52,500,30.000000,30.000000,0,0,3372434,1217,0,1217,-35,0,31,5
52,500,30.000000,30.000000,0,0,3372440,1222,0,1222,-35,0,31,5
52,500,30.000000,30.000000,0,0,3372448,1228,0,1228,-36,0,31,5
52,500,30.000000,30.000000,0,0,3372454,1231,0,1231,-36,0,31,5
52,500,30.000000,30.000000,0,0,3372461,1233,0,1233,-36,0,31,5
52,500,30.000000,30.000000,0,0,3372468,1234,0,1234,-36,0,31,5
52,500,30.000000,30.000000,0,0,3372475,1235,0,1235,-36,0,31,5
52,500,30.000000,30.000000,0,0,3372491,1235,0,1235,-36,0,31,5
52,500,30.000000,30.000000,0,0,3372500,1235,0,1235,-36,0,31,5
52,500,30.000000,30.000000,0,0,3372508,1235,0,1235,-36,0,31,5
52,500,30.000000,30.000000,0,0,3372514,1233,0,1233,-36,0,31,5
52,500,30.000000,30.000000,0,0,3372520,1232,1,1232,-35,0,31,5
52,500,30.000000,30.000000,0,0,3372527,1231,1,1231,-35,0,31,5
52,500,30.000000,30.000000,0,0,3372533,1231,1,1231,-35,0,31,5
52,500,30.000000,30.000000,0,0,3372539,1231,1,1231,-35,0,31,5
52,500,30.000000,30.000000,0,0,3372545,1231,1,1231,-35,0,31,5
52,500,30.000000,30.000000,0,0,3372552,1231,1,1231,-35,0,31,5
52,500,30.000000,30.000000,0,0,3372559,1231,1,1231,-35,0,31,5
52,500,30.000000,30.000000,0,0,3372565,1231,1,1231,-35,0,31,5
52,500,30.000000,30.000000,0,0,3372573,1231,1,1231,-35,0,31,5
52,500,30.000000,30.000000,0,0,3372579,1231,1,1231,-35,0,31,5
52,500,30.000000,30.000000,0,0,3372586,1231,1,1231,-35,0,31,5
52,500,30.000000,30.000000,0,0,3372593,1231,1,1231,-35,0,31,5
52,500,30.000000,30.000000,0,0,3372600,1231,1,1231,-35,0,31,5
52,500,30.000000,30.000000,0,0,3372616,1230,1,1230,-35,0,31,5
52,500,30.000000,30.000000,0,0,3372625,1230,1,1230,-35,0,31,5
52,500,30.000000,30.000000,0,0,3372633,1229,1,1229,-35,0,31,5
52,500,30.000000,30.000000,0,0,3372639,1228,1,1228,-35,0,31,5
52,500,30.000000,30.000000,0,0,3372646,1226,2,1226,-34,0,31,5
52,500,30.000000,30.000000,0,0,3372652,1224,2,1224,-34,0,31,5
52,500,30.000000,30.000000,0,0,3372658,1222,2,1222,-34,0,31,5
52,500,30.000000,30.000000,0,0,3372664,1221,2,1221,-34,0,31,5
52,500,30.000000,30.000000,0,0,3372670,1219,2,1219,-34,0,31,5
52,500,30.000000,30.000000,0,0,3372677,1218,2,1218,-34,0,31,5
52,500,30.000000,30.000000,0,0,3372684,1217,2,1217,-34,0,31,5
52,500,30.000000,30.000000,0,0,3372691,1217,2,1217,-34,0,31,5
52,500,30.000000,30.000000,0,0,3372698,1217,2,1217,-34,0,31,5
52,500,30.000000,30.000000,0,0,3372704,1217,2,1217,-34,0,31,5
52,500,30.000000,30.000000,0,0,3372711,1217,2,1217,-34,0,31,5
52,500,30.000000,30.000000,0,0,3372718,1217,2,1217,-34,0,31,5
52,500,30.000000,30.000000,0,0,3372725,1217,2,1217,-34,0,31,5
52,500,30.000000,30.000000,0,0,3372732,1217,2,1217,-34,0,31,5
52,500,30.000000,30.000000,0,0,3372739,1217,2,1217,-34,0,31,5
52,500,30.000000,30.000000,0,0,3372746,1217,2,1217,-34,0,31,5
52,500,30.000000,30.000000,0,0,3372776,1217,2,1217,-34,0,31,5
