52,1000,115.000000,30.000000,2,0,4359927,486,10,486,10,0,47,14
52,1000,115.000000,30.000000,2,0,4359929,486,10,486,10,0,47,14
52,1000,115.000000,30.000000,2,0,4359935,486,10,486,10,0,47,14
52,1000,115.000000,30.000000,2,0,4359942,486,10,486,10,0,47,14
52,1000,115.000000,30.000000,2,0,4359949,486,10,486,10,0,47,14
52,1000,115.000000,30.000000,2,0,4359956,486,10,486,10,0,47,14
52,1000,115.000000,30.000000,2,0,4359963,486,10,486,10,0,47,14
52,1000,115.000000,30.000000,2,0,4359970,486,10,486,10,0,47,14
52,1000,115.000000,30.000000,2,0,4359977,486,10,486,10,0,47,14
52,1000,115.000000,30.000000,2,0,4359984,488,10,488,10,0,47,14
52,1000,115.000000,30.000000,2,0,4359991,490,10,490,10,0,47,14
52,0.375000,115.000000,30.000000,2,0,4360001,498,13,498,13,0,47,14
52,0.350000,115.000000,30.000000,2,0,4360009,518,20,518,20,0,47,14
52,0.344828,115.000000,30.000000,2,0,4360015,547,30,547,30,0,47,14
52,0.312500,115.000000,30.000000,2,0,4360021,579,40,579,40,0,47,14
52,0.272727,115.000000,30.000000,2,0,4360027,612,49,612,49,0,47,14
52,0.270270,115.000000,30.000000,2,0,4360034,649,59,649,59,0,47,14
52,0.250000,115.000000,30.000000,2,0,4360040,697,71,697,71,0,47,14
52,0.196078,115.000000,30.000000,2,0,4360046,748,81,748,81,0,47,14
52,0.180000,115.000000,30.000000,2,0,4360053,798,90,798,90,0,47,14
52,0.151515,115.000000,30.000000,2,0,4360060,864,100,864,100,0,47,14
52,0.112676,115.000000,30.000000,2,0,4360068,935,108,935,108,0,47,14
52,0.076923,115.000000,30.000000,2,0,4360075,1000,113,1000,113,0,47,14
52,0.046875,115.000000,30.000000,2,0,4360081,1064,116,1064,116,0,47,14
52,1000,115.000000,30.000000,2,0,4360088,1119,116,1119,116,0,47,14
52,1000,115.000000,30.000000,2,0,4360095,1171,116,1171,116,0,47,14
52,-0.096154,115.000000,30.000000,2,0,4360102,1223,111,1223,111,0,47,14
52,-0.135135,115.000000,30.000000,2,0,4360109,1260,106,1260,106,0,47,14
52,-0.162791,115.000000,30.000000,2,0,4360116,1303,99,1303,99,0,47,14
52,-0.250000,115.000000,30.000000,2,0,4360123,1339,90,1339,90,0,47,14
52,-0.300000,115.000000,30.000000,2,0,4360130,1369,81,1369,81,0,47,14
52,-0.388889,115.000000,30.000000,2,0,4360137,1387,74,1387,74,0,47,14
52,-0.571429,115.000000,30.000000,2,0,4360144,1401,66,1401,66,0,47,14
52,-0.833333,115.000000,30.000000,2,0,4360150,1407,61,1407,61,0,47,14
52,-1.666667,115.000000,30.000000,2,0,4360157,1410,56,1410,56,0,47,14
52,-5.000000,115.000000,30.000000,2,0,4360164,1411,51,1411,51,0,47,14
52,1000,115.000000,30.000000,2,0,4360171,1411,46,1411,46,0,47,14
52,1000,115.000000,30.000000,2,0,4360179,1411,43,1411,43,0,47,14
52,1000,115.000000,30.000000,2,0,4360185,1411,39,1411,39,0,47,14
52,2.000000,115.000000,30.000000,2,0,4360192,1410,37,1410,37,0,47,14
52,1000,115.000000,30.000000,2,0,4360199,1410,33,1410,33,0,47,14
52,4.000000,115.000000,30.000000,2,0,4360206,1409,29,1409,29,0,47,14
52,1000,115.000000,30.000000,2,0,4360213,1409,26,1409,26,0,47,14
52,1000,115.000000,30.000000,2,0,4360220,1409,24,1409,24,0,47,14
52,-1.000000,115.000000,30.000000,2,0,4360227,1411,22,1411,22,0,47,14
52,-1.000000,115.000000,30.000000,2,0,4360234,1413,20,1413,20,0,47,14
52,-1.000000,115.000000,30.000000,2,0,4360241,1414,19,1414,19,0,47,14
52,1000,115.000000,30.000000,2,0,4360248,1415,19,1415,19,0,47,14
52,1000,115.000000,30.000000,2,0,4360255,1415,18,1415,18,0,47,14
52,1000,115.000000,30.000000,2,0,4360262,1416,18,1416,18,0,47,14
52,1000,115.000000,30.000000,2,0,4360269,1416,18,1416,18,0,47,14
52,1000,115.000000,30.000000,2,0,4360276,1416,18,1416,18,0,47,14
52,1000,115.000000,30.000000,2,0,4360291,1416,18,1416,18,0,47,14
52,1000,115.000000,30.000000,2,0,4360300,1416,18,1416,18,0,47,14
52,-0.500000,115.000000,30.000000,2,0,4360308,1418,17,1418,17,0,47,14
52,1000,115.000000,30.000000,2,0,4360315,1420,17,1420,17,0,47,14
52,-0.200000,115.000000,30.000000,2,0,4360321,1425,16,1425,16,0,47,14
52,-0.250000,115.000000,30.000000,2,0,4360327,1429,15,1429,15,0,47,14
52,-0.500000,115.000000,30.000000,2,0,4360332,1433,13,1433,13,0,47,14
52,-0.250000,115.000000,30.000000,2,0,4360339,1437,12,1437,12,0,47,14
52,-0.333333,115.000000,30.000000,2,0,4360345,1440,11,1440,11,0,47,14
52,-0.250000,115.000000,30.000000,2,0,4360352,1444,10,1444,10,0,47,14
52,-1.000000,115.000000,30.000000,2,0,4360359,1445,9,1445,9,0,47,14
52,-0.500000,115.000000,30.000000,2,0,4360366,1447,8,1447,8,0,47,14
52,1000,115.000000,30.000000,2,0,4360382,1447,8,1447,8,0,47,14
52,1000,115.000000,30.000000,2,0,4360407,1447,8,1447,8,0,47,14
