52,500,30.000000,0.000000,2,0,4694635,718,9,718,9,0,58,17
52,500,30.000000,0.000000,2,0,4694636,718,9,718,9,0,58,17
52,500,30.000000,0.000000,2,0,4694643,717,9,717,9,0,58,17
52,500,30.000000,0.000000,2,0,4694650,717,9,717,9,0,58,17
52,500,30.000000,0.000000,2,0,4694657,717,9,717,9,0,58,17
52,500,30.000000,0.000000,2,0,4694664,717,9,717,9,0,58,17
52,500,30.000000,0.000000,2,0,4694671,717,9,717,9,0,58,17
52,500,30.000000,0.000000,2,0,4694687,717,9,717,9,0,58,17
52,500,30.000000,0.000000,2,0,4694696,717,9,717,9,0,58,17
52,500,30.000000,0.000000,2,0,4694704,717,12,717,12,0,58,17
52,1.500000,30.000000,0.000000,2,0,4694710,719,15,719,15,0,58,17
52,1.000000,30.000000,0.000000,2,0,4694716,724,20,724,20,0,58,17
52,0.714286,30.000000,0.000000,2,0,4694723,731,25,731,25,0,58,17
52,0.600000,30.000000,0.000000,2,0,4694729,741,31,741,31,0,58,17
52,0.571429,30.000000,0.000000,2,0,4694734,755,39,755,39,0,58,17
52,0.533333,30.000000,0.000000,2,0,4694741,770,47,770,47,0,58,17
52,0.352941,30.000000,0.000000,2,0,4694747,787,53,787,53,0,58,17
52,0.343750,30.000000,0.000000,2,0,4694754,819,64,819,64,0,58,17
52,0.285714,30.000000,0.000000,2,0,4694761,861,76,861,76,0,58,17
52,0.268293,30.000000,0.000000,2,0,4694771,902,87,902,87,0,58,17
52,0.196970,30.000000,0.000000,2,0,4694778,968,100,968,100,0,58,17
52,0.152174,30.000000,0.000000,2,0,4694785,1014,107,1014,107,0,58,17
52,0.108108,30.000000,0.000000,2,0,4694791,1051,111,1051,111,0,58,17
52,0.037037,30.000000,0.000000,2,0,4694797,1078,112,1078,112,0,58,17
52,500,30.000000,0.000000,2,0,4694803,1105,112,1105,112,0,58,17
52,-0.028571,30.000000,0.000000,2,0,4694809,1175,110,1175,110,0,58,17
52,-0.121212,30.000000,0.000000,2,0,4694816,1208,106,1208,106,0,58,17
52,-0.230769,30.000000,0.000000,2,0,4694823,1234,100,1234,100,0,58,17
52,-0.363636,30.000000,0.000000,2,0,4694831,1256,92,1256,92,0,58,17
52,-0.571429,30.000000,0.000000,2,0,4694837,1270,84,1270,84,0,58,17
52,-1.285714,30.000000,0.000000,2,0,4694844,1277,75,1277,75,0,58,17
52,-2.500000,30.000000,0.000000,2,0,4694851,1281,65,1281,65,0,58,17
52,500,30.000000,0.000000,2,0,4694858,1281,53,1281,53,0,58,17
52,2.500000,30.000000,0.000000,2,0,4694865,1277,43,1277,43,0,58,17
52,1.428571,30.000000,0.000000,2,0,4694872,1270,33,1270,33,0,58,17
52,1.428571,30.000000,0.000000,2,0,4694879,1263,23,1263,23,0,58,17
52,1.285714,30.000000,0.000000,2,0,4694886,1256,14,1256,14,0,58,17
52,1.600000,30.000000,0.000000,2,0,4694893,1251,6,1251,6,0,58,17
52,0.857143,30.000000,0.000000,2,0,4694900,1244,0,1244,-4,0,58,17
52,500,30.000000,0.000000,2,0,4694907,1238,0,1238,-11,0,58,17
52,500,30.000000,0.000000,2,0,4694914,1232,0,1232,-18,0,58,17
52,500,30.000000,0.000000,2,0,4694921,1226,0,1226,-24,0,58,17
52,500,30.000000,0.000000,2,0,4694928,1219,0,1219,-31,0,58,17
52,500,30.000000,0.000000,2,0,4694934,1212,0,1212,-37,0,58,17
52,500,30.000000,0.000000,2,0,4694942,1204,0,1204,-44,0,58,17
52,500,30.000000,0.000000,2,0,4694949,1197,0,1197,-51,0,58,17
52,500,30.000000,0.000000,2,0,4694956,1196,0,1191,-56,0,58,17
52,500,30.000000,0.000000,2,0,4694962,1196,0,1187,-60,0,58,17
52,500,30.000000,0.000000,2,0,4694970,1196,0,1183,-63,0,58,17
52,500,30.000000,0.000000,2,0,4694977,1196,0,1179,-67,0,58,17
52,500,30.000000,0.000000,2,0,4694983,1196,0,1177,-70,0,58,17
52,500,30.000000,0.000000,2,0,4694990,1196,0,1176,-72,0,58,17
52,500,30.000000,0.000000,2,0,4694997,1196,0,1173,-74,0,58,17
52,500,30.000000,0.000000,2,0,4695004,1196,0,1170,-76,0,58,17
52,500,30.000000,0.000000,2,0,4695011,1196,0,1169,-77,0,58,17
52,500,30.000000,0.000000,2,0,4695037,1196,0,1167,-78,0,58,17
