52,500,115.000000,30.000000,2,0,4705416,706,6,706,6,0,59,4
52,500,115.000000,30.000000,2,0,4705418,706,6,706,6,0,59,4
52,500,115.000000,30.000000,2,0,4705425,706,6,706,6,0,59,4
52,500,115.000000,30.000000,2,0,4705431,706,7,706,7,0,59,4
52,500,115.000000,30.000000,2,0,4705437,706,7,706,7,0,59,4
52,500,115.000000,30.000000,2,0,4705442,706,7,706,7,0,59,4
52,500,115.000000,30.000000,2,0,4705449,706,7,706,7,0,59,4
52,500,115.000000,30.000000,2,0,4705455,706,8,706,8,0,59,4
52,500,115.000000,30.000000,2,0,4705463,706,9,706,9,0,59,4
52,500,115.000000,30.000000,2,0,4705469,706,10,706,10,0,59,4
52,1.000000,115.000000,30.000000,2,0,4705476,708,12,708,12,0,59,4
52,0.750000,115.000000,30.000000,2,0,4705491,712,15,712,15,0,59,4
52,0.619048,115.000000,30.000000,2,0,4705501,733,28,733,28,0,59,4
52,0.454545,115.000000,30.000000,2,0,4705509,755,38,755,38,0,59,4
52,0.423077,115.000000,30.000000,2,0,4705515,781,49,781,49,0,59,4
52,0.310345,115.000000,30.000000,2,0,4705521,810,58,810,58,0,59,4
52,0.281250,115.000000,30.000000,2,0,4705527,842,67,842,67,0,59,4
52,0.250000,115.000000,30.000000,2,0,4705533,874,75,874,75,0,59,4
52,0.242424,115.000000,30.000000,2,0,4705539,907,83,907,83,0,59,4
52,0.181818,115.000000,30.000000,2,0,4705546,940,89,940,89,0,59,4
52,0.161290,115.000000,30.000000,2,0,4705552,971,94,971,94,0,59,4
52,0.090909,115.000000,30.000000,2,0,4705559,993,96,993,96,0,59,4
52,0.021739,115.000000,30.000000,2,0,4705566,1039,97,1039,97,0,59,4
52,500,115.000000,30.000000,2,0,4705573,1072,97,1072,97,0,59,4
52,-0.093750,115.000000,30.000000,2,0,4705580,1104,94,1104,94,0,59,4
52,-0.185185,115.000000,30.000000,2,0,4705587,1131,89,1131,89,0,59,4
52,-0.285714,115.000000,30.000000,2,0,4705594,1152,83,1152,83,0,59,4
52,-0.526316,115.000000,30.000000,2,0,4705601,1171,73,1171,73,0,59,4
52,-0.727273,115.000000,30.000000,2,0,4705608,1182,65,1182,65,0,59,4
52,-1.222222,115.000000,30.000000,2,0,4705616,1191,54,1191,54,0,59,4
52,-2.250000,115.000000,30.000000,2,0,4705623,1195,45,1195,45,0,59,4
52,-3.000000,115.000000,30.000000,2,0,4705629,1197,39,1197,39,0,59,4
52,500,115.000000,30.000000,2,0,4705636,1197,32,1197,32,0,59,4
52,2.666667,115.000000,30.000000,2,0,4705643,1194,24,1194,24,0,59,4
52,2.000000,115.000000,30.000000,2,0,4705649,1190,16,1190,16,0,59,4
52,1.500000,115.000000,30.000000,2,0,4705656,1186,10,1186,10,0,59,4
52,1.000000,115.000000,30.000000,2,0,4705663,1182,6,1182,6,0,59,4
52,1.000000,115.000000,30.000000,2,0,4705670,1179,3,1179,3,0,59,4
52,1.000000,115.000000,30.000000,2,0,4705677,1177,1,1177,1,0,59,4
52,0.500000,115.000000,30.000000,2,0,4705684,1175,0,1175,-1,0,59,4
52,500,115.000000,30.000000,2,0,4705691,1173,0,1173,-3,0,59,4
52,500,115.000000,30.000000,2,0,4705698,1173,0,1173,-3,0,59,4
52,500,115.000000,30.000000,2,0,4705705,1173,0,1173,-3,0,59,4
52,500,115.000000,30.000000,2,0,4705712,1173,0,1173,-3,0,59,4
52,500,115.000000,30.000000,2,0,4705719,1173,0,1173,-3,0,59,4
52,500,115.000000,30.000000,2,0,4705726,1173,0,1173,-3,0,59,4
52,500,115.000000,30.000000,2,0,4705733,1173,0,1173,-3,0,59,4
52,500,115.000000,30.000000,2,0,4705740,1173,0,1173,-3,0,59,4
52,500,115.000000,30.000000,2,0,4705747,1173,0,1173,-3,0,59,4
52,500,115.000000,30.000000,2,0,4705754,1173,0,1173,-3,0,59,4
52,500,115.000000,30.000000,2,0,4705761,1174,0,1174,-3,0,59,4
52,500,115.000000,30.000000,2,0,4705777,1175,0,1175,-3,0,59,4
52,500,115.000000,30.000000,2,0,4705786,1180,0,1180,-3,0,59,4
52,500,115.000000,30.000000,2,0,4705794,1182,0,1182,-3,0,59,4
52,500,115.000000,30.000000,2,0,4705800,1183,0,1183,-3,0,59,4
52,500,115.000000,30.000000,2,0,4705806,1184,0,1184,-3,0,59,4
52,500,115.000000,30.000000,2,0,4705811,1184,0,1184,-3,0,59,4
52,500,115.000000,30.000000,2,0,4705816,1184,0,1184,-3,0,59,4
