52,500,115.000000,0.000000,1,0,2547834,710,9,710,9,0,7,7
52,500,115.000000,0.000000,1,0,2547835,710,9,710,9,0,7,7
52,500,115.000000,0.000000,1,0,2547842,711,9,711,9,0,7,7
52,500,115.000000,0.000000,1,0,2547848,713,9,713,9,0,7,7
52,500,115.000000,0.000000,1,0,2547856,715,9,715,9,0,7,7
52,500,115.000000,0.000000,1,0,2547862,717,9,717,9,0,7,7
52,500,115.000000,0.000000,1,0,2547869,719,9,719,9,0,7,7
52,500,115.000000,0.000000,1,0,2547876,720,10,720,10,0,7,7
52,500,115.000000,0.000000,1,0,2547883,724,12,724,12,0,7,7
52,500,115.000000,0.000000,1,0,2547890,729,15,729,15,0,7,7
52,500,115.000000,0.000000,1,0,2547897,736,18,736,18,0,7,7
52,500,115.000000,0.000000,1,0,2547904,747,23,747,23,0,7,7
52,500,115.000000,0.000000,1,0,2547911,764,30,764,30,0,7,7
52,500,115.000000,0.000000,1,0,2547918,786,38,786,38,0,7,7
52,500,115.000000,0.000000,1,0,2547925,806,44,806,44,0,7,7
52,500,115.000000,0.000000,1,0,2547932,834,52,834,52,0,7,7
52,500,115.000000,0.000000,1,0,2547939,862,59,862,59,0,7,7
52,500,115.000000,0.000000,1,0,2547946,898,66,898,66,0,7,7
52,500,115.000000,0.000000,1,0,2547956,934,71,934,71,0,7,7
52,500,115.000000,0.000000,1,0,2547963,989,77,989,77,0,7,7
52,500,115.000000,0.000000,1,0,2547969,1032,79,1032,79,0,7,7
52,500,115.000000,0.000000,1,0,2547975,1063,79,1063,79,0,7,7
52,500,115.000000,0.000000,1,0,2547981,1095,79,1095,79,0,7,7
52,500,115.000000,0.000000,1,0,2547987,1117,77,1117,77,0,7,7
52,500,115.000000,0.000000,1,0,2547994,1137,75,1137,75,0,7,7
52,500,115.000000,0.000000,1,0,2548001,1164,70,1164,70,0,7,7
52,500,115.000000,0.000000,1,0,2548008,1185,66,1185,66,0,7,7
52,500,115.000000,0.000000,1,0,2548015,1204,61,1204,61,0,7,7
52,500,115.000000,0.000000,1,0,2548022,1217,57,1217,57,0,7,7
52,500,115.000000,0.000000,1,0,2548029,1229,52,1229,52,0,7,7
52,500,115.000000,0.000000,1,0,2548036,1240,46,1240,46,0,7,7
52,500,115.000000,0.000000,1,0,2548043,1245,42,1245,42,0,7,7
52,500,115.000000,0.000000,1,0,2548050,1250,38,1250,38,0,7,7
52,500,115.000000,0.000000,1,0,2548057,1252,35,1252,35,0,7,7
52,500,115.000000,0.000000,1,0,2548064,1253,32,1253,32,0,7,7
52,500,115.000000,0.000000,1,0,2548071,1254,30,1254,30,0,7,7
52,500,115.000000,0.000000,1,0,2548077,1254,28,1254,28,0,7,7
52,500,115.000000,0.000000,1,0,2548084,1254,27,1254,27,0,7,7
52,500,115.000000,0.000000,1,0,2548091,1254,26,1254,26,0,7,7
52,500,115.000000,0.000000,1,0,2548098,1253,26,1253,26,0,7,7
52,500,115.000000,0.000000,1,0,2548105,1252,25,1252,25,0,7,7
52,500,115.000000,0.000000,1,0,2548121,1251,24,1251,24,0,7,7
52,500,115.000000,0.000000,1,0,2548130,1251,24,1251,24,0,7,7
52,500,115.000000,0.000000,1,0,2548138,1251,24,1251,24,0,7,7
52,500,115.000000,0.000000,1,0,2548145,1252,24,1252,24,0,7,7
52,500,115.000000,0.000000,1,0,2548151,1253,24,1253,24,0,7,7
52,500,115.000000,0.000000,1,0,2548157,1254,24,1254,24,0,7,7
52,500,115.000000,0.000000,1,0,2548163,1254,24,1254,24,0,7,7
52,500,115.000000,0.000000,1,0,2548169,1254,24,1254,24,0,7,7
52,500,115.000000,0.000000,1,0,2548175,1254,24,1254,24,0,7,7
52,500,115.000000,0.000000,1,0,2548182,1254,23,1254,23,0,7,7
52,500,115.000000,0.000000,1,0,2548189,1254,23,1254,23,0,7,7
52,500,115.000000,0.000000,1,0,2548196,1252,23,1252,23,0,7,7
52,500,115.000000,0.000000,1,0,2548208,1250,23,1250,23,0,7,7
52,500,115.000000,0.000000,1,0,2548215,1245,23,1245,23,0,7,7
52,500,115.000000,0.000000,1,0,2548221,1243,23,1243,23,0,7,7
52,500,115.000000,0.000000,1,0,2548227,1241,23,1241,23,0,7,7
52,500,115.000000,0.000000,1,0,2548233,1239,23,1239,23,0,7,7
52,500,115.000000,0.000000,1,0,2548239,1238,23,1238,23,0,7,7
52,500,115.000000,0.000000,1,0,2548245,1237,23,1237,23,0,7,7
52,500,115.000000,0.000000,1,0,2548251,1237,23,1237,23,0,7,7
52,500,115.000000,0.000000,1,0,2548258,1237,23,1237,23,0,7,7
52,500,115.000000,0.000000,1,0,2548265,1237,23,1237,23,0,7,7
52,500,115.000000,0.000000,1,0,2548272,1237,23,1237,23,0,7,7
52,500,115.000000,0.000000,1,0,2548295,1237,23,1237,23,0,7,7
