103,500,30.000000,60.000000,1,2,-2138370732,710,8,710,8,0,120,4
103,500,30.000000,60.000000,1,2,-2138370730,710,8,710,8,0,120,4
103,500,30.000000,60.000000,1,2,-2138370724,710,8,710,8,0,120,4
103,500,30.000000,60.000000,1,2,-2138370716,710,8,710,8,0,120,4
103,500,30.000000,60.000000,1,2,-2138370710,710,8,710,8,0,120,4
103,500,30.000000,60.000000,1,2,-2138370703,710,8,710,8,0,120,4
103,500,30.000000,60.000000,1,2,-2138370695,710,8,710,8,0,120,4
103,500,30.000000,60.000000,1,2,-2138370688,710,8,710,8,0,120,4
103,500,30.000000,60.000000,1,2,-2138370682,710,8,710,8,0,120,4
103,500,30.000000,60.000000,1,2,-2138370674,712,8,712,8,0,120,4
103,500,30.000000,60.000000,1,2,-2138370667,716,9,716,9,0,120,4
103,500,30.000000,60.000000,1,2,-2138370660,724,11,724,11,0,120,4
103,500,30.000000,60.000000,1,2,-2138370654,735,13,735,13,0,120,4
103,500,30.000000,60.000000,1,2,-2138370647,756,17,756,17,0,120,4
103,500,30.000000,60.000000,1,2,-2138370637,773,21,773,21,0,120,4
103,500,30.000000,60.000000,1,2,-2138370631,830,34,830,34,0,120,4
103,500,30.000000,60.000000,1,2,-2138370625,859,41,859,41,0,120,4
103,500,30.000000,60.000000,1,2,-2138370618,892,48,892,48,0,120,4
103,500,30.000000,60.000000,1,2,-2138370612,928,55,928,55,0,120,4
103,500,30.000000,60.000000,1,2,-2138370605,967,62,967,62,0,120,4
103,500,30.000000,60.000000,1,2,-2138370599,1015,69,1015,69,0,120,4
103,500,30.000000,60.000000,1,2,-2138370591,1062,76,1062,76,0,120,4
103,500,30.000000,60.000000,1,2,-2138370585,1100,78,1100,78,0,120,4
103,500,30.000000,60.000000,1,2,-2138370578,1139,81,1139,81,0,120,4
103,500,30.000000,60.000000,1,2,-2138370570,1178,81,1178,81,0,120,4
103,500,30.000000,60.000000,1,2,-2138370563,1203,81,1203,81,0,120,4
103,500,30.000000,60.000000,1,2,-2138370556,1227,80,1227,80,0,120,4
103,500,30.000000,60.000000,1,2,-2138370549,1247,76,1247,76,0,120,4
103,500,30.000000,60.000000,1,2,-2138370543,1259,72,1259,72,0,120,4
103,500,30.000000,60.000000,1,2,-2138370536,1266,68,1266,68,0,120,4
103,500,30.000000,60.000000,1,2,-2138370530,1272,64,1272,64,0,120,4
103,500,30.000000,60.000000,1,2,-2138370522,1278,60,1278,60,0,120,4
103,500,30.000000,60.000000,1,2,-2138370515,1281,57,1281,57,0,120,4
103,500,30.000000,60.000000,1,2,-2138370509,1284,53,1284,53,0,120,4
103,500,30.000000,60.000000,1,2,-2138370502,1285,50,1285,50,0,120,4
103,500,30.000000,60.000000,1,2,-2138370495,1286,47,1286,47,0,120,4
103,500,30.000000,60.000000,1,2,-2138370488,1286,45,1286,45,0,120,4
103,500,30.000000,60.000000,1,2,-2138370481,1286,43,1286,43,0,120,4
103,500,30.000000,60.000000,1,2,-2138370473,1285,41,1285,41,0,120,4
103,500,30.000000,60.000000,1,2,-2138370466,1283,40,1283,40,0,120,4
103,500,30.000000,60.000000,1,2,-2138370460,1280,38,1280,38,0,120,4
103,500,30.000000,60.000000,1,2,-2138370452,1280,37,1280,37,0,120,4
103,500,30.000000,60.000000,1,2,-2138370446,1279,37,1279,37,0,120,4
103,500,30.000000,60.000000,1,2,-2138370430,1278,37,1278,37,0,120,4
103,500,30.000000,60.000000,1,2,-2138370421,1277,36,1277,36,0,120,4
103,500,30.000000,60.000000,1,2,-2138370412,1275,36,1275,36,0,120,4
103,500,30.000000,60.000000,1,2,-2138370405,1271,36,1271,36,0,120,4
103,500,30.000000,60.000000,1,2,-2138370397,1263,36,1263,36,0,120,4
103,500,30.000000,60.000000,1,2,-2138370390,1260,36,1260,36,0,120,4
103,500,30.000000,60.000000,1,2,-2138370384,1256,35,1256,35,0,120,4
103,500,30.000000,60.000000,1,2,-2138370377,1249,35,1249,35,0,120,4
103,500,30.000000,60.000000,1,2,-2138370369,1242,34,1242,34,0,120,4
103,500,30.000000,60.000000,1,2,-2138370362,1231,32,1231,32,0,120,4
103,500,30.000000,60.000000,1,2,-2138370354,1220,31,1220,31,0,120,4
103,500,30.000000,60.000000,1,2,-2138370346,1210,30,1210,30,0,120,4
103,500,30.000000,60.000000,1,2,-2138370338,1199,28,1199,28,0,120,4
103,500,30.000000,60.000000,1,2,-2138370332,1194,27,1194,27,0,120,4
103,500,30.000000,60.000000,1,2,-2138370325,1192,26,1192,26,0,120,4
103,500,30.000000,60.000000,1,2,-2138370319,1192,26,1192,26,0,120,4
103,500,30.000000,60.000000,1,2,-2138370312,1192,26,1192,26,0,120,4
103,500,30.000000,60.000000,1,2,-2138370305,1192,25,1192,25,0,120,4
103,500,30.000000,60.000000,1,2,-2138370297,1194,23,1194,23,0,120,4
103,500,30.000000,60.000000,1,2,-2138370291,1196,22,1196,22,0,120,4
103,500,30.000000,60.000000,1,2,-2138370284,1199,22,1199,22,0,120,4
103,500,30.000000,60.000000,1,2,-2138370278,1200,21,1200,21,0,120,4
103,500,30.000000,60.000000,1,2,-2138370272,1201,21,1201,21,0,120,4
103,500,30.000000,60.000000,1,2,-2138370265,1202,20,1202,20,0,120,4
103,500,30.000000,60.000000,1,2,-2138370259,1203,19,1203,19,0,120,4
103,500,30.000000,60.000000,1,2,-2138370252,1203,19,1203,19,0,120,4
103,500,30.000000,60.000000,1,2,-2138370245,1203,19,1203,19,0,120,4
103,500,30.000000,60.000000,1,2,-2138370238,1203,19,1203,19,0,120,4
103,500,30.000000,60.000000,1,2,-2138370230,1203,19,1203,19,0,120,4
103,500,30.000000,60.000000,1,2,-2138370224,1203,19,1203,19,0,120,4
103,500,30.000000,60.000000,1,2,-2138370217,1203,19,1203,19,0,120,4
103,500,30.000000,60.000000,1,2,-2138370209,1203,19,1203,19,0,120,4
103,500,30.000000,60.000000,1,2,-2138370203,1203,19,1203,19,0,120,4
103,500,30.000000,60.000000,1,2,-2138370196,1203,19,1203,19,0,120,4
103,500,30.000000,60.000000,1,2,-2138370189,1203,19,1203,19,0,120,4
103,500,30.000000,60.000000,1,2,-2138370182,1203,19,1203,19,0,120,4
103,500,30.000000,60.000000,1,2,-2138370175,1203,19,1203,19,0,120,4
103,500,30.000000,60.000000,1,2,-2138370168,1203,19,1203,19,0,120,4
103,500,30.000000,60.000000,1,2,-2138370161,1203,19,1203,19,0,120,4
103,500,30.000000,60.000000,1,2,-2138370154,1203,19,1203,19,0,120,4
103,500,30.000000,60.000000,1,2,-2138370147,1203,19,1203,19,0,120,4
103,500,30.000000,60.000000,1,2,-2138370140,1203,19,1203,19,0,120,4
103,500,30.000000,60.000000,1,2,-2138370123,1203,19,1203,19,0,120,4
