103,1000,30.000000,0.000000,1,1,-2138669537,471,20,471,20,0,87,1
103,1000,30.000000,0.000000,1,1,-2138669535,471,20,471,20,0,87,1
103,1000,30.000000,0.000000,1,1,-2138669529,471,20,471,20,0,87,1
103,1000,30.000000,0.000000,1,1,-2138669522,471,20,471,20,0,87,1
103,1000,30.000000,0.000000,1,1,-2138669515,471,20,471,20,0,87,1
103,1000,30.000000,0.000000,1,1,-2138669508,471,20,471,20,0,87,1
103,1000,30.000000,0.000000,1,1,-2138669501,471,20,471,20,0,87,1
103,1000,30.000000,0.000000,1,1,-2138669494,471,20,471,20,0,87,1
103,1000,30.000000,0.000000,1,1,-2138669487,471,20,471,20,0,87,1
103,1000,30.000000,0.000000,1,1,-2138669481,471,20,471,20,0,87,1
103,1000,30.000000,0.000000,1,1,-2138669474,471,20,471,20,0,87,1
103,1000,30.000000,0.000000,1,1,-2138669467,471,20,471,20,0,87,1
103,1000,30.000000,0.000000,1,1,-2138669460,471,20,471,20,0,87,1
103,1000,30.000000,0.000000,1,1,-2138669453,471,20,471,20,0,87,1
103,1000,30.000000,0.000000,1,1,-2138669445,471,20,471,20,0,87,1
103,1000,30.000000,0.000000,1,1,-2138669438,471,21,471,21,0,87,1
103,1000,30.000000,0.000000,1,1,-2138669432,472,23,472,23,0,87,1
103,1000,30.000000,0.000000,1,1,-2138669424,474,24,474,24,0,87,1
103,1000,30.000000,0.000000,1,1,-2138669417,478,26,478,26,0,87,1
103,1000,30.000000,0.000000,1,1,-2138669410,484,29,484,29,0,87,1
103,1000,30.000000,0.000000,1,1,-2138669403,496,32,496,32,0,87,1
103,1000,30.000000,0.000000,1,1,-2138669396,514,37,514,37,0,87,1
103,1000,30.000000,0.000000,1,1,-2138669389,541,43,541,43,0,87,1
103,1000,30.000000,0.000000,1,1,-2138669383,575,50,575,50,0,87,1
103,1000,30.000000,0.000000,1,1,-2138669376,608,56,608,56,0,87,1
103,1000,30.000000,0.000000,1,1,-2138669369,651,63,651,63,0,87,1
103,1000,30.000000,0.000000,1,1,-2138669362,716,72,716,72,0,87,1
103,1000,30.000000,0.000000,1,1,-2138669355,785,80,785,80,0,87,1
103,1000,30.000000,0.000000,1,1,-2138669346,855,88,855,88,0,87,1
103,1000,30.000000,0.000000,1,1,-2138669339,952,98,952,98,0,87,1
103,1000,30.000000,0.000000,1,1,-2138669331,1021,103,1021,103,0,87,1
103,1000,30.000000,0.000000,1,1,-2138669323,1104,109,1104,109,0,87,1
103,1000,30.000000,0.000000,1,1,-2138669316,1187,113,1187,113,0,87,1
103,1000,30.000000,0.000000,1,1,-2138669310,1242,114,1242,114,0,87,1
103,1000,30.000000,0.000000,1,1,-2138669303,1306,114,1306,114,0,87,1
103,1000,30.000000,0.000000,1,1,-2138669297,1361,113,1361,113,0,87,1
103,1000,30.000000,0.000000,1,1,-2138669290,1398,109,1398,109,0,87,1
103,1000,30.000000,0.000000,1,1,-2138669284,1443,105,1443,105,0,87,1
103,1000,30.000000,0.000000,1,1,-2138669277,1467,102,1467,102,0,87,1
103,1000,30.000000,0.000000,1,1,-2138669270,1493,97,1493,97,0,87,1
103,1000,30.000000,0.000000,1,1,-2138669264,1510,92,1510,92,0,87,1
103,1000,30.000000,0.000000,1,1,-2138669258,1519,88,1519,88,0,87,1
103,1000,30.000000,0.000000,1,1,-2138669250,1524,84,1524,84,0,87,1
103,1000,30.000000,0.000000,1,1,-2138669244,1524,82,1524,82,0,87,1
103,1000,30.000000,0.000000,1,1,-2138669237,1524,79,1524,79,0,87,1
103,1000,30.000000,0.000000,1,1,-2138669231,1520,76,1520,76,0,87,1
103,1000,30.000000,0.000000,1,1,-2138669223,1514,74,1514,74,0,87,1
103,1000,30.000000,0.000000,1,1,-2138669216,1509,72,1509,72,0,87,1
103,1000,30.000000,0.000000,1,1,-2138669210,1507,69,1507,69,0,87,1
103,1000,30.000000,0.000000,1,1,-2138669202,1506,67,1506,67,0,87,1
103,1000,30.000000,0.000000,1,1,-2138669195,1505,64,1505,64,0,87,1
103,1000,30.000000,0.000000,1,1,-2138669188,1504,62,1504,62,0,87,1
103,1000,30.000000,0.000000,1,1,-2138669181,1504,60,1504,60,0,87,1
103,1000,30.000000,0.000000,1,1,-2138669174,1504,59,1504,59,0,87,1
103,1000,30.000000,0.000000,1,1,-2138669167,1505,57,1505,57,0,87,1
103,1000,30.000000,0.000000,1,1,-2138669161,1507,55,1507,55,0,87,1
103,1000,30.000000,0.000000,1,1,-2138669154,1509,54,1509,54,0,87,1
103,1000,30.000000,0.000000,1,1,-2138669147,1511,52,1511,52,0,87,1
103,1000,30.000000,0.000000,1,1,-2138669141,1511,51,1511,51,0,87,1
103,1000,30.000000,0.000000,1,1,-2138669134,1511,50,1511,50,0,87,1
103,1000,30.000000,0.000000,1,1,-2138669126,1511,49,1511,49,0,87,1
103,1000,30.000000,0.000000,1,1,-2138669119,1509,48,1509,48,0,87,1
103,1000,30.000000,0.000000,1,1,-2138669112,1507,47,1507,47,0,87,1
103,1000,30.000000,0.000000,1,1,-2138669105,1504,46,1504,46,0,87,1
103,1000,30.000000,0.000000,1,1,-2138669098,1500,45,1500,45,0,87,1
103,1000,30.000000,0.000000,1,1,-2138669091,1496,43,1496,43,0,87,1
103,1000,30.000000,0.000000,1,1,-2138669084,1491,42,1491,42,0,87,1
103,1000,30.000000,0.000000,1,1,-2138669077,1484,39,1484,39,0,87,1
103,1000,30.000000,0.000000,1,1,-2138669070,1480,37,1480,37,0,87,1
103,1000,30.000000,0.000000,1,1,-2138669064,1477,35,1477,35,0,87,1
103,1000,30.000000,0.000000,1,1,-2138669056,1476,33,1476,33,0,87,1
103,1000,30.000000,0.000000,1,1,-2138669048,1474,30,1474,30,0,87,1
103,1000,30.000000,0.000000,1,1,-2138669042,1473,28,1473,28,0,87,1
103,1000,30.000000,0.000000,1,1,-2138669036,1471,26,1471,26,0,87,1
103,1000,30.000000,0.000000,1,1,-2138669028,1470,25,1470,25,0,87,1
103,1000,30.000000,0.000000,1,1,-2138669022,1469,23,1469,23,0,87,1
103,1000,30.000000,0.000000,1,1,-2138669015,1468,22,1468,22,0,87,1
103,1000,30.000000,0.000000,1,1,-2138669007,1466,22,1466,22,0,87,1
103,1000,30.000000,0.000000,1,1,-2138669001,1465,22,1465,22,0,87,1
103,1000,30.000000,0.000000,1,1,-2138668995,1463,22,1463,22,0,87,1
103,1000,30.000000,0.000000,1,1,-2138668988,1461,22,1461,22,0,87,1
103,1000,30.000000,0.000000,1,1,-2138668981,1459,22,1459,22,0,87,1
103,1000,30.000000,0.000000,1,1,-2138668973,1457,22,1457,22,0,87,1
103,1000,30.000000,0.000000,1,1,-2138668967,1456,22,1456,22,0,87,1
103,1000,30.000000,0.000000,1,1,-2138668959,1455,22,1455,22,0,87,1
103,1000,30.000000,0.000000,1,1,-2138668952,1455,22,1455,22,0,87,1
103,1000,30.000000,0.000000,1,1,-2138668945,1455,21,1455,21,0,87,1
103,1000,30.000000,0.000000,1,1,-2138668939,1455,20,1455,20,0,87,1
103,1000,30.000000,0.000000,1,1,-2138668931,1456,19,1456,19,0,87,1
103,1000,30.000000,0.000000,1,1,-2138668925,1457,18,1457,18,0,87,1
103,1000,30.000000,0.000000,1,1,-2138668918,1457,18,1457,18,0,87,1
103,1000,30.000000,0.000000,1,1,-2138668910,1457,18,1457,18,0,87,1
103,1000,30.000000,0.000000,1,1,-2138668904,1457,18,1457,18,0,87,1
103,1000,30.000000,0.000000,1,1,-2138668896,1457,18,1457,18,0,87,1
103,1000,30.000000,0.000000,1,1,-2138668890,1457,18,1457,18,0,87,1
103,1000,30.000000,0.000000,1,1,-2138668873,1457,18,1457,18,0,87,1
