103,500,30.000000,0.000000,1,1,-2138713474,711,16,711,16,0,81,5
103,500,30.000000,0.000000,1,1,-2138713472,711,16,711,16,0,81,5
103,500,30.000000,0.000000,1,1,-2138713465,711,16,711,16,0,81,5
103,500,30.000000,0.000000,1,1,-2138713458,711,16,711,16,0,81,5
103,500,30.000000,0.000000,1,1,-2138713451,711,16,711,16,0,81,5
103,500,30.000000,0.000000,1,1,-2138713445,712,16,712,16,0,81,5
103,500,30.000000,0.000000,1,1,-2138713438,713,16,713,16,0,81,5
103,500,30.000000,0.000000,1,1,-2138713431,715,16,715,16,0,81,5
103,500,30.000000,0.000000,1,1,-2138713423,718,14,718,14,0,81,5
103,500,30.000000,0.000000,1,1,-2138713416,722,13,722,13,0,81,5
103,500,30.000000,0.000000,1,1,-2138713409,728,13,728,13,0,81,5
103,500,30.000000,0.000000,1,1,-2138713403,736,13,736,13,0,81,5
103,500,30.000000,0.000000,1,1,-2138713396,745,13,745,13,0,81,5
103,500,30.000000,0.000000,1,1,-2138713389,758,15,758,15,0,81,5
103,500,30.000000,0.000000,1,1,-2138713380,784,19,784,19,0,81,5
103,500,30.000000,0.000000,1,1,-2138713373,816,26,816,26,0,81,5
103,500,30.000000,0.000000,1,1,-2138713367,849,32,849,32,0,81,5
103,500,30.000000,0.000000,1,1,-2138713359,889,39,889,39,0,81,5
103,500,30.000000,0.000000,1,1,-2138713353,935,49,935,49,0,81,5
103,500,30.000000,0.000000,1,1,-2138713347,983,57,983,57,0,81,5
103,500,30.000000,0.000000,1,1,-2138713340,1017,62,1017,62,0,81,5
103,500,30.000000,0.000000,1,1,-2138713334,1054,67,1054,67,0,81,5
103,500,30.000000,0.000000,1,1,-2138713327,1095,70,1095,70,0,81,5
103,500,30.000000,0.000000,1,1,-2138713319,1133,73,1133,73,0,81,5
103,500,30.000000,0.000000,1,1,-2138713312,1168,73,1168,73,0,81,5
103,500,30.000000,0.000000,1,1,-2138713305,1205,73,1205,73,0,81,5
103,500,30.000000,0.000000,1,1,-2138713298,1226,72,1226,72,0,81,5
103,500,30.000000,0.000000,1,1,-2138713292,1246,69,1246,69,0,81,5
103,500,30.000000,0.000000,1,1,-2138713285,1257,66,1257,66,0,81,5
103,500,30.000000,0.000000,1,1,-2138713278,1267,61,1267,61,0,81,5
103,500,30.000000,0.000000,1,1,-2138713271,1272,57,1272,57,0,81,5
103,500,30.000000,0.000000,1,1,-2138713264,1274,52,1274,52,0,81,5
103,500,30.000000,0.000000,1,1,-2138713257,1274,48,1274,48,0,81,5
103,500,30.000000,0.000000,1,1,-2138713251,1274,45,1274,45,0,81,5
103,500,30.000000,0.000000,1,1,-2138713244,1273,41,1273,41,0,81,5
103,500,30.000000,0.000000,1,1,-2138713237,1271,38,1271,38,0,81,5
103,500,30.000000,0.000000,1,1,-2138713230,1270,36,1270,36,0,81,5
103,500,30.000000,0.000000,1,1,-2138713222,1268,34,1268,34,0,81,5
103,500,30.000000,0.000000,1,1,-2138713215,1267,32,1267,32,0,81,5
103,500,30.000000,0.000000,1,1,-2138713209,1266,31,1266,31,0,81,5
103,500,30.000000,0.000000,1,1,-2138713201,1266,30,1266,30,0,81,5
103,500,30.000000,0.000000,1,1,-2138713195,1266,29,1266,29,0,81,5
103,500,30.000000,0.000000,1,1,-2138713188,1266,29,1266,29,0,81,5
103,500,30.000000,0.000000,1,1,-2138713181,1266,28,1266,28,0,81,5
103,500,30.000000,0.000000,1,1,-2138713174,1266,28,1266,28,0,81,5
103,500,30.000000,0.000000,1,1,-2138713167,1266,28,1266,28,0,81,5
103,500,30.000000,0.000000,1,1,-2138713160,1266,27,1266,27,0,81,5
103,500,30.000000,0.000000,1,1,-2138713152,1264,27,1264,27,0,81,5
103,500,30.000000,0.000000,1,1,-2138713145,1261,27,1261,27,0,81,5
103,500,30.000000,0.000000,1,1,-2138713137,1258,27,1258,27,0,81,5
103,500,30.000000,0.000000,1,1,-2138713131,1253,27,1253,27,0,81,5
103,500,30.000000,0.000000,1,1,-2138713123,1248,27,1248,27,0,81,5
103,500,30.000000,0.000000,1,1,-2138713117,1242,27,1242,27,0,81,5
103,500,30.000000,0.000000,1,1,-2138713111,1236,27,1236,27,0,81,5
103,500,30.000000,0.000000,1,1,-2138713105,1230,27,1230,27,0,81,5
103,500,30.000000,0.000000,1,1,-2138713097,1225,27,1225,27,0,81,5
103,500,30.000000,0.000000,1,1,-2138713090,1221,27,1221,27,0,81,5
103,500,30.000000,0.000000,1,1,-2138713075,1218,26,1218,26,0,81,5
103,500,30.000000,0.000000,1,1,-2138713066,1217,26,1217,26,0,81,5
103,500,30.000000,0.000000,1,1,-2138713058,1217,25,1217,25,0,81,5
103,500,30.000000,0.000000,1,1,-2138713052,1217,25,1217,25,0,81,5
103,500,30.000000,0.000000,1,1,-2138713045,1217,25,1217,25,0,81,5
103,500,30.000000,0.000000,1,1,-2138713039,1217,25,1217,25,0,81,5
103,500,30.000000,0.000000,1,1,-2138713033,1217,25,1217,25,0,81,5
103,500,30.000000,0.000000,1,1,-2138713027,1217,25,1217,25,0,81,5
103,500,30.000000,0.000000,1,1,-2138713020,1217,25,1217,25,0,81,5
103,500,30.000000,0.000000,1,1,-2138713014,1215,25,1215,25,0,81,5
103,500,30.000000,0.000000,1,1,-2138713007,1214,25,1214,25,0,81,5
103,500,30.000000,0.000000,1,1,-2138713000,1213,25,1213,25,0,81,5
103,500,30.000000,0.000000,1,1,-2138712994,1212,25,1212,25,0,81,5
103,500,30.000000,0.000000,1,1,-2138712986,1210,25,1210,25,0,81,5
103,500,30.000000,0.000000,1,1,-2138712980,1209,25,1209,25,0,81,5
103,500,30.000000,0.000000,1,1,-2138712972,1208,25,1208,25,0,81,5
103,500,30.000000,0.000000,1,1,-2138712965,1207,25,1207,25,0,81,5
103,500,30.000000,0.000000,1,1,-2138712959,1207,25,1207,25,0,81,5
103,500,30.000000,0.000000,1,1,-2138712952,1207,25,1207,25,0,81,5
103,500,30.000000,0.000000,1,1,-2138712944,1207,25,1207,25,0,81,5
103,500,30.000000,0.000000,1,1,-2138712925,1208,25,1208,25,0,81,5
