103,1000,30.000000,60.000000,1,3,-2138004581,470,14,470,14,1,156,1
103,1000,30.000000,60.000000,1,3,-2138004579,470,14,470,14,1,156,1
103,1000,30.000000,60.000000,1,3,-2138004572,470,14,470,14,1,156,1
103,1000,30.000000,60.000000,1,3,-2138004565,470,14,470,14,1,156,1
103,1000,30.000000,60.000000,1,3,-2138004559,470,14,470,14,1,156,1
103,1000,30.000000,60.000000,1,3,-2138004551,470,14,470,14,1,156,1
103,1000,30.000000,60.000000,1,3,-2138004544,470,14,470,14,1,156,1
103,1000,30.000000,60.000000,1,3,-2138004537,470,14,470,14,1,156,1
103,1000,30.000000,60.000000,1,3,-2138004530,470,14,470,14,1,156,1
103,1000,30.000000,60.000000,1,3,-2138004523,473,14,473,14,1,156,1
103,1000,30.000000,60.000000,1,3,-2138004516,477,14,477,14,1,156,1
103,1000,30.000000,60.000000,1,3,-2138004509,483,14,483,14,1,156,1
103,1000,30.000000,60.000000,1,3,-2138004502,491,14,491,14,1,156,1
103,1000,30.000000,60.000000,1,3,-2138004495,505,15,505,15,1,156,1
103,1000,30.000000,60.000000,1,3,-2138004488,518,18,518,18,1,156,1
103,1000,30.000000,60.000000,1,3,-2138004481,545,22,545,22,1,156,1
103,1000,30.000000,60.000000,1,3,-2138004475,565,25,565,25,1,156,1
103,1000,30.000000,60.000000,1,3,-2138004468,633,37,633,37,1,156,1
103,1000,30.000000,60.000000,1,3,-2138004461,666,42,666,42,1,156,1
103,1000,30.000000,60.000000,1,3,-2138004455,712,49,712,49,1,156,1
103,1000,30.000000,60.000000,1,3,-2138004447,764,55,764,55,1,156,1
103,1000,30.000000,60.000000,1,3,-2138004441,818,61,818,61,1,156,1
103,1000,30.000000,60.000000,1,3,-2138004434,882,68,882,68,1,156,1
103,1000,30.000000,60.000000,1,3,-2138004427,946,75,946,75,1,156,1
103,1000,30.000000,60.000000,1,3,-2138004420,1010,80,1010,80,1,156,1
103,1000,30.000000,60.000000,1,3,-2138004413,1069,85,1069,85,1,156,1
103,1000,30.000000,60.000000,1,3,-2138004406,1126,89,1126,89,1,156,1
103,1000,30.000000,60.000000,1,3,-2138004399,1178,93,1178,93,1,156,1
103,1000,30.000000,60.000000,1,3,-2138004391,1232,94,1232,94,1,156,1
103,1000,30.000000,60.000000,1,3,-2138004384,1291,95,1291,95,1,156,1
103,1000,30.000000,60.000000,1,3,-2138004377,1326,95,1326,95,1,156,1
103,1000,30.000000,60.000000,1,3,-2138004369,1359,95,1359,95,1,156,1
103,1000,30.000000,60.000000,1,3,-2138004363,1389,93,1389,93,1,156,1
103,1000,30.000000,60.000000,1,3,-2138004356,1416,90,1416,90,1,156,1
103,1000,30.000000,60.000000,1,3,-2138004348,1433,87,1433,87,1,156,1
103,1000,30.000000,60.000000,1,3,-2138004341,1453,83,1453,83,1,156,1
103,1000,30.000000,60.000000,1,3,-2138004335,1462,80,1462,80,1,156,1
103,1000,30.000000,60.000000,1,3,-2138004329,1467,77,1467,77,1,156,1
103,1000,30.000000,60.000000,1,3,-2138004323,1469,74,1469,74,1,156,1
103,1000,30.000000,60.000000,1,3,-2138004316,1469,72,1469,72,1,156,1
103,1000,30.000000,60.000000,1,3,-2138004309,1469,70,1469,70,1,156,1
103,1000,30.000000,60.000000,1,3,-2138004301,1468,68,1468,68,1,156,1
103,1000,30.000000,60.000000,1,3,-2138004293,1466,66,1466,66,1,156,1
103,1000,30.000000,60.000000,1,3,-2138004286,1464,65,1464,65,1,156,1
103,1000,30.000000,60.000000,1,3,-2138004279,1461,63,1461,63,1,156,1
103,1000,30.000000,60.000000,1,3,-2138004273,1460,62,1460,62,1,156,1
103,1000,30.000000,60.000000,1,3,-2138004266,1459,61,1459,61,1,156,1
103,1000,30.000000,60.000000,1,3,-2138004259,1459,60,1459,60,1,156,1
103,1000,30.000000,60.000000,1,3,-2138004253,1459,59,1459,59,1,156,1
103,1000,30.000000,60.000000,1,3,-2138004245,1458,59,1458,59,1,156,1
103,1000,30.000000,60.000000,1,3,-2138004239,1457,58,1457,58,1,156,1
103,1000,30.000000,60.000000,1,3,-2138004231,1457,57,1457,57,1,156,1
103,1000,30.000000,60.000000,1,3,-2138004225,1457,56,1457,56,1,156,1
103,1000,30.000000,60.000000,1,3,-2138004219,1457,55,1457,55,1,156,1
103,1000,30.000000,60.000000,1,3,-2138004212,1457,54,1457,54,1,156,1
103,1000,30.000000,60.000000,1,3,-2138004205,1457,52,1457,52,1,156,1
103,1000,30.000000,60.000000,1,3,-2138004197,1459,50,1459,50,1,156,1
103,1000,30.000000,60.000000,1,3,-2138004190,1460,49,1460,49,1,156,1
103,1000,30.000000,60.000000,1,3,-2138004184,1462,47,1462,47,1,156,1
103,1000,30.000000,60.000000,1,3,-2138004177,1462,46,1462,46,1,156,1
103,1000,30.000000,60.000000,1,3,-2138004169,1462,44,1462,44,1,156,1
103,1000,30.000000,60.000000,1,3,-2138004163,1462,43,1462,43,1,156,1
103,1000,30.000000,60.000000,1,3,-2138004156,1462,42,1462,42,1,156,1
103,1000,30.000000,60.000000,1,3,-2138004140,1461,40,1461,40,1,156,1
103,1000,30.000000,60.000000,1,3,-2138004131,1459,37,1459,37,1,156,1
103,1000,30.000000,60.000000,1,3,-2138004123,1459,36,1459,36,1,156,1
103,1000,30.000000,60.000000,1,3,-2138004117,1459,35,1459,35,1,156,1
103,1000,30.000000,60.000000,1,3,-2138004110,1459,34,1459,34,1,156,1
103,1000,30.000000,60.000000,1,3,-2138004104,1459,32,1459,32,1,156,1
103,1000,30.000000,60.000000,1,3,-2138004098,1459,30,1459,30,1,156,1
103,1000,30.000000,60.000000,1,3,-2138004092,1459,29,1459,29,1,156,1
103,1000,30.000000,60.000000,1,3,-2138004085,1460,28,1460,28,1,156,1
103,1000,30.000000,60.000000,1,3,-2138004078,1460,27,1460,27,1,156,1
103,1000,30.000000,60.000000,1,3,-2138004072,1461,25,1461,25,1,156,1
103,1000,30.000000,60.000000,1,3,-2138004065,1461,24,1461,24,1,156,1
103,1000,30.000000,60.000000,1,3,-2138004058,1461,23,1461,23,1,156,1
103,1000,30.000000,60.000000,1,3,-2138004052,1461,23,1461,23,1,156,1
103,1000,30.000000,60.000000,1,3,-2138004045,1461,23,1461,23,1,156,1
103,1000,30.000000,60.000000,1,3,-2138004037,1461,23,1461,23,1,156,1
103,1000,30.000000,60.000000,1,3,-2138004031,1461,23,1461,23,1,156,1
103,1000,30.000000,60.000000,1,3,-2138004024,1461,23,1461,23,1,156,1
103,1000,30.000000,60.000000,1,3,-2138004006,1461,23,1461,23,0,156,1
