103,500,30.000000,10000.000000,0,3,-2138087481,702,0,702,0,0,146,4
103,500,30.000000,10000.000000,0,3,-2138087479,702,0,702,0,0,146,4
103,500,30.000000,10000.000000,0,3,-2138087474,702,0,702,0,0,146,4
103,500,30.000000,10000.000000,0,3,-2138087466,702,0,702,0,0,146,4
103,500,30.000000,10000.000000,0,3,-2138087459,702,0,702,0,0,146,4
103,500,30.000000,10000.000000,0,3,-2138087453,702,0,702,0,0,146,4
103,500,30.000000,10000.000000,0,3,-2138087446,702,0,702,0,0,146,4
103,500,30.000000,10000.000000,0,3,-2138087439,702,0,702,0,0,146,4
103,500,30.000000,10000.000000,0,3,-2138087432,702,0,702,0,0,146,4
103,500,30.000000,10000.000000,0,3,-2138087425,702,0,702,0,0,146,4
103,500,30.000000,10000.000000,0,3,-2138087418,702,0,702,0,0,146,4
103,500,30.000000,10000.000000,0,3,-2138087410,702,0,702,0,0,146,4
103,500,30.000000,10000.000000,0,3,-2138087403,704,0,704,0,0,146,4
103,500,30.000000,10000.000000,0,3,-2138087396,708,0,708,0,0,146,4
103,500,30.000000,10000.000000,0,3,-2138087389,712,0,712,0,0,146,4
103,500,30.000000,10000.000000,0,3,-2138087381,723,0,723,0,0,146,4
103,500,30.000000,10000.000000,0,3,-2138087375,737,0,737,0,0,146,4
103,500,30.000000,10000.000000,0,3,-2138087368,755,0,755,-1,0,146,4
103,500,30.000000,10000.000000,0,3,-2138087362,778,0,778,-3,0,146,4
103,500,30.000000,10000.000000,0,3,-2138087355,807,0,807,-4,0,146,4
103,500,30.000000,10000.000000,0,3,-2138087349,839,0,839,-6,0,146,4
103,500,30.000000,10000.000000,0,3,-2138087341,877,0,877,-9,0,146,4
103,500,30.000000,10000.000000,0,3,-2138087335,914,0,914,-13,0,146,4
103,500,30.000000,10000.000000,0,3,-2138087327,953,0,953,-16,0,146,4
103,500,30.000000,10000.000000,0,3,-2138087321,997,0,997,-20,0,146,4
103,500,30.000000,10000.000000,0,3,-2138087314,1032,0,1032,-23,0,146,4
103,500,30.000000,10000.000000,0,3,-2138087307,1069,0,1069,-26,0,146,4
103,500,30.000000,10000.000000,0,3,-2138087300,1102,0,1102,-30,0,146,4
103,500,30.000000,10000.000000,0,3,-2138087292,1129,0,1129,-33,0,146,4
103,500,30.000000,10000.000000,0,3,-2138087285,1149,0,1149,-36,0,146,4
103,500,30.000000,10000.000000,0,3,-2138087270,1161,0,1161,-38,0,146,4
103,500,30.000000,10000.000000,0,3,-2138087261,1179,0,1179,-40,0,146,4
103,500,30.000000,10000.000000,0,3,-2138087253,1185,0,1185,-40,0,146,4
103,500,30.000000,10000.000000,0,3,-2138087246,1187,0,1187,-41,0,146,4
103,500,30.000000,10000.000000,0,3,-2138087240,1188,0,1188,-41,0,146,4
103,500,30.000000,10000.000000,0,3,-2138087234,1188,0,1188,-41,0,146,4
103,500,30.000000,10000.000000,0,3,-2138087228,1188,0,1188,-41,0,146,4
103,500,30.000000,10000.000000,0,3,-2138087222,1188,0,1188,-41,0,146,4
103,500,30.000000,10000.000000,0,3,-2138087215,1188,0,1188,-41,0,146,4
103,500,30.000000,10000.000000,0,3,-2138087210,1188,0,1188,-41,0,146,4
103,500,30.000000,10000.000000,0,3,-2138087203,1188,0,1188,-41,0,146,4
103,500,30.000000,10000.000000,0,3,-2138087196,1188,0,1188,-41,0,146,4
103,500,30.000000,10000.000000,0,3,-2138087188,1188,0,1188,-41,0,146,4
103,500,30.000000,10000.000000,0,3,-2138087182,1188,0,1188,-41,0,146,4
103,500,30.000000,10000.000000,0,3,-2138087174,1188,0,1188,-41,0,146,4
103,500,30.000000,10000.000000,0,3,-2138087168,1188,0,1188,-41,0,146,4
103,500,30.000000,10000.000000,0,3,-2138087161,1188,0,1188,-41,0,146,4
103,500,30.000000,10000.000000,0,3,-2138087154,1188,0,1188,-41,0,146,4
103,500,30.000000,10000.000000,0,3,-2138087147,1188,0,1188,-41,0,146,4
103,500,30.000000,10000.000000,0,3,-2138087140,1187,0,1187,-41,0,146,4
103,500,30.000000,10000.000000,0,3,-2138087133,1186,0,1186,-41,0,146,4
103,500,30.000000,10000.000000,0,3,-2138087126,1186,0,1186,-41,0,146,4
103,500,30.000000,10000.000000,0,3,-2138087119,1186,0,1186,-41,0,146,4
103,500,30.000000,10000.000000,0,3,-2138087112,1186,0,1186,-41,0,146,4
103,500,30.000000,10000.000000,0,3,-2138087105,1186,0,1186,-41,0,146,4
103,500,30.000000,10000.000000,0,3,-2138087097,1187,0,1187,-41,0,146,4
103,500,30.000000,10000.000000,0,3,-2138087090,1188,0,1188,-41,0,146,4
103,500,30.000000,10000.000000,0,3,-2138087084,1190,0,1190,-42,0,146,4
103,500,30.000000,10000.000000,0,3,-2138087077,1192,0,1192,-42,0,146,4
103,500,30.000000,10000.000000,0,3,-2138087071,1193,0,1193,-43,0,146,4
103,500,30.000000,10000.000000,0,3,-2138087064,1195,0,1195,-44,0,146,4
103,500,30.000000,10000.000000,0,3,-2138087057,1196,0,1196,-44,0,146,4
103,500,30.000000,10000.000000,0,3,-2138087050,1196,0,1196,-44,0,146,4
103,500,30.000000,10000.000000,0,3,-2138087042,1196,0,1196,-44,0,146,4
103,500,30.000000,10000.000000,0,3,-2138087036,1196,0,1196,-44,0,146,4
103,500,30.000000,10000.000000,0,3,-2138087020,1196,0,1196,-44,0,146,4
103,500,30.000000,10000.000000,0,3,-2138087011,1196,0,1196,-44,0,146,4
103,500,30.000000,10000.000000,0,3,-2138087003,1196,0,1196,-44,0,146,4
103,500,30.000000,10000.000000,0,3,-2138086997,1196,0,1196,-44,0,146,4
103,500,30.000000,10000.000000,0,3,-2138086990,1196,0,1196,-44,0,146,4
103,500,30.000000,10000.000000,0,3,-2138086984,1196,0,1196,-44,0,146,4
103,500,30.000000,10000.000000,0,3,-2138086978,1196,0,1196,-44,0,146,4
103,500,30.000000,10000.000000,0,3,-2138086972,1196,0,1196,-44,0,146,4
103,500,30.000000,10000.000000,0,3,-2138086965,1197,0,1197,-44,0,146,4
103,500,30.000000,10000.000000,0,3,-2138086959,1198,0,1198,-45,0,146,4
103,500,30.000000,10000.000000,0,3,-2138086952,1199,0,1199,-45,0,146,4
103,500,30.000000,10000.000000,0,3,-2138086934,1200,0,1200,-46,0,146,4
