103,1000,30.000000,10000.000000,1,0,-2139173866,458,18,458,18,0,31,0
103,1000,30.000000,10000.000000,1,0,-2139173864,458,18,458,18,0,31,0
103,1000,30.000000,10000.000000,1,0,-2139173857,458,18,458,18,0,31,0
103,1000,30.000000,10000.000000,1,0,-2139173851,458,18,458,18,0,31,0
103,1000,30.000000,10000.000000,1,0,-2139173844,458,18,458,18,0,31,0
103,1000,30.000000,10000.000000,1,0,-2139173836,458,18,458,18,0,31,0
103,1000,30.000000,10000.000000,1,0,-2139173830,458,18,458,18,0,31,0
103,1000,30.000000,10000.000000,1,0,-2139173823,458,18,458,18,0,31,0
103,1000,30.000000,10000.000000,1,0,-2139173816,458,18,458,18,0,31,0
103,1000,30.000000,10000.000000,1,0,-2139173808,460,18,460,18,0,31,0
103,1000,30.000000,10000.000000,1,0,-2139173802,464,19,464,19,0,31,0
103,1000,30.000000,10000.000000,1,0,-2139173795,471,20,471,20,0,31,0
103,1000,30.000000,10000.000000,1,0,-2139173788,484,22,484,22,0,31,0
103,1000,30.000000,10000.000000,1,0,-2139173780,500,25,500,25,0,31,0
103,1000,30.000000,10000.000000,1,0,-2139173772,527,29,527,29,0,31,0
103,1000,30.000000,10000.000000,1,0,-2139173765,566,34,566,34,0,31,0
103,1000,30.000000,10000.000000,1,0,-2139173758,620,40,620,40,0,31,0
103,1000,30.000000,10000.000000,1,0,-2139173751,690,47,690,47,0,31,0
103,1000,30.000000,10000.000000,1,0,-2139173744,758,52,758,52,0,31,0
103,1000,30.000000,10000.000000,1,0,-2139173737,836,59,836,59,0,31,0
103,1000,30.000000,10000.000000,1,0,-2139173730,920,65,920,65,0,31,0
103,1000,30.000000,10000.000000,1,0,-2139173723,1007,71,1007,71,0,31,0
103,1000,30.000000,10000.000000,1,0,-2139173717,1100,73,1100,73,0,31,0
103,1000,30.000000,10000.000000,1,0,-2139173710,1193,73,1193,73,0,31,0
103,1000,30.000000,10000.000000,1,0,-2139173703,1256,73,1256,73,0,31,0
103,1000,30.000000,10000.000000,1,0,-2139173696,1319,73,1319,73,0,31,0
103,1000,30.000000,10000.000000,1,0,-2139173688,1368,72,1368,72,0,31,0
103,1000,30.000000,10000.000000,1,0,-2139173682,1428,69,1428,69,0,31,0
103,1000,30.000000,10000.000000,1,0,-2139173676,1449,66,1449,66,0,31,0
103,1000,30.000000,10000.000000,1,0,-2139173669,1463,64,1463,64,0,31,0
103,1000,30.000000,10000.000000,1,0,-2139173662,1469,62,1469,62,0,31,0
103,1000,30.000000,10000.000000,1,0,-2139173655,1471,59,1471,59,0,31,0
103,1000,30.000000,10000.000000,1,0,-2139173649,1471,57,1471,57,0,31,0
103,1000,30.000000,10000.000000,1,0,-2139173642,1468,55,1468,55,0,31,0
103,1000,30.000000,10000.000000,1,0,-2139173635,1464,52,1464,52,0,31,0
103,1000,30.000000,10000.000000,1,0,-2139173628,1458,48,1458,48,0,31,0
103,1000,30.000000,10000.000000,1,0,-2139173621,1452,44,1452,44,0,31,0
103,1000,30.000000,10000.000000,1,0,-2139173614,1445,42,1445,42,0,31,0
103,1000,30.000000,10000.000000,1,0,-2139173607,1437,39,1437,39,0,31,0
103,1000,30.000000,10000.000000,1,0,-2139173601,1428,36,1428,36,0,31,0
103,1000,30.000000,10000.000000,1,0,-2139173593,1421,35,1421,35,0,31,0
103,1000,30.000000,10000.000000,1,0,-2139173586,1416,33,1416,33,0,31,0
103,1000,30.000000,10000.000000,1,0,-2139173580,1414,32,1414,32,0,31,0
103,1000,30.000000,10000.000000,1,0,-2139173572,1411,31,1411,31,0,31,0
103,1000,30.000000,10000.000000,1,0,-2139173565,1411,30,1411,30,0,31,0
103,1000,30.000000,10000.000000,1,0,-2139173559,1411,29,1411,29,0,31,0
103,1000,30.000000,10000.000000,1,0,-2139173552,1413,29,1413,29,0,31,0
103,1000,30.000000,10000.000000,1,0,-2139173544,1416,28,1416,28,0,31,0
103,1000,30.000000,10000.000000,1,0,-2139173539,1419,27,1419,27,0,31,0
103,1000,30.000000,10000.000000,1,0,-2139173532,1421,26,1421,26,0,31,0
103,1000,30.000000,10000.000000,1,0,-2139173524,1423,25,1423,25,0,31,0
103,1000,30.000000,10000.000000,1,0,-2139173518,1426,24,1426,24,0,31,0
103,1000,30.000000,10000.000000,1,0,-2139173510,1426,24,1426,24,0,31,0
103,1000,30.000000,10000.000000,1,0,-2139173503,1426,23,1426,23,0,31,0
103,1000,30.000000,10000.000000,1,0,-2139173495,1426,23,1426,23,0,31,0
103,1000,30.000000,10000.000000,1,0,-2139173488,1426,23,1426,23,0,31,0
103,1000,30.000000,10000.000000,1,0,-2139173482,1426,23,1426,23,0,31,0
103,1000,30.000000,10000.000000,1,0,-2139173475,1425,23,1425,23,0,31,0
103,1000,30.000000,10000.000000,1,0,-2139173469,1425,23,1425,23,0,31,0
103,1000,30.000000,10000.000000,1,0,-2139173462,1425,23,1425,23,0,31,0
103,1000,30.000000,10000.000000,1,0,-2139173455,1425,23,1425,23,0,31,0
103,1000,30.000000,10000.000000,1,0,-2139173448,1425,23,1425,23,0,31,0
103,1000,30.000000,10000.000000,1,0,-2139173440,1425,23,1425,23,0,31,0
103,1000,30.000000,10000.000000,1,0,-2139173433,1426,22,1426,22,0,31,0
103,1000,30.000000,10000.000000,1,0,-2139173426,1428,22,1428,22,0,31,0
103,1000,30.000000,10000.000000,1,0,-2139173419,1430,22,1430,22,0,31,0
103,1000,30.000000,10000.000000,1,0,-2139173412,1433,22,1433,22,0,31,0
103,1000,30.000000,10000.000000,1,0,-2139173406,1437,22,1437,22,0,31,0
103,1000,30.000000,10000.000000,1,0,-2139173399,1441,22,1441,22,0,31,0
103,1000,30.000000,10000.000000,1,0,-2139173393,1444,21,1444,21,0,31,0
103,1000,30.000000,10000.000000,1,0,-2139173386,1446,21,1446,21,0,31,0
103,1000,30.000000,10000.000000,1,0,-2139173370,1447,21,1447,21,0,31,0
103,1000,30.000000,10000.000000,1,0,-2139173361,1448,21,1448,21,0,31,0
103,1000,30.000000,10000.000000,1,0,-2139173353,1448,21,1448,21,0,31,0
103,1000,30.000000,10000.000000,1,0,-2139173347,1450,21,1450,21,0,31,0
103,1000,30.000000,10000.000000,1,0,-2139173340,1451,21,1451,21,0,31,0
103,1000,30.000000,10000.000000,1,0,-2139173334,1453,22,1453,22,0,31,0
103,1000,30.000000,10000.000000,1,0,-2139173327,1454,22,1454,22,0,31,0
103,1000,30.000000,10000.000000,1,0,-2139173321,1456,22,1456,22,0,31,0
103,1000,30.000000,10000.000000,1,0,-2139173315,1460,22,1460,22,0,31,0
103,1000,30.000000,10000.000000,1,0,-2139173308,1463,22,1463,22,0,31,0
103,1000,30.000000,10000.000000,1,0,-2139173301,1469,22,1469,22,0,31,0
103,1000,30.000000,10000.000000,1,0,-2139173295,1474,21,1474,21,0,31,0
103,1000,30.000000,10000.000000,1,0,-2139173288,1478,21,1478,21,0,31,0
103,1000,30.000000,10000.000000,1,0,-2139173282,1482,21,1482,21,0,31,0
103,1000,30.000000,10000.000000,1,0,-2139173274,1483,21,1483,21,0,31,0
103,1000,30.000000,10000.000000,1,0,-2139173267,1484,21,1484,21,0,31,0
103,1000,30.000000,10000.000000,1,0,-2139173260,1484,21,1484,21,0,31,0
103,1000,30.000000,10000.000000,1,0,-2139173253,1484,21,1484,21,0,31,0
103,1000,30.000000,10000.000000,1,0,-2139173235,1484,21,1484,21,1,31,0
