103,1000,30.000000,60.000000,1,1,-2138667016,468,13,468,13,0,87,3
103,1000,30.000000,60.000000,1,1,-2138667015,468,13,468,13,0,87,3
103,1000,30.000000,60.000000,1,1,-2138667009,468,13,468,13,0,87,3
103,1000,30.000000,60.000000,1,1,-2138667002,468,13,468,13,0,87,3
103,1000,30.000000,60.000000,1,1,-2138666994,468,13,468,13,0,87,3
103,1000,30.000000,60.000000,1,1,-2138666988,468,13,468,13,0,87,3
103,1000,30.000000,60.000000,1,1,-2138666980,468,13,468,13,0,87,3
103,1000,30.000000,60.000000,1,1,-2138666973,468,13,468,13,0,87,3
103,1000,30.000000,60.000000,1,1,-2138666966,468,13,468,13,0,87,3
103,1000,30.000000,60.000000,1,1,-2138666960,468,13,468,13,0,87,3
103,1000,30.000000,60.000000,1,1,-2138666952,468,13,468,13,0,87,3
103,1000,30.000000,60.000000,1,1,-2138666945,470,13,470,13,0,87,3
103,1000,30.000000,60.000000,1,1,-2138666939,475,14,475,14,0,87,3
103,1000,30.000000,60.000000,1,1,-2138666930,482,15,482,15,0,87,3
103,1000,30.000000,60.000000,1,1,-2138666923,496,18,496,18,0,87,3
103,1000,30.000000,60.000000,1,1,-2138666916,516,22,516,22,0,87,3
103,1000,30.000000,60.000000,1,1,-2138666910,549,27,549,27,0,87,3
103,1000,30.000000,60.000000,1,1,-2138666903,571,30,571,30,0,87,3
103,1000,30.000000,60.000000,1,1,-2138666897,611,35,611,35,0,87,3
103,1000,30.000000,60.000000,1,1,-2138666890,642,39,642,39,0,87,3
103,1000,30.000000,60.000000,1,1,-2138666882,686,44,686,44,0,87,3
103,1000,30.000000,60.000000,1,1,-2138666876,741,50,741,50,0,87,3
103,1000,30.000000,60.000000,1,1,-2138666869,794,53,794,53,0,87,3
103,1000,30.000000,60.000000,1,1,-2138666863,848,55,848,55,0,87,3
103,1000,30.000000,60.000000,1,1,-2138666856,901,56,901,56,0,87,3
103,1000,30.000000,60.000000,1,1,-2138666848,954,56,954,56,0,87,3
103,1000,30.000000,60.000000,1,1,-2138666842,1006,56,1006,56,0,87,3
103,1000,30.000000,60.000000,1,1,-2138666834,1062,54,1062,54,0,87,3
103,1000,30.000000,60.000000,1,1,-2138666828,1103,51,1103,51,0,87,3
103,1000,30.000000,60.000000,1,1,-2138666820,1139,47,1139,47,0,87,3
103,1000,30.000000,60.000000,1,1,-2138666813,1180,42,1180,42,0,87,3
103,1000,30.000000,60.000000,1,1,-2138666807,1214,37,1214,37,0,87,3
103,1000,30.000000,60.000000,1,1,-2138666800,1236,34,1236,34,0,87,3
103,1000,30.000000,60.000000,1,1,-2138666793,1256,30,1256,30,0,87,3
103,1000,30.000000,60.000000,1,1,-2138666785,1276,25,1276,25,0,87,3
103,1000,30.000000,60.000000,1,1,-2138666779,1292,19,1292,19,0,87,3
103,1000,30.000000,60.000000,1,1,-2138666772,1300,16,1300,16,0,87,3
103,1000,30.000000,60.000000,1,1,-2138666766,1307,12,1307,12,0,87,3
103,1000,30.000000,60.000000,1,1,-2138666758,1313,9,1313,9,0,87,3
103,1000,30.000000,60.000000,1,1,-2138666752,1314,7,1314,7,0,87,3
103,1000,30.000000,60.000000,1,1,-2138666745,1314,6,1314,6,0,87,3
103,1000,30.000000,60.000000,1,1,-2138666738,1314,5,1314,5,0,87,3
103,1000,30.000000,60.000000,1,1,-2138666731,1314,4,1314,4,0,87,3
103,1000,30.000000,60.000000,1,1,-2138666724,1314,3,1314,3,0,87,3
103,1000,30.000000,60.000000,1,1,-2138666717,1314,2,1314,2,0,87,3
103,1000,30.000000,60.000000,1,1,-2138666710,1314,2,1314,2,0,87,3
103,1000,30.000000,60.000000,1,1,-2138666703,1314,2,1314,2,0,87,3
103,1000,30.000000,60.000000,1,1,-2138666695,1314,2,1314,2,0,87,3
103,1000,30.000000,60.000000,1,1,-2138666688,1314,2,1314,2,0,87,3
103,1000,30.000000,60.000000,1,1,-2138666682,1315,2,1315,2,0,87,3
103,1000,30.000000,60.000000,1,1,-2138666675,1317,1,1317,1,0,87,3
103,1000,30.000000,60.000000,1,1,-2138666667,1318,1,1318,1,0,87,3
103,1000,30.000000,60.000000,1,1,-2138666661,1319,1,1319,1,0,87,3
103,1000,30.000000,60.000000,1,1,-2138666654,1321,1,1321,1,0,87,3
103,1000,30.000000,60.000000,1,1,-2138666646,1322,1,1322,1,0,87,3
103,1000,30.000000,60.000000,1,1,-2138666640,1322,1,1322,1,0,87,3
103,1000,30.000000,60.000000,1,1,-2138666634,1322,1,1322,1,0,87,3
103,1000,30.000000,60.000000,1,1,-2138666627,1322,1,1322,1,0,87,3
103,1000,30.000000,60.000000,1,1,-2138666620,1322,1,1322,1,0,87,3
103,1000,30.000000,60.000000,1,1,-2138666613,1324,1,1324,1,0,87,3
103,1000,30.000000,60.000000,1,1,-2138666605,1328,1,1328,1,0,87,3
103,1000,30.000000,60.000000,1,1,-2138666599,1336,1,1336,1,0,87,3
103,1000,30.000000,60.000000,1,1,-2138666591,1349,1,1349,1,0,87,3
103,1000,30.000000,60.000000,1,1,-2138666584,1362,3,1362,3,0,87,3
103,1000,30.000000,60.000000,1,1,-2138666577,1382,5,1382,5,0,87,3
103,1000,30.000000,60.000000,1,1,-2138666570,1404,7,1404,7,0,87,3
103,1000,30.000000,60.000000,1,1,-2138666562,1425,10,1425,10,0,87,3
103,1000,30.000000,60.000000,1,1,-2138666556,1451,14,1451,14,0,87,3
103,1000,30.000000,60.000000,1,1,-2138666549,1470,17,1470,17,0,87,3
103,1000,30.000000,60.000000,1,1,-2138666543,1487,20,1487,20,0,87,3
103,1000,30.000000,60.000000,1,1,-2138666535,1496,23,1496,23,0,87,3
103,1000,30.000000,60.000000,1,1,-2138666529,1505,27,1505,27,0,87,3
103,1000,30.000000,60.000000,1,1,-2138666522,1510,29,1510,29,0,87,3
103,1000,30.000000,60.000000,1,1,-2138666515,1513,31,1513,31,0,87,3
103,1000,30.000000,60.000000,1,1,-2138666508,1513,32,1513,32,0,87,3
103,1000,30.000000,60.000000,1,1,-2138666501,1512,33,1512,33,0,87,3
103,1000,30.000000,60.000000,1,1,-2138666495,1510,33,1510,33,0,87,3
103,1000,30.000000,60.000000,1,1,-2138666488,1507,33,1507,33,0,87,3
103,1000,30.000000,60.000000,1,1,-2138666481,1504,33,1504,33,0,87,3
103,1000,30.000000,60.000000,1,1,-2138666473,1500,33,1500,33,0,87,3
103,1000,30.000000,60.000000,1,1,-2138666466,1496,33,1496,33,0,87,3
103,1000,30.000000,60.000000,1,1,-2138666459,1493,32,1493,32,0,87,3
103,1000,30.000000,60.000000,1,1,-2138666452,1492,32,1492,32,0,87,3
103,1000,30.000000,60.000000,1,1,-2138666445,1492,31,1492,31,0,87,3
103,1000,30.000000,60.000000,1,1,-2138666438,1492,29,1492,29,0,87,3
103,1000,30.000000,60.000000,1,1,-2138666431,1494,28,1494,28,0,87,3
103,1000,30.000000,60.000000,1,1,-2138666424,1495,27,1495,27,0,87,3
103,1000,30.000000,60.000000,1,1,-2138666418,1496,26,1496,26,0,87,3
103,1000,30.000000,60.000000,1,1,-2138666412,1497,25,1497,25,0,87,3
103,1000,30.000000,60.000000,1,1,-2138666404,1497,24,1497,24,0,87,3
103,1000,30.000000,60.000000,1,1,-2138666397,1497,23,1497,23,0,87,3
103,1000,30.000000,60.000000,1,1,-2138666391,1497,22,1497,22,0,87,3
103,1000,30.000000,60.000000,1,1,-2138666384,1496,21,1496,21,0,87,3
103,1000,30.000000,60.000000,1,1,-2138666377,1494,20,1494,20,0,87,3
103,1000,30.000000,60.000000,1,1,-2138666370,1493,20,1493,20,0,87,3
103,1000,30.000000,60.000000,1,1,-2138666363,1490,19,1490,19,0,87,3
103,1000,30.000000,60.000000,1,1,-2138666355,1487,18,1487,18,0,87,3
103,1000,30.000000,60.000000,1,1,-2138666348,1484,17,1484,17,0,87,3
103,1000,30.000000,60.000000,1,1,-2138666341,1482,16,1482,16,0,87,3
103,1000,30.000000,60.000000,1,1,-2138666335,1480,16,1480,16,0,87,3
103,1000,30.000000,60.000000,1,1,-2138666327,1479,16,1479,16,0,87,3
103,1000,30.000000,60.000000,1,1,-2138666321,1478,16,1478,16,0,87,3
103,1000,30.000000,60.000000,1,1,-2138666309,1477,16,1477,16,0,87,3
103,1000,30.000000,60.000000,1,1,-2138666302,1476,16,1476,16,0,87,3
103,1000,30.000000,60.000000,1,1,-2138666296,1476,16,1476,16,0,87,3
103,1000,30.000000,60.000000,1,1,-2138666280,1476,16,1476,16,0,87,3
103,1000,30.000000,60.000000,1,1,-2138666271,1473,16,1473,16,0,87,3
103,1000,30.000000,60.000000,1,1,-2138666263,1471,16,1471,16,0,87,3
103,1000,30.000000,60.000000,1,1,-2138666256,1470,17,1470,17,0,87,3
103,1000,30.000000,60.000000,1,1,-2138666250,1469,17,1469,17,0,87,3
103,1000,30.000000,60.000000,1,1,-2138666243,1468,18,1468,18,0,87,3
103,1000,30.000000,60.000000,1,1,-2138666237,1466,19,1466,19,0,87,3
103,1000,30.000000,60.000000,1,1,-2138666230,1466,19,1466,19,0,87,3
103,1000,30.000000,60.000000,1,1,-2138666215,1466,19,1466,19,0,87,3
103,1000,30.000000,60.000000,1,1,-2138666206,1466,19,1466,19,0,87,3
103,1000,30.000000,60.000000,1,1,-2138666198,1466,19,1466,19,0,87,3
103,1000,30.000000,60.000000,1,1,-2138666191,1466,19,1466,19,0,87,3
103,1000,30.000000,60.000000,1,1,-2138666185,1466,19,1466,19,0,87,3
103,1000,30.000000,60.000000,1,1,-2138666179,1466,19,1466,19,0,87,3
103,1000,30.000000,60.000000,1,1,-2138666161,1466,19,1466,19,0,87,3
