103,1000,30.000000,60.000000,1,3,-2137903854,469,18,469,18,0,168,3
103,1000,30.000000,60.000000,1,3,-2137903852,469,18,469,18,0,168,3
103,1000,30.000000,60.000000,1,3,-2137903846,469,18,469,18,0,168,3
103,1000,30.000000,60.000000,1,3,-2137903839,469,18,469,18,0,168,3
103,1000,30.000000,60.000000,1,3,-2137903832,469,18,469,18,0,168,3
103,1000,30.000000,60.000000,1,3,-2137903824,469,18,469,18,0,168,3
103,1000,30.000000,60.000000,1,3,-2137903818,469,18,469,18,0,168,3
103,1000,30.000000,60.000000,1,3,-2137903811,469,18,469,18,0,168,3
103,1000,30.000000,60.000000,1,3,-2137903804,469,18,469,18,0,168,3
103,1000,30.000000,60.000000,1,3,-2137903797,469,18,469,18,0,168,3
103,1000,30.000000,60.000000,1,3,-2137903790,469,18,469,18,0,168,3
103,1000,30.000000,60.000000,1,3,-2137903782,471,18,471,18,0,168,3
103,1000,30.000000,60.000000,1,3,-2137903775,475,18,475,18,0,168,3
103,1000,30.000000,60.000000,1,3,-2137903768,483,20,483,20,0,168,3
103,1000,30.000000,60.000000,1,3,-2137903761,493,22,493,22,0,168,3
103,1000,30.000000,60.000000,1,3,-2137903753,512,23,512,23,0,168,3
103,1000,30.000000,60.000000,1,3,-2137903747,532,26,532,26,0,168,3
103,1000,30.000000,60.000000,1,3,-2137903740,561,29,561,29,0,168,3
103,1000,30.000000,60.000000,1,3,-2137903734,607,34,607,34,0,168,3
103,1000,30.000000,60.000000,1,3,-2137903727,641,37,641,37,0,168,3
103,1000,30.000000,60.000000,1,3,-2137903720,693,42,693,42,0,168,3
103,1000,30.000000,60.000000,1,3,-2137903714,751,45,751,45,0,168,3
103,1000,30.000000,60.000000,1,3,-2137903707,822,48,822,48,0,168,3
103,1000,30.000000,60.000000,1,3,-2137903699,891,49,891,49,0,168,3
103,1000,30.000000,60.000000,1,3,-2137903692,961,50,961,50,0,168,3
103,1000,30.000000,60.000000,1,3,-2137903685,1029,50,1029,50,0,168,3
103,1000,30.000000,60.000000,1,3,-2137903678,1093,50,1093,50,0,168,3
103,1000,30.000000,60.000000,1,3,-2137903671,1150,50,1150,50,0,168,3
103,1000,30.000000,60.000000,1,3,-2137903665,1207,50,1207,50,0,168,3
103,1000,30.000000,60.000000,1,3,-2137903658,1244,49,1244,49,0,168,3
103,1000,30.000000,60.000000,1,3,-2137903652,1294,46,1294,46,0,168,3
103,1000,30.000000,60.000000,1,3,-2137903645,1338,43,1338,43,0,168,3
103,1000,30.000000,60.000000,1,3,-2137903637,1365,40,1365,40,0,168,3
103,1000,30.000000,60.000000,1,3,-2137903629,1397,36,1397,36,0,168,3
103,1000,30.000000,60.000000,1,3,-2137903622,1419,33,1419,33,0,168,3
103,1000,30.000000,60.000000,1,3,-2137903616,1432,31,1432,31,0,168,3
103,1000,30.000000,60.000000,1,3,-2137903609,1440,29,1440,29,0,168,3
103,1000,30.000000,60.000000,1,3,-2137903602,1446,27,1446,27,0,168,3
103,1000,30.000000,60.000000,1,3,-2137903596,1449,25,1449,25,0,168,3
103,1000,30.000000,60.000000,1,3,-2137903589,1450,24,1450,24,0,168,3
103,1000,30.000000,60.000000,1,3,-2137903581,1450,23,1450,23,0,168,3
103,1000,30.000000,60.000000,1,3,-2137903575,1449,22,1449,22,0,168,3
103,1000,30.000000,60.000000,1,3,-2137903568,1447,21,1447,21,0,168,3
103,1000,30.000000,60.000000,1,3,-2137903561,1445,20,1445,20,0,168,3
103,1000,30.000000,60.000000,1,3,-2137903545,1442,19,1442,19,0,168,3
103,1000,30.000000,60.000000,1,3,-2137903536,1442,19,1442,19,0,168,3
103,1000,30.000000,60.000000,1,3,-2137903528,1442,18,1442,18,0,168,3
103,1000,30.000000,60.000000,1,3,-2137903522,1442,18,1442,18,0,168,3
103,1000,30.000000,60.000000,1,3,-2137903515,1442,18,1442,18,0,168,3
103,1000,30.000000,60.000000,1,3,-2137903509,1442,18,1442,18,0,168,3
103,1000,30.000000,60.000000,1,3,-2137903503,1442,18,1442,18,0,168,3
103,1000,30.000000,60.000000,1,3,-2137903496,1443,18,1443,18,0,168,3
103,1000,30.000000,60.000000,1,3,-2137903491,1444,18,1444,18,0,168,3
103,1000,30.000000,60.000000,1,3,-2137903484,1445,18,1445,18,0,168,3
103,1000,30.000000,60.000000,1,3,-2137903478,1447,18,1447,18,0,168,3
103,1000,30.000000,60.000000,1,3,-2137903470,1449,18,1449,18,0,168,3
103,1000,30.000000,60.000000,1,3,-2137903464,1451,18,1451,18,0,168,3
103,1000,30.000000,60.000000,1,3,-2137903457,1451,18,1451,18,0,168,3
103,1000,30.000000,60.000000,1,3,-2137903450,1451,18,1451,18,0,168,3
103,1000,30.000000,60.000000,1,3,-2137903443,1451,18,1451,18,0,168,3
103,1000,30.000000,60.000000,1,3,-2137903436,1451,18,1451,18,0,168,3
103,1000,30.000000,60.000000,1,3,-2137903429,1451,18,1451,18,0,168,3
103,1000,30.000000,60.000000,1,3,-2137903422,1450,18,1450,18,0,168,3
103,1000,30.000000,60.000000,1,3,-2137903415,1450,18,1450,18,0,168,3
103,1000,30.000000,60.000000,1,3,-2137903408,1450,18,1450,18,0,168,3
103,1000,30.000000,60.000000,1,3,-2137903401,1450,18,1450,18,0,168,3
103,1000,30.000000,60.000000,1,3,-2137903394,1450,18,1450,18,0,168,3
103,1000,30.000000,60.000000,1,3,-2137903388,1450,18,1450,18,0,168,3
103,1000,30.000000,60.000000,1,3,-2137903381,1450,18,1450,18,0,168,3
103,1000,30.000000,60.000000,1,3,-2137903374,1451,18,1451,18,0,168,3
103,1000,30.000000,60.000000,1,3,-2137903367,1453,18,1453,18,0,168,3
103,1000,30.000000,60.000000,1,3,-2137903359,1455,18,1455,18,0,168,3
103,1000,30.000000,60.000000,1,3,-2137903353,1457,18,1457,18,0,168,3
103,1000,30.000000,60.000000,1,3,-2137903346,1459,18,1459,18,0,168,3
103,1000,30.000000,60.000000,1,3,-2137903339,1460,19,1460,19,0,168,3
103,1000,30.000000,60.000000,1,3,-2137903331,1461,19,1461,19,0,168,3
103,1000,30.000000,60.000000,1,3,-2137903313,1462,19,1462,19,0,168,3
