103,1000,30.000000,10000.000000,1,3,-2137902694,469,20,469,20,0,168,4
103,1000,30.000000,10000.000000,1,3,-2137902692,469,20,469,20,0,168,4
103,1000,30.000000,10000.000000,1,3,-2137902685,469,20,469,20,0,168,4
103,1000,30.000000,10000.000000,1,3,-2137902679,469,20,469,20,0,168,4
103,1000,30.000000,10000.000000,1,3,-2137902672,469,20,469,20,0,168,4
103,1000,30.000000,10000.000000,1,3,-2137902665,469,20,469,20,0,168,4
103,1000,30.000000,10000.000000,1,3,-2137902658,469,20,469,20,0,168,4
103,1000,30.000000,10000.000000,1,3,-2137902651,470,20,470,20,0,168,4
103,1000,30.000000,10000.000000,1,3,-2137902643,472,19,472,19,0,168,4
103,1000,30.000000,10000.000000,1,3,-2137902637,476,19,476,19,0,168,4
103,1000,30.000000,10000.000000,1,3,-2137902630,484,19,484,19,0,168,4
103,1000,30.000000,10000.000000,1,3,-2137902624,495,19,495,19,0,168,4
103,1000,30.000000,10000.000000,1,3,-2137902617,512,19,512,19,0,168,4
103,1000,30.000000,10000.000000,1,3,-2137902609,541,21,541,21,0,168,4
103,1000,30.000000,10000.000000,1,3,-2137902602,581,23,581,23,0,168,4
103,1000,30.000000,10000.000000,1,3,-2137902595,615,26,615,26,0,168,4
103,1000,30.000000,10000.000000,1,3,-2137902588,656,30,656,30,0,168,4
103,1000,30.000000,10000.000000,1,3,-2137902581,699,34,699,34,0,168,4
103,1000,30.000000,10000.000000,1,3,-2137902574,761,38,761,38,0,168,4
103,1000,30.000000,10000.000000,1,3,-2137902568,830,41,830,41,0,168,4
103,1000,30.000000,10000.000000,1,3,-2137902560,895,44,895,44,0,168,4
103,1000,30.000000,10000.000000,1,3,-2137902545,965,45,965,45,0,168,4
103,1000,30.000000,10000.000000,1,3,-2137902536,1106,46,1106,46,0,168,4
103,1000,30.000000,10000.000000,1,3,-2137902528,1196,46,1196,46,0,168,4
103,1000,30.000000,10000.000000,1,3,-2137902522,1250,45,1250,45,0,168,4
103,1000,30.000000,10000.000000,1,3,-2137902516,1297,43,1297,43,0,168,4
103,1000,30.000000,10000.000000,1,3,-2137902510,1329,41,1329,41,0,168,4
103,1000,30.000000,10000.000000,1,3,-2137902503,1351,38,1351,38,0,168,4
103,1000,30.000000,10000.000000,1,3,-2137902496,1375,35,1375,35,0,168,4
103,1000,30.000000,10000.000000,1,3,-2137902489,1402,32,1402,32,0,168,4
103,1000,30.000000,10000.000000,1,3,-2137902483,1415,29,1415,29,0,168,4
103,1000,30.000000,10000.000000,1,3,-2137902476,1423,27,1423,27,0,168,4
103,1000,30.000000,10000.000000,1,3,-2137902470,1432,25,1432,25,0,168,4
103,1000,30.000000,10000.000000,1,3,-2137902464,1436,24,1436,24,0,168,4
103,1000,30.000000,10000.000000,1,3,-2137902457,1439,23,1439,23,0,168,4
103,1000,30.000000,10000.000000,1,3,-2137902449,1441,22,1441,22,0,168,4
103,1000,30.000000,10000.000000,1,3,-2137902443,1441,21,1441,21,0,168,4
103,1000,30.000000,10000.000000,1,3,-2137902435,1442,20,1442,20,0,168,4
103,1000,30.000000,10000.000000,1,3,-2137902428,1442,19,1442,19,0,168,4
103,1000,30.000000,10000.000000,1,3,-2137902422,1443,18,1443,18,0,168,4
103,1000,30.000000,10000.000000,1,3,-2137902414,1444,18,1444,18,0,168,4
103,1000,30.000000,10000.000000,1,3,-2137902408,1446,17,1446,17,0,168,4
103,1000,30.000000,10000.000000,1,3,-2137902401,1449,17,1449,17,0,168,4
103,1000,30.000000,10000.000000,1,3,-2137902393,1452,17,1452,17,0,168,4
103,1000,30.000000,10000.000000,1,3,-2137902386,1458,16,1458,16,0,168,4
103,1000,30.000000,10000.000000,1,3,-2137902380,1462,15,1462,15,0,168,4
103,1000,30.000000,10000.000000,1,3,-2137902373,1467,15,1467,15,0,168,4
103,1000,30.000000,10000.000000,1,3,-2137902366,1473,14,1473,14,0,168,4
103,1000,30.000000,10000.000000,1,3,-2137902359,1478,14,1478,14,0,168,4
103,1000,30.000000,10000.000000,1,3,-2137902353,1482,14,1482,14,0,168,4
103,1000,30.000000,10000.000000,1,3,-2137902346,1484,14,1484,14,0,168,4
103,1000,30.000000,10000.000000,1,3,-2137902339,1487,14,1487,14,0,168,4
103,1000,30.000000,10000.000000,1,3,-2137902331,1487,14,1487,14,0,168,4
103,1000,30.000000,10000.000000,1,3,-2137902324,1485,14,1485,14,0,168,4
103,1000,30.000000,10000.000000,1,3,-2137902317,1482,14,1482,14,0,168,4
103,1000,30.000000,10000.000000,1,3,-2137902310,1478,14,1478,14,0,168,4
103,1000,30.000000,10000.000000,1,3,-2137902303,1474,14,1474,14,0,168,4
103,1000,30.000000,10000.000000,1,3,-2137902296,1471,14,1471,14,0,168,4
103,1000,30.000000,10000.000000,1,3,-2137902289,1469,15,1469,15,0,168,4
103,1000,30.000000,10000.000000,1,3,-2137902283,1468,15,1468,15,0,168,4
103,1000,30.000000,10000.000000,1,3,-2137902276,1467,15,1467,15,0,168,4
103,1000,30.000000,10000.000000,1,3,-2137902269,1467,15,1467,15,0,168,4
103,1000,30.000000,10000.000000,1,3,-2137902262,1467,15,1467,15,0,168,4
103,1000,30.000000,10000.000000,1,3,-2137902255,1467,15,1467,15,0,168,4
103,1000,30.000000,10000.000000,1,3,-2137902249,1467,15,1467,15,0,168,4
103,1000,30.000000,10000.000000,1,3,-2137902242,1469,15,1469,15,0,168,4
103,1000,30.000000,10000.000000,1,3,-2137902234,1470,15,1470,15,0,168,4
103,1000,30.000000,10000.000000,1,3,-2137902228,1471,15,1471,15,0,168,4
103,1000,30.000000,10000.000000,1,3,-2137902221,1471,16,1471,16,0,168,4
103,1000,30.000000,10000.000000,1,3,-2137902214,1471,17,1471,17,0,168,4
103,1000,30.000000,10000.000000,1,3,-2137902207,1471,17,1471,17,0,168,4
103,1000,30.000000,10000.000000,1,3,-2137902199,1471,17,1471,17,0,168,4
103,1000,30.000000,10000.000000,1,3,-2137902193,1471,17,1471,17,0,168,4
103,1000,30.000000,10000.000000,1,3,-2137902186,1471,17,1471,17,0,168,4
103,1000,30.000000,10000.000000,1,3,-2137902179,1471,17,1471,17,0,168,4
103,1000,30.000000,10000.000000,1,3,-2137902171,1471,17,1471,17,0,168,4
103,1000,30.000000,10000.000000,1,3,-2137902164,1470,18,1470,18,0,168,4
103,1000,30.000000,10000.000000,1,3,-2137902158,1469,19,1469,19,0,168,4
103,1000,30.000000,10000.000000,1,3,-2137902151,1468,19,1468,19,0,168,4
103,1000,30.000000,10000.000000,1,3,-2137902143,1467,19,1467,19,0,168,4
103,1000,30.000000,10000.000000,1,3,-2137902125,1467,19,1467,19,0,168,4
