103,500,30.000000,10000.000000,0,1,-2138898212,724,0,724,0,0,60,2
103,500,30.000000,10000.000000,0,1,-2138898211,724,0,724,0,0,60,2
103,500,30.000000,10000.000000,0,1,-2138898204,724,0,724,0,0,60,2
103,500,30.000000,10000.000000,0,1,-2138898197,724,0,724,0,0,60,2
103,500,30.000000,10000.000000,0,1,-2138898190,724,0,724,0,0,60,2
103,500,30.000000,10000.000000,0,1,-2138898183,724,0,724,0,0,60,2
103,500,30.000000,10000.000000,0,1,-2138898176,723,0,723,0,0,60,2
103,500,30.000000,10000.000000,0,1,-2138898170,722,0,722,0,0,60,2
103,500,30.000000,10000.000000,0,1,-2138898163,721,0,721,0,0,60,2
103,500,30.000000,10000.000000,0,1,-2138898156,721,0,721,0,0,60,2
103,500,30.000000,10000.000000,0,1,-2138898149,721,0,721,0,0,60,2
103,500,30.000000,10000.000000,0,1,-2138898142,721,0,721,0,0,60,2
103,500,30.000000,10000.000000,0,1,-2138898135,721,0,721,0,0,60,2
103,500,30.000000,10000.000000,0,1,-2138898128,721,0,721,0,0,60,2
103,500,30.000000,10000.000000,0,1,-2138898119,723,0,723,0,0,60,2
103,500,30.000000,10000.000000,0,1,-2138898111,729,0,729,0,0,60,2
103,500,30.000000,10000.000000,0,1,-2138898104,738,0,738,-1,0,60,2
103,500,30.000000,10000.000000,0,1,-2138898097,752,0,752,-3,0,60,2
103,500,30.000000,10000.000000,0,1,-2138898090,764,0,764,-4,0,60,2
103,500,30.000000,10000.000000,0,1,-2138898084,797,0,797,-7,0,60,2
103,500,30.000000,10000.000000,0,1,-2138898077,821,0,821,-9,0,60,2
103,500,30.000000,10000.000000,0,1,-2138898071,853,0,853,-12,0,60,2
103,500,30.000000,10000.000000,0,1,-2138898064,886,0,886,-15,0,60,2
103,500,30.000000,10000.000000,0,1,-2138898057,935,0,935,-20,0,60,2
103,500,30.000000,10000.000000,0,1,-2138898050,983,0,983,-25,0,60,2
103,500,30.000000,10000.000000,0,1,-2138898044,1031,0,1031,-29,0,60,2
103,500,30.000000,10000.000000,0,1,-2138898037,1071,0,1071,-33,0,60,2
103,500,30.000000,10000.000000,0,1,-2138898030,1116,0,1116,-38,0,60,2
103,500,30.000000,10000.000000,0,1,-2138898023,1150,0,1150,-41,0,60,2
103,500,30.000000,10000.000000,0,1,-2138898016,1178,0,1178,-42,0,60,2
103,500,30.000000,10000.000000,0,1,-2138898010,1201,0,1201,-44,0,60,2
103,500,30.000000,10000.000000,0,1,-2138898003,1210,0,1210,-44,0,60,2
103,500,30.000000,10000.000000,0,1,-2138897995,1219,0,1219,-45,0,60,2
103,500,30.000000,10000.000000,0,1,-2138897989,1223,0,1223,-45,0,60,2
103,500,30.000000,10000.000000,0,1,-2138897982,1224,0,1224,-45,0,60,2
103,500,30.000000,10000.000000,0,1,-2138897975,1225,0,1225,-45,0,60,2
103,500,30.000000,10000.000000,0,1,-2138897968,1225,0,1225,-45,0,60,2
103,500,30.000000,10000.000000,0,1,-2138897962,1225,0,1225,-46,0,60,2
103,500,30.000000,10000.000000,0,1,-2138897953,1224,0,1224,-46,0,60,2
103,500,30.000000,10000.000000,0,1,-2138897947,1223,0,1223,-46,0,60,2
103,500,30.000000,10000.000000,0,1,-2138897940,1223,0,1223,-47,0,60,2
103,500,30.000000,10000.000000,0,1,-2138897934,1222,0,1222,-48,0,60,2
103,500,30.000000,10000.000000,0,1,-2138897926,1222,0,1222,-48,0,60,2
103,500,30.000000,10000.000000,0,1,-2138897920,1222,0,1222,-48,0,60,2
103,500,30.000000,10000.000000,0,1,-2138897912,1222,0,1222,-48,0,60,2
103,500,30.000000,10000.000000,0,1,-2138897906,1222,0,1222,-48,0,60,2
103,500,30.000000,10000.000000,0,1,-2138897890,1222,0,1222,-48,0,60,2
103,500,30.000000,10000.000000,0,1,-2138897881,1222,0,1222,-48,0,60,2
103,500,30.000000,10000.000000,0,1,-2138897874,1223,0,1223,-49,0,60,2
103,500,30.000000,10000.000000,0,1,-2138897868,1224,0,1224,-49,0,60,2
103,500,30.000000,10000.000000,0,1,-2138897862,1225,0,1225,-49,0,60,2
103,500,30.000000,10000.000000,0,1,-2138897856,1226,0,1226,-49,0,60,2
103,500,30.000000,10000.000000,0,1,-2138897849,1227,0,1227,-49,0,60,2
103,500,30.000000,10000.000000,0,1,-2138897843,1227,0,1227,-49,0,60,2
103,500,30.000000,10000.000000,0,1,-2138897836,1227,0,1227,-49,0,60,2
103,500,30.000000,10000.000000,0,1,-2138897827,1227,0,1227,-49,0,60,2
103,500,30.000000,10000.000000,0,1,-2138897821,1224,0,1224,-49,0,60,2
103,500,30.000000,10000.000000,0,1,-2138897815,1221,0,1221,-50,0,60,2
103,500,30.000000,10000.000000,0,1,-2138897809,1219,0,1219,-50,0,60,2
103,500,30.000000,10000.000000,0,1,-2138897801,1216,0,1216,-50,0,60,2
103,500,30.000000,10000.000000,0,1,-2138897795,1215,0,1215,-50,0,60,2
103,500,30.000000,10000.000000,0,1,-2138897788,1214,0,1214,-50,0,60,2
103,500,30.000000,10000.000000,0,1,-2138897781,1212,0,1212,-50,0,60,2
103,500,30.000000,10000.000000,0,1,-2138897773,1212,0,1212,-50,0,60,2
103,500,30.000000,10000.000000,0,1,-2138897767,1212,0,1212,-50,0,60,2
103,500,30.000000,10000.000000,0,1,-2138897760,1212,0,1212,-50,0,60,2
103,500,30.000000,10000.000000,0,1,-2138897753,1212,0,1212,-50,0,60,2
103,500,30.000000,10000.000000,0,1,-2138897746,1212,0,1212,-50,0,60,2
103,500,30.000000,10000.000000,0,1,-2138897739,1212,0,1212,-51,0,60,2
103,500,30.000000,10000.000000,0,1,-2138897720,1212,0,1212,-52,0,60,2
