103,1000,30.000000,60.000000,1,0,-2139149935,465,20,465,20,0,34,0
103,1000,30.000000,60.000000,1,0,-2139149933,465,20,465,20,0,34,0
103,1000,30.000000,60.000000,1,0,-2139149927,465,20,465,20,0,34,0
103,1000,30.000000,60.000000,1,0,-2139149919,465,20,465,20,0,34,0
103,1000,30.000000,60.000000,1,0,-2139149913,465,20,465,20,0,34,0
103,1000,30.000000,60.000000,1,0,-2139149906,465,20,465,20,0,34,0
103,1000,30.000000,60.000000,1,0,-2139149900,465,20,465,20,0,34,0
103,1000,30.000000,60.000000,1,0,-2139149893,465,20,465,20,0,34,0
103,1000,30.000000,60.000000,1,0,-2139149886,465,20,465,20,0,34,0
103,1000,30.000000,60.000000,1,0,-2139149879,465,20,465,20,0,34,0
103,1000,30.000000,60.000000,1,0,-2139149872,465,20,465,20,0,34,0
103,1000,30.000000,60.000000,1,0,-2139149864,465,20,465,20,0,34,0
103,1000,30.000000,60.000000,1,0,-2139149858,465,20,465,20,0,34,0
103,1000,30.000000,60.000000,1,0,-2139149852,468,20,468,20,0,34,0
103,1000,30.000000,60.000000,1,0,-2139149845,474,21,474,21,0,34,0
103,1000,30.000000,60.000000,1,0,-2139149838,485,23,485,23,0,34,0
103,1000,30.000000,60.000000,1,0,-2139149829,503,26,503,26,0,34,0
103,1000,30.000000,60.000000,1,0,-2139149821,544,30,544,30,0,34,0
103,1000,30.000000,60.000000,1,0,-2139149815,602,35,602,35,0,34,0
103,1000,30.000000,60.000000,1,0,-2139149808,664,41,664,41,0,34,0
103,1000,30.000000,60.000000,1,0,-2139149800,708,44,708,44,0,34,0
103,1000,30.000000,60.000000,1,0,-2139149793,808,53,808,53,0,34,0
103,1000,30.000000,60.000000,1,0,-2139149787,885,59,885,59,0,34,0
103,1000,30.000000,60.000000,1,0,-2139149781,965,65,965,65,0,34,0
103,1000,30.000000,60.000000,1,0,-2139149774,1036,69,1036,69,0,34,0
103,1000,30.000000,60.000000,1,0,-2139149768,1120,72,1120,72,0,34,0
103,1000,30.000000,60.000000,1,0,-2139149760,1189,74,1189,74,0,34,0
103,1000,30.000000,60.000000,1,0,-2139149754,1277,74,1277,74,0,34,0
103,1000,30.000000,60.000000,1,0,-2139149747,1356,74,1356,74,0,34,0
103,1000,30.000000,60.000000,1,0,-2139149739,1424,73,1424,73,0,34,0
103,1000,30.000000,60.000000,1,0,-2139149733,1487,68,1487,68,0,34,0
103,1000,30.000000,60.000000,1,0,-2139149726,1539,64,1539,64,0,34,0
103,1000,30.000000,60.000000,1,0,-2139149720,1581,59,1581,59,0,34,0
103,1000,30.000000,60.000000,1,0,-2139149713,1625,51,1625,51,0,34,0
103,1000,30.000000,60.000000,1,0,-2139149706,1651,46,1651,46,0,34,0
103,1000,30.000000,60.000000,1,0,-2139149698,1668,40,1668,40,0,34,0
103,1000,30.000000,60.000000,1,0,-2139149691,1680,34,1680,34,0,34,0
103,1000,30.000000,60.000000,1,0,-2139149684,1685,31,1685,31,0,34,0
103,1000,30.000000,60.000000,1,0,-2139149677,1686,30,1686,30,0,34,0
103,1000,30.000000,60.000000,1,0,-2139149670,1684,28,1684,28,0,34,0
103,1000,30.000000,60.000000,1,0,-2139149663,1681,26,1681,26,0,34,0
103,1000,30.000000,60.000000,1,0,-2139149656,1677,24,1677,24,0,34,0
103,1000,30.000000,60.000000,1,0,-2139149649,1675,24,1675,24,0,34,0
103,1000,30.000000,60.000000,1,0,-2139149642,1674,24,1674,24,0,34,0
103,1000,30.000000,60.000000,1,0,-2139149635,1674,23,1674,23,0,34,0
103,1000,30.000000,60.000000,1,0,-2139149629,1674,22,1674,22,0,34,0
103,1000,30.000000,60.000000,1,0,-2139149621,1674,21,1674,21,0,34,0
103,1000,30.000000,60.000000,1,0,-2139149615,1674,20,1674,20,0,34,0
103,1000,30.000000,60.000000,1,0,-2139149608,1675,20,1675,20,0,34,0
103,1000,30.000000,60.000000,1,0,-2139149600,1676,20,1676,20,0,34,0
103,1000,30.000000,60.000000,1,0,-2139149594,1676,19,1676,19,0,34,0
103,1000,30.000000,60.000000,1,0,-2139149587,1676,19,1676,19,0,34,0
103,1000,30.000000,60.000000,1,0,-2139149580,1676,19,1676,19,0,34,0
103,1000,30.000000,60.000000,1,0,-2139149573,1674,19,1674,19,0,34,0
103,1000,30.000000,60.000000,1,0,-2139149566,1670,19,1670,19,0,34,0
103,1000,30.000000,60.000000,1,0,-2139149559,1664,19,1664,19,0,34,0
103,1000,30.000000,60.000000,1,0,-2139149552,1654,19,1654,19,0,34,0
103,1000,30.000000,60.000000,1,0,-2139149545,1644,19,1644,19,0,34,0
103,1000,30.000000,60.000000,1,0,-2139149539,1629,19,1629,19,0,34,0
103,1000,30.000000,60.000000,1,0,-2139149531,1607,19,1607,19,0,34,0
103,1000,30.000000,60.000000,1,0,-2139149525,1586,19,1586,19,0,34,0
103,1000,30.000000,60.000000,1,0,-2139149518,1563,19,1563,19,0,34,0
103,1000,30.000000,60.000000,1,0,-2139149511,1540,19,1540,19,0,34,0
103,1000,30.000000,60.000000,1,0,-2139149503,1518,19,1518,19,0,34,0
103,1000,30.000000,60.000000,1,0,-2139149497,1499,19,1499,19,0,34,0
103,1000,30.000000,60.000000,1,0,-2139149490,1485,19,1485,19,0,34,0
103,1000,30.000000,60.000000,1,0,-2139149483,1473,19,1473,19,0,34,0
103,1000,30.000000,60.000000,1,0,-2139149476,1462,19,1462,19,0,34,0
103,1000,30.000000,60.000000,1,0,-2139149469,1453,19,1453,19,0,34,0
103,1000,30.000000,60.000000,1,0,-2139149462,1444,19,1444,19,0,34,0
103,1000,30.000000,60.000000,1,0,-2139149455,1438,19,1438,19,0,34,0
103,1000,30.000000,60.000000,1,0,-2139149440,1434,19,1434,19,0,34,0
103,1000,30.000000,60.000000,1,0,-2139149431,1431,19,1431,19,0,34,0
103,1000,30.000000,60.000000,1,0,-2139149423,1431,19,1431,19,0,34,0
103,1000,30.000000,60.000000,1,0,-2139149417,1431,19,1431,19,0,34,0
103,1000,30.000000,60.000000,1,0,-2139149410,1432,19,1432,19,0,34,0
103,1000,30.000000,60.000000,1,0,-2139149403,1433,19,1433,19,0,34,0
103,1000,30.000000,60.000000,1,0,-2139149396,1435,19,1435,19,0,34,0
103,1000,30.000000,60.000000,1,0,-2139149389,1436,19,1436,19,0,34,0
103,1000,30.000000,60.000000,1,0,-2139149381,1437,19,1437,19,0,34,0
103,1000,30.000000,60.000000,1,0,-2139149375,1438,19,1438,19,0,34,0
103,1000,30.000000,60.000000,1,0,-2139149368,1438,19,1438,19,0,34,0
103,1000,30.000000,60.000000,1,0,-2139149362,1439,19,1439,19,0,34,0
103,1000,30.000000,60.000000,1,0,-2139149355,1439,19,1439,19,0,34,0
103,1000,30.000000,60.000000,1,0,-2139149349,1439,19,1439,19,0,34,0
103,1000,30.000000,60.000000,1,0,-2139149343,1439,19,1439,19,0,34,0
103,1000,30.000000,60.000000,1,0,-2139149337,1439,19,1439,19,0,34,0
103,1000,30.000000,60.000000,1,0,-2139149331,1439,19,1439,19,0,34,0
103,1000,30.000000,60.000000,1,0,-2139149324,1439,19,1439,19,0,34,0
103,1000,30.000000,60.000000,1,0,-2139149316,1439,19,1439,19,0,34,0
103,1000,30.000000,60.000000,1,0,-2139149310,1439,19,1439,19,0,34,0
103,1000,30.000000,60.000000,1,0,-2139149303,1439,19,1439,19,0,34,0
103,1000,30.000000,60.000000,1,0,-2139149295,1439,19,1439,19,0,34,0
103,1000,30.000000,60.000000,1,0,-2139149288,1441,19,1441,19,0,34,0
103,1000,30.000000,60.000000,1,0,-2139149281,1445,18,1445,18,0,34,0
103,1000,30.000000,60.000000,1,0,-2139149273,1451,18,1451,18,0,34,0
103,1000,30.000000,60.000000,1,0,-2139149267,1457,17,1457,17,0,34,0
103,1000,30.000000,60.000000,1,0,-2139149260,1463,16,1463,16,0,34,0
103,1000,30.000000,60.000000,1,0,-2139149254,1467,15,1467,15,0,34,0
103,1000,30.000000,60.000000,1,0,-2139149247,1470,15,1470,15,0,34,0
103,1000,30.000000,60.000000,1,0,-2139149241,1473,15,1473,15,0,34,0
103,1000,30.000000,60.000000,1,0,-2139149233,1473,15,1473,15,0,34,0
103,1000,30.000000,60.000000,1,0,-2139149227,1473,15,1473,15,0,34,0
103,1000,30.000000,60.000000,1,0,-2139149220,1473,15,1473,15,0,34,0
103,1000,30.000000,60.000000,1,0,-2139149212,1473,15,1473,15,0,34,0
103,1000,30.000000,60.000000,1,0,-2139149206,1473,15,1473,15,0,34,0
103,1000,30.000000,60.000000,1,0,-2139149190,1473,15,1473,15,0,34,0
103,1000,30.000000,60.000000,1,0,-2139149181,1473,15,1473,15,0,34,0
103,1000,30.000000,60.000000,1,0,-2139149173,1473,16,1473,16,0,34,0
103,1000,30.000000,60.000000,1,0,-2139149167,1472,16,1472,16,0,34,0
103,1000,30.000000,60.000000,1,0,-2139149161,1472,16,1472,16,0,34,0
103,1000,30.000000,60.000000,1,0,-2139149154,1472,16,1472,16,0,34,0
103,1000,30.000000,60.000000,1,0,-2139149148,1472,16,1472,16,0,34,0
103,1000,30.000000,60.000000,1,0,-2139149142,1472,16,1472,16,0,34,0
103,1000,30.000000,60.000000,1,0,-2139149136,1472,16,1472,16,0,34,0
103,1000,30.000000,60.000000,1,0,-2139149129,1472,16,1472,16,0,34,0
103,1000,30.000000,60.000000,1,0,-2139149111,1471,16,1471,16,0,34,0
