103,500,30.000000,60.000000,1,3,-2138017754,709,17,709,17,0,154,4
103,500,30.000000,60.000000,1,3,-2138017752,709,17,709,17,0,154,4
103,500,30.000000,60.000000,1,3,-2138017746,709,17,709,17,0,154,4
103,500,30.000000,60.000000,1,3,-2138017730,709,17,709,17,0,154,4
103,500,30.000000,60.000000,1,3,-2138017721,710,17,710,17,0,154,4
103,500,30.000000,60.000000,1,3,-2138017713,712,16,712,16,0,154,4
103,500,30.000000,60.000000,1,3,-2138017707,718,16,718,16,0,154,4
103,500,30.000000,60.000000,1,3,-2138017700,726,16,726,16,0,154,4
103,500,30.000000,60.000000,1,3,-2138017694,733,16,733,16,0,154,4
103,500,30.000000,60.000000,1,3,-2138017687,742,16,742,16,0,154,4
103,500,30.000000,60.000000,1,3,-2138017681,761,19,761,19,0,154,4
103,500,30.000000,60.000000,1,3,-2138017674,777,22,777,22,0,154,4
103,500,30.000000,60.000000,1,3,-2138017667,804,26,804,26,0,154,4
103,500,30.000000,60.000000,1,3,-2138017661,832,32,832,32,0,154,4
103,500,30.000000,60.000000,1,3,-2138017653,854,36,854,36,0,154,4
103,500,30.000000,60.000000,1,3,-2138017646,890,43,890,43,0,154,4
103,500,30.000000,60.000000,1,3,-2138017638,935,51,935,51,0,154,4
103,500,30.000000,60.000000,1,3,-2138017631,985,59,985,59,0,154,4
103,500,30.000000,60.000000,1,3,-2138017623,1023,64,1023,64,0,154,4
103,500,30.000000,60.000000,1,3,-2138017616,1063,69,1063,69,0,154,4
103,500,30.000000,60.000000,1,3,-2138017610,1093,72,1093,72,0,154,4
103,500,30.000000,60.000000,1,3,-2138017602,1115,73,1115,73,0,154,4
103,500,30.000000,60.000000,1,3,-2138017596,1132,74,1132,74,0,154,4
103,500,30.000000,60.000000,1,3,-2138017590,1141,74,1141,74,0,154,4
103,500,30.000000,60.000000,1,3,-2138017584,1149,73,1149,73,0,154,4
103,500,30.000000,60.000000,1,3,-2138017577,1154,71,1154,71,0,154,4
103,500,30.000000,60.000000,1,3,-2138017571,1157,69,1157,69,0,154,4
103,500,30.000000,60.000000,1,3,-2138017565,1158,67,1158,67,0,154,4
103,500,30.000000,60.000000,1,3,-2138017558,1158,64,1158,64,0,154,4
103,500,30.000000,60.000000,1,3,-2138017551,1158,62,1158,62,0,154,4
103,500,30.000000,60.000000,1,3,-2138017545,1158,59,1158,59,0,154,4
103,500,30.000000,60.000000,1,3,-2138017537,1158,56,1158,56,0,154,4
103,500,30.000000,60.000000,1,3,-2138017531,1158,52,1158,52,0,154,4
103,500,30.000000,60.000000,1,3,-2138017524,1158,50,1158,50,0,154,4
103,500,30.000000,60.000000,1,3,-2138017517,1158,47,1158,47,0,154,4
103,500,30.000000,60.000000,1,3,-2138017510,1159,44,1159,44,0,154,4
103,500,30.000000,60.000000,1,3,-2138017502,1160,42,1160,42,0,154,4
103,500,30.000000,60.000000,1,3,-2138017495,1161,40,1161,40,0,154,4
103,500,30.000000,60.000000,1,3,-2138017480,1164,38,1164,38,0,154,4
103,500,30.000000,60.000000,1,3,-2138017471,1172,33,1172,33,0,154,4
103,500,30.000000,60.000000,1,3,-2138017463,1176,31,1176,31,0,154,4
103,500,30.000000,60.000000,1,3,-2138017456,1180,30,1180,30,0,154,4
103,500,30.000000,60.000000,1,3,-2138017450,1182,29,1182,29,0,154,4
103,500,30.000000,60.000000,1,3,-2138017443,1183,28,1183,28,0,154,4
103,500,30.000000,60.000000,1,3,-2138017437,1183,28,1183,28,0,154,4
103,500,30.000000,60.000000,1,3,-2138017431,1183,28,1183,28,0,154,4
103,500,30.000000,60.000000,1,3,-2138017425,1183,28,1183,28,0,154,4
103,500,30.000000,60.000000,1,3,-2138017418,1183,27,1183,27,0,154,4
103,500,30.000000,60.000000,1,3,-2138017412,1183,26,1183,26,0,154,4
103,500,30.000000,60.000000,1,3,-2138017405,1183,26,1183,26,0,154,4
103,500,30.000000,60.000000,1,3,-2138017399,1183,26,1183,26,0,154,4
103,500,30.000000,60.000000,1,3,-2138017391,1183,26,1183,26,0,154,4
103,500,30.000000,60.000000,1,3,-2138017384,1183,26,1183,26,0,154,4
103,500,30.000000,60.000000,1,3,-2138017378,1183,26,1183,26,0,154,4
103,500,30.000000,60.000000,1,3,-2138017371,1185,26,1185,26,0,154,4
103,500,30.000000,60.000000,1,3,-2138017364,1188,26,1188,26,0,154,4
103,500,30.000000,60.000000,1,3,-2138017356,1191,25,1191,25,0,154,4
103,500,30.000000,60.000000,1,3,-2138017349,1195,25,1195,25,0,154,4
103,500,30.000000,60.000000,1,3,-2138017342,1198,24,1198,24,0,154,4
103,500,30.000000,60.000000,1,3,-2138017336,1200,23,1200,23,0,154,4
103,500,30.000000,60.000000,1,3,-2138017329,1202,23,1202,23,0,154,4
103,500,30.000000,60.000000,1,3,-2138017321,1203,23,1203,23,0,154,4
103,500,30.000000,60.000000,1,3,-2138017314,1204,23,1204,23,0,154,4
103,500,30.000000,60.000000,1,3,-2138017308,1204,22,1204,22,0,154,4
103,500,30.000000,60.000000,1,3,-2138017301,1204,21,1204,21,0,154,4
103,500,30.000000,60.000000,1,3,-2138017295,1204,21,1204,21,0,154,4
103,500,30.000000,60.000000,1,3,-2138017288,1204,21,1204,21,0,154,4
103,500,30.000000,60.000000,1,3,-2138017281,1204,21,1204,21,0,154,4
103,500,30.000000,60.000000,1,3,-2138017274,1204,21,1204,21,0,154,4
103,500,30.000000,60.000000,1,3,-2138017267,1204,21,1204,21,0,154,4
103,500,30.000000,60.000000,1,3,-2138017260,1204,21,1204,21,0,154,4
103,500,30.000000,60.000000,1,3,-2138017253,1204,21,1204,21,0,154,4
103,500,30.000000,60.000000,1,3,-2138017245,1204,21,1204,21,0,154,4
103,500,30.000000,60.000000,1,3,-2138017228,1204,21,1204,21,0,154,4
