103,1000,30.000000,10000.000000,0,1,-2139019029,467,0,467,0,0,46,3
103,1000,30.000000,10000.000000,0,1,-2139019027,467,0,467,0,0,46,3
103,1000,30.000000,10000.000000,0,1,-2139019021,467,0,467,0,0,46,3
103,1000,30.000000,10000.000000,0,1,-2139019005,467,0,467,0,0,46,3
103,1000,30.000000,10000.000000,0,1,-2139018995,467,0,467,0,0,46,3
103,1000,30.000000,10000.000000,0,1,-2139018988,467,0,467,0,0,46,3
103,1000,30.000000,10000.000000,0,1,-2139018981,467,0,467,0,0,46,3
103,1000,30.000000,10000.000000,0,1,-2139018975,467,0,467,0,0,46,3
103,1000,30.000000,10000.000000,0,1,-2139018969,467,0,467,0,0,46,3
103,1000,30.000000,10000.000000,0,1,-2139018963,467,0,467,0,0,46,3
103,1000,30.000000,10000.000000,0,1,-2139018956,468,0,468,-1,0,46,3
103,1000,30.000000,10000.000000,0,1,-2139018950,470,0,470,-1,0,46,3
103,1000,30.000000,10000.000000,0,1,-2139018943,476,0,476,-3,0,46,3
103,1000,30.000000,10000.000000,0,1,-2139018936,486,0,486,-4,0,46,3
103,1000,30.000000,10000.000000,0,1,-2139018929,500,0,500,-5,0,46,3
103,1000,30.000000,10000.000000,0,1,-2139018921,523,0,523,-5,0,46,3
103,1000,30.000000,10000.000000,0,1,-2139018915,550,0,550,-5,0,46,3
103,1000,30.000000,10000.000000,0,1,-2139018907,596,0,596,-7,0,46,3
103,1000,30.000000,10000.000000,0,1,-2139018899,643,0,643,-7,0,46,3
103,1000,30.000000,10000.000000,0,1,-2139018892,690,0,690,-8,0,46,3
103,1000,30.000000,10000.000000,0,1,-2139018875,728,0,728,-9,0,46,3
103,1000,30.000000,10000.000000,0,1,-2139018866,871,0,871,-12,0,46,3
103,1000,30.000000,10000.000000,0,1,-2139018858,961,0,961,-14,0,46,3
103,1000,30.000000,10000.000000,0,1,-2139018852,1018,0,1018,-16,0,46,3
103,1000,30.000000,10000.000000,0,1,-2139018845,1069,0,1069,-17,0,46,3
103,1000,30.000000,10000.000000,0,1,-2139018839,1118,0,1118,-18,0,46,3
103,1000,30.000000,10000.000000,0,1,-2139018831,1157,0,1157,-19,0,46,3
103,1000,30.000000,10000.000000,0,1,-2139018825,1187,0,1187,-20,0,46,3
103,1000,30.000000,10000.000000,0,1,-2139018819,1224,0,1224,-21,0,46,3
103,1000,30.000000,10000.000000,0,1,-2139018812,1246,0,1246,-22,0,46,3
103,1000,30.000000,10000.000000,0,1,-2139018806,1279,0,1279,-22,0,46,3
103,1000,30.000000,10000.000000,0,1,-2139018799,1299,0,1299,-22,0,46,3
103,1000,30.000000,10000.000000,0,1,-2139018792,1313,0,1313,-22,0,46,3
103,1000,30.000000,10000.000000,0,1,-2139018785,1322,0,1322,-22,0,46,3
103,1000,30.000000,10000.000000,0,1,-2139018777,1327,0,1327,-22,0,46,3
103,1000,30.000000,10000.000000,0,1,-2139018771,1330,0,1330,-22,0,46,3
103,1000,30.000000,10000.000000,0,1,-2139018763,1332,0,1332,-22,0,46,3
103,1000,30.000000,10000.000000,0,1,-2139018757,1333,0,1333,-22,0,46,3
103,1000,30.000000,10000.000000,0,1,-2139018749,1334,0,1334,-22,0,46,3
103,1000,30.000000,10000.000000,0,1,-2139018744,1334,0,1334,-22,0,46,3
103,1000,30.000000,10000.000000,0,1,-2139018737,1334,0,1334,-22,0,46,3
103,1000,30.000000,10000.000000,0,1,-2139018730,1334,0,1334,-22,0,46,3
103,1000,30.000000,10000.000000,0,1,-2139018723,1334,0,1334,-22,0,46,3
103,1000,30.000000,10000.000000,0,1,-2139018716,1334,0,1334,-23,0,46,3
103,1000,30.000000,10000.000000,0,1,-2139018709,1334,0,1334,-24,0,46,3
103,1000,30.000000,10000.000000,0,1,-2139018701,1334,0,1334,-24,0,46,3
103,1000,30.000000,10000.000000,0,1,-2139018694,1336,0,1336,-24,0,46,3
103,1000,30.000000,10000.000000,0,1,-2139018687,1337,0,1337,-24,0,46,3
103,1000,30.000000,10000.000000,0,1,-2139018680,1339,0,1339,-26,0,46,3
103,1000,30.000000,10000.000000,0,1,-2139018673,1341,0,1341,-27,0,46,3
103,1000,30.000000,10000.000000,0,1,-2139018667,1343,0,1343,-28,0,46,3
103,1000,30.000000,10000.000000,0,1,-2139018660,1346,0,1346,-29,0,46,3
103,1000,30.000000,10000.000000,0,1,-2139018652,1347,0,1347,-31,0,46,3
103,1000,30.000000,10000.000000,0,1,-2139018645,1349,0,1349,-31,0,46,3
103,1000,30.000000,10000.000000,0,1,-2139018638,1351,0,1351,-31,0,46,3
103,1000,30.000000,10000.000000,0,1,-2139018632,1354,0,1354,-32,0,46,3
103,1000,30.000000,10000.000000,0,1,-2139018625,1358,0,1358,-33,0,46,3
103,1000,30.000000,10000.000000,0,1,-2139018618,1362,0,1362,-33,0,46,3
103,1000,30.000000,10000.000000,0,1,-2139018611,1368,0,1368,-34,0,46,3
103,1000,30.000000,10000.000000,0,1,-2139018604,1375,0,1375,-36,0,46,3
103,1000,30.000000,10000.000000,0,1,-2139018597,1382,0,1382,-37,0,46,3
103,1000,30.000000,10000.000000,0,1,-2139018590,1389,0,1389,-37,0,46,3
103,1000,30.000000,10000.000000,0,1,-2139018582,1396,0,1396,-39,0,46,3
103,1000,30.000000,10000.000000,0,1,-2139018576,1404,0,1404,-40,0,46,3
103,1000,30.000000,10000.000000,0,1,-2139018569,1411,0,1411,-40,0,46,3
103,1000,30.000000,10000.000000,0,1,-2139018563,1417,0,1417,-41,0,46,3
103,1000,30.000000,10000.000000,0,1,-2139018555,1426,0,1426,-42,0,46,3
103,1000,30.000000,10000.000000,0,1,-2139018549,1434,0,1434,-43,0,46,3
103,1000,30.000000,10000.000000,0,1,-2139018541,1442,0,1442,-44,0,46,3
103,1000,30.000000,10000.000000,0,1,-2139018535,1448,0,1448,-44,0,46,3
103,1000,30.000000,10000.000000,0,1,-2139018528,1451,0,1451,-44,0,46,3
103,1000,30.000000,10000.000000,0,1,-2139018520,1453,0,1453,-44,0,46,3
103,1000,30.000000,10000.000000,0,1,-2139018513,1455,0,1455,-44,0,46,3
103,1000,30.000000,10000.000000,0,1,-2139018507,1455,0,1455,-44,0,46,3
103,1000,30.000000,10000.000000,0,1,-2139018500,1455,0,1455,-44,0,46,3
103,1000,30.000000,10000.000000,0,1,-2139018494,1455,0,1455,-44,0,46,3
103,1000,30.000000,10000.000000,0,1,-2139018486,1455,0,1455,-44,0,46,3
103,1000,30.000000,10000.000000,0,1,-2139018479,1455,0,1455,-44,0,46,3
103,1000,30.000000,10000.000000,0,1,-2139018472,1455,0,1455,-44,0,46,3
103,1000,30.000000,10000.000000,0,1,-2139018465,1455,0,1455,-44,0,46,3
103,1000,30.000000,10000.000000,0,1,-2139018459,1455,0,1455,-44,0,46,3
103,1000,30.000000,10000.000000,0,1,-2139018452,1455,0,1455,-44,0,46,3
103,1000,30.000000,10000.000000,0,1,-2139018445,1455,0,1455,-44,0,46,3
103,1000,30.000000,10000.000000,0,1,-2139018438,1455,0,1455,-44,0,46,3
103,1000,30.000000,10000.000000,0,1,-2139018431,1455,0,1455,-44,0,46,3
103,1000,30.000000,10000.000000,0,1,-2139018415,1455,0,1455,-44,0,46,3
103,1000,30.000000,10000.000000,0,1,-2139018406,1455,0,1455,-44,0,46,3
103,1000,30.000000,10000.000000,0,1,-2139018398,1454,0,1454,-44,0,46,3
103,1000,30.000000,10000.000000,0,1,-2139018391,1453,0,1453,-44,0,46,3
103,1000,30.000000,10000.000000,0,1,-2139018385,1453,0,1453,-44,0,46,3
103,1000,30.000000,10000.000000,0,1,-2139018379,1453,0,1453,-44,0,46,3
103,1000,30.000000,10000.000000,0,1,-2139018373,1453,0,1453,-44,0,46,3
103,1000,30.000000,10000.000000,0,1,-2139018366,1452,0,1452,-44,0,46,3
103,1000,30.000000,10000.000000,0,1,-2139018349,1451,0,1451,-44,0,46,3
