103,1000,30.000000,60.000000,1,2,-2138449389,458,14,458,14,0,110,4
103,1000,30.000000,60.000000,1,2,-2138449387,458,14,458,14,0,110,4
103,1000,30.000000,60.000000,1,2,-2138449381,458,14,458,14,0,110,4
103,1000,30.000000,60.000000,1,2,-2138449374,458,14,458,14,0,110,4
103,1000,30.000000,60.000000,1,2,-2138449368,458,14,458,14,0,110,4
103,1000,30.000000,60.000000,1,2,-2138449361,458,14,458,14,0,110,4
103,1000,30.000000,60.000000,1,2,-2138449354,458,14,458,14,0,110,4
103,1000,30.000000,60.000000,1,2,-2138449347,458,14,458,14,0,110,4
103,1000,30.000000,60.000000,1,2,-2138449339,458,14,458,14,0,110,4
103,1000,30.000000,60.000000,1,2,-2138449333,458,14,458,14,0,110,4
103,1000,30.000000,60.000000,1,2,-2138449325,459,14,459,14,0,110,4
103,1000,30.000000,60.000000,1,2,-2138449319,459,14,459,14,0,110,4
103,1000,30.000000,60.000000,1,2,-2138449311,459,14,459,14,0,110,4
103,1000,30.000000,60.000000,1,2,-2138449304,461,14,461,14,0,110,4
103,1000,30.000000,60.000000,1,2,-2138449298,463,14,463,14,0,110,4
103,1000,30.000000,60.000000,1,2,-2138449291,466,15,466,15,0,110,4
103,1000,30.000000,60.000000,1,2,-2138449283,471,16,471,16,0,110,4
103,1000,30.000000,60.000000,1,2,-2138449276,481,17,481,17,0,110,4
103,1000,30.000000,60.000000,1,2,-2138449269,494,19,494,19,0,110,4
103,1000,30.000000,60.000000,1,2,-2138449262,517,22,517,22,0,110,4
103,1000,30.000000,60.000000,1,2,-2138449255,549,25,549,25,0,110,4
103,1000,30.000000,60.000000,1,2,-2138449248,594,28,594,28,0,110,4
103,1000,30.000000,60.000000,1,2,-2138449241,647,32,647,32,0,110,4
103,1000,30.000000,60.000000,1,2,-2138449235,700,36,700,36,0,110,4
103,1000,30.000000,60.000000,1,2,-2138449228,753,41,753,41,0,110,4
103,1000,30.000000,60.000000,1,2,-2138449222,812,45,812,45,0,110,4
103,1000,30.000000,60.000000,1,2,-2138449214,876,51,876,51,0,110,4
103,1000,30.000000,60.000000,1,2,-2138449207,935,55,935,55,0,110,4
103,1000,30.000000,60.000000,1,2,-2138449200,1005,59,1005,59,0,110,4
103,1000,30.000000,60.000000,1,2,-2138449194,1074,62,1074,62,0,110,4
103,1000,30.000000,60.000000,1,2,-2138449187,1133,65,1133,65,0,110,4
103,1000,30.000000,60.000000,1,2,-2138449180,1183,66,1183,66,0,110,4
103,1000,30.000000,60.000000,1,2,-2138449173,1245,67,1245,67,0,110,4
103,1000,30.000000,60.000000,1,2,-2138449166,1295,67,1295,67,0,110,4
103,1000,30.000000,60.000000,1,2,-2138449159,1340,67,1340,67,0,110,4
103,1000,30.000000,60.000000,1,2,-2138449153,1373,67,1373,67,0,110,4
103,1000,30.000000,60.000000,1,2,-2138449146,1404,67,1404,67,0,110,4
103,1000,30.000000,60.000000,1,2,-2138449139,1426,64,1426,64,0,110,4
103,1000,30.000000,60.000000,1,2,-2138449132,1438,62,1438,62,0,110,4
103,1000,30.000000,60.000000,1,2,-2138449125,1446,60,1446,60,0,110,4
103,1000,30.000000,60.000000,1,2,-2138449118,1448,59,1448,59,0,110,4
103,1000,30.000000,60.000000,1,2,-2138449110,1448,57,1448,57,0,110,4
103,1000,30.000000,60.000000,1,2,-2138449104,1447,55,1447,55,0,110,4
103,1000,30.000000,60.000000,1,2,-2138449097,1446,54,1446,54,0,110,4
103,1000,30.000000,60.000000,1,2,-2138449090,1445,52,1445,52,0,110,4
103,1000,30.000000,60.000000,1,2,-2138449083,1444,51,1444,51,0,110,4
103,1000,30.000000,60.000000,1,2,-2138449076,1444,49,1444,49,0,110,4
103,1000,30.000000,60.000000,1,2,-2138449068,1444,47,1444,47,0,110,4
103,1000,30.000000,60.000000,1,2,-2138449062,1444,46,1444,46,0,110,4
103,1000,30.000000,60.000000,1,2,-2138449055,1444,45,1444,45,0,110,4
103,1000,30.000000,60.000000,1,2,-2138449048,1444,43,1444,43,0,110,4
103,1000,30.000000,60.000000,1,2,-2138449041,1445,41,1445,41,0,110,4
103,1000,30.000000,60.000000,1,2,-2138449033,1446,40,1446,40,0,110,4
103,1000,30.000000,60.000000,1,2,-2138449027,1446,39,1446,39,0,110,4
103,1000,30.000000,60.000000,1,2,-2138449021,1447,38,1447,38,0,110,4
103,1000,30.000000,60.000000,1,2,-2138449013,1447,36,1447,36,0,110,4
103,1000,30.000000,60.000000,1,2,-2138449007,1447,34,1447,34,0,110,4
103,1000,30.000000,60.000000,1,2,-2138448999,1448,33,1448,33,0,110,4
103,1000,30.000000,60.000000,1,2,-2138448993,1448,32,1448,32,0,110,4
103,1000,30.000000,60.000000,1,2,-2138448986,1448,31,1448,31,0,110,4
103,1000,30.000000,60.000000,1,2,-2138448979,1448,30,1448,30,0,110,4
103,1000,30.000000,60.000000,1,2,-2138448972,1448,29,1448,29,0,110,4
103,1000,30.000000,60.000000,1,2,-2138448965,1447,28,1447,28,0,110,4
103,1000,30.000000,60.000000,1,2,-2138448958,1447,27,1447,27,0,110,4
103,1000,30.000000,60.000000,1,2,-2138448951,1447,26,1447,26,0,110,4
103,1000,30.000000,60.000000,1,2,-2138448944,1447,25,1447,25,0,110,4
103,1000,30.000000,60.000000,1,2,-2138448937,1448,25,1448,25,0,110,4
103,1000,30.000000,60.000000,1,2,-2138448929,1449,25,1449,25,0,110,4
103,1000,30.000000,60.000000,1,2,-2138448923,1451,24,1451,24,0,110,4
103,1000,30.000000,60.000000,1,2,-2138448916,1453,23,1453,23,0,110,4
103,1000,30.000000,60.000000,1,2,-2138448909,1456,22,1456,22,0,110,4
103,1000,30.000000,60.000000,1,2,-2138448903,1457,21,1457,21,0,110,4
103,1000,30.000000,60.000000,1,2,-2138448895,1459,20,1459,20,0,110,4
103,1000,30.000000,60.000000,1,2,-2138448889,1459,20,1459,20,0,110,4
103,1000,30.000000,60.000000,1,2,-2138448882,1460,20,1460,20,0,110,4
103,1000,30.000000,60.000000,1,2,-2138448875,1461,20,1461,20,0,110,4
103,1000,30.000000,60.000000,1,2,-2138448868,1461,20,1461,20,0,110,4
103,1000,30.000000,60.000000,1,2,-2138448860,1461,19,1461,19,0,110,4
103,1000,30.000000,60.000000,1,2,-2138448854,1461,18,1461,18,0,110,4
103,1000,30.000000,60.000000,1,2,-2138448836,1460,18,1460,18,0,110,4
