6,350,21.600000,12.276000,1,1,37185273,785,22,785,22,0,1,70
6,350,21.600000,12.276000,1,1,37185274,785,22,785,22,0,1,70
6,350,21.600000,12.276000,1,1,37185285,787,22,787,22,0,1,70
6,350,21.600000,12.276000,1,1,37185302,790,22,790,22,0,1,70
6,350,21.600000,12.276000,1,1,37185314,802,22,802,22,0,1,70
6,350,21.600000,12.276000,1,1,37185326,817,22,817,22,0,1,70
6,350,21.600000,12.276000,1,1,37185337,841,21,841,21,0,1,70
6,350,21.600000,12.276000,1,1,37185350,871,20,871,20,0,1,70
6,350,21.600000,12.276000,1,1,37185363,919,18,919,18,0,1,70
6,350,21.600000,12.276000,1,1,37185375,976,15,976,15,0,1,70
6,350,21.600000,12.276000,1,1,37185386,1028,13,1028,13,0,1,70
6,350,21.600000,12.276000,1,1,37185397,1067,11,1067,11,0,1,70
6,350,21.600000,12.276000,1,1,37185408,1094,9,1094,9,0,1,70
6,350,21.600000,12.276000,1,1,37185420,1111,7,1111,7,0,1,70
6,350,21.600000,12.276000,1,1,37185431,1118,5,1118,5,0,1,70
6,350,21.600000,12.276000,1,1,37185442,1119,5,1119,5,0,1,70
6,350,21.600000,12.276000,1,1,37185454,1120,5,1120,5,0,1,70
6,350,21.600000,12.276000,1,1,37185465,1120,5,1120,5,0,1,70
6,350,21.600000,12.276000,1,1,37185476,1120,5,1120,5,0,1,70
6,350,21.600000,12.276000,1,1,37185487,1120,5,1120,5,0,1,70
6,350,21.600000,12.276000,1,1,37185498,1120,5,1120,5,0,1,70
6,350,21.600000,12.276000,1,1,37185508,1120,5,1120,5,0,1,70
6,350,21.600000,12.276000,1,1,37185520,1120,5,1120,5,0,1,70
6,350,21.600000,12.276000,1,1,37185531,1121,5,1121,5,0,1,70
6,350,21.600000,12.276000,1,1,37185541,1122,5,1122,5,0,1,70
6,350,21.600000,12.276000,1,1,37185552,1123,5,1123,5,0,1,70
6,350,21.600000,12.276000,1,1,37185563,1123,5,1123,5,0,1,70
6,350,21.600000,12.276000,1,1,37185574,1123,5,1123,5,0,1,70
6,350,21.600000,12.276000,1,1,37185585,1123,5,1123,5,0,1,70
6,350,21.600000,12.276000,1,1,37185596,1123,5,1123,5,0,1,70
6,350,21.600000,12.276000,1,1,37185607,1123,5,1123,5,0,1,70
6,350,21.600000,12.276000,1,1,37185618,1124,5,1124,5,0,1,70
6,350,21.600000,12.276000,1,1,37185628,1126,4,1126,4,0,1,70
6,350,21.600000,12.276000,1,1,37185640,1127,4,1127,4,0,1,70
6,350,21.600000,12.276000,1,1,37185651,1128,4,1128,4,0,1,70
6,350,21.600000,12.276000,1,1,37185662,1128,4,1128,4,0,1,70
6,350,21.600000,12.276000,1,1,37185675,1128,4,1128,4,0,1,70
6,350,21.600000,12.276000,1,1,37185687,1128,4,1128,4,0,1,70
6,350,21.600000,12.276000,1,1,37185702,1128,4,1128,4,0,1,70
6,350,21.600000,12.276000,1,1,37185714,1128,4,1128,4,0,1,70
6,350,21.600000,12.276000,1,1,37185726,1129,4,1129,4,0,1,70
6,350,21.600000,12.276000,1,1,37185740,1132,4,1132,4,0,1,70
