6,700,82.800000,42.984000,0,0,37191421,610,0,610,0,0,1,75
6,700,82.800000,42.984000,0,0,37191422,610,0,610,0,0,1,75
6,700,82.800000,42.984000,0,0,37191433,612,0,612,0,0,1,75
6,700,82.800000,42.984000,0,0,37191445,617,1,617,1,0,1,75
6,700,82.800000,42.984000,0,0,37191456,630,1,630,1,0,1,75
6,700,82.800000,42.984000,0,0,37191468,652,1,652,1,0,1,75
6,700,82.800000,42.984000,0,0,37191480,691,1,691,1,0,1,75
6,700,82.800000,42.984000,0,0,37191492,746,4,746,4,0,1,75
6,700,82.800000,42.984000,0,0,37191503,808,8,808,8,0,1,75
6,700,82.800000,42.984000,0,0,37191516,877,11,877,11,0,1,75
6,700,82.800000,42.984000,0,0,37191528,964,13,964,13,0,1,75
6,700,82.800000,42.984000,0,0,37191538,1046,15,1046,15,0,1,75
6,700,82.800000,42.984000,0,0,37191550,1122,16,1122,16,0,1,75
6,700,82.800000,42.984000,0,0,37191561,1196,16,1196,16,0,1,75
6,700,82.800000,42.984000,0,0,37191573,1258,16,1258,16,0,1,75
6,700,82.800000,42.984000,0,0,37191584,1303,16,1303,16,0,1,75
6,700,82.800000,42.984000,0,0,37191596,1335,14,1335,14,0,1,75
6,700,82.800000,42.984000,0,0,37191607,1347,12,1347,12,0,1,75
6,700,82.800000,42.984000,0,0,37191619,1347,11,1347,11,0,1,75
6,700,82.800000,42.984000,0,0,37191629,1345,10,1345,10,0,1,75
6,700,82.800000,42.984000,0,0,37191640,1341,9,1341,9,0,1,75
6,700,82.800000,42.984000,0,0,37191652,1337,8,1337,8,0,1,75
6,700,82.800000,42.984000,0,0,37191662,1335,7,1335,7,0,1,75
6,700,82.800000,42.984000,0,0,37191673,1335,7,1335,7,0,1,75
6,700,82.800000,42.984000,0,0,37191685,1335,7,1335,7,0,1,75
6,700,82.800000,42.984000,0,0,37191696,1335,7,1335,7,0,1,75
6,700,82.800000,42.984000,0,0,37191709,1335,7,1335,7,0,1,75
6,700,82.800000,42.984000,0,0,37191719,1333,7,1333,7,0,1,75
6,700,82.800000,42.984000,0,0,37191733,1329,7,1329,7,0,1,75
6,700,82.800000,42.984000,0,0,37191746,1325,6,1325,6,0,1,75
6,700,82.800000,42.984000,0,0,37191758,1324,6,1324,6,0,1,75
6,700,82.800000,42.984000,0,0,37191770,1323,6,1323,6,0,1,75
6,700,82.800000,42.984000,0,0,37191782,1323,6,1323,6,0,1,75
6,700,82.800000,42.984000,0,0,37191794,1323,6,1323,6,0,1,75
6,700,82.800000,42.984000,0,0,37191807,1323,6,1323,6,0,1,75
6,700,82.800000,42.984000,0,0,37191819,1323,6,1323,6,0,1,75
6,700,82.800000,42.984000,0,0,37191833,1323,6,1323,6,0,1,75
6,700,82.800000,42.984000,0,0,37191845,1322,6,1322,6,0,1,75
