6,350,50.400000,42.984000,0,1,37251391,785,22,785,22,0,2,1
6,350,50.400000,42.984000,0,1,37251393,785,22,785,22,0,2,1
6,350,50.400000,42.984000,0,1,37251405,790,22,790,22,0,2,1
6,350,50.400000,42.984000,0,1,37251416,800,22,800,22,0,2,1
6,350,50.400000,42.984000,0,1,37251430,816,22,816,22,0,2,1
6,350,50.400000,42.984000,0,1,37251442,843,21,843,21,0,2,1
6,350,50.400000,42.984000,0,1,37251453,881,19,881,19,0,2,1
6,350,50.400000,42.984000,0,1,37251469,922,17,922,17,0,2,1
6,350,50.400000,42.984000,0,1,37251482,973,14,973,14,0,2,1
6,350,50.400000,42.984000,0,1,37251496,1007,11,1007,11,0,2,1
6,350,50.400000,42.984000,0,1,37251508,1038,8,1038,8,0,2,1
6,350,50.400000,42.984000,0,1,37251524,1057,6,1057,6,0,2,1
6,350,50.400000,42.984000,0,1,37251535,1075,3,1075,3,0,2,1
6,350,50.400000,42.984000,0,1,37251550,1086,1,1086,1,0,2,1
6,350,50.400000,42.984000,0,1,37251565,1095,0,1095,0,0,2,1
6,350,50.400000,42.984000,0,1,37251576,1105,0,1105,-1,0,2,1
6,350,50.400000,42.984000,0,1,37251587,1109,0,1109,-1,0,2,1
6,350,50.400000,42.984000,0,1,37251600,1111,0,1111,-1,0,2,1
6,350,50.400000,42.984000,0,1,37251612,1111,0,1111,-1,0,2,1
6,350,50.400000,42.984000,0,1,37251622,1111,0,1111,-1,0,2,1
6,350,50.400000,42.984000,0,1,37251633,1111,0,1111,-1,0,2,1
6,350,50.400000,42.984000,0,1,37251644,1111,0,1111,-1,0,2,1
6,350,50.400000,42.984000,0,1,37251654,1110,0,1110,-1,0,2,1
6,350,50.400000,42.984000,0,1,37251666,1109,0,1109,-1,0,2,1
6,350,50.400000,42.984000,0,1,37251676,1108,1,1108,0,0,2,1
6,350,50.400000,42.984000,0,1,37251687,1107,2,1107,1,0,2,1
6,350,50.400000,42.984000,0,1,37251699,1107,2,1107,1,0,2,1
6,350,50.400000,42.984000,0,1,37251711,1107,2,1107,1,0,2,1
6,350,50.400000,42.984000,0,1,37251721,1107,2,1107,1,0,2,1
6,350,50.400000,42.984000,0,1,37251733,1107,2,1107,1,0,2,1
6,350,50.400000,42.984000,0,1,37251744,1107,2,1107,1,0,2,1
6,350,50.400000,42.984000,0,1,37251754,1108,2,1108,1,0,2,1
6,350,50.400000,42.984000,0,1,37251766,1109,2,1109,1,0,2,1
6,350,50.400000,42.984000,0,1,37251777,1110,2,1110,1,0,2,1
6,350,50.400000,42.984000,0,1,37251789,1111,2,1111,1,0,2,1
6,350,50.400000,42.984000,0,1,37251799,1111,2,1111,1,0,2,1
6,350,50.400000,42.984000,0,1,37251811,1111,2,1111,1,0,2,1
6,350,50.400000,42.984000,0,1,37251823,1113,2,1113,1,0,2,1
6,350,50.400000,42.984000,0,1,37251839,1119,2,1119,1,0,2,1
6,350,50.400000,42.984000,0,1,37251851,1130,1,1130,0,0,2,1
6,350,50.400000,42.984000,0,1,37251862,1136,1,1136,0,0,2,1
6,350,50.400000,42.984000,0,1,37251873,1138,0,1138,-1,0,2,1
6,350,50.400000,42.984000,0,1,37251885,1138,0,1138,-1,0,2,1
6,350,50.400000,42.984000,0,1,37251895,1138,0,1138,-1,0,2,1
