6,700,21.600000,12.276000,0,0,37268805,610,0,610,0,0,2,15
6,700,21.600000,12.276000,0,0,37268806,610,0,610,0,0,2,15
6,700,21.600000,12.276000,0,0,37268817,610,0,610,0,0,2,15
6,700,21.600000,12.276000,0,0,37268827,611,0,611,0,0,2,15
6,700,21.600000,12.276000,0,0,37268839,612,0,612,0,0,2,15
6,700,21.600000,12.276000,0,0,37268851,615,0,615,0,0,2,15
6,700,21.600000,12.276000,0,0,37268863,619,0,619,0,0,2,15
6,700,21.600000,12.276000,0,0,37268875,633,0,633,-1,0,2,15
6,700,21.600000,12.276000,0,0,37268888,654,0,654,-2,0,2,15
6,700,21.600000,12.276000,0,0,37268901,700,0,700,-2,0,2,15
6,700,21.600000,12.276000,0,0,37268934,761,0,761,-2,0,2,15
6,700,21.600000,12.276000,0,0,37268945,995,0,995,-5,0,2,15
6,700,21.600000,12.276000,0,0,37268959,1082,0,1082,-7,0,2,15
6,700,21.600000,12.276000,0,0,37268972,1189,0,1189,-10,0,2,15
6,700,21.600000,12.276000,0,0,37268984,1271,0,1271,-15,0,2,15
6,700,21.600000,12.276000,0,0,37268996,1323,0,1323,-19,0,2,15
6,700,21.600000,12.276000,0,0,37269010,1352,0,1352,-22,0,2,15
6,700,21.600000,12.276000,0,0,37269022,1364,0,1364,-24,0,2,15
6,700,21.600000,12.276000,0,0,37269033,1364,0,1364,-25,0,2,15
6,700,21.600000,12.276000,0,0,37269045,1360,0,1360,-26,0,2,15
6,700,21.600000,12.276000,0,0,37269056,1356,0,1356,-26,0,2,15
6,700,21.600000,12.276000,0,0,37269067,1353,0,1353,-27,0,2,15
6,700,21.600000,12.276000,0,0,37269082,1352,0,1352,-27,0,2,15
6,700,21.600000,12.276000,0,0,37269092,1352,0,1352,-27,0,2,15
6,700,21.600000,12.276000,0,0,37269104,1352,0,1352,-27,0,2,15
6,700,21.600000,12.276000,0,0,37269115,1352,0,1352,-27,0,2,15
6,700,21.600000,12.276000,0,0,37269126,1352,0,1352,-27,0,2,15
6,700,21.600000,12.276000,0,0,37269138,1352,0,1352,-27,0,2,15
6,700,21.600000,12.276000,0,0,37269150,1352,0,1352,-27,0,2,15
6,700,21.600000,12.276000,0,0,37269162,1351,0,1351,-27,0,2,15
6,700,21.600000,12.276000,0,0,37269172,1351,0,1351,-27,0,2,15
6,700,21.600000,12.276000,0,0,37269183,1349,0,1349,-27,0,2,15
6,700,21.600000,12.276000,0,0,37269195,1346,0,1346,-27,0,2,15
6,700,21.600000,12.276000,0,0,37269206,1344,0,1344,-27,0,2,15
6,700,21.600000,12.276000,0,0,37269216,1343,0,1343,-27,0,2,15
6,700,21.600000,12.276000,0,0,37269227,1341,0,1341,-27,0,2,15
6,700,21.600000,12.276000,0,0,37269238,1336,0,1336,-27,0,2,15
6,700,21.600000,12.276000,0,0,37269251,1329,1,1329,-26,0,2,15
6,700,21.600000,12.276000,0,0,37269262,1322,2,1322,-25,0,2,15
6,700,21.600000,12.276000,0,0,37269274,1320,2,1320,-25,0,2,15
6,700,21.600000,12.276000,0,0,37269284,1320,2,1320,-25,0,2,15
6,700,21.600000,12.276000,0,0,37269296,1320,2,1320,-25,0,2,15
6,700,21.600000,12.276000,0,0,37269307,1320,2,1320,-25,0,2,15
6,700,21.600000,12.276000,0,0,37269318,1320,2,1320,-25,0,2,15
6,700,21.600000,12.276000,0,0,37269330,1320,2,1320,-25,0,2,15
6,700,21.600000,12.276000,0,0,37269341,1320,2,1320,-25,0,2,15
6,700,21.600000,12.276000,0,0,37269352,1320,2,1320,-25,0,2,15
6,700,21.600000,12.276000,0,0,37269364,1320,2,1320,-25,0,2,15
6,700,21.600000,12.276000,0,0,37269375,1320,2,1320,-25,0,2,15
6,700,21.600000,12.276000,0,0,37269386,1320,2,1320,-25,0,2,15
6,700,21.600000,12.276000,0,0,37269397,1320,2,1320,-25,0,2,15
6,700,21.600000,12.276000,0,0,37269408,1320,2,1320,-25,0,2,15
6,700,21.600000,12.276000,0,0,37269419,1319,2,1319,-25,0,2,15
6,700,21.600000,12.276000,0,0,37269429,1318,2,1318,-25,0,2,15
6,700,21.600000,12.276000,0,0,37269442,1318,2,1318,-25,0,2,15
6,700,21.600000,12.276000,0,0,37269455,1318,2,1318,-25,0,2,15
6,700,21.600000,12.276000,0,0,37269465,1318,2,1318,-25,0,2,15
