6,350,50.400000,0.000000,0,0,37610381,785,0,785,0,0,4,49
6,350,50.400000,0.000000,0,0,37610382,785,0,785,0,0,4,49
6,350,50.400000,0.000000,0,0,37610393,785,0,785,0,0,4,49
6,350,50.400000,0.000000,0,0,37610409,787,0,787,0,0,4,49
6,350,50.400000,0.000000,0,0,37610421,794,0,794,0,0,4,49
6,350,50.400000,0.000000,0,0,37610433,809,0,809,0,0,4,49
6,350,50.400000,0.000000,0,0,37610445,836,0,836,0,0,4,49
6,350,50.400000,0.000000,0,0,37610456,873,1,873,1,0,4,49
6,350,50.400000,0.000000,0,0,37610478,918,1,918,1,0,4,49
6,350,50.400000,0.000000,0,0,37610490,1013,2,1013,2,0,4,49
6,350,50.400000,0.000000,0,0,37610503,1067,2,1067,2,0,4,49
6,350,50.400000,0.000000,0,0,37610515,1110,2,1110,2,0,4,49
6,350,50.400000,0.000000,0,0,37610527,1136,3,1136,3,0,4,49
6,350,50.400000,0.000000,0,0,37610540,1146,4,1146,4,0,4,49
6,350,50.400000,0.000000,0,0,37610550,1147,4,1147,4,0,4,49
6,350,50.400000,0.000000,0,0,37610561,1145,4,1145,4,0,4,49
6,350,50.400000,0.000000,0,0,37610572,1143,3,1143,3,0,4,49
6,350,50.400000,0.000000,0,0,37610583,1142,3,1142,3,0,4,49
6,350,50.400000,0.000000,0,0,37610595,1141,3,1141,3,0,4,49
6,350,50.400000,0.000000,0,0,37610606,1141,3,1141,3,0,4,49
6,350,50.400000,0.000000,0,0,37610617,1141,2,1141,2,0,4,49
6,350,50.400000,0.000000,0,0,37610627,1141,1,1141,1,0,4,49
6,350,50.400000,0.000000,0,0,37610640,1141,1,1141,1,0,4,49
6,350,50.400000,0.000000,0,0,37610654,1140,1,1140,1,0,4,49
6,350,50.400000,0.000000,0,0,37610666,1135,1,1135,1,0,4,49
6,350,50.400000,0.000000,0,0,37610677,1130,1,1130,1,0,4,49
6,350,50.400000,0.000000,0,0,37610688,1128,1,1128,1,0,4,49
6,350,50.400000,0.000000,0,0,37610700,1128,1,1128,1,0,4,49
6,350,50.400000,0.000000,0,0,37610711,1128,1,1128,1,0,4,49
6,350,50.400000,0.000000,0,0,37610723,1129,0,1129,0,0,4,49
6,350,50.400000,0.000000,0,0,37610735,1131,0,1131,0,0,4,49
6,350,50.400000,0.000000,0,0,37610746,1133,0,1133,0,0,4,49
6,350,50.400000,0.000000,0,0,37610757,1134,0,1134,-1,0,4,49
6,350,50.400000,0.000000,0,0,37610769,1134,0,1134,-1,0,4,49
6,350,50.400000,0.000000,0,0,37610780,1134,0,1134,-1,0,4,49
