6,350,82.800000,10000.000000,1,0,37778803,785,0,785,0,0,5,67
6,350,82.800000,10000.000000,1,0,37778804,785,0,785,0,0,5,67
6,350,82.800000,10000.000000,1,0,37778815,788,0,788,0,0,5,67
6,350,82.800000,10000.000000,1,0,37778827,797,1,797,1,0,5,67
6,350,82.800000,10000.000000,1,0,37778842,813,1,813,1,0,5,67
6,350,82.800000,10000.000000,1,0,37778854,846,1,846,1,0,5,67
6,350,82.800000,10000.000000,1,0,37778866,883,1,883,1,0,5,67
6,350,82.800000,10000.000000,1,0,37778881,927,1,927,1,0,5,67
6,350,82.800000,10000.000000,1,0,37778895,984,1,984,1,0,5,67
6,350,82.800000,10000.000000,1,0,37778907,1033,0,1033,-1,0,5,67
6,350,82.800000,10000.000000,1,0,37778920,1075,0,1075,-4,0,5,67
6,350,82.800000,10000.000000,1,0,37778933,1106,0,1106,-7,0,5,67
6,350,82.800000,10000.000000,1,0,37778946,1123,0,1123,-9,0,5,67
6,350,82.800000,10000.000000,1,0,37778956,1130,0,1130,-10,0,5,67
6,350,82.800000,10000.000000,1,0,37778967,1130,0,1130,-10,0,5,67
6,350,82.800000,10000.000000,1,0,37778979,1128,0,1128,-11,0,5,67
6,350,82.800000,10000.000000,1,0,37778991,1125,0,1125,-11,0,5,67
6,350,82.800000,10000.000000,1,0,37779001,1123,0,1123,-11,0,5,67
6,350,82.800000,10000.000000,1,0,37779011,1121,0,1121,-11,0,5,67
6,350,82.800000,10000.000000,1,0,37779022,1121,0,1121,-11,0,5,67
6,350,82.800000,10000.000000,1,0,37779033,1121,0,1121,-11,0,5,67
6,350,82.800000,10000.000000,1,0,37779045,1121,0,1121,-11,0,5,67
6,350,82.800000,10000.000000,1,0,37779059,1121,0,1121,-11,0,5,67
6,350,82.800000,10000.000000,1,0,37779070,1121,0,1121,-11,0,5,67
6,350,82.800000,10000.000000,1,0,37779080,1121,0,1121,-11,0,5,67
6,350,82.800000,10000.000000,1,0,37779093,1121,0,1121,-11,0,5,67
6,350,82.800000,10000.000000,1,0,37779104,1121,0,1121,-11,0,5,67
6,350,82.800000,10000.000000,1,0,37779114,1121,0,1121,-11,0,5,67
6,350,82.800000,10000.000000,1,0,37779124,1121,0,1121,-11,0,5,67
6,350,82.800000,10000.000000,1,0,37779135,1121,0,1121,-11,0,5,67
6,350,82.800000,10000.000000,1,0,37779146,1121,0,1121,-11,0,5,67
