6,350,21.600000,12.276000,0,1,37744826,785,22,785,22,0,5,40
6,350,21.600000,12.276000,0,1,37744827,785,22,785,22,0,5,40
6,350,21.600000,12.276000,0,1,37744838,798,23,798,23,0,5,40
6,350,21.600000,12.276000,0,1,37744850,815,23,815,23,0,5,40
6,350,21.600000,12.276000,0,1,37744863,838,24,838,24,0,5,40
6,350,21.600000,12.276000,0,1,37744875,867,25,867,25,0,5,40
6,350,21.600000,12.276000,0,1,37744887,897,26,897,26,0,5,40
6,350,21.600000,12.276000,0,1,37744899,927,27,927,27,0,5,40
6,350,21.600000,12.276000,0,1,37744912,958,27,958,27,0,5,40
6,350,21.600000,12.276000,0,1,37744923,992,27,992,27,0,5,40
6,350,21.600000,12.276000,0,1,37744935,1023,25,1023,25,0,5,40
6,350,21.600000,12.276000,0,1,37744947,1054,21,1054,21,0,5,40
6,350,21.600000,12.276000,0,1,37744960,1083,17,1083,17,0,5,40
6,350,21.600000,12.276000,0,1,37744971,1106,14,1106,14,0,5,40
6,350,21.600000,12.276000,0,1,37744982,1120,13,1120,13,0,5,40
6,350,21.600000,12.276000,0,1,37744994,1126,12,1126,12,0,5,40
6,350,21.600000,12.276000,0,1,37745005,1128,12,1128,12,0,5,40
6,350,21.600000,12.276000,0,1,37745016,1130,12,1130,12,0,5,40
6,350,21.600000,12.276000,0,1,37745027,1130,12,1130,12,0,5,40
6,350,21.600000,12.276000,0,1,37745038,1130,12,1130,12,0,5,40
6,350,21.600000,12.276000,0,1,37745049,1130,12,1130,12,0,5,40
6,350,21.600000,12.276000,0,1,37745059,1130,12,1130,12,0,5,40
6,350,21.600000,12.276000,0,1,37745069,1130,12,1130,12,0,5,40
6,350,21.600000,12.276000,0,1,37745080,1130,12,1130,12,0,5,40
6,350,21.600000,12.276000,0,1,37745092,1130,12,1130,12,0,5,40
6,350,21.600000,12.276000,0,1,37745104,1129,12,1129,12,0,5,40
6,350,21.600000,12.276000,0,1,37745115,1128,12,1128,12,0,5,40
6,350,21.600000,12.276000,0,1,37745126,1128,12,1128,12,0,5,40
6,350,21.600000,12.276000,0,1,37745136,1128,11,1128,11,0,5,40
6,350,21.600000,12.276000,0,1,37745148,1128,10,1128,10,0,5,40
6,350,21.600000,12.276000,0,1,37745160,1128,10,1128,10,0,5,40
6,350,21.600000,12.276000,0,1,37745172,1129,10,1129,10,0,5,40
6,350,21.600000,12.276000,0,1,37745184,1132,10,1132,10,0,5,40
6,350,21.600000,12.276000,0,1,37745195,1134,9,1134,9,0,5,40
6,350,21.600000,12.276000,0,1,37745207,1134,9,1134,9,0,5,40
6,350,21.600000,12.276000,0,1,37745219,1134,9,1134,9,0,5,40
6,350,21.600000,12.276000,0,1,37745232,1132,9,1132,9,0,5,40
6,350,21.600000,12.276000,0,1,37745244,1130,9,1130,9,0,5,40
6,350,21.600000,12.276000,0,1,37745255,1129,9,1129,9,0,5,40
6,350,21.600000,12.276000,0,1,37745270,1128,9,1128,9,0,5,40
