6,700,82.800000,0.000000,0,0,37705567,610,0,610,0,0,5,8
6,700,82.800000,0.000000,0,0,37705568,610,0,610,0,0,5,8
6,700,82.800000,0.000000,0,0,37705580,613,0,613,0,0,5,8
6,700,82.800000,0.000000,0,0,37705592,619,0,619,0,0,5,8
6,700,82.800000,0.000000,0,0,37705616,632,0,632,0,0,5,8
6,700,82.800000,0.000000,0,0,37705640,700,2,700,2,0,5,8
6,700,82.800000,0.000000,0,0,37705652,814,10,814,10,0,5,8
6,700,82.800000,0.000000,0,0,37705678,889,13,889,13,0,5,8
6,700,82.800000,0.000000,0,0,37705695,1076,14,1076,14,0,5,8
6,700,82.800000,0.000000,0,0,37705713,1186,10,1186,10,0,5,8
6,700,82.800000,0.000000,0,0,37705725,1253,5,1253,5,0,5,8
6,700,82.800000,0.000000,0,0,37705737,1274,1,1274,1,0,5,8
6,700,82.800000,0.000000,0,0,37705750,1278,0,1278,-2,0,5,8
6,700,82.800000,0.000000,0,0,37705762,1276,0,1276,-4,0,5,8
6,700,82.800000,0.000000,0,0,37705774,1274,0,1274,-5,0,5,8
6,700,82.800000,0.000000,0,0,37705786,1273,0,1273,-5,0,5,8
6,700,82.800000,0.000000,0,0,37705796,1273,0,1273,-5,0,5,8
6,700,82.800000,0.000000,0,0,37705807,1273,0,1273,-5,0,5,8
6,700,82.800000,0.000000,0,0,37705817,1274,0,1274,-5,0,5,8
6,700,82.800000,0.000000,0,0,37705827,1275,0,1275,-5,0,5,8
6,700,82.800000,0.000000,0,0,37705838,1276,0,1276,-5,0,5,8
6,700,82.800000,0.000000,0,0,37705848,1277,0,1277,-5,0,5,8
6,700,82.800000,0.000000,0,0,37705859,1278,0,1278,-5,0,5,8
6,700,82.800000,0.000000,0,0,37705871,1278,0,1278,-5,0,5,8
6,700,82.800000,0.000000,0,0,37705881,1278,0,1278,-5,0,5,8
6,700,82.800000,0.000000,0,0,37705891,1278,0,1278,-5,0,5,8
6,700,82.800000,0.000000,0,0,37705902,1278,0,1278,-5,0,5,8
6,700,82.800000,0.000000,0,0,37705914,1278,0,1278,-5,0,5,8
6,700,82.800000,0.000000,0,0,37705924,1280,0,1280,-5,0,5,8
6,700,82.800000,0.000000,0,0,37705936,1282,0,1282,-5,0,5,8
6,700,82.800000,0.000000,0,0,37705947,1285,0,1285,-6,0,5,8
6,700,82.800000,0.000000,0,0,37705959,1288,0,1288,-6,0,5,8
6,700,82.800000,0.000000,0,0,37705970,1292,0,1292,-7,0,5,8
6,700,82.800000,0.000000,0,0,37705983,1294,0,1294,-7,0,5,8
6,700,82.800000,0.000000,0,0,37705994,1296,0,1296,-7,0,5,8
6,700,82.800000,0.000000,0,0,37706006,1296,0,1296,-7,0,5,8
6,700,82.800000,0.000000,0,0,37706016,1296,0,1296,-7,0,5,8
