6,350,50.400000,12.276000,1,1,37798215,785,22,785,22,0,5,83
6,350,50.400000,12.276000,1,1,37798216,785,22,785,22,0,5,83
6,350,50.400000,12.276000,1,1,37798228,797,24,797,24,0,5,83
6,350,50.400000,12.276000,1,1,37798241,811,27,811,27,0,5,83
6,350,50.400000,12.276000,1,1,37798254,833,29,833,29,0,5,83
6,350,50.400000,12.276000,1,1,37798265,865,30,865,30,0,5,83
6,350,50.400000,12.276000,1,1,37798278,905,31,905,31,0,5,83
6,350,50.400000,12.276000,1,1,37798289,942,32,942,32,0,5,83
6,350,50.400000,12.276000,1,1,37798303,975,32,975,32,0,5,83
6,350,50.400000,12.276000,1,1,37798316,1016,29,1016,29,0,5,83
6,350,50.400000,12.276000,1,1,37798337,1045,24,1045,24,0,5,83
6,350,50.400000,12.276000,1,1,37798349,1086,13,1086,13,0,5,83
6,350,50.400000,12.276000,1,1,37798361,1100,9,1100,9,0,5,83
6,350,50.400000,12.276000,1,1,37798373,1113,4,1113,4,0,5,83
6,350,50.400000,12.276000,1,1,37798385,1121,1,1121,1,0,5,83
6,350,50.400000,12.276000,1,1,37798397,1125,0,1125,-1,0,5,83
6,350,50.400000,12.276000,1,1,37798409,1127,0,1127,-2,0,5,83
6,350,50.400000,12.276000,1,1,37798420,1128,0,1128,-2,0,5,83
6,350,50.400000,12.276000,1,1,37798430,1128,0,1128,-2,0,5,83
6,350,50.400000,12.276000,1,1,37798441,1128,0,1128,-2,0,5,83
6,350,50.400000,12.276000,1,1,37798453,1128,0,1128,-2,0,5,83
6,350,50.400000,12.276000,1,1,37798464,1128,0,1128,-2,0,5,83
6,350,50.400000,12.276000,1,1,37798476,1127,0,1127,-2,0,5,83
6,350,50.400000,12.276000,1,1,37798487,1126,0,1126,-2,0,5,83
6,350,50.400000,12.276000,1,1,37798499,1126,0,1126,-3,0,5,83
6,350,50.400000,12.276000,1,1,37798509,1126,0,1126,-3,0,5,83
6,350,50.400000,12.276000,1,1,37798520,1126,0,1126,-3,0,5,83
6,350,50.400000,12.276000,1,1,37798532,1126,0,1126,-3,0,5,83
6,350,50.400000,12.276000,1,1,37798543,1126,0,1126,-3,0,5,83
6,350,50.400000,12.276000,1,1,37798554,1126,0,1126,-3,0,5,83
6,350,50.400000,12.276000,1,1,37798571,1126,0,1126,-3,0,5,83
6,350,50.400000,12.276000,1,1,37798585,1126,0,1126,-3,0,5,83
