6,350,82.800000,22.608000,0,0,37828978,785,0,785,0,0,5,110
6,350,82.800000,22.608000,0,0,37828978,785,0,785,0,0,5,110
6,350,82.800000,22.608000,0,0,37828990,785,0,785,0,0,5,110
6,350,82.800000,22.608000,0,0,37829001,785,0,785,0,0,5,110
6,350,82.800000,22.608000,0,0,37829013,787,0,787,0,0,5,110
6,350,82.800000,22.608000,0,0,37829025,792,0,792,0,0,5,110
6,350,82.800000,22.608000,0,0,37829037,802,0,802,-1,0,5,110
6,350,82.800000,22.608000,0,0,37829059,822,0,822,-2,0,5,110
6,350,82.800000,22.608000,0,0,37829083,887,0,887,-3,0,5,110
6,350,82.800000,22.608000,0,0,37829099,992,0,992,-5,0,5,110
6,350,82.800000,22.608000,0,0,37829131,1065,0,1065,-8,0,5,110
6,350,82.800000,22.608000,0,0,37829143,1169,0,1169,-17,0,5,110
6,350,82.800000,22.608000,0,0,37829155,1181,0,1181,-19,0,5,110
6,350,82.800000,22.608000,0,0,37829166,1182,0,1182,-20,0,5,110
6,350,82.800000,22.608000,0,0,37829177,1181,0,1181,-21,0,5,110
6,350,82.800000,22.608000,0,0,37829187,1179,0,1179,-21,0,5,110
6,350,82.800000,22.608000,0,0,37829200,1178,0,1178,-21,0,5,110
6,350,82.800000,22.608000,0,0,37829211,1177,0,1177,-21,0,5,110
6,350,82.800000,22.608000,0,0,37829222,1177,0,1177,-21,0,5,110
6,350,82.800000,22.608000,0,0,37829234,1177,0,1177,-21,0,5,110
6,350,82.800000,22.608000,0,0,37829245,1177,0,1177,-22,0,5,110
6,350,82.800000,22.608000,0,0,37829256,1177,0,1177,-23,0,5,110
6,350,82.800000,22.608000,0,0,37829266,1177,0,1177,-23,0,5,110
6,350,82.800000,22.608000,0,0,37829279,1177,0,1177,-23,0,5,110
6,350,82.800000,22.608000,0,0,37829289,1177,0,1177,-23,0,5,110
6,350,82.800000,22.608000,0,0,37829301,1177,0,1177,-23,0,5,110
6,350,82.800000,22.608000,0,0,37829313,1177,0,1177,-23,0,5,110
6,350,82.800000,22.608000,0,0,37829325,1176,0,1176,-23,0,5,110
6,350,82.800000,22.608000,0,0,37829335,1176,0,1176,-23,0,5,110
6,350,82.800000,22.608000,0,0,37829347,1175,0,1175,-23,0,5,110
6,350,82.800000,22.608000,0,0,37829358,1174,0,1174,-23,0,5,110
6,350,82.800000,22.608000,0,0,37829370,1174,0,1174,-23,0,5,110
6,350,82.800000,22.608000,0,0,37829382,1174,0,1174,-23,0,5,110
6,350,82.800000,22.608000,0,0,37829393,1173,0,1173,-23,0,5,110
