6,700,50.400000,22.608000,0,1,37985879,610,22,610,22,0,6,106
6,700,50.400000,22.608000,0,1,37985880,610,22,610,22,0,6,106
6,700,50.400000,22.608000,0,1,37985893,615,22,615,22,0,6,106
6,700,50.400000,22.608000,0,1,37985904,625,23,625,23,0,6,106
6,700,50.400000,22.608000,0,1,37985917,645,23,645,23,0,6,106
6,700,50.400000,22.608000,0,1,37985930,677,25,677,25,0,6,106
6,700,50.400000,22.608000,0,1,37985944,728,29,728,29,0,6,106
6,700,50.400000,22.608000,0,1,37985956,784,33,784,33,0,6,106
6,700,50.400000,22.608000,0,1,37985968,852,37,852,37,0,6,106
6,700,50.400000,22.608000,0,1,37985981,926,38,926,38,0,6,106
6,700,50.400000,22.608000,0,1,37985995,1022,37,1022,37,0,6,106
6,700,50.400000,22.608000,0,1,37986008,1099,32,1099,32,0,6,106
6,700,50.400000,22.608000,0,1,37986021,1169,26,1169,26,0,6,106
6,700,50.400000,22.608000,0,1,37986042,1227,20,1227,20,0,6,106
6,700,50.400000,22.608000,0,1,37986054,1301,6,1301,6,0,6,106
6,700,50.400000,22.608000,0,1,37986067,1321,0,1321,0,0,6,106
6,700,50.400000,22.608000,0,1,37986080,1329,0,1329,-4,0,6,106
6,700,50.400000,22.608000,0,1,37986090,1329,0,1329,-5,0,6,106
6,700,50.400000,22.608000,0,1,37986102,1329,0,1329,-6,0,6,106
6,700,50.400000,22.608000,0,1,37986113,1329,0,1329,-6,0,6,106
6,700,50.400000,22.608000,0,1,37986125,1328,0,1328,-6,0,6,106
6,700,50.400000,22.608000,0,1,37986136,1327,0,1327,-6,0,6,106
6,700,50.400000,22.608000,0,1,37986148,1325,0,1325,-6,0,6,106
6,700,50.400000,22.608000,0,1,37986159,1325,1,1325,-5,0,6,106
6,700,50.400000,22.608000,0,1,37986171,1325,2,1325,-4,0,6,106
6,700,50.400000,22.608000,0,1,37986182,1324,2,1324,-4,0,6,106
6,700,50.400000,22.608000,0,1,37986195,1324,2,1324,-4,0,6,106
6,700,50.400000,22.608000,0,1,37986205,1324,2,1324,-4,0,6,106
6,700,50.400000,22.608000,0,1,37986217,1324,2,1324,-4,0,6,106
6,700,50.400000,22.608000,0,1,37986229,1324,2,1324,-4,0,6,106
6,700,50.400000,22.608000,0,1,37986242,1324,2,1324,-4,0,6,106
6,700,50.400000,22.608000,0,1,37986253,1324,2,1324,-4,0,6,106
6,700,50.400000,22.608000,0,1,37986264,1324,2,1324,-4,0,6,106
6,700,50.400000,22.608000,0,1,37986275,1322,2,1322,-4,0,6,106
6,700,50.400000,22.608000,0,1,37986290,1319,2,1319,-4,0,6,106
6,700,50.400000,22.608000,0,1,37986306,1315,2,1315,-4,0,6,106
6,700,50.400000,22.608000,0,1,37986324,1314,3,1314,-3,0,6,106
