6,700,82.800000,12.276000,1,1,38060326,610,22,610,22,0,7,47
6,700,82.800000,12.276000,1,1,38060327,610,22,610,22,0,7,47
6,700,82.800000,12.276000,1,1,38060340,623,22,623,22,0,7,47
6,700,82.800000,12.276000,1,1,38060353,645,22,645,22,0,7,47
6,700,82.800000,12.276000,1,1,38060366,675,23,675,23,0,7,47
6,700,82.800000,12.276000,1,1,38060380,714,26,714,26,0,7,47
6,700,82.800000,12.276000,1,1,38060392,763,30,763,30,0,7,47
6,700,82.800000,12.276000,1,1,38060404,817,32,817,32,0,7,47
6,700,82.800000,12.276000,1,1,38060416,886,33,886,33,0,7,47
6,700,82.800000,12.276000,1,1,38060428,951,33,951,33,0,7,47
6,700,82.800000,12.276000,1,1,38060446,1022,30,1022,30,0,7,47
6,700,82.800000,12.276000,1,1,38060473,1128,23,1128,23,0,7,47
6,700,82.800000,12.276000,1,1,38060487,1247,12,1247,12,0,7,47
6,700,82.800000,12.276000,1,1,38060500,1274,8,1274,8,0,7,47
6,700,82.800000,12.276000,1,1,38060514,1282,5,1282,5,0,7,47
6,700,82.800000,12.276000,1,1,38060524,1283,4,1283,4,0,7,47
6,700,82.800000,12.276000,1,1,38060535,1284,3,1284,3,0,7,47
6,700,82.800000,12.276000,1,1,38060546,1284,3,1284,3,0,7,47
6,700,82.800000,12.276000,1,1,38060561,1284,3,1284,3,0,7,47
6,700,82.800000,12.276000,1,1,38060574,1286,3,1286,3,0,7,47
6,700,82.800000,12.276000,1,1,38060587,1289,3,1289,3,0,7,47
6,700,82.800000,12.276000,1,1,38060598,1292,3,1292,3,0,7,47
6,700,82.800000,12.276000,1,1,38060609,1294,3,1294,3,0,7,47
6,700,82.800000,12.276000,1,1,38060621,1296,3,1296,3,0,7,47
6,700,82.800000,12.276000,1,1,38060632,1296,3,1296,3,0,7,47
6,700,82.800000,12.276000,1,1,38060643,1296,3,1296,3,0,7,47
6,700,82.800000,12.276000,1,1,38060655,1296,2,1296,2,0,7,47
6,700,82.800000,12.276000,1,1,38060667,1299,2,1299,2,0,7,47
6,700,82.800000,12.276000,1,1,38060680,1304,1,1304,1,0,7,47
6,700,82.800000,12.276000,1,1,38060692,1311,1,1311,1,0,7,47
6,700,82.800000,12.276000,1,1,38060703,1314,0,1314,0,0,7,47
6,700,82.800000,12.276000,1,1,38060715,1315,0,1315,0,0,7,47
