6,350,21.600000,0.000000,1,1,38067821,785,22,785,22,0,7,54
6,350,21.600000,0.000000,1,1,38067822,785,22,785,22,0,7,54
6,350,21.600000,0.000000,1,1,38067832,787,22,787,22,0,7,54
6,350,21.600000,0.000000,1,1,38067845,789,22,789,22,0,7,54
6,350,21.600000,0.000000,1,1,38067856,794,23,794,23,0,7,54
6,350,21.600000,0.000000,1,1,38067870,804,23,804,23,0,7,54
6,350,21.600000,0.000000,1,1,38067885,826,24,826,24,0,7,54
6,350,21.600000,0.000000,1,1,38067898,859,25,859,25,0,7,54
6,350,21.600000,0.000000,1,1,38067910,897,26,897,26,0,7,54
6,350,21.600000,0.000000,1,1,38067930,939,26,939,26,0,7,54
6,350,21.600000,0.000000,1,1,38067943,998,27,998,27,0,7,54
6,350,21.600000,0.000000,1,1,38067955,1025,27,1025,27,0,7,54
6,350,21.600000,0.000000,1,1,38067971,1044,25,1044,25,0,7,54
6,350,21.600000,0.000000,1,1,38067982,1055,23,1055,23,0,7,54
6,350,21.600000,0.000000,1,1,38067993,1057,22,1057,22,0,7,54
6,350,21.600000,0.000000,1,1,38068005,1059,21,1059,21,0,7,54
6,350,21.600000,0.000000,1,1,38068017,1059,20,1059,20,0,7,54
6,350,21.600000,0.000000,1,1,38068030,1059,20,1059,20,0,7,54
6,350,21.600000,0.000000,1,1,38068041,1059,20,1059,20,0,7,54
6,350,21.600000,0.000000,1,1,38068052,1059,20,1059,20,0,7,54
6,350,21.600000,0.000000,1,1,38068063,1060,20,1060,20,0,7,54
6,350,21.600000,0.000000,1,1,38068074,1061,19,1061,19,0,7,54
6,350,21.600000,0.000000,1,1,38068086,1062,18,1062,18,0,7,54
6,350,21.600000,0.000000,1,1,38068098,1062,18,1062,18,0,7,54
6,350,21.600000,0.000000,1,1,38068109,1062,18,1062,18,0,7,54
6,350,21.600000,0.000000,1,1,38068121,1062,18,1062,18,0,7,54
6,350,21.600000,0.000000,1,1,38068133,1063,17,1063,17,0,7,54
6,350,21.600000,0.000000,1,1,38068144,1066,16,1066,16,0,7,54
6,350,21.600000,0.000000,1,1,38068158,1070,15,1070,15,0,7,54
6,350,21.600000,0.000000,1,1,38068170,1075,13,1075,13,0,7,54
6,350,21.600000,0.000000,1,1,38068182,1079,12,1079,12,0,7,54
6,350,21.600000,0.000000,1,1,38068195,1081,12,1081,12,0,7,54
6,350,21.600000,0.000000,1,1,38068209,1083,11,1083,11,0,7,54
6,350,21.600000,0.000000,1,1,38068226,1086,11,1086,11,0,7,54
6,350,21.600000,0.000000,1,1,38068250,1090,10,1090,10,0,7,54
6,350,21.600000,0.000000,1,1,38068263,1107,8,1107,8,0,7,54
6,350,21.600000,0.000000,1,1,38068276,1116,7,1116,7,0,7,54
6,350,21.600000,0.000000,1,1,38068290,1123,6,1123,6,0,7,54
6,350,21.600000,0.000000,1,1,38068302,1125,6,1125,6,0,7,54
6,350,21.600000,0.000000,1,1,38068314,1125,6,1125,6,0,7,54
6,350,21.600000,0.000000,1,1,38068325,1125,6,1125,6,0,7,54
6,350,21.600000,0.000000,1,1,38068336,1125,6,1125,6,0,7,54
6,350,21.600000,0.000000,1,1,38068349,1125,6,1125,6,0,7,54
6,350,21.600000,0.000000,1,1,38068359,1125,6,1125,6,0,7,54
6,350,21.600000,0.000000,1,1,38068370,1125,6,1125,6,0,7,54
6,350,21.600000,0.000000,1,1,38068383,1125,6,1125,6,0,7,54
6,350,21.600000,0.000000,1,1,38068394,1125,6,1125,6,0,7,54
6,350,21.600000,0.000000,1,1,38068405,1125,6,1125,6,0,7,54
6,350,21.600000,0.000000,1,1,38068417,1125,6,1125,6,0,7,54
6,350,21.600000,0.000000,1,1,38068428,1125,6,1125,6,0,7,54
6,350,21.600000,0.000000,1,1,38068439,1125,6,1125,6,0,7,54
6,350,21.600000,0.000000,1,1,38068451,1126,6,1126,6,0,7,54
6,350,21.600000,0.000000,1,1,38068462,1127,6,1127,6,0,7,54
6,350,21.600000,0.000000,1,1,38068477,1128,6,1128,6,0,7,54
6,350,21.600000,0.000000,1,1,38068488,1129,6,1129,6,0,7,54
6,350,21.600000,0.000000,1,1,38068501,1129,6,1129,6,0,7,54
6,350,21.600000,0.000000,1,1,38068513,1129,6,1129,6,0,7,54
6,350,21.600000,0.000000,1,1,38068524,1129,6,1129,6,0,7,54
6,350,21.600000,0.000000,1,1,38068538,1129,6,1129,6,0,7,54
