6,350,82.800000,22.608000,0,1,38200184,785,22,785,22,0,8,44
6,350,82.800000,22.608000,0,1,38200185,785,22,785,22,0,8,44
6,350,82.800000,22.608000,0,1,38200197,788,22,788,22,0,8,44
6,350,82.800000,22.608000,0,1,38200209,796,22,796,22,0,8,44
6,350,82.800000,22.608000,0,1,38200221,812,22,812,22,0,8,44
6,350,82.800000,22.608000,0,1,38200234,838,21,838,21,0,8,44
6,350,82.800000,22.608000,0,1,38200250,873,21,873,21,0,8,44
6,350,82.800000,22.608000,0,1,38200261,925,20,925,20,0,8,44
6,350,82.800000,22.608000,0,1,38200283,974,19,974,19,0,8,44
6,350,82.800000,22.608000,0,1,38200297,1065,17,1065,17,0,8,44
6,350,82.800000,22.608000,0,1,38200310,1110,16,1110,16,0,8,44
6,350,82.800000,22.608000,0,1,38200334,1147,14,1147,14,0,8,44
6,350,82.800000,22.608000,0,1,38200346,1181,11,1181,11,0,8,44
6,350,82.800000,22.608000,0,1,38200357,1183,10,1183,10,0,8,44
6,350,82.800000,22.608000,0,1,38200370,1181,10,1181,10,0,8,44
6,350,82.800000,22.608000,0,1,38200382,1177,10,1177,10,0,8,44
6,350,82.800000,22.608000,0,1,38200393,1174,9,1174,9,0,8,44
6,350,82.800000,22.608000,0,1,38200405,1173,9,1173,9,0,8,44
6,350,82.800000,22.608000,0,1,38200418,1173,9,1173,9,0,8,44
6,350,82.800000,22.608000,0,1,38200431,1173,9,1173,9,0,8,44
6,350,82.800000,22.608000,0,1,38200443,1173,9,1173,9,0,8,44
6,350,82.800000,22.608000,0,1,38200454,1173,9,1173,9,0,8,44
6,350,82.800000,22.608000,0,1,38200465,1173,9,1173,9,0,8,44
6,350,82.800000,22.608000,0,1,38200478,1172,9,1172,9,0,8,44
6,350,82.800000,22.608000,0,1,38200493,1172,8,1172,8,0,8,44
6,350,82.800000,22.608000,0,1,38200505,1172,8,1172,8,0,8,44
6,350,82.800000,22.608000,0,1,38200517,1172,8,1172,8,0,8,44
6,350,82.800000,22.608000,0,1,38200529,1172,8,1172,8,0,8,44
6,350,82.800000,22.608000,0,1,38200541,1172,8,1172,8,0,8,44
6,350,82.800000,22.608000,0,1,38200552,1172,8,1172,8,0,8,44
