6,350,21.600000,12.276000,0,1,38254732,785,22,785,22,0,8,90
6,350,21.600000,12.276000,0,1,38254733,785,22,785,22,0,8,90
6,350,21.600000,12.276000,0,1,38254745,789,22,789,22,0,8,90
6,350,21.600000,12.276000,0,1,38254761,801,23,801,23,0,8,90
6,350,21.600000,12.276000,0,1,38254774,828,24,828,24,0,8,90
6,350,21.600000,12.276000,0,1,38254786,858,26,858,26,0,8,90
6,350,21.600000,12.276000,0,1,38254798,889,28,889,28,0,8,90
6,350,21.600000,12.276000,0,1,38254811,929,29,929,29,0,8,90
6,350,21.600000,12.276000,0,1,38254825,971,29,971,29,0,8,90
6,350,21.600000,12.276000,0,1,38254838,1018,29,1018,29,0,8,90
6,350,21.600000,12.276000,0,1,38254851,1052,25,1052,25,0,8,90
6,350,21.600000,12.276000,0,1,38254864,1079,20,1079,20,0,8,90
6,350,21.600000,12.276000,0,1,38254877,1101,14,1101,14,0,8,90
6,350,21.600000,12.276000,0,1,38254888,1115,8,1115,8,0,8,90
6,350,21.600000,12.276000,0,1,38254899,1121,3,1121,3,0,8,90
6,350,21.600000,12.276000,0,1,38254912,1123,0,1123,0,0,8,90
6,350,21.600000,12.276000,0,1,38254924,1123,0,1123,-2,0,8,90
6,350,21.600000,12.276000,0,1,38254936,1123,0,1123,-4,0,8,90
6,350,21.600000,12.276000,0,1,38254947,1122,0,1122,-4,0,8,90
6,350,21.600000,12.276000,0,1,38254961,1122,0,1122,-4,0,8,90
6,350,21.600000,12.276000,0,1,38254972,1122,0,1122,-4,0,8,90
6,350,21.600000,12.276000,0,1,38254984,1122,0,1122,-4,0,8,90
6,350,21.600000,12.276000,0,1,38254997,1122,0,1122,-4,0,8,90
6,350,21.600000,12.276000,0,1,38255009,1122,0,1122,-4,0,8,90
6,350,21.600000,12.276000,0,1,38255020,1121,0,1121,-4,0,8,90
6,350,21.600000,12.276000,0,1,38255031,1120,0,1120,-4,0,8,90
6,350,21.600000,12.276000,0,1,38255042,1120,0,1120,-4,0,8,90
6,350,21.600000,12.276000,0,1,38255052,1120,0,1120,-4,0,8,90
6,350,21.600000,12.276000,0,1,38255064,1120,0,1120,-4,0,8,90
6,350,21.600000,12.276000,0,1,38255076,1121,0,1121,-4,0,8,90
6,350,21.600000,12.276000,0,1,38255091,1122,0,1122,-4,0,8,90
6,350,21.600000,12.276000,0,1,38255104,1123,0,1123,-4,0,8,90
6,350,21.600000,12.276000,0,1,38255115,1124,0,1124,-4,0,8,90
6,350,21.600000,12.276000,0,1,38255129,1124,0,1124,-4,0,8,90
6,350,21.600000,12.276000,0,1,38255141,1124,0,1124,-4,0,8,90
6,350,21.600000,12.276000,0,1,38255152,1124,0,1124,-4,0,8,90
6,350,21.600000,12.276000,0,1,38255165,1125,0,1125,-4,0,8,90
6,350,21.600000,12.276000,0,1,38255179,1128,1,1128,-3,0,8,90
6,350,21.600000,12.276000,0,1,38255194,1132,2,1132,-2,0,8,90
6,350,21.600000,12.276000,0,1,38255208,1136,3,1136,-1,0,8,90
6,350,21.600000,12.276000,0,1,38255219,1137,3,1137,-1,0,8,90
6,350,21.600000,12.276000,0,1,38255231,1138,3,1138,-1,0,8,90
6,350,21.600000,12.276000,0,1,38255244,1138,3,1138,-1,0,8,90
6,350,21.600000,12.276000,0,1,38255256,1138,3,1138,-1,0,8,90
6,350,21.600000,12.276000,0,1,38255270,1138,3,1138,-1,0,8,90
