6,350,82.800000,42.984000,1,0,38280710,785,0,785,0,0,8,111
6,350,82.800000,42.984000,1,0,38280716,785,0,785,0,0,8,111
6,350,82.800000,42.984000,1,0,38280736,824,0,824,-1,0,8,111
6,350,82.800000,42.984000,1,0,38280749,891,0,891,-3,0,8,111
6,350,82.800000,42.984000,1,0,38280761,941,0,941,-5,0,8,111
6,350,82.800000,42.984000,1,0,38280775,995,0,995,-8,0,8,111
6,350,82.800000,42.984000,1,0,38280787,1053,0,1053,-12,0,8,111
6,350,82.800000,42.984000,1,0,38280803,1102,0,1102,-16,0,8,111
6,350,82.800000,42.984000,1,0,38280816,1142,0,1142,-20,0,8,111
6,350,82.800000,42.984000,1,0,38280827,1158,0,1158,-23,0,8,111
6,350,82.800000,42.984000,1,0,38280839,1159,0,1159,-23,0,8,111
6,350,82.800000,42.984000,1,0,38280851,1158,0,1158,-24,0,8,111
6,350,82.800000,42.984000,1,0,38280862,1153,0,1153,-25,0,8,111
6,350,82.800000,42.984000,1,0,38280873,1151,0,1151,-25,0,8,111
6,350,82.800000,42.984000,1,0,38280884,1150,0,1150,-26,0,8,111
6,350,82.800000,42.984000,1,0,38280895,1150,0,1150,-26,0,8,111
6,350,82.800000,42.984000,1,0,38280907,1150,0,1150,-26,0,8,111
6,350,82.800000,42.984000,1,0,38280918,1150,0,1150,-26,0,8,111
6,350,82.800000,42.984000,1,0,38280929,1150,0,1150,-26,0,8,111
6,350,82.800000,42.984000,1,0,38280940,1149,0,1149,-26,0,8,111
6,350,82.800000,42.984000,1,0,38280952,1149,0,1149,-26,0,8,111
6,350,82.800000,42.984000,1,0,38280962,1148,0,1148,-27,0,8,111
6,350,82.800000,42.984000,1,0,38280974,1147,0,1147,-27,0,8,111
6,350,82.800000,42.984000,1,0,38280987,1147,0,1147,-27,0,8,111
6,350,82.800000,42.984000,1,0,38280997,1147,0,1147,-27,0,8,111
