6,700,21.600000,0.000000,1,0,38301069,610,0,610,0,0,9,10
6,700,21.600000,0.000000,1,0,38301070,610,0,610,0,0,9,10
6,700,21.600000,0.000000,1,0,38301082,612,0,612,0,0,9,10
6,700,21.600000,0.000000,1,0,38301094,619,0,619,0,0,9,10
6,700,21.600000,0.000000,1,0,38301106,636,0,636,-2,0,9,10
6,700,21.600000,0.000000,1,0,38301119,664,0,664,-4,0,9,10
6,700,21.600000,0.000000,1,0,38301131,708,0,708,-7,0,9,10
6,700,21.600000,0.000000,1,0,38301144,770,0,770,-10,0,9,10
6,700,21.600000,0.000000,1,0,38301156,849,0,849,-14,0,9,10
6,700,21.600000,0.000000,1,0,38301169,936,0,936,-20,0,9,10
6,700,21.600000,0.000000,1,0,38301189,1026,0,1026,-27,0,9,10
6,700,21.600000,0.000000,1,0,38301202,1161,0,1161,-39,0,9,10
6,700,21.600000,0.000000,1,0,38301220,1381,0,1381,-59,0,9,10
6,700,21.600000,0.000000,1,0,38301233,1445,0,1445,-65,0,9,10
6,700,21.600000,0.000000,1,0,38301247,1472,0,1472,-68,0,9,10
6,700,21.600000,0.000000,1,0,38301258,1482,0,1482,-69,0,9,10
6,700,21.600000,0.000000,1,0,38301271,1485,0,1485,-69,0,9,10
6,700,21.600000,0.000000,1,0,38301286,1488,0,1488,-70,0,9,10
6,700,21.600000,0.000000,1,0,38301300,1494,0,1494,-70,0,9,10
6,700,21.600000,0.000000,1,0,38301311,1497,0,1497,-70,0,9,10
6,700,21.600000,0.000000,1,0,38301322,1500,0,1500,-70,0,9,10
6,700,21.600000,0.000000,1,0,38301335,1500,0,1500,-70,0,9,10
6,700,21.600000,0.000000,1,0,38301347,1500,0,1500,-70,0,9,10
6,700,21.600000,0.000000,1,0,38301359,1500,0,1500,-70,0,9,10
6,700,21.600000,0.000000,1,0,38301371,1500,0,1500,-70,0,9,10
6,700,21.600000,0.000000,1,0,38301382,1500,0,1500,-71,0,9,10
6,700,21.600000,0.000000,1,0,38301394,1499,0,1499,-71,0,9,10
6,700,21.600000,0.000000,1,0,38301405,1498,0,1498,-71,0,9,10
6,700,21.600000,0.000000,1,0,38301416,1498,0,1498,-71,0,9,10
6,700,21.600000,0.000000,1,0,38301427,1498,0,1498,-71,0,9,10
6,700,21.600000,0.000000,1,0,38301439,1498,0,1498,-71,0,9,10
6,700,21.600000,0.000000,1,0,38301450,1497,0,1497,-71,0,9,10
6,700,21.600000,0.000000,1,0,38301466,1495,0,1495,-71,0,9,10
6,700,21.600000,0.000000,1,0,38301486,1487,0,1487,-71,0,9,10
6,700,21.600000,0.000000,1,0,38301504,1472,0,1472,-71,0,9,10
6,700,21.600000,0.000000,1,0,38301521,1437,0,1437,-71,0,9,10
6,700,21.600000,0.000000,1,0,38301549,1396,0,1396,-72,0,9,10
6,700,21.600000,0.000000,1,0,38301560,1360,0,1360,-73,0,9,10
6,700,21.600000,0.000000,1,0,38301571,1356,0,1356,-73,0,9,10
6,700,21.600000,0.000000,1,0,38301584,1356,0,1356,-73,0,9,10
6,700,21.600000,0.000000,1,0,38301596,1356,0,1356,-73,0,9,10
6,700,21.600000,0.000000,1,0,38301606,1356,0,1356,-73,0,9,10
6,700,21.600000,0.000000,1,0,38301618,1356,0,1356,-74,0,9,10
6,700,21.600000,0.000000,1,0,38301630,1356,0,1356,-74,0,9,10
6,700,21.600000,0.000000,1,0,38301644,1356,0,1356,-74,0,9,10
6,700,21.600000,0.000000,1,0,38301657,1355,0,1355,-74,0,9,10
6,700,21.600000,0.000000,1,0,38301670,1353,0,1353,-74,0,9,10
6,700,21.600000,0.000000,1,0,38301682,1351,0,1351,-74,0,9,10
6,700,21.600000,0.000000,1,0,38301693,1349,0,1349,-74,0,9,10
6,700,21.600000,0.000000,1,0,38301705,1346,0,1346,-74,0,9,10
6,700,21.600000,0.000000,1,0,38301717,1340,0,1340,-74,0,9,10
6,700,21.600000,0.000000,1,0,38301744,1329,0,1329,-74,0,9,10
6,700,21.600000,0.000000,1,0,38301757,1294,0,1294,-74,0,9,10
6,700,21.600000,0.000000,1,0,38301770,1284,0,1284,-74,0,9,10
6,700,21.600000,0.000000,1,0,38301781,1282,0,1282,-74,0,9,10
6,700,21.600000,0.000000,1,0,38301793,1282,0,1282,-74,0,9,10
6,700,21.600000,0.000000,1,0,38301804,1283,0,1283,-74,0,9,10
6,700,21.600000,0.000000,1,0,38301816,1284,0,1284,-74,0,9,10
6,700,21.600000,0.000000,1,0,38301827,1285,0,1285,-74,0,9,10
6,700,21.600000,0.000000,1,0,38301839,1287,0,1287,-74,0,9,10
6,700,21.600000,0.000000,1,0,38301850,1287,0,1287,-74,0,9,10
6,700,21.600000,0.000000,1,0,38301861,1287,0,1287,-74,0,9,10
6,700,21.600000,0.000000,1,0,38301872,1287,0,1287,-74,0,9,10
6,700,21.600000,0.000000,1,0,38301883,1287,0,1287,-74,0,9,10
6,700,21.600000,0.000000,1,0,38301894,1287,0,1287,-74,0,9,10
6,700,21.600000,0.000000,1,0,38301906,1287,0,1287,-74,0,9,10
6,700,21.600000,0.000000,1,0,38301918,1287,0,1287,-74,0,9,10
6,700,21.600000,0.000000,1,0,38301932,1287,0,1287,-74,0,9,10
6,700,21.600000,0.000000,1,0,38301945,1288,0,1288,-74,0,9,10
6,700,21.600000,0.000000,1,0,38301956,1289,0,1289,-74,0,9,10
6,700,21.600000,0.000000,1,0,38301968,1290,0,1290,-74,0,9,10
6,700,21.600000,0.000000,1,0,38301981,1290,0,1290,-74,0,9,10
6,700,21.600000,0.000000,1,0,38301994,1291,0,1291,-74,0,9,10
6,700,21.600000,0.000000,1,0,38302005,1292,0,1292,-74,0,9,10
6,700,21.600000,0.000000,1,0,38302016,1294,0,1294,-74,0,9,10
6,700,21.600000,0.000000,1,0,38302030,1297,0,1297,-74,0,9,10
6,700,21.600000,0.000000,1,0,38302042,1302,0,1302,-74,0,9,10
6,700,21.600000,0.000000,1,0,38302054,1306,0,1306,-74,0,9,10
6,700,21.600000,0.000000,1,0,38302066,1307,0,1307,-74,0,9,10
6,700,21.600000,0.000000,1,0,38302076,1307,0,1307,-74,0,9,10
6,700,21.600000,0.000000,1,0,38302088,1307,0,1307,-74,0,9,10
6,700,21.600000,0.000000,1,0,38302099,1307,0,1307,-74,0,9,10
6,700,21.600000,0.000000,1,0,38302110,1307,0,1307,-74,0,9,10
6,700,21.600000,0.000000,1,0,38302121,1306,0,1306,-74,0,9,10
6,700,21.600000,0.000000,1,0,38302136,1306,0,1306,-74,0,9,10
6,700,21.600000,0.000000,1,0,38302148,1306,0,1306,-74,0,9,10
6,700,21.600000,0.000000,1,0,38302158,1306,0,1306,-74,0,9,10
6,700,21.600000,0.000000,1,0,38302171,1306,0,1306,-74,0,9,10
6,700,21.600000,0.000000,1,0,38302182,1306,0,1306,-74,0,9,10
6,700,21.600000,0.000000,1,0,38302194,1306,0,1306,-74,0,9,10
6,700,21.600000,0.000000,1,0,38302207,1306,0,1306,-74,0,9,10
6,700,21.600000,0.000000,1,0,38302218,1306,0,1306,-74,0,9,10
6,700,21.600000,0.000000,1,0,38302229,1306,0,1306,-74,0,9,10
6,700,21.600000,0.000000,1,0,38302241,1306,0,1306,-74,0,9,10
6,700,21.600000,0.000000,1,0,38302254,1306,0,1306,-74,0,9,10
6,700,21.600000,0.000000,1,0,38302268,1306,0,1306,-74,0,9,10
