53,500,30.000000,0.000000,1,0,5753706,715,18,715,18,0,1,10
53,500,30.000000,0.000000,1,0,5753707,715,18,715,18,0,1,10
53,500,30.000000,0.000000,1,0,5753714,715,18,715,18,0,1,10
53,500,30.000000,0.000000,1,0,5753721,715,18,715,18,0,1,10
53,500,30.000000,0.000000,1,0,5753728,715,18,715,18,0,1,10
53,500,30.000000,0.000000,1,0,5753735,715,18,715,18,0,1,10
53,500,30.000000,0.000000,1,0,5753751,715,18,715,18,0,1,10
53,500,30.000000,0.000000,1,0,5753760,716,18,716,18,0,1,10
53,500,30.000000,0.000000,1,0,5753768,718,18,718,18,0,1,10
53,500,30.000000,0.000000,1,0,5753774,720,19,720,19,0,1,10
53,500,30.000000,0.000000,1,0,5753781,723,20,723,20,0,1,10
53,500,30.000000,0.000000,1,0,5753787,728,23,728,23,0,1,10
53,500,30.000000,0.000000,1,0,5753792,734,25,734,25,0,1,10
53,500,30.000000,0.000000,1,0,5753798,743,27,743,27,0,1,10
53,500,30.000000,0.000000,1,0,5753804,753,30,753,30,0,1,10
53,500,30.000000,0.000000,1,0,5753811,767,33,767,33,0,1,10
53,500,30.000000,0.000000,1,0,5753818,786,37,786,37,0,1,10
53,500,30.000000,0.000000,1,0,5753825,807,41,807,41,0,1,10
53,500,30.000000,0.000000,1,0,5753832,836,46,836,46,0,1,10
53,500,30.000000,0.000000,1,0,5753839,874,51,874,51,0,1,10
53,500,30.000000,0.000000,1,0,5753847,910,55,910,55,0,1,10
53,500,30.000000,0.000000,1,0,5753853,946,59,946,59,0,1,10
53,500,30.000000,0.000000,1,0,5753860,986,61,986,61,0,1,10
53,500,30.000000,0.000000,1,0,5753867,1022,62,1022,62,0,1,10
53,500,30.000000,0.000000,1,0,5753873,1064,62,1064,62,0,1,10
53,500,30.000000,0.000000,1,0,5753880,1093,62,1093,62,0,1,10
53,500,30.000000,0.000000,1,0,5753887,1167,62,1167,62,0,1,10
53,500,30.000000,0.000000,1,0,5753894,1200,60,1200,60,0,1,10
53,500,30.000000,0.000000,1,0,5753901,1225,58,1225,58,0,1,10
53,500,30.000000,0.000000,1,0,5753908,1249,54,1249,54,0,1,10
53,500,30.000000,0.000000,1,0,5753916,1266,51,1266,51,0,1,10
53,500,30.000000,0.000000,1,0,5753923,1278,48,1278,48,0,1,10
53,500,30.000000,0.000000,1,0,5753930,1284,45,1284,45,0,1,10
53,500,30.000000,0.000000,1,0,5753936,1287,42,1287,42,0,1,10
53,500,30.000000,0.000000,1,0,5753943,1288,40,1288,40,0,1,10
53,500,30.000000,0.000000,1,0,5753950,1288,36,1288,36,0,1,10
53,500,30.000000,0.000000,1,0,5753966,1285,32,1285,32,0,1,10
53,500,30.000000,0.000000,1,0,5753975,1276,26,1276,26,0,1,10
53,500,30.000000,0.000000,1,0,5753983,1270,24,1270,24,0,1,10
53,500,30.000000,0.000000,1,0,5753989,1265,23,1265,23,0,1,10
53,500,30.000000,0.000000,1,0,5753996,1260,22,1260,22,0,1,10
53,500,30.000000,0.000000,1,0,5754002,1257,21,1257,21,0,1,10
53,500,30.000000,0.000000,1,0,5754008,1254,20,1254,20,0,1,10
53,500,30.000000,0.000000,1,0,5754015,1252,19,1252,19,0,1,10
53,500,30.000000,0.000000,1,0,5754020,1252,18,1252,18,0,1,10
53,500,30.000000,0.000000,1,0,5754027,1251,17,1251,17,0,1,10
53,500,30.000000,0.000000,1,0,5754033,1250,16,1250,16,0,1,10
53,500,30.000000,0.000000,1,0,5754040,1249,15,1249,15,0,1,10
53,500,30.000000,0.000000,1,0,5754048,1249,14,1249,14,0,1,10
53,500,30.000000,0.000000,1,0,5754055,1248,14,1248,14,0,1,10
53,500,30.000000,0.000000,1,0,5754061,1247,14,1247,14,0,1,10
53,500,30.000000,0.000000,1,0,5754068,1246,13,1246,13,0,1,10
53,500,30.000000,0.000000,1,0,5754075,1244,13,1244,13,0,1,10
53,500,30.000000,0.000000,1,0,5754082,1242,13,1242,13,0,1,10
53,500,30.000000,0.000000,1,0,5754089,1240,13,1240,13,0,1,10
53,500,30.000000,0.000000,1,0,5754096,1236,13,1236,13,0,1,10
53,500,30.000000,0.000000,1,0,5754103,1231,13,1231,13,0,1,10
53,500,30.000000,0.000000,1,0,5754110,1227,13,1227,13,0,1,10
53,500,30.000000,0.000000,1,0,5754116,1223,13,1223,13,0,1,10
53,500,30.000000,0.000000,1,0,5754124,1219,13,1219,13,0,1,10
53,500,30.000000,0.000000,1,0,5754130,1215,13,1215,13,0,1,10
53,500,30.000000,0.000000,1,0,5754137,1212,13,1212,13,0,1,10
53,500,30.000000,0.000000,1,0,5754144,1210,13,1210,13,0,1,10
53,500,30.000000,0.000000,1,0,5754151,1209,13,1209,13,0,1,10
53,500,30.000000,0.000000,1,0,5754158,1208,13,1208,13,0,1,10
53,500,30.000000,0.000000,1,0,5754165,1208,13,1208,13,0,1,10
53,500,30.000000,0.000000,1,0,5754172,1207,13,1207,13,0,1,10
53,500,30.000000,0.000000,1,0,5754179,1206,13,1206,13,0,1,10
53,500,30.000000,0.000000,1,0,5754186,1206,13,1206,13,0,1,10
53,500,30.000000,0.000000,1,0,5754193,1206,13,1206,13,0,1,10
53,500,30.000000,0.000000,1,0,5754200,1206,13,1206,13,0,1,10
53,500,30.000000,0.000000,1,0,5754216,1206,13,1206,13,0,1,10
53,500,30.000000,0.000000,1,0,5754225,1206,13,1206,13,0,1,10
53,500,30.000000,0.000000,1,0,5754233,1206,13,1206,13,0,1,10
53,500,30.000000,0.000000,1,0,5754256,1206,13,1206,13,0,1,10
