53,500,115.000000,10000.000000,1,0,6004276,709,10,709,10,0,11,5
53,500,115.000000,10000.000000,1,0,6004278,709,10,709,10,0,11,5
53,500,115.000000,10000.000000,1,0,6004284,709,10,709,10,0,11,5
53,500,115.000000,10000.000000,1,0,6004292,709,10,709,10,0,11,5
53,500,115.000000,10000.000000,1,0,6004298,709,10,709,10,0,11,5
53,500,115.000000,10000.000000,1,0,6004305,710,10,710,10,0,11,5
53,500,115.000000,10000.000000,1,0,6004312,711,10,711,10,0,11,5
53,500,115.000000,10000.000000,1,0,6004319,712,10,712,10,0,11,5
53,500,115.000000,10000.000000,1,0,6004326,713,10,713,10,0,11,5
53,500,115.000000,10000.000000,1,0,6004333,715,10,715,10,0,11,5
53,500,115.000000,10000.000000,1,0,6004340,718,11,718,11,0,11,5
53,500,115.000000,10000.000000,1,0,6004348,723,12,723,12,0,11,5
53,500,115.000000,10000.000000,1,0,6004355,731,14,731,14,0,11,5
53,500,115.000000,10000.000000,1,0,6004361,743,15,743,15,0,11,5
53,500,115.000000,10000.000000,1,0,6004368,757,16,757,16,0,11,5
53,500,115.000000,10000.000000,1,0,6004375,785,19,785,19,0,11,5
53,500,115.000000,10000.000000,1,0,6004382,814,23,814,23,0,11,5
53,500,115.000000,10000.000000,1,0,6004391,849,26,849,26,0,11,5
53,500,115.000000,10000.000000,1,0,6004397,891,30,891,30,0,11,5
53,500,115.000000,10000.000000,1,0,6004403,918,32,918,32,0,11,5
53,500,115.000000,10000.000000,1,0,6004409,965,35,965,35,0,11,5
53,500,115.000000,10000.000000,1,0,6004417,1017,37,1017,37,0,11,5
53,500,115.000000,10000.000000,1,0,6004424,1051,38,1051,38,0,11,5
53,500,115.000000,10000.000000,1,0,6004431,1083,38,1083,38,0,11,5
53,500,115.000000,10000.000000,1,0,6004437,1112,38,1112,38,0,11,5
53,500,115.000000,10000.000000,1,0,6004444,1145,38,1145,38,0,11,5
53,500,115.000000,10000.000000,1,0,6004451,1167,37,1167,37,0,11,5
53,500,115.000000,10000.000000,1,0,6004458,1183,36,1183,36,0,11,5
53,500,115.000000,10000.000000,1,0,6004465,1194,34,1194,34,0,11,5
53,500,115.000000,10000.000000,1,0,6004472,1198,32,1198,32,0,11,5
53,500,115.000000,10000.000000,1,0,6004479,1200,30,1200,30,0,11,5
53,500,115.000000,10000.000000,1,0,6004486,1200,28,1200,28,0,11,5
53,500,115.000000,10000.000000,1,0,6004493,1197,27,1197,27,0,11,5
53,500,115.000000,10000.000000,1,0,6004500,1194,25,1194,25,0,11,5
53,500,115.000000,10000.000000,1,0,6004507,1189,23,1189,23,0,11,5
53,500,115.000000,10000.000000,1,0,6004514,1186,22,1186,22,0,11,5
53,500,115.000000,10000.000000,1,0,6004520,1183,21,1183,21,0,11,5
53,500,115.000000,10000.000000,1,0,6004527,1180,20,1180,20,0,11,5
53,500,115.000000,10000.000000,1,0,6004534,1178,19,1178,19,0,11,5
53,500,115.000000,10000.000000,1,0,6004541,1177,19,1177,19,0,11,5
53,500,115.000000,10000.000000,1,0,6004548,1176,18,1176,18,0,11,5
53,500,115.000000,10000.000000,1,0,6004555,1175,17,1175,17,0,11,5
53,500,115.000000,10000.000000,1,0,6004562,1175,17,1175,17,0,11,5
53,500,115.000000,10000.000000,1,0,6004569,1175,17,1175,17,0,11,5
53,500,115.000000,10000.000000,1,0,6004576,1175,17,1175,17,0,11,5
53,500,115.000000,10000.000000,1,0,6004583,1175,17,1175,17,0,11,5
53,500,115.000000,10000.000000,1,0,6004590,1175,17,1175,17,0,11,5
53,500,115.000000,10000.000000,1,0,6004606,1175,17,1175,17,0,11,5
53,500,115.000000,10000.000000,1,0,6004615,1175,17,1175,17,0,11,5
53,500,115.000000,10000.000000,1,0,6004623,1176,17,1176,17,0,11,5
53,500,115.000000,10000.000000,1,0,6004629,1177,17,1177,17,0,11,5
53,500,115.000000,10000.000000,1,0,6004635,1177,17,1177,17,0,11,5
53,500,115.000000,10000.000000,1,0,6004641,1177,17,1177,17,0,11,5
53,500,115.000000,10000.000000,1,0,6004647,1177,17,1177,17,0,11,5
53,500,115.000000,10000.000000,1,0,6004653,1177,17,1177,17,0,11,5
53,500,115.000000,10000.000000,1,0,6004659,1177,17,1177,17,0,11,5
53,500,115.000000,10000.000000,1,0,6004675,1177,17,1177,17,0,11,5
