53,-2.000000,30.000000,30.000000,2,0,6996814,711,5,711,5,0,45,9
53,-2.000000,30.000000,30.000000,2,0,6996816,711,5,711,5,0,45,9
53,-1.000000,30.000000,30.000000,2,0,6996824,710,6,710,6,0,45,9
53,500,30.000000,30.000000,2,0,6996831,710,7,710,7,0,45,9
53,-1.000000,30.000000,30.000000,2,0,6996837,709,8,709,8,0,45,9
53,500,30.000000,30.000000,2,0,6996843,709,9,709,9,0,45,9
53,500,30.000000,30.000000,2,0,6996849,709,9,709,9,0,45,9
53,500,30.000000,30.000000,2,0,6996855,709,10,709,10,0,45,9
53,500,30.000000,30.000000,2,0,6996861,709,11,709,11,0,45,9
53,500,30.000000,30.000000,2,0,6996867,709,12,709,12,0,45,9
53,500,30.000000,30.000000,2,0,6996874,709,12,709,12,0,45,9
53,500,30.000000,30.000000,2,0,6996881,709,13,709,13,0,45,9
53,500,30.000000,30.000000,2,0,6996889,709,14,709,14,0,45,9
53,500,30.000000,30.000000,2,0,6996895,709,16,709,16,0,45,9
53,1.500000,30.000000,30.000000,2,0,6996905,711,19,711,19,0,45,9
53,0.833333,30.000000,30.000000,2,0,6996910,717,24,717,24,0,45,9
53,0.714286,30.000000,30.000000,2,0,6996917,724,29,724,29,0,45,9
53,0.714286,30.000000,30.000000,2,0,6996924,731,34,731,34,0,45,9
53,0.636364,30.000000,30.000000,2,0,6996930,742,41,742,41,0,45,9
53,0.500000,30.000000,30.000000,2,0,6996937,758,49,758,49,0,45,9
53,0.444444,30.000000,30.000000,2,0,6996944,776,57,776,57,0,45,9
53,0.434783,30.000000,30.000000,2,0,6996952,799,67,799,67,0,45,9
53,0.407407,30.000000,30.000000,2,0,6996967,826,78,826,78,0,45,9
53,0.295082,30.000000,30.000000,2,0,6996975,887,96,887,96,0,45,9
53,0.236842,30.000000,30.000000,2,0,6996982,925,105,925,105,0,45,9
53,0.151515,30.000000,30.000000,2,0,6996990,958,110,958,110,0,45,9
53,0.090909,30.000000,30.000000,2,0,6996997,1002,114,1002,114,0,45,9
53,0.037037,30.000000,30.000000,2,0,6997002,1029,115,1029,115,0,45,9
53,500,30.000000,30.000000,2,0,6997008,1053,115,1053,115,0,45,9
53,-0.125000,30.000000,30.000000,2,0,6997014,1069,113,1069,113,0,45,9
53,-0.250000,30.000000,30.000000,2,0,6997020,1085,109,1085,109,0,45,9
53,-0.416667,30.000000,30.000000,2,0,6997027,1097,104,1097,104,0,45,9
53,-0.437500,30.000000,30.000000,2,0,6997034,1113,97,1113,97,0,45,9
53,-0.562500,30.000000,30.000000,2,0,6997041,1129,88,1129,88,0,45,9
53,-0.818182,30.000000,30.000000,2,0,6997048,1140,79,1140,79,0,45,9
53,-1.000000,30.000000,30.000000,2,0,6997055,1148,71,1148,71,0,45,9
53,-1.285714,30.000000,30.000000,2,0,6997063,1155,62,1155,62,0,45,9
53,-2.333333,30.000000,30.000000,2,0,6997069,1158,55,1158,55,0,45,9
53,-3.000000,30.000000,30.000000,2,0,6997076,1160,49,1160,49,0,45,9
53,-6.000000,30.000000,30.000000,2,0,6997083,1161,43,1161,43,0,45,9
53,500,30.000000,30.000000,2,0,6997090,1161,37,1161,37,0,45,9
53,500,30.000000,30.000000,2,0,6997096,1161,33,1161,33,0,45,9
53,500,30.000000,30.000000,2,0,6997103,1161,31.600000,1161,30,0,45,9
53,500,30.000000,30.000000,2,0,6997110,1161,31.600000,1161,28,0,45,9
53,500,30.000000,30.000000,2,0,6997117,1161,31.600000,1161,27,0,45,9
53,500,30.000000,30.000000,2,0,6997124,1161,31.600000,1161,26,0,45,9
53,500,30.000000,30.000000,2,0,6997131,1161,31.600000,1161,25,0,45,9
53,500,30.000000,30.000000,2,0,6997138,1161,31.600000,1161,25,0,45,9
53,500,30.000000,30.000000,2,0,6997145,1161,31.600000,1161,25,0,45,9
53,500,30.000000,30.000000,2,0,6997152,1160,31.600000,1160,25,0,45,9
53,500,30.000000,30.000000,2,0,6997159,1159,31.600000,1159,25,0,45,9
53,-1.000000,30.000000,30.000000,2,0,6997166,1158,32.600000,1158,26,0,45,9
53,500,30.000000,30.000000,2,0,6997182,1157,32.600000,1157,26,0,45,9
53,500,30.000000,30.000000,2,0,6997191,1156,32.600000,1156,26,0,45,9
53,500,30.000000,30.000000,2,0,6997199,1156,32.600000,1156,26,0,45,9
53,500,30.000000,30.000000,2,0,6997205,1156,32.600000,1156,26,0,45,9
53,500,30.000000,30.000000,2,0,6997211,1156,32.600000,1156,26,0,45,9
53,500,30.000000,30.000000,2,0,6997217,1156,32.600000,1156,26,0,45,9
53,500,30.000000,30.000000,2,0,6997223,1156,32.600000,1156,26,0,45,9
53,500,30.000000,30.000000,2,0,6997229,1158,32.600000,1158,26,0,45,9
53,500,30.000000,30.000000,2,0,6997235,1159,32.600000,1159,26,0,45,9
53,500,30.000000,30.000000,2,0,6997252,1162,32.600000,1162,26,0,45,9
53,-0.222222,30.000000,30.000000,2,0,6997260,1171,30.600000,1171,24,0,45,9
53,-0.166667,30.000000,30.000000,2,0,6997269,1177,29.600000,1177,23,0,45,9
53,-0.250000,30.000000,30.000000,2,0,6997275,1181,28.600000,1181,22,0,45,9
53,-0.500000,30.000000,30.000000,2,0,6997282,1183,27.600000,1183,21,0,45,9
53,500,30.000000,30.000000,2,0,6997288,1185,27.600000,1185,21,0,45,9
53,-1.000000,30.000000,30.000000,2,0,6997294,1186,26.600000,1186,20,0,45,9
53,500,30.000000,30.000000,2,0,6997300,1187,26.600000,1187,20,0,45,9
53,500,30.000000,30.000000,2,0,6997306,1188,26.600000,1188,20,0,45,9
53,500,30.000000,30.000000,2,0,6997312,1188,26.600000,1188,20,0,45,9
53,500,30.000000,30.000000,2,0,6997319,1188,26.600000,1188,20,0,45,9
53,500,30.000000,30.000000,2,0,6997326,1188,26.600000,1188,20,0,45,9
53,500,30.000000,30.000000,2,0,6997342,1188,26.600000,1188,20,0,45,9
53,500,30.000000,30.000000,2,0,6997351,1188,26.600000,1188,20,0,45,9
53,500,30.000000,30.000000,2,0,6997359,1188,26.600000,1188,20,0,45,9
53,-1.000000,30.000000,30.000000,2,0,6997366,1189,25.600000,1189,19,0,45,9
53,500,30.000000,30.000000,2,0,6997372,1189,24.600000,1189,18,0,45,9
53,-1.000000,30.000000,30.000000,2,0,6997378,1190,23.600000,1190,17,0,45,9
53,-1.000000,30.000000,30.000000,2,0,6997383,1191,22.600000,1191,16,0,45,9
53,-1.000000,30.000000,30.000000,2,0,6997390,1192,21.600000,1192,15,0,45,9
53,500,30.000000,30.000000,2,0,6997395,1192,20.600000,1192,14,0,45,9
53,-1.000000,30.000000,30.000000,2,0,6997402,1193,19.600000,1193,13,0,45,9
53,-1.000000,30.000000,30.000000,2,0,6997409,1194,18.600000,1194,12,0,45,9
53,500,30.000000,30.000000,2,0,6997416,1194,17.600000,1194,11,0,45,9
53,500,30.000000,30.000000,2,0,6997432,1194,16.600000,1194,10,0,45,9
53,500,30.000000,30.000000,2,0,6997441,1194,15.600000,1194,9,0,45,9
53,500,30.000000,30.000000,2,0,6997449,1195,15.600000,1195,9,0,45,9
53,500,30.000000,30.000000,2,0,6997455,1195,15.600000,1195,9,0,45,9
53,500,30.000000,30.000000,2,0,6997462,1195,15.600000,1195,9,0,45,9
53,500,30.000000,30.000000,2,0,6997470,1197,15.600000,1197,9,0,45,9
53,500,30.000000,30.000000,2,0,6997476,1199,15.600000,1199,9,0,45,9
53,500,30.000000,30.000000,2,0,6997481,1200,15.600000,1200,9,0,45,9
53,500,30.000000,30.000000,2,0,6997488,1201,15.600000,1201,9,0,45,9
53,500,30.000000,30.000000,2,0,6997495,1203,15.600000,1203,9,0,45,9
53,-1.000000,30.000000,30.000000,2,0,6997501,1204,14.600000,1204,8,0,45,9
53,500,30.000000,30.000000,2,0,6997508,1205,14.600000,1205,8,0,45,9
53,500,30.000000,30.000000,2,0,6997537,1206,14.600000,1206,8,0,45,9
