53,500,115.000000,90.000000,1,0,5840755,733,13,733,13,0,5,1
53,500,115.000000,90.000000,1,0,5840757,733,13,733,13,0,5,1
53,500,115.000000,90.000000,1,0,5840763,733,14,733,14,0,5,1
53,500,115.000000,90.000000,1,0,5840769,734,15,734,15,0,5,1
53,500,115.000000,90.000000,1,0,5840775,735,16,735,16,0,5,1
53,500,115.000000,90.000000,1,0,5840781,737,16,737,16,0,5,1
53,500,115.000000,90.000000,1,0,5840788,738,16,738,16,0,5,1
53,500,115.000000,90.000000,1,0,5840795,741,17,741,17,0,5,1
53,500,115.000000,90.000000,1,0,5840802,744,17,744,17,0,5,1
53,500,115.000000,90.000000,1,0,5840809,747,18,747,18,0,5,1
53,500,115.000000,90.000000,1,0,5840816,752,20,752,20,0,5,1
53,500,115.000000,90.000000,1,0,5840823,759,22,759,22,0,5,1
53,500,115.000000,90.000000,1,0,5840830,769,25,769,25,0,5,1
53,500,115.000000,90.000000,1,0,5840837,782,28,782,28,0,5,1
53,500,115.000000,90.000000,1,0,5840844,801,33,801,33,0,5,1
53,500,115.000000,90.000000,1,0,5840851,826,39,826,39,0,5,1
53,500,115.000000,90.000000,1,0,5840858,847,45,847,45,0,5,1
53,500,115.000000,90.000000,1,0,5840865,875,50,875,50,0,5,1
53,500,115.000000,90.000000,1,0,5840872,904,54,904,54,0,5,1
53,500,115.000000,90.000000,1,0,5840878,938,58,938,58,0,5,1
53,500,115.000000,90.000000,1,0,5840885,977,61,977,61,0,5,1
53,500,115.000000,90.000000,1,0,5840893,1027,63,1027,63,0,5,1
53,500,115.000000,90.000000,1,0,5840899,1067,64,1067,64,0,5,1
53,500,115.000000,90.000000,1,0,5840906,1106,64,1106,64,0,5,1
53,500,115.000000,90.000000,1,0,5840914,1144,63,1144,63,0,5,1
53,500,115.000000,90.000000,1,0,5840920,1181,60,1181,60,0,5,1
53,500,115.000000,90.000000,1,0,5840936,1204,57,1204,57,0,5,1
53,500,115.000000,90.000000,1,0,5840945,1255,48,1255,48,0,5,1
53,500,115.000000,90.000000,1,0,5840953,1275,42,1275,42,0,5,1
53,500,115.000000,90.000000,1,0,5840959,1285,38,1285,38,0,5,1
53,500,115.000000,90.000000,1,0,5840965,1291,35,1291,35,0,5,1
53,500,115.000000,90.000000,1,0,5840971,1293,33,1293,33,0,5,1
53,500,115.000000,90.000000,1,0,5840977,1294,32,1294,32,0,5,1
53,500,115.000000,90.000000,1,0,5840983,1295,31,1295,31,0,5,1
53,500,115.000000,90.000000,1,0,5840990,1295,30,1295,30,0,5,1
53,500,115.000000,90.000000,1,0,5840997,1295,28,1295,28,0,5,1
53,500,115.000000,90.000000,1,0,5841003,1295,27,1295,27,0,5,1
53,500,115.000000,90.000000,1,0,5841010,1294,26,1294,26,0,5,1
53,500,115.000000,90.000000,1,0,5841018,1293,26,1293,26,0,5,1
53,500,115.000000,90.000000,1,0,5841024,1290,25,1290,25,0,5,1
53,500,115.000000,90.000000,1,0,5841032,1289,24,1289,24,0,5,1
53,500,115.000000,90.000000,1,0,5841038,1286,24,1286,24,0,5,1
53,500,115.000000,90.000000,1,0,5841045,1285,24,1285,24,0,5,1
53,500,115.000000,90.000000,1,0,5841053,1284,24,1284,24,0,5,1
53,500,115.000000,90.000000,1,0,5841059,1282,23,1282,23,0,5,1
53,500,115.000000,90.000000,1,0,5841067,1281,23,1281,23,0,5,1
53,500,115.000000,90.000000,1,0,5841073,1281,23,1281,23,0,5,1
53,500,115.000000,90.000000,1,0,5841080,1281,23,1281,23,0,5,1
53,500,115.000000,90.000000,1,0,5841096,1280,23,1280,23,0,5,1
53,500,115.000000,90.000000,1,0,5841105,1278,22,1278,22,0,5,1
53,500,115.000000,90.000000,1,0,5841113,1276,21,1276,21,0,5,1
53,500,115.000000,90.000000,1,0,5841119,1274,20,1274,20,0,5,1
53,500,115.000000,90.000000,1,0,5841125,1271,20,1271,20,0,5,1
53,500,115.000000,90.000000,1,0,5841132,1267,19,1267,19,0,5,1
53,500,115.000000,90.000000,1,0,5841138,1264,19,1264,19,0,5,1
53,500,115.000000,90.000000,1,0,5841144,1259,19,1259,19,0,5,1
53,500,115.000000,90.000000,1,0,5841150,1253,19,1253,19,0,5,1
53,500,115.000000,90.000000,1,0,5841157,1245,19,1245,19,0,5,1
53,500,115.000000,90.000000,1,0,5841163,1239,19,1239,19,0,5,1
53,500,115.000000,90.000000,1,0,5841170,1232,19,1232,19,0,5,1
53,500,115.000000,90.000000,1,0,5841177,1228,19,1228,19,0,5,1
53,500,115.000000,90.000000,1,0,5841184,1227,19,1227,19,0,5,1
53,500,115.000000,90.000000,1,0,5841191,1226,19,1226,19,0,5,1
53,500,115.000000,90.000000,1,0,5841198,1225,19,1225,19,0,5,1
53,500,115.000000,90.000000,1,0,5841204,1225,19,1225,19,0,5,1
