53,500,115.000000,0.000000,2,0,7193813,738,19,738,19,0,52,16
53,500,115.000000,0.000000,2,0,7193814,738,19,738,19,0,52,16
53,500,115.000000,0.000000,2,0,7193821,737,19,737,19,0,52,16
53,500,115.000000,0.000000,2,0,7193828,738,19,738,19,0,52,16
53,500,115.000000,0.000000,2,0,7193835,740,19,740,19,0,52,16
53,500,115.000000,0.000000,2,0,7193842,741,19,741,19,0,52,16
53,0.500000,115.000000,0.000000,2,0,7193849,743,20,743,20,0,52,16
53,500,115.000000,0.000000,2,0,7193856,744,20,744,20,0,52,16
53,1.000000,115.000000,0.000000,2,0,7193863,745,21,745,21,0,52,16
53,0.500000,115.000000,0.000000,2,0,7193870,747,22,747,22,0,52,16
53,0.666667,115.000000,0.000000,2,0,7193877,750,24,750,24,0,52,16
53,0.200000,115.000000,0.000000,2,0,7193884,755,25,755,25,0,52,16
53,0.400000,115.000000,0.000000,2,0,7193891,765,29,765,29,0,52,16
53,0.400000,115.000000,0.000000,2,0,7193907,780,35,780,35,0,52,16
53,0.279070,115.000000,0.000000,2,0,7193916,823,47,823,47,0,52,16
53,0.219512,115.000000,0.000000,2,0,7193924,864,56,864,56,0,52,16
53,0.209302,115.000000,0.000000,2,0,7193930,907,65,907,65,0,52,16
53,0.193548,115.000000,0.000000,2,0,7193937,938,71,938,71,0,52,16
53,0.156250,115.000000,0.000000,2,0,7193943,970,76,970,76,0,52,16
53,0.121212,115.000000,0.000000,2,0,7193948,1003,80,1003,80,0,52,16
53,0.088235,115.000000,0.000000,2,0,7193954,1037,83,1037,83,0,52,16
53,0.107143,115.000000,0.000000,2,0,7193960,1065,86,1065,86,0,52,16
53,0.062500,115.000000,0.000000,2,0,7193967,1097,88,1097,88,0,52,16
53,0.030303,115.000000,0.000000,2,0,7193974,1130,89,1130,89,0,52,16
53,500,115.000000,0.000000,2,0,7193981,1159,89,1159,89,0,52,16
53,500,115.000000,0.000000,2,0,7193989,1186,89,1186,89,0,52,16
53,-0.120000,115.000000,0.000000,2,0,7193996,1211,86,1211,86,0,52,16
53,-0.166667,115.000000,0.000000,2,0,7194002,1223,84,1223,84,0,52,16
53,-0.333333,115.000000,0.000000,2,0,7194009,1235,80,1235,80,0,52,16
53,-0.571429,115.000000,0.000000,2,0,7194017,1242,76,1242,76,0,52,16
53,-3.000000,115.000000,0.000000,2,0,7194032,1243,73,1243,73,0,52,16
53,4.500000,115.000000,0.000000,2,0,7194041,1241,64,1241,64,0,52,16
53,0.900000,115.000000,0.000000,2,0,7194049,1231,55,1231,55,0,52,16
53,0.727273,115.000000,0.000000,2,0,7194056,1220,47,1220,47,0,52,16
53,0.750000,115.000000,0.000000,2,0,7194062,1208,38,1208,38,0,52,16
53,0.555556,115.000000,0.000000,2,0,7194068,1199,33,1199,33,0,52,16
53,0.642857,115.000000,0.000000,2,0,7194074,1185,24,1185,24,0,52,16
53,0.727273,115.000000,0.000000,2,0,7194080,1174,16,1174,16,0,52,16
53,0.857143,115.000000,0.000000,2,0,7194086,1167,10,1167,10,0,52,16
53,1.000000,115.000000,0.000000,2,0,7194092,1161,4,1161,4,0,52,16
53,1.000000,115.000000,0.000000,2,0,7194099,1158,1,1158,1,0,52,16
53,0.200000,115.000000,0.000000,2,0,7194106,1154,0,1153,-7,0,52,16
53,500,115.000000,0.000000,2,0,7194127,1154,0,1149,-13,0,52,16
