53,500,30.000000,10000.000000,1,0,5920028,714,16,714,16,0,7,18
53,500,30.000000,10000.000000,1,0,5920030,714,16,714,16,0,7,18
53,500,30.000000,10000.000000,1,0,5920036,713,16,713,16,0,7,18
53,500,30.000000,10000.000000,1,0,5920043,712,16,712,16,0,7,18
53,500,30.000000,10000.000000,1,0,5920051,712,16,712,16,0,7,18
53,500,30.000000,10000.000000,1,0,5920057,712,16,712,16,0,7,18
53,500,30.000000,10000.000000,1,0,5920064,712,16,712,16,0,7,18
53,500,30.000000,10000.000000,1,0,5920071,712,16,712,16,0,7,18
53,500,30.000000,10000.000000,1,0,5920078,711,16,711,16,0,7,18
53,500,30.000000,10000.000000,1,0,5920085,710,16,710,16,0,7,18
53,500,30.000000,10000.000000,1,0,5920101,710,16,710,16,0,7,18
53,500,30.000000,10000.000000,1,0,5920110,717,17,717,17,0,7,18
53,500,30.000000,10000.000000,1,0,5920118,725,18,725,18,0,7,18
53,500,30.000000,10000.000000,1,0,5920124,736,20,736,20,0,7,18
53,500,30.000000,10000.000000,1,0,5920132,748,21,748,21,0,7,18
53,500,30.000000,10000.000000,1,0,5920139,760,23,760,23,0,7,18
53,500,30.000000,10000.000000,1,0,5920145,778,26,778,26,0,7,18
53,500,30.000000,10000.000000,1,0,5920151,795,29,795,29,0,7,18
53,500,30.000000,10000.000000,1,0,5920157,822,33,822,33,0,7,18
53,500,30.000000,10000.000000,1,0,5920163,839,37,839,37,0,7,18
53,500,30.000000,10000.000000,1,0,5920169,860,41,860,41,0,7,18
53,500,30.000000,10000.000000,1,0,5920176,891,47,891,47,0,7,18
53,500,30.000000,10000.000000,1,0,5920182,909,49,909,49,0,7,18
53,500,30.000000,10000.000000,1,0,5920189,940,53,940,53,0,7,18
53,500,30.000000,10000.000000,1,0,5920196,968,56,968,56,0,7,18
53,500,30.000000,10000.000000,1,0,5920203,998,58,998,58,0,7,18
53,500,30.000000,10000.000000,1,0,5920210,1036,59,1036,59,0,7,18
53,500,30.000000,10000.000000,1,0,5920217,1069,59,1069,59,0,7,18
53,500,30.000000,10000.000000,1,0,5920224,1104,59,1104,59,0,7,18
53,500,30.000000,10000.000000,1,0,5920231,1132,57,1132,57,0,7,18
53,500,30.000000,10000.000000,1,0,5920238,1156,54,1156,54,0,7,18
53,500,30.000000,10000.000000,1,0,5920244,1178,50,1178,50,0,7,18
53,500,30.000000,10000.000000,1,0,5920251,1194,46,1194,46,0,7,18
53,500,30.000000,10000.000000,1,0,5920258,1205,41,1205,41,0,7,18
53,500,30.000000,10000.000000,1,0,5920265,1210,37,1210,37,0,7,18
53,500,30.000000,10000.000000,1,0,5920272,1211,35,1211,35,0,7,18
53,500,30.000000,10000.000000,1,0,5920279,1212,30,1212,30,0,7,18
53,500,30.000000,10000.000000,1,0,5920286,1212,26,1212,26,0,7,18
53,500,30.000000,10000.000000,1,0,5920293,1212,21,1212,21,0,7,18
53,500,30.000000,10000.000000,1,0,5920300,1210,17,1210,17,0,7,18
53,500,30.000000,10000.000000,1,0,5920308,1209,14,1209,14,0,7,18
53,500,30.000000,10000.000000,1,0,5920314,1208,11,1208,11,0,7,18
53,500,30.000000,10000.000000,1,0,5920321,1206,9,1206,9,0,7,18
53,500,30.000000,10000.000000,1,0,5920328,1205,7,1205,7,0,7,18
53,500,30.000000,10000.000000,1,0,5920335,1203,6,1203,6,0,7,18
53,500,30.000000,10000.000000,1,0,5920351,1202,5,1202,5,0,7,18
53,500,30.000000,10000.000000,1,0,5920360,1202,4,1202,4,0,7,18
53,500,30.000000,10000.000000,1,0,5920368,1202,4,1202,4,0,7,18
53,500,30.000000,10000.000000,1,0,5920374,1202,4,1202,4,0,7,18
53,500,30.000000,10000.000000,1,0,5920380,1204,4,1204,4,0,7,18
53,500,30.000000,10000.000000,1,0,5920386,1205,4,1205,4,0,7,18
53,500,30.000000,10000.000000,1,0,5920392,1207,4,1207,4,0,7,18
53,500,30.000000,10000.000000,1,0,5920398,1208,4,1208,4,0,7,18
53,500,30.000000,10000.000000,1,0,5920404,1209,4,1209,4,0,7,18
53,500,30.000000,10000.000000,1,0,5920411,1210,4,1210,4,0,7,18
53,500,30.000000,10000.000000,1,0,5920419,1210,4,1210,4,0,7,18
53,500,30.000000,10000.000000,1,0,5920425,1210,4,1210,4,0,7,18
53,500,30.000000,10000.000000,1,0,5920432,1210,4,1210,4,0,7,18
53,500,30.000000,10000.000000,1,0,5920439,1209,4,1209,4,0,7,18
53,500,30.000000,10000.000000,1,0,5920446,1208,4,1208,4,0,7,18
53,500,30.000000,10000.000000,1,0,5920453,1206,4,1206,4,0,7,18
53,500,30.000000,10000.000000,1,0,5920460,1206,5,1206,5,0,7,18
53,500,30.000000,10000.000000,1,0,5920476,1206,6,1206,6,0,7,18
53,500,30.000000,10000.000000,1,0,5920485,1206,7,1206,7,0,7,18
53,500,30.000000,10000.000000,1,0,5920516,1206,8,1206,8,0,7,18
