53,1000,115.000000,90.000000,1,0,5926307,476,17,476,17,0,8,4
53,1000,115.000000,90.000000,1,0,5926310,476,17,476,17,0,8,4
53,1000,115.000000,90.000000,1,0,5926318,479,17,479,17,0,8,4
53,1000,115.000000,90.000000,1,0,5926326,480,17,480,17,0,8,4
53,1000,115.000000,90.000000,1,0,5926332,481,17,481,17,0,8,4
53,1000,115.000000,90.000000,1,0,5926338,481,17,481,17,0,8,4
53,1000,115.000000,90.000000,1,0,5926344,482,17,482,17,0,8,4
53,1000,115.000000,90.000000,1,0,5926350,482,17,482,17,0,8,4
53,1000,115.000000,90.000000,1,0,5926356,482,18,482,18,0,8,4
53,1000,115.000000,90.000000,1,0,5926363,483,19,483,19,0,8,4
53,1000,115.000000,90.000000,1,0,5926370,485,20,485,20,0,8,4
53,1000,115.000000,90.000000,1,0,5926377,488,23,488,23,0,8,4
53,1000,115.000000,90.000000,1,0,5926384,493,26,493,26,0,8,4
53,1000,115.000000,90.000000,1,0,5926390,501,30,501,30,0,8,4
53,1000,115.000000,90.000000,1,0,5926397,514,37,514,37,0,8,4
53,1000,115.000000,90.000000,1,0,5926404,532,45,532,45,0,8,4
53,1000,115.000000,90.000000,1,0,5926412,555,54,555,54,0,8,4
53,1000,115.000000,90.000000,1,0,5926418,589,65,589,65,0,8,4
53,1000,115.000000,90.000000,1,0,5926425,616,71,616,71,0,8,4
53,1000,115.000000,90.000000,1,0,5926432,660,78,660,78,0,8,4
53,1000,115.000000,90.000000,1,0,5926439,694,84,694,84,0,8,4
53,1000,115.000000,90.000000,1,0,5926446,730,88,730,88,0,8,4
53,1000,115.000000,90.000000,1,0,5926453,774,92,774,92,0,8,4
53,1000,115.000000,90.000000,1,0,5926460,817,94,817,94,0,8,4
53,1000,115.000000,90.000000,1,0,5926467,863,96,863,96,0,8,4
53,1000,115.000000,90.000000,1,0,5926474,915,97,915,97,0,8,4
53,1000,115.000000,90.000000,1,0,5926481,966,97,966,97,0,8,4
53,1000,115.000000,90.000000,1,0,5926487,1019,97,1019,97,0,8,4
53,1000,115.000000,90.000000,1,0,5926494,1069,96,1069,96,0,8,4
53,1000,115.000000,90.000000,1,0,5926501,1110,94,1110,94,0,8,4
53,1000,115.000000,90.000000,1,0,5926508,1150,92,1150,92,0,8,4
53,1000,115.000000,90.000000,1,0,5926515,1202,88,1202,88,0,8,4
53,1000,115.000000,90.000000,1,0,5926523,1243,84,1243,84,0,8,4
53,1000,115.000000,90.000000,1,0,5926529,1276,81,1276,81,0,8,4
53,1000,115.000000,90.000000,1,0,5926537,1299,78,1299,78,0,8,4
53,1000,115.000000,90.000000,1,0,5926543,1334,73,1334,73,0,8,4
53,1000,115.000000,90.000000,1,0,5926550,1355,70,1355,70,0,8,4
53,1000,115.000000,90.000000,1,0,5926557,1375,67,1375,67,0,8,4
53,1000,115.000000,90.000000,1,0,5926564,1390,64,1390,64,0,8,4
53,1000,115.000000,90.000000,1,0,5926571,1399,62,1399,62,0,8,4
53,1000,115.000000,90.000000,1,0,5926578,1406,61,1406,61,0,8,4
53,1000,115.000000,90.000000,1,0,5926586,1414,60,1414,60,0,8,4
53,1000,115.000000,90.000000,1,0,5926592,1419,59,1419,59,0,8,4
53,1000,115.000000,90.000000,1,0,5926599,1423,58,1423,58,0,8,4
53,1000,115.000000,90.000000,1,0,5926606,1425,58,1425,58,0,8,4
53,1000,115.000000,90.000000,1,0,5926613,1427,58,1427,58,0,8,4
53,1000,115.000000,90.000000,1,0,5926620,1427,57,1427,57,0,8,4
53,1000,115.000000,90.000000,1,0,5926627,1427,57,1427,57,0,8,4
53,1000,115.000000,90.000000,1,0,5926634,1427,57,1427,57,0,8,4
53,1000,115.000000,90.000000,1,0,5926640,1427,56,1427,56,0,8,4
53,1000,115.000000,90.000000,1,0,5926648,1427,55,1427,55,0,8,4
53,1000,115.000000,90.000000,1,0,5926655,1427,54,1427,54,0,8,4
53,1000,115.000000,90.000000,1,0,5926661,1427,53,1427,53,0,8,4
53,1000,115.000000,90.000000,1,0,5926668,1428,53,1428,53,0,8,4
53,1000,115.000000,90.000000,1,0,5926675,1429,53,1429,53,0,8,4
53,1000,115.000000,90.000000,1,0,5926691,1431,52,1431,52,0,8,4
53,1000,115.000000,90.000000,1,0,5926700,1436,50,1436,50,0,8,4
53,1000,115.000000,90.000000,1,0,5926708,1441,49,1441,49,0,8,4
53,1000,115.000000,90.000000,1,0,5926714,1445,47,1445,47,0,8,4
53,1000,115.000000,90.000000,1,0,5926720,1448,47,1448,47,0,8,4
53,1000,115.000000,90.000000,1,0,5926726,1450,47,1450,47,0,8,4
53,1000,115.000000,90.000000,1,0,5926732,1451,46,1451,46,0,8,4
53,1000,115.000000,90.000000,1,0,5926738,1452,45,1452,45,0,8,4
53,1000,115.000000,90.000000,1,0,5926745,1452,44,1452,44,0,8,4
53,1000,115.000000,90.000000,1,0,5926761,1452,43,1452,43,0,8,4
53,1000,115.000000,90.000000,1,0,5926770,1450,42,1450,42,0,8,4
53,1000,115.000000,90.000000,1,0,5926776,1447,41,1447,41,0,8,4
53,1000,115.000000,90.000000,1,0,5926782,1444,40,1444,40,0,8,4
53,1000,115.000000,90.000000,1,0,5926788,1441,39,1441,39,0,8,4
53,1000,115.000000,90.000000,1,0,5926794,1438,37,1438,37,0,8,4
53,1000,115.000000,90.000000,1,0,5926800,1436,36,1436,36,0,8,4
53,1000,115.000000,90.000000,1,0,5926815,1434,34,1434,34,0,8,4
53,1000,115.000000,90.000000,1,0,5926821,1431,29,1431,29,0,8,4
53,1000,115.000000,90.000000,1,0,5926829,1429,27,1429,27,0,8,4
53,1000,115.000000,90.000000,1,0,5926835,1428,24,1428,24,0,8,4
53,1000,115.000000,90.000000,1,0,5926842,1428,22,1428,22,0,8,4
53,1000,115.000000,90.000000,1,0,5926849,1428,21,1428,21,0,8,4
53,1000,115.000000,90.000000,1,0,5926856,1427,20,1427,20,0,8,4
53,1000,115.000000,90.000000,1,0,5926863,1427,19,1427,19,0,8,4
53,1000,115.000000,90.000000,1,0,5926887,1427,17,1427,17,0,8,4
