3,700,50.400000,0.000000,1,1,12164205,610,22,610,22,0,0,82
3,700,50.400000,0.000000,1,1,12164208,610,22,610,22,0,0,82
3,700,50.400000,0.000000,1,1,12164218,624,20,624,20,0,0,82
3,700,50.400000,0.000000,1,1,12164229,646,17,646,17,0,0,82
3,700,50.400000,0.000000,1,1,12164242,677,14,677,14,0,0,82
3,700,50.400000,0.000000,1,1,12164253,729,10,729,10,0,0,82
3,700,50.400000,0.000000,1,1,12164264,779,8,779,8,0,0,82
3,700,50.400000,0.000000,1,1,12164275,835,7,835,7,0,0,82
3,700,50.400000,0.000000,1,1,12164287,891,6,891,6,0,0,82
3,700,50.400000,0.000000,1,1,12164299,952,4,952,4,0,0,82
3,700,50.400000,0.000000,1,1,12164310,1016,3,1016,3,0,0,82
3,700,50.400000,0.000000,1,1,12164320,1068,1,1068,1,0,0,82
3,700,50.400000,0.000000,1,1,12164330,1105,1,1105,1,0,0,82
3,700,50.400000,0.000000,1,1,12164341,1138,1,1138,1,0,0,82
3,700,50.400000,0.000000,1,1,12164352,1166,0,1166,0,0,0,82
3,700,50.400000,0.000000,1,1,12164364,1187,0,1187,-1,0,0,82
3,700,50.400000,0.000000,1,1,12164375,1202,0,1202,-1,0,0,82
3,700,50.400000,0.000000,1,1,12164385,1209,0,1209,-2,0,0,82
3,700,50.400000,0.000000,1,1,12164396,1217,0,1217,-2,0,0,82
3,700,50.400000,0.000000,1,1,12164407,1226,0,1226,-2,0,0,82
3,700,50.400000,0.000000,1,1,12164417,1236,0,1236,-3,0,0,82
3,700,50.400000,0.000000,1,1,12164428,1245,0,1245,-3,0,0,82
3,700,50.400000,0.000000,1,1,12164439,1257,0,1257,-3,0,0,82
3,700,50.400000,0.000000,1,1,12164449,1265,0,1265,-4,0,0,82
3,700,50.400000,0.000000,1,1,12164467,1274,0,1274,-4,0,0,82
3,700,50.400000,0.000000,1,1,12164477,1282,0,1282,-5,0,0,82
3,700,50.400000,0.000000,1,1,12164487,1282,0,1282,-5,0,0,82
3,700,50.400000,0.000000,1,1,12164496,1282,0,1282,-5,0,0,82
3,700,50.400000,0.000000,1,1,12164508,1281,0,1281,-6,0,0,82
3,700,50.400000,0.000000,1,1,12164519,1280,0,1280,-6,0,0,82
3,700,50.400000,0.000000,1,1,12164529,1279,0,1279,-6,0,0,82
3,700,50.400000,0.000000,1,1,12164540,1279,0,1279,-6,0,0,82
3,700,50.400000,0.000000,1,1,12164552,1279,0,1279,-6,0,0,82
3,700,50.400000,0.000000,1,1,12164563,1279,0,1279,-6,0,0,82
3,700,50.400000,0.000000,1,1,12164574,1278,0,1278,-6,0,0,82
3,700,50.400000,0.000000,1,1,12164586,1277,0,1277,-6,0,0,82
3,700,50.400000,0.000000,1,1,12164598,1276,0,1276,-6,0,0,82
3,700,50.400000,0.000000,1,1,12164609,1276,0,1276,-6,0,0,82
3,700,50.400000,0.000000,1,1,12164620,1276,0,1276,-6,0,0,82
3,700,50.400000,0.000000,1,1,12164631,1276,0,1276,-6,0,0,82
3,700,50.400000,0.000000,1,1,12164641,1281,0,1281,-6,0,0,82
3,700,50.400000,0.000000,1,1,12164651,1285,0,1285,-6,0,0,82
3,700,50.400000,0.000000,1,1,12164661,1290,0,1290,-6,0,0,82
3,700,50.400000,0.000000,1,1,12164670,1295,0,1295,-7,0,0,82
3,700,50.400000,0.000000,1,1,12164681,1298,0,1298,-7,0,0,82
3,700,50.400000,0.000000,1,1,12164692,1299,0,1299,-7,0,0,82
3,700,50.400000,0.000000,1,1,12164703,1299,0,1299,-7,0,0,82
3,700,50.400000,0.000000,1,1,12164714,1299,0,1299,-7,0,0,82
3,700,50.400000,0.000000,1,1,12164725,1299,0,1299,-7,0,0,82
3,700,50.400000,0.000000,1,1,12164735,1300,0,1300,-7,0,0,82
3,700,50.400000,0.000000,1,1,12164745,1301,0,1301,-7,0,0,82
