3,350,21.600000,22.608000,1,1,12086766,785,22,785,22,0,0,16
3,350,21.600000,22.608000,1,1,12086767,785,22,785,22,0,0,16
3,350,21.600000,22.608000,1,1,12086777,785,22,785,22,0,0,16
3,350,21.600000,22.608000,1,1,12086788,785,22,785,22,0,0,16
3,350,21.600000,22.608000,1,1,12086798,785,22,785,22,0,0,16
3,350,21.600000,22.608000,1,1,12086808,785,22,785,22,0,0,16
3,350,21.600000,22.608000,1,1,12086818,786,22,786,22,0,0,16
3,350,21.600000,22.608000,1,1,12086828,788,22,788,22,0,0,16
3,350,21.600000,22.608000,1,1,12086839,794,22,794,22,0,0,16
3,350,21.600000,22.608000,1,1,12086851,805,22,805,22,0,0,16
3,350,21.600000,22.608000,1,1,12086861,825,22,825,22,0,0,16
3,350,21.600000,22.608000,1,1,12086872,845,22,845,22,0,0,16
3,350,21.600000,22.608000,1,1,12086883,875,20,875,20,0,0,16
3,350,21.600000,22.608000,1,1,12086893,910,17,910,17,0,0,16
3,350,21.600000,22.608000,1,1,12086906,944,14,944,14,0,0,16
3,350,21.600000,22.608000,1,1,12086917,1022,8,1022,8,0,0,16
3,350,21.600000,22.608000,1,1,12086927,1054,6,1054,6,0,0,16
3,350,21.600000,22.608000,1,1,12086939,1075,5,1075,5,0,0,16
3,350,21.600000,22.608000,1,1,12086951,1094,4,1094,4,0,0,16
3,350,21.600000,22.608000,1,1,12086963,1103,4,1103,4,0,0,16
3,350,21.600000,22.608000,1,1,12086974,1110,4,1110,4,0,0,16
3,350,21.600000,22.608000,1,1,12086983,1114,3,1114,3,0,0,16
3,350,21.600000,22.608000,1,1,12086993,1118,3,1118,3,0,0,16
3,350,21.600000,22.608000,1,1,12087003,1121,3,1121,3,0,0,16
3,350,21.600000,22.608000,1,1,12087013,1124,2,1124,2,0,0,16
3,350,21.600000,22.608000,1,1,12087024,1126,2,1126,2,0,0,16
3,350,21.600000,22.608000,1,1,12087034,1126,2,1126,2,0,0,16
3,350,21.600000,22.608000,1,1,12087046,1126,2,1126,2,0,0,16
3,350,21.600000,22.608000,1,1,12087056,1127,2,1127,2,0,0,16
3,350,21.600000,22.608000,1,1,12087068,1129,2,1129,2,0,0,16
3,350,21.600000,22.608000,1,1,12087079,1132,2,1132,2,0,0,16
3,350,21.600000,22.608000,1,1,12087089,1134,2,1134,2,0,0,16
3,350,21.600000,22.608000,1,1,12087099,1135,1,1135,1,0,0,16
3,350,21.600000,22.608000,1,1,12087110,1135,1,1135,1,0,0,16
3,350,21.600000,22.608000,1,1,12087122,1136,1,1136,1,0,0,16
3,350,21.600000,22.608000,1,1,12087133,1136,1,1136,1,0,0,16
3,350,21.600000,22.608000,1,1,12087144,1136,1,1136,1,0,0,16
3,350,21.600000,22.608000,1,1,12087156,1136,1,1136,1,0,0,16
3,350,21.600000,22.608000,1,1,12087166,1136,1,1136,1,0,0,16
3,350,21.600000,22.608000,1,1,12087176,1135,1,1135,1,0,0,16
3,350,21.600000,22.608000,1,1,12087186,1134,1,1134,1,0,0,16
3,350,21.600000,22.608000,1,1,12087197,1134,1,1134,1,0,0,16
3,350,21.600000,22.608000,1,1,12087207,1134,1,1134,1,0,0,16
3,350,21.600000,22.608000,1,1,12087218,1134,1,1134,1,0,0,16
3,350,21.600000,22.608000,1,1,12087229,1134,1,1134,1,0,0,16
3,350,21.600000,22.608000,1,1,12087239,1134,1,1134,1,0,0,16
3,350,21.600000,22.608000,1,1,12087250,1134,1,1134,1,0,0,16
3,350,21.600000,22.608000,1,1,12087259,1134,1,1134,1,0,0,16
