3,350,21.600000,0.000000,1,0,12332233,785,0,785,0,0,1,91
3,350,21.600000,0.000000,1,0,12332234,785,0,785,0,0,1,91
3,350,21.600000,0.000000,1,0,12332246,785,0,785,0,0,1,91
3,350,21.600000,0.000000,1,0,12332256,785,0,785,0,0,1,91
3,350,21.600000,0.000000,1,0,12332268,785,0,785,0,0,1,91
3,350,21.600000,0.000000,1,0,12332278,785,0,785,0,0,1,91
3,350,21.600000,0.000000,1,0,12332288,785,0,785,0,0,1,91
3,350,21.600000,0.000000,1,0,12332302,788,0,788,0,0,1,91
3,350,21.600000,0.000000,1,0,12332314,796,0,796,-2,0,1,91
3,350,21.600000,0.000000,1,0,12332326,809,0,809,-4,0,1,91
3,350,21.600000,0.000000,1,0,12332348,828,0,828,-6,0,1,91
3,350,21.600000,0.000000,1,0,12332360,898,0,898,-12,0,1,91
3,350,21.600000,0.000000,1,0,12332374,944,0,944,-15,0,1,91
3,350,21.600000,0.000000,1,0,12332388,997,0,997,-17,0,1,91
3,350,21.600000,0.000000,1,0,12332399,1053,0,1053,-18,0,1,91
3,350,21.600000,0.000000,1,0,12332412,1087,0,1087,-19,0,1,91
3,350,21.600000,0.000000,1,0,12332424,1152,0,1152,-21,0,1,91
3,350,21.600000,0.000000,1,0,12332436,1171,0,1171,-22,0,1,91
3,350,21.600000,0.000000,1,0,12332446,1180,0,1180,-23,0,1,91
3,350,21.600000,0.000000,1,0,12332456,1182,0,1182,-24,0,1,91
3,350,21.600000,0.000000,1,0,12332467,1184,0,1184,-25,0,1,91
3,350,21.600000,0.000000,1,0,12332478,1184,0,1184,-25,0,1,91
3,350,21.600000,0.000000,1,0,12332488,1184,0,1184,-25,0,1,91
3,350,21.600000,0.000000,1,0,12332499,1184,0,1184,-25,0,1,91
3,350,21.600000,0.000000,1,0,12332509,1184,0,1184,-25,0,1,91
3,350,21.600000,0.000000,1,0,12332519,1184,0,1184,-25,0,1,91
3,350,21.600000,0.000000,1,0,12332530,1184,0,1184,-25,0,1,91
3,350,21.600000,0.000000,1,0,12332542,1184,0,1184,-25,0,1,91
3,350,21.600000,0.000000,1,0,12332552,1184,0,1184,-25,0,1,91
3,350,21.600000,0.000000,1,0,12332563,1184,0,1184,-25,0,1,91
3,350,21.600000,0.000000,1,0,12332574,1184,0,1184,-25,0,1,91
3,350,21.600000,0.000000,1,0,12332584,1184,0,1184,-25,0,1,91
3,350,21.600000,0.000000,1,0,12332594,1183,0,1183,-25,0,1,91
3,350,21.600000,0.000000,1,0,12332606,1183,0,1183,-25,0,1,91
3,350,21.600000,0.000000,1,0,12332617,1183,0,1183,-25,0,1,91
3,350,21.600000,0.000000,1,0,12332627,1183,0,1183,-25,0,1,91
3,350,21.600000,0.000000,1,0,12332638,1183,0,1183,-25,0,1,91
3,350,21.600000,0.000000,1,0,12332649,1183,0,1183,-25,0,1,91
3,350,21.600000,0.000000,1,0,12332659,1184,0,1184,-25,0,1,91
3,350,21.600000,0.000000,1,0,12332670,1185,0,1185,-25,0,1,91
3,350,21.600000,0.000000,1,0,12332681,1185,0,1185,-25,0,1,91
3,350,21.600000,0.000000,1,0,12332692,1183,0,1183,-26,0,1,91
3,350,21.600000,0.000000,1,0,12332702,1181,0,1181,-26,0,1,91
3,350,21.600000,0.000000,1,0,12332712,1178,0,1178,-26,0,1,91
3,350,21.600000,0.000000,1,0,12332723,1171,0,1171,-26,0,1,91
3,350,21.600000,0.000000,1,0,12332735,1161,0,1161,-26,0,1,91
3,350,21.600000,0.000000,1,0,12332745,1148,0,1148,-26,0,1,91
3,350,21.600000,0.000000,1,0,12332756,1140,0,1140,-26,0,1,91
3,350,21.600000,0.000000,1,0,12332766,1134,0,1134,-26,0,1,91
3,350,21.600000,0.000000,1,0,12332777,1132,0,1132,-26,0,1,91
3,350,21.600000,0.000000,1,0,12332788,1132,0,1132,-26,0,1,91
3,350,21.600000,0.000000,1,0,12332799,1132,0,1132,-26,0,1,91
3,350,21.600000,0.000000,1,0,12332809,1132,0,1132,-27,0,1,91
3,350,21.600000,0.000000,1,0,12332819,1132,0,1132,-28,0,1,91
3,350,21.600000,0.000000,1,0,12332831,1132,0,1132,-28,0,1,91
3,350,21.600000,0.000000,1,0,12332842,1132,0,1132,-28,0,1,91
3,350,21.600000,0.000000,1,0,12332852,1132,0,1132,-28,0,1,91
3,350,21.600000,0.000000,1,0,12332862,1132,0,1132,-28,0,1,91
3,350,21.600000,0.000000,1,0,12332873,1132,0,1132,-28,0,1,91
3,350,21.600000,0.000000,1,0,12332885,1132,0,1132,-28,0,1,91
3,350,21.600000,0.000000,1,0,12332895,1132,0,1132,-28,0,1,91
3,350,21.600000,0.000000,1,0,12332905,1132,0,1132,-28,0,1,91
3,350,21.600000,0.000000,1,0,12332915,1131,0,1131,-28,0,1,91
3,350,21.600000,0.000000,1,0,12332927,1128,0,1128,-28,0,1,91
3,350,21.600000,0.000000,1,0,12332937,1123,0,1123,-28,0,1,91
3,350,21.600000,0.000000,1,0,12332948,1117,0,1117,-28,0,1,91
3,350,21.600000,0.000000,1,0,12332958,1115,0,1115,-29,0,1,91
3,350,21.600000,0.000000,1,0,12332968,1113,0,1113,-30,0,1,91
3,350,21.600000,0.000000,1,0,12332978,1113,0,1113,-30,0,1,91
3,350,21.600000,0.000000,1,0,12332989,1113,0,1113,-31,0,1,91
3,350,21.600000,0.000000,1,0,12332999,1114,0,1114,-32,0,1,91
3,350,21.600000,0.000000,1,0,12333010,1116,0,1116,-33,0,1,91
3,350,21.600000,0.000000,1,0,12333021,1118,0,1118,-33,0,1,91
3,350,21.600000,0.000000,1,0,12333031,1119,0,1119,-34,0,1,91
3,350,21.600000,0.000000,1,0,12333041,1120,0,1120,-34,0,1,91
3,350,21.600000,0.000000,1,0,12333052,1121,0,1121,-34,0,1,91
3,350,21.600000,0.000000,1,0,12333062,1121,0,1121,-34,0,1,91
3,350,21.600000,0.000000,1,0,12333072,1121,0,1121,-34,0,1,91
3,350,21.600000,0.000000,1,0,12333081,1122,0,1122,-34,0,1,91
3,350,21.600000,0.000000,1,0,12333092,1123,0,1123,-34,0,1,91
3,350,21.600000,0.000000,1,0,12333103,1125,0,1125,-34,0,1,91
3,350,21.600000,0.000000,1,0,12333113,1127,0,1127,-35,0,1,91
3,350,21.600000,0.000000,1,0,12333124,1129,0,1129,-35,0,1,91
3,350,21.600000,0.000000,1,0,12333134,1131,0,1131,-35,0,1,91
3,350,21.600000,0.000000,1,0,12333144,1132,0,1132,-36,0,1,91
3,350,21.600000,0.000000,1,0,12333154,1132,0,1132,-36,0,1,91
3,350,21.600000,0.000000,1,0,12333165,1132,0,1132,-36,0,1,91
3,350,21.600000,0.000000,1,0,12333176,1132,0,1132,-36,0,1,91
3,350,21.600000,0.000000,1,0,12333186,1131,0,1131,-36,0,1,91
3,350,21.600000,0.000000,1,0,12333197,1131,0,1131,-36,0,1,91
3,350,21.600000,0.000000,1,0,12333207,1131,0,1131,-36,0,1,91
3,350,21.600000,0.000000,1,0,12333218,1131,0,1131,-36,0,1,91
3,350,21.600000,0.000000,1,0,12333228,1131,0,1131,-36,0,1,91
3,350,21.600000,0.000000,1,0,12333240,1131,0,1131,-36,0,1,91
