3,350,21.600000,42.984000,1,0,12329029,785,0,785,0,0,1,88
3,350,21.600000,42.984000,1,0,12329030,785,0,785,0,0,1,88
3,350,21.600000,42.984000,1,0,12329041,793,0,793,-2,0,1,88
3,350,21.600000,42.984000,1,0,12329051,809,0,809,-4,0,1,88
3,350,21.600000,42.984000,1,0,12329063,829,0,829,-6,0,1,88
3,350,21.600000,42.984000,1,0,12329074,854,0,854,-7,0,1,88
3,350,21.600000,42.984000,1,0,12329084,885,0,885,-8,0,1,88
3,350,21.600000,42.984000,1,0,12329095,913,0,913,-9,0,1,88
3,350,21.600000,42.984000,1,0,12329106,950,0,950,-10,0,1,88
3,350,21.600000,42.984000,1,0,12329117,984,0,984,-10,0,1,88
3,350,21.600000,42.984000,1,0,12329129,1012,0,1012,-10,0,1,88
3,350,21.600000,42.984000,1,0,12329139,1032,0,1032,-10,0,1,88
3,350,21.600000,42.984000,1,0,12329151,1040,0,1040,-10,0,1,88
3,350,21.600000,42.984000,1,0,12329161,1042,0,1042,-11,0,1,88
3,350,21.600000,42.984000,1,0,12329172,1044,0,1044,-12,0,1,88
3,350,21.600000,42.984000,1,0,12329182,1044,0,1044,-12,0,1,88
3,350,21.600000,42.984000,1,0,12329195,1044,0,1044,-13,0,1,88
3,350,21.600000,42.984000,1,0,12329206,1046,0,1046,-14,0,1,88
3,350,21.600000,42.984000,1,0,12329216,1053,0,1053,-15,0,1,88
3,350,21.600000,42.984000,1,0,12329227,1067,0,1067,-16,0,1,88
3,350,21.600000,42.984000,1,0,12329238,1090,0,1090,-17,0,1,88
3,350,21.600000,42.984000,1,0,12329250,1117,0,1117,-18,0,1,88
3,350,21.600000,42.984000,1,0,12329260,1142,0,1142,-18,0,1,88
3,350,21.600000,42.984000,1,0,12329270,1158,0,1158,-18,0,1,88
3,350,21.600000,42.984000,1,0,12329281,1165,0,1165,-18,0,1,88
3,350,21.600000,42.984000,1,0,12329291,1166,0,1166,-18,0,1,88
3,350,21.600000,42.984000,1,0,12329302,1164,0,1164,-18,0,1,88
3,350,21.600000,42.984000,1,0,12329314,1162,0,1162,-18,0,1,88
3,350,21.600000,42.984000,1,0,12329324,1161,0,1161,-18,0,1,88
3,350,21.600000,42.984000,1,0,12329335,1160,0,1160,-18,0,1,88
3,350,21.600000,42.984000,1,0,12329347,1159,0,1159,-18,0,1,88
3,350,21.600000,42.984000,1,0,12329358,1159,0,1159,-18,0,1,88
3,350,21.600000,42.984000,1,0,12329369,1159,0,1159,-18,0,1,88
3,350,21.600000,42.984000,1,0,12329379,1159,0,1159,-18,0,1,88
3,350,21.600000,42.984000,1,0,12329389,1159,0,1159,-18,0,1,88
3,350,21.600000,42.984000,1,0,12329399,1159,0,1159,-18,0,1,88
3,350,21.600000,42.984000,1,0,12329410,1158,0,1158,-18,0,1,88
3,350,21.600000,42.984000,1,0,12329422,1158,0,1158,-18,0,1,88
3,350,21.600000,42.984000,1,0,12329433,1158,0,1158,-18,0,1,88
3,350,21.600000,42.984000,1,0,12329444,1158,0,1158,-18,0,1,88
3,350,21.600000,42.984000,1,0,12329455,1157,0,1157,-18,0,1,88
3,350,21.600000,42.984000,1,0,12329465,1154,0,1154,-18,0,1,88
3,350,21.600000,42.984000,1,0,12329479,1151,0,1151,-18,0,1,88
3,350,21.600000,42.984000,1,0,12329490,1149,0,1149,-18,0,1,88
3,350,21.600000,42.984000,1,0,12329501,1148,0,1148,-18,0,1,88
3,350,21.600000,42.984000,1,0,12329511,1147,0,1147,-18,0,1,88
3,350,21.600000,42.984000,1,0,12329522,1147,0,1147,-18,0,1,88
3,350,21.600000,42.984000,1,0,12329532,1146,0,1146,-18,0,1,88
3,350,21.600000,42.984000,1,0,12329544,1145,0,1145,-18,0,1,88
3,350,21.600000,42.984000,1,0,12329555,1143,0,1143,-18,0,1,88
3,350,21.600000,42.984000,1,0,12329565,1142,0,1142,-18,0,1,88
3,350,21.600000,42.984000,1,0,12329575,1141,0,1141,-18,0,1,88
3,350,21.600000,42.984000,1,0,12329587,1141,0,1141,-18,0,1,88
3,350,21.600000,42.984000,1,0,12329598,1141,0,1141,-18,0,1,88
3,350,21.600000,42.984000,1,0,12329607,1141,0,1141,-18,0,1,88
3,350,21.600000,42.984000,1,0,12329619,1141,0,1141,-18,0,1,88
3,350,21.600000,42.984000,1,0,12329630,1141,0,1141,-18,0,1,88
3,350,21.600000,42.984000,1,0,12329640,1141,0,1141,-18,0,1,88
3,350,21.600000,42.984000,1,0,12329650,1141,0,1141,-18,0,1,88
3,350,21.600000,42.984000,1,0,12329661,1141,0,1141,-18,0,1,88
3,350,21.600000,42.984000,1,0,12329670,1141,0,1141,-18,0,1,88
