3,350,50.400000,0.000000,0,1,12338953,785,22,785,22,0,1,97
3,350,50.400000,0.000000,0,1,12338954,785,22,785,22,0,1,97
3,350,50.400000,0.000000,0,1,12338964,786,22,786,22,0,1,97
3,350,50.400000,0.000000,0,1,12338975,786,22,786,22,0,1,97
3,350,50.400000,0.000000,0,1,12338985,786,22,786,22,0,1,97
3,350,50.400000,0.000000,0,1,12338997,786,22,786,22,0,1,97
3,350,50.400000,0.000000,0,1,12339009,788,22,788,22,0,1,97
3,350,50.400000,0.000000,0,1,12339019,794,22,794,22,0,1,97
3,350,50.400000,0.000000,0,1,12339030,803,21,803,21,0,1,97
3,350,50.400000,0.000000,0,1,12339040,822,19,822,19,0,1,97
3,350,50.400000,0.000000,0,1,12339051,850,17,850,17,0,1,97
3,350,50.400000,0.000000,0,1,12339061,892,14,892,14,0,1,97
3,350,50.400000,0.000000,0,1,12339071,935,11,935,11,0,1,97
3,350,50.400000,0.000000,0,1,12339083,982,8,982,8,0,1,97
3,350,50.400000,0.000000,0,1,12339094,1038,5,1038,5,0,1,97
3,350,50.400000,0.000000,0,1,12339104,1079,3,1079,3,0,1,97
3,350,50.400000,0.000000,0,1,12339114,1106,1,1106,1,0,1,97
3,350,50.400000,0.000000,0,1,12339125,1122,0,1122,-1,0,1,97
3,350,50.400000,0.000000,0,1,12339135,1130,0,1130,-3,0,1,97
3,350,50.400000,0.000000,0,1,12339146,1131,0,1131,-3,0,1,97
3,350,50.400000,0.000000,0,1,12339156,1131,0,1131,-3,0,1,97
3,350,50.400000,0.000000,0,1,12339167,1131,0,1131,-4,0,1,97
3,350,50.400000,0.000000,0,1,12339177,1131,0,1131,-4,0,1,97
3,350,50.400000,0.000000,0,1,12339188,1130,0,1130,-4,0,1,97
3,350,50.400000,0.000000,0,1,12339199,1129,0,1129,-4,0,1,97
3,350,50.400000,0.000000,0,1,12339210,1129,0,1129,-4,0,1,97
3,350,50.400000,0.000000,0,1,12339222,1129,0,1129,-4,0,1,97
3,350,50.400000,0.000000,0,1,12339233,1129,0,1129,-4,0,1,97
3,350,50.400000,0.000000,0,1,12339244,1129,0,1129,-4,0,1,97
3,350,50.400000,0.000000,0,1,12339255,1129,0,1129,-4,0,1,97
3,350,50.400000,0.000000,0,1,12339266,1129,0,1129,-4,0,1,97
3,350,50.400000,0.000000,0,1,12339279,1129,0,1129,-4,0,1,97
3,350,50.400000,0.000000,0,1,12339291,1129,0,1129,-4,0,1,97
3,350,50.400000,0.000000,0,1,12339302,1129,0,1129,-4,0,1,97
3,350,50.400000,0.000000,0,1,12339314,1129,0,1129,-4,0,1,97
3,350,50.400000,0.000000,0,1,12339325,1129,0,1129,-4,0,1,97
3,350,50.400000,0.000000,0,1,12339336,1129,0,1129,-4,0,1,97
3,350,50.400000,0.000000,0,1,12339346,1129,0,1129,-4,0,1,97
