3,700,21.600000,12.276000,1,0,12541145,610,0,610,0,0,3,23
3,700,21.600000,12.276000,1,0,12541146,610,0,610,0,0,3,23
3,700,21.600000,12.276000,1,0,12541157,610,0,610,0,0,3,23
3,700,21.600000,12.276000,1,0,12541167,610,0,610,0,0,3,23
3,700,21.600000,12.276000,1,0,12541177,610,0,610,0,0,3,23
3,700,21.600000,12.276000,1,0,12541188,611,0,611,0,0,3,23
3,700,21.600000,12.276000,1,0,12541198,613,0,613,0,0,3,23
3,700,21.600000,12.276000,1,0,12541209,617,0,617,0,0,3,23
3,700,21.600000,12.276000,1,0,12541219,625,0,625,-1,0,3,23
3,700,21.600000,12.276000,1,0,12541230,641,0,641,-2,0,3,23
3,700,21.600000,12.276000,1,0,12541241,659,0,659,-2,0,3,23
3,700,21.600000,12.276000,1,0,12541252,685,0,685,-2,0,3,23
3,700,21.600000,12.276000,1,0,12541263,712,0,712,-3,0,3,23
3,700,21.600000,12.276000,1,0,12541274,740,0,740,-5,0,3,23
3,700,21.600000,12.276000,1,0,12541285,772,0,772,-8,0,3,23
3,700,21.600000,12.276000,1,0,12541297,814,0,814,-11,0,3,23
3,700,21.600000,12.276000,1,0,12541309,871,0,871,-13,0,3,23
3,700,21.600000,12.276000,1,0,12541321,940,0,940,-14,0,3,23
3,700,21.600000,12.276000,1,0,12541331,1006,0,1006,-14,0,3,23
3,700,21.600000,12.276000,1,0,12541343,1066,0,1066,-14,0,3,23
3,700,21.600000,12.276000,1,0,12541355,1138,0,1138,-15,0,3,23
3,700,21.600000,12.276000,1,0,12541367,1206,0,1206,-17,0,3,23
3,700,21.600000,12.276000,1,0,12541378,1269,0,1269,-19,0,3,23
3,700,21.600000,12.276000,1,0,12541388,1320,0,1320,-21,0,3,23
3,700,21.600000,12.276000,1,0,12541400,1359,0,1359,-22,0,3,23
3,700,21.600000,12.276000,1,0,12541411,1388,0,1388,-24,0,3,23
3,700,21.600000,12.276000,1,0,12541423,1402,0,1402,-24,0,3,23
3,700,21.600000,12.276000,1,0,12541433,1403,0,1403,-25,0,3,23
3,700,21.600000,12.276000,1,0,12541443,1401,0,1401,-25,0,3,23
3,700,21.600000,12.276000,1,0,12541453,1396,0,1396,-25,0,3,23
3,700,21.600000,12.276000,1,0,12541463,1390,2,1390,-23,0,3,23
3,700,21.600000,12.276000,1,0,12541473,1383,3,1383,-22,0,3,23
3,700,21.600000,12.276000,1,0,12541482,1379,4,1379,-21,0,3,23
3,700,21.600000,12.276000,1,0,12541494,1377,5,1377,-20,0,3,23
3,700,21.600000,12.276000,1,0,12541505,1377,5,1377,-20,0,3,23
3,700,21.600000,12.276000,1,0,12541516,1377,5,1377,-20,0,3,23
3,700,21.600000,12.276000,1,0,12541528,1377,5,1377,-20,0,3,23
3,700,21.600000,12.276000,1,0,12541541,1377,5,1377,-20,0,3,23
3,700,21.600000,12.276000,1,0,12541553,1377,5,1377,-20,0,3,23
3,700,21.600000,12.276000,1,0,12541565,1377,5,1377,-20,0,3,23
3,700,21.600000,12.276000,1,0,12541575,1377,5,1377,-20,0,3,23
3,700,21.600000,12.276000,1,0,12541586,1377,5,1377,-20,0,3,23
3,700,21.600000,12.276000,1,0,12541597,1377,5,1377,-20,0,3,23
3,700,21.600000,12.276000,1,0,12541607,1377,5,1377,-20,0,3,23
3,700,21.600000,12.276000,1,0,12541618,1376,5,1376,-20,0,3,23
3,700,21.600000,12.276000,1,0,12541629,1371,6,1371,-19,0,3,23
3,700,21.600000,12.276000,1,0,12541640,1359,6,1359,-19,0,3,23
3,700,21.600000,12.276000,1,0,12541650,1344,6,1344,-19,0,3,23
3,700,21.600000,12.276000,1,0,12541663,1329,6,1329,-19,0,3,23
3,700,21.600000,12.276000,1,0,12541674,1312,6,1312,-19,0,3,23
3,700,21.600000,12.276000,1,0,12541684,1300,6,1300,-19,0,3,23
3,700,21.600000,12.276000,1,0,12541694,1293,6,1293,-19,0,3,23
3,700,21.600000,12.276000,1,0,12541706,1289,6,1289,-19,0,3,23
3,700,21.600000,12.276000,1,0,12541715,1289,6,1289,-19,0,3,23
3,700,21.600000,12.276000,1,0,12541727,1289,6,1289,-19,0,3,23
3,700,21.600000,12.276000,1,0,12541737,1289,6,1289,-19,0,3,23
3,700,21.600000,12.276000,1,0,12541748,1290,6,1290,-19,0,3,23
3,700,21.600000,12.276000,1,0,12541759,1291,6,1291,-19,0,3,23
3,700,21.600000,12.276000,1,0,12541769,1292,6,1292,-19,0,3,23
3,700,21.600000,12.276000,1,0,12541780,1294,6,1294,-19,0,3,23
3,700,21.600000,12.276000,1,0,12541790,1295,6,1295,-19,0,3,23
3,700,21.600000,12.276000,1,0,12541799,1296,5,1296,-20,0,3,23
3,700,21.600000,12.276000,1,0,12541810,1297,4,1297,-21,0,3,23
3,700,21.600000,12.276000,1,0,12541820,1297,4,1297,-21,0,3,23
3,700,21.600000,12.276000,1,0,12541830,1297,4,1297,-21,0,3,23
3,700,21.600000,12.276000,1,0,12541840,1297,4,1297,-21,0,3,23
3,700,21.600000,12.276000,1,0,12541850,1298,4,1298,-21,0,3,23
3,700,21.600000,12.276000,1,0,12541862,1299,4,1299,-21,0,3,23
3,700,21.600000,12.276000,1,0,12541872,1301,3,1301,-22,0,3,23
3,700,21.600000,12.276000,1,0,12541883,1302,3,1302,-22,0,3,23
3,700,21.600000,12.276000,1,0,12541896,1304,3,1304,-22,0,3,23
3,700,21.600000,12.276000,1,0,12541907,1306,2,1306,-23,0,3,23
3,700,21.600000,12.276000,1,0,12541918,1307,2,1307,-23,0,3,23
3,700,21.600000,12.276000,1,0,12541929,1308,2,1308,-23,0,3,23
3,700,21.600000,12.276000,1,0,12541941,1308,2,1308,-23,0,3,23
3,700,21.600000,12.276000,1,0,12541952,1308,2,1308,-23,0,3,23
3,700,21.600000,12.276000,1,0,12541962,1309,2,1309,-23,0,3,23
3,700,21.600000,12.276000,1,0,12541972,1309,2,1309,-23,0,3,23
3,700,21.600000,12.276000,1,0,12541982,1311,1,1311,-24,0,3,23
3,700,21.600000,12.276000,1,0,12541992,1314,1,1314,-24,0,3,23
3,700,21.600000,12.276000,1,0,12542002,1317,1,1317,-24,0,3,23
3,700,21.600000,12.276000,1,0,12542012,1318,1,1318,-24,0,3,23
3,700,21.600000,12.276000,1,0,12542022,1318,1,1318,-24,0,3,23
3,700,21.600000,12.276000,1,0,12542032,1318,1,1318,-24,0,3,23
3,700,21.600000,12.276000,1,0,12542042,1318,1,1318,-24,0,3,23
3,700,21.600000,12.276000,1,0,12542051,1316,1,1316,-24,0,3,23
3,700,21.600000,12.276000,1,0,12542061,1314,1,1314,-24,0,3,23
3,700,21.600000,12.276000,1,0,12542071,1313,1,1313,-24,0,3,23
3,700,21.600000,12.276000,1,0,12542081,1312,1,1312,-24,0,3,23
3,700,21.600000,12.276000,1,0,12542092,1311,1,1311,-24,0,3,23
3,700,21.600000,12.276000,1,0,12542102,1311,1,1311,-24,0,3,23
3,700,21.600000,12.276000,1,0,12542114,1311,1,1311,-24,0,3,23
3,700,21.600000,12.276000,1,0,12542127,1311,1,1311,-24,0,3,23
3,700,21.600000,12.276000,1,0,12542139,1311,1,1311,-24,0,3,23
3,700,21.600000,12.276000,1,0,12542150,1311,1,1311,-24,0,3,23
3,700,21.600000,12.276000,1,0,12542160,1311,1,1311,-24,0,3,23
3,700,21.600000,12.276000,1,0,12542169,1311,1,1311,-24,0,3,23
