3,700,21.600000,12.276000,0,1,12719681,610,22,610,22,0,4,39
3,700,21.600000,12.276000,0,1,12719683,610,22,610,22,0,4,39
3,700,21.600000,12.276000,0,1,12719696,612,22,612,22,0,4,39
3,700,21.600000,12.276000,0,1,12719706,620,22,620,22,0,4,39
3,700,21.600000,12.276000,0,1,12719718,631,21,631,21,0,4,39
3,700,21.600000,12.276000,0,1,12719729,654,19,654,19,0,4,39
3,700,21.600000,12.276000,0,1,12719740,693,17,693,17,0,4,39
3,700,21.600000,12.276000,0,1,12719753,737,17,737,17,0,4,39
3,700,21.600000,12.276000,0,1,12719765,793,16,793,16,0,4,39
3,700,21.600000,12.276000,0,1,12719775,853,16,853,16,0,4,39
3,700,21.600000,12.276000,0,1,12719786,917,16,917,16,0,4,39
3,700,21.600000,12.276000,0,1,12719798,985,16,985,16,0,4,39
3,700,21.600000,12.276000,0,1,12719809,1060,15,1060,15,0,4,39
3,700,21.600000,12.276000,0,1,12719821,1122,14,1122,14,0,4,39
3,700,21.600000,12.276000,0,1,12719831,1194,12,1194,12,0,4,39
3,700,21.600000,12.276000,0,1,12719841,1244,11,1244,11,0,4,39
3,700,21.600000,12.276000,0,1,12719853,1285,10,1285,10,0,4,39
3,700,21.600000,12.276000,0,1,12719863,1316,9,1316,9,0,4,39
3,700,21.600000,12.276000,0,1,12719873,1331,8,1331,8,0,4,39
3,700,21.600000,12.276000,0,1,12719884,1336,8,1336,8,0,4,39
3,700,21.600000,12.276000,0,1,12719894,1335,8,1335,8,0,4,39
3,700,21.600000,12.276000,0,1,12719906,1332,8,1332,8,0,4,39
3,700,21.600000,12.276000,0,1,12719917,1329,8,1329,8,0,4,39
3,700,21.600000,12.276000,0,1,12719928,1326,8,1326,8,0,4,39
3,700,21.600000,12.276000,0,1,12719938,1325,8,1325,8,0,4,39
3,700,21.600000,12.276000,0,1,12719949,1324,8,1324,8,0,4,39
3,700,21.600000,12.276000,0,1,12719961,1324,8,1324,8,0,4,39
3,700,21.600000,12.276000,0,1,12719971,1324,8,1324,8,0,4,39
3,700,21.600000,12.276000,0,1,12719981,1324,8,1324,8,0,4,39
3,700,21.600000,12.276000,0,1,12719991,1325,8,1325,8,0,4,39
3,700,21.600000,12.276000,0,1,12720007,1326,8,1326,8,0,4,39
3,700,21.600000,12.276000,0,1,12720019,1326,8,1326,8,0,4,39
3,700,21.600000,12.276000,0,1,12720030,1325,8,1325,8,0,4,39
3,700,21.600000,12.276000,0,1,12720041,1325,8,1325,8,0,4,39
3,700,21.600000,12.276000,0,1,12720053,1324,8,1324,8,0,4,39
3,700,21.600000,12.276000,0,1,12720065,1322,8,1322,8,0,4,39
3,700,21.600000,12.276000,0,1,12720075,1320,8,1320,8,0,4,39
3,700,21.600000,12.276000,0,1,12720085,1319,8,1319,8,0,4,39
3,700,21.600000,12.276000,0,1,12720096,1319,8,1319,8,0,4,39
3,700,21.600000,12.276000,0,1,12720108,1319,8,1319,8,0,4,39
3,700,21.600000,12.276000,0,1,12720118,1319,8,1319,8,0,4,39
3,700,21.600000,12.276000,0,1,12720131,1319,8,1319,8,0,4,39
3,700,21.600000,12.276000,0,1,12720141,1318,8,1318,8,0,4,39
3,700,21.600000,12.276000,0,1,12720152,1316,8,1316,8,0,4,39
3,700,21.600000,12.276000,0,1,12720162,1312,9,1312,9,0,4,39
3,700,21.600000,12.276000,0,1,12720175,1310,9,1310,9,0,4,39
3,700,21.600000,12.276000,0,1,12720189,1308,9,1308,9,0,4,39
3,700,21.600000,12.276000,0,1,12720199,1308,9,1308,9,0,4,39
