3,350,82.800000,42.984000,1,0,13008668,785,0,785,0,0,5,21
3,350,82.800000,42.984000,1,0,13008670,785,0,785,0,0,5,21
3,350,82.800000,42.984000,1,0,13008683,785,0,785,0,0,5,21
3,350,82.800000,42.984000,1,0,13008694,786,0,786,0,0,5,21
3,350,82.800000,42.984000,1,0,13008705,786,0,786,0,0,5,21
3,350,82.800000,42.984000,1,0,13008716,787,0,787,0,0,5,21
3,350,82.800000,42.984000,1,0,13008728,790,0,790,0,0,5,21
3,350,82.800000,42.984000,1,0,13008740,798,0,798,-1,0,5,21
3,350,82.800000,42.984000,1,0,13008752,818,0,818,-4,0,5,21
3,350,82.800000,42.984000,1,0,13008762,848,0,848,-8,0,5,21
3,350,82.800000,42.984000,1,0,13008773,886,0,886,-12,0,5,21
3,350,82.800000,42.984000,1,0,13008785,931,0,931,-17,0,5,21
3,350,82.800000,42.984000,1,0,13008796,981,0,981,-21,0,5,21
3,350,82.800000,42.984000,1,0,13008807,1024,0,1024,-24,0,5,21
3,350,82.800000,42.984000,1,0,13008818,1062,0,1062,-26,0,5,21
3,350,82.800000,42.984000,1,0,13008831,1094,0,1094,-27,0,5,21
3,350,82.800000,42.984000,1,0,13008842,1125,0,1125,-28,0,5,21
3,350,82.800000,42.984000,1,0,13008852,1142,0,1142,-29,0,5,21
3,350,82.800000,42.984000,1,0,13008862,1151,0,1151,-29,0,5,21
3,350,82.800000,42.984000,1,0,13008873,1156,0,1156,-30,0,5,21
3,350,82.800000,42.984000,1,0,13008885,1158,0,1158,-30,0,5,21
3,350,82.800000,42.984000,1,0,13008900,1160,0,1160,-30,0,5,21
3,350,82.800000,42.984000,1,0,13008916,1160,0,1160,-30,0,5,21
3,350,82.800000,42.984000,1,0,13008929,1160,0,1160,-30,0,5,21
3,350,82.800000,42.984000,1,0,13008940,1160,0,1160,-30,0,5,21
3,350,82.800000,42.984000,1,0,13008952,1160,0,1160,-30,0,5,21
3,350,82.800000,42.984000,1,0,13008963,1160,0,1160,-30,0,5,21
3,350,82.800000,42.984000,1,0,13008973,1160,0,1160,-30,0,5,21
3,350,82.800000,42.984000,1,0,13008983,1160,0,1160,-30,0,5,21
3,350,82.800000,42.984000,1,0,13008994,1160,0,1160,-30,0,5,21
3,350,82.800000,42.984000,1,0,13009005,1160,0,1160,-30,0,5,21
3,350,82.800000,42.984000,1,0,13009020,1160,0,1160,-30,0,5,21
3,350,82.800000,42.984000,1,0,13009030,1160,0,1160,-30,0,5,21
3,350,82.800000,42.984000,1,0,13009040,1160,0,1160,-30,0,5,21
