3,700,82.800000,22.608000,1,1,13303342,610,22,610,22,0,7,16
3,700,82.800000,22.608000,1,1,13303343,610,22,610,22,0,7,16
3,700,82.800000,22.608000,1,1,13303353,610,22,610,22,0,7,16
3,700,82.800000,22.608000,1,1,13303364,610,22,610,22,0,7,16
3,700,82.800000,22.608000,1,1,13303374,612,22,612,22,0,7,16
3,700,82.800000,22.608000,1,1,13303386,618,21,618,21,0,7,16
3,700,82.800000,22.608000,1,1,13303397,634,19,634,19,0,7,16
3,700,82.800000,22.608000,1,1,13303409,664,16,664,16,0,7,16
3,700,82.800000,22.608000,1,1,13303420,709,14,709,14,0,7,16
3,700,82.800000,22.608000,1,1,13303431,767,13,767,13,0,7,16
3,700,82.800000,22.608000,1,1,13303443,839,12,839,12,0,7,16
3,700,82.800000,22.608000,1,1,13303454,924,9,924,9,0,7,16
3,700,82.800000,22.608000,1,1,13303465,1009,4,1009,4,0,7,16
3,700,82.800000,22.608000,1,1,13303476,1094,0,1094,-1,0,7,16
3,700,82.800000,22.608000,1,1,13303486,1181,0,1181,-6,0,7,16
3,700,82.800000,22.608000,1,1,13303497,1253,0,1253,-10,0,7,16
3,700,82.800000,22.608000,1,1,13303506,1318,0,1318,-14,0,7,16
3,700,82.800000,22.608000,1,1,13303517,1360,0,1360,-16,0,7,16
3,700,82.800000,22.608000,1,1,13303528,1384,0,1384,-17,0,7,16
3,700,82.800000,22.608000,1,1,13303539,1393,0,1393,-17,0,7,16
3,700,82.800000,22.608000,1,1,13303557,1391,0,1391,-17,0,7,16
3,700,82.800000,22.608000,1,1,13303567,1378,1,1378,-16,0,7,16
3,700,82.800000,22.608000,1,1,13303579,1371,2,1371,-15,0,7,16
3,700,82.800000,22.608000,1,1,13303593,1363,3,1363,-14,0,7,16
3,700,82.800000,22.608000,1,1,13303606,1359,4,1359,-13,0,7,16
3,700,82.800000,22.608000,1,1,13303618,1358,4,1358,-13,0,7,16
3,700,82.800000,22.608000,1,1,13303630,1358,4,1358,-13,0,7,16
3,700,82.800000,22.608000,1,1,13303644,1358,4,1358,-13,0,7,16
3,700,82.800000,22.608000,1,1,13303656,1357,4,1357,-13,0,7,16
3,700,82.800000,22.608000,1,1,13303669,1357,4,1357,-13,0,7,16
3,700,82.800000,22.608000,1,1,13303680,1357,4,1357,-13,0,7,16
3,700,82.800000,22.608000,1,1,13303691,1356,4,1356,-13,0,7,16
3,700,82.800000,22.608000,1,1,13303704,1354,4,1354,-13,0,7,16
3,700,82.800000,22.608000,1,1,13303720,1353,4,1353,-13,0,7,16
3,700,82.800000,22.608000,1,1,13303730,1353,4,1353,-13,0,7,16
3,700,82.800000,22.608000,1,1,13303740,1353,4,1353,-13,0,7,16
3,700,82.800000,22.608000,1,1,13303753,1353,4,1353,-13,0,7,16
3,700,82.800000,22.608000,1,1,13303764,1352,4,1352,-13,0,7,16
3,700,82.800000,22.608000,1,1,13303775,1348,4,1348,-13,0,7,16
3,700,82.800000,22.608000,1,1,13303786,1341,4,1341,-13,0,7,16
3,700,82.800000,22.608000,1,1,13303797,1333,4,1333,-13,0,7,16
3,700,82.800000,22.608000,1,1,13303808,1328,4,1328,-13,0,7,16
3,700,82.800000,22.608000,1,1,13303819,1326,4,1326,-13,0,7,16
3,700,82.800000,22.608000,1,1,13303830,1326,4,1326,-13,0,7,16
3,700,82.800000,22.608000,1,1,13303840,1326,4,1326,-13,0,7,16
3,700,82.800000,22.608000,1,1,13303850,1326,4,1326,-13,0,7,16
3,700,82.800000,22.608000,1,1,13303860,1326,4,1326,-13,0,7,16
3,700,82.800000,22.608000,1,1,13303870,1326,4,1326,-13,0,7,16
