3,350,21.600000,22.608000,0,1,13392589,785,22,785,22,0,7,80
3,350,21.600000,22.608000,0,1,13392590,785,22,785,22,0,7,80
3,350,21.600000,22.608000,0,1,13392601,785,22,785,22,0,7,80
3,350,21.600000,22.608000,0,1,13392612,785,22,785,22,0,7,80
3,350,21.600000,22.608000,0,1,13392623,785,22,785,22,0,7,80
3,350,21.600000,22.608000,0,1,13392635,786,22,786,22,0,7,80
3,350,21.600000,22.608000,0,1,13392644,787,22,787,22,0,7,80
3,350,21.600000,22.608000,0,1,13392656,789,22,789,22,0,7,80
3,350,21.600000,22.608000,0,1,13392668,793,22,793,22,0,7,80
3,350,21.600000,22.608000,0,1,13392679,801,21,801,21,0,7,80
3,350,21.600000,22.608000,0,1,13392691,817,20,817,20,0,7,80
3,350,21.600000,22.608000,0,1,13392702,846,20,846,20,0,7,80
3,350,21.600000,22.608000,0,1,13392715,884,20,884,20,0,7,80
3,350,21.600000,22.608000,0,1,13392727,930,20,930,20,0,7,80
3,350,21.600000,22.608000,0,1,13392738,979,20,979,20,0,7,80
3,350,21.600000,22.608000,0,1,13392749,1033,21,1033,21,0,7,80
3,350,21.600000,22.608000,0,1,13392761,1083,21,1083,21,0,7,80
3,350,21.600000,22.608000,0,1,13392772,1127,22,1127,22,0,7,80
3,350,21.600000,22.608000,0,1,13392786,1159,22,1159,22,0,7,80
3,350,21.600000,22.608000,0,1,13392799,1182,23,1182,23,0,7,80
3,350,21.600000,22.608000,0,1,13392810,1188,23,1188,23,0,7,80
3,350,21.600000,22.608000,0,1,13392822,1186,23,1186,23,0,7,80
3,350,21.600000,22.608000,0,1,13392832,1181,23,1181,23,0,7,80
3,350,21.600000,22.608000,0,1,13392843,1176,24,1176,24,0,7,80
3,350,21.600000,22.608000,0,1,13392853,1172,24,1172,24,0,7,80
3,350,21.600000,22.608000,0,1,13392863,1170,24,1170,24,0,7,80
3,350,21.600000,22.608000,0,1,13392874,1168,24,1168,24,0,7,80
3,350,21.600000,22.608000,0,1,13392885,1168,24,1168,24,0,7,80
3,350,21.600000,22.608000,0,1,13392897,1168,24,1168,24,0,7,80
3,350,21.600000,22.608000,0,1,13392908,1168,24,1168,24,0,7,80
3,350,21.600000,22.608000,0,1,13392919,1168,24,1168,24,0,7,80
3,350,21.600000,22.608000,0,1,13392930,1167,24,1167,24,0,7,80
3,350,21.600000,22.608000,0,1,13392941,1166,24,1166,24,0,7,80
3,350,21.600000,22.608000,0,1,13392952,1166,24,1166,24,0,7,80
3,350,21.600000,22.608000,0,1,13392964,1165,24,1165,24,0,7,80
3,350,21.600000,22.608000,0,1,13392977,1162,24,1162,24,0,7,80
3,350,21.600000,22.608000,0,1,13392988,1156,23,1156,23,0,7,80
3,350,21.600000,22.608000,0,1,13393001,1148,21,1148,21,0,7,80
3,350,21.600000,22.608000,0,1,13393013,1141,19,1141,19,0,7,80
3,350,21.600000,22.608000,0,1,13393026,1139,17,1139,17,0,7,80
3,350,21.600000,22.608000,0,1,13393037,1138,16,1138,16,0,7,80
3,350,21.600000,22.608000,0,1,13393047,1138,16,1138,16,0,7,80
3,350,21.600000,22.608000,0,1,13393059,1138,15,1138,15,0,7,80
3,350,21.600000,22.608000,0,1,13393069,1138,15,1138,15,0,7,80
3,350,21.600000,22.608000,0,1,13393081,1138,15,1138,15,0,7,80
3,350,21.600000,22.608000,0,1,13393092,1138,15,1138,15,0,7,80
3,350,21.600000,22.608000,0,1,13393102,1138,15,1138,15,0,7,80
3,350,21.600000,22.608000,0,1,13393111,1138,15,1138,15,0,7,80
3,350,21.600000,22.608000,0,1,13393122,1137,15,1137,15,0,7,80
3,350,21.600000,22.608000,0,1,13393134,1137,15,1137,15,0,7,80
3,350,21.600000,22.608000,0,1,13393146,1137,15,1137,15,0,7,80
3,350,21.600000,22.608000,0,1,13393157,1137,15,1137,15,0,7,80
3,350,21.600000,22.608000,0,1,13393170,1136,14,1136,14,0,7,80
3,350,21.600000,22.608000,0,1,13393180,1135,14,1135,14,0,7,80
3,350,21.600000,22.608000,0,1,13393192,1134,13,1134,13,0,7,80
3,350,21.600000,22.608000,0,1,13393202,1134,13,1134,13,0,7,80
