3,700,21.600000,42.984000,1,1,13368972,610,22,610,22,0,7,62
3,700,21.600000,42.984000,1,1,13368973,610,22,610,22,0,7,62
3,700,21.600000,42.984000,1,1,13368983,610,22,610,22,0,7,62
3,700,21.600000,42.984000,1,1,13368993,610,22,610,22,0,7,62
3,700,21.600000,42.984000,1,1,13369004,610,22,610,22,0,7,62
3,700,21.600000,42.984000,1,1,13369015,611,22,611,22,0,7,62
3,700,21.600000,42.984000,1,1,13369026,617,21,617,21,0,7,62
3,700,21.600000,42.984000,1,1,13369039,629,19,629,19,0,7,62
3,700,21.600000,42.984000,1,1,13369051,659,15,659,15,0,7,62
3,700,21.600000,42.984000,1,1,13369063,708,11,708,11,0,7,62
3,700,21.600000,42.984000,1,1,13369075,829,3,829,3,0,7,62
3,700,21.600000,42.984000,1,1,13369086,899,0,899,0,0,7,62
3,700,21.600000,42.984000,1,1,13369098,976,0,976,-3,0,7,62
3,700,21.600000,42.984000,1,1,13369110,1065,0,1065,-7,0,7,62
3,700,21.600000,42.984000,1,1,13369121,1156,0,1156,-10,0,7,62
3,700,21.600000,42.984000,1,1,13369132,1226,0,1226,-11,0,7,62
3,700,21.600000,42.984000,1,1,13369142,1294,0,1294,-12,0,7,62
3,700,21.600000,42.984000,1,1,13369154,1349,0,1349,-13,0,7,62
3,700,21.600000,42.984000,1,1,13369165,1394,0,1394,-14,0,7,62
3,700,21.600000,42.984000,1,1,13369175,1416,0,1416,-15,0,7,62
3,700,21.600000,42.984000,1,1,13369185,1421,0,1421,-16,0,7,62
3,700,21.600000,42.984000,1,1,13369196,1421,0,1421,-16,0,7,62
3,700,21.600000,42.984000,1,1,13369209,1418,0,1418,-16,0,7,62
3,700,21.600000,42.984000,1,1,13369222,1408,1,1408,-15,0,7,62
3,700,21.600000,42.984000,1,1,13369235,1399,3,1399,-13,0,7,62
3,700,21.600000,42.984000,1,1,13369246,1393,4,1393,-12,0,7,62
3,700,21.600000,42.984000,1,1,13369255,1392,4,1392,-12,0,7,62
3,700,21.600000,42.984000,1,1,13369267,1391,4,1391,-12,0,7,62
3,700,21.600000,42.984000,1,1,13369279,1391,4,1391,-12,0,7,62
3,700,21.600000,42.984000,1,1,13369290,1391,4,1391,-12,0,7,62
3,700,21.600000,42.984000,1,1,13369300,1390,4,1390,-12,0,7,62
3,700,21.600000,42.984000,1,1,13369311,1389,4,1389,-12,0,7,62
3,700,21.600000,42.984000,1,1,13369324,1386,4,1386,-12,0,7,62
3,700,21.600000,42.984000,1,1,13369336,1383,4,1383,-12,0,7,62
3,700,21.600000,42.984000,1,1,13369346,1381,4,1381,-12,0,7,62
3,700,21.600000,42.984000,1,1,13369356,1380,4,1380,-12,0,7,62
3,700,21.600000,42.984000,1,1,13369367,1379,4,1379,-12,0,7,62
3,700,21.600000,42.984000,1,1,13369378,1377,5,1377,-11,0,7,62
3,700,21.600000,42.984000,1,1,13369389,1372,5,1372,-11,0,7,62
3,700,21.600000,42.984000,1,1,13369401,1363,6,1363,-10,0,7,62
3,700,21.600000,42.984000,1,1,13369413,1352,7,1352,-9,0,7,62
3,700,21.600000,42.984000,1,1,13369424,1343,8,1343,-8,0,7,62
3,700,21.600000,42.984000,1,1,13369435,1336,9,1336,-7,0,7,62
3,700,21.600000,42.984000,1,1,13369446,1334,9,1334,-7,0,7,62
3,700,21.600000,42.984000,1,1,13369456,1334,9,1334,-7,0,7,62
3,700,21.600000,42.984000,1,1,13369468,1334,9,1334,-7,0,7,62
3,700,21.600000,42.984000,1,1,13369478,1335,9,1335,-7,0,7,62
3,700,21.600000,42.984000,1,1,13369488,1336,9,1336,-7,0,7,62
3,700,21.600000,42.984000,1,1,13369499,1336,9,1336,-7,0,7,62
3,700,21.600000,42.984000,1,1,13369509,1336,9,1336,-7,0,7,62
3,700,21.600000,42.984000,1,1,13369520,1336,9,1336,-7,0,7,62
3,700,21.600000,42.984000,1,1,13369533,1335,9,1335,-7,0,7,62
3,700,21.600000,42.984000,1,1,13369543,1333,9,1333,-7,0,7,62
3,700,21.600000,42.984000,1,1,13369554,1331,9,1331,-7,0,7,62
3,700,21.600000,42.984000,1,1,13369567,1327,9,1327,-7,0,7,62
3,700,21.600000,42.984000,1,1,13369579,1320,8,1320,-8,0,7,62
3,700,21.600000,42.984000,1,1,13369589,1316,7,1316,-9,0,7,62
3,700,21.600000,42.984000,1,1,13369600,1313,7,1313,-9,0,7,62
3,700,21.600000,42.984000,1,1,13369612,1312,6,1312,-10,0,7,62
3,700,21.600000,42.984000,1,1,13369623,1311,5,1311,-11,0,7,62
3,700,21.600000,42.984000,1,1,13369633,1311,5,1311,-11,0,7,62
3,700,21.600000,42.984000,1,1,13369643,1311,5,1311,-11,0,7,62
3,700,21.600000,42.984000,1,1,13369653,1311,5,1311,-11,0,7,62
3,700,21.600000,42.984000,1,1,13369664,1311,5,1311,-11,0,7,62
3,700,21.600000,42.984000,1,1,13369675,1311,5,1311,-11,0,7,62
3,700,21.600000,42.984000,1,1,13369686,1311,5,1311,-11,0,7,62
3,700,21.600000,42.984000,1,1,13369698,1311,5,1311,-11,0,7,62
3,700,21.600000,42.984000,1,1,13369709,1311,5,1311,-11,0,7,62
3,700,21.600000,42.984000,1,1,13369719,1311,5,1311,-11,0,7,62
3,700,21.600000,42.984000,1,1,13369729,1311,5,1311,-11,0,7,62
3,700,21.600000,42.984000,1,1,13369739,1311,5,1311,-11,0,7,62
3,700,21.600000,42.984000,1,1,13369749,1311,5,1311,-11,0,7,62
3,700,21.600000,42.984000,1,1,13369761,1311,5,1311,-11,0,7,62
3,700,21.600000,42.984000,1,1,13369773,1311,5,1311,-11,0,7,62
3,700,21.600000,42.984000,1,1,13369785,1311,5,1311,-11,0,7,62
3,700,21.600000,42.984000,1,1,13369794,1311,5,1311,-11,0,7,62
