3,350,21.600000,10000.000000,0,1,13513350,785,22,785,22,0,8,53
3,350,21.600000,10000.000000,0,1,13513351,785,22,785,22,0,8,53
3,350,21.600000,10000.000000,0,1,13513364,785,22,785,22,0,8,53
3,350,21.600000,10000.000000,0,1,13513375,785,22,785,22,0,8,53
3,350,21.600000,10000.000000,0,1,13513386,785,22,785,22,0,8,53
3,350,21.600000,10000.000000,0,1,13513396,785,22,785,22,0,8,53
3,350,21.600000,10000.000000,0,1,13513406,786,22,786,22,0,8,53
3,350,21.600000,10000.000000,0,1,13513418,788,22,788,22,0,8,53
3,350,21.600000,10000.000000,0,1,13513431,793,21,793,21,0,8,53
3,350,21.600000,10000.000000,0,1,13513448,803,19,803,19,0,8,53
3,350,21.600000,10000.000000,0,1,13513459,837,13,837,13,0,8,53
3,350,21.600000,10000.000000,0,1,13513474,879,9,879,9,0,8,53
3,350,21.600000,10000.000000,0,1,13513486,937,5,937,5,0,8,53
3,350,21.600000,10000.000000,0,1,13513497,987,1,987,1,0,8,53
3,350,21.600000,10000.000000,0,1,13513512,1031,0,1031,-2,0,8,53
3,350,21.600000,10000.000000,0,1,13513524,1093,0,1093,-5,0,8,53
3,350,21.600000,10000.000000,0,1,13513535,1132,0,1132,-6,0,8,53
3,350,21.600000,10000.000000,0,1,13513546,1159,0,1159,-7,0,8,53
3,350,21.600000,10000.000000,0,1,13513556,1174,0,1174,-7,0,8,53
3,350,21.600000,10000.000000,0,1,13513566,1179,0,1179,-7,0,8,53
3,350,21.600000,10000.000000,0,1,13513577,1179,0,1179,-7,0,8,53
3,350,21.600000,10000.000000,0,1,13513587,1179,0,1179,-7,0,8,53
3,350,21.600000,10000.000000,0,1,13513597,1178,0,1178,-7,0,8,53
3,350,21.600000,10000.000000,0,1,13513609,1176,0,1176,-7,0,8,53
3,350,21.600000,10000.000000,0,1,13513620,1175,0,1175,-7,0,8,53
3,350,21.600000,10000.000000,0,1,13513631,1174,0,1174,-7,0,8,53
3,350,21.600000,10000.000000,0,1,13513642,1174,0,1174,-7,0,8,53
3,350,21.600000,10000.000000,0,1,13513652,1174,0,1174,-7,0,8,53
3,350,21.600000,10000.000000,0,1,13513663,1174,0,1174,-7,0,8,53
3,350,21.600000,10000.000000,0,1,13513673,1174,0,1174,-7,0,8,53
3,350,21.600000,10000.000000,0,1,13513684,1172,0,1172,-7,0,8,53
3,350,21.600000,10000.000000,0,1,13513699,1169,0,1169,-7,0,8,53
3,350,21.600000,10000.000000,0,1,13513710,1163,0,1163,-7,0,8,53
3,350,21.600000,10000.000000,0,1,13513721,1160,0,1160,-7,0,8,53
3,350,21.600000,10000.000000,0,1,13513732,1157,0,1157,-7,0,8,53
3,350,21.600000,10000.000000,0,1,13513742,1157,0,1157,-7,0,8,53
3,350,21.600000,10000.000000,0,1,13513752,1157,0,1157,-7,0,8,53
3,350,21.600000,10000.000000,0,1,13513763,1157,0,1157,-7,0,8,53
3,350,21.600000,10000.000000,0,1,13513774,1157,0,1157,-7,0,8,53
3,350,21.600000,10000.000000,0,1,13513786,1156,0,1156,-7,0,8,53
3,350,21.600000,10000.000000,0,1,13513796,1155,0,1155,-7,0,8,53
3,350,21.600000,10000.000000,0,1,13513806,1154,1,1154,-6,0,8,53
3,350,21.600000,10000.000000,0,1,13513816,1153,2,1153,-5,0,8,53
3,350,21.600000,10000.000000,0,1,13513829,1153,2,1153,-5,0,8,53
3,350,21.600000,10000.000000,0,1,13513839,1152,2,1152,-5,0,8,53
3,350,21.600000,10000.000000,0,1,13513849,1151,2,1151,-5,0,8,53
3,350,21.600000,10000.000000,0,1,13513860,1149,2,1149,-5,0,8,53
3,350,21.600000,10000.000000,0,1,13513871,1147,2,1147,-5,0,8,53
3,350,21.600000,10000.000000,0,1,13513885,1145,2,1145,-5,0,8,53
3,350,21.600000,10000.000000,0,1,13513895,1145,2,1145,-5,0,8,53
3,350,21.600000,10000.000000,0,1,13513906,1145,2,1145,-5,0,8,53
3,350,21.600000,10000.000000,0,1,13513918,1145,2,1145,-5,0,8,53
3,350,21.600000,10000.000000,0,1,13513929,1145,2,1145,-5,0,8,53
3,350,21.600000,10000.000000,0,1,13513940,1145,2,1145,-5,0,8,53
3,350,21.600000,10000.000000,0,1,13513950,1145,2,1145,-5,0,8,53
