3,700,21.600000,42.984000,1,1,13563170,610,22,610,22,0,8,91
3,700,21.600000,42.984000,1,1,13563171,610,22,610,22,0,8,91
3,700,21.600000,42.984000,1,1,13563183,610,22,610,22,0,8,91
3,700,21.600000,42.984000,1,1,13563194,610,22,610,22,0,8,91
3,700,21.600000,42.984000,1,1,13563207,611,22,611,22,0,8,91
3,700,21.600000,42.984000,1,1,13563220,614,22,614,22,0,8,91
3,700,21.600000,42.984000,1,1,13563230,620,21,620,21,0,8,91
3,700,21.600000,42.984000,1,1,13563241,632,20,632,20,0,8,91
3,700,21.600000,42.984000,1,1,13563252,659,17,659,17,0,8,91
3,700,21.600000,42.984000,1,1,13563265,695,15,695,15,0,8,91
3,700,21.600000,42.984000,1,1,13563276,758,12,758,12,0,8,91
3,700,21.600000,42.984000,1,1,13563289,827,9,827,9,0,8,91
3,700,21.600000,42.984000,1,1,13563301,918,4,918,4,0,8,91
3,700,21.600000,42.984000,1,1,13563313,1005,0,1005,-2,0,8,91
3,700,21.600000,42.984000,1,1,13563324,1092,0,1092,-9,0,8,91
3,700,21.600000,42.984000,1,1,13563335,1158,0,1158,-14,0,8,91
3,700,21.600000,42.984000,1,1,13563346,1215,0,1215,-19,0,8,91
3,700,21.600000,42.984000,1,1,13563357,1264,0,1264,-23,0,8,91
3,700,21.600000,42.984000,1,1,13563368,1294,0,1294,-25,0,8,91
3,700,21.600000,42.984000,1,1,13563380,1316,0,1316,-27,0,8,91
3,700,21.600000,42.984000,1,1,13563390,1324,0,1324,-28,0,8,91
3,700,21.600000,42.984000,1,1,13563400,1325,0,1325,-28,0,8,91
3,700,21.600000,42.984000,1,1,13563410,1326,0,1326,-28,0,8,91
3,700,21.600000,42.984000,1,1,13563419,1326,0,1326,-28,0,8,91
3,700,21.600000,42.984000,1,1,13563430,1326,0,1326,-28,0,8,91
3,700,21.600000,42.984000,1,1,13563440,1326,0,1326,-28,0,8,91
3,700,21.600000,42.984000,1,1,13563451,1328,0,1328,-28,0,8,91
3,700,21.600000,42.984000,1,1,13563462,1330,0,1330,-28,0,8,91
3,700,21.600000,42.984000,1,1,13563474,1333,1,1333,-27,0,8,91
3,700,21.600000,42.984000,1,1,13563486,1333,1,1333,-27,0,8,91
3,700,21.600000,42.984000,1,1,13563497,1333,1,1333,-27,0,8,91
3,700,21.600000,42.984000,1,1,13563507,1330,1,1330,-27,0,8,91
3,700,21.600000,42.984000,1,1,13563520,1328,1,1328,-27,0,8,91
3,700,21.600000,42.984000,1,1,13563531,1326,1,1326,-27,0,8,91
3,700,21.600000,42.984000,1,1,13563542,1326,1,1326,-27,0,8,91
3,700,21.600000,42.984000,1,1,13563553,1326,1,1326,-27,0,8,91
3,700,21.600000,42.984000,1,1,13563563,1326,1,1326,-27,0,8,91
3,700,21.600000,42.984000,1,1,13563574,1327,1,1327,-27,0,8,91
3,700,21.600000,42.984000,1,1,13563584,1328,1,1328,-27,0,8,91
3,700,21.600000,42.984000,1,1,13563595,1329,1,1329,-27,0,8,91
3,700,21.600000,42.984000,1,1,13563605,1329,1,1329,-27,0,8,91
3,700,21.600000,42.984000,1,1,13563616,1328,1,1328,-27,0,8,91
3,700,21.600000,42.984000,1,1,13563626,1326,1,1326,-27,0,8,91
3,700,21.600000,42.984000,1,1,13563637,1324,1,1324,-27,0,8,91
3,700,21.600000,42.984000,1,1,13563649,1322,1,1322,-27,0,8,91
3,700,21.600000,42.984000,1,1,13563660,1322,1,1322,-27,0,8,91
3,700,21.600000,42.984000,1,1,13563671,1321,1,1321,-27,0,8,91
3,700,21.600000,42.984000,1,1,13563682,1320,1,1320,-27,0,8,91
3,700,21.600000,42.984000,1,1,13563693,1319,2,1319,-26,0,8,91
3,700,21.600000,42.984000,1,1,13563702,1318,2,1318,-26,0,8,91
3,700,21.600000,42.984000,1,1,13563712,1317,2,1317,-26,0,8,91
3,700,21.600000,42.984000,1,1,13563721,1315,2,1315,-26,0,8,91
3,700,21.600000,42.984000,1,1,13563731,1312,3,1312,-25,0,8,91
3,700,21.600000,42.984000,1,1,13563741,1310,3,1310,-25,0,8,91
3,700,21.600000,42.984000,1,1,13563752,1309,3,1309,-25,0,8,91
3,700,21.600000,42.984000,1,1,13563762,1309,4,1309,-24,0,8,91
3,700,21.600000,42.984000,1,1,13563771,1309,4,1309,-24,0,8,91
3,700,21.600000,42.984000,1,1,13563781,1308,4,1308,-24,0,8,91
3,700,21.600000,42.984000,1,1,13563791,1308,4,1308,-24,0,8,91
3,700,21.600000,42.984000,1,1,13563801,1308,4,1308,-24,0,8,91
3,700,21.600000,42.984000,1,1,13563811,1307,4,1307,-24,0,8,91
3,700,21.600000,42.984000,1,1,13563822,1307,4,1307,-24,0,8,91
3,700,21.600000,42.984000,1,1,13563831,1307,4,1307,-24,0,8,91
