5,350,82.800000,10000.000000,1,0,35518136,785,0,785,0,0,1,65
5,350,82.800000,10000.000000,1,0,35518136,785,0,785,0,0,1,65
5,350,82.800000,10000.000000,1,0,35518147,788,0,788,0,0,1,65
5,350,82.800000,10000.000000,1,0,35518158,792,0,792,0,0,1,65
5,350,82.800000,10000.000000,1,0,35518169,798,0,798,0,0,1,65
5,350,82.800000,10000.000000,1,0,35518180,807,0,807,0,0,1,65
5,350,82.800000,10000.000000,1,0,35518190,822,0,822,0,0,1,65
5,350,82.800000,10000.000000,1,0,35518203,841,0,841,0,0,1,65
5,350,82.800000,10000.000000,1,0,35518214,867,1,867,1,0,1,65
5,350,82.800000,10000.000000,1,0,35518225,897,3,897,3,0,1,65
5,350,82.800000,10000.000000,1,0,35518236,930,4,930,4,0,1,65
5,350,82.800000,10000.000000,1,0,35518248,966,4,966,4,0,1,65
5,350,82.800000,10000.000000,1,0,35518259,1008,4,1008,4,0,1,65
5,350,82.800000,10000.000000,1,0,35518271,1040,3,1040,3,0,1,65
5,350,82.800000,10000.000000,1,0,35518284,1070,0,1070,0,0,1,65
5,350,82.800000,10000.000000,1,0,35518295,1086,0,1086,-4,0,1,65
5,350,82.800000,10000.000000,1,0,35518307,1092,0,1092,-7,0,1,65
5,350,82.800000,10000.000000,1,0,35518321,1093,0,1093,-12,0,1,65
5,350,82.800000,10000.000000,1,0,35518336,1092,0,1092,-18,0,1,65
5,350,82.800000,10000.000000,1,0,35518349,1090,0,1090,-23,0,1,65
5,350,82.800000,10000.000000,1,0,35518361,1089,0,1089,-25,0,1,65
5,350,82.800000,10000.000000,1,0,35518372,1088,0,1088,-27,0,1,65
5,350,82.800000,10000.000000,1,0,35518383,1088,0,1088,-27,0,1,65
5,350,82.800000,10000.000000,1,0,35518393,1088,0,1088,-27,0,1,65
5,350,82.800000,10000.000000,1,0,35518404,1088,0,1088,-27,0,1,65
5,350,82.800000,10000.000000,1,0,35518413,1088,0,1088,-27,0,1,65
5,350,82.800000,10000.000000,1,0,35518425,1088,0,1088,-27,0,1,65
5,350,82.800000,10000.000000,1,0,35518435,1088,0,1088,-27,0,1,65
5,350,82.800000,10000.000000,1,0,35518446,1088,0,1088,-27,0,1,65
5,350,82.800000,10000.000000,1,0,35518457,1088,0,1088,-27,0,1,65
5,350,82.800000,10000.000000,1,0,35518472,1088,0,1088,-27,0,1,65
5,350,82.800000,10000.000000,1,0,35518484,1092,0,1092,-29,0,1,65
5,350,82.800000,10000.000000,1,0,35518498,1096,0,1096,-30,0,1,65
5,350,82.800000,10000.000000,1,0,35518511,1098,0,1098,-31,0,1,65
