5,700,50.400000,12.276000,0,1,35695375,610,22,610,22,0,2,89
5,700,50.400000,12.276000,0,1,35695376,610,22,610,22,0,2,89
5,700,50.400000,12.276000,0,1,35695387,611,22,611,22,0,2,89
5,700,50.400000,12.276000,0,1,35695399,615,22,615,22,0,2,89
5,700,50.400000,12.276000,0,1,35695411,622,22,622,22,0,2,89
5,700,50.400000,12.276000,0,1,35695423,636,22,636,22,0,2,89
5,700,50.400000,12.276000,0,1,35695435,657,22,657,22,0,2,89
5,700,50.400000,12.276000,0,1,35695445,687,23,687,23,0,2,89
5,700,50.400000,12.276000,0,1,35695456,723,24,723,24,0,2,89
5,700,50.400000,12.276000,0,1,35695468,773,25,773,25,0,2,89
5,700,50.400000,12.276000,0,1,35695480,830,26,830,26,0,2,89
5,700,50.400000,12.276000,0,1,35695492,893,26,893,26,0,2,89
5,700,50.400000,12.276000,0,1,35695503,956,26,956,26,0,2,89
5,700,50.400000,12.276000,0,1,35695513,1024,26,1024,26,0,2,89
5,700,50.400000,12.276000,0,1,35695525,1086,25,1086,25,0,2,89
5,700,50.400000,12.276000,0,1,35695537,1148,24,1148,24,0,2,89
5,700,50.400000,12.276000,0,1,35695547,1200,23,1200,23,0,2,89
5,700,50.400000,12.276000,0,1,35695558,1248,22,1248,22,0,2,89
5,700,50.400000,12.276000,0,1,35695569,1288,19,1288,19,0,2,89
5,700,50.400000,12.276000,0,1,35695579,1317,16,1317,16,0,2,89
5,700,50.400000,12.276000,0,1,35695590,1343,12,1343,12,0,2,89
5,700,50.400000,12.276000,0,1,35695601,1362,10,1362,10,0,2,89
5,700,50.400000,12.276000,0,1,35695611,1374,8,1374,8,0,2,89
5,700,50.400000,12.276000,0,1,35695622,1377,7,1377,7,0,2,89
5,700,50.400000,12.276000,0,1,35695635,1377,7,1377,7,0,2,89
5,700,50.400000,12.276000,0,1,35695645,1376,7,1376,7,0,2,89
5,700,50.400000,12.276000,0,1,35695655,1375,7,1375,7,0,2,89
5,700,50.400000,12.276000,0,1,35695668,1375,7,1375,7,0,2,89
5,700,50.400000,12.276000,0,1,35695678,1375,7,1375,7,0,2,89
5,700,50.400000,12.276000,0,1,35695688,1375,7,1375,7,0,2,89
5,700,50.400000,12.276000,0,1,35695700,1375,7,1375,7,0,2,89
5,700,50.400000,12.276000,0,1,35695711,1375,7,1375,7,0,2,89
5,700,50.400000,12.276000,0,1,35695723,1373,7,1373,7,0,2,89
5,700,50.400000,12.276000,0,1,35695736,1369,7,1369,7,0,2,89
5,700,50.400000,12.276000,0,1,35695747,1366,7,1366,7,0,2,89
5,700,50.400000,12.276000,0,1,35695762,1365,7,1365,7,0,2,89
5,700,50.400000,12.276000,0,1,35695775,1365,7,1365,7,0,2,89
5,700,50.400000,12.276000,0,1,35695789,1364,7,1364,7,0,2,89
5,700,50.400000,12.276000,0,1,35695801,1358,7,1358,7,0,2,89
5,700,50.400000,12.276000,0,1,35695812,1350,7,1350,7,0,2,89
5,700,50.400000,12.276000,0,1,35695825,1340,7,1340,7,0,2,89
5,700,50.400000,12.276000,0,1,35695840,1330,8,1330,8,0,2,89
5,700,50.400000,12.276000,0,1,35695853,1324,8,1324,8,0,2,89
5,700,50.400000,12.276000,0,1,35695866,1324,8,1324,8,0,2,89
5,700,50.400000,12.276000,0,1,35695877,1324,8,1324,8,0,2,89
5,700,50.400000,12.276000,0,1,35695888,1324,8,1324,8,0,2,89
5,700,50.400000,12.276000,0,1,35695899,1324,8,1324,8,0,2,89
5,700,50.400000,12.276000,0,1,35695911,1324,8,1324,8,0,2,89
5,700,50.400000,12.276000,0,1,35695921,1324,8,1324,8,0,2,89
5,700,50.400000,12.276000,0,1,35695931,1324,8,1324,8,0,2,89
