5,700,50.400000,0.000000,1,0,35657130,610,0,610,0,0,2,58
5,700,50.400000,0.000000,1,0,35657131,610,0,610,0,0,2,58
5,700,50.400000,0.000000,1,0,35657142,610,0,610,0,0,2,58
5,700,50.400000,0.000000,1,0,35657151,610,0,610,0,0,2,58
5,700,50.400000,0.000000,1,0,35657165,611,0,611,0,0,2,58
5,700,50.400000,0.000000,1,0,35657178,615,0,615,0,0,2,58
5,700,50.400000,0.000000,1,0,35657190,626,0,626,-1,0,2,58
5,700,50.400000,0.000000,1,0,35657211,651,0,651,-3,0,2,58
5,700,50.400000,0.000000,1,0,35657222,725,0,725,-8,0,2,58
5,700,50.400000,0.000000,1,0,35657236,772,0,772,-11,0,2,58
5,700,50.400000,0.000000,1,0,35657249,834,0,834,-15,0,2,58
5,700,50.400000,0.000000,1,0,35657261,905,0,905,-21,0,2,58
5,700,50.400000,0.000000,1,0,35657280,964,0,964,-27,0,2,58
5,700,50.400000,0.000000,1,0,35657291,1058,0,1058,-36,0,2,58
5,700,50.400000,0.000000,1,0,35657305,1106,0,1106,-41,0,2,58
5,700,50.400000,0.000000,1,0,35657317,1151,0,1151,-47,0,2,58
5,700,50.400000,0.000000,1,0,35657328,1178,0,1178,-50,0,2,58
5,700,50.400000,0.000000,1,0,35657340,1198,0,1198,-53,0,2,58
5,700,50.400000,0.000000,1,0,35657352,1211,0,1211,-55,0,2,58
5,700,50.400000,0.000000,1,0,35657363,1217,0,1217,-56,0,2,58
5,700,50.400000,0.000000,1,0,35657375,1218,0,1218,-56,0,2,58
5,700,50.400000,0.000000,1,0,35657386,1219,0,1219,-56,0,2,58
5,700,50.400000,0.000000,1,0,35657397,1219,0,1219,-56,0,2,58
5,700,50.400000,0.000000,1,0,35657408,1219,0,1219,-56,0,2,58
5,700,50.400000,0.000000,1,0,35657418,1219,0,1219,-56,0,2,58
5,700,50.400000,0.000000,1,0,35657429,1219,0,1219,-56,0,2,58
5,700,50.400000,0.000000,1,0,35657440,1221,0,1221,-57,0,2,58
5,700,50.400000,0.000000,1,0,35657451,1224,0,1224,-57,0,2,58
5,700,50.400000,0.000000,1,0,35657465,1227,0,1227,-57,0,2,58
5,700,50.400000,0.000000,1,0,35657475,1228,0,1228,-57,0,2,58
5,700,50.400000,0.000000,1,0,35657488,1229,0,1229,-57,0,2,58
5,700,50.400000,0.000000,1,0,35657499,1229,0,1229,-57,0,2,58
5,700,50.400000,0.000000,1,0,35657510,1228,0,1228,-57,0,2,58
5,700,50.400000,0.000000,1,0,35657522,1227,0,1227,-57,0,2,58
5,700,50.400000,0.000000,1,0,35657535,1229,0,1229,-57,0,2,58
5,700,50.400000,0.000000,1,0,35657556,1235,0,1235,-58,0,2,58
5,700,50.400000,0.000000,1,0,35657569,1253,0,1253,-61,0,2,58
5,700,50.400000,0.000000,1,0,35657580,1260,0,1260,-62,0,2,58
5,700,50.400000,0.000000,1,0,35657591,1263,0,1263,-62,0,2,58
5,700,50.400000,0.000000,1,0,35657602,1264,0,1264,-63,0,2,58
5,700,50.400000,0.000000,1,0,35657616,1264,0,1264,-63,0,2,58
5,700,50.400000,0.000000,1,0,35657626,1266,0,1266,-63,0,2,58
5,700,50.400000,0.000000,1,0,35657639,1268,0,1268,-64,0,2,58
5,700,50.400000,0.000000,1,0,35657651,1271,0,1271,-64,0,2,58
5,700,50.400000,0.000000,1,0,35657662,1274,0,1274,-65,0,2,58
5,700,50.400000,0.000000,1,0,35657673,1276,0,1276,-65,0,2,58
5,700,50.400000,0.000000,1,0,35657685,1278,0,1278,-66,0,2,58
5,700,50.400000,0.000000,1,0,35657697,1282,0,1282,-67,0,2,58
5,700,50.400000,0.000000,1,0,35657708,1285,0,1285,-67,0,2,58
5,700,50.400000,0.000000,1,0,35657718,1287,0,1287,-67,0,2,58
5,700,50.400000,0.000000,1,0,35657729,1288,0,1288,-67,0,2,58
5,700,50.400000,0.000000,1,0,35657741,1289,0,1289,-67,0,2,58
5,700,50.400000,0.000000,1,0,35657752,1289,0,1289,-67,0,2,58
5,700,50.400000,0.000000,1,0,35657762,1289,0,1289,-67,0,2,58
5,700,50.400000,0.000000,1,0,35657775,1289,0,1289,-67,0,2,58
5,700,50.400000,0.000000,1,0,35657786,1290,0,1290,-67,0,2,58
5,700,50.400000,0.000000,1,0,35657797,1292,0,1292,-68,0,2,58
5,700,50.400000,0.000000,1,0,35657809,1298,0,1298,-68,0,2,58
5,700,50.400000,0.000000,1,0,35657822,1306,0,1306,-70,0,2,58
5,700,50.400000,0.000000,1,0,35657834,1312,0,1312,-70,0,2,58
5,700,50.400000,0.000000,1,0,35657846,1313,0,1313,-71,0,2,58
5,700,50.400000,0.000000,1,0,35657859,1314,0,1314,-72,0,2,58
