5,700,50.400000,10000.000000,1,0,35762472,610,0,610,0,0,3,22
5,700,50.400000,10000.000000,1,0,35762473,610,0,610,0,0,3,22
5,700,50.400000,10000.000000,1,0,35762483,611,0,611,0,0,3,22
5,700,50.400000,10000.000000,1,0,35762494,613,0,613,0,0,3,22
5,700,50.400000,10000.000000,1,0,35762505,617,0,617,0,0,3,22
5,700,50.400000,10000.000000,1,0,35762518,622,0,622,0,0,3,22
5,700,50.400000,10000.000000,1,0,35762529,630,0,630,-1,0,3,22
5,700,50.400000,10000.000000,1,0,35762543,645,0,645,-4,0,3,22
5,700,50.400000,10000.000000,1,0,35762555,671,0,671,-6,0,3,22
5,700,50.400000,10000.000000,1,0,35762570,719,0,719,-7,0,3,22
5,700,50.400000,10000.000000,1,0,35762582,815,0,815,-8,0,3,22
5,700,50.400000,10000.000000,1,0,35762600,902,0,902,-10,0,3,22
5,700,50.400000,10000.000000,1,0,35762613,1042,0,1042,-16,0,3,22
5,700,50.400000,10000.000000,1,0,35762624,1127,0,1127,-21,0,3,22
5,700,50.400000,10000.000000,1,0,35762635,1196,0,1196,-25,0,3,22
5,700,50.400000,10000.000000,1,0,35762647,1250,0,1250,-28,0,3,22
5,700,50.400000,10000.000000,1,0,35762657,1288,0,1288,-31,0,3,22
5,700,50.400000,10000.000000,1,0,35762668,1303,0,1303,-34,0,3,22
5,700,50.400000,10000.000000,1,0,35762680,1306,0,1306,-35,0,3,22
5,700,50.400000,10000.000000,1,0,35762691,1309,0,1309,-36,0,3,22
5,700,50.400000,10000.000000,1,0,35762703,1307,0,1307,-36,0,3,22
5,700,50.400000,10000.000000,1,0,35762714,1304,0,1304,-36,0,3,22
5,700,50.400000,10000.000000,1,0,35762726,1301,0,1301,-36,0,3,22
5,700,50.400000,10000.000000,1,0,35762738,1301,0,1301,-36,0,3,22
5,700,50.400000,10000.000000,1,0,35762748,1301,0,1301,-36,0,3,22
5,700,50.400000,10000.000000,1,0,35762760,1301,0,1301,-36,0,3,22
5,700,50.400000,10000.000000,1,0,35762771,1301,0,1301,-36,0,3,22
5,700,50.400000,10000.000000,1,0,35762782,1301,0,1301,-36,0,3,22
5,700,50.400000,10000.000000,1,0,35762794,1301,0,1301,-36,0,3,22
5,700,50.400000,10000.000000,1,0,35762805,1300,0,1300,-36,0,3,22
5,700,50.400000,10000.000000,1,0,35762816,1300,0,1300,-36,0,3,22
5,700,50.400000,10000.000000,1,0,35762827,1300,0,1300,-36,0,3,22
5,700,50.400000,10000.000000,1,0,35762837,1300,0,1300,-36,0,3,22
5,700,50.400000,10000.000000,1,0,35762847,1300,0,1300,-36,0,3,22
5,700,50.400000,10000.000000,1,0,35762858,1300,0,1300,-36,0,3,22
5,700,50.400000,10000.000000,1,0,35762868,1300,0,1300,-36,0,3,22
5,700,50.400000,10000.000000,1,0,35762878,1300,0,1300,-36,0,3,22
5,700,50.400000,10000.000000,1,0,35762889,1300,0,1300,-36,0,3,22
5,700,50.400000,10000.000000,1,0,35762900,1300,0,1300,-36,0,3,22
