5,700,21.600000,22.608000,1,1,35822095,610,22,610,22,0,3,72
5,700,21.600000,22.608000,1,1,35822096,610,22,610,22,0,3,72
5,700,21.600000,22.608000,1,1,35822107,612,22,612,22,0,3,72
5,700,21.600000,22.608000,1,1,35822118,615,22,615,22,0,3,72
5,700,21.600000,22.608000,1,1,35822130,620,22,620,22,0,3,72
5,700,21.600000,22.608000,1,1,35822142,629,22,629,22,0,3,72
5,700,21.600000,22.608000,1,1,35822153,647,22,647,22,0,3,72
5,700,21.600000,22.608000,1,1,35822164,674,22,674,22,0,3,72
5,700,21.600000,22.608000,1,1,35822175,715,22,715,22,0,3,72
5,700,21.600000,22.608000,1,1,35822187,767,21,767,21,0,3,72
5,700,21.600000,22.608000,1,1,35822199,837,21,837,21,0,3,72
5,700,21.600000,22.608000,1,1,35822226,914,19,914,19,0,3,72
5,700,21.600000,22.608000,1,1,35822237,1098,9,1098,9,0,3,72
5,700,21.600000,22.608000,1,1,35822249,1163,5,1163,5,0,3,72
5,700,21.600000,22.608000,1,1,35822264,1223,3,1223,3,0,3,72
5,700,21.600000,22.608000,1,1,35822278,1265,1,1265,1,0,3,72
5,700,21.600000,22.608000,1,1,35822291,1290,0,1290,-2,0,3,72
5,700,21.600000,22.608000,1,1,35822301,1297,0,1297,-4,0,3,72
5,700,21.600000,22.608000,1,1,35822312,1304,0,1304,-6,0,3,72
5,700,21.600000,22.608000,1,1,35822324,1304,0,1304,-6,0,3,72
5,700,21.600000,22.608000,1,1,35822334,1304,0,1304,-6,0,3,72
5,700,21.600000,22.608000,1,1,35822348,1304,0,1304,-6,0,3,72
5,700,21.600000,22.608000,1,1,35822358,1304,0,1304,-6,0,3,72
5,700,21.600000,22.608000,1,1,35822368,1304,0,1304,-6,0,3,72
5,700,21.600000,22.608000,1,1,35822378,1305,0,1305,-6,0,3,72
5,700,21.600000,22.608000,1,1,35822389,1306,0,1306,-6,0,3,72
5,700,21.600000,22.608000,1,1,35822402,1306,0,1306,-6,0,3,72
5,700,21.600000,22.608000,1,1,35822413,1308,0,1308,-6,0,3,72
5,700,21.600000,22.608000,1,1,35822424,1309,0,1309,-6,0,3,72
5,700,21.600000,22.608000,1,1,35822436,1309,0,1309,-6,0,3,72
5,700,21.600000,22.608000,1,1,35822447,1309,0,1309,-6,0,3,72
5,700,21.600000,22.608000,1,1,35822459,1309,0,1309,-6,0,3,72
5,700,21.600000,22.608000,1,1,35822473,1311,0,1311,-6,0,3,72
5,700,21.600000,22.608000,1,1,35822485,1312,0,1312,-6,0,3,72
5,700,21.600000,22.608000,1,1,35822497,1313,0,1313,-6,0,3,72
5,700,21.600000,22.608000,1,1,35822509,1313,0,1313,-6,0,3,72
5,700,21.600000,22.608000,1,1,35822521,1312,0,1312,-6,0,3,72
5,700,21.600000,22.608000,1,1,35822531,1311,0,1311,-6,0,3,72
5,700,21.600000,22.608000,1,1,35822541,1310,0,1310,-6,0,3,72
5,700,21.600000,22.608000,1,1,35822553,1310,0,1310,-6,0,3,72
