5,350,21.600000,10000.000000,0,0,35850216,785,0,785,0,0,3,95
5,350,21.600000,10000.000000,0,0,35850218,785,0,785,0,0,3,95
5,350,21.600000,10000.000000,0,0,35850229,785,0,785,0,0,3,95
5,350,21.600000,10000.000000,0,0,35850252,785,0,785,0,0,3,95
5,350,21.600000,10000.000000,0,0,35850271,788,0,788,0,0,3,95
5,350,21.600000,10000.000000,0,0,35850285,803,0,803,-2,0,3,95
5,350,21.600000,10000.000000,0,0,35850296,827,0,827,-6,0,3,95
5,350,21.600000,10000.000000,0,0,35850307,862,0,862,-9,0,3,95
5,350,21.600000,10000.000000,0,0,35850324,913,0,913,-12,0,3,95
5,350,21.600000,10000.000000,0,0,35850349,996,0,996,-18,0,3,95
5,350,21.600000,10000.000000,0,0,35850362,1107,0,1107,-25,0,3,95
5,350,21.600000,10000.000000,0,0,35850373,1132,0,1132,-26,0,3,95
5,350,21.600000,10000.000000,0,0,35850385,1140,0,1140,-27,0,3,95
5,350,21.600000,10000.000000,0,0,35850395,1149,0,1149,-28,0,3,95
5,350,21.600000,10000.000000,0,0,35850406,1149,0,1149,-28,0,3,95
5,350,21.600000,10000.000000,0,0,35850417,1146,0,1146,-28,0,3,95
5,350,21.600000,10000.000000,0,0,35850428,1144,0,1144,-28,0,3,95
5,350,21.600000,10000.000000,0,0,35850438,1143,1,1143,-27,0,3,95
5,350,21.600000,10000.000000,0,0,35850449,1143,1,1143,-27,0,3,95
5,350,21.600000,10000.000000,0,0,35850461,1143,1,1143,-27,0,3,95
5,350,21.600000,10000.000000,0,0,35850472,1143,1,1143,-27,0,3,95
5,350,21.600000,10000.000000,0,0,35850483,1143,1,1143,-27,0,3,95
5,350,21.600000,10000.000000,0,0,35850494,1143,1,1143,-27,0,3,95
5,350,21.600000,10000.000000,0,0,35850504,1143,1,1143,-27,0,3,95
5,350,21.600000,10000.000000,0,0,35850515,1143,1,1143,-27,0,3,95
5,350,21.600000,10000.000000,0,0,35850528,1144,1,1144,-27,0,3,95
5,350,21.600000,10000.000000,0,0,35850539,1144,1,1144,-27,0,3,95
5,350,21.600000,10000.000000,0,0,35850550,1144,1,1144,-27,0,3,95
5,350,21.600000,10000.000000,0,0,35850561,1144,1,1144,-27,0,3,95
5,350,21.600000,10000.000000,0,0,35850572,1144,1,1144,-27,0,3,95
5,350,21.600000,10000.000000,0,0,35850583,1144,1,1144,-27,0,3,95
5,350,21.600000,10000.000000,0,0,35850594,1144,1,1144,-27,0,3,95
5,350,21.600000,10000.000000,0,0,35850606,1144,1,1144,-27,0,3,95
5,350,21.600000,10000.000000,0,0,35850617,1144,1,1144,-27,0,3,95
