5,350,21.600000,12.276000,1,1,35888579,785,22,785,22,0,4,7
5,350,21.600000,12.276000,1,1,35888580,785,22,785,22,0,4,7
5,350,21.600000,12.276000,1,1,35888590,785,22,785,22,0,4,7
5,350,21.600000,12.276000,1,1,35888601,785,22,785,22,0,4,7
5,350,21.600000,12.276000,1,1,35888611,785,22,785,22,0,4,7
5,350,21.600000,12.276000,1,1,35888622,785,22,785,22,0,4,7
5,350,21.600000,12.276000,1,1,35888633,785,22,785,22,0,4,7
5,350,21.600000,12.276000,1,1,35888645,788,22,788,22,0,4,7
5,350,21.600000,12.276000,1,1,35888658,796,21,796,21,0,4,7
5,350,21.600000,12.276000,1,1,35888675,815,19,815,19,0,4,7
5,350,21.600000,12.276000,1,1,35888686,856,15,856,15,0,4,7
5,350,21.600000,12.276000,1,1,35888700,899,12,899,12,0,4,7
5,350,21.600000,12.276000,1,1,35888713,956,7,956,7,0,4,7
5,350,21.600000,12.276000,1,1,35888725,1014,2,1014,2,0,4,7
5,350,21.600000,12.276000,1,1,35888746,1064,0,1064,-2,0,4,7
5,350,21.600000,12.276000,1,1,35888758,1118,0,1118,-5,0,4,7
5,350,21.600000,12.276000,1,1,35888769,1124,0,1124,-6,0,4,7
5,350,21.600000,12.276000,1,1,35888781,1130,0,1130,-7,0,4,7
5,350,21.600000,12.276000,1,1,35888794,1129,0,1129,-7,0,4,7
5,350,21.600000,12.276000,1,1,35888804,1127,0,1127,-7,0,4,7
5,350,21.600000,12.276000,1,1,35888816,1126,0,1126,-7,0,4,7
5,350,21.600000,12.276000,1,1,35888826,1126,0,1126,-7,0,4,7
5,350,21.600000,12.276000,1,1,35888837,1126,0,1126,-7,0,4,7
5,350,21.600000,12.276000,1,1,35888848,1126,0,1126,-7,0,4,7
5,350,21.600000,12.276000,1,1,35888860,1126,0,1126,-7,0,4,7
5,350,21.600000,12.276000,1,1,35888871,1126,0,1126,-7,0,4,7
5,350,21.600000,12.276000,1,1,35888883,1126,0,1126,-7,0,4,7
5,350,21.600000,12.276000,1,1,35888894,1124,0,1124,-7,0,4,7
5,350,21.600000,12.276000,1,1,35888905,1123,0,1123,-7,0,4,7
5,350,21.600000,12.276000,1,1,35888915,1122,0,1122,-7,0,4,7
5,350,21.600000,12.276000,1,1,35888925,1122,0,1122,-7,0,4,7
5,350,21.600000,12.276000,1,1,35888936,1122,0,1122,-7,0,4,7
5,350,21.600000,12.276000,1,1,35888946,1122,0,1122,-7,0,4,7
5,350,21.600000,12.276000,1,1,35888958,1122,0,1122,-7,0,4,7
5,350,21.600000,12.276000,1,1,35888968,1123,0,1123,-7,0,4,7
5,350,21.600000,12.276000,1,1,35888979,1124,0,1124,-7,0,4,7
5,350,21.600000,12.276000,1,1,35888990,1124,0,1124,-7,0,4,7
5,350,21.600000,12.276000,1,1,35888999,1124,0,1124,-7,0,4,7
5,350,21.600000,12.276000,1,1,35889010,1124,0,1124,-7,0,4,7
5,350,21.600000,12.276000,1,1,35889021,1124,0,1124,-7,0,4,7
5,350,21.600000,12.276000,1,1,35889033,1124,0,1124,-7,0,4,7
5,350,21.600000,12.276000,1,1,35889045,1125,0,1125,-7,0,4,7
