5,700,21.600000,0.000000,1,0,35879725,610,0,610,0,0,4,0
5,700,21.600000,0.000000,1,0,35879726,610,0,610,0,0,4,0
5,700,21.600000,0.000000,1,0,35879736,613,0,613,0,0,4,0
5,700,21.600000,0.000000,1,0,35879748,618,0,618,0,0,4,0
5,700,21.600000,0.000000,1,0,35879760,629,0,629,0,0,4,0
5,700,21.600000,0.000000,1,0,35879771,651,0,651,-1,0,4,0
5,700,21.600000,0.000000,1,0,35879783,681,0,681,-2,0,4,0
5,700,21.600000,0.000000,1,0,35879795,723,0,723,-3,0,4,0
5,700,21.600000,0.000000,1,0,35879807,786,0,786,-4,0,4,0
5,700,21.600000,0.000000,1,0,35879818,853,0,853,-5,0,4,0
5,700,21.600000,0.000000,1,0,35879829,915,0,915,-6,0,4,0
5,700,21.600000,0.000000,1,0,35879840,981,0,981,-7,0,4,0
5,700,21.600000,0.000000,1,0,35879851,1053,0,1053,-9,0,4,0
5,700,21.600000,0.000000,1,0,35879863,1111,0,1111,-11,0,4,0
5,700,21.600000,0.000000,1,0,35879874,1164,0,1164,-12,0,4,0
5,700,21.600000,0.000000,1,0,35879885,1210,0,1210,-12,0,4,0
5,700,21.600000,0.000000,1,0,35879896,1245,0,1245,-13,0,4,0
5,700,21.600000,0.000000,1,0,35879921,1265,0,1265,-14,0,4,0
5,700,21.600000,0.000000,1,0,35879930,1280,0,1280,-15,0,4,0
5,700,21.600000,0.000000,1,0,35879942,1295,0,1295,-16,0,4,0
5,700,21.600000,0.000000,1,0,35879952,1295,0,1295,-16,0,4,0
5,700,21.600000,0.000000,1,0,35879965,1295,0,1295,-16,0,4,0
5,700,21.600000,0.000000,1,0,35879976,1295,0,1295,-16,0,4,0
5,700,21.600000,0.000000,1,0,35879989,1295,0,1295,-17,0,4,0
5,700,21.600000,0.000000,1,0,35879999,1295,0,1295,-17,0,4,0
5,700,21.600000,0.000000,1,0,35880010,1295,0,1295,-17,0,4,0
5,700,21.600000,0.000000,1,0,35880021,1296,0,1296,-17,0,4,0
5,700,21.600000,0.000000,1,0,35880032,1296,0,1296,-17,0,4,0
5,700,21.600000,0.000000,1,0,35880043,1297,0,1297,-17,0,4,0
5,700,21.600000,0.000000,1,0,35880057,1299,0,1299,-17,0,4,0
5,700,21.600000,0.000000,1,0,35880070,1305,0,1305,-17,0,4,0
5,700,21.600000,0.000000,1,0,35880083,1315,0,1315,-17,0,4,0
5,700,21.600000,0.000000,1,0,35880094,1333,0,1333,-17,0,4,0
5,700,21.600000,0.000000,1,0,35880105,1344,0,1344,-17,0,4,0
5,700,21.600000,0.000000,1,0,35880116,1348,0,1348,-17,0,4,0
5,700,21.600000,0.000000,1,0,35880127,1352,0,1352,-17,0,4,0
5,700,21.600000,0.000000,1,0,35880138,1352,0,1352,-17,0,4,0
5,700,21.600000,0.000000,1,0,35880149,1349,0,1349,-17,0,4,0
5,700,21.600000,0.000000,1,0,35880161,1343,1,1343,-16,0,4,0
5,700,21.600000,0.000000,1,0,35880172,1337,2,1337,-15,0,4,0
5,700,21.600000,0.000000,1,0,35880184,1335,2,1335,-15,0,4,0
5,700,21.600000,0.000000,1,0,35880197,1333,2,1333,-15,0,4,0
5,700,21.600000,0.000000,1,0,35880209,1333,2,1333,-15,0,4,0
5,700,21.600000,0.000000,1,0,35880222,1333,2,1333,-15,0,4,0
5,700,21.600000,0.000000,1,0,35880234,1333,2,1333,-15,0,4,0
5,700,21.600000,0.000000,1,0,35880246,1333,2,1333,-15,0,4,0
5,700,21.600000,0.000000,1,0,35880255,1332,2,1332,-15,0,4,0
5,700,21.600000,0.000000,1,0,35880265,1331,2,1331,-15,0,4,0
5,700,21.600000,0.000000,1,0,35880275,1330,2,1330,-15,0,4,0
5,700,21.600000,0.000000,1,0,35880289,1328,2,1328,-15,0,4,0
5,700,21.600000,0.000000,1,0,35880301,1326,3,1326,-14,0,4,0
5,700,21.600000,0.000000,1,0,35880311,1324,4,1324,-13,0,4,0
5,700,21.600000,0.000000,1,0,35880322,1324,4,1324,-13,0,4,0
5,700,21.600000,0.000000,1,0,35880334,1324,4,1324,-13,0,4,0
5,700,21.600000,0.000000,1,0,35880344,1324,4,1324,-13,0,4,0
5,700,21.600000,0.000000,1,0,35880355,1324,4,1324,-13,0,4,0
5,700,21.600000,0.000000,1,0,35880364,1324,4,1324,-13,0,4,0
5,700,21.600000,0.000000,1,0,35880375,1323,4,1323,-13,0,4,0
5,700,21.600000,0.000000,1,0,35880386,1320,4,1320,-13,0,4,0
5,700,21.600000,0.000000,1,0,35880396,1318,4,1318,-13,0,4,0
5,700,21.600000,0.000000,1,0,35880407,1317,4,1317,-13,0,4,0
5,700,21.600000,0.000000,1,0,35880417,1317,4,1317,-13,0,4,0
5,700,21.600000,0.000000,1,0,35880431,1317,4,1317,-13,0,4,0
5,700,21.600000,0.000000,1,0,35880440,1317,4,1317,-13,0,4,0
5,700,21.600000,0.000000,1,0,35880451,1317,4,1317,-13,0,4,0
5,700,21.600000,0.000000,1,0,35880462,1317,4,1317,-13,0,4,0
5,700,21.600000,0.000000,1,0,35880476,1316,4,1316,-13,0,4,0
5,700,21.600000,0.000000,1,0,35880488,1314,4,1314,-13,0,4,0
5,700,21.600000,0.000000,1,0,35880498,1312,4,1312,-13,0,4,0
5,700,21.600000,0.000000,1,0,35880508,1310,4,1310,-13,0,4,0
5,700,21.600000,0.000000,1,0,35880519,1310,4,1310,-13,0,4,0
5,700,21.600000,0.000000,1,0,35880529,1310,4,1310,-13,0,4,0
5,700,21.600000,0.000000,1,0,35880539,1310,4,1310,-13,0,4,0
5,700,21.600000,0.000000,1,0,35880551,1310,4,1310,-13,0,4,0
5,700,21.600000,0.000000,1,0,35880561,1310,4,1310,-13,0,4,0
5,700,21.600000,0.000000,1,0,35880571,1310,4,1310,-13,0,4,0
5,700,21.600000,0.000000,1,0,35880581,1310,4,1310,-13,0,4,0
5,700,21.600000,0.000000,1,0,35880591,1310,4,1310,-13,0,4,0
5,700,21.600000,0.000000,1,0,35880601,1310,4,1310,-13,0,4,0
5,700,21.600000,0.000000,1,0,35880611,1310,4,1310,-13,0,4,0
5,700,21.600000,0.000000,1,0,35880623,1310,4,1310,-13,0,4,0
5,700,21.600000,0.000000,1,0,35880633,1310,4,1310,-13,0,4,0
5,700,21.600000,0.000000,1,0,35880642,1310,4,1310,-13,0,4,0
