5,700,50.400000,42.984000,0,0,35983619,610,0,610,0,0,4,86
5,700,50.400000,42.984000,0,0,35983620,610,0,610,0,0,4,86
5,700,50.400000,42.984000,0,0,35983631,612,0,612,0,0,4,86
5,700,50.400000,42.984000,0,0,35983644,617,0,617,0,0,4,86
5,700,50.400000,42.984000,0,0,35983654,626,0,626,0,0,4,86
5,700,50.400000,42.984000,0,0,35983665,643,0,643,-1,0,4,86
5,700,50.400000,42.984000,0,0,35983676,669,0,669,-1,0,4,86
5,700,50.400000,42.984000,0,0,35983688,701,0,701,-1,0,4,86
5,700,50.400000,42.984000,0,0,35983700,748,1,748,0,0,4,86
5,700,50.400000,42.984000,0,0,35983716,805,2,805,1,0,4,86
5,700,50.400000,42.984000,0,0,35983729,894,4,894,3,0,4,86
5,700,50.400000,42.984000,0,0,35983740,964,5,964,4,0,4,86
5,700,50.400000,42.984000,0,0,35983751,1030,6,1030,5,0,4,86
5,700,50.400000,42.984000,0,0,35983762,1092,6,1092,5,0,4,86
5,700,50.400000,42.984000,0,0,35983780,1141,6,1141,5,0,4,86
5,700,50.400000,42.984000,0,0,35983792,1212,5,1212,4,0,4,86
5,700,50.400000,42.984000,0,0,35983804,1239,2,1239,1,0,4,86
5,700,50.400000,42.984000,0,0,35983816,1256,0,1256,-2,0,4,86
5,700,50.400000,42.984000,0,0,35983829,1265,0,1265,-4,0,4,86
5,700,50.400000,42.984000,0,0,35983842,1271,0,1271,-5,0,4,86
5,700,50.400000,42.984000,0,0,35983855,1276,0,1276,-6,0,4,86
5,700,50.400000,42.984000,0,0,35983870,1281,0,1281,-6,0,4,86
5,700,50.400000,42.984000,0,0,35983884,1288,0,1288,-7,0,4,86
5,700,50.400000,42.984000,0,0,35983896,1293,0,1293,-7,0,4,86
5,700,50.400000,42.984000,0,0,35983907,1294,0,1294,-7,0,4,86
5,700,50.400000,42.984000,0,0,35983918,1295,0,1295,-7,0,4,86
5,700,50.400000,42.984000,0,0,35983929,1295,0,1295,-7,0,4,86
5,700,50.400000,42.984000,0,0,35983939,1295,0,1295,-7,0,4,86
5,700,50.400000,42.984000,0,0,35983950,1295,0,1295,-7,0,4,86
5,700,50.400000,42.984000,0,0,35983960,1295,0,1295,-7,0,4,86
5,700,50.400000,42.984000,0,0,35983972,1295,0,1295,-7,0,4,86
5,700,50.400000,42.984000,0,0,35983983,1297,0,1297,-8,0,4,86
5,700,50.400000,42.984000,0,0,35983994,1299,0,1299,-8,0,4,86
5,700,50.400000,42.984000,0,0,35984005,1300,0,1300,-8,0,4,86
5,700,50.400000,42.984000,0,0,35984017,1301,0,1301,-8,0,4,86
5,700,50.400000,42.984000,0,0,35984028,1300,0,1300,-8,0,4,86
5,700,50.400000,42.984000,0,0,35984038,1297,0,1297,-8,0,4,86
5,700,50.400000,42.984000,0,0,35984051,1296,0,1296,-8,0,4,86
5,700,50.400000,42.984000,0,0,35984064,1295,0,1295,-8,0,4,86
5,700,50.400000,42.984000,0,0,35984075,1295,0,1295,-8,0,4,86
5,700,50.400000,42.984000,0,0,35984087,1295,0,1295,-8,0,4,86
