5,700,50.400000,12.276000,1,1,35881277,610,22,610,22,0,4,1
5,700,50.400000,12.276000,1,1,35881278,610,22,610,22,0,4,1
5,700,50.400000,12.276000,1,1,35881292,610,22,610,22,0,4,1
5,700,50.400000,12.276000,1,1,35881305,614,22,614,22,0,4,1
5,700,50.400000,12.276000,1,1,35881328,627,23,627,23,0,4,1
5,700,50.400000,12.276000,1,1,35881338,696,23,696,23,0,4,1
5,700,50.400000,12.276000,1,1,35881351,749,24,749,24,0,4,1
5,700,50.400000,12.276000,1,1,35881363,814,26,814,26,0,4,1
5,700,50.400000,12.276000,1,1,35881379,880,27,880,27,0,4,1
5,700,50.400000,12.276000,1,1,35881391,984,29,984,29,0,4,1
5,700,50.400000,12.276000,1,1,35881402,1057,30,1057,30,0,4,1
5,700,50.400000,12.276000,1,1,35881414,1131,30,1131,30,0,4,1
5,700,50.400000,12.276000,1,1,35881433,1201,31,1201,31,0,4,1
5,700,50.400000,12.276000,1,1,35881443,1279,31,1279,31,0,4,1
5,700,50.400000,12.276000,1,1,35881455,1303,31,1303,31,0,4,1
5,700,50.400000,12.276000,1,1,35881469,1318,28,1318,28,0,4,1
5,700,50.400000,12.276000,1,1,35881484,1321,26,1321,26,0,4,1
5,700,50.400000,12.276000,1,1,35881497,1320,24,1320,24,0,4,1
5,700,50.400000,12.276000,1,1,35881510,1316,22,1316,22,0,4,1
5,700,50.400000,12.276000,1,1,35881521,1315,21,1315,21,0,4,1
5,700,50.400000,12.276000,1,1,35881532,1314,20,1314,20,0,4,1
5,700,50.400000,12.276000,1,1,35881543,1314,20,1314,20,0,4,1
5,700,50.400000,12.276000,1,1,35881553,1314,20,1314,20,0,4,1
5,700,50.400000,12.276000,1,1,35881563,1314,20,1314,20,0,4,1
5,700,50.400000,12.276000,1,1,35881572,1314,20,1314,20,0,4,1
5,700,50.400000,12.276000,1,1,35881583,1314,20,1314,20,0,4,1
5,700,50.400000,12.276000,1,1,35881594,1314,20,1314,20,0,4,1
5,700,50.400000,12.276000,1,1,35881604,1314,20,1314,20,0,4,1
5,700,50.400000,12.276000,1,1,35881614,1314,20,1314,20,0,4,1
5,700,50.400000,12.276000,1,1,35881623,1314,20,1314,20,0,4,1
5,700,50.400000,12.276000,1,1,35881634,1314,20,1314,20,0,4,1
5,700,50.400000,12.276000,1,1,35881646,1314,20,1314,20,0,4,1
5,700,50.400000,12.276000,1,1,35881658,1314,20,1314,20,0,4,1
5,700,50.400000,12.276000,1,1,35881668,1314,18,1314,18,0,4,1
5,700,50.400000,12.276000,1,1,35881678,1313,17,1313,17,0,4,1
5,700,50.400000,12.276000,1,1,35881691,1312,16,1312,16,0,4,1
5,700,50.400000,12.276000,1,1,35881702,1311,15,1311,15,0,4,1
5,700,50.400000,12.276000,1,1,35881715,1311,14,1311,14,0,4,1
5,700,50.400000,12.276000,1,1,35881727,1311,13,1311,13,0,4,1
5,700,50.400000,12.276000,1,1,35881739,1311,13,1311,13,0,4,1
5,700,50.400000,12.276000,1,1,35881751,1311,13,1311,13,0,4,1
