5,700,82.800000,0.000000,1,0,36166582,610,0,610,0,0,5,111
5,700,82.800000,0.000000,1,0,36166583,610,0,610,0,0,5,111
5,700,82.800000,0.000000,1,0,36166596,610,0,610,0,0,5,111
5,700,82.800000,0.000000,1,0,36166607,611,0,611,0,0,5,111
5,700,82.800000,0.000000,1,0,36166627,615,0,615,0,0,5,111
5,700,82.800000,0.000000,1,0,36166639,635,0,635,-3,0,5,111
5,700,82.800000,0.000000,1,0,36166654,669,0,669,-7,0,5,111
5,700,82.800000,0.000000,1,0,36166668,728,0,728,-12,0,5,111
5,700,82.800000,0.000000,1,0,36166685,810,0,810,-18,0,5,111
5,700,82.800000,0.000000,1,0,36166698,929,0,929,-28,0,5,111
5,700,82.800000,0.000000,1,0,36166712,1017,0,1017,-36,0,5,111
5,700,82.800000,0.000000,1,0,36166724,1100,0,1100,-43,0,5,111
5,700,82.800000,0.000000,1,0,36166737,1182,0,1182,-50,0,5,111
5,700,82.800000,0.000000,1,0,36166749,1247,0,1247,-55,0,5,111
5,700,82.800000,0.000000,1,0,36166762,1293,0,1293,-59,0,5,111
5,700,82.800000,0.000000,1,0,36166773,1315,0,1315,-63,0,5,111
5,700,82.800000,0.000000,1,0,36166787,1317,0,1317,-64,0,5,111
5,700,82.800000,0.000000,1,0,36166800,1313,0,1313,-65,0,5,111
5,700,82.800000,0.000000,1,0,36166811,1308,0,1308,-65,0,5,111
5,700,82.800000,0.000000,1,0,36166822,1305,0,1305,-65,0,5,111
5,700,82.800000,0.000000,1,0,36166835,1304,0,1304,-65,0,5,111
5,700,82.800000,0.000000,1,0,36166846,1304,0,1304,-65,0,5,111
5,700,82.800000,0.000000,1,0,36166857,1304,0,1304,-65,0,5,111
5,700,82.800000,0.000000,1,0,36166868,1304,0,1304,-65,0,5,111
5,700,82.800000,0.000000,1,0,36166879,1304,0,1304,-65,0,5,111
5,700,82.800000,0.000000,1,0,36166891,1304,0,1304,-65,0,5,111
5,700,82.800000,0.000000,1,0,36166903,1304,0,1304,-65,0,5,111
5,700,82.800000,0.000000,1,0,36166915,1304,0,1304,-65,0,5,111
5,700,82.800000,0.000000,1,0,36166927,1304,0,1304,-65,0,5,111
5,700,82.800000,0.000000,1,0,36166937,1304,0,1304,-65,0,5,111
5,700,82.800000,0.000000,1,0,36166948,1305,0,1305,-65,0,5,111
5,700,82.800000,0.000000,1,0,36166958,1306,0,1306,-65,0,5,111
