5,700,21.600000,10000.000000,1,1,36240896,610,22,610,22,0,6,52
5,700,21.600000,10000.000000,1,1,36240897,610,22,610,22,0,6,52
5,700,21.600000,10000.000000,1,1,36240908,620,23,620,23,0,6,52
5,700,21.600000,10000.000000,1,1,36240919,637,24,637,24,0,6,52
5,700,21.600000,10000.000000,1,1,36240931,665,25,665,25,0,6,52
5,700,21.600000,10000.000000,1,1,36240942,704,28,704,28,0,6,52
5,700,21.600000,10000.000000,1,1,36240955,758,32,758,32,0,6,52
5,700,21.600000,10000.000000,1,1,36240966,826,38,826,38,0,6,52
5,700,21.600000,10000.000000,1,1,36240978,903,44,903,44,0,6,52
5,700,21.600000,10000.000000,1,1,36240988,984,49,984,49,0,6,52
5,700,21.600000,10000.000000,1,1,36241002,1062,51,1062,51,0,6,52
5,700,21.600000,10000.000000,1,1,36241014,1173,51,1173,51,0,6,52
5,700,21.600000,10000.000000,1,1,36241024,1254,47,1254,47,0,6,52
5,700,21.600000,10000.000000,1,1,36241036,1319,43,1319,43,0,6,52
5,700,21.600000,10000.000000,1,1,36241049,1366,36,1366,36,0,6,52
5,700,21.600000,10000.000000,1,1,36241059,1385,27,1385,27,0,6,52
5,700,21.600000,10000.000000,1,1,36241070,1386,19,1386,19,0,6,52
5,700,21.600000,10000.000000,1,1,36241081,1380,10,1380,10,0,6,52
5,700,21.600000,10000.000000,1,1,36241092,1369,2,1369,2,0,6,52
5,700,21.600000,10000.000000,1,1,36241104,1357,0,1357,-4,0,6,52
5,700,21.600000,10000.000000,1,1,36241117,1346,0,1346,-7,0,6,52
5,700,21.600000,10000.000000,1,1,36241127,1339,0,1339,-8,0,6,52
5,700,21.600000,10000.000000,1,1,36241139,1338,0,1338,-8,0,6,52
5,700,21.600000,10000.000000,1,1,36241150,1338,0,1338,-8,0,6,52
5,700,21.600000,10000.000000,1,1,36241161,1338,0,1338,-8,0,6,52
5,700,21.600000,10000.000000,1,1,36241173,1338,0,1338,-8,0,6,52
5,700,21.600000,10000.000000,1,1,36241183,1338,0,1338,-8,0,6,52
5,700,21.600000,10000.000000,1,1,36241195,1338,0,1338,-8,0,6,52
5,700,21.600000,10000.000000,1,1,36241206,1339,0,1339,-8,0,6,52
5,700,21.600000,10000.000000,1,1,36241218,1340,0,1340,-8,0,6,52
5,700,21.600000,10000.000000,1,1,36241229,1340,0,1340,-8,0,6,52
5,700,21.600000,10000.000000,1,1,36241240,1340,0,1340,-8,0,6,52
5,700,21.600000,10000.000000,1,1,36241252,1339,0,1339,-8,0,6,52
5,700,21.600000,10000.000000,1,1,36241263,1334,0,1334,-8,0,6,52
5,700,21.600000,10000.000000,1,1,36241275,1325,1,1325,-7,0,6,52
5,700,21.600000,10000.000000,1,1,36241287,1316,4,1316,-4,0,6,52
5,700,21.600000,10000.000000,1,1,36241298,1310,6,1310,-2,0,6,52
5,700,21.600000,10000.000000,1,1,36241308,1307,7,1307,-1,0,6,52
5,700,21.600000,10000.000000,1,1,36241322,1304,8,1304,0,0,6,52
5,700,21.600000,10000.000000,1,1,36241334,1304,8,1304,0,0,6,52
5,700,21.600000,10000.000000,1,1,36241345,1304,8,1304,0,0,6,52
5,700,21.600000,10000.000000,1,1,36241356,1304,8,1304,0,0,6,52
5,700,21.600000,10000.000000,1,1,36241367,1304,8,1304,0,0,6,52
5,700,21.600000,10000.000000,1,1,36241377,1304,8,1304,0,0,6,52
5,700,21.600000,10000.000000,1,1,36241392,1304,8,1304,0,0,6,52
5,700,21.600000,10000.000000,1,1,36241403,1304,9,1304,1,0,6,52
5,700,21.600000,10000.000000,1,1,36241415,1303,9,1303,1,0,6,52
5,700,21.600000,10000.000000,1,1,36241426,1303,9,1303,1,0,6,52
5,700,21.600000,10000.000000,1,1,36241439,1303,9,1303,1,0,6,52
5,700,21.600000,10000.000000,1,1,36241450,1303,9,1303,1,0,6,52
5,700,21.600000,10000.000000,1,1,36241460,1303,9,1303,1,0,6,52
