5,700,21.600000,42.984000,0,0,36374215,610,0,610,0,0,7,42
5,700,21.600000,42.984000,0,0,36374216,610,0,610,0,0,7,42
5,700,21.600000,42.984000,0,0,36374227,610,0,610,0,0,7,42
5,700,21.600000,42.984000,0,0,36374238,610,0,610,0,0,7,42
5,700,21.600000,42.984000,0,0,36374250,611,0,611,0,0,7,42
5,700,21.600000,42.984000,0,0,36374260,614,0,614,0,0,7,42
5,700,21.600000,42.984000,0,0,36374272,621,0,621,-1,0,7,42
5,700,21.600000,42.984000,0,0,36374285,636,0,636,-3,0,7,42
5,700,21.600000,42.984000,0,0,36374298,664,0,664,-6,0,7,42
5,700,21.600000,42.984000,0,0,36374311,704,0,704,-9,0,7,42
5,700,21.600000,42.984000,0,0,36374325,776,0,776,-15,0,7,42
5,700,21.600000,42.984000,0,0,36374336,863,0,863,-22,0,7,42
5,700,21.600000,42.984000,0,0,36374348,933,0,933,-28,0,7,42
5,700,21.600000,42.984000,0,0,36374365,1002,0,1002,-34,0,7,42
5,700,21.600000,42.984000,0,0,36374375,1103,0,1103,-42,0,7,42
5,700,21.600000,42.984000,0,0,36374387,1169,0,1169,-46,0,7,42
5,700,21.600000,42.984000,0,0,36374398,1231,0,1231,-49,0,7,42
5,700,21.600000,42.984000,0,0,36374416,1279,0,1279,-51,0,7,42
5,700,21.600000,42.984000,0,0,36374427,1328,0,1328,-53,0,7,42
5,700,21.600000,42.984000,0,0,36374438,1345,0,1345,-53,0,7,42
5,700,21.600000,42.984000,0,0,36374450,1347,0,1347,-54,0,7,42
5,700,21.600000,42.984000,0,0,36374461,1349,0,1349,-55,0,7,42
5,700,21.600000,42.984000,0,0,36374473,1348,0,1348,-55,0,7,42
5,700,21.600000,42.984000,0,0,36374485,1348,0,1348,-55,0,7,42
5,700,21.600000,42.984000,0,0,36374496,1348,0,1348,-55,0,7,42
5,700,21.600000,42.984000,0,0,36374507,1348,0,1348,-55,0,7,42
5,700,21.600000,42.984000,0,0,36374520,1348,0,1348,-55,0,7,42
5,700,21.600000,42.984000,0,0,36374530,1347,0,1347,-55,0,7,42
5,700,21.600000,42.984000,0,0,36374542,1345,0,1345,-55,0,7,42
5,700,21.600000,42.984000,0,0,36374555,1341,0,1341,-55,0,7,42
5,700,21.600000,42.984000,0,0,36374566,1335,1,1335,-54,0,7,42
5,700,21.600000,42.984000,0,0,36374576,1332,2,1332,-53,0,7,42
5,700,21.600000,42.984000,0,0,36374589,1332,2,1332,-53,0,7,42
5,700,21.600000,42.984000,0,0,36374601,1332,2,1332,-53,0,7,42
5,700,21.600000,42.984000,0,0,36374613,1332,2,1332,-53,0,7,42
5,700,21.600000,42.984000,0,0,36374625,1332,2,1332,-53,0,7,42
5,700,21.600000,42.984000,0,0,36374637,1331,2,1331,-53,0,7,42
5,700,21.600000,42.984000,0,0,36374648,1329,2,1329,-53,0,7,42
5,700,21.600000,42.984000,0,0,36374659,1327,2,1327,-53,0,7,42
5,700,21.600000,42.984000,0,0,36374671,1326,2,1326,-53,0,7,42
5,700,21.600000,42.984000,0,0,36374681,1326,2,1326,-53,0,7,42
5,700,21.600000,42.984000,0,0,36374695,1325,2,1325,-53,0,7,42
5,700,21.600000,42.984000,0,0,36374706,1324,3,1324,-52,0,7,42
5,700,21.600000,42.984000,0,0,36374717,1322,3,1322,-52,0,7,42
5,700,21.600000,42.984000,0,0,36374730,1320,3,1320,-52,0,7,42
5,700,21.600000,42.984000,0,0,36374740,1318,4,1318,-51,0,7,42
5,700,21.600000,42.984000,0,0,36374752,1318,4,1318,-51,0,7,42
5,700,21.600000,42.984000,0,0,36374765,1318,4,1318,-51,0,7,42
5,700,21.600000,42.984000,0,0,36374777,1318,4,1318,-51,0,7,42
5,700,21.600000,42.984000,0,0,36374788,1318,4,1318,-51,0,7,42
5,700,21.600000,42.984000,0,0,36374799,1318,4,1318,-51,0,7,42
5,700,21.600000,42.984000,0,0,36374809,1318,4,1318,-51,0,7,42
5,700,21.600000,42.984000,0,0,36374822,1317,4,1317,-51,0,7,42
5,700,21.600000,42.984000,0,0,36374834,1316,4,1316,-51,0,7,42
5,700,21.600000,42.984000,0,0,36374845,1315,4,1315,-51,0,7,42
5,700,21.600000,42.984000,0,0,36374857,1315,4,1315,-51,0,7,42
5,700,21.600000,42.984000,0,0,36374868,1315,4,1315,-51,0,7,42
