5,700,50.400000,12.276000,0,1,36412700,610,22,610,22,0,7,75
5,700,50.400000,12.276000,0,1,36412701,610,22,610,22,0,7,75
5,700,50.400000,12.276000,0,1,36412714,612,22,612,22,0,7,75
5,700,50.400000,12.276000,0,1,36412726,617,22,617,22,0,7,75
5,700,50.400000,12.276000,0,1,36412738,626,22,626,22,0,7,75
5,700,50.400000,12.276000,0,1,36412749,642,22,642,22,0,7,75
5,700,50.400000,12.276000,0,1,36412760,669,23,669,23,0,7,75
5,700,50.400000,12.276000,0,1,36412772,711,26,711,26,0,7,75
5,700,50.400000,12.276000,0,1,36412786,770,32,770,32,0,7,75
5,700,50.400000,12.276000,0,1,36412797,844,41,844,41,0,7,75
5,700,50.400000,12.276000,0,1,36412808,917,48,917,48,0,7,75
5,700,50.400000,12.276000,0,1,36412820,986,53,986,53,0,7,75
5,700,50.400000,12.276000,0,1,36412838,1065,54,1065,54,0,7,75
5,700,50.400000,12.276000,0,1,36412849,1175,50,1175,50,0,7,75
5,700,50.400000,12.276000,0,1,36412859,1242,43,1242,43,0,7,75
5,700,50.400000,12.276000,0,1,36412870,1282,37,1282,37,0,7,75
5,700,50.400000,12.276000,0,1,36412881,1312,28,1312,28,0,7,75
5,700,50.400000,12.276000,0,1,36412894,1330,20,1330,20,0,7,75
5,700,50.400000,12.276000,0,1,36412904,1342,12,1342,12,0,7,75
5,700,50.400000,12.276000,0,1,36412915,1349,5,1349,5,0,7,75
5,700,50.400000,12.276000,0,1,36412927,1353,0,1353,0,0,7,75
5,700,50.400000,12.276000,0,1,36412937,1356,0,1356,-3,0,7,75
5,700,50.400000,12.276000,0,1,36412948,1358,0,1358,-5,0,7,75
5,700,50.400000,12.276000,0,1,36412961,1359,0,1359,-5,0,7,75
5,700,50.400000,12.276000,0,1,36412971,1359,0,1359,-6,0,7,75
5,700,50.400000,12.276000,0,1,36412983,1359,0,1359,-7,0,7,75
5,700,50.400000,12.276000,0,1,36412993,1359,0,1359,-7,0,7,75
5,700,50.400000,12.276000,0,1,36413005,1358,0,1358,-7,0,7,75
5,700,50.400000,12.276000,0,1,36413016,1356,0,1356,-7,0,7,75
5,700,50.400000,12.276000,0,1,36413027,1354,0,1354,-7,0,7,75
5,700,50.400000,12.276000,0,1,36413039,1354,0,1354,-7,0,7,75
5,700,50.400000,12.276000,0,1,36413050,1354,0,1354,-7,0,7,75
5,700,50.400000,12.276000,0,1,36413061,1354,0,1354,-7,0,7,75
5,700,50.400000,12.276000,0,1,36413072,1353,0,1353,-7,0,7,75
5,700,50.400000,12.276000,0,1,36413086,1351,0,1351,-7,0,7,75
5,700,50.400000,12.276000,0,1,36413100,1345,0,1345,-7,0,7,75
5,700,50.400000,12.276000,0,1,36413116,1339,0,1339,-7,0,7,75
5,700,50.400000,12.276000,0,1,36413143,1331,0,1331,-7,0,7,75
5,700,50.400000,12.276000,0,1,36413155,1316,3,1316,-4,0,7,75
5,700,50.400000,12.276000,0,1,36413169,1309,4,1309,-3,0,7,75
5,700,50.400000,12.276000,0,1,36413184,1305,5,1305,-2,0,7,75
5,700,50.400000,12.276000,0,1,36413200,1305,5,1305,-2,0,7,75
5,700,50.400000,12.276000,0,1,36413212,1305,5,1305,-2,0,7,75
5,700,50.400000,12.276000,0,1,36413225,1305,5,1305,-2,0,7,75
5,700,50.400000,12.276000,0,1,36413237,1305,5,1305,-2,0,7,75
5,700,50.400000,12.276000,0,1,36413247,1305,5,1305,-2,0,7,75
