5,350,21.600000,0.000000,0,0,36452777,785,0,785,0,0,7,107
5,350,21.600000,0.000000,0,0,36452778,785,0,785,0,0,7,107
5,350,21.600000,0.000000,0,0,36452790,790,0,790,0,0,7,107
5,350,21.600000,0.000000,0,0,36452808,800,0,800,0,0,7,107
5,350,21.600000,0.000000,0,0,36452820,835,0,835,-1,0,7,107
5,350,21.600000,0.000000,0,0,36452832,870,0,870,-2,0,7,107
5,350,21.600000,0.000000,0,0,36452842,921,0,921,-2,0,7,107
5,350,21.600000,0.000000,0,0,36452860,967,0,967,-2,0,7,107
5,350,21.600000,0.000000,0,0,36452873,1050,0,1050,-4,0,7,107
5,350,21.600000,0.000000,0,0,36452885,1098,0,1098,-5,0,7,107
5,350,21.600000,0.000000,0,0,36452903,1136,0,1136,-7,0,7,107
5,350,21.600000,0.000000,0,0,36452915,1164,0,1164,-10,0,7,107
5,350,21.600000,0.000000,0,0,36452925,1165,0,1165,-11,0,7,107
5,350,21.600000,0.000000,0,0,36452936,1163,0,1163,-12,0,7,107
5,350,21.600000,0.000000,0,0,36452948,1159,0,1159,-13,0,7,107
5,350,21.600000,0.000000,0,0,36452958,1155,0,1155,-14,0,7,107
5,350,21.600000,0.000000,0,0,36452972,1153,0,1153,-14,0,7,107
5,350,21.600000,0.000000,0,0,36452983,1152,0,1152,-14,0,7,107
5,350,21.600000,0.000000,0,0,36452994,1152,0,1152,-14,0,7,107
5,350,21.600000,0.000000,0,0,36453005,1152,0,1152,-14,0,7,107
5,350,21.600000,0.000000,0,0,36453016,1152,0,1152,-14,0,7,107
5,350,21.600000,0.000000,0,0,36453027,1152,0,1152,-14,0,7,107
5,350,21.600000,0.000000,0,0,36453037,1151,0,1151,-14,0,7,107
5,350,21.600000,0.000000,0,0,36453049,1150,0,1150,-14,0,7,107
5,350,21.600000,0.000000,0,0,36453059,1150,0,1150,-14,0,7,107
5,350,21.600000,0.000000,0,0,36453070,1150,0,1150,-14,0,7,107
5,350,21.600000,0.000000,0,0,36453081,1150,0,1150,-14,0,7,107
5,350,21.600000,0.000000,0,0,36453092,1150,0,1150,-14,0,7,107
5,350,21.600000,0.000000,0,0,36453103,1150,0,1150,-14,0,7,107
5,350,21.600000,0.000000,0,0,36453114,1150,0,1150,-14,0,7,107
5,350,21.600000,0.000000,0,0,36453125,1150,0,1150,-14,0,7,107
5,350,21.600000,0.000000,0,0,36453139,1150,0,1150,-14,0,7,107
5,350,21.600000,0.000000,0,0,36453152,1150,0,1150,-14,0,7,107
5,350,21.600000,0.000000,0,0,36453164,1149,0,1149,-14,0,7,107
5,350,21.600000,0.000000,0,0,36453175,1148,0,1148,-14,0,7,107
5,350,21.600000,0.000000,0,0,36453190,1146,0,1146,-14,0,7,107
5,350,21.600000,0.000000,0,0,36453201,1142,1,1142,-13,0,7,107
5,350,21.600000,0.000000,0,0,36453215,1139,1,1139,-13,0,7,107
5,350,21.600000,0.000000,0,0,36453227,1139,2,1139,-12,0,7,107
5,350,21.600000,0.000000,0,0,36453237,1139,3,1139,-11,0,7,107
5,350,21.600000,0.000000,0,0,36453249,1139,3,1139,-11,0,7,107
5,350,21.600000,0.000000,0,0,36453261,1138,3,1138,-11,0,7,107
