5,350,50.400000,12.276000,0,0,36399485,785,0,785,0,0,7,64
5,350,50.400000,12.276000,0,0,36399487,785,0,785,0,0,7,64
5,350,50.400000,12.276000,0,0,36399498,785,0,785,0,0,7,64
5,350,50.400000,12.276000,0,0,36399510,785,0,785,0,0,7,64
5,350,50.400000,12.276000,0,0,36399521,785,0,785,0,0,7,64
5,350,50.400000,12.276000,0,0,36399532,785,0,785,0,0,7,64
5,350,50.400000,12.276000,0,0,36399545,786,0,786,0,0,7,64
5,350,50.400000,12.276000,0,0,36399555,789,0,789,0,0,7,64
5,350,50.400000,12.276000,0,0,36399569,795,0,795,0,0,7,64
5,350,50.400000,12.276000,0,0,36399586,807,0,807,0,0,7,64
5,350,50.400000,12.276000,0,0,36399597,844,0,844,-1,0,7,64
5,350,50.400000,12.276000,0,0,36399609,880,0,880,-2,0,7,64
5,350,50.400000,12.276000,0,0,36399624,932,0,932,-3,0,7,64
5,350,50.400000,12.276000,0,0,36399637,998,0,998,-6,0,7,64
5,350,50.400000,12.276000,0,0,36399649,1048,0,1048,-7,0,7,64
5,350,50.400000,12.276000,0,0,36399662,1082,0,1082,-9,0,7,64
5,350,50.400000,12.276000,0,0,36399673,1104,0,1104,-11,0,7,64
5,350,50.400000,12.276000,0,0,36399684,1111,0,1111,-13,0,7,64
5,350,50.400000,12.276000,0,0,36399695,1111,0,1111,-14,0,7,64
5,350,50.400000,12.276000,0,0,36399706,1111,0,1111,-14,0,7,64
5,350,50.400000,12.276000,0,0,36399718,1111,0,1111,-14,0,7,64
5,350,50.400000,12.276000,0,0,36399730,1111,0,1111,-14,0,7,64
5,350,50.400000,12.276000,0,0,36399741,1111,0,1111,-14,0,7,64
5,350,50.400000,12.276000,0,0,36399751,1111,0,1111,-14,0,7,64
5,350,50.400000,12.276000,0,0,36399761,1111,0,1111,-14,0,7,64
5,350,50.400000,12.276000,0,0,36399773,1111,0,1111,-14,0,7,64
5,350,50.400000,12.276000,0,0,36399785,1112,0,1112,-14,0,7,64
5,350,50.400000,12.276000,0,0,36399797,1112,0,1112,-14,0,7,64
5,350,50.400000,12.276000,0,0,36399807,1112,0,1112,-14,0,7,64
5,350,50.400000,12.276000,0,0,36399819,1112,0,1112,-14,0,7,64
5,350,50.400000,12.276000,0,0,36399830,1112,0,1112,-14,0,7,64
5,350,50.400000,12.276000,0,0,36399840,1112,0,1112,-14,0,7,64
5,350,50.400000,12.276000,0,0,36399853,1112,0,1112,-14,0,7,64
5,350,50.400000,12.276000,0,0,36399864,1112,0,1112,-14,0,7,64
5,350,50.400000,12.276000,0,0,36399874,1112,0,1112,-14,0,7,64
5,350,50.400000,12.276000,0,0,36399885,1112,0,1112,-14,0,7,64
5,350,50.400000,12.276000,0,0,36399895,1112,0,1112,-14,0,7,64
5,350,50.400000,12.276000,0,0,36399905,1112,0,1112,-14,0,7,64
5,350,50.400000,12.276000,0,0,36399916,1113,0,1113,-14,0,7,64
5,350,50.400000,12.276000,0,0,36399925,1114,0,1114,-14,0,7,64
