5,700,50.400000,22.608000,1,1,36633563,610,22,610,22,0,9,15
5,700,50.400000,22.608000,1,1,36633564,610,22,610,22,0,9,15
5,700,50.400000,22.608000,1,1,36633574,610,22,610,22,0,9,15
5,700,50.400000,22.608000,1,1,36633584,610,22,610,22,0,9,15
5,700,50.400000,22.608000,1,1,36633596,613,22,613,22,0,9,15
5,700,50.400000,22.608000,1,1,36633608,622,22,622,22,0,9,15
5,700,50.400000,22.608000,1,1,36633620,640,22,640,22,0,9,15
5,700,50.400000,22.608000,1,1,36633633,678,21,678,21,0,9,15
5,700,50.400000,22.608000,1,1,36633645,742,21,742,21,0,9,15
5,700,50.400000,22.608000,1,1,36633657,804,21,804,21,0,9,15
5,700,50.400000,22.608000,1,1,36633669,889,22,889,22,0,9,15
5,700,50.400000,22.608000,1,1,36633681,968,22,968,22,0,9,15
5,700,50.400000,22.608000,1,1,36633691,1042,22,1042,22,0,9,15
5,700,50.400000,22.608000,1,1,36633703,1117,21,1117,21,0,9,15
5,700,50.400000,22.608000,1,1,36633713,1182,19,1182,19,0,9,15
5,700,50.400000,22.608000,1,1,36633725,1241,16,1241,16,0,9,15
5,700,50.400000,22.608000,1,1,36633737,1281,12,1281,12,0,9,15
5,700,50.400000,22.608000,1,1,36633748,1310,8,1310,8,0,9,15
5,700,50.400000,22.608000,1,1,36633759,1322,5,1322,5,0,9,15
5,700,50.400000,22.608000,1,1,36633769,1324,4,1324,4,0,9,15
5,700,50.400000,22.608000,1,1,36633780,1326,2,1326,2,0,9,15
5,700,50.400000,22.608000,1,1,36633791,1326,2,1326,2,0,9,15
5,700,50.400000,22.608000,1,1,36633802,1326,2,1326,2,0,9,15
5,700,50.400000,22.608000,1,1,36633816,1326,2,1326,2,0,9,15
5,700,50.400000,22.608000,1,1,36633828,1326,2,1326,2,0,9,15
5,700,50.400000,22.608000,1,1,36633839,1326,2,1326,2,0,9,15
5,700,50.400000,22.608000,1,1,36633850,1326,2,1326,2,0,9,15
5,700,50.400000,22.608000,1,1,36633862,1326,2,1326,2,0,9,15
5,700,50.400000,22.608000,1,1,36633873,1326,2,1326,2,0,9,15
5,700,50.400000,22.608000,1,1,36633885,1324,2,1324,2,0,9,15
5,700,50.400000,22.608000,1,1,36633898,1322,2,1322,2,0,9,15
5,700,50.400000,22.608000,1,1,36633908,1321,2,1321,2,0,9,15
5,700,50.400000,22.608000,1,1,36633920,1320,2,1320,2,0,9,15
5,700,50.400000,22.608000,1,1,36633935,1320,2,1320,2,0,9,15
5,700,50.400000,22.608000,1,1,36633949,1320,2,1320,2,0,9,15
5,700,50.400000,22.608000,1,1,36633962,1320,2,1320,2,0,9,15
5,700,50.400000,22.608000,1,1,36633975,1320,2,1320,2,0,9,15
5,700,50.400000,22.608000,1,1,36633988,1320,2,1320,2,0,9,15
5,700,50.400000,22.608000,1,1,36634002,1320,2,1320,2,0,9,15
