5,350,21.600000,10000.000000,1,0,36696655,785,0,785,0,0,9,66
5,350,21.600000,10000.000000,1,0,36696656,785,0,785,0,0,9,66
5,350,21.600000,10000.000000,1,0,36696666,785,0,785,0,0,9,66
5,350,21.600000,10000.000000,1,0,36696678,786,0,786,0,0,9,66
5,350,21.600000,10000.000000,1,0,36696697,790,0,790,-1,0,9,66
5,350,21.600000,10000.000000,1,0,36696709,808,0,808,-6,0,9,66
5,350,21.600000,10000.000000,1,0,36696722,828,0,828,-10,0,9,66
5,350,21.600000,10000.000000,1,0,36696737,864,0,864,-15,0,9,66
5,350,21.600000,10000.000000,1,0,36696748,918,0,918,-19,0,9,66
5,350,21.600000,10000.000000,1,0,36696763,970,0,970,-21,0,9,66
5,350,21.600000,10000.000000,1,0,36696775,1027,0,1027,-24,0,9,66
5,350,21.600000,10000.000000,1,0,36696786,1068,0,1068,-26,0,9,66
5,350,21.600000,10000.000000,1,0,36696800,1103,0,1103,-27,0,9,66
5,350,21.600000,10000.000000,1,0,36696811,1129,0,1129,-27,0,9,66
5,350,21.600000,10000.000000,1,0,36696824,1137,0,1137,-27,0,9,66
5,350,21.600000,10000.000000,1,0,36696834,1136,0,1136,-28,0,9,66
5,350,21.600000,10000.000000,1,0,36696845,1130,0,1130,-28,0,9,66
5,350,21.600000,10000.000000,1,0,36696857,1122,0,1122,-28,0,9,66
5,350,21.600000,10000.000000,1,0,36696871,1114,0,1114,-28,0,9,66
5,350,21.600000,10000.000000,1,0,36696881,1108,0,1108,-28,0,9,66
5,350,21.600000,10000.000000,1,0,36696893,1106,1,1106,-27,0,9,66
5,350,21.600000,10000.000000,1,0,36696903,1105,1,1105,-27,0,9,66
5,350,21.600000,10000.000000,1,0,36696915,1104,1,1104,-27,0,9,66
5,350,21.600000,10000.000000,1,0,36696927,1103,1,1103,-27,0,9,66
5,350,21.600000,10000.000000,1,0,36696939,1102,1,1102,-27,0,9,66
5,350,21.600000,10000.000000,1,0,36696950,1102,1,1102,-27,0,9,66
5,350,21.600000,10000.000000,1,0,36696963,1102,1,1102,-27,0,9,66
5,350,21.600000,10000.000000,1,0,36696973,1102,1,1102,-27,0,9,66
5,350,21.600000,10000.000000,1,0,36696984,1104,1,1104,-27,0,9,66
5,350,21.600000,10000.000000,1,0,36696995,1106,1,1106,-27,0,9,66
5,350,21.600000,10000.000000,1,0,36697006,1106,1,1106,-27,0,9,66
5,350,21.600000,10000.000000,1,0,36697017,1106,1,1106,-27,0,9,66
5,350,21.600000,10000.000000,1,0,36697033,1106,1,1106,-27,0,9,66
5,350,21.600000,10000.000000,1,0,36697045,1106,1,1106,-27,0,9,66
5,350,21.600000,10000.000000,1,0,36697056,1106,1,1106,-27,0,9,66
5,350,21.600000,10000.000000,1,0,36697067,1106,1,1106,-27,0,9,66
5,350,21.600000,10000.000000,1,0,36697078,1107,1,1107,-27,0,9,66
5,350,21.600000,10000.000000,1,0,36697092,1109,1,1109,-27,0,9,66
5,350,21.600000,10000.000000,1,0,36697105,1115,1,1115,-27,0,9,66
5,350,21.600000,10000.000000,1,0,36697116,1125,0,1125,-28,0,9,66
5,350,21.600000,10000.000000,1,0,36697127,1133,0,1133,-29,0,9,66
5,350,21.600000,10000.000000,1,0,36697138,1136,0,1136,-30,0,9,66
5,350,21.600000,10000.000000,1,0,36697150,1136,0,1136,-30,0,9,66
5,350,21.600000,10000.000000,1,0,36697164,1136,0,1136,-30,0,9,66
5,350,21.600000,10000.000000,1,0,36697179,1136,0,1136,-30,0,9,66
5,350,21.600000,10000.000000,1,0,36697192,1134,0,1134,-30,0,9,66
5,350,21.600000,10000.000000,1,0,36697206,1133,0,1133,-30,0,9,66
5,350,21.600000,10000.000000,1,0,36697219,1133,0,1133,-30,0,9,66
5,350,21.600000,10000.000000,1,0,36697230,1133,0,1133,-30,0,9,66
5,350,21.600000,10000.000000,1,0,36697240,1133,0,1133,-30,0,9,66
5,350,21.600000,10000.000000,1,0,36697253,1133,0,1133,-30,0,9,66
5,350,21.600000,10000.000000,1,0,36697267,1133,0,1133,-30,0,9,66
5,350,21.600000,10000.000000,1,0,36697279,1133,0,1133,-30,0,9,66
5,350,21.600000,10000.000000,1,0,36697293,1133,0,1133,-30,0,9,66
5,350,21.600000,10000.000000,1,0,36697303,1133,0,1133,-30,0,9,66
5,350,21.600000,10000.000000,1,0,36697314,1133,0,1133,-30,0,9,66
5,350,21.600000,10000.000000,1,0,36697327,1133,0,1133,-30,0,9,66
5,350,21.600000,10000.000000,1,0,36697337,1133,0,1133,-30,0,9,66
