63,1000,30.000000,0.000000,1,0,170751378,466,22,466,22,0,25,1
63,1000,30.000000,0.000000,1,0,170751379,466,22,466,22,0,25,1
63,1000,30.000000,0.000000,1,0,170751385,466,22,466,22,0,25,1
63,1000,30.000000,0.000000,1,0,170751392,466,22,466,22,0,25,1
63,1000,30.000000,0.000000,1,0,170751401,466,23,466,23,0,25,1
63,1000,30.000000,0.000000,1,0,170751407,466,23,466,23,0,25,1
63,1000,30.000000,0.000000,1,0,170751414,466,23,466,23,0,25,1
63,1000,30.000000,0.000000,1,0,170751421,466,23,466,23,0,25,1
63,1000,30.000000,0.000000,1,0,170751428,466,23,466,23,0,25,1
63,1000,30.000000,0.000000,1,0,170751435,466,23,466,23,0,25,1
63,1000,30.000000,0.000000,1,0,170751442,468,24,468,24,0,25,1
63,1000,30.000000,0.000000,1,0,170751448,471,25,471,25,0,25,1
63,1000,30.000000,0.000000,1,0,170751455,477,27,477,27,0,25,1
63,1000,30.000000,0.000000,1,0,170751462,492,31,492,31,0,25,1
63,1000,30.000000,0.000000,1,0,170751470,505,34,505,34,0,25,1
63,1000,30.000000,0.000000,1,0,170751476,517,37,517,37,0,25,1
63,1000,30.000000,0.000000,1,0,170751483,544,43,544,43,0,25,1
63,1000,30.000000,0.000000,1,0,170751490,558,45,558,45,0,25,1
63,1000,30.000000,0.000000,1,0,170751496,628,55,628,55,0,25,1
63,1000,30.000000,0.000000,1,0,170751504,667,60,667,60,0,25,1
63,1000,30.000000,0.000000,1,0,170751511,708,66,708,66,0,25,1
63,1000,30.000000,0.000000,1,0,170751518,762,71,762,71,0,25,1
63,1000,30.000000,0.000000,1,0,170751524,817,77,817,77,0,25,1
63,1000,30.000000,0.000000,1,0,170751532,871,81,871,81,0,25,1
63,1000,30.000000,0.000000,1,0,170751538,933,84,933,84,0,25,1
63,1000,30.000000,0.000000,1,0,170751545,988,84,988,84,0,25,1
63,1000,30.000000,0.000000,1,0,170751553,1052,84,1052,84,0,25,1
63,1000,30.000000,0.000000,1,0,170751560,1108,84,1108,84,0,25,1
63,1000,30.000000,0.000000,1,0,170751566,1150,82,1150,82,0,25,1
63,1000,30.000000,0.000000,1,0,170751573,1187,79,1187,79,0,25,1
63,1000,30.000000,0.000000,1,0,170751592,1226,76,1226,76,0,25,1
63,1000,30.000000,0.000000,1,0,170751602,1325,63,1325,63,0,25,1
63,1000,30.000000,0.000000,1,0,170751610,1361,57,1361,57,0,25,1
63,1000,30.000000,0.000000,1,0,170751616,1387,52,1387,52,0,25,1
63,1000,30.000000,0.000000,1,0,170751622,1403,49,1403,49,0,25,1
63,1000,30.000000,0.000000,1,0,170751628,1418,45,1418,45,0,25,1
63,1000,30.000000,0.000000,1,0,170751636,1427,43,1427,43,0,25,1
63,1000,30.000000,0.000000,1,0,170751642,1435,41,1435,41,0,25,1
63,1000,30.000000,0.000000,1,0,170751650,1440,39,1440,39,0,25,1
63,1000,30.000000,0.000000,1,0,170751657,1445,37,1445,37,0,25,1
63,1000,30.000000,0.000000,1,0,170751664,1449,35,1449,35,0,25,1
63,1000,30.000000,0.000000,1,0,170751671,1452,33,1452,33,0,25,1
63,1000,30.000000,0.000000,1,0,170751677,1455,32,1455,32,0,25,1
63,1000,30.000000,0.000000,1,0,170751685,1457,31,1457,31,0,25,1
63,1000,30.000000,0.000000,1,0,170751691,1460,30,1460,30,0,25,1
63,1000,30.000000,0.000000,1,0,170751698,1461,29,1461,29,0,25,1
63,1000,30.000000,0.000000,1,0,170751705,1462,29,1462,29,0,25,1
63,1000,30.000000,0.000000,1,0,170751712,1463,28,1463,28,0,25,1
63,1000,30.000000,0.000000,1,0,170751719,1463,27,1463,27,0,25,1
63,1000,30.000000,0.000000,1,0,170751726,1463,26,1463,26,0,25,1
63,1000,30.000000,0.000000,1,0,170751733,1463,25,1463,25,0,25,1
63,1000,30.000000,0.000000,1,0,170751748,1463,24,1463,24,0,25,1
63,1000,30.000000,0.000000,1,0,170751757,1463,21,1463,21,0,25,1
63,1000,30.000000,0.000000,1,0,170751765,1463,19,1463,19,0,25,1
63,1000,30.000000,0.000000,1,0,170751771,1463,17,1463,17,0,25,1
63,1000,30.000000,0.000000,1,0,170751777,1463,16,1463,16,0,25,1
63,1000,30.000000,0.000000,1,0,170751783,1464,16,1464,16,0,25,1
63,1000,30.000000,0.000000,1,0,170751789,1465,15,1465,15,0,25,1
63,1000,30.000000,0.000000,1,0,170751795,1466,14,1466,14,0,25,1
63,1000,30.000000,0.000000,1,0,170751802,1468,13,1468,13,0,25,1
63,1000,30.000000,0.000000,1,0,170751810,1469,12,1469,12,0,25,1
63,1000,30.000000,0.000000,1,0,170751816,1471,12,1471,12,0,25,1
63,1000,30.000000,0.000000,1,0,170751823,1473,12,1473,12,0,25,1
63,1000,30.000000,0.000000,1,0,170751830,1473,12,1473,12,0,25,1
63,1000,30.000000,0.000000,1,0,170751837,1473,12,1473,12,0,25,1
63,1000,30.000000,0.000000,1,0,170751844,1472,12,1472,12,0,25,1
63,1000,30.000000,0.000000,1,0,170751851,1470,12,1470,12,0,25,1
63,1000,30.000000,0.000000,1,0,170751858,1468,12,1468,12,0,25,1
63,1000,30.000000,0.000000,1,0,170751873,1467,12,1467,12,0,25,1
63,1000,30.000000,0.000000,1,0,170751882,1466,12,1466,12,0,25,1
63,1000,30.000000,0.000000,1,0,170751890,1466,12,1466,12,0,25,1
63,1000,30.000000,0.000000,1,0,170751896,1466,12,1466,12,0,25,1
63,1000,30.000000,0.000000,1,0,170751918,1466,12,1466,12,0,25,1
