63,1000,30.000000,60.000000,2,0,170913339,453,17,453,17,0,59,1
63,1000,30.000000,60.000000,2,0,170913341,453,17,453,17,0,59,1
63,1000,30.000000,60.000000,2,0,170913347,453,17,453,17,0,59,1
63,1000,30.000000,60.000000,2,0,170913354,453,17,453,17,0,59,1
63,1000,30.000000,60.000000,2,0,170913360,453,17,453,17,0,59,1
63,1000,30.000000,60.000000,2,0,170913368,453,17,453,17,0,59,1
63,1000,30.000000,60.000000,2,0,170913374,453,17,453,17,0,59,1
63,1000,30.000000,60.000000,2,0,170913381,453,17,453,17,0,59,1
63,1000,30.000000,60.000000,2,0,170913389,453,17,453,17,0,59,1
63,1000,30.000000,60.000000,2,0,170913395,453,17,453,17,0,59,1
63,1000,30.000000,60.000000,2,0,170913402,455,17,455,17,0,59,1
63,1000,30.000000,60.000000,2,0,170913413,459,20,459,20,0,59,1
63,1000,30.000000,60.000000,2,0,170913420,476,28,476,28,0,59,1
63,1000,30.000000,60.000000,2,0,170913427,492,34,492,34,0,59,1
63,1000,30.000000,60.000000,2,0,170913433,513,42,513,42,0,59,1
63,1000,30.000000,60.000000,2,0,170913439,544,52,544,52,0,59,1
63,1000,30.000000,60.000000,2,0,170913445,575,62,575,62,0,59,1
63,1000,30.000000,60.000000,2,0,170913452,615,74,615,74,0,59,1
63,1000,30.000000,60.000000,2,0,170913458,668,88,668,88,0,59,1
63,1000,30.000000,60.000000,2,0,170913465,717,101,717,101,0,59,1
63,1000,30.000000,60.000000,2,0,170913472,769,114,769,114,0,59,1
63,1000,30.000000,60.000000,2,0,170913479,837,129,837,129,0,59,1
63,1000,30.000000,60.000000,2,0,170913486,907,142,907,142,0,59,1
63,1000,30.000000,60.000000,2,0,170913492,977,155,977,155,0,59,1
63,1000,30.000000,60.000000,2,0,170913499,1046,164,1046,164,0,59,1
63,1000,30.000000,60.000000,2,0,170913506,1100,169,1100,169,0,59,1
63,1000,30.000000,60.000000,2,0,170913513,1154,172,1154,172,0,59,1
63,1000,30.000000,60.000000,2,0,170913520,1208,172,1208,172,0,59,1
63,1000,30.000000,60.000000,2,0,170913528,1251,171,1251,171,0,59,1
63,1000,30.000000,60.000000,2,0,170913543,1295,166,1295,166,0,59,1
63,1000,30.000000,60.000000,2,0,170913552,1375,149,1375,149,0,59,1
63,1000,30.000000,60.000000,2,0,170913560,1416,134,1416,134,0,59,1
63,1000,30.000000,60.000000,2,0,170913566,1493,101,1493,101,0,59,1
63,1000,30.000000,60.000000,2,0,170913573,1512,91,1512,91,0,59,1
63,1000,30.000000,60.000000,2,0,170913579,1531,78,1531,78,0,59,1
63,1000,30.000000,60.000000,2,0,170913585,1540,72,1540,72,0,59,1
63,1000,30.000000,60.000000,2,0,170913591,1548,63,1548,63,0,59,1
63,1000,30.000000,60.000000,2,0,170913597,1551,58,1551,58,0,59,1
63,1000,30.000000,60.000000,2,0,170913604,1553,53,1553,53,0,59,1
63,1000,30.000000,60.000000,2,0,170913612,1553,48,1553,48,0,59,1
63,1000,30.000000,60.000000,2,0,170913617,1553,41,1553,41,0,59,1
63,1000,30.000000,60.000000,2,0,170913625,1552,27,1552,27,0,59,1
63,1000,30.000000,60.000000,2,0,170913631,1550,24,1550,24,0,59,1
63,1000,30.000000,60.000000,2,0,170913638,1550,21,1550,21,0,59,1
63,1000,30.000000,60.000000,2,0,170913646,1550,19,1550,19,0,59,1
63,1000,30.000000,60.000000,2,0,170913652,1550,17,1550,17,0,59,1
63,1000,30.000000,60.000000,2,0,170913668,1551,15,1551,15,0,59,1
63,1000,30.000000,60.000000,2,0,170913679,1555,12,1555,12,0,59,1
63,1000,30.000000,60.000000,2,0,170913687,1558,11,1558,11,0,59,1
63,1000,30.000000,60.000000,2,0,170913695,1559,11,1559,11,0,59,1
63,1000,30.000000,60.000000,2,0,170913701,1560,10,1560,10,0,59,1
63,1000,30.000000,60.000000,2,0,170913708,1561,9,1561,9,0,59,1
63,1000,30.000000,60.000000,2,0,170913715,1561,8,1561,8,0,59,1
63,1000,30.000000,60.000000,2,0,170913722,1562,7,1562,7,0,59,1
63,1000,30.000000,60.000000,2,0,170913729,1562,6,1562,6,0,59,1
63,1000,30.000000,60.000000,2,0,170913736,1563,5,1563,5,0,59,1
63,1000,30.000000,60.000000,2,0,170913743,1564,5,1564,5,0,59,1
63,1000,30.000000,60.000000,2,0,170913749,1565,5,1565,5,0,59,1
63,1000,30.000000,60.000000,2,0,170913756,1565,5,1565,5,0,59,1
63,1000,30.000000,60.000000,2,0,170913763,1565,5,1565,5,0,59,1
63,1000,30.000000,60.000000,2,0,170913771,1565,4,1565,4,0,59,1
63,1000,30.000000,60.000000,2,0,170913778,1563,3,1563,3,0,59,1
63,1000,30.000000,60.000000,2,0,170913784,1561,2,1561,2,0,59,1
63,1000,30.000000,60.000000,2,0,170913791,1559,2,1559,2,0,59,1
63,1000,30.000000,60.000000,2,0,170913798,1556,2,1556,2,0,59,1
63,1000,30.000000,60.000000,2,0,170913805,1551,1,1551,1,0,59,1
63,1000,30.000000,60.000000,2,0,170913812,1544,0,1544,0,0,59,1
63,1000,30.000000,60.000000,2,0,170913834,1535,0,1535,-1,0,59,1
63,1000,30.000000,60.000000,2,0,170913844,1501,0,1501,-5,0,59,1
63,1000,30.000000,60.000000,2,0,170913853,1492,0,1492,-5,0,59,1
63,1000,30.000000,60.000000,2,0,170913859,1487,0,1487,-5,0,59,1
63,1000,30.000000,60.000000,2,0,170913865,1485,0,1485,-5,0,59,1
63,1000,30.000000,60.000000,2,0,170913871,1484,0,1484,-5,0,59,1
63,1000,30.000000,60.000000,2,0,170913878,1483,0,1483,-5,0,59,1
63,1000,30.000000,60.000000,2,0,170913883,1482,0,1482,-5,0,59,1
63,1000,30.000000,60.000000,2,0,170913889,1482,0,1482,-5,0,59,1
63,1000,30.000000,60.000000,2,0,170913895,1482,0,1482,-5,0,59,1
63,1000,30.000000,60.000000,2,0,170913902,1482,0,1482,-5,0,59,1
63,1000,30.000000,60.000000,2,0,170913909,1482,0,1482,-5,0,59,1
63,1000,30.000000,60.000000,2,0,170913916,1482,0,1482,-5,0,59,1
63,1000,30.000000,60.000000,2,0,170913923,1481,0,1481,-5,0,59,1
63,1000,30.000000,60.000000,2,0,170913930,1480,0,1480,-5,0,59,1
63,1000,30.000000,60.000000,2,0,170913937,1479,0,1479,-5,0,59,1
63,1000,30.000000,60.000000,2,0,170913944,1479,0,1479,-5,0,59,1
63,1000,30.000000,60.000000,2,0,170913951,1479,1,1479,-4,0,59,1
63,1000,30.000000,60.000000,2,0,170913958,1479,2,1479,-3,0,59,1
63,1000,30.000000,60.000000,2,0,170913965,1479,3,1479,-2,0,59,1
63,1000,30.000000,60.000000,2,0,170913972,1479,3,1479,-2,0,59,1
63,1000,30.000000,60.000000,2,0,170913979,1479,3,1479,-2,0,59,1
63,1000,30.000000,60.000000,2,0,170913986,1479,3,1479,-2,0,59,1
63,1000,30.000000,60.000000,2,0,170913992,1478,3,1478,-2,0,59,1
63,1000,30.000000,60.000000,2,0,170913999,1477,4,1477,-1,0,59,1
63,1000,30.000000,60.000000,2,0,170914006,1476,5,1476,0,0,59,1
63,1000,30.000000,60.000000,2,0,170914013,1475,7,1475,2,0,59,1
63,1000,30.000000,60.000000,2,0,170914021,1474,8,1474,3,0,59,1
63,1000,30.000000,60.000000,2,0,170914027,1472,9,1472,4,0,59,1
63,1000,30.000000,60.000000,2,0,170914043,1471,11,1471,6,0,59,1
63,1000,30.000000,60.000000,2,0,170914053,1471,12,1471,7,0,59,1
63,1000,30.000000,60.000000,2,0,170914060,1471,12,1471,7,0,59,1
63,1000,30.000000,60.000000,2,0,170914067,1471,12,1471,7,0,59,1
63,1000,30.000000,60.000000,2,0,170914073,1471,12,1471,7,0,59,1
63,1000,30.000000,60.000000,2,0,170914079,1471,12,1471,7,0,59,1
63,1000,30.000000,60.000000,2,0,170914085,1471,12,1471,7,0,59,1
63,1000,30.000000,60.000000,2,0,170914091,1471,12,1471,7,0,59,1
63,1000,30.000000,60.000000,2,0,170914097,1471,12,1471,7,0,59,1
63,1000,30.000000,60.000000,2,0,170914104,1471,12,1471,7,0,59,1
63,1000,30.000000,60.000000,2,0,170914110,1471,12,1471,7,0,59,1
63,1000,30.000000,60.000000,2,0,170914141,1471,12,1471,7,0,59,1
