63,1000,30.000000,10000.000000,2,0,170890652,460,18,460,18,0,54,1
63,1000,30.000000,10000.000000,2,0,170890653,460,18,460,18,0,54,1
63,1000,30.000000,10000.000000,2,0,170890660,460,18,460,18,0,54,1
63,1000,30.000000,10000.000000,2,0,170890666,460,18,460,18,0,54,1
63,1000,30.000000,10000.000000,2,0,170890673,460,18,460,18,0,54,1
63,1000,30.000000,10000.000000,2,0,170890680,460,18,460,18,0,54,1
63,1000,30.000000,10000.000000,2,0,170890687,460,18,460,18,0,54,1
63,1000,30.000000,10000.000000,2,0,170890703,460,18,460,18,0,54,1
63,1000,30.000000,10000.000000,2,0,170890712,460,18,460,18,0,54,1
63,1000,30.000000,10000.000000,2,0,170890719,461,18,461,18,0,54,1
63,1000,30.000000,10000.000000,2,0,170890726,461,18,461,18,0,54,1
63,1000,30.000000,10000.000000,2,0,170890732,464,19,464,19,0,54,1
63,1000,30.000000,10000.000000,2,0,170890739,468,21,468,21,0,54,1
63,1000,30.000000,10000.000000,2,0,170890745,476,23,476,23,0,54,1
63,1000,30.000000,10000.000000,2,0,170890751,485,24,485,24,0,54,1
63,1000,30.000000,10000.000000,2,0,170890757,497,26,497,26,0,54,1
63,1000,30.000000,10000.000000,2,0,170890767,522,31,522,31,0,54,1
63,1000,30.000000,10000.000000,2,0,170890773,564,37,564,37,0,54,1
63,1000,30.000000,10000.000000,2,0,170890779,593,40,593,40,0,54,1
63,1000,30.000000,10000.000000,2,0,170890785,625,43,625,43,0,54,1
63,1000,30.000000,10000.000000,2,0,170890793,659,46,659,46,0,54,1
63,1000,30.000000,10000.000000,2,0,170890800,714,52,714,52,0,54,1
63,1000,30.000000,10000.000000,2,0,170890806,756,55,756,55,0,54,1
63,1000,30.000000,10000.000000,2,0,170890812,799,59,799,59,0,54,1
63,1000,30.000000,10000.000000,2,0,170890819,856,62,856,62,0,54,1
63,1000,30.000000,10000.000000,2,0,170890826,914,63,914,63,0,54,1
63,1000,30.000000,10000.000000,2,0,170890833,966,64,966,64,0,54,1
63,1000,30.000000,10000.000000,2,0,170890840,1019,64,1019,64,0,54,1
63,1000,30.000000,10000.000000,2,0,170890848,1071,64,1071,64,0,54,1
63,1000,30.000000,10000.000000,2,0,170890863,1123,61,1123,61,0,54,1
63,1000,30.000000,10000.000000,2,0,170890874,1211,54,1211,54,0,54,1
63,1000,30.000000,10000.000000,2,0,170890882,1265,47,1265,47,0,54,1
63,1000,30.000000,10000.000000,2,0,170890890,1292,42,1292,42,0,54,1
63,1000,30.000000,10000.000000,2,0,170890896,1317,38,1317,38,0,54,1
63,1000,30.000000,10000.000000,2,0,170890904,1328,36,1328,36,0,54,1
63,1000,30.000000,10000.000000,2,0,170890910,1341,33,1341,33,0,54,1
63,1000,30.000000,10000.000000,2,0,170890917,1347,32,1347,32,0,54,1
63,1000,30.000000,10000.000000,2,0,170890924,1352,31,1352,31,0,54,1
63,1000,30.000000,10000.000000,2,0,170890931,1354,30,1354,30,0,54,1
63,1000,30.000000,10000.000000,2,0,170890938,1356,30,1356,30,0,54,1
63,1000,30.000000,10000.000000,2,0,170890945,1357,30,1357,30,0,54,1
63,1000,30.000000,10000.000000,2,0,170890951,1358,30,1358,30,0,54,1
63,1000,30.000000,10000.000000,2,0,170890959,1359,30,1359,30,0,54,1
63,1000,30.000000,10000.000000,2,0,170890965,1362,29,1362,29,0,54,1
63,1000,30.000000,10000.000000,2,0,170890973,1364,29,1364,29,0,54,1
63,1000,30.000000,10000.000000,2,0,170890988,1367,29,1367,29,0,54,1
63,1000,30.000000,10000.000000,2,0,170890999,1373,29,1373,29,0,54,1
63,1000,30.000000,10000.000000,2,0,170891007,1377,29,1377,29,0,54,1
63,1000,30.000000,10000.000000,2,0,170891015,1378,29,1378,29,0,54,1
63,1000,30.000000,10000.000000,2,0,170891021,1379,29,1379,29,0,54,1
63,1000,30.000000,10000.000000,2,0,170891028,1379,28,1379,28,0,54,1
63,1000,30.000000,10000.000000,2,0,170891035,1379,27,1379,27,0,54,1
63,1000,30.000000,10000.000000,2,0,170891041,1379,27,1379,27,0,54,1
63,1000,30.000000,10000.000000,2,0,170891048,1379,27,1379,27,0,54,1
63,1000,30.000000,10000.000000,2,0,170891055,1379,27,1379,27,0,54,1
63,1000,30.000000,10000.000000,2,0,170891062,1381,27,1381,27,0,54,1
63,1000,30.000000,10000.000000,2,0,170891069,1384,27,1384,27,0,54,1
63,1000,30.000000,10000.000000,2,0,170891076,1390,27,1390,27,0,54,1
63,1000,30.000000,10000.000000,2,0,170891083,1399,27,1399,27,0,54,1
63,1000,30.000000,10000.000000,2,0,170891091,1411,27,1411,27,0,54,1
63,1000,30.000000,10000.000000,2,0,170891097,1423,27,1423,27,0,54,1
63,1000,30.000000,10000.000000,2,0,170891104,1436,27,1436,27,0,54,1
63,1000,30.000000,10000.000000,2,0,170891111,1449,26,1449,26,0,54,1
63,1000,30.000000,10000.000000,2,0,170891119,1459,26,1459,26,0,54,1
63,1000,30.000000,10000.000000,2,0,170891125,1465,25,1465,25,0,54,1
63,1000,30.000000,10000.000000,2,0,170891132,1468,25,1468,25,0,54,1
63,1000,30.000000,10000.000000,2,0,170891140,1469,25,1469,25,0,54,1
63,1000,30.000000,10000.000000,2,0,170891146,1470,25,1470,25,0,54,1
63,1000,30.000000,10000.000000,2,0,170891153,1471,25,1471,25,0,54,1
63,1000,30.000000,10000.000000,2,0,170891160,1471,25,1471,25,0,54,1
63,1000,30.000000,10000.000000,2,0,170891167,1471,24,1471,24,0,54,1
63,1000,30.000000,10000.000000,2,0,170891173,1469,24,1469,24,0,54,1
63,1000,30.000000,10000.000000,2,0,170891180,1467,24,1467,24,0,54,1
63,1000,30.000000,10000.000000,2,0,170891187,1466,24,1466,24,0,54,1
63,1000,30.000000,10000.000000,2,0,170891194,1465,24,1465,24,0,54,1
63,1000,30.000000,10000.000000,2,0,170891201,1464,24,1464,24,0,54,1
63,1000,30.000000,10000.000000,2,0,170891208,1464,24,1464,24,0,54,1
63,1000,30.000000,10000.000000,2,0,170891215,1464,24,1464,24,0,54,1
63,1000,30.000000,10000.000000,2,0,170891222,1464,24,1464,24,0,54,1
63,1000,30.000000,10000.000000,2,0,170891233,1464,24,1464,24,0,54,1
63,1000,30.000000,10000.000000,2,0,170891239,1466,24,1466,24,0,54,1
63,1000,30.000000,10000.000000,2,0,170891245,1467,24,1467,24,0,54,1
63,1000,30.000000,10000.000000,2,0,170891251,1468,24,1468,24,0,54,1
63,1000,30.000000,10000.000000,2,0,170891257,1469,24,1469,24,0,54,1
63,1000,30.000000,10000.000000,2,0,170891279,1469,24,1469,24,0,54,1
