106,720,21.600000,43.200000,1,4,1236758954,610,15,610,15,0,0,3
106,720,21.600000,43.200000,1,4,1236758956,610,15,610,15,0,0,3
106,720,21.600000,43.200000,1,4,1236758961,611,15,611,15,0,0,3
106,720,21.600000,43.200000,1,4,1236758966,612,15,612,15,0,0,3
106,720,21.600000,43.200000,1,4,1236758972,613,15,613,15,0,0,3
106,720,21.600000,43.200000,1,4,1236758978,614,15,614,15,0,0,3
106,720,21.600000,43.200000,1,4,1236758983,615,15,615,15,0,0,3
106,720,21.600000,43.200000,1,4,1236758988,616,15,616,15,0,0,3
106,720,21.600000,43.200000,1,4,1236758995,617,15,617,15,0,0,3
106,720,21.600000,43.200000,1,4,1236759000,618,15,618,15,0,0,3
106,720,21.600000,43.200000,1,4,1236759006,619,15,619,15,0,0,3
106,720,21.600000,43.200000,1,4,1236759011,620,15,620,15,0,0,3
106,720,21.600000,43.200000,1,4,1236759017,621,15,621,15,0,0,3
106,720,21.600000,43.200000,1,4,1236759022,622,15,622,15,0,0,3
106,720,21.600000,43.200000,1,4,1236759029,624,16,624,16,0,0,3
106,720,21.600000,43.200000,1,4,1236759035,629,18,629,18,0,0,3
106,720,21.600000,43.200000,1,4,1236759041,635,20,635,20,0,0,3
106,720,21.600000,43.200000,1,4,1236759046,643,21,643,21,0,0,3
106,720,21.600000,43.200000,1,4,1236759052,655,23,655,23,0,0,3
106,720,21.600000,43.200000,1,4,1236759059,670,26,670,26,0,0,3
106,720,21.600000,43.200000,1,4,1236759065,688,28,688,28,0,0,3
106,720,21.600000,43.200000,1,4,1236759071,710,30,710,30,0,0,3
106,720,21.600000,43.200000,1,4,1236759078,733,31,733,31,0,0,3
106,720,21.600000,43.200000,1,4,1236759083,776,32,776,32,0,0,3
106,720,21.600000,43.200000,1,4,1236759089,803,32,803,32,0,0,3
106,720,21.600000,43.200000,1,4,1236759094,837,33,837,33,0,0,3
106,720,21.600000,43.200000,1,4,1236759100,877,34,877,34,0,0,3
106,720,21.600000,43.200000,1,4,1236759107,920,35,920,35,0,0,3
106,720,21.600000,43.200000,1,4,1236759112,971,37,971,37,0,0,3
106,720,21.600000,43.200000,1,4,1236759118,1016,38,1016,38,0,0,3
106,720,21.600000,43.200000,1,4,1236759124,1060,40,1060,40,0,0,3
106,720,21.600000,43.200000,1,4,1236759129,1100,42,1100,42,0,0,3
106,720,21.600000,43.200000,1,4,1236759135,1134,44,1134,44,0,0,3
106,720,21.600000,43.200000,1,4,1236759141,1158,45,1158,45,0,0,3
106,720,21.600000,43.200000,1,4,1236759146,1192,47,1192,47,0,0,3
106,720,21.600000,43.200000,1,4,1236759152,1224,48,1224,48,0,0,3
106,720,21.600000,43.200000,1,4,1236759158,1250,48,1250,48,0,0,3
106,720,21.600000,43.200000,1,4,1236759163,1269,48,1269,48,0,0,3
106,720,21.600000,43.200000,1,4,1236759169,1287,48,1287,48,0,0,3
106,720,21.600000,43.200000,1,4,1236759175,1304,48,1304,48,0,0,3
106,720,21.600000,43.200000,1,4,1236759180,1317,47,1317,47,0,0,3
106,720,21.600000,43.200000,1,4,1236759186,1330,45,1330,45,0,0,3
106,720,21.600000,43.200000,1,4,1236759192,1340,43,1340,43,0,0,3
106,720,21.600000,43.200000,1,4,1236759198,1345,41,1345,41,0,0,3
106,720,21.600000,43.200000,1,4,1236759203,1347,40,1347,40,0,0,3
106,720,21.600000,43.200000,1,4,1236759208,1348,39,1348,39,0,0,3
106,720,21.600000,43.200000,1,4,1236759214,1349,38,1349,38,0,0,3
106,720,21.600000,43.200000,1,4,1236759219,1349,37,1349,37,0,0,3
106,720,21.600000,43.200000,1,4,1236759225,1349,36,1349,36,0,0,3
106,720,21.600000,43.200000,1,4,1236759231,1349,34,1349,34,0,0,3
106,720,21.600000,43.200000,1,4,1236759236,1349,33,1349,33,0,0,3
106,720,21.600000,43.200000,1,4,1236759242,1349,32,1349,32,0,0,3
106,720,21.600000,43.200000,1,4,1236759247,1348,31,1348,31,0,0,3
106,720,21.600000,43.200000,1,4,1236759253,1348,30,1348,30,0,0,3
106,720,21.600000,43.200000,1,4,1236759259,1348,29,1348,29,0,0,3
106,720,21.600000,43.200000,1,4,1236759264,1347,28,1347,28,0,0,3
106,720,21.600000,43.200000,1,4,1236759269,1346,27,1346,27,0,0,3
106,720,21.600000,43.200000,1,4,1236759275,1345,26,1345,26,0,0,3
106,720,21.600000,43.200000,1,4,1236759281,1344,25,1344,25,0,0,3
106,720,21.600000,43.200000,1,4,1236759286,1342,23,1342,23,0,0,3
106,720,21.600000,43.200000,1,4,1236759292,1341,21,1341,21,0,0,3
106,720,21.600000,43.200000,1,4,1236759298,1339,19,1339,19,0,0,3
106,720,21.600000,43.200000,1,4,1236759303,1337,17,1337,17,0,0,3
106,720,21.600000,43.200000,1,4,1236759309,1336,15,1336,15,0,0,3
106,720,21.600000,43.200000,1,4,1236759315,1335,13,1335,13,0,0,3
106,720,21.600000,43.200000,1,4,1236759321,1334,11,1334,11,0,0,3
106,720,21.600000,43.200000,1,4,1236759328,1334,9,1334,9,0,0,3
106,720,21.600000,43.200000,1,4,1236759333,1334,7,1334,7,0,0,3
106,720,21.600000,43.200000,1,4,1236759339,1333,5,1333,5,0,0,3
106,720,21.600000,43.200000,1,4,1236759345,1333,4,1333,4,0,0,3
106,720,21.600000,43.200000,1,4,1236759350,1333,3,1333,3,0,0,3
106,720,21.600000,43.200000,1,4,1236759356,1333,2,1333,2,0,0,3
106,720,21.600000,43.200000,1,4,1236759361,1334,0,1334,0,0,0,3
106,720,21.600000,43.200000,1,4,1236759367,1335,0,1335,-1,0,0,3
106,720,21.600000,43.200000,1,4,1236759373,1335,0,1335,-2,0,0,3
106,720,21.600000,43.200000,1,4,1236759378,1336,0,1336,-3,0,0,3
106,720,21.600000,43.200000,1,4,1236759384,1336,0,1336,-3,0,0,3
106,720,21.600000,43.200000,1,4,1236759389,1336,0,1336,-3,0,0,3
106,720,21.600000,43.200000,1,4,1236759394,1336,0,1336,-4,0,0,3
106,720,21.600000,43.200000,1,4,1236759400,1336,0,1336,-5,0,0,3
106,720,21.600000,43.200000,1,4,1236759406,1336,0,1336,-5,0,0,3
106,720,21.600000,43.200000,1,4,1236759411,1336,0,1336,-5,0,0,3
106,720,21.600000,43.200000,1,4,1236759417,1336,0,1336,-5,0,0,3
106,720,21.600000,43.200000,1,4,1236759422,1335,0,1335,-5,0,0,3
106,720,21.600000,43.200000,1,4,1236759429,1334,1,1334,-4,0,0,3
106,720,21.600000,43.200000,1,4,1236759435,1333,2,1333,-3,0,0,3
106,720,21.600000,43.200000,1,4,1236759441,1331,3,1331,-2,0,0,3
106,720,21.600000,43.200000,1,4,1236759447,1328,4,1328,-1,0,0,3
106,720,21.600000,43.200000,1,4,1236759452,1326,5,1326,0,0,0,3
106,720,21.600000,43.200000,1,4,1236759458,1324,6,1324,1,0,0,3
106,720,21.600000,43.200000,1,4,1236759463,1322,7,1322,2,0,0,3
106,720,21.600000,43.200000,1,4,1236759469,1320,7,1320,2,0,0,3
106,720,21.600000,43.200000,1,4,1236759474,1319,8,1319,3,0,0,3
106,720,21.600000,43.200000,1,4,1236759481,1319,9,1319,4,0,0,3
106,720,21.600000,43.200000,1,4,1236759486,1318,9,1318,4,0,0,3
106,720,21.600000,43.200000,1,4,1236759492,1317,9,1317,4,0,0,3
106,720,21.600000,43.200000,1,4,1236759498,1316,9,1316,4,0,0,3
106,720,21.600000,43.200000,1,4,1236759503,1316,9,1316,4,0,0,3
106,720,21.600000,43.200000,1,4,1236759508,1316,9,1316,4,0,0,3
106,720,21.600000,43.200000,1,4,1236759514,1316,9,1316,4,0,0,3
106,720,21.600000,43.200000,1,4,1236759519,1316,9,1316,4,0,0,3
106,720,21.600000,43.200000,1,4,1236759524,1316,9,1316,4,0,0,3
106,720,21.600000,43.200000,1,4,1236759530,1316,9,1316,4,0,0,3
106,720,21.600000,43.200000,1,4,1236759535,1316,9,1316,4,0,0,3
106,720,21.600000,43.200000,1,4,1236759541,1316,9,1316,4,0,0,3
106,720,21.600000,43.200000,1,4,1236759546,1316,9,1316,4,0,0,3
106,720,21.600000,43.200000,1,4,1236759552,1316,9,1316,4,0,0,3
106,720,21.600000,43.200000,1,4,1236759557,1316,9,1316,4,0,0,3
106,720,21.600000,43.200000,1,4,1236759563,1316,9,1316,4,0,0,3
106,720,21.600000,43.200000,1,4,1236759568,1316,9,1316,4,0,0,3
106,720,21.600000,43.200000,1,4,1236759574,1316,9,1316,4,0,0,3
106,720,21.600000,43.200000,1,4,1236759579,1316,9,1316,4,0,0,3
106,720,21.600000,43.200000,1,4,1236759584,1316,9,1316,4,0,0,3
106,720,21.600000,43.200000,1,4,1236759590,1316,9,1316,4,0,0,3
106,720,21.600000,43.200000,1,4,1236759595,1316,9,1316,4,0,0,3
106,720,21.600000,43.200000,1,4,1236759601,1316,9,1316,4,0,0,3
106,720,21.600000,43.200000,1,4,1236759606,1316,9,1316,4,0,0,3
106,720,21.600000,43.200000,1,4,1236759612,1316,9,1316,4,0,0,3
106,720,21.600000,43.200000,1,4,1236759617,1316,9,1316,4,0,0,3
106,720,21.600000,43.200000,1,4,1236759623,1316,9,1316,4,0,0,3
106,720,21.600000,43.200000,1,4,1236759629,1316,9,1316,4,0,0,3
106,720,21.600000,43.200000,1,4,1236759634,1316,9,1316,4,0,0,3
106,720,21.600000,43.200000,1,4,1236759640,1316,9,1316,4,0,0,3
106,720,21.600000,43.200000,1,4,1236759645,1316,9,1316,4,0,0,3
106,720,21.600000,43.200000,1,4,1236759650,1316,9,1316,4,0,0,3
106,720,21.600000,43.200000,1,4,1236759656,1316,9,1316,4,0,0,3
106,720,21.600000,43.200000,1,4,1236759661,1316,9,1316,4,0,0,3
106,720,21.600000,43.200000,1,4,1236759667,1316,10,1316,5,0,0,3
106,720,21.600000,43.200000,1,4,1236759672,1316,10,1316,5,0,0,3
106,720,21.600000,43.200000,1,4,1236759678,1316,10,1316,5,0,0,3
106,720,21.600000,43.200000,1,4,1236759684,1315,10,1315,5,0,0,3
106,720,21.600000,43.200000,1,4,1236759689,1315,10,1315,5,0,0,3
106,720,21.600000,43.200000,1,4,1236759695,1315,10,1315,5,0,0,3
106,720,21.600000,43.200000,1,4,1236759700,1315,10,1315,5,0,0,3
106,720,21.600000,43.200000,1,4,1236759706,1315,10,1315,5,0,0,3
106,720,21.600000,43.200000,1,4,1236759712,1315,10,1315,5,0,0,3
106,720,21.600000,43.200000,1,4,1236759718,1315,10,1315,5,0,0,3
106,720,21.600000,43.200000,1,4,1236759723,1315,10,1315,5,0,0,3
106,720,21.600000,43.200000,1,4,1236759729,1315,10,1315,5,0,0,3
106,720,21.600000,43.200000,1,4,1236759734,1315,10,1315,5,0,0,3
106,720,21.600000,43.200000,1,4,1236759753,1315,10,1315,5,0,0,3
