106,360,21.600000,0.000000,1,5,1237441012,780,14,780,14,0,53,3
106,360,21.600000,0.000000,1,5,1237441013,780,14,780,14,0,53,3
106,360,21.600000,0.000000,1,5,1237441019,781,14,781,14,0,53,3
106,360,21.600000,0.000000,1,5,1237441025,782,14,782,14,0,53,3
106,360,21.600000,0.000000,1,5,1237441030,783,14,783,14,0,53,3
106,360,21.600000,0.000000,1,5,1237441036,784,14,784,14,0,53,3
106,360,21.600000,0.000000,1,5,1237441041,785,14,785,14,0,53,3
106,360,21.600000,0.000000,1,5,1237441047,786,15,786,15,0,53,3
106,360,21.600000,0.000000,1,5,1237441053,787,16,787,16,0,53,3
106,360,21.600000,0.000000,1,5,1237441058,787,16,787,16,0,53,3
106,360,21.600000,0.000000,1,5,1237441064,787,16,787,16,0,53,3
106,360,21.600000,0.000000,1,5,1237441069,787,16,787,16,0,53,3
106,360,21.600000,0.000000,1,5,1237441074,788,16,788,16,0,53,3
106,360,21.600000,0.000000,1,5,1237441080,789,17,789,17,0,53,3
106,360,21.600000,0.000000,1,5,1237441086,791,18,791,18,0,53,3
106,360,21.600000,0.000000,1,5,1237441092,796,21,796,21,0,53,3
106,360,21.600000,0.000000,1,5,1237441097,802,24,802,24,0,53,3
106,360,21.600000,0.000000,1,5,1237441103,812,27,812,27,0,53,3
106,360,21.600000,0.000000,1,5,1237441109,824,30,824,30,0,53,3
106,360,21.600000,0.000000,1,5,1237441115,841,33,841,33,0,53,3
106,360,21.600000,0.000000,1,5,1237441121,858,35,858,35,0,53,3
106,360,21.600000,0.000000,1,5,1237441126,884,38,884,38,0,53,3
106,360,21.600000,0.000000,1,5,1237441131,909,42,909,42,0,53,3
106,360,21.600000,0.000000,1,5,1237441137,934,44,934,44,0,53,3
106,360,21.600000,0.000000,1,5,1237441143,969,47,969,47,0,53,3
106,360,21.600000,0.000000,1,5,1237441149,1002,49,1002,49,0,53,3
106,360,21.600000,0.000000,1,5,1237441155,1036,51,1036,51,0,53,3
106,360,21.600000,0.000000,1,5,1237441161,1067,52,1067,52,0,53,3
106,360,21.600000,0.000000,1,5,1237441167,1101,53,1101,53,0,53,3
106,360,21.600000,0.000000,1,5,1237441173,1128,54,1128,54,0,53,3
106,360,21.600000,0.000000,1,5,1237441180,1151,54,1151,54,0,53,3
106,360,21.600000,0.000000,1,5,1237441186,1177,54,1177,54,0,53,3
106,360,21.600000,0.000000,1,5,1237441191,1197,53,1197,53,0,53,3
106,360,21.600000,0.000000,1,5,1237441197,1209,52,1209,52,0,53,3
106,360,21.600000,0.000000,1,5,1237441202,1222,50,1222,50,0,53,3
106,360,21.600000,0.000000,1,5,1237441208,1226,49,1226,49,0,53,3
106,360,21.600000,0.000000,1,5,1237441213,1227,47,1227,47,0,53,3
106,360,21.600000,0.000000,1,5,1237441219,1226,46,1226,46,0,53,3
106,360,21.600000,0.000000,1,5,1237441225,1222,44,1222,44,0,53,3
106,360,21.600000,0.000000,1,5,1237441230,1217,41,1217,41,0,53,3
106,360,21.600000,0.000000,1,5,1237441236,1211,38,1211,38,0,53,3
106,360,21.600000,0.000000,1,5,1237441242,1206,37,1206,37,0,53,3
106,360,21.600000,0.000000,1,5,1237441248,1200,35,1200,35,0,53,3
106,360,21.600000,0.000000,1,5,1237441254,1195,34,1195,34,0,53,3
106,360,21.600000,0.000000,1,5,1237441259,1190,33,1190,33,0,53,3
106,360,21.600000,0.000000,1,5,1237441265,1185,33,1185,33,0,53,3
106,360,21.600000,0.000000,1,5,1237441270,1181,33,1181,33,0,53,3
106,360,21.600000,0.000000,1,5,1237441276,1178,33,1178,33,0,53,3
106,360,21.600000,0.000000,1,5,1237441282,1176,33,1176,33,0,53,3
106,360,21.600000,0.000000,1,5,1237441287,1175,33,1175,33,0,53,3
106,360,21.600000,0.000000,1,5,1237441292,1174,33,1174,33,0,53,3
106,360,21.600000,0.000000,1,5,1237441298,1173,33,1173,33,0,53,3
106,360,21.600000,0.000000,1,5,1237441304,1172,33,1172,33,0,53,3
106,360,21.600000,0.000000,1,5,1237441309,1171,33,1171,33,0,53,3
106,360,21.600000,0.000000,1,5,1237441315,1170,33,1170,33,0,53,3
106,360,21.600000,0.000000,1,5,1237441320,1169,32,1169,32,0,53,3
106,360,21.600000,0.000000,1,5,1237441325,1168,32,1168,32,0,53,3
106,360,21.600000,0.000000,1,5,1237441331,1167,32,1167,32,0,53,3
106,360,21.600000,0.000000,1,5,1237441337,1165,31,1165,31,0,53,3
106,360,21.600000,0.000000,1,5,1237441342,1164,31,1164,31,0,53,3
106,360,21.600000,0.000000,1,5,1237441348,1163,30,1163,30,0,53,3
106,360,21.600000,0.000000,1,5,1237441353,1162,30,1162,30,0,53,3
106,360,21.600000,0.000000,1,5,1237441359,1162,29,1162,29,0,53,3
106,360,21.600000,0.000000,1,5,1237441364,1161,28,1161,28,0,53,3
106,360,21.600000,0.000000,1,5,1237441370,1160,27,1160,27,0,53,3
106,360,21.600000,0.000000,1,5,1237441375,1159,26,1159,26,0,53,3
106,360,21.600000,0.000000,1,5,1237441381,1156,26,1156,26,0,53,3
106,360,21.600000,0.000000,1,5,1237441387,1152,25,1152,25,0,53,3
106,360,21.600000,0.000000,1,5,1237441393,1148,25,1148,25,0,53,3
106,360,21.600000,0.000000,1,5,1237441399,1144,25,1144,25,0,53,3
106,360,21.600000,0.000000,1,5,1237441405,1140,24,1140,24,0,53,3
106,360,21.600000,0.000000,1,5,1237441411,1136,24,1136,24,0,53,3
106,360,21.600000,0.000000,1,5,1237441416,1132,24,1132,24,0,53,3
106,360,21.600000,0.000000,1,5,1237441422,1131,23,1131,23,0,53,3
106,360,21.600000,0.000000,1,5,1237441427,996,22,1130,22,0,53,3
106,360,21.600000,0.000000,1,5,1237441433,994,21,1128,21,0,53,3
106,360,21.600000,0.000000,1,5,1237441439,994,20,1128,20,0,53,3
106,360,21.600000,0.000000,1,5,1237441444,994,19,1128,19,0,53,3
106,360,21.600000,0.000000,1,5,1237441449,994,18,1128,18,0,53,3
106,360,21.600000,0.000000,1,5,1237441455,993,17,1127,17,0,53,3
106,360,21.600000,0.000000,1,5,1237441460,992,16,1126,16,0,53,3
106,360,21.600000,0.000000,1,5,1237441466,992,15,1126,15,0,53,3
106,360,21.600000,0.000000,1,5,1237441471,992,14,1126,14,0,53,3
106,360,21.600000,0.000000,1,5,1237441477,992,13,1126,13,0,53,3
106,360,21.600000,0.000000,1,5,1237441482,992,12,1126,12,0,53,3
106,360,21.600000,0.000000,1,5,1237441488,992,11,1126,11,0,53,3
106,360,21.600000,0.000000,1,5,1237441493,992,10,1126,10,0,53,3
106,360,21.600000,0.000000,1,5,1237441498,992,9,1126,9,0,53,3
106,360,21.600000,0.000000,1,5,1237441504,992,9,1126,9,0,53,3
106,360,21.600000,0.000000,1,5,1237441509,992,9,1126,9,0,53,3
106,360,21.600000,0.000000,1,5,1237441514,992,9,1126,9,0,53,3
106,360,21.600000,0.000000,1,5,1237441520,992,9,1126,9,0,53,3
106,360,21.600000,0.000000,1,5,1237441525,992,9,1126,9,0,53,3
106,360,21.600000,0.000000,1,5,1237441531,992,9,1126,9,0,53,3
106,360,21.600000,0.000000,1,5,1237441537,992,8,1126,8,0,53,3
106,360,21.600000,0.000000,1,5,1237441542,993,8,1127,8,0,53,3
106,360,21.600000,0.000000,1,5,1237441548,994,8,1128,8,0,53,3
106,360,21.600000,0.000000,1,5,1237441554,995,7,1129,7,0,53,3
106,360,21.600000,0.000000,1,5,1237441560,995,6,1129,6,0,53,3
106,360,21.600000,0.000000,1,5,1237441565,996,5,1130,5,0,53,3
106,360,21.600000,0.000000,1,5,1237441570,996,4,1130,4,0,53,3
106,360,21.600000,0.000000,1,5,1237441576,996,3,1130,3,0,53,3
106,360,21.600000,0.000000,1,5,1237441581,996,2,1130,2,0,53,3
106,360,21.600000,0.000000,1,5,1237441587,996,1,1130,1,0,53,3
106,360,21.600000,0.000000,1,5,1237441592,1131,1,1131,1,0,53,3
106,360,21.600000,0.000000,1,5,1237441598,1132,1,1132,1,0,53,3
106,360,21.600000,0.000000,1,5,1237441603,1133,1,1133,1,0,53,3
106,360,21.600000,0.000000,1,5,1237441609,1133,1,1133,1,0,53,3
106,360,21.600000,0.000000,1,5,1237441614,1133,1,1133,1,0,53,3
106,360,21.600000,0.000000,1,5,1237441620,1133,1,1133,1,0,53,3
106,360,21.600000,0.000000,1,5,1237441625,1133,1,1133,1,0,53,3
106,360,21.600000,0.000000,1,5,1237441630,1133,1,1133,1,0,53,3
106,360,21.600000,0.000000,1,5,1237441636,1133,1,1133,1,0,53,3
106,360,21.600000,0.000000,1,5,1237441641,1133,1,1133,1,0,53,3
106,360,21.600000,0.000000,1,5,1237441647,1134,1,1134,1,0,53,3
106,360,21.600000,0.000000,1,5,1237441652,1135,1,1135,1,0,53,3
106,360,21.600000,0.000000,1,5,1237441658,1136,1,1136,1,0,53,3
106,360,21.600000,0.000000,1,5,1237441664,1137,1,1137,1,0,53,3
106,360,21.600000,0.000000,1,5,1237441669,1138,1,1138,1,0,53,3
106,360,21.600000,0.000000,1,5,1237441675,1140,2,1140,2,0,53,3
106,360,21.600000,0.000000,1,5,1237441681,1141,3,1141,3,0,53,3
106,360,21.600000,0.000000,1,5,1237441687,1142,4,1142,4,0,53,3
106,360,21.600000,0.000000,1,5,1237441692,1143,5,1143,5,0,53,3
106,360,21.600000,0.000000,1,5,1237441698,1143,6,1143,6,0,53,3
106,360,21.600000,0.000000,1,5,1237441704,1144,6,1144,6,0,53,3
106,360,21.600000,0.000000,1,5,1237441709,1145,7,1145,7,0,53,3
106,360,21.600000,0.000000,1,5,1237441715,1146,8,1146,8,0,53,3
106,360,21.600000,0.000000,1,5,1237441720,1146,9,1146,9,0,53,3
106,360,21.600000,0.000000,1,5,1237441726,1146,10,1146,10,0,53,3
106,360,21.600000,0.000000,1,5,1237441731,1146,11,1146,11,0,53,3
106,360,21.600000,0.000000,1,5,1237441737,1146,12,1146,12,0,53,3
106,360,21.600000,0.000000,1,5,1237441743,1146,12,1146,12,0,53,3
106,360,21.600000,0.000000,1,5,1237441748,1146,12,1146,12,0,53,3
106,360,21.600000,0.000000,1,5,1237441753,1146,12,1146,12,0,53,3
106,360,21.600000,0.000000,1,5,1237441759,1146,12,1146,12,0,53,3
106,360,21.600000,0.000000,1,5,1237441765,1146,12,1146,12,0,53,3
106,360,21.600000,0.000000,1,5,1237441770,1147,12,1147,12,0,53,3
106,360,21.600000,0.000000,1,5,1237441776,1148,12,1148,12,0,53,3
106,360,21.600000,0.000000,1,5,1237441782,1150,12,1150,12,0,53,3
106,360,21.600000,0.000000,1,5,1237441787,1152,12,1152,12,0,53,3
106,360,21.600000,0.000000,1,5,1237441793,1153,12,1153,12,0,53,3
106,360,21.600000,0.000000,1,5,1237441798,1155,12,1155,12,0,53,3
106,360,21.600000,0.000000,1,5,1237441804,1155,12,1155,12,0,53,3
106,360,21.600000,0.000000,1,5,1237441809,1155,12,1155,12,0,53,3
106,360,21.600000,0.000000,1,5,1237441815,1155,12,1155,12,0,53,3
106,360,21.600000,0.000000,1,5,1237441820,1155,12,1155,12,0,53,3
106,360,21.600000,0.000000,1,5,1237441826,1155,12,1155,12,0,53,3
106,360,21.600000,0.000000,1,5,1237441831,1155,12,1155,12,0,53,3
106,360,21.600000,0.000000,1,5,1237441837,1155,12,1155,12,0,53,3
106,360,21.600000,0.000000,1,5,1237441842,1155,12,1155,12,0,53,3
106,360,21.600000,0.000000,1,5,1237441849,1155,13,1155,13,0,53,3
106,360,21.600000,0.000000,1,5,1237441854,1155,13,1155,13,0,53,3
106,360,21.600000,0.000000,1,5,1237441860,1154,13,1154,13,0,53,3
106,360,21.600000,0.000000,1,5,1237441866,1153,13,1153,13,0,53,3
106,360,21.600000,0.000000,1,5,1237441871,1152,13,1152,13,0,53,3
106,360,21.600000,0.000000,1,5,1237441877,1150,13,1150,13,0,53,3
106,360,21.600000,0.000000,1,5,1237441882,1149,13,1149,13,0,53,3
106,360,21.600000,0.000000,1,5,1237441888,1148,13,1148,13,0,53,3
106,360,21.600000,0.000000,1,5,1237441893,1147,13,1147,13,0,53,3
106,360,21.600000,0.000000,1,5,1237441899,1146,13,1146,13,0,53,3
106,360,21.600000,0.000000,1,5,1237441904,1145,13,1145,13,0,53,3
106,360,21.600000,0.000000,1,5,1237441910,1144,13,1144,13,0,53,3
106,360,21.600000,0.000000,1,5,1237441915,1143,13,1143,13,0,53,3
106,360,21.600000,0.000000,1,5,1237441921,1142,13,1142,13,0,53,3
106,360,21.600000,0.000000,1,5,1237441927,1141,13,1141,13,0,53,3
106,360,21.600000,0.000000,1,5,1237441933,1140,13,1140,13,0,53,3
106,360,21.600000,0.000000,1,5,1237441938,1140,13,1140,13,0,53,3
106,360,21.600000,0.000000,1,5,1237441943,1140,13,1140,13,0,53,3
106,360,21.600000,0.000000,1,5,1237441949,1140,13,1140,13,0,53,3
106,360,21.600000,0.000000,1,5,1237441954,1140,13,1140,13,0,53,3
106,360,21.600000,0.000000,1,5,1237441960,1140,13,1140,13,0,53,3
106,360,21.600000,0.000000,1,5,1237441980,1140,13,1140,13,0,53,3
