106,720,21.600000,43.200000,0,5,1237625120,600,0,600,0,1,68,2
106,720,21.600000,43.200000,0,5,1237625121,600,0,600,0,1,68,2
106,720,21.600000,43.200000,0,5,1237625127,600,0,600,-1,1,68,2
106,720,21.600000,43.200000,0,5,1237625132,601,0,601,-1,1,68,2
106,720,21.600000,43.200000,0,5,1237625138,602,0,602,-1,1,68,2
106,720,21.600000,43.200000,0,5,1237625143,603,0,603,-1,1,68,2
106,720,21.600000,43.200000,0,5,1237625149,604,0,604,-1,1,68,2
106,720,21.600000,43.200000,0,5,1237625155,604,0,604,-1,1,68,2
106,720,21.600000,43.200000,0,5,1237625160,604,0,604,-1,1,68,2
106,720,21.600000,43.200000,0,5,1237625166,604,0,604,-1,1,68,2
106,720,21.600000,43.200000,0,5,1237625171,604,0,604,-1,1,68,2
106,720,21.600000,43.200000,0,5,1237625177,605,0,605,-1,1,68,2
106,720,21.600000,43.200000,0,5,1237625182,606,0,606,-1,1,68,2
106,720,21.600000,43.200000,0,5,1237625188,607,0,607,-1,1,68,2
106,720,21.600000,43.200000,0,5,1237625193,608,0,608,-1,1,68,2
106,720,21.600000,43.200000,0,5,1237625199,609,0,609,-1,1,68,2
106,720,21.600000,43.200000,0,5,1237625204,612,0,612,-1,1,68,2
106,720,21.600000,43.200000,0,5,1237625211,616,0,616,-2,1,68,2
106,720,21.600000,43.200000,0,5,1237625217,623,0,623,-2,1,68,2
106,720,21.600000,43.200000,0,5,1237625223,632,0,632,-3,1,68,2
106,720,21.600000,43.200000,0,5,1237625228,643,0,643,-4,1,68,2
106,720,21.600000,43.200000,0,5,1237625234,656,0,656,-5,1,68,2
106,720,21.600000,43.200000,0,5,1237625239,672,0,672,-7,1,68,2
106,720,21.600000,43.200000,0,5,1237625244,683,0,683,-8,1,68,2
106,720,21.600000,43.200000,0,5,1237625250,703,0,703,-11,1,68,2
106,720,21.600000,43.200000,0,5,1237625256,726,0,726,-13,1,68,2
106,720,21.600000,43.200000,0,5,1237625262,748,0,748,-16,1,68,2
106,720,21.600000,43.200000,0,5,1237625267,771,0,771,-18,1,68,2
106,720,21.600000,43.200000,0,5,1237625273,797,0,797,-19,1,68,2
106,720,21.600000,43.200000,0,5,1237625279,823,0,823,-21,1,68,2
106,720,21.600000,43.200000,0,5,1237625285,852,0,852,-23,1,68,2
106,720,21.600000,43.200000,0,5,1237625290,886,0,886,-25,1,68,2
106,720,21.600000,43.200000,0,5,1237625296,913,0,913,-27,1,68,2
106,720,21.600000,43.200000,0,5,1237625301,940,0,940,-28,1,68,2
106,720,21.600000,43.200000,0,5,1237625307,965,0,965,-29,1,68,2
106,720,21.600000,43.200000,0,5,1237625313,997,0,997,-31,1,68,2
106,720,21.600000,43.200000,0,5,1237625318,1024,0,1024,-32,1,68,2
106,720,21.600000,43.200000,0,5,1237625324,1049,0,1049,-34,1,68,2
106,720,21.600000,43.200000,0,5,1237625330,1113,0,1113,-38,1,68,2
106,720,21.600000,43.200000,0,5,1237625336,1268,0,1137,-39,1,68,2
106,720,21.600000,43.200000,0,5,1237625342,1293,0,1162,-40,1,68,2
106,720,21.600000,43.200000,0,5,1237625347,1310,0,1179,-41,1,68,2
106,720,21.600000,43.200000,0,5,1237625353,1328,0,1197,-42,1,68,2
106,720,21.600000,43.200000,0,5,1237625361,1341,0,1210,-43,1,68,2
106,720,21.600000,43.200000,0,5,1237625366,1353,0,1222,-44,1,68,2
106,720,21.600000,43.200000,0,5,1237625372,1358,0,1227,-44,1,68,2
106,720,21.600000,43.200000,0,5,1237625378,1360,0,1229,-44,1,68,2
106,720,21.600000,43.200000,0,5,1237625383,1362,0,1231,-44,1,68,2
106,720,21.600000,43.200000,0,5,1237625389,1362,0,1231,-44,1,68,2
106,720,21.600000,43.200000,0,5,1237625395,1362,0,1231,-44,1,68,2
106,720,21.600000,43.200000,0,5,1237625400,1362,0,1231,-44,1,68,2
106,720,21.600000,43.200000,0,5,1237625406,1362,0,1231,-44,1,68,2
106,720,21.600000,43.200000,0,5,1237625411,1362,0,1231,-44,1,68,2
106,720,21.600000,43.200000,0,5,1237625417,1362,0,1231,-44,1,68,2
106,720,21.600000,43.200000,0,5,1237625423,1362,0,1231,-44,1,68,2
106,720,21.600000,43.200000,0,5,1237625428,1362,0,1231,-44,1,68,2
106,720,21.600000,43.200000,0,5,1237625433,1362,0,1231,-44,1,68,2
106,720,21.600000,43.200000,0,5,1237625439,1362,0,1231,-44,1,68,2
106,720,21.600000,43.200000,0,5,1237625444,1362,0,1231,-44,1,68,2
106,720,21.600000,43.200000,0,5,1237625450,1362,0,1231,-44,1,68,2
106,720,21.600000,43.200000,0,5,1237625455,1362,0,1231,-44,1,68,2
106,720,21.600000,43.200000,0,5,1237625461,1362,0,1231,-44,1,68,2
106,720,21.600000,43.200000,0,5,1237625467,1362,0,1231,-44,1,68,2
106,720,21.600000,43.200000,0,5,1237625472,1362,0,1231,-44,1,68,2
106,720,21.600000,43.200000,0,5,1237625478,1362,0,1231,-44,1,68,2
106,720,21.600000,43.200000,0,5,1237625483,1362,0,1231,-45,1,68,2
106,720,21.600000,43.200000,0,5,1237625489,1363,0,1232,-45,1,68,2
106,720,21.600000,43.200000,0,5,1237625494,1364,0,1233,-45,1,68,2
106,720,21.600000,43.200000,0,5,1237625500,1365,0,1234,-45,1,68,2
106,720,21.600000,43.200000,0,5,1237625506,1366,0,1235,-46,1,68,2
106,720,21.600000,43.200000,0,5,1237625511,1366,0,1235,-47,1,68,2
106,720,21.600000,43.200000,0,5,1237625517,1367,0,1236,-48,1,68,2
106,720,21.600000,43.200000,0,5,1237625522,1368,0,1237,-48,1,68,2
106,720,21.600000,43.200000,0,5,1237625527,1369,0,1238,-48,1,68,2
106,720,21.600000,43.200000,0,5,1237625533,1370,0,1239,-48,1,68,2
106,720,21.600000,43.200000,0,5,1237625539,1370,0,1239,-48,1,68,2
106,720,21.600000,43.200000,0,5,1237625544,1370,0,1239,-48,1,68,2
106,720,21.600000,43.200000,0,5,1237625550,1370,0,1239,-48,1,68,2
106,720,21.600000,43.200000,0,5,1237625555,1369,0,1238,-48,1,68,2
106,720,21.600000,43.200000,0,5,1237625560,1367,1,1236,-47,1,68,2
106,720,21.600000,43.200000,0,5,1237625566,1364,2,1233,-46,1,68,2
106,720,21.600000,43.200000,0,5,1237625572,1360,3,1229,-45,1,68,2
106,720,21.600000,43.200000,0,5,1237625578,1357,4,1226,-44,1,68,2
106,720,21.600000,43.200000,0,5,1237625583,1355,4,1224,-44,1,68,2
106,720,21.600000,43.200000,0,5,1237625588,1354,5,1223,-43,1,68,2
106,720,21.600000,43.200000,0,5,1237625594,1352,6,1221,-42,1,68,2
106,720,21.600000,43.200000,0,5,1237625599,1350,7,1219,-41,1,68,2
106,720,21.600000,43.200000,0,5,1237625605,1350,7,1219,-41,1,68,2
106,720,21.600000,43.200000,0,5,1237625611,1350,7,1219,-41,1,68,2
106,720,21.600000,43.200000,0,5,1237625616,1350,7,1219,-41,1,68,2
106,720,21.600000,43.200000,0,5,1237625621,1350,7,1219,-41,1,68,2
106,720,21.600000,43.200000,0,5,1237625627,1349,7,1218,-41,1,68,2
106,720,21.600000,43.200000,0,5,1237625633,1348,7,1217,-41,1,68,2
106,720,21.600000,43.200000,0,5,1237625639,1346,7,1215,-41,1,68,2
106,720,21.600000,43.200000,0,5,1237625645,1344,7,1213,-41,1,68,2
106,720,21.600000,43.200000,0,5,1237625651,1343,7,1212,-41,1,68,2
106,720,21.600000,43.200000,0,5,1237625657,1341,7,1210,-41,1,68,2
106,720,21.600000,43.200000,0,5,1237625662,1339,6,1208,-42,1,68,2
106,720,21.600000,43.200000,0,5,1237625668,1337,6,1206,-42,1,68,2
106,720,21.600000,43.200000,0,5,1237625673,1335,5,1204,-43,1,68,2
106,720,21.600000,43.200000,0,5,1237625679,1334,5,1203,-43,1,68,2
106,720,21.600000,43.200000,0,5,1237625684,1333,5,1202,-43,1,68,2
106,720,21.600000,43.200000,0,5,1237625690,1332,5,1201,-43,1,68,2
106,720,21.600000,43.200000,0,5,1237625696,1331,4,1200,-44,1,68,2
106,720,21.600000,43.200000,0,5,1237625703,1330,4,1199,-44,1,68,2
106,720,21.600000,43.200000,0,5,1237625709,1329,3,1198,-45,1,68,2
106,720,21.600000,43.200000,0,5,1237625715,1327,2,1196,-46,1,68,2
106,720,21.600000,43.200000,0,5,1237625720,1327,2,1196,-46,1,68,2
106,720,21.600000,43.200000,0,5,1237625726,1327,2,1196,-46,1,68,2
106,720,21.600000,43.200000,0,5,1237625731,1327,2,1196,-46,1,68,2
106,720,21.600000,43.200000,0,5,1237625737,1327,2,1196,-46,1,68,2
106,720,21.600000,43.200000,0,5,1237625742,1327,2,1196,-46,1,68,2
106,720,21.600000,43.200000,0,5,1237625748,1327,2,1196,-46,1,68,2
106,720,21.600000,43.200000,0,5,1237625753,1327,2,1196,-46,1,68,2
106,720,21.600000,43.200000,0,5,1237625759,1327,2,1196,-46,1,68,2
106,720,21.600000,43.200000,0,5,1237625765,1327,2,1196,-46,1,68,2
106,720,21.600000,43.200000,0,5,1237625770,1327,2,1196,-46,1,68,2
106,720,21.600000,43.200000,0,5,1237625776,1327,2,1196,-46,1,68,2
106,720,21.600000,43.200000,0,5,1237625782,1326,1,1195,-47,1,68,2
106,720,21.600000,43.200000,0,5,1237625787,1326,1,1195,-47,1,68,2
106,720,21.600000,43.200000,0,5,1237625793,1326,1,1195,-47,1,68,2
106,720,21.600000,43.200000,0,5,1237625799,1326,1,1195,-47,1,68,2
106,720,21.600000,43.200000,0,5,1237625804,1326,1,1195,-47,1,68,2
106,720,21.600000,43.200000,0,5,1237625810,1325,1,1194,-47,1,68,2
106,720,21.600000,43.200000,0,5,1237625815,1324,1,1193,-47,1,68,2
106,720,21.600000,43.200000,0,5,1237625821,1324,0,1193,-48,1,68,2
106,720,21.600000,43.200000,0,5,1237625826,1324,0,1193,-49,1,68,2
106,720,21.600000,43.200000,0,5,1237625832,1324,0,1193,-50,1,68,2
106,720,21.600000,43.200000,0,5,1237625838,1324,0,1193,-51,1,68,2
106,720,21.600000,43.200000,0,5,1237625843,1324,0,1193,-52,1,68,2
106,720,21.600000,43.200000,0,5,1237625861,1324,0,1193,-53,0,68,2
