106,720,21.600000,0.000000,0,5,1237640203,611,0,611,0,0,69,5
106,720,21.600000,0.000000,0,5,1237640204,611,0,611,0,0,69,5
106,720,21.600000,0.000000,0,5,1237640210,611,0,611,0,0,69,5
106,720,21.600000,0.000000,0,5,1237640215,611,0,611,0,0,69,5
106,720,21.600000,0.000000,0,5,1237640221,612,0,612,0,0,69,5
106,720,21.600000,0.000000,0,5,1237640227,613,0,613,0,0,69,5
106,720,21.600000,0.000000,0,5,1237640232,614,0,614,0,0,69,5
106,720,21.600000,0.000000,0,5,1237640238,614,0,614,0,0,69,5
106,720,21.600000,0.000000,0,5,1237640243,614,0,614,0,0,69,5
106,720,21.600000,0.000000,0,5,1237640249,614,0,614,0,0,69,5
106,720,21.600000,0.000000,0,5,1237640255,614,0,614,0,0,69,5
106,720,21.600000,0.000000,0,5,1237640260,614,0,614,0,0,69,5
106,720,21.600000,0.000000,0,5,1237640266,615,0,615,0,0,69,5
106,720,21.600000,0.000000,0,5,1237640271,616,0,616,0,0,69,5
106,720,21.600000,0.000000,0,5,1237640278,618,0,618,0,0,69,5
106,720,21.600000,0.000000,0,5,1237640284,624,0,624,0,0,69,5
106,720,21.600000,0.000000,0,5,1237640290,633,0,633,0,0,69,5
106,720,21.600000,0.000000,0,5,1237640295,645,0,645,-1,0,69,5
106,720,21.600000,0.000000,0,5,1237640301,660,0,660,-2,0,69,5
106,720,21.600000,0.000000,0,5,1237640306,676,0,676,-3,0,69,5
106,720,21.600000,0.000000,0,5,1237640312,694,0,694,-4,0,69,5
106,720,21.600000,0.000000,0,5,1237640317,716,0,716,-5,0,69,5
106,720,21.600000,0.000000,0,5,1237640323,743,0,743,-7,0,69,5
106,720,21.600000,0.000000,0,5,1237640329,777,0,777,-9,0,69,5
106,720,21.600000,0.000000,0,5,1237640335,811,0,811,-11,0,69,5
106,720,21.600000,0.000000,0,5,1237640340,845,0,845,-13,0,69,5
106,720,21.600000,0.000000,0,5,1237640346,885,0,885,-15,0,69,5
106,720,21.600000,0.000000,0,5,1237640352,925,0,925,-18,0,69,5
106,720,21.600000,0.000000,0,5,1237640358,965,0,965,-20,0,69,5
106,720,21.600000,0.000000,0,5,1237640363,1012,0,1012,-23,0,69,5
106,720,21.600000,0.000000,0,5,1237640369,1046,0,1046,-25,0,69,5
106,720,21.600000,0.000000,0,5,1237640374,1087,0,1087,-28,0,69,5
106,720,21.600000,0.000000,0,5,1237640379,1120,0,1120,-31,0,69,5
106,720,21.600000,0.000000,0,5,1237640385,1153,0,1153,-33,0,69,5
106,720,21.600000,0.000000,0,5,1237640391,1311,0,1180,-34,0,69,5
106,720,21.600000,0.000000,0,5,1237640396,1330,0,1199,-34,0,69,5
106,720,21.600000,0.000000,0,5,1237640402,1346,0,1215,-35,0,69,5
106,720,21.600000,0.000000,0,5,1237640408,1361,0,1230,-35,0,69,5
106,720,21.600000,0.000000,0,5,1237640413,1372,0,1241,-36,0,69,5
106,720,21.600000,0.000000,0,5,1237640419,1379,0,1248,-36,0,69,5
106,720,21.600000,0.000000,0,5,1237640425,1384,0,1253,-36,0,69,5
106,720,21.600000,0.000000,0,5,1237640432,1387,0,1256,-36,0,69,5
106,720,21.600000,0.000000,0,5,1237640437,1389,0,1258,-37,0,69,5
106,720,21.600000,0.000000,0,5,1237640443,1390,0,1259,-37,0,69,5
106,720,21.600000,0.000000,0,5,1237640449,1390,0,1259,-38,0,69,5
106,720,21.600000,0.000000,0,5,1237640454,1390,0,1259,-39,0,69,5
106,720,21.600000,0.000000,0,5,1237640460,1390,0,1259,-40,0,69,5
106,720,21.600000,0.000000,0,5,1237640466,1389,0,1258,-40,0,69,5
106,720,21.600000,0.000000,0,5,1237640471,1388,0,1257,-40,0,69,5
106,720,21.600000,0.000000,0,5,1237640477,1387,0,1256,-41,0,69,5
106,720,21.600000,0.000000,0,5,1237640483,1385,0,1254,-42,0,69,5
106,720,21.600000,0.000000,0,5,1237640489,1384,0,1253,-42,0,69,5
106,720,21.600000,0.000000,0,5,1237640494,1382,0,1251,-42,0,69,5
106,720,21.600000,0.000000,0,5,1237640499,1380,0,1249,-42,0,69,5
106,720,21.600000,0.000000,0,5,1237640505,1378,1,1247,-41,0,69,5
106,720,21.600000,0.000000,0,5,1237640511,1377,1,1246,-41,0,69,5
106,720,21.600000,0.000000,0,5,1237640516,1377,1,1246,-41,0,69,5
106,720,21.600000,0.000000,0,5,1237640522,1377,1,1246,-41,0,69,5
106,720,21.600000,0.000000,0,5,1237640527,1377,1,1246,-41,0,69,5
106,720,21.600000,0.000000,0,5,1237640533,1377,1,1246,-41,0,69,5
106,720,21.600000,0.000000,0,5,1237640539,1377,1,1246,-41,0,69,5
106,720,21.600000,0.000000,0,5,1237640544,1377,1,1246,-41,0,69,5
106,720,21.600000,0.000000,0,5,1237640550,1377,1,1246,-41,0,69,5
106,720,21.600000,0.000000,0,5,1237640555,1377,1,1246,-41,0,69,5
106,720,21.600000,0.000000,0,5,1237640560,1377,1,1246,-41,0,69,5
106,720,21.600000,0.000000,0,5,1237640566,1377,1,1246,-41,0,69,5
106,720,21.600000,0.000000,0,5,1237640571,1377,1,1246,-41,0,69,5
106,720,21.600000,0.000000,0,5,1237640577,1377,1,1246,-41,0,69,5
106,720,21.600000,0.000000,0,5,1237640583,1377,1,1246,-41,0,69,5
106,720,21.600000,0.000000,0,5,1237640588,1376,1,1245,-41,0,69,5
106,720,21.600000,0.000000,0,5,1237640594,1375,1,1244,-41,0,69,5
106,720,21.600000,0.000000,0,5,1237640600,1373,2,1242,-40,0,69,5
106,720,21.600000,0.000000,0,5,1237640606,1370,3,1239,-39,0,69,5
106,720,21.600000,0.000000,0,5,1237640611,1367,3,1236,-39,0,69,5
106,720,21.600000,0.000000,0,5,1237640617,1364,4,1233,-38,0,69,5
106,720,21.600000,0.000000,0,5,1237640622,1362,4,1231,-38,0,69,5
106,720,21.600000,0.000000,0,5,1237640628,1360,4,1229,-38,0,69,5
106,720,21.600000,0.000000,0,5,1237640634,1359,4,1228,-38,0,69,5
106,720,21.600000,0.000000,0,5,1237640639,1358,4,1227,-38,0,69,5
106,720,21.600000,0.000000,0,5,1237640645,1357,4,1226,-38,0,69,5
106,720,21.600000,0.000000,0,5,1237640651,1356,4,1225,-38,0,69,5
106,720,21.600000,0.000000,0,5,1237640656,1355,4,1224,-38,0,69,5
106,720,21.600000,0.000000,0,5,1237640662,1353,4,1222,-38,0,69,5
106,720,21.600000,0.000000,0,5,1237640668,1352,4,1221,-38,0,69,5
106,720,21.600000,0.000000,0,5,1237640674,1351,4,1220,-38,0,69,5
106,720,21.600000,0.000000,0,5,1237640679,1349,3,1218,-39,0,69,5
106,720,21.600000,0.000000,0,5,1237640685,1348,3,1217,-39,0,69,5
106,720,21.600000,0.000000,0,5,1237640691,1346,3,1215,-39,0,69,5
106,720,21.600000,0.000000,0,5,1237640697,1345,2,1214,-40,0,69,5
106,720,21.600000,0.000000,0,5,1237640702,1344,2,1213,-40,0,69,5
106,720,21.600000,0.000000,0,5,1237640708,1343,2,1212,-40,0,69,5
106,720,21.600000,0.000000,0,5,1237640715,1341,2,1210,-40,0,69,5
106,720,21.600000,0.000000,0,5,1237640721,1339,2,1208,-40,0,69,5
106,720,21.600000,0.000000,0,5,1237640727,1337,2,1206,-40,0,69,5
106,720,21.600000,0.000000,0,5,1237640732,1335,2,1204,-40,0,69,5
106,720,21.600000,0.000000,0,5,1237640738,1333,2,1202,-40,0,69,5
106,720,21.600000,0.000000,0,5,1237640743,1331,2,1200,-40,0,69,5
106,720,21.600000,0.000000,0,5,1237640749,1328,2,1197,-40,0,69,5
106,720,21.600000,0.000000,0,5,1237640754,1326,2,1195,-40,0,69,5
106,720,21.600000,0.000000,0,5,1237640760,1324,2,1193,-40,0,69,5
106,720,21.600000,0.000000,0,5,1237640766,1323,2,1192,-40,0,69,5
106,720,21.600000,0.000000,0,5,1237640771,1322,2,1191,-40,0,69,5
106,720,21.600000,0.000000,0,5,1237640777,1321,2,1190,-40,0,69,5
106,720,21.600000,0.000000,0,5,1237640783,1320,2,1189,-40,0,69,5
106,720,21.600000,0.000000,0,5,1237640788,1320,2,1189,-40,0,69,5
106,720,21.600000,0.000000,0,5,1237640794,1320,2,1189,-40,0,69,5
106,720,21.600000,0.000000,0,5,1237640799,1320,2,1189,-40,0,69,5
106,720,21.600000,0.000000,0,5,1237640805,1320,2,1189,-40,0,69,5
106,720,21.600000,0.000000,0,5,1237640810,1320,2,1189,-40,0,69,5
106,720,21.600000,0.000000,0,5,1237640816,1320,2,1189,-40,0,69,5
106,720,21.600000,0.000000,0,5,1237640821,1320,2,1189,-40,0,69,5
106,720,21.600000,0.000000,0,5,1237640827,1320,2,1189,-40,0,69,5
106,720,21.600000,0.000000,0,5,1237640833,1320,2,1189,-40,0,69,5
106,720,21.600000,0.000000,0,5,1237640838,1320,2,1189,-40,0,69,5
106,720,21.600000,0.000000,0,5,1237640844,1320,2,1189,-40,0,69,5
106,720,21.600000,0.000000,0,5,1237640863,1320,2,1189,-40,0,69,5
