106,360,21.600000,0.000000,1,5,1237497113,779,12,779,12,0,56,1
106,360,21.600000,0.000000,1,5,1237497114,779,12,779,12,0,56,1
106,360,21.600000,0.000000,1,5,1237497120,779,12,779,12,0,56,1
106,360,21.600000,0.000000,1,5,1237497125,779,12,779,12,0,56,1
106,360,21.600000,0.000000,1,5,1237497133,779,12,779,12,0,56,1
106,360,21.600000,0.000000,1,5,1237497139,779,12,779,12,0,56,1
106,360,21.600000,0.000000,1,5,1237497144,779,12,779,12,0,56,1
106,360,21.600000,0.000000,1,5,1237497150,779,12,779,12,0,56,1
106,360,21.600000,0.000000,1,5,1237497155,779,12,779,12,0,56,1
106,360,21.600000,0.000000,1,5,1237497161,779,12,779,12,0,56,1
106,360,21.600000,0.000000,1,5,1237497167,780,12,780,12,0,56,1
106,360,21.600000,0.000000,1,5,1237497172,780,12,780,12,0,56,1
106,360,21.600000,0.000000,1,5,1237497178,781,12,781,12,0,56,1
106,360,21.600000,0.000000,1,5,1237497184,782,12,782,12,0,56,1
106,360,21.600000,0.000000,1,5,1237497189,785,13,785,13,0,56,1
106,360,21.600000,0.000000,1,5,1237497195,790,16,790,16,0,56,1
106,360,21.600000,0.000000,1,5,1237497201,796,20,796,20,0,56,1
106,360,21.600000,0.000000,1,5,1237497206,803,24,803,24,0,56,1
106,360,21.600000,0.000000,1,5,1237497212,814,30,814,30,0,56,1
106,360,21.600000,0.000000,1,5,1237497218,829,36,829,36,0,56,1
106,360,21.600000,0.000000,1,5,1237497224,848,43,848,43,0,56,1
106,360,21.600000,0.000000,1,5,1237497229,864,49,864,49,0,56,1
106,360,21.600000,0.000000,1,5,1237497235,881,54,881,54,0,56,1
106,360,21.600000,0.000000,1,5,1237497241,903,61,903,61,0,56,1
106,360,21.600000,0.000000,1,5,1237497247,927,69,927,69,0,56,1
106,360,21.600000,0.000000,1,5,1237497252,951,75,951,75,0,56,1
106,360,21.600000,0.000000,1,5,1237497258,973,79,973,79,0,56,1
106,360,21.600000,0.000000,1,5,1237497264,1007,83,1007,83,0,56,1
106,360,21.600000,0.000000,1,5,1237497269,1033,85,1033,85,0,56,1
106,360,21.600000,0.000000,1,5,1237497275,1058,86,1058,86,0,56,1
106,360,21.600000,0.000000,1,5,1237497281,1077,86,1077,86,0,56,1
106,360,21.600000,0.000000,1,5,1237497287,1101,86,1101,86,0,56,1
106,360,21.600000,0.000000,1,5,1237497294,1115,84,1115,84,0,56,1
106,360,21.600000,0.000000,1,5,1237497299,1123,81,1123,81,0,56,1
106,360,21.600000,0.000000,1,5,1237497305,1124,78,1124,78,0,56,1
106,360,21.600000,0.000000,1,5,1237497310,1124,74,1124,74,0,56,1
106,360,21.600000,0.000000,1,5,1237497315,1124,71,1124,71,0,56,1
106,360,21.600000,0.000000,1,5,1237497321,1124,67,1124,67,0,56,1
106,360,21.600000,0.000000,1,5,1237497327,1122,56,1122,56,0,56,1
106,360,21.600000,0.000000,1,5,1237497332,1120,51,1120,51,0,56,1
106,360,21.600000,0.000000,1,5,1237497338,1118,47,1118,47,0,56,1
106,360,21.600000,0.000000,1,5,1237497343,1117,43,1117,43,0,56,1
106,360,21.600000,0.000000,1,5,1237497349,1116,40,1116,40,0,56,1
106,360,21.600000,0.000000,1,5,1237497355,1116,37,1116,37,0,56,1
106,360,21.600000,0.000000,1,5,1237497362,1116,33,1116,33,0,56,1
106,360,21.600000,0.000000,1,5,1237497367,1119,30,1119,30,0,56,1
106,360,21.600000,0.000000,1,5,1237497373,1121,28,1121,28,0,56,1
106,360,21.600000,0.000000,1,5,1237497378,1124,26,1124,26,0,56,1
106,360,21.600000,0.000000,1,5,1237497384,1127,24,1127,24,0,56,1
106,360,21.600000,0.000000,1,5,1237497389,1129,23,1129,23,0,56,1
106,360,21.600000,0.000000,1,5,1237497395,1130,23,1130,23,0,56,1
106,360,21.600000,0.000000,1,5,1237497401,1131,22,1131,22,0,56,1
106,360,21.600000,0.000000,1,5,1237497406,1132,21,1132,21,0,56,1
106,360,21.600000,0.000000,1,5,1237497412,1133,20,1133,20,0,56,1
106,360,21.600000,0.000000,1,5,1237497418,1134,19,1134,19,0,56,1
106,360,21.600000,0.000000,1,5,1237497423,1135,18,1135,18,0,56,1
106,360,21.600000,0.000000,1,5,1237497429,1136,17,1136,17,0,56,1
106,360,21.600000,0.000000,1,5,1237497434,1138,16,1138,16,0,56,1
106,360,21.600000,0.000000,1,5,1237497439,1141,14,1141,14,0,56,1
106,360,21.600000,0.000000,1,5,1237497445,1144,12,1144,12,0,56,1
106,360,21.600000,0.000000,1,5,1237497450,1147,10,1147,10,0,56,1
106,360,21.600000,0.000000,1,5,1237497456,1149,8,1149,8,0,56,1
106,360,21.600000,0.000000,1,5,1237497461,1151,7,1151,7,0,56,1
106,360,21.600000,0.000000,1,5,1237497467,1152,7,1152,7,0,56,1
106,360,21.600000,0.000000,1,5,1237497472,1152,6,1152,6,0,56,1
106,360,21.600000,0.000000,1,5,1237497478,1152,5,1152,5,0,56,1
106,360,21.600000,0.000000,1,5,1237497484,1152,4,1152,4,0,56,1
106,360,21.600000,0.000000,1,5,1237497489,1152,4,1152,4,0,56,1
106,360,21.600000,0.000000,1,5,1237497495,1152,4,1152,4,0,56,1
106,360,21.600000,0.000000,1,5,1237497500,1152,4,1152,4,0,56,1
106,360,21.600000,0.000000,1,5,1237497505,1152,4,1152,4,0,56,1
106,360,21.600000,0.000000,1,5,1237497511,1152,4,1152,4,0,56,1
106,360,21.600000,0.000000,1,5,1237497516,1151,4,1151,4,0,56,1
106,360,21.600000,0.000000,1,5,1237497522,1151,4,1151,4,0,56,1
106,360,21.600000,0.000000,1,5,1237497528,1151,4,1151,4,0,56,1
106,360,21.600000,0.000000,1,5,1237497533,1151,3,1151,3,0,56,1
106,360,21.600000,0.000000,1,5,1237497539,1151,3,1151,3,0,56,1
106,360,21.600000,0.000000,1,5,1237497544,1151,3,1151,3,0,56,1
106,360,21.600000,0.000000,1,5,1237497550,1151,3,1151,3,0,56,1
106,360,21.600000,0.000000,1,5,1237497555,1151,3,1151,3,0,56,1
106,360,21.600000,0.000000,1,5,1237497561,1151,3,1151,3,0,56,1
106,360,21.600000,0.000000,1,5,1237497566,1151,3,1151,3,0,56,1
106,360,21.600000,0.000000,1,5,1237497571,1151,3,1151,3,0,56,1
106,360,21.600000,0.000000,1,5,1237497576,1151,3,1151,3,0,56,1
106,360,21.600000,0.000000,1,5,1237497582,1151,3,1151,3,0,56,1
106,360,21.600000,0.000000,1,5,1237497587,1151,3,1151,3,0,56,1
106,360,21.600000,0.000000,1,5,1237497593,1151,3,1151,3,0,56,1
106,360,21.600000,0.000000,1,5,1237497598,1151,3,1151,3,0,56,1
106,360,21.600000,0.000000,1,5,1237497604,1151,3,1151,3,0,56,1
106,360,21.600000,0.000000,1,5,1237497609,1151,3,1151,3,0,56,1
106,360,21.600000,0.000000,1,5,1237497615,1151,3,1151,3,0,56,1
106,360,21.600000,0.000000,1,5,1237497620,1151,3,1151,3,0,56,1
106,360,21.600000,0.000000,1,5,1237497625,1151,3,1151,3,0,56,1
106,360,21.600000,0.000000,1,5,1237497631,1151,3,1151,3,0,56,1
106,360,21.600000,0.000000,1,5,1237497637,1151,3,1151,3,0,56,1
106,360,21.600000,0.000000,1,5,1237497642,1151,3,1151,3,0,56,1
106,360,21.600000,0.000000,1,5,1237497656,1151,3,1151,3,0,56,1
