106,720,21.600000,10000.000000,1,5,1237425911,596,6,596,6,0,51,5
106,720,21.600000,10000.000000,1,5,1237425913,596,6,596,6,0,51,5
106,720,21.600000,10000.000000,1,5,1237425919,597,6,597,6,0,51,5
106,720,21.600000,10000.000000,1,5,1237425924,598,6,598,6,0,51,5
106,720,21.600000,10000.000000,1,5,1237425929,599,6,599,6,0,51,5
106,720,21.600000,10000.000000,1,5,1237425935,600,6,600,6,0,51,5
106,720,21.600000,10000.000000,1,5,1237425940,601,6,601,6,0,51,5
106,720,21.600000,10000.000000,1,5,1237425945,602,6,602,6,0,51,5
106,720,21.600000,10000.000000,1,5,1237425951,603,6,603,6,0,51,5
106,720,21.600000,10000.000000,1,5,1237425957,603,6,603,6,0,51,5
106,720,21.600000,10000.000000,1,5,1237425962,603,6,603,6,0,51,5
106,720,21.600000,10000.000000,1,5,1237425968,603,6,603,6,0,51,5
106,720,21.600000,10000.000000,1,5,1237425974,603,6,603,6,0,51,5
106,720,21.600000,10000.000000,1,5,1237425980,604,6,604,6,0,51,5
106,720,21.600000,10000.000000,1,5,1237425986,605,7,605,7,0,51,5
106,720,21.600000,10000.000000,1,5,1237425992,606,8,606,8,0,51,5
106,720,21.600000,10000.000000,1,5,1237425998,609,10,609,10,0,51,5
106,720,21.600000,10000.000000,1,5,1237426003,614,12,614,12,0,51,5
106,720,21.600000,10000.000000,1,5,1237426009,621,15,621,15,0,51,5
106,720,21.600000,10000.000000,1,5,1237426014,629,18,629,18,0,51,5
106,720,21.600000,10000.000000,1,5,1237426020,642,22,642,22,0,51,5
106,720,21.600000,10000.000000,1,5,1237426025,650,24,650,24,0,51,5
106,720,21.600000,10000.000000,1,5,1237426031,665,27,665,27,0,51,5
106,720,21.600000,10000.000000,1,5,1237426037,688,31,688,31,0,51,5
106,720,21.600000,10000.000000,1,5,1237426042,714,35,714,35,0,51,5
106,720,21.600000,10000.000000,1,5,1237426048,738,39,738,39,0,51,5
106,720,21.600000,10000.000000,1,5,1237426054,772,43,772,43,0,51,5
106,720,21.600000,10000.000000,1,5,1237426059,806,47,806,47,0,51,5
106,720,21.600000,10000.000000,1,5,1237426064,841,51,841,51,0,51,5
106,720,21.600000,10000.000000,1,5,1237426070,883,55,883,55,0,51,5
106,720,21.600000,10000.000000,1,5,1237426075,908,58,908,58,0,51,5
106,720,21.600000,10000.000000,1,5,1237426081,941,61,941,61,0,51,5
106,720,21.600000,10000.000000,1,5,1237426087,975,63,975,63,0,51,5
106,720,21.600000,10000.000000,1,5,1237426092,1009,64,1009,64,0,51,5
106,720,21.600000,10000.000000,1,5,1237426098,1043,65,1043,65,0,51,5
106,720,21.600000,10000.000000,1,5,1237426103,1066,65,1066,65,0,51,5
106,720,21.600000,10000.000000,1,5,1237426109,1100,66,1100,66,0,51,5
106,720,21.600000,10000.000000,1,5,1237426115,1127,66,1127,66,0,51,5
106,720,21.600000,10000.000000,1,5,1237426120,1152,66,1152,66,0,51,5
106,720,21.600000,10000.000000,1,5,1237426125,1168,66,1168,66,0,51,5
106,720,21.600000,10000.000000,1,5,1237426131,1185,66,1185,66,0,51,5
106,720,21.600000,10000.000000,1,5,1237426136,1194,66,1194,66,0,51,5
106,720,21.600000,10000.000000,1,5,1237426142,1204,65,1204,65,0,51,5
106,720,21.600000,10000.000000,1,5,1237426148,1212,63,1212,63,0,51,5
106,720,21.600000,10000.000000,1,5,1237426153,1218,61,1218,61,0,51,5
106,720,21.600000,10000.000000,1,5,1237426159,1223,59,1223,59,0,51,5
106,720,21.600000,10000.000000,1,5,1237426164,1227,57,1227,57,0,51,5
106,720,21.600000,10000.000000,1,5,1237426170,1230,55,1230,55,0,51,5
106,720,21.600000,10000.000000,1,5,1237426176,1234,52,1234,52,0,51,5
106,720,21.600000,10000.000000,1,5,1237426182,1237,49,1237,49,0,51,5
106,720,21.600000,10000.000000,1,5,1237426187,1240,47,1240,47,0,51,5
106,720,21.600000,10000.000000,1,5,1237426193,1242,45,1242,45,0,51,5
106,720,21.600000,10000.000000,1,5,1237426198,1243,43,1243,43,0,51,5
106,720,21.600000,10000.000000,1,5,1237426204,1243,41,1243,41,0,51,5
106,720,21.600000,10000.000000,1,5,1237426209,1243,40,1243,40,0,51,5
106,720,21.600000,10000.000000,1,5,1237426216,1244,40,1244,40,0,51,5
106,720,21.600000,10000.000000,1,5,1237426221,1245,40,1245,40,0,51,5
106,720,21.600000,10000.000000,1,5,1237426227,1245,39,1245,39,0,51,5
106,720,21.600000,10000.000000,1,5,1237426232,1246,38,1246,38,0,51,5
106,720,21.600000,10000.000000,1,5,1237426238,1246,38,1246,38,0,51,5
106,720,21.600000,10000.000000,1,5,1237426243,1246,38,1246,38,0,51,5
106,720,21.600000,10000.000000,1,5,1237426249,1246,38,1246,38,0,51,5
106,720,21.600000,10000.000000,1,5,1237426254,1246,38,1246,38,0,51,5
106,720,21.600000,10000.000000,1,5,1237426259,1246,38,1246,38,0,51,5
106,720,21.600000,10000.000000,1,5,1237426265,1246,38,1246,38,0,51,5
106,720,21.600000,10000.000000,1,5,1237426271,1246,38,1246,38,0,51,5
106,720,21.600000,10000.000000,1,5,1237426276,1246,38,1246,38,0,51,5
106,720,21.600000,10000.000000,1,5,1237426281,1246,38,1246,38,0,51,5
106,720,21.600000,10000.000000,1,5,1237426287,1247,37,1247,37,0,51,5
106,720,21.600000,10000.000000,1,5,1237426293,1248,37,1248,37,0,51,5
106,720,21.600000,10000.000000,1,5,1237426299,1249,37,1249,37,0,51,5
106,720,21.600000,10000.000000,1,5,1237426304,1251,36,1251,36,0,51,5
106,720,21.600000,10000.000000,1,5,1237426310,1254,35,1254,35,0,51,5
106,720,21.600000,10000.000000,1,5,1237426315,1258,33,1258,33,0,51,5
106,720,21.600000,10000.000000,1,5,1237426321,1263,32,1263,32,0,51,5
106,720,21.600000,10000.000000,1,5,1237426327,1270,31,1270,31,0,51,5
106,720,21.600000,10000.000000,1,5,1237426332,1274,30,1274,30,0,51,5
106,720,21.600000,10000.000000,1,5,1237426338,1277,29,1277,29,0,51,5
106,720,21.600000,10000.000000,1,5,1237426344,1279,28,1279,28,0,51,5
106,720,21.600000,10000.000000,1,5,1237426349,1280,28,1280,28,0,51,5
106,720,21.600000,10000.000000,1,5,1237426355,1280,28,1280,28,0,51,5
106,720,21.600000,10000.000000,1,5,1237426360,1280,27,1280,27,0,51,5
106,720,21.600000,10000.000000,1,5,1237426366,1281,27,1281,27,0,51,5
106,720,21.600000,10000.000000,1,5,1237426372,1281,27,1281,27,0,51,5
106,720,21.600000,10000.000000,1,5,1237426377,1282,27,1282,27,0,51,5
106,720,21.600000,10000.000000,1,5,1237426382,1283,27,1283,27,0,51,5
106,720,21.600000,10000.000000,1,5,1237426388,1283,27,1283,27,0,51,5
106,720,21.600000,10000.000000,1,5,1237426393,1284,27,1284,27,0,51,5
106,720,21.600000,10000.000000,1,5,1237426399,1285,27,1285,27,0,51,5
106,720,21.600000,10000.000000,1,5,1237426405,1286,27,1286,27,0,51,5
106,720,21.600000,10000.000000,1,5,1237426411,1289,27,1289,27,0,51,5
106,720,21.600000,10000.000000,1,5,1237426416,1291,27,1291,27,0,51,5
106,720,21.600000,10000.000000,1,5,1237426422,1295,27,1295,27,0,51,5
106,720,21.600000,10000.000000,1,5,1237426428,1299,26,1299,26,0,51,5
106,720,21.600000,10000.000000,1,5,1237426434,1302,26,1302,26,0,51,5
106,720,21.600000,10000.000000,1,5,1237426442,1304,25,1304,25,0,51,5
106,720,21.600000,10000.000000,1,5,1237426448,1306,24,1306,24,0,51,5
106,720,21.600000,10000.000000,1,5,1237426454,1308,23,1308,23,0,51,5
106,720,21.600000,10000.000000,1,5,1237426459,1309,23,1309,23,0,51,5
106,720,21.600000,10000.000000,1,5,1237426465,1310,23,1310,23,0,51,5
106,720,21.600000,10000.000000,1,5,1237426470,1311,23,1311,23,0,51,5
106,720,21.600000,10000.000000,1,5,1237426476,1311,23,1311,23,0,51,5
106,720,21.600000,10000.000000,1,5,1237426482,1311,24,1311,24,0,51,5
106,720,21.600000,10000.000000,1,5,1237426488,1311,24,1311,24,0,51,5
106,720,21.600000,10000.000000,1,5,1237426493,1311,24,1311,24,0,51,5
106,720,21.600000,10000.000000,1,5,1237426499,1311,24,1311,24,0,51,5
106,720,21.600000,10000.000000,1,5,1237426504,1311,24,1311,24,0,51,5
106,720,21.600000,10000.000000,1,5,1237426509,1311,24,1311,24,0,51,5
106,720,21.600000,10000.000000,1,5,1237426515,1311,24,1311,24,0,51,5
106,720,21.600000,10000.000000,1,5,1237426520,1311,24,1311,24,0,51,5
106,720,21.600000,10000.000000,1,5,1237426526,1311,24,1311,24,0,51,5
106,720,21.600000,10000.000000,1,5,1237426531,1311,24,1311,24,0,51,5
106,720,21.600000,10000.000000,1,5,1237426537,1311,24,1311,24,0,51,5
106,720,21.600000,10000.000000,1,5,1237426542,1311,24,1311,24,0,51,5
106,720,21.600000,10000.000000,1,5,1237426548,1311,24,1311,24,0,51,5
106,720,21.600000,10000.000000,1,5,1237426554,1311,24,1311,24,0,51,5
106,720,21.600000,10000.000000,1,5,1237426559,1311,24,1311,24,0,51,5
106,720,21.600000,10000.000000,1,5,1237426564,1311,24,1311,24,0,51,5
106,720,21.600000,10000.000000,1,5,1237426570,1311,24,1311,24,0,51,5
106,720,21.600000,10000.000000,1,5,1237426575,1311,24,1311,24,0,51,5
106,720,21.600000,10000.000000,1,5,1237426581,1311,24,1311,24,0,51,5
106,720,21.600000,10000.000000,1,5,1237426586,1311,24,1311,24,0,51,5
106,720,21.600000,10000.000000,1,5,1237426592,1311,24,1311,24,0,51,5
106,720,21.600000,10000.000000,1,5,1237426598,1311,23,1311,23,0,51,5
106,720,21.600000,10000.000000,1,5,1237426604,1312,23,1312,23,0,51,5
106,720,21.600000,10000.000000,1,5,1237426610,1313,22,1313,22,0,51,5
106,720,21.600000,10000.000000,1,5,1237426615,1314,21,1314,21,0,51,5
106,720,21.600000,10000.000000,1,5,1237426621,1314,20,1314,20,0,51,5
106,720,21.600000,10000.000000,1,5,1237426626,1314,19,1314,19,0,51,5
106,720,21.600000,10000.000000,1,5,1237426632,1315,19,1315,19,0,51,5
106,720,21.600000,10000.000000,1,5,1237426637,1315,19,1315,19,0,51,5
106,720,21.600000,10000.000000,1,5,1237426643,1315,19,1315,19,0,51,5
106,720,21.600000,10000.000000,1,5,1237426648,1315,19,1315,19,0,51,5
106,720,21.600000,10000.000000,1,5,1237426654,1315,19,1315,19,0,51,5
106,720,21.600000,10000.000000,1,5,1237426659,1315,19,1315,19,0,51,5
106,720,21.600000,10000.000000,1,5,1237426665,1315,19,1315,19,0,51,5
106,720,21.600000,10000.000000,1,5,1237426671,1315,19,1315,19,0,51,5
106,720,21.600000,10000.000000,1,5,1237426677,1315,18,1315,18,0,51,5
106,720,21.600000,10000.000000,1,5,1237426683,1315,17,1315,17,0,51,5
106,720,21.600000,10000.000000,1,5,1237426703,1315,17,1315,17,0,51,5
