106,360,21.600000,0.000000,0,4,1237153308,791,0,791,0,0,33,3
106,360,21.600000,0.000000,0,4,1237153309,791,0,791,0,0,33,3
106,360,21.600000,0.000000,0,4,1237153315,791,0,791,0,0,33,3
106,360,21.600000,0.000000,0,4,1237153321,791,0,791,0,0,33,3
106,360,21.600000,0.000000,0,4,1237153326,791,0,791,0,0,33,3
106,360,21.600000,0.000000,0,4,1237153332,791,0,791,0,0,33,3
106,360,21.600000,0.000000,0,4,1237153337,791,0,791,0,0,33,3
106,360,21.600000,0.000000,0,4,1237153343,791,0,791,0,0,33,3
106,360,21.600000,0.000000,0,4,1237153348,791,0,791,0,0,33,3
106,360,21.600000,0.000000,0,4,1237153353,791,0,791,0,0,33,3
106,360,21.600000,0.000000,0,4,1237153359,791,0,791,0,0,33,3
106,360,21.600000,0.000000,0,4,1237153364,791,0,791,-1,0,33,3
106,360,21.600000,0.000000,0,4,1237153370,791,0,791,-2,0,33,3
106,360,21.600000,0.000000,0,4,1237153376,791,0,791,-3,0,33,3
106,360,21.600000,0.000000,0,4,1237153381,792,0,792,-3,0,33,3
106,360,21.600000,0.000000,0,4,1237153387,793,0,793,-3,0,33,3
106,360,21.600000,0.000000,0,4,1237153392,794,0,794,-3,0,33,3
106,360,21.600000,0.000000,0,4,1237153398,795,0,795,-4,0,33,3
106,360,21.600000,0.000000,0,4,1237153403,796,0,796,-4,0,33,3
106,360,21.600000,0.000000,0,4,1237153409,797,0,797,-5,0,33,3
106,360,21.600000,0.000000,0,4,1237153415,800,0,800,-6,0,33,3
106,360,21.600000,0.000000,0,4,1237153421,805,0,805,-8,0,33,3
106,360,21.600000,0.000000,0,4,1237153427,813,0,813,-10,0,33,3
106,360,21.600000,0.000000,0,4,1237153433,822,0,822,-12,0,33,3
106,360,21.600000,0.000000,0,4,1237153438,836,0,836,-14,0,33,3
106,360,21.600000,0.000000,0,4,1237153444,851,0,851,-16,0,33,3
106,360,21.600000,0.000000,0,4,1237153450,866,0,866,-18,0,33,3
106,360,21.600000,0.000000,0,4,1237153455,888,0,888,-21,0,33,3
106,360,21.600000,0.000000,0,4,1237153461,915,0,915,-24,0,33,3
106,360,21.600000,0.000000,0,4,1237153467,948,0,948,-29,0,33,3
106,360,21.600000,0.000000,0,4,1237153473,975,0,975,-32,0,33,3
106,360,21.600000,0.000000,0,4,1237153478,1009,0,1009,-36,0,33,3
106,360,21.600000,0.000000,0,4,1237153484,1043,0,1043,-40,0,33,3
106,360,21.600000,0.000000,0,4,1237153489,1077,0,1077,-45,0,33,3
106,360,21.600000,0.000000,0,4,1237153495,1105,0,1105,-48,0,33,3
106,360,21.600000,0.000000,0,4,1237153501,1134,0,1134,-52,0,33,3
106,360,21.600000,0.000000,0,4,1237153507,1166,0,1166,-56,0,33,3
106,360,21.600000,0.000000,0,4,1237153514,1188,0,1188,-59,0,33,3
106,360,21.600000,0.000000,0,4,1237153520,1214,0,1214,-63,0,33,3
106,360,21.600000,0.000000,0,4,1237153525,1228,0,1228,-65,0,33,3
106,360,21.600000,0.000000,0,4,1237153530,1236,0,1236,-66,0,33,3
106,360,21.600000,0.000000,0,4,1237153536,1239,0,1239,-66,0,33,3
106,360,21.600000,0.000000,0,4,1237153542,1240,0,1240,-66,0,33,3
106,360,21.600000,0.000000,0,4,1237153548,1242,0,1242,-66,0,33,3
106,360,21.600000,0.000000,0,4,1237153554,1242,0,1242,-67,0,33,3
106,360,21.600000,0.000000,0,4,1237153560,1241,0,1241,-68,0,33,3
106,360,21.600000,0.000000,0,4,1237153566,1238,0,1238,-68,0,33,3
106,360,21.600000,0.000000,0,4,1237153572,1234,0,1234,-68,0,33,3
106,360,21.600000,0.000000,0,4,1237153578,1230,0,1230,-69,0,33,3
106,360,21.600000,0.000000,0,4,1237153583,1225,0,1225,-70,0,33,3
106,360,21.600000,0.000000,0,4,1237153589,1220,0,1220,-70,0,33,3
106,360,21.600000,0.000000,0,4,1237153594,1215,0,1215,-70,0,33,3
106,360,21.600000,0.000000,0,4,1237153600,1210,0,1210,-70,0,33,3
106,360,21.600000,0.000000,0,4,1237153606,1204,0,1204,-70,0,33,3
106,360,21.600000,0.000000,0,4,1237153611,1200,0,1200,-70,0,33,3
106,360,21.600000,0.000000,0,4,1237153617,1197,0,1197,-70,0,33,3
106,360,21.600000,0.000000,0,4,1237153623,1194,0,1194,-70,0,33,3
106,360,21.600000,0.000000,0,4,1237153628,1191,0,1191,-70,0,33,3
106,360,21.600000,0.000000,0,4,1237153634,1189,0,1189,-70,0,33,3
106,360,21.600000,0.000000,0,4,1237153640,1187,0,1187,-70,0,33,3
106,360,21.600000,0.000000,0,4,1237153645,1186,1,1186,-69,0,33,3
106,360,21.600000,0.000000,0,4,1237153651,1185,2,1185,-68,0,33,3
106,360,21.600000,0.000000,0,4,1237153656,1184,3,1184,-67,0,33,3
106,360,21.600000,0.000000,0,4,1237153661,1183,3,1183,-67,0,33,3
106,360,21.600000,0.000000,0,4,1237153667,1182,3,1182,-67,0,33,3
106,360,21.600000,0.000000,0,4,1237153673,1181,3,1181,-67,0,33,3
106,360,21.600000,0.000000,0,4,1237153678,1181,3,1181,-67,0,33,3
106,360,21.600000,0.000000,0,4,1237153684,1181,3,1181,-67,0,33,3
106,360,21.600000,0.000000,0,4,1237153690,1181,3,1181,-67,0,33,3
106,360,21.600000,0.000000,0,4,1237153698,1181,3,1181,-67,0,33,3
106,360,21.600000,0.000000,0,4,1237153707,1181,3,1181,-67,0,33,3
106,360,21.600000,0.000000,0,4,1237153715,1181,3,1181,-67,0,33,3
106,360,21.600000,0.000000,0,4,1237153721,1180,3,1180,-67,0,33,3
106,360,21.600000,0.000000,0,4,1237153726,1179,3,1179,-67,0,33,3
106,360,21.600000,0.000000,0,4,1237153732,1177,3,1177,-67,0,33,3
106,360,21.600000,0.000000,0,4,1237153738,1176,3,1176,-67,0,33,3
106,360,21.600000,0.000000,0,4,1237153743,1174,3,1174,-67,0,33,3
106,360,21.600000,0.000000,0,4,1237153749,1172,2,1172,-68,0,33,3
106,360,21.600000,0.000000,0,4,1237153754,1170,1,1170,-69,0,33,3
106,360,21.600000,0.000000,0,4,1237153760,1168,1,1168,-69,0,33,3
106,360,21.600000,0.000000,0,4,1237153766,1166,1,1166,-69,0,33,3
106,360,21.600000,0.000000,0,4,1237153771,1165,0,1165,-70,0,33,3
106,360,21.600000,0.000000,0,4,1237153777,1164,0,1164,-70,0,33,3
106,360,21.600000,0.000000,0,4,1237153782,1163,0,1163,-70,0,33,3
106,360,21.600000,0.000000,0,4,1237153788,1162,0,1162,-71,0,33,3
106,360,21.600000,0.000000,0,4,1237153794,1161,0,1161,-71,0,33,3
106,360,21.600000,0.000000,0,4,1237153799,1159,0,1159,-71,0,33,3
106,360,21.600000,0.000000,0,4,1237153805,1157,0,1157,-72,0,33,3
106,360,21.600000,0.000000,0,4,1237153811,1155,0,1155,-72,0,33,3
106,360,21.600000,0.000000,0,4,1237153816,1153,0,1153,-73,0,33,3
106,360,21.600000,0.000000,0,4,1237153822,1152,0,1152,-74,0,33,3
106,360,21.600000,0.000000,0,4,1237153827,1151,0,1151,-74,0,33,3
106,360,21.600000,0.000000,0,4,1237153833,1149,0,1149,-74,0,33,3
106,360,21.600000,0.000000,0,4,1237153838,1148,0,1148,-75,0,33,3
106,360,21.600000,0.000000,0,4,1237153843,1148,0,1148,-75,0,33,3
106,360,21.600000,0.000000,0,4,1237153849,1147,0,1147,-75,0,33,3
106,360,21.600000,0.000000,0,4,1237153854,1146,0,1146,-75,0,33,3
106,360,21.600000,0.000000,0,4,1237153860,1146,0,1146,-75,0,33,3
106,360,21.600000,0.000000,0,4,1237153865,1146,0,1146,-75,0,33,3
106,360,21.600000,0.000000,0,4,1237153871,1146,0,1146,-75,0,33,3
106,360,21.600000,0.000000,0,4,1237153876,1146,0,1146,-75,0,33,3
106,360,21.600000,0.000000,0,4,1237153882,1146,0,1146,-75,0,33,3
106,360,21.600000,0.000000,0,4,1237153887,1146,0,1146,-75,0,33,3
106,360,21.600000,0.000000,0,4,1237153893,1146,0,1146,-75,0,33,3
106,360,21.600000,0.000000,0,4,1237153898,1146,0,1146,-75,0,33,3
106,360,21.600000,0.000000,0,4,1237153903,1146,0,1146,-75,0,33,3
106,360,21.600000,0.000000,0,4,1237153908,1146,0,1146,-75,0,33,3
106,360,21.600000,0.000000,0,4,1237153914,1146,0,1146,-75,0,33,3
106,360,21.600000,0.000000,0,4,1237153920,1146,0,1146,-75,0,33,3
106,360,21.600000,0.000000,0,4,1237153925,1146,0,1146,-75,0,33,3
106,360,21.600000,0.000000,0,4,1237153931,1146,0,1146,-75,0,33,3
106,360,21.600000,0.000000,0,4,1237153937,1146,0,1146,-75,0,33,3
106,360,21.600000,0.000000,0,4,1237153942,1146,0,1146,-75,0,33,3
106,360,21.600000,0.000000,0,4,1237153948,1146,0,1146,-75,0,33,3
106,360,21.600000,0.000000,0,4,1237153953,1146,0,1146,-75,0,33,3
106,360,21.600000,0.000000,0,4,1237153959,1146,0,1146,-75,0,33,3
106,360,21.600000,0.000000,0,4,1237153964,1146,0,1146,-75,0,33,3
106,360,21.600000,0.000000,0,4,1237153969,1146,0,1146,-75,0,33,3
106,360,21.600000,0.000000,0,4,1237153975,1146,0,1146,-75,0,33,3
106,360,21.600000,0.000000,0,4,1237153980,1146,0,1146,-76,0,33,3
106,360,21.600000,0.000000,0,4,1237153999,1146,0,1146,-77,0,33,3
