106,360,21.600000,10000.000000,1,4,1236796966,784,14,784,14,0,2,4
106,360,21.600000,10000.000000,1,4,1236796968,784,14,784,14,0,2,4
106,360,21.600000,10000.000000,1,4,1236796973,784,14,784,14,0,2,4
106,360,21.600000,10000.000000,1,4,1236796978,784,14,784,14,0,2,4
106,360,21.600000,10000.000000,1,4,1236796984,784,14,784,14,0,2,4
106,360,21.600000,10000.000000,1,4,1236796990,784,14,784,14,0,2,4
106,360,21.600000,10000.000000,1,4,1236796995,784,14,784,14,0,2,4
106,360,21.600000,10000.000000,1,4,1236797001,784,14,784,14,0,2,4
106,360,21.600000,10000.000000,1,4,1236797006,784,14,784,14,0,2,4
106,360,21.600000,10000.000000,1,4,1236797012,784,14,784,14,0,2,4
106,360,21.600000,10000.000000,1,4,1236797017,784,14,784,14,0,2,4
106,360,21.600000,10000.000000,1,4,1236797023,784,14,784,14,0,2,4
106,360,21.600000,10000.000000,1,4,1236797029,784,14,784,14,0,2,4
106,360,21.600000,10000.000000,1,4,1236797034,784,14,784,14,0,2,4
106,360,21.600000,10000.000000,1,4,1236797040,784,14,784,14,0,2,4
106,360,21.600000,10000.000000,1,4,1236797045,784,14,784,14,0,2,4
106,360,21.600000,10000.000000,1,4,1236797051,785,14,785,14,0,2,4
106,360,21.600000,10000.000000,1,4,1236797057,787,14,787,14,0,2,4
106,360,21.600000,10000.000000,1,4,1236797062,791,14,791,14,0,2,4
106,360,21.600000,10000.000000,1,4,1236797069,796,15,796,15,0,2,4
106,360,21.600000,10000.000000,1,4,1236797075,804,15,804,15,0,2,4
106,360,21.600000,10000.000000,1,4,1236797081,814,15,814,15,0,2,4
106,360,21.600000,10000.000000,1,4,1236797087,831,15,831,15,0,2,4
106,360,21.600000,10000.000000,1,4,1236797092,847,15,847,15,0,2,4
106,360,21.600000,10000.000000,1,4,1236797098,870,15,870,15,0,2,4
106,360,21.600000,10000.000000,1,4,1236797103,897,15,897,15,0,2,4
106,360,21.600000,10000.000000,1,4,1236797109,923,15,923,15,0,2,4
106,360,21.600000,10000.000000,1,4,1236797115,950,15,950,15,0,2,4
106,360,21.600000,10000.000000,1,4,1236797121,974,15,974,15,0,2,4
106,360,21.600000,10000.000000,1,4,1236797126,1001,15,1001,15,0,2,4
106,360,21.600000,10000.000000,1,4,1236797132,1018,14,1018,14,0,2,4
106,360,21.600000,10000.000000,1,4,1236797138,1042,13,1042,13,0,2,4
106,360,21.600000,10000.000000,1,4,1236797143,1065,12,1065,12,0,2,4
106,360,21.600000,10000.000000,1,4,1236797149,1087,11,1087,11,0,2,4
106,360,21.600000,10000.000000,1,4,1236797154,1105,10,1105,10,0,2,4
106,360,21.600000,10000.000000,1,4,1236797160,1119,9,1119,9,0,2,4
106,360,21.600000,10000.000000,1,4,1236797166,1128,8,1128,8,0,2,4
106,360,21.600000,10000.000000,1,4,1236797171,1131,7,1131,7,0,2,4
106,360,21.600000,10000.000000,1,4,1236797177,1135,5,1135,5,0,2,4
106,360,21.600000,10000.000000,1,4,1236797183,1135,4,1135,4,0,2,4
106,360,21.600000,10000.000000,1,4,1236797189,1132,3,1132,3,0,2,4
106,360,21.600000,10000.000000,1,4,1236797194,1129,2,1129,2,0,2,4
106,360,21.600000,10000.000000,1,4,1236797200,1127,1,1127,1,0,2,4
106,360,21.600000,10000.000000,1,4,1236797205,1122,0,1122,-1,0,2,4
106,360,21.600000,10000.000000,1,4,1236797211,1118,0,1118,-1,0,2,4
106,360,21.600000,10000.000000,1,4,1236797216,1114,0,1114,-2,0,2,4
106,360,21.600000,10000.000000,1,4,1236797222,1110,0,1110,-2,0,2,4
106,360,21.600000,10000.000000,1,4,1236797227,1108,0,1108,-2,0,2,4
106,360,21.600000,10000.000000,1,4,1236797233,1106,0,1106,-2,0,2,4
106,360,21.600000,10000.000000,1,4,1236797238,1104,0,1104,-2,0,2,4
106,360,21.600000,10000.000000,1,4,1236797244,1102,0,1102,-2,0,2,4
106,360,21.600000,10000.000000,1,4,1236797250,1101,0,1101,-2,0,2,4
106,360,21.600000,10000.000000,1,4,1236797256,1100,0,1100,-2,0,2,4
106,360,21.600000,10000.000000,1,4,1236797261,1099,0,1099,-2,0,2,4
106,360,21.600000,10000.000000,1,4,1236797267,1098,0,1098,-2,0,2,4
106,360,21.600000,10000.000000,1,4,1236797272,1097,0,1097,-2,0,2,4
106,360,21.600000,10000.000000,1,4,1236797278,1096,0,1096,-2,0,2,4
106,360,21.600000,10000.000000,1,4,1236797283,1095,0,1095,-2,0,2,4
106,360,21.600000,10000.000000,1,4,1236797289,1095,1,1095,-1,0,2,4
106,360,21.600000,10000.000000,1,4,1236797294,1095,2,1095,0,0,2,4
106,360,21.600000,10000.000000,1,4,1236797300,1095,2,1095,0,0,2,4
106,360,21.600000,10000.000000,1,4,1236797305,1095,2,1095,0,0,2,4
106,360,21.600000,10000.000000,1,4,1236797311,1095,2,1095,0,0,2,4
106,360,21.600000,10000.000000,1,4,1236797316,1095,2,1095,0,0,2,4
106,360,21.600000,10000.000000,1,4,1236797322,1095,2,1095,0,0,2,4
106,360,21.600000,10000.000000,1,4,1236797327,1095,2,1095,0,0,2,4
106,360,21.600000,10000.000000,1,4,1236797333,1095,2,1095,0,0,2,4
106,360,21.600000,10000.000000,1,4,1236797338,1095,2,1095,0,0,2,4
106,360,21.600000,10000.000000,1,4,1236797343,1095,2,1095,0,0,2,4
106,360,21.600000,10000.000000,1,4,1236797349,1096,2,1096,0,0,2,4
106,360,21.600000,10000.000000,1,4,1236797355,1098,2,1098,0,0,2,4
106,360,21.600000,10000.000000,1,4,1236797361,1100,2,1100,0,0,2,4
106,360,21.600000,10000.000000,1,4,1236797366,1101,3,1101,1,0,2,4
106,360,21.600000,10000.000000,1,4,1236797372,1103,3,1103,1,0,2,4
106,360,21.600000,10000.000000,1,4,1236797378,1105,4,1105,2,0,2,4
106,360,21.600000,10000.000000,1,4,1236797383,1108,5,1108,3,0,2,4
106,360,21.600000,10000.000000,1,4,1236797389,1112,6,1112,4,0,2,4
106,360,21.600000,10000.000000,1,4,1236797395,1116,7,1116,5,0,2,4
106,360,21.600000,10000.000000,1,4,1236797400,1122,8,1122,6,0,2,4
106,360,21.600000,10000.000000,1,4,1236797406,1128,8,1128,6,0,2,4
106,360,21.600000,10000.000000,1,4,1236797411,1134,9,1134,7,0,2,4
106,360,21.600000,10000.000000,1,4,1236797417,1141,10,1141,8,0,2,4
106,360,21.600000,10000.000000,1,4,1236797423,1150,11,1150,9,0,2,4
106,360,21.600000,10000.000000,1,4,1236797429,1155,11,1155,9,0,2,4
106,360,21.600000,10000.000000,1,4,1236797435,1159,11,1159,9,0,2,4
106,360,21.600000,10000.000000,1,4,1236797441,1161,11,1161,9,0,2,4
106,360,21.600000,10000.000000,1,4,1236797446,1162,12,1162,10,0,2,4
106,360,21.600000,10000.000000,1,4,1236797452,1162,12,1162,10,0,2,4
106,360,21.600000,10000.000000,1,4,1236797457,1163,12,1163,10,0,2,4
106,360,21.600000,10000.000000,1,4,1236797463,1164,12,1164,10,0,2,4
106,360,21.600000,10000.000000,1,4,1236797468,1164,13,1164,11,0,2,4
106,360,21.600000,10000.000000,1,4,1236797473,1164,14,1164,12,0,2,4
106,360,21.600000,10000.000000,1,4,1236797479,1163,14,1163,12,0,2,4
106,360,21.600000,10000.000000,1,4,1236797484,1162,14,1162,12,0,2,4
106,360,21.600000,10000.000000,1,4,1236797491,1160,14,1160,12,0,2,4
106,360,21.600000,10000.000000,1,4,1236797496,1159,14,1159,12,0,2,4
106,360,21.600000,10000.000000,1,4,1236797502,1158,14,1158,12,0,2,4
106,360,21.600000,10000.000000,1,4,1236797507,1157,14,1157,12,0,2,4
106,360,21.600000,10000.000000,1,4,1236797513,1156,14,1156,12,0,2,4
106,360,21.600000,10000.000000,1,4,1236797518,1155,14,1155,12,0,2,4
106,360,21.600000,10000.000000,1,4,1236797524,1154,13,1154,11,0,2,4
106,360,21.600000,10000.000000,1,4,1236797529,1153,12,1153,10,0,2,4
106,360,21.600000,10000.000000,1,4,1236797534,1152,12,1152,10,0,2,4
106,360,21.600000,10000.000000,1,4,1236797540,1151,12,1151,10,0,2,4
106,360,21.600000,10000.000000,1,4,1236797546,1150,12,1150,10,0,2,4
106,360,21.600000,10000.000000,1,4,1236797551,1150,12,1150,10,0,2,4
106,360,21.600000,10000.000000,1,4,1236797557,1150,12,1150,10,0,2,4
106,360,21.600000,10000.000000,1,4,1236797562,1150,12,1150,10,0,2,4
106,360,21.600000,10000.000000,1,4,1236797568,1150,12,1150,10,0,2,4
106,360,21.600000,10000.000000,1,4,1236797574,1150,12,1150,10,0,2,4
106,360,21.600000,10000.000000,1,4,1236797579,1149,12,1149,10,0,2,4
106,360,21.600000,10000.000000,1,4,1236797585,1148,12,1148,10,0,2,4
106,360,21.600000,10000.000000,1,4,1236797590,1147,12,1147,10,0,2,4
106,360,21.600000,10000.000000,1,4,1236797595,1146,11,1146,9,0,2,4
106,360,21.600000,10000.000000,1,4,1236797601,1145,11,1145,9,0,2,4
106,360,21.600000,10000.000000,1,4,1236797607,1144,10,1144,8,0,2,4
106,360,21.600000,10000.000000,1,4,1236797612,1143,10,1143,8,0,2,4
106,360,21.600000,10000.000000,1,4,1236797618,1142,10,1142,8,0,2,4
106,360,21.600000,10000.000000,1,4,1236797624,1141,9,1141,7,0,2,4
106,360,21.600000,10000.000000,1,4,1236797629,1141,8,1141,6,0,2,4
106,360,21.600000,10000.000000,1,4,1236797635,1141,8,1141,6,0,2,4
106,360,21.600000,10000.000000,1,4,1236797641,1141,7,1141,5,0,2,4
106,360,21.600000,10000.000000,1,4,1236797646,1141,6,1141,4,0,2,4
106,360,21.600000,10000.000000,1,4,1236797652,1141,6,1141,4,0,2,4
106,360,21.600000,10000.000000,1,4,1236797657,1141,6,1141,4,0,2,4
106,360,21.600000,10000.000000,1,4,1236797663,1141,6,1141,4,0,2,4
106,360,21.600000,10000.000000,1,4,1236797668,1141,6,1141,4,0,2,4
106,360,21.600000,10000.000000,1,4,1236797673,1141,6,1141,4,0,2,4
106,360,21.600000,10000.000000,1,4,1236797679,1141,6,1141,4,0,2,4
106,360,21.600000,10000.000000,1,4,1236797685,1141,6,1141,4,0,2,4
106,360,21.600000,10000.000000,1,4,1236797690,1141,6,1141,4,0,2,4
106,360,21.600000,10000.000000,1,4,1236797696,1141,6,1141,4,0,2,4
106,360,21.600000,10000.000000,1,4,1236797702,1141,6,1141,4,0,2,4
106,360,21.600000,10000.000000,1,4,1236797708,1141,6,1141,4,0,2,4
106,360,21.600000,10000.000000,1,4,1236797714,1141,6,1141,4,0,2,4
106,360,21.600000,10000.000000,1,4,1236797719,1141,6,1141,4,0,2,4
106,360,21.600000,10000.000000,1,4,1236797725,1141,6,1141,4,0,2,4
106,360,21.600000,10000.000000,1,4,1236797730,1141,5,1141,3,0,2,4
106,360,21.600000,10000.000000,1,4,1236797750,1141,5,1141,3,0,2,4
