106,720,21.600000,0.000000,1,4,1236895001,606,7,606,7,1,12,1
106,720,21.600000,0.000000,1,4,1236895003,606,7,606,7,1,12,1
106,720,21.600000,0.000000,1,4,1236895008,606,7,606,7,1,12,1
106,720,21.600000,0.000000,1,4,1236895014,606,7,606,7,1,12,1
106,720,21.600000,0.000000,1,4,1236895019,606,6,606,6,1,12,1
106,720,21.600000,0.000000,1,4,1236895025,606,5,606,5,1,12,1
106,720,21.600000,0.000000,1,4,1236895030,606,4,606,4,1,12,1
106,720,21.600000,0.000000,1,4,1236895036,606,4,606,4,1,12,1
106,720,21.600000,0.000000,1,4,1236895041,606,4,606,4,1,12,1
106,720,21.600000,0.000000,1,4,1236895047,606,4,606,4,1,12,1
106,720,21.600000,0.000000,1,4,1236895052,607,4,607,4,1,12,1
106,720,21.600000,0.000000,1,4,1236895058,608,4,608,4,1,12,1
106,720,21.600000,0.000000,1,4,1236895064,609,5,609,5,1,12,1
106,720,21.600000,0.000000,1,4,1236895069,612,7,612,7,1,12,1
106,720,21.600000,0.000000,1,4,1236895074,615,10,615,10,1,12,1
106,720,21.600000,0.000000,1,4,1236895081,621,13,621,13,1,12,1
106,720,21.600000,0.000000,1,4,1236895086,629,17,629,17,1,12,1
106,720,21.600000,0.000000,1,4,1236895093,641,22,641,22,1,12,1
106,720,21.600000,0.000000,1,4,1236895098,658,28,658,28,1,12,1
106,720,21.600000,0.000000,1,4,1236895104,679,34,679,34,1,12,1
106,720,21.600000,0.000000,1,4,1236895110,704,39,704,39,1,12,1
106,720,21.600000,0.000000,1,4,1236895115,731,44,731,44,1,12,1
106,720,21.600000,0.000000,1,4,1236895121,765,48,765,48,1,12,1
106,720,21.600000,0.000000,1,4,1236895126,800,51,800,51,1,12,1
106,720,21.600000,0.000000,1,4,1236895132,828,54,828,54,1,12,1
106,720,21.600000,0.000000,1,4,1236895137,871,57,871,57,1,12,1
106,720,21.600000,0.000000,1,4,1236895143,904,59,904,59,1,12,1
106,720,21.600000,0.000000,1,4,1236895149,946,60,946,60,1,12,1
106,720,21.600000,0.000000,1,4,1236895154,997,60,997,60,1,12,1
106,720,21.600000,0.000000,1,4,1236895160,1046,60,1046,60,1,12,1
106,720,21.600000,0.000000,1,4,1236895166,1096,59,1096,59,1,12,1
106,720,21.600000,0.000000,1,4,1236895171,1143,57,1143,57,1,12,1
106,720,21.600000,0.000000,1,4,1236895177,1194,55,1194,55,1,12,1
106,720,21.600000,0.000000,1,4,1236895183,1232,53,1232,53,1,12,1
106,720,21.600000,0.000000,1,4,1236895188,1260,51,1260,51,1,12,1
106,720,21.600000,0.000000,1,4,1236895193,1285,48,1285,48,1,12,1
106,720,21.600000,0.000000,1,4,1236895199,1302,46,1302,46,1,12,1
106,720,21.600000,0.000000,1,4,1236895205,1317,44,1317,44,1,12,1
106,720,21.600000,0.000000,1,4,1236895211,1330,42,1330,42,1,12,1
106,720,21.600000,0.000000,1,4,1236895217,1339,40,1339,40,1,12,1
106,720,21.600000,0.000000,1,4,1236895222,1346,38,1346,38,1,12,1
106,720,21.600000,0.000000,1,4,1236895228,1351,36,1351,36,1,12,1
106,720,21.600000,0.000000,1,4,1236895234,1354,34,1354,34,1,12,1
106,720,21.600000,0.000000,1,4,1236895239,1354,33,1354,33,1,12,1
106,720,21.600000,0.000000,1,4,1236895245,1354,32,1354,32,1,12,1
106,720,21.600000,0.000000,1,4,1236895250,1354,32,1354,32,1,12,1
106,720,21.600000,0.000000,1,4,1236895255,1353,31,1353,31,1,12,1
106,720,21.600000,0.000000,1,4,1236895261,1352,30,1352,30,1,12,1
106,720,21.600000,0.000000,1,4,1236895267,1351,29,1351,29,1,12,1
106,720,21.600000,0.000000,1,4,1236895272,1350,29,1350,29,1,12,1
106,720,21.600000,0.000000,1,4,1236895278,1349,29,1349,29,1,12,1
106,720,21.600000,0.000000,1,4,1236895283,1349,29,1349,29,1,12,1
106,720,21.600000,0.000000,1,4,1236895288,1349,29,1349,29,1,12,1
106,720,21.600000,0.000000,1,4,1236895294,1349,29,1349,29,1,12,1
106,720,21.600000,0.000000,1,4,1236895300,1349,29,1349,29,1,12,1
106,720,21.600000,0.000000,1,4,1236895305,1349,29,1349,29,1,12,1
106,720,21.600000,0.000000,1,4,1236895311,1349,29,1349,29,1,12,1
106,720,21.600000,0.000000,1,4,1236895316,1349,29,1349,29,1,12,1
106,720,21.600000,0.000000,1,4,1236895321,1349,29,1349,29,1,12,1
106,720,21.600000,0.000000,1,4,1236895327,1349,29,1349,29,1,12,1
106,720,21.600000,0.000000,1,4,1236895332,1349,29,1349,29,1,12,1
106,720,21.600000,0.000000,1,4,1236895338,1349,29,1349,29,1,12,1
106,720,21.600000,0.000000,1,4,1236895343,1349,29,1349,29,1,12,1
106,720,21.600000,0.000000,1,4,1236895349,1349,29,1349,29,1,12,1
106,720,21.600000,0.000000,1,4,1236895354,1349,29,1349,29,1,12,1
106,720,21.600000,0.000000,1,4,1236895360,1349,29,1349,29,1,12,1
106,720,21.600000,0.000000,1,4,1236895365,1349,28,1349,28,1,12,1
106,720,21.600000,0.000000,1,4,1236895371,1349,27,1349,27,1,12,1
106,720,21.600000,0.000000,1,4,1236895376,1350,26,1350,26,1,12,1
106,720,21.600000,0.000000,1,4,1236895381,1351,25,1351,25,1,12,1
106,720,21.600000,0.000000,1,4,1236895387,1352,24,1352,24,1,12,1
106,720,21.600000,0.000000,1,4,1236895392,1353,23,1353,23,1,12,1
106,720,21.600000,0.000000,1,4,1236895398,1353,23,1353,23,1,12,1
106,720,21.600000,0.000000,1,4,1236895404,1353,23,1353,23,1,12,1
106,720,21.600000,0.000000,1,4,1236895409,1353,23,1353,23,1,12,1
106,720,21.600000,0.000000,1,4,1236895415,1353,23,1353,23,1,12,1
106,720,21.600000,0.000000,1,4,1236895420,1353,23,1353,23,1,12,1
106,720,21.600000,0.000000,1,4,1236895426,1353,23,1353,23,1,12,1
106,720,21.600000,0.000000,1,4,1236895431,1352,23,1352,23,1,12,1
106,720,21.600000,0.000000,1,4,1236895437,1351,23,1351,23,1,12,1
106,720,21.600000,0.000000,1,4,1236895442,1350,23,1350,23,1,12,1
106,720,21.600000,0.000000,1,4,1236895447,1349,23,1349,23,1,12,1
106,720,21.600000,0.000000,1,4,1236895453,1348,23,1348,23,1,12,1
106,720,21.600000,0.000000,1,4,1236895458,1347,23,1347,23,1,12,1
106,720,21.600000,0.000000,1,4,1236895464,1346,23,1346,23,1,12,1
106,720,21.600000,0.000000,1,4,1236895470,1346,22,1346,22,1,12,1
106,720,21.600000,0.000000,1,4,1236895475,1345,21,1345,21,1,12,1
106,720,21.600000,0.000000,1,4,1236895481,1345,21,1345,21,1,12,1
106,720,21.600000,0.000000,1,4,1236895486,1345,20,1345,20,1,12,1
106,720,21.600000,0.000000,1,4,1236895492,1344,20,1344,20,1,12,1
106,720,21.600000,0.000000,1,4,1236895498,1342,20,1342,20,1,12,1
106,720,21.600000,0.000000,1,4,1236895503,1340,20,1340,20,1,12,1
106,720,21.600000,0.000000,1,4,1236895509,1339,20,1339,20,1,12,1
106,720,21.600000,0.000000,1,4,1236895514,1338,20,1338,20,1,12,1
106,720,21.600000,0.000000,1,4,1236895520,1337,20,1337,20,1,12,1
106,720,21.600000,0.000000,1,4,1236895525,1336,20,1336,20,1,12,1
106,720,21.600000,0.000000,1,4,1236895531,1335,20,1335,20,1,12,1
106,720,21.600000,0.000000,1,4,1236895536,1335,19,1335,19,1,12,1
106,720,21.600000,0.000000,1,4,1236895542,1335,18,1335,18,1,12,1
106,720,21.600000,0.000000,1,4,1236895547,1335,17,1335,17,1,12,1
106,720,21.600000,0.000000,1,4,1236895553,1334,17,1334,17,1,12,1
106,720,21.600000,0.000000,1,4,1236895558,1333,17,1333,17,1,12,1
106,720,21.600000,0.000000,1,4,1236895564,1333,16,1333,16,1,12,1
106,720,21.600000,0.000000,1,4,1236895569,1333,15,1333,15,1,12,1
106,720,21.600000,0.000000,1,4,1236895574,1332,14,1332,14,1,12,1
106,720,21.600000,0.000000,1,4,1236895580,1331,13,1331,13,1,12,1
106,720,21.600000,0.000000,1,4,1236895586,1331,12,1331,12,1,12,1
106,720,21.600000,0.000000,1,4,1236895591,1331,11,1331,11,1,12,1
106,720,21.600000,0.000000,1,4,1236895597,1331,10,1331,10,1,12,1
106,720,21.600000,0.000000,1,4,1236895602,1331,9,1331,9,1,12,1
106,720,21.600000,0.000000,1,4,1236895608,1331,8,1331,8,1,12,1
106,720,21.600000,0.000000,1,4,1236895614,1331,7,1331,7,1,12,1
106,720,21.600000,0.000000,1,4,1236895619,1331,7,1331,7,1,12,1
106,720,21.600000,0.000000,1,4,1236895625,1331,7,1331,7,1,12,1
106,720,21.600000,0.000000,1,4,1236895630,1331,7,1331,7,1,12,1
106,720,21.600000,0.000000,1,4,1236895636,1331,6,1331,6,1,12,1
106,720,21.600000,0.000000,1,4,1236895642,1331,5,1331,5,1,12,1
106,720,21.600000,0.000000,1,4,1236895648,1331,5,1331,5,1,12,1
106,720,21.600000,0.000000,1,4,1236895653,1331,5,1331,5,1,12,1
106,720,21.600000,0.000000,1,4,1236895659,1331,5,1331,5,1,12,1
106,720,21.600000,0.000000,1,4,1236895665,1331,5,1331,5,1,12,1
106,720,21.600000,0.000000,1,4,1236895670,1331,5,1331,5,1,12,1
106,720,21.600000,0.000000,1,4,1236895675,1331,5,1331,5,1,12,1
106,720,21.600000,0.000000,1,4,1236895681,1331,5,1331,5,1,12,1
106,720,21.600000,0.000000,1,4,1236895687,1331,5,1331,5,1,12,1
106,720,21.600000,0.000000,1,4,1236895692,1330,5,1330,5,1,12,1
106,720,21.600000,0.000000,1,4,1236895700,1330,5,1330,5,1,12,1
106,720,21.600000,0.000000,1,4,1236895705,1329,5,1329,5,1,12,1
106,720,21.600000,0.000000,1,4,1236895711,1328,5,1328,5,1,12,1
106,720,21.600000,0.000000,1,4,1236895716,1327,5,1327,5,1,12,1
106,720,21.600000,0.000000,1,4,1236895722,1326,5,1326,5,1,12,1
106,720,21.600000,0.000000,1,4,1236895727,1325,5,1325,5,1,12,1
106,720,21.600000,0.000000,1,4,1236895733,1325,5,1325,5,1,12,1
106,720,21.600000,0.000000,1,4,1236895738,1324,5,1324,5,1,12,1
106,720,21.600000,0.000000,1,4,1236895744,1323,5,1323,5,1,12,1
106,720,21.600000,0.000000,1,4,1236895749,1323,5,1323,5,1,12,1
106,720,21.600000,0.000000,1,4,1236895754,1323,5,1323,5,1,12,1
106,720,21.600000,0.000000,1,4,1236895760,1323,5,1323,5,1,12,1
106,720,21.600000,0.000000,1,4,1236895766,1323,5,1323,5,1,12,1
106,720,21.600000,0.000000,1,4,1236895771,1323,5,1323,5,1,12,1
106,720,21.600000,0.000000,1,4,1236895777,1323,5,1323,5,1,12,1
106,720,21.600000,0.000000,1,4,1236895782,1323,5,1323,5,1,12,1
106,720,21.600000,0.000000,1,4,1236895788,1323,5,1323,5,1,12,1
106,720,21.600000,0.000000,1,4,1236895794,1323,5,1323,5,1,12,1
106,720,21.600000,0.000000,1,4,1236895799,1323,5,1323,5,1,12,1
106,720,21.600000,0.000000,1,4,1236895805,1323,5,1323,5,1,12,1
106,720,21.600000,0.000000,1,4,1236895823,1323,5,1323,5,0,12,1
