106,360,21.600000,43.200000,1,4,1236834369,783,3,783,3,0,6,2
106,360,21.600000,43.200000,1,4,1236834370,783,3,783,3,0,6,2
106,360,21.600000,43.200000,1,4,1236834376,783,3,783,3,0,6,2
106,360,21.600000,43.200000,1,4,1236834381,783,3,783,3,0,6,2
106,360,21.600000,43.200000,1,4,1236834387,783,2,783,2,0,6,2
106,360,21.600000,43.200000,1,4,1236834392,783,1,783,1,0,6,2
106,360,21.600000,43.200000,1,4,1236834398,783,0,783,0,0,6,2
106,360,21.600000,43.200000,1,4,1236834404,783,0,783,0,0,6,2
106,360,21.600000,43.200000,1,4,1236834409,783,0,783,0,0,6,2
106,360,21.600000,43.200000,1,4,1236834415,783,0,783,0,0,6,2
106,360,21.600000,43.200000,1,4,1236834421,783,0,783,0,0,6,2
106,360,21.600000,43.200000,1,4,1236834426,783,0,783,0,0,6,2
106,360,21.600000,43.200000,1,4,1236834431,783,0,783,0,0,6,2
106,360,21.600000,43.200000,1,4,1236834437,783,0,783,0,0,6,2
106,360,21.600000,43.200000,1,4,1236834442,783,0,783,0,0,6,2
106,360,21.600000,43.200000,1,4,1236834448,783,0,783,0,0,6,2
106,360,21.600000,43.200000,1,4,1236834454,784,0,784,0,0,6,2
106,360,21.600000,43.200000,1,4,1236834460,786,1,786,1,0,6,2
106,360,21.600000,43.200000,1,4,1236834466,790,4,790,4,0,6,2
106,360,21.600000,43.200000,1,4,1236834471,794,9,794,9,0,6,2
106,360,21.600000,43.200000,1,4,1236834477,801,15,801,15,0,6,2
106,360,21.600000,43.200000,1,4,1236834483,808,22,808,22,0,6,2
106,360,21.600000,43.200000,1,4,1236834488,816,28,816,28,0,6,2
106,360,21.600000,43.200000,1,4,1236834494,829,39,829,39,0,6,2
106,360,21.600000,43.200000,1,4,1236834499,840,47,840,47,0,6,2
106,360,21.600000,43.200000,1,4,1236834505,855,56,855,56,0,6,2
106,360,21.600000,43.200000,1,4,1236834511,867,62,867,62,0,6,2
106,360,21.600000,43.200000,1,4,1236834516,882,70,882,70,0,6,2
106,360,21.600000,43.200000,1,4,1236834522,897,76,897,76,0,6,2
106,360,21.600000,43.200000,1,4,1236834528,913,81,913,81,0,6,2
106,360,21.600000,43.200000,1,4,1236834533,930,84,930,84,0,6,2
106,360,21.600000,43.200000,1,4,1236834539,951,87,951,87,0,6,2
106,360,21.600000,43.200000,1,4,1236834544,977,88,977,88,0,6,2
106,360,21.600000,43.200000,1,4,1236834549,997,89,997,89,0,6,2
106,360,21.600000,43.200000,1,4,1236834555,1016,89,1016,89,0,6,2
106,360,21.600000,43.200000,1,4,1236834561,1033,88,1033,88,0,6,2
106,360,21.600000,43.200000,1,4,1236834567,1058,86,1058,86,0,6,2
106,360,21.600000,43.200000,1,4,1236834573,1083,83,1083,83,0,6,2
106,360,21.600000,43.200000,1,4,1236834579,1105,79,1105,79,0,6,2
106,360,21.600000,43.200000,1,4,1236834584,1126,74,1126,74,0,6,2
106,360,21.600000,43.200000,1,4,1236834590,1143,69,1143,69,0,6,2
106,360,21.600000,43.200000,1,4,1236834596,1155,65,1155,65,0,6,2
106,360,21.600000,43.200000,1,4,1236834601,1167,60,1167,60,0,6,2
106,360,21.600000,43.200000,1,4,1236834607,1177,55,1177,55,0,6,2
106,360,21.600000,43.200000,1,4,1236834612,1183,51,1183,51,0,6,2
106,360,21.600000,43.200000,1,4,1236834617,1186,47,1186,47,0,6,2
106,360,21.600000,43.200000,1,4,1236834623,1188,44,1188,44,0,6,2
106,360,21.600000,43.200000,1,4,1236834629,1189,42,1189,42,0,6,2
106,360,21.600000,43.200000,1,4,1236834635,1189,40,1189,40,0,6,2
106,360,21.600000,43.200000,1,4,1236834640,1189,38,1189,38,0,6,2
106,360,21.600000,43.200000,1,4,1236834646,1188,37,1188,37,0,6,2
106,360,21.600000,43.200000,1,4,1236834652,1186,36,1186,36,0,6,2
106,360,21.600000,43.200000,1,4,1236834657,1184,35,1184,35,0,6,2
106,360,21.600000,43.200000,1,4,1236834663,1182,35,1182,35,0,6,2
106,360,21.600000,43.200000,1,4,1236834669,1181,35,1181,35,0,6,2
106,360,21.600000,43.200000,1,4,1236834674,1180,35,1180,35,0,6,2
106,360,21.600000,43.200000,1,4,1236834680,1179,35,1179,35,0,6,2
106,360,21.600000,43.200000,1,4,1236834687,1179,35,1179,35,0,6,2
106,360,21.600000,43.200000,1,4,1236834692,1179,35,1179,35,0,6,2
106,360,21.600000,43.200000,1,4,1236834698,1179,35,1179,35,0,6,2
106,360,21.600000,43.200000,1,4,1236834704,1179,35,1179,35,0,6,2
106,360,21.600000,43.200000,1,4,1236834710,1179,35,1179,35,0,6,2
106,360,21.600000,43.200000,1,4,1236834715,1179,35,1179,35,0,6,2
106,360,21.600000,43.200000,1,4,1236834721,1178,35,1178,35,0,6,2
106,360,21.600000,43.200000,1,4,1236834726,1177,35,1177,35,0,6,2
106,360,21.600000,43.200000,1,4,1236834732,1177,34,1177,34,0,6,2
106,360,21.600000,43.200000,1,4,1236834737,1176,33,1176,33,0,6,2
106,360,21.600000,43.200000,1,4,1236834743,1175,33,1175,33,0,6,2
106,360,21.600000,43.200000,1,4,1236834748,1174,32,1174,32,0,6,2
106,360,21.600000,43.200000,1,4,1236834754,1174,32,1174,32,0,6,2
106,360,21.600000,43.200000,1,4,1236834759,1174,32,1174,32,0,6,2
106,360,21.600000,43.200000,1,4,1236834765,1174,31,1174,31,0,6,2
106,360,21.600000,43.200000,1,4,1236834771,1174,31,1174,31,0,6,2
106,360,21.600000,43.200000,1,4,1236834776,1174,30,1174,30,0,6,2
106,360,21.600000,43.200000,1,4,1236834782,1173,29,1173,29,0,6,2
106,360,21.600000,43.200000,1,4,1236834787,1172,28,1172,28,0,6,2
106,360,21.600000,43.200000,1,4,1236834793,1171,27,1171,27,0,6,2
106,360,21.600000,43.200000,1,4,1236834798,1171,26,1171,26,0,6,2
106,360,21.600000,43.200000,1,4,1236834804,1171,25,1171,25,0,6,2
106,360,21.600000,43.200000,1,4,1236834809,1170,24,1170,24,0,6,2
106,360,21.600000,43.200000,1,4,1236834815,1169,24,1169,24,0,6,2
106,360,21.600000,43.200000,1,4,1236834821,1168,23,1168,23,0,6,2
106,360,21.600000,43.200000,1,4,1236834827,1166,22,1166,22,0,6,2
106,360,21.600000,43.200000,1,4,1236834833,1163,21,1163,21,0,6,2
106,360,21.600000,43.200000,1,4,1236834839,1160,21,1160,21,0,6,2
106,360,21.600000,43.200000,1,4,1236834845,1157,21,1157,21,0,6,2
106,360,21.600000,43.200000,1,4,1236834851,1151,20,1151,20,0,6,2
106,360,21.600000,43.200000,1,4,1236834856,1145,20,1145,20,0,6,2
106,360,21.600000,43.200000,1,4,1236834862,1140,20,1140,20,0,6,2
106,360,21.600000,43.200000,1,4,1236834867,1134,20,1134,20,0,6,2
106,360,21.600000,43.200000,1,4,1236834873,1129,19,1129,19,0,6,2
106,360,21.600000,43.200000,1,4,1236834879,1125,18,1125,18,0,6,2
106,360,21.600000,43.200000,1,4,1236834885,1123,18,1123,18,0,6,2
106,360,21.600000,43.200000,1,4,1236834890,1121,18,1121,18,0,6,2
106,360,21.600000,43.200000,1,4,1236834896,1121,17,1121,17,0,6,2
106,360,21.600000,43.200000,1,4,1236834902,1121,17,1121,17,0,6,2
106,360,21.600000,43.200000,1,4,1236834907,1121,17,1121,17,0,6,2
106,360,21.600000,43.200000,1,4,1236834913,1121,17,1121,17,0,6,2
106,360,21.600000,43.200000,1,4,1236834918,1121,17,1121,17,0,6,2
106,360,21.600000,43.200000,1,4,1236834923,1121,17,1121,17,0,6,2
106,360,21.600000,43.200000,1,4,1236834929,1121,16,1121,16,0,6,2
106,360,21.600000,43.200000,1,4,1236834935,1122,15,1122,15,0,6,2
106,360,21.600000,43.200000,1,4,1236834941,1123,15,1123,15,0,6,2
106,360,21.600000,43.200000,1,4,1236834946,1124,14,1124,14,0,6,2
106,360,21.600000,43.200000,1,4,1236834955,1125,14,1125,14,0,6,2
106,360,21.600000,43.200000,1,4,1236834961,1126,13,1126,13,0,6,2
106,360,21.600000,43.200000,1,4,1236834966,1127,13,1127,13,0,6,2
106,360,21.600000,43.200000,1,4,1236834972,1127,12,1127,12,0,6,2
106,360,21.600000,43.200000,1,4,1236834978,1128,11,1128,11,0,6,2
106,360,21.600000,43.200000,1,4,1236834983,1128,11,1128,11,0,6,2
106,360,21.600000,43.200000,1,4,1236834988,1129,11,1129,11,0,6,2
106,360,21.600000,43.200000,1,4,1236834994,1130,11,1130,11,0,6,2
106,360,21.600000,43.200000,1,4,1236835000,1130,10,1130,10,0,6,2
106,360,21.600000,43.200000,1,4,1236835006,1131,10,1131,10,0,6,2
106,360,21.600000,43.200000,1,4,1236835012,1132,10,1132,10,0,6,2
106,360,21.600000,43.200000,1,4,1236835018,1133,10,1133,10,0,6,2
106,360,21.600000,43.200000,1,4,1236835023,1134,10,1134,10,0,6,2
106,360,21.600000,43.200000,1,4,1236835029,1135,10,1135,10,0,6,2
106,360,21.600000,43.200000,1,4,1236835034,1136,10,1136,10,0,6,2
106,360,21.600000,43.200000,1,4,1236835041,1137,9,1137,9,0,6,2
106,360,21.600000,43.200000,1,4,1236835046,1138,9,1138,9,0,6,2
106,360,21.600000,43.200000,1,4,1236835051,1138,9,1138,9,0,6,2
106,360,21.600000,43.200000,1,4,1236835057,1139,9,1139,9,0,6,2
106,360,21.600000,43.200000,1,4,1236835063,1140,9,1140,9,0,6,2
106,360,21.600000,43.200000,1,4,1236835068,1141,9,1141,9,0,6,2
106,360,21.600000,43.200000,1,4,1236835074,1142,9,1142,9,0,6,2
106,360,21.600000,43.200000,1,4,1236835080,1143,9,1143,9,0,6,2
106,360,21.600000,43.200000,1,4,1236835085,1143,9,1143,9,0,6,2
106,360,21.600000,43.200000,1,4,1236835091,1144,9,1144,9,0,6,2
106,360,21.600000,43.200000,1,4,1236835096,1145,9,1145,9,0,6,2
106,360,21.600000,43.200000,1,4,1236835102,1145,9,1145,9,0,6,2
106,360,21.600000,43.200000,1,4,1236835107,1146,9,1146,9,0,6,2
106,360,21.600000,43.200000,1,4,1236835112,1147,9,1147,9,0,6,2
106,360,21.600000,43.200000,1,4,1236835118,1147,9,1147,9,0,6,2
106,360,21.600000,43.200000,1,4,1236835123,1147,9,1147,9,0,6,2
106,360,21.600000,43.200000,1,4,1236835129,1147,9,1147,9,0,6,2
106,360,21.600000,43.200000,1,4,1236835134,1147,9,1147,9,0,6,2
106,360,21.600000,43.200000,1,4,1236835139,1147,9,1147,9,0,6,2
106,360,21.600000,43.200000,1,4,1236835145,1147,9,1147,9,0,6,2
106,360,21.600000,43.200000,1,4,1236835150,1147,9,1147,9,0,6,2
106,360,21.600000,43.200000,1,4,1236835156,1147,9,1147,9,0,6,2
106,360,21.600000,43.200000,1,4,1236835162,1147,9,1147,9,0,6,2
106,360,21.600000,43.200000,1,4,1236835167,1147,9,1147,9,0,6,2
106,360,21.600000,43.200000,1,4,1236835172,1147,9,1147,9,0,6,2
106,360,21.600000,43.200000,1,4,1236835178,1147,9,1147,9,0,6,2
106,360,21.600000,43.200000,1,4,1236835183,1147,9,1147,9,0,6,2
106,360,21.600000,43.200000,1,4,1236835189,1147,9,1147,9,0,6,2
106,360,21.600000,43.200000,1,4,1236835194,1147,9,1147,9,0,6,2
106,360,21.600000,43.200000,1,4,1236835200,1147,9,1147,9,0,6,2
106,360,21.600000,43.200000,1,4,1236835205,1147,9,1147,9,0,6,2
106,360,21.600000,43.200000,1,4,1236835210,1147,9,1147,9,0,6,2
106,360,21.600000,43.200000,1,4,1236835216,1147,9,1147,9,0,6,2
106,360,21.600000,43.200000,1,4,1236835221,1147,9,1147,9,0,6,2
106,360,21.600000,43.200000,1,4,1236835227,1147,9,1147,9,0,6,2
106,360,21.600000,43.200000,1,4,1236835232,1147,9,1147,9,0,6,2
106,360,21.600000,43.200000,1,4,1236835237,1147,9,1147,9,0,6,2
106,360,21.600000,43.200000,1,4,1236835243,1147,9,1147,9,0,6,2
106,360,21.600000,43.200000,1,4,1236835248,1147,9,1147,9,0,6,2
106,360,21.600000,43.200000,1,4,1236835254,1147,9,1147,9,0,6,2
106,360,21.600000,43.200000,1,4,1236835260,1146,9,1146,9,0,6,2
106,360,21.600000,43.200000,1,4,1236835265,1145,9,1145,9,0,6,2
106,360,21.600000,43.200000,1,4,1236835271,1144,9,1144,9,0,6,2
106,360,21.600000,43.200000,1,4,1236835277,1143,9,1143,9,0,6,2
106,360,21.600000,43.200000,1,4,1236835282,1142,10,1142,10,0,6,2
106,360,21.600000,43.200000,1,4,1236835288,1141,11,1141,11,0,6,2
106,360,21.600000,43.200000,1,4,1236835293,1140,11,1140,11,0,6,2
106,360,21.600000,43.200000,1,4,1236835298,1139,11,1139,11,0,6,2
106,360,21.600000,43.200000,1,4,1236835304,1139,11,1139,11,0,6,2
106,360,21.600000,43.200000,1,4,1236835309,1139,11,1139,11,0,6,2
106,360,21.600000,43.200000,1,4,1236835315,1139,11,1139,11,0,6,2
106,360,21.600000,43.200000,1,4,1236835320,1139,11,1139,11,0,6,2
106,360,21.600000,43.200000,1,4,1236835338,1139,11,1139,11,0,6,2
